# G_2, p = 1.5000 GPa (dir_15000.0_bar).
# D8R-only: 24 rings x 101 frames = 2424 samples.
# Column: per-D8R Delta [A]
1.478462
1.637349
1.478410
1.637330
1.478320
1.638325
1.478284
1.638309
1.480245
1.637931
1.480244
1.637895
1.480264
1.638195
1.480177
1.638216
1.476238
1.637473
1.476188
1.637412
1.476275
1.637602
1.476154
1.637614
1.575446
1.645745
1.527032
1.711821
1.438733
1.714866
1.535392
1.659951
1.403546
1.789193
1.395026
1.464162
1.590847
1.557472
1.358445
1.695830
1.451226
1.617286
1.633158
1.510319
1.312021
1.564836
1.409081
1.606644
1.477596
1.609086
1.512869
1.810162
1.442280
1.674895
1.501018
1.619642
1.379979
1.883624
1.510700
1.421192
1.507566
1.478919
1.263628
1.676564
1.325501
1.491576
1.616968
1.568557
1.239726
1.573122
1.469122
1.512664
1.419068
1.645580
1.451255
1.937210
1.524333
1.657424
1.564156
1.686098
1.339296
1.868839
1.604630
1.456879
1.469583
1.538308
1.232018
1.667760
1.267192
1.422409
1.548366
1.683821
1.225709
1.633247
1.469740
1.468717
1.483960
1.722008
1.396896
2.051148
1.489749
1.677213
1.728866
1.734478
1.291194
1.748813
1.609691
1.404838
1.595695
1.627137
1.267767
1.650952
1.272119
1.565351
1.637881
1.630867
1.260782
1.556833
1.362195
1.502455
1.515762
1.650404
1.414819
1.923940
1.366997
1.617776
1.686750
1.709634
1.404090
1.780404
1.666030
1.427447
1.643333
1.524502
1.340378
1.700272
1.288663
1.660670
1.849157
1.571954
1.189015
1.483679
1.378935
1.645678
1.448030
1.526177
1.368892
1.768255
1.320224
1.539585
1.579879
1.673661
1.433696
1.878718
1.735271
1.413398
1.498311
1.393988
1.371610
1.887943
1.253698
1.706766
1.840408
1.603442
1.108554
1.527799
1.480351
1.698257
1.446272
1.496623
1.270659
1.669110
1.383486
1.564784
1.770299
1.625681
1.285599
1.773232
1.649731
1.360295
1.404091
1.414793
1.375407
2.048277
1.176289
1.724089
1.673728
1.608661
1.137134
1.478794
1.472793
1.733771
1.454670
1.427353
1.256072
1.609548
1.396302
1.609717
1.987315
1.615894
1.072527
1.637010
1.587524
1.398128
1.437560
1.374494
1.381669
1.983517
1.065924
1.681284
1.693536
1.482177
1.284375
1.363425
1.417416
1.805358
1.301327
1.361791
1.289533
1.545028
1.286726
1.533371
1.879841
1.525812
0.957374
1.706548
1.673242
1.402865
1.513668
1.254084
1.377172
1.856815
0.968001
1.575454
1.734916
1.502040
1.394466
1.371872
1.356594
1.912594
1.234621
1.415581
1.315690
1.568950
1.207402
1.508573
1.656610
1.599010
1.065364
1.716806
1.668729
1.370017
1.535877
1.264963
1.357652
1.711568
1.056340
1.566031
1.656361
1.594514
1.321344
1.514799
1.328526
1.859119
1.317644
1.535992
1.262048
1.624946
1.241573
1.559363
1.639104
1.682489
1.262284
1.544310
1.493789
1.284706
1.424020
1.350615
1.401263
1.573595
1.175734
1.576302
1.568047
1.577753
1.273280
1.496688
1.393984
1.741663
1.294018
1.432082
1.277225
1.606864
1.240051
1.608322
1.675953
1.599609
1.401692
1.439728
1.338441
1.334643
1.270713
1.412811
1.433302
1.531165
1.185446
1.511960
1.584525
1.504184
1.463001
1.468029
1.495952
1.652458
1.140940
1.327469
1.373476
1.473439
1.192048
1.426489
1.485674
1.448001
1.329835
1.402353
1.322136
1.357073
1.234988
1.535852
1.317060
1.501435
1.202395
1.392143
1.584567
1.449672
1.577308
1.541694
1.485157
1.552154
1.041192
1.344475
1.406293
1.354697
1.148729
1.291722
1.312508
1.392122
1.226337
1.424145
1.317363
1.338539
1.264003
1.710417
1.188001
1.323265
1.336669
1.435136
1.506214
1.519848
1.604474
1.570631
1.493376
1.417099
0.990298
1.469506
1.350474
1.272976
1.181222
1.241129
1.134328
1.401053
1.174804
1.440379
1.240509
1.439720
1.247039
1.748633
1.148623
1.177074
1.407410
1.455841
1.381754
1.578564
1.504846
1.436106
1.502631
1.287075
1.020627
1.481167
1.323561
1.385610
1.215274
1.279129
0.893885
1.516709
1.212799
1.357970
1.227789
1.671012
1.106032
1.773476
1.241975
1.166552
1.451066
1.498706
1.343541
1.441346
1.496295
1.379950
1.401948
1.283661
1.143428
1.528262
1.330774
1.408215
1.268033
1.341866
0.709731
1.652763
1.285119
1.207791
1.253183
1.736566
1.055248
1.818538
1.316598
1.205318
1.426539
1.500477
1.213597
1.234664
1.496545
1.398862
1.270780
1.313725
1.194306
1.546939
1.314229
1.318377
1.350461
1.399999
0.679220
1.649232
1.384073
1.257866
1.220840
1.759465
1.041146
1.737034
1.328707
1.109138
1.440602
1.395124
1.014386
1.206872
1.406327
1.372199
1.262617
1.302684
1.166565
1.485299
1.311800
1.298960
1.344639
1.371448
0.764783
1.535666
1.494853
1.364200
1.122855
1.747893
1.050042
1.532509
1.268129
0.977985
1.386069
1.200178
0.891015
1.260178
1.217432
1.352207
1.299428
1.301875
1.159177
1.404566
1.307819
1.423603
1.289275
1.344259
0.782642
1.391111
1.506291
1.338122
0.989872
1.792912
0.984677
1.412647
1.222246
1.007026
1.410444
1.120391
0.868496
1.234498
1.066942
1.381298
1.248964
1.341826
1.258858
1.431593
1.285275
1.394119
1.321623
1.394983
0.774202
1.330093
1.379983
1.243908
0.909418
1.709000
0.972254
1.425006
1.229117
1.206798
1.385735
1.171984
0.824910
1.344324
1.106252
1.441457
1.075523
1.297344
1.263189
1.436156
1.204486
1.297953
1.298345
1.439809
0.778487
1.247032
1.223797
1.192249
0.925919
1.559168
1.102958
1.354927
1.245266
1.309988
1.297865
1.209008
0.825706
1.590729
1.212572
1.430497
0.938553
1.206334
1.174466
1.433832
1.074734
1.219910
1.282680
1.322266
0.829283
1.197682
1.182321
1.200660
0.900550
1.420453
1.211662
1.237072
1.215842
1.325453
1.258787
1.303236
0.864364
1.654115
1.160175
1.491994
0.848482
1.228646
1.147702
1.409606
0.948833
1.252433
1.210092
1.241277
0.889882
1.186753
1.210599
1.092288
0.863404
1.361673
1.269248
1.209083
1.109283
1.299914
1.348373
1.445624
0.907548
1.499330
0.937516
1.434769
0.712673
1.278841
1.263228
1.465190
0.901367
1.153592
1.195300
1.356180
1.014539
1.109485
1.195939
1.031387
0.951642
1.305917
1.354756
1.224093
1.057285
1.178816
1.428131
1.387167
0.855837
1.356900
0.857596
1.401966
0.633687
1.285875
1.208333
1.501584
0.922056
1.104759
1.257221
1.391035
1.190230
1.049636
1.105876
1.134918
1.114655
1.265135
1.360706
1.155317
1.026191
1.142443
1.359550
1.215163
0.698974
1.314693
0.952321
1.445365
0.692353
1.241907
1.156600
1.439934
0.946953
1.199410
1.270778
1.393182
1.365462
1.053928
1.030642
1.295014
1.212223
1.218348
1.356811
1.205209
0.984516
1.234716
1.212901
1.222407
0.707935
1.221381
1.038063
1.472433
0.798370
1.256246
1.142258
1.401460
1.054652
1.256060
1.249020
1.397395
1.405655
1.155294
1.005428
1.355342
1.140252
1.197025
1.315002
1.378652
0.923269
1.360849
1.121183
1.416297
0.888113
1.110870
0.929888
1.372237
0.754549
1.232961
1.280701
1.292175
1.127932
1.146508
1.162964
1.464719
1.336435
1.211926
0.920271
1.409723
1.065219
1.228139
1.274331
1.429565
0.891069
1.398265
1.059604
1.395007
1.025551
1.127431
0.879903
1.192624
0.713993
1.289565
1.277448
1.201560
1.133731
1.150040
1.145660
1.512399
1.245979
1.242442
0.889496
1.371122
1.133721
1.233918
1.154741
1.225402
0.912723
1.464233
1.104353
1.264386
0.997688
1.226312
0.931694
1.134262
0.829686
1.274488
1.182753
1.085355
1.071616
1.233931
1.227205
1.431452
1.209136
1.234614
0.950631
1.348741
1.079045
1.201899
1.110688
1.093083
1.057444
1.468413
1.140394
1.253152
1.012588
1.254456
1.040823
1.175484
0.988093
1.334267
1.111917
0.948833
1.035487
1.297143
1.233330
1.381310
1.227251
1.258823
1.082839
1.428467
0.920031
1.183887
1.088275
1.069064
1.158692
1.474731
1.105658
1.336327
1.210513
1.330354
1.151060
1.235472
1.071349
1.435065
1.102370
0.839969
1.067305
1.281486
0.992863
1.312385
1.246176
1.339099
1.174119
1.606906
0.892491
1.079977
1.040274
1.091773
1.210061
1.470714
0.995497
1.225759
1.378510
1.410731
1.244363
1.263945
1.162305
1.443453
1.096752
0.918800
1.098459
1.352622
0.833998
1.198724
1.222512
1.400669
1.220332
1.663634
1.049391
1.028389
0.993843
1.185389
1.117460
1.550328
0.944569
1.198628
1.293912
1.426443
1.204685
1.356772
1.325521
1.335395
1.075882
1.079297
1.087500
1.389034
0.878761
1.187468
1.114467
1.424249
1.217309
1.587953
1.162008
1.097778
1.071060
1.213920
1.121790
1.566951
0.862000
1.255841
1.172406
1.307765
1.150901
1.309848
1.421869
1.310170
1.022266
1.206276
1.135855
1.333144
0.952532
1.226075
1.075141
1.465135
1.215481
1.651467
1.146901
1.175539
1.138476
1.214482
1.208823
1.487268
0.844161
1.357953
1.286096
1.212662
1.161609
1.320962
1.462907
1.453226
1.010120
1.181933
1.179858
1.335706
0.846752
1.252766
1.049575
1.429727
1.164550
1.695942
1.079075
1.215572
1.128897
1.223930
1.274051
1.307252
0.873048
1.337193
1.344720
1.213748
1.230874
1.255467
1.451384
1.492897
1.056891
1.243849
1.202820
1.465334
0.762468
1.353770
1.056179
1.454635
1.134268
1.502733
1.122041
1.201475
1.137936
1.269764
1.210213
1.265259
0.992856
1.321398
1.229962
1.272144
1.224377
1.350296
1.508459
1.405930
1.197007
1.398384
1.247955
1.511986
0.912120
1.436401
1.076080
1.475771
1.105813
1.332010
1.271524
1.296704
1.125357
1.374193
1.134646
1.300766
1.057799
1.391434
1.204083
1.293095
1.142474
1.412373
1.500859
1.423922
1.246807
1.545121
1.307353
1.443974
1.088484
1.456230
1.191173
1.471032
1.143737
1.269082
1.372094
1.401148
1.105727
1.461513
1.126762
1.377188
1.102491
1.448235
1.389115
1.394517
1.173705
1.363289
1.532345
1.499438
1.249904
1.605494
1.400793
1.366675
1.162510
1.403995
1.225940
1.524473
1.095501
1.191142
1.364889
1.400433
1.031873
1.572046
1.182463
1.354057
1.113961
1.474510
1.564269
1.527474
1.280009
1.267899
1.549762
1.433757
1.202206
1.645465
1.457277
1.393649
1.264511
1.357034
1.229364
1.529012
1.048238
1.135894
1.298868
1.438930
1.001186
1.555831
1.241982
1.421832
1.094777
1.471393
1.595014
1.661897
1.351595
1.286548
1.522007
1.367156
1.067181
1.700985
1.444690
1.467379
1.412833
1.321457
1.213620
1.509355
0.951629
1.166931
1.272963
1.602398
1.110371
1.464564
1.322319
1.496417
1.067179
1.447857
1.567475
1.593942
1.347899
1.375032
1.358047
1.438045
1.043011
1.665199
1.446543
1.521531
1.433199
1.377374
1.347365
1.447205
0.909838
1.169410
1.362506
1.662678
1.215256
1.498312
1.310544
1.513335
1.101425
1.418985
1.541837
1.513139
1.358727
1.404785
1.125722
1.581852
1.127655
1.565707
1.490717
1.470031
1.501187
1.405877
1.516220
1.386178
0.956317
1.107408
1.487803
1.688918
1.267453
1.690582
1.341562
1.567089
1.240007
1.450242
1.315176
1.575147
1.400837
1.447116
1.085307
1.578302
1.227835
1.575473
1.412575
1.403774
1.679442
1.401971
1.577547
1.428846
1.141164
1.216824
1.493018
1.789961
1.356062
1.805788
1.351316
1.661632
1.313161
1.456635
1.196321
1.573176
1.430240
1.604625
1.168941
1.500439
1.293785
1.620807
1.285767
1.358610
1.677737
1.358885
1.642820
1.489014
1.273343
1.435124
1.520831
1.792649
1.452185
1.789425
1.312192
1.689772
1.293121
1.475941
1.335299
1.432221
1.391218
1.710559
1.181701
1.499301
1.312908
1.642183
1.237539
1.351088
1.437590
1.332688
1.766478
1.413990
1.294417
1.539774
1.525839
1.712625
1.529636
1.649130
1.231739
1.627902
1.374278
1.558323
1.502152
1.348261
1.397565
1.564136
1.082769
1.471658
1.186561
1.637510
1.293121
1.370493
1.272115
1.448459
1.698430
1.369368
1.241098
1.545889
1.666009
1.717441
1.557692
1.610256
1.202447
1.556640
1.493919
1.799039
1.316974
1.361311
1.509459
1.447230
1.123481
1.485509
1.118830
1.601321
1.391048
1.430316
1.281100
1.555250
1.480898
1.397019
1.292928
1.518190
1.697601
1.746681
1.655964
1.538151
1.245661
1.568625
1.536086
1.866759
1.170486
1.469285
1.556252
1.488399
1.259125
1.440810
1.241920
1.501809
1.490933
1.561368
1.332742
1.584802
1.353957
1.465305
1.472367
1.516257
1.631559
1.667744
1.789500
1.547609
1.307448
1.572343
1.610884
1.899377
1.260280
1.613035
1.493567
1.549313
1.243035
1.561607
1.439980
1.425447
1.517391
1.702740
1.423603
1.780073
1.342143
1.432613
1.575614
1.500270
1.458402
1.599112
1.754487
1.520197
1.335817
1.569653
1.700217
1.847918
1.340760
1.674664
1.450894
1.552218
1.103822
1.685859
1.471490
1.443862
1.417956
1.648727
1.491165
1.952378
1.324438
1.432152
1.672097
1.504018
1.445852
1.619250
1.663613
1.386079
1.320361
1.603729
1.697795
1.704022
1.290020
1.589920
1.507699
1.616537
1.189245
1.735457
1.544487
1.478100
1.309751
1.622891
1.490417
1.963528
1.295309
1.475228
1.668263
1.566110
1.508181
1.553218
1.575963
1.294440
1.318670
1.717640
1.598231
1.552742
1.321554
1.499392
1.627805
1.662095
1.384960
1.642443
1.624932
1.521886
1.238036
1.597765
1.402916
1.972694
1.257652
1.533979
1.609716
1.663912
1.534159
1.378196
1.518497
1.349909
1.348178
1.690638
1.502678
1.509992
1.360050
1.537611
1.645995
1.608169
1.443526
1.632733
1.551934
1.622945
1.213966
1.524577
1.428318
2.058986
1.256743
1.602056
1.567312
1.756789
1.448899
1.400446
1.445081
1.418330
1.435738
1.551340
1.444962
1.593850
1.307176
1.641673
1.613928
1.553687
1.430797
1.763996
1.525267
1.731658
1.142885
1.440814
1.396891
1.897377
1.263118
1.673962
1.544979
1.911695
1.373778
1.559765
1.388502
1.496681
1.525952
1.499304
1.434627
1.645031
1.184961
1.686374
1.528222
1.615230
1.504781
1.785598
1.745411
1.766163
1.147107
1.470310
1.269201
1.623658
1.315430
1.688869
1.510119
1.901861
1.402518
1.575685
1.392733
1.532529
1.536785
1.624143
1.573516
1.565114
1.168334
1.725324
1.369140
1.650769
1.548153
1.613735
1.833239
1.695876
1.184545
1.498492
1.237781
1.425967
1.275059
1.643799
1.492498
1.764341
1.448445
1.506756
1.432713
1.611038
1.530157
1.639459
1.644680
1.562976
1.192081
1.792985
1.332623
1.510365
1.488079
1.600897
1.718234
1.654796
1.262746
1.482370
1.351105
1.358110
1.261132
1.690496
1.495307
1.630932
1.373372
1.629507
1.470180
1.723986
1.565161
1.545904
1.582888
1.563364
1.210983
1.676003
1.493209
1.507199
1.540967
1.703054
1.638528
1.624645
1.337546
1.555543
1.372127
1.258462
1.302797
1.767016
1.610582
1.615467
1.222469
1.611391
1.428088
1.754530
1.575901
1.462731
1.404168
1.517506
1.215409
1.494603
1.516166
1.578756
1.616477
1.637748
1.677202
1.588320
1.398856
1.618437
1.375030
1.163456
1.346084
1.751826
1.684816
1.652922
1.172446
1.489641
1.214001
1.752950
1.591194
1.447529
1.258066
1.489891
1.269906
1.507421
1.397113
1.615714
1.559779
1.546551
1.475314
1.532882
1.453247
1.562139
1.374927
1.167138
1.345331
1.640560
1.634276
1.667693
1.124989
1.466998
1.086187
1.723570
1.575216
1.377706
1.181997
1.528456
1.302966
1.539277
1.377885
1.668551
1.431134
1.511582
1.187858
1.581519
1.597756
1.599184
1.431317
1.211325
1.328351
1.606498
1.461107
1.578183
0.958626
1.479765
1.072750
1.664444
1.503833
1.386944
1.139359
1.528602
1.350368
1.582148
1.459995
1.710377
1.390398
1.508583
1.059056
1.599598
1.722781
1.682445
1.627059
1.204203
1.304773
1.526485
1.451172
1.545950
0.791824
1.357468
1.151312
1.500649
1.415002
1.473209
1.249865
1.463479
1.467478
1.760597
1.339549
1.640209
1.356807
1.454305
1.038327
1.559509
1.613923
1.644616
1.730632
1.338292
1.313496
1.447742
1.522547
1.521439
0.792779
1.211675
1.106791
1.475093
1.435354
1.440794
1.369972
1.394230
1.556871
1.831350
1.128401
1.463847
1.335524
1.387001
0.867183
1.493794
1.400791
1.634572
1.681951
1.360738
1.303452
1.481913
1.462643
1.487947
0.962131
1.279774
1.021161
1.564695
1.551801
1.334749
1.332039
1.379004
1.558002
1.701904
1.011646
1.431440
1.304665
1.361718
0.728842
1.544390
1.418380
1.641073
1.543539
1.316687
1.344600
1.594473
1.343685
1.424073
1.103710
1.459762
1.021385
1.670667
1.539861
1.339146
1.150646
1.429921
1.467662
1.530323
0.986251
1.440640
1.305539
1.337680
0.798971
1.583785
1.465923
1.636405
1.484310
1.460041
1.376783
1.647288
1.278388
1.407476
1.216700
1.523873
1.057814
1.598837
1.444917
1.361798
1.094891
1.479372
1.396359
1.511145
0.952798
1.441765
1.349241
1.337754
0.930136
1.591078
1.300323
1.400572
1.479218
1.573447
1.388112
1.558008
1.302056
1.417492
1.337313
1.523836
1.102390
1.622497
1.424206
1.335433
1.119096
1.445411
1.331841
1.404443
0.870670
1.396675
1.353283
1.430588
0.984313
1.590772
1.141159
1.257049
1.352250
1.462611
1.367096
1.437985
1.216253
1.280270
1.367320
1.689687
1.164557
1.585093
1.361156
1.423069
1.188961
1.307679
1.315712
1.273444
0.863555
1.313171
1.289685
1.540247
1.048358
1.527503
1.038259
1.369240
1.025685
1.418950
1.374104
1.354124
1.040609
1.088298
1.361318
1.740952
1.192370
1.494699
1.156682
1.474280
1.289672
1.231002
1.337197
1.330933
0.924559
1.257570
1.225351
1.521639
1.193660
1.415087
1.013807
1.433947
0.896162
1.519118
1.421690
1.333149
0.991140
1.030763
1.404906
1.665896
1.256243
1.366533
1.001697
1.483618
1.300509
1.227841
1.382091
1.509215
0.998114
1.298676
1.155316
1.448726
1.283785
1.361603
1.078606
1.425207
0.917885
1.535581
1.362642
1.327297
1.000714
1.103603
1.492758
1.580284
1.283664
1.335855
1.014143
1.454263
1.197958
1.218345
1.399367
1.412438
1.043860
1.344587
1.061404
1.402022
1.287029
1.365386
1.181258
1.456980
0.878045
1.479548
1.294207
1.239710
0.977198
1.114462
1.504672
1.549988
1.252991
1.290411
0.968361
1.498113
1.081507
1.288898
1.436091
1.273697
1.127818
1.354926
0.936992
1.416298
1.246819
1.268757
1.204723
1.353002
0.805381
1.504006
1.279938
1.089964
0.907867
1.094424
1.467995
1.520415
1.163186
1.211255
0.759013
1.545765
1.073355
1.448230
1.428305
1.277990
1.266669
1.375598
0.856385
1.401860
1.213106
1.168579
1.058719
1.191433
0.741824
1.612054
1.253148
1.015184
0.893874
1.209841
1.532926
1.416972
1.160865
1.271244
0.645364
1.474822
1.118934
1.468166
1.245126
1.299361
1.381335
1.440970
0.872003
1.323401
1.217685
1.047385
1.035928
1.136995
0.856400
1.480541
1.167264
1.034604
0.855381
1.387225
1.593721
1.282478
1.165877
1.221670
0.709518
1.445993
1.126044
1.378202
1.044351
1.232325
1.436846
1.460310
0.905056
1.238139
1.328778
1.061688
1.138693
1.141150
1.079469
1.401548
1.097802
1.156379
0.899389
1.449905
1.465558
1.210622
1.199274
1.108355
0.820821
1.436167
1.088551
1.289677
1.059778
1.170346
1.507602
1.461425
0.815634
1.300517
1.388912
1.030539
1.119764
1.228918
1.233943
1.447294
1.001964
1.255476
0.977831
1.431938
1.375109
1.221394
1.191814
1.014364
0.855731
1.447848
1.103266
1.400261
1.135952
1.140737
1.501251
1.414837
0.791235
1.483616
1.353416
1.075713
1.083656
1.272339
1.166775
1.373831
0.848374
1.252775
1.006778
1.412406
1.321355
1.250997
1.305301
1.035294
0.947794
1.445104
1.135725
1.521384
1.007517
1.101558
1.452985
1.349414
0.911796
1.560550
1.204022
1.132645
1.196445
1.397704
1.043115
1.231582
0.762591
1.250438
0.911941
1.449110
1.277560
1.218058
1.396009
1.063484
1.016720
1.407804
1.197307
1.594908
0.882067
1.064258
1.486918
1.204594
1.103081
1.496269
1.199000
1.166190
1.302294
1.479919
1.096150
1.267516
0.888571
1.290918
0.899945
1.469377
1.190548
1.137679
1.347567
1.113874
1.025677
1.345211
1.154135
1.591049
0.859232
1.173332
1.596073
1.130479
1.215361
1.374360
1.233952
1.234214
1.195320
1.440189
1.257030
1.398506
1.001082
1.297608
0.930052
1.522198
1.166598
1.171756
1.256440
1.184877
1.097515
1.262686
1.215679
1.526231
0.808426
1.320399
1.540984
1.135817
1.153142
1.277618
1.268558
1.284189
1.023040
1.385539
1.245834
1.371932
0.926042
1.337737
0.985282
1.540766
1.135061
1.091527
1.144347
1.320758
1.228770
1.283986
1.278005
1.430027
0.686514
1.384394
1.370530
1.286432
1.089318
1.250333
1.338810
1.326709
0.942863
1.380257
1.170336
1.348148
0.849761
1.471681
1.110431
1.563091
1.056325
1.025628
0.997084
1.390236
1.289271
1.357350
1.266792
1.389767
0.622300
1.354162
1.295364
1.443495
1.102037
1.249335
1.441072
1.406999
0.983675
1.383398
1.177225
1.287472
0.935060
1.604526
1.308688
1.558052
0.893195
1.083927
0.987998
1.501073
1.309314
1.256942
1.179745
1.357433
0.722638
1.252787
1.358588
1.425138
1.132482
1.346046
1.400409
1.567231
1.043094
1.362324
1.236200
1.168457
1.067516
1.601834
1.410228
1.537718
0.840304
1.203254
1.060771
1.595975
1.387645
1.176571
1.202963
1.257288
0.903174
1.134029
1.371270
1.280421
1.195203
1.360863
1.283119
1.659280
1.073417
1.375265
1.199830
1.029688
1.047973
1.576223
1.365082
1.461010
0.795991
1.234990
1.048616
1.589074
1.495133
1.211906
1.285489
1.150850
1.054429
1.185559
1.247824
1.245407
1.245016
1.205963
1.226954
1.559622
1.014127
1.389037
1.197821
1.149826
0.983714
1.629279
1.385094
1.442864
0.834851
1.286704
0.899894
1.611578
1.585089
1.254780
1.415830
1.208349
1.180936
1.257830
1.128370
1.298273
1.281096
1.152504
1.285844
1.436194
1.105737
1.437915
1.314132
1.279909
1.014977
1.595029
1.436181
1.360277
0.873919
1.410648
0.832869
1.687003
1.525128
1.234286
1.420223
1.308621
1.217254
1.331983
1.029626
1.313265
1.323905
1.303592
1.195041
1.464482
1.223493
1.550792
1.413064
1.274890
1.125797
1.507556
1.485104
1.195443
0.947643
1.480580
0.875171
1.728166
1.468325
1.164314
1.413341
1.334840
1.262936
1.393796
0.926065
1.374621
1.324531
1.337190
1.121945
1.479857
1.294905
1.637786
1.491827
1.286601
1.158666
1.418834
1.533000
1.123633
0.999481
1.496743
0.933845
1.648448
1.404723
1.189177
1.405095
1.366051
1.460507
1.580485
0.863294
1.461993
1.282436
1.296985
1.044823
1.527026
1.277411
1.629213
1.459063
1.401866
1.165363
1.373185
1.586335
1.131895
0.997462
1.510750
0.950125
1.576009
1.303817
1.280539
1.358957
1.400704
1.740411
1.730508
0.841217
1.491418
1.266189
1.387934
1.016676
1.461323
1.219836
1.585744
1.410622
1.495159
1.124608
1.287986
1.598166
1.217580
1.089136
1.603953
1.008130
1.512824
1.298489
1.313998
1.272519
1.368753
1.757607
1.780338
0.891466
1.507178
1.243701
1.542502
0.998486
1.441414
1.267847
1.562593
1.279534
1.431638
1.182559
1.252020
1.580098
1.359805
1.195163
1.672923
0.957240
1.486260
1.328300
1.282069
1.216510
1.289805
1.633172
1.795823
0.961924
1.561541
1.217775
1.429978
0.985622
1.468286
1.399205
1.522436
1.249646
1.493264
1.300095
1.385915
1.561762
1.525096
1.379205
1.764276
1.015396
1.569462
1.335065
1.284762
1.153895
1.308903
1.624613
1.845057
1.054621
1.685699
1.312132
1.401279
1.014287
1.481796
1.469244
1.380737
1.312959
1.582562
1.369251
1.484198
1.479625
1.508401
1.501241
1.785238
1.245071
1.737891
1.270919
1.433060
1.158465
1.364290
1.685484
1.773060
1.013543
1.738955
1.377861
1.490219
1.101883
1.477229
1.498304
1.231968
1.313168
1.605443
1.408901
1.420880
1.478255
1.367547
1.575975
1.797626
1.407678
1.775622
1.312302
1.645352
1.231242
1.478240
1.611540
1.651833
1.042635
1.639534
1.372988
1.608482
1.126280
1.579945
1.576673
1.267543
1.182250
1.619262
1.515742
1.351501
1.484850
1.442511
1.561786
1.708117
1.388262
1.595760
1.335743
1.739105
1.269660
1.443019
1.437015
1.601377
1.173680
1.524197
1.388602
1.643497
