# G_4, p = 0.1000 GPa (dir_1000.0_bar).
# 6MR distortion Gamma = (1/2)(max - min) over the three opposite-O diagonals.
# 32 rings x 101 frames = 3232 samples.
# Column: per-6MR Gamma [A]
0.001643
0.001457
0.001738
0.001587
0.001954
0.001566
0.001881
0.001612
0.002067
0.001705
0.002160
0.001687
0.001556
0.001623
0.001530
0.001449
0.001945
0.001499
0.001967
0.001763
0.001756
0.001583
0.001747
0.001584
0.002088
0.001720
0.002057
0.001497
0.001581
0.001581
0.001542
0.001579
0.131685
0.162266
0.064137
0.072476
0.088779
0.123490
0.166151
0.092528
0.074227
0.100909
0.135091
0.019023
0.071680
0.166775
0.102357
0.143187
0.227314
0.098851
0.118988
0.060251
0.060910
0.330894
0.060830
0.067590
0.091376
0.103849
0.068106
0.023027
0.107284
0.116464
0.089110
0.057825
0.373297
0.350799
0.254902
0.164388
0.139309
0.170516
0.338024
0.156934
0.062278
0.162340
0.223654
0.045116
0.155375
0.352295
0.169857
0.280479
0.369019
0.205478
0.366525
0.108482
0.090040
0.608054
0.101753
0.134065
0.076646
0.162218
0.102609
0.115744
0.224542
0.166791
0.132925
0.259102
0.531483
0.474597
0.433895
0.267858
0.190959
0.233714
0.433467
0.184270
0.172300
0.049448
0.150944
0.048634
0.209252
0.290767
0.234677
0.369504
0.390608
0.204653
0.555140
0.085695
0.015130
0.620275
0.176476
0.217874
0.078376
0.146013
0.104981
0.293391
0.277795
0.160559
0.118067
0.409057
0.556326
0.523944
0.418453
0.323715
0.259120
0.306609
0.448457
0.163317
0.270890
0.175369
0.060136
0.086135
0.209301
0.025031
0.360251
0.324703
0.407767
0.090074
0.539302
0.034977
0.125640
0.531911
0.225654
0.303733
0.075471
0.158259
0.127374
0.394304
0.276322
0.113617
0.205278
0.341847
0.452741
0.551334
0.282000
0.332209
0.273270
0.379694
0.423733
0.157804
0.327544
0.200184
0.094415
0.207005
0.168565
0.155200
0.469051
0.275963
0.364746
0.112186
0.418531
0.045166
0.172888
0.423478
0.202981
0.349069
0.059957
0.180398
0.064246
0.393313
0.289482
0.035598
0.261469
0.211796
0.243821
0.545516
0.197279
0.362820
0.270725
0.332795
0.290968
0.163179
0.347618
0.199157
0.094650
0.309592
0.169058
0.136524
0.417394
0.323578
0.266168
0.170924
0.339706
0.119495
0.149158
0.229628
0.133650
0.355391
0.165956
0.125457
0.091253
0.359632
0.194568
0.083709
0.245108
0.189042
0.010606
0.442641
0.190945
0.350298
0.245215
0.163716
0.082644
0.250353
0.328414
0.220228
0.103091
0.291761
0.230959
0.184049
0.299099
0.315273
0.277770
0.193902
0.273832
0.095364
0.120806
0.070919
0.163306
0.327718
0.329660
0.097196
0.173730
0.331193
0.090970
0.134930
0.199668
0.103891
0.171254
0.441662
0.279065
0.298033
0.182731
0.142082
0.115198
0.267797
0.275675
0.215055
0.119514
0.237962
0.237117
0.304750
0.191490
0.235024
0.326860
0.166394
0.260942
0.077121
0.085386
0.271473
0.307184
0.294391
0.336388
0.117527
0.171168
0.192634
0.080136
0.133496
0.152681
0.059959
0.204777
0.379674
0.251273
0.264038
0.144159
0.279167
0.162870
0.157099
0.253907
0.173012
0.129634
0.348866
0.214682
0.375317
0.078895
0.257505
0.357395
0.163730
0.199664
0.141506
0.036484
0.330551
0.387319
0.334464
0.285905
0.086522
0.141071
0.112658
0.116370
0.131646
0.081390
0.225837
0.192414
0.358873
0.172419
0.244952
0.143517
0.354518
0.158033
0.061995
0.290024
0.243467
0.063428
0.453237
0.200911
0.337285
0.018349
0.314993
0.420307
0.202439
0.246759
0.144384
0.019075
0.341563
0.371480
0.375056
0.268321
0.065004
0.139183
0.025540
0.151860
0.144324
0.045229
0.324317
0.183183
0.239022
0.195531
0.214020
0.094393
0.312017
0.238716
0.124124
0.218190
0.279530
0.216455
0.318608
0.161839
0.215192
0.068023
0.273731
0.351044
0.269997
0.319556
0.091590
0.030600
0.263150
0.254471
0.286448
0.317931
0.110093
0.180070
0.149556
0.216695
0.175295
0.006919
0.325821
0.189439
0.126480
0.284123
0.118549
0.077893
0.284580
0.313745
0.129479
0.106467
0.273385
0.271312
0.092660
0.258562
0.165502
0.144788
0.291571
0.228078
0.233055
0.278092
0.113264
0.040363
0.207822
0.056329
0.141331
0.294590
0.100210
0.140008
0.205641
0.184146
0.184384
0.162245
0.128973
0.187112
0.141147
0.234853
0.101307
0.260754
0.281933
0.320069
0.192067
0.148297
0.190429
0.189632
0.087225
0.300770
0.098880
0.148991
0.312175
0.159668
0.131684
0.172298
0.116808
0.135498
0.213687
0.163897
0.125652
0.182555
0.205274
0.138389
0.224539
0.029779
0.149366
0.285067
0.107244
0.279885
0.262029
0.093138
0.279865
0.308735
0.212769
0.259797
0.198671
0.318600
0.086317
0.051129
0.202752
0.356508
0.044180
0.111042
0.280472
0.102297
0.196202
0.208479
0.133957
0.223115
0.132236
0.332859
0.175970
0.110549
0.269780
0.223364
0.194930
0.117292
0.253873
0.262883
0.126548
0.345823
0.293434
0.084979
0.383708
0.249126
0.251513
0.190961
0.177871
0.391045
0.210599
0.142461
0.297141
0.346347
0.117351
0.019932
0.182150
0.019930
0.184303
0.208479
0.047378
0.249448
0.037596
0.413096
0.276668
0.232960
0.248482
0.275225
0.216989
0.223473
0.339010
0.162410
0.078453
0.342727
0.271010
0.116029
0.379007
0.195746
0.259298
0.071999
0.197070
0.344138
0.295632
0.323238
0.331614
0.243716
0.155090
0.128220
0.196391
0.110919
0.113211
0.143652
0.170503
0.288111
0.186371
0.392081
0.272302
0.228161
0.235218
0.251033
0.230713
0.256034
0.333600
0.122231
0.122124
0.264866
0.203397
0.069713
0.325036
0.133792
0.145793
0.055447
0.209364
0.258102
0.255340
0.373713
0.234632
0.070130
0.271755
0.201212
0.207633
0.178693
0.043872
0.168642
0.288446
0.210151
0.235042
0.344649
0.314155
0.172969
0.171601
0.206891
0.246457
0.242174
0.280018
0.151726
0.126224
0.248724
0.094079
0.073969
0.271520
0.094231
0.047295
0.092163
0.097980
0.166076
0.140460
0.216453
0.166318
0.080954
0.395489
0.244027
0.168383
0.147730
0.106926
0.309345
0.300456
0.123327
0.204955
0.312534
0.291620
0.151341
0.099240
0.157158
0.162536
0.093849
0.234508
0.154138
0.173848
0.212541
0.054846
0.199381
0.193506
0.169336
0.173552
0.178992
0.023826
0.076390
0.178570
0.103851
0.095709
0.156917
0.459739
0.258014
0.090935
0.143672
0.138813
0.255169
0.294124
0.147313
0.205028
0.265692
0.261859
0.160084
0.138323
0.142275
0.050003
0.105203
0.180101
0.266730
0.204434
0.170242
0.034563
0.265898
0.067820
0.155917
0.245718
0.214600
0.061501
0.093822
0.197588
0.184255
0.123595
0.278604
0.423993
0.224876
0.014416
0.113240
0.084195
0.187957
0.258182
0.199141
0.298904
0.181075
0.262143
0.259906
0.215463
0.120509
0.096500
0.168788
0.130325
0.241557
0.112672
0.197613
0.184741
0.196246
0.079269
0.159232
0.253705
0.211599
0.046466
0.074113
0.212021
0.220383
0.118320
0.294067
0.319801
0.152607
0.063096
0.082510
0.053137
0.169741
0.135008
0.195200
0.332798
0.220387
0.182187
0.324639
0.286348
0.086335
0.048823
0.185251
0.211896
0.151863
0.106897
0.307589
0.294846
0.116103
0.140912
0.234353
0.133925
0.153448
0.050831
0.079950
0.114158
0.306308
0.085045
0.141289
0.198162
0.109649
0.199899
0.071277
0.070837
0.193379
0.104133
0.112680
0.240727
0.317625
0.067521
0.303134
0.356586
0.113948
0.107475
0.198978
0.221504
0.158220
0.196798
0.337026
0.323657
0.072806
0.222544
0.173857
0.091011
0.088088
0.178613
0.137041
0.193658
0.366779
0.120719
0.158279
0.122537
0.078230
0.346228
0.244784
0.038835
0.250396
0.152986
0.139759
0.099156
0.388366
0.091343
0.250985
0.251107
0.144404
0.210648
0.143572
0.194045
0.211753
0.181765
0.307644
0.248515
0.053673
0.324715
0.038553
0.154147
0.069270
0.328266
0.169115
0.184188
0.309730
0.114802
0.153683
0.135952
0.173266
0.345624
0.422692
0.124919
0.264393
0.181997
0.267778
0.089562
0.428779
0.122297
0.211685
0.125642
0.091548
0.218786
0.118000
0.153146
0.218776
0.137245
0.362313
0.166706
0.185126
0.294782
0.134190
0.117823
0.155772
0.380205
0.161895
0.094633
0.279896
0.103606
0.036329
0.142437
0.353649
0.216081
0.442693
0.103966
0.223402
0.240545
0.316344
0.188112
0.385677
0.201915
0.194534
0.069509
0.027568
0.171806
0.221836
0.145719
0.099191
0.126822
0.364900
0.100431
0.278809
0.074895
0.249792
0.189304
0.223632
0.354840
0.107459
0.103817
0.237458
0.193540
0.040420
0.167987
0.378751
0.057680
0.320511
0.082557
0.223274
0.351816
0.249340
0.346887
0.242110
0.291998
0.178911
0.176080
0.144692
0.176965
0.280588
0.116427
0.091221
0.200966
0.214171
0.098392
0.351099
0.102185
0.346295
0.308482
0.196686
0.234770
0.045623
0.146403
0.176851
0.197481
0.053331
0.267559
0.293868
0.119779
0.225852
0.102535
0.136107
0.452389
0.127873
0.418331
0.076609
0.257990
0.201077
0.347922
0.289980
0.141948
0.304336
0.136652
0.154242
0.289636
0.107122
0.340369
0.366333
0.115245
0.356362
0.394820
0.160382
0.053953
0.117387
0.092430
0.120818
0.158813
0.094040
0.365263
0.114065
0.259920
0.166615
0.132767
0.164405
0.472750
0.077236
0.324029
0.146287
0.163114
0.140359
0.427241
0.284816
0.091703
0.261695
0.144749
0.170265
0.259832
0.154142
0.458096
0.344006
0.121658
0.227816
0.394424
0.113677
0.147603
0.169685
0.089438
0.143949
0.127894
0.132922
0.340457
0.059521
0.301872
0.042799
0.188451
0.180103
0.377559
0.121014
0.131310
0.175460
0.091335
0.089799
0.319150
0.176221
0.059142
0.154627
0.050424
0.138854
0.153091
0.253860
0.481379
0.335985
0.167173
0.069420
0.238297
0.062398
0.263844
0.123381
0.165168
0.335580
0.083228
0.066092
0.197936
0.161519
0.200410
0.209501
0.198277
0.114306
0.137014
0.171499
0.081270
0.179609
0.058290
0.199786
0.246743
0.098950
0.192500
0.106449
0.091923
0.211325
0.132384
0.272383
0.429654
0.189858
0.133866
0.101712
0.015683
0.038980
0.297201
0.072601
0.178056
0.457387
0.217268
0.093806
0.074333
0.281462
0.092420
0.406795
0.186113
0.098653
0.120119
0.150608
0.232939
0.220605
0.065970
0.186452
0.226896
0.200992
0.201762
0.051096
0.164006
0.303947
0.078298
0.235441
0.253800
0.232633
0.138694
0.190922
0.113953
0.047342
0.243644
0.145910
0.127176
0.432561
0.278627
0.181277
0.168245
0.280418
0.163099
0.448475
0.227261
0.249721
0.256573
0.096843
0.237480
0.246351
0.054902
0.188883
0.127523
0.237664
0.060167
0.204622
0.112715
0.293090
0.180622
0.252623
0.179058
0.382708
0.386697
0.163985
0.119808
0.078983
0.137850
0.173603
0.125571
0.264972
0.212133
0.229228
0.230183
0.181695
0.233426
0.294744
0.250183
0.275388
0.258535
0.035805
0.175361
0.216967
0.123605
0.139522
0.058098
0.236617
0.090833
0.299135
0.033894
0.273194
0.312106
0.274345
0.164277
0.495894
0.475740
0.133215
0.150937
0.097195
0.082340
0.158282
0.227893
0.139475
0.179398
0.247285
0.279786
0.165415
0.264110
0.132882
0.315720
0.202929
0.173131
0.089950
0.120396
0.169834
0.247610
0.117473
0.210484
0.289174
0.123065
0.347625
0.068991
0.320326
0.442785
0.295149
0.101796
0.497449
0.420735
0.169244
0.175510
0.069037
0.081458
0.139699
0.255029
0.086758
0.181279
0.216616
0.196011
0.155868
0.197678
0.138257
0.353435
0.122121
0.099931
0.060388
0.093445
0.085015
0.362484
0.058583
0.213949
0.266570
0.140101
0.293652
0.018258
0.305790
0.408651
0.195238
0.106148
0.507151
0.227820
0.249832
0.186506
0.045141
0.172400
0.143093
0.223966
0.183181
0.142842
0.231715
0.049119
0.067381
0.175859
0.163536
0.323608
0.181765
0.140150
0.057435
0.046033
0.106836
0.392484
0.095790
0.088580
0.114936
0.277500
0.174302
0.096087
0.120183
0.310326
0.071361
0.156420
0.483796
0.061096
0.320907
0.202501
0.086839
0.161326
0.096495
0.205194
0.323973
0.108999
0.345059
0.142467
0.094472
0.139091
0.213505
0.238544
0.172576
0.147539
0.143646
0.095083
0.168684
0.338618
0.176249
0.078799
0.183798
0.323891
0.099354
0.100810
0.131284
0.224106
0.110458
0.136956
0.408098
0.178032
0.298126
0.146209
0.055382
0.145972
0.127033
0.209240
0.309983
0.149080
0.295371
0.264284
0.029835
0.186455
0.255897
0.195066
0.091529
0.121533
0.201941
0.133912
0.122100
0.168056
0.214620
0.138203
0.227172
0.229489
0.177054
0.203769
0.185124
0.125079
0.230029
0.081148
0.434801
0.217416
0.196991
0.034739
0.064908
0.118622
0.235716
0.214708
0.234151
0.155641
0.178819
0.305071
0.099829
0.166354
0.205299
0.352223
0.194967
0.169399
0.175973
0.243279
0.043437
0.031384
0.324514
0.141710
0.119399
0.147158
0.188588
0.356672
0.214717
0.233334
0.216448
0.082768
0.388568
0.165972
0.247887
0.214397
0.130341
0.046908
0.220668
0.202737
0.165591
0.172433
0.125306
0.350947
0.149342
0.049428
0.183025
0.358313
0.247707
0.155634
0.163006
0.344959
0.102476
0.058608
0.415029
0.140430
0.122214
0.067470
0.143310
0.300603
0.209454
0.255632
0.158919
0.124378
0.468006
0.106398
0.401844
0.246993
0.169106
0.121658
0.133180
0.188613
0.127153
0.191034
0.125687
0.349349
0.091918
0.187815
0.261510
0.204029
0.134921
0.168903
0.214584
0.324470
0.197466
0.175832
0.384582
0.192260
0.268782
0.130758
0.156273
0.159268
0.213901
0.222050
0.232794
0.105277
0.403209
0.059935
0.439033
0.148202
0.247792
0.247021
0.061482
0.199247
0.146931
0.180950
0.170607
0.237615
0.187762
0.325685
0.261309
0.072432
0.123807
0.205439
0.206635
0.182545
0.178859
0.229764
0.172121
0.207291
0.282887
0.207816
0.156960
0.111752
0.203024
0.212540
0.295650
0.111268
0.394571
0.032007
0.340561
0.065132
0.245907
0.211695
0.046984
0.147085
0.118961
0.168699
0.172340
0.055730
0.286066
0.363453
0.240515
0.196373
0.199120
0.230672
0.088478
0.107145
0.141873
0.207434
0.106773
0.215634
0.288842
0.163865
0.105620
0.223931
0.183260
0.219323
0.271754
0.173698
0.346374
0.075934
0.166342
0.077144
0.253817
0.156374
0.106938
0.075696
0.039419
0.242120
0.152092
0.225270
0.330609
0.350593
0.252761
0.265066
0.180332
0.248854
0.145369
0.072885
0.171733
0.130274
0.301075
0.253219
0.214123
0.099052
0.266754
0.190534
0.125157
0.158064
0.244529
0.215428
0.252217
0.112969
0.066446
0.169251
0.266561
0.212647
0.173697
0.187697
0.054347
0.254581
0.127255
0.340061
0.330036
0.338205
0.161535
0.182283
0.049770
0.182886
0.209435
0.032435
0.142148
0.100888
0.327639
0.242924
0.149642
0.150963
0.308225
0.081233
0.202196
0.225699
0.184655
0.247528
0.081064
0.101627
0.113340
0.272714
0.162338
0.258477
0.161209
0.279417
0.070429
0.211711
0.218219
0.281449
0.142705
0.232436
0.017188
0.114897
0.043909
0.256647
0.247473
0.055024
0.223525
0.169835
0.248559
0.216073
0.117845
0.213903
0.309312
0.182740
0.308371
0.243705
0.133537
0.300385
0.045679
0.070082
0.151811
0.335105
0.129279
0.211713
0.085280
0.294995
0.087709
0.220022
0.276929
0.071160
0.113363
0.124070
0.146022
0.353222
0.042057
0.202372
0.312311
0.175323
0.314367
0.250317
0.174216
0.262840
0.173175
0.167046
0.255329
0.298022
0.380603
0.211126
0.176072
0.276199
0.020424
0.172155
0.184346
0.307114
0.299250
0.255601
0.054521
0.242796
0.120185
0.210912
0.203777
0.220309
0.216911
0.227265
0.254223
0.345263
0.124558
0.113052
0.361910
0.263991
0.252345
0.288116
0.059128
0.199296
0.277423
0.106022
0.209186
0.305276
0.302936
0.200257
0.219699
0.151547
0.040222
0.243287
0.267831
0.315538
0.322232
0.188321
0.092914
0.142483
0.035268
0.180916
0.094394
0.249126
0.205615
0.305463
0.264723
0.230385
0.157811
0.123874
0.270590
0.270150
0.170615
0.280327
0.099955
0.165777
0.382949
0.084407
0.150642
0.211548
0.072299
0.219893
0.269517
0.130815
0.107423
0.191026
0.220614
0.326419
0.281092
0.109386
0.122277
0.048998
0.229865
0.110864
0.061115
0.228945
0.105067
0.394873
0.172841
0.141284
0.082059
0.095026
0.118958
0.177031
0.151500
0.254231
0.232521
0.230038
0.395453
0.043127
0.165275
0.250561
0.183468
0.288199
0.244768
0.092249
0.160923
0.029463
0.223968
0.411308
0.287924
0.178531
0.164533
0.128196
0.340950
0.267301
0.045990
0.301248
0.099994
0.407401
0.108539
0.058869
0.076273
0.165064
0.032587
0.016341
0.056162
0.254579
0.291569
0.123046
0.308618
0.018222
0.254033
0.187030
0.356606
0.284910
0.263827
0.162896
0.211970
0.198138
0.322737
0.372870
0.277367
0.237726
0.109990
0.207610
0.242562
0.356965
0.152194
0.248078
0.094959
0.346025
0.181034
0.126861
0.216959
0.248517
0.038374
0.110151
0.146730
0.271038
0.252436
0.060500
0.201479
0.095599
0.300569
0.147338
0.380281
0.166072
0.351301
0.198702
0.183577
0.290203
0.420874
0.298388
0.223957
0.260466
0.069971
0.208172
0.139736
0.325636
0.147187
0.149213
0.085427
0.238724
0.250822
0.242140
0.255159
0.285003
0.060764
0.104124
0.232325
0.252427
0.152362
0.023722
0.103658
0.155368
0.182600
0.064068
0.295794
0.097915
0.424499
0.112654
0.074398
0.309102
0.351322
0.175842
0.222912
0.265214
0.246755
0.131090
0.156571
0.258865
0.059149
0.171251
0.177322
0.092872
0.257295
0.163264
0.235299
0.262824
0.170508
0.032725
0.279100
0.163240
0.071364
0.073064
0.276885
0.148607
0.059695
0.157113
0.224334
0.214495
0.342125
0.096284
0.078299
0.252029
0.204820
0.122962
0.183758
0.280888
0.316959
0.155739
0.195602
0.132208
0.119507
0.155943
0.135850
0.045536
0.170662
0.130880
0.123004
0.174070
0.242516
0.067938
0.313155
0.129719
0.242911
0.161965
0.379317
0.135639
0.018895
0.362386
0.109253
0.334938
0.350583
0.194509
0.027888
0.164722
0.083101
0.067186
0.203445
0.152903
0.350207
0.147808
0.233086
0.224799
0.140529
0.135777
0.099830
0.178776
0.028705
0.378832
0.064428
0.133332
0.250006
0.064312
0.239498
0.245062
0.393061
0.207039
0.280813
0.082739
0.033914
0.405772
0.143424
0.327909
0.235063
0.206148
0.158687
0.086823
0.231136
0.047989
0.447156
0.039366
0.343384
0.066446
0.223043
0.427846
0.068390
0.103467
0.114976
0.330406
0.203380
0.584059
0.155899
0.124198
0.216109
0.098691
0.120878
0.297108
0.430506
0.216964
0.272979
0.005072
0.098759
0.349978
0.378509
0.289176
0.149030
0.123691
0.177672
0.085634
0.299254
0.074123
0.547348
0.112455
0.304321
0.100823
0.114375
0.455591
0.066334
0.164346
0.153287
0.376649
0.310367
0.613522
0.116899
0.088006
0.132352
0.163311
0.129835
0.201656
0.368309
0.190922
0.272617
0.175255
0.102487
0.176636
0.426594
0.208809
0.259968
0.126221
0.061057
0.195712
0.175715
0.134829
0.508617
0.151475
0.217584
0.169009
0.132759
0.362315
0.096680
0.282324
0.180395
0.386278
0.286866
0.396827
0.064545
0.014812
0.100800
0.201548
0.144707
0.140890
0.272065
0.065098
0.206762
0.263259
0.060449
0.209177
0.350667
0.136081
0.353777
0.122261
0.075544
0.250679
0.103834
0.267873
0.343150
0.166424
0.080008
0.157353
0.178418
0.230582
0.150640
0.303994
0.152403
0.302701
0.222258
0.081447
0.105146
0.150623
0.101119
0.112706
0.087719
0.098893
0.135639
0.175319
0.101808
0.185007
0.054021
0.357797
0.255327
0.037258
0.252730
0.230289
0.161915
0.218132
0.053497
0.332806
0.240907
0.219848
0.136973
0.165677
0.171221
0.077459
0.237462
0.218359
0.137053
0.139431
0.169001
0.193295
0.223445
0.262321
0.032275
0.073175
0.104717
0.212145
0.141806
0.247382
0.261053
0.190982
0.149010
0.362169
0.142959
0.103175
0.099121
0.278734
0.198298
0.204506
0.107945
0.122524
0.272829
0.218821
0.300140
0.097316
0.170219
0.210813
0.268338
0.235946
0.122957
0.068398
0.191031
0.326047
0.226339
0.365694
0.095438
0.119434
0.281762
0.338618
0.272785
0.200733
0.309147
0.212342
0.209821
0.295627
0.097145
0.251402
0.114739
0.177237
0.136190
0.135649
0.205400
0.159444
0.318294
0.291445
0.312316
0.046731
0.100265
0.353930
0.214019
0.157413
0.150657
0.146884
0.243584
0.346891
0.157174
0.324291
0.216641
0.128931
0.243955
0.332199
0.310374
0.129493
0.245497
0.112449
0.149241
0.205695
0.170004
0.272626
0.210377
0.147103
0.052633
0.047715
0.127092
0.245660
0.296442
0.293718
0.165475
0.053874
0.079733
0.417930
0.169363
0.091003
0.244789
0.113091
0.305406
0.255534
0.113989
0.210097
0.348981
0.212455
0.199594
0.256019
0.306793
0.089438
0.193092
0.228653
0.023389
0.183385
0.272497
0.178461
0.313360
0.125735
0.104282
0.050826
0.086802
0.184554
0.320867
0.134422
0.135807
0.050452
0.051851
0.360641
0.131176
0.080731
0.289619
0.051440
0.318332
0.306317
0.193689
0.051078
0.440273
0.284036
0.154035
0.169610
0.360869
0.051756
0.176081
0.283108
0.129572
0.166215
0.371913
0.131956
0.248275
0.248622
0.169580
0.069534
0.289769
0.158216
0.302019
0.071015
0.191591
0.071817
0.054171
0.206659
0.037911
0.147327
0.279868
0.062960
0.207288
0.346951
0.266938
0.150213
0.360790
0.255208
0.075164
0.109449
0.358447
0.121161
0.110087
0.337287
0.170328
0.156225
0.307654
0.061275
0.134964
0.460052
0.148564
0.067769
0.342214
0.162532
0.195134
0.170659
0.234500
0.062626
0.105657
0.093161
0.097784
0.230011
0.235265
0.088776
0.038607
0.234786
0.270965
0.257046
0.249334
0.162875
0.044424
0.158568
0.275844
0.249037
0.062059
0.366386
0.105107
0.171209
0.122987
0.204771
0.130682
0.499520
0.127932
0.071881
0.270237
0.163910
0.166948
0.231635
0.257213
0.124652
0.143679
0.070267
0.103737
0.293193
0.329411
0.129587
0.128585
0.117332
0.170955
0.297931
0.160081
0.111293
0.086674
0.226006
0.263414
0.266502
0.118168
0.310570
0.062928
0.172897
0.031505
0.205077
0.196980
0.319179
0.120360
0.117337
0.215519
0.155464
0.279960
0.321668
0.219603
0.104798
0.110984
0.105205
0.126285
0.333142
0.346003
0.099703
0.208481
0.118165
0.057142
0.275928
0.247218
0.173503
0.090271
0.324802
0.177642
0.149320
0.122100
0.235498
0.133055
0.204136
0.069559
0.264632
0.266248
0.107960
0.282029
0.113312
0.208774
0.089841
0.305299
0.331805
0.121726
0.173537
0.046390
0.209196
0.252462
0.327192
0.205730
0.052303
0.219548
0.142991
0.091580
0.279146
0.282319
0.246781
0.098039
0.355289
0.006539
0.038930
0.144642
0.097822
0.091729
0.194471
0.083062
0.320628
0.260916
0.057960
0.354639
0.040055
0.297412
0.049029
0.261526
0.188954
0.068524
0.174880
0.075954
0.298715
0.337270
0.289698
0.086310
0.115739
0.214990
0.127990
0.256505
0.303470
0.265274
0.235835
0.174423
0.263035
0.193795
0.041227
0.172839
0.095717
0.122927
0.237642
0.156326
0.288756
0.294251
0.130315
0.196315
0.086175
0.407575
0.173501
0.188093
0.123359
0.135929
0.117561
0.124947
0.327765
0.299494
0.243919
0.212165
0.149691
0.182644
0.188434
0.402919
0.233093
0.283054
0.227186
0.211173
0.168813
0.318339
0.136225
0.231260
0.242976
0.221293
0.242690
0.207151
0.183511
0.376167
0.190087
0.066254
0.125715
0.416328
0.225299
0.081769
0.204152
0.156053
0.051575
0.181326
0.212344
0.177128
0.236177
0.402332
0.114805
0.085751
0.147610
0.387889
0.108359
0.379839
0.277048
0.205174
0.068385
0.319923
0.163612
0.281019
0.341841
0.262898
0.226479
0.151708
0.056152
0.389839
0.249051
0.138146
0.094309
0.307700
0.156487
0.037908
0.300838
0.149697
0.131529
0.223172
0.050283
0.095791
0.123314
0.475535
0.121821
0.092681
0.092977
0.179357
0.031571
0.497771
0.218615
0.189799
0.020945
0.259497
0.143862
0.206312
0.318963
0.325625
0.202213
0.139700
0.160123
0.290411
0.367616
0.183810
0.157899
0.278842
0.165443
0.128486
0.360388
0.253899
0.259818
0.134501
0.149790
0.151346
0.160278
0.478906
0.108576
0.220216
0.067243
0.060409
0.083274
0.488229
0.095819
0.152513
0.090727
0.141476
0.121418
0.153395
0.188416
0.245053
0.035321
0.113298
0.342806
0.118683
0.388036
0.185459
0.185753
0.226852
0.276567
0.198468
0.182520
0.360481
0.275860
0.144252
0.217155
0.191794
0.318236
0.450047
0.134228
0.250449
0.056363
0.072700
0.131926
0.327122
0.011689
0.064634
0.075006
0.044243
0.127138
0.152234
0.096647
0.163827
0.179128
0.093099
0.365522
0.093129
0.236961
0.142869
0.190810
0.244098
0.307316
0.226788
0.105804
0.315167
0.169150
0.189367
0.258196
0.167771
0.301566
0.373852
0.227131
0.192543
0.068745
0.130556
0.158418
0.270839
0.083907
0.115094
0.036406
0.092665
0.309382
0.184630
0.145753
0.234816
0.294388
0.185334
0.255829
0.243329
0.164355
0.080504
0.108498
0.449342
0.253067
0.128359
0.226335
0.324783
0.085288
0.160927
0.289527
0.146548
0.287371
0.258435
0.256304
0.152137
0.119480
0.072229
0.122912
0.289485
0.189852
0.216678
0.082387
0.138768
0.420411
0.239471
0.167832
0.240289
0.245443
0.290689
0.238450
0.287819
0.299419
0.060329
0.014845
0.563509
0.197123
0.084544
0.156668
0.331314
0.150885
0.165611
0.267177
0.076012
0.212997
0.065447
0.298922
0.124456
0.102914
0.100764
0.147698
0.262850
0.304266
0.306151
0.082864
0.116914
0.308858
0.274305
0.175944
0.332821
0.150623
0.379106
0.208578
0.365319
0.262846
0.073501
0.103905
0.471022
0.181345
0.035901
0.185416
0.196558
0.195684
0.174483
0.160298
0.073266
0.209809
0.114044
0.266819
0.088740
0.077282
0.223564
0.113218
0.200402
0.336430
0.283587
0.094469
0.025018
0.219614
0.220186
0.127530
0.350192
0.168432
0.327941
0.206448
0.314812
0.196756
0.157922
0.221547
0.337406
0.142100
0.022832
0.252334
0.202539
0.153658
0.078078
0.063238
0.177492
0.118861
0.229829
0.227924
0.059060
0.202812
0.212941
0.091488
0.146490
0.294674
0.141312
0.075861
0.183152
0.296960
0.129796
0.228727
0.219203
0.086628
0.186620
0.277154
0.234493
0.161416
0.209758
0.264981
0.192283
0.111752
0.040026
0.255086
0.294660
0.130614
0.095859
0.101059
0.184897
0.166653
0.338193
0.142429
0.029602
0.258178
0.092814
0.102148
0.156442
0.184049
0.053499
0.105956
0.231335
0.391819
0.093922
0.247963
0.079027
0.091421
0.010305
0.204534
0.169953
0.183114
0.203472
0.228349
0.023470
0.110442
0.054063
0.144389
0.302850
0.106501
0.183695
0.120075
0.114944
0.218729
0.330851
0.080701
0.103737
0.183669
0.048688
0.109407
0.130796
0.152486
0.092602
0.180480
0.166551
0.309188
0.241311
0.206049
0.050856
0.141795
0.131081
0.149596
0.076772
0.177683
0.123532
0.219804
0.130162
0.116210
0.110384
0.133025
0.315436
0.055319
0.222797
0.246299
0.108242
0.187472
0.226100
0.153349
0.139994
0.157790
0.043151
0.102761
0.186694
0.231211
0.089988
0.245563
0.161216
0.157261
0.264439
0.128912
0.053223
0.168589
0.218490
0.097604
0.035215
0.175372
0.057520
0.136369
0.213463
0.140500
0.202122
0.111724
0.242114
0.113334
0.201172
0.345284
0.123925
0.251404
0.098602
0.265553
0.191135
0.315207
0.025840
0.139275
0.237782
0.266826
0.083890
0.301518
0.128726
0.093579
0.321224
0.136709
0.025926
0.201983
0.283914
0.062587
0.030831
0.229377
0.047072
0.087795
0.254067
0.208948
0.270248
0.108522
0.196005
0.143674
0.139275
0.305526
0.181010
0.377908
0.044845
0.208363
0.180166
0.272556
0.032776
0.133260
0.299032
0.202624
0.124935
0.241927
0.047891
0.173068
0.351979
0.178956
0.043296
0.118182
0.290504
0.094209
0.079178
0.239077
0.041339
0.166111
0.230808
0.286359
0.241905
0.136234
0.199032
0.140198
0.203608
0.316855
0.175309
0.409065
0.135168
0.073981
0.070176
0.102840
0.088580
0.148449
0.294069
0.048010
0.122728
0.129434
0.020393
0.094403
0.296506
0.223562
0.184689
0.020281
0.188427
0.234004
0.098370
0.134336
0.055713
0.084439
0.172083
0.272657
0.157652
0.129316
0.152610
0.048232
0.217727
0.268132
0.143639
0.374424
0.214520
0.042002
0.154991
0.048965
0.187794
0.198710
0.239444
0.163869
0.164002
0.118007
0.099303
0.088387
0.222102
0.326525
0.250304
0.154127
0.033154
0.332301
0.034414
0.068563
0.050276
0.087849
0.143235
0.149728
0.064638
0.118323
0.074229
0.070498
0.193132
0.114799
0.236440
0.320683
0.228508
0.103446
0.238542
0.154005
0.251681
0.275970
0.123391
0.241846
0.227722
0.192448
0.123001
0.226975
0.233313
0.415377
0.266003
0.278751
0.124264
0.387079
0.136474
0.086466
0.052211
0.092619
0.165550
0.116992
0.114793
0.047681
0.048683
0.014347
0.115738
0.065228
0.360703
0.286069
0.198519
0.138283
0.200140
0.153188
0.296772
0.306274
0.041855
0.212514
0.195203
0.244102
0.154951
0.321528
0.148682
0.428507
0.247343
0.218412
0.274366
0.388747
0.266836
0.126385
0.083343
0.096289
0.142246
0.164883
0.155672
0.027378
0.006370
0.051041
0.018482
0.105669
0.327336
0.145788
0.150702
0.081681
0.151491
0.145074
0.315136
0.264502
0.188433
0.144280
0.110484
0.238168
0.229323
0.373457
0.070635
0.300740
0.172744
0.068674
0.329699
0.271700
0.254222
0.223709
0.159586
0.151150
0.077012
0.187623
0.132045
0.158652
0.103926
0.111650
0.055655
0.211294
0.238864
0.100424
0.189978
0.040572
0.089406
0.153860
0.311349
0.113958
0.220329
0.103504
0.022328
0.147524
0.331490
0.347990
0.131182
0.132977
0.082482
0.107578
0.294574
0.053677
0.151310
0.245167
0.301377
0.207038
0.121313
0.183639
0.113388
0.223726
0.158464
0.206963
0.105793
0.210171
0.169040
0.360048
0.149098
0.080654
0.057765
0.105150
0.262271
0.044535
0.204276
0.080034
0.075621
0.087517
0.307486
0.236648
0.108165
0.072186
0.237360
0.176427
0.196612
0.119591
0.197651
0.220344
0.321791
0.307967
0.178534
0.143777
0.102624
0.122848
0.141828
0.229355
0.178244
0.169414
0.191798
0.628598
0.094203
0.095309
0.145069
0.012403
0.305062
0.066997
0.222095
0.142501
0.085385
0.228911
0.224093
0.147317
0.064781
0.138112
0.293547
0.194071
0.039288
0.132886
0.234259
0.162087
0.178486
0.432365
0.107987
0.105113
0.181487
0.062749
0.193357
0.131193
0.257595
0.110368
0.124252
0.680248
0.145774
0.052193
0.143850
0.054779
0.302651
0.090635
0.155048
0.260451
0.036741
0.435446
0.147270
0.325558
0.023915
0.185417
0.326274
0.228942
0.185429
0.150642
0.313460
0.101120
0.168474
0.399024
0.038843
0.055963
0.228234
0.106731
0.280228
0.181372
0.228995
0.094182
0.073662
0.476947
0.240128
0.040092
0.110010
0.049804
0.294122
0.063754
0.039891
0.310074
0.031617
0.411249
0.121893
0.488075
0.130043
0.271888
0.337956
0.199938
0.304773
0.169117
0.348517
0.022179
0.263886
0.300400
0.011980
0.112422
0.224494
0.148470
0.215654
0.249821
0.262957
0.117408
0.281610
0.209964
0.325421
0.148926
0.083964
0.084620
0.231130
0.099113
0.142926
0.397968
0.069926
0.216902
0.130681
0.521356
0.157238
0.308448
0.308544
0.133431
0.325366
0.106549
0.267702
0.070932
0.239115
0.171792
0.058212
0.127457
0.244266
0.166870
0.043005
0.154727
0.356843
0.124864
0.403072
0.050963
0.289181
0.255090
0.095354
0.020994
0.189634
0.131178
0.255412
0.357211
0.058288
0.164612
0.092254
0.502438
0.040347
0.208918
0.212158
0.076340
0.243907
0.068664
0.131265
0.116976
0.173586
0.060819
0.063102
0.108180
0.246091
0.110037
0.173325
0.109471
0.424434
0.114900
0.350853
0.206171
0.148209
0.252664
0.168087
0.135859
0.182063
0.163620
0.250091
0.227626
0.045856
0.332504
0.089352
0.446959
0.139677
0.078176
0.077310
0.019152
0.139705
0.094589
0.028474
0.203099
0.135254
0.101780
0.117390
0.152671
0.152628
0.085058
0.231741
0.113339
0.380326
0.232890
0.260183
0.303736
0.140397
0.174233
0.219531
0.227375
0.223970
0.104423
0.213997
0.069237
0.031389
0.394459
0.088459
0.357249
0.157702
0.161177
0.117155
0.168092
0.069631
0.157078
