# G_4, p = 0.0000 GPa (dir_0.0_bar).
# 6MR distortion Gamma = (1/2)(max - min) over the three opposite-O diagonals.
# 32 rings x 101 frames = 3232 samples.
# Column: per-6MR Gamma [A]
0.003802
0.002716
0.003870
0.002747
0.001963
0.002235
0.001973
0.002347
0.002606
0.002562
0.002636
0.002312
0.003311
0.002564
0.003151
0.002490
0.002071
0.002339
0.001930
0.002217
0.003796
0.002711
0.003872
0.002643
0.002537
0.002393
0.002720
0.002507
0.003236
0.002510
0.003171
0.002677
0.135071
0.162230
0.064374
0.073345
0.089242
0.124235
0.163607
0.093131
0.077524
0.098088
0.138008
0.021437
0.074835
0.169784
0.105726
0.140699
0.227933
0.098698
0.121370
0.057831
0.064711
0.331510
0.064222
0.064538
0.088683
0.101231
0.070891
0.025415
0.106832
0.113570
0.086254
0.055020
0.375749
0.350114
0.254636
0.167004
0.139636
0.172685
0.335311
0.159053
0.064277
0.159422
0.226028
0.043344
0.158175
0.354771
0.172760
0.280914
0.369555
0.203465
0.368213
0.106009
0.093630
0.608801
0.104396
0.131602
0.074348
0.159971
0.104853
0.116175
0.221493
0.164262
0.130242
0.256747
0.532322
0.473703
0.432868
0.269239
0.192716
0.235039
0.430478
0.185741
0.171275
0.049270
0.152368
0.047188
0.210855
0.291787
0.236925
0.369269
0.390179
0.202884
0.555341
0.083545
0.017892
0.620320
0.177818
0.218300
0.075737
0.145273
0.106104
0.293421
0.275090
0.158935
0.118463
0.407130
0.555047
0.522751
0.416650
0.323133
0.259451
0.305677
0.445391
0.163052
0.270523
0.176246
0.060903
0.085790
0.209531
0.025320
0.361108
0.323438
0.406030
0.089444
0.537271
0.034985
0.124501
0.530858
0.225925
0.303672
0.073974
0.159299
0.127015
0.393505
0.274285
0.112794
0.204860
0.339936
0.448436
0.549429
0.278925
0.330155
0.272948
0.378416
0.420652
0.155763
0.326832
0.199243
0.094796
0.205963
0.168131
0.156857
0.467796
0.273980
0.362572
0.112847
0.413941
0.046309
0.173402
0.420729
0.201454
0.348069
0.060166
0.180695
0.063021
0.391511
0.288041
0.034832
0.259744
0.210366
0.237784
0.542568
0.196499
0.360162
0.269389
0.330728
0.289038
0.160680
0.345628
0.196199
0.094635
0.308583
0.170534
0.136206
0.414363
0.321587
0.266562
0.171013
0.333931
0.119611
0.148337
0.225777
0.130869
0.353824
0.165990
0.125082
0.092634
0.357310
0.194737
0.082348
0.241860
0.186461
0.012037
0.438290
0.193456
0.346607
0.247029
0.160260
0.081072
0.247412
0.324808
0.215928
0.099427
0.291263
0.232735
0.180908
0.294026
0.312382
0.275633
0.193362
0.266953
0.095199
0.122570
0.066390
0.159337
0.325465
0.328637
0.097001
0.174368
0.326470
0.090823
0.130952
0.195465
0.100873
0.176192
0.439668
0.281543
0.293497
0.184529
0.146619
0.116150
0.264087
0.271564
0.209848
0.116075
0.237478
0.238932
0.301273
0.185117
0.233740
0.325215
0.162856
0.257127
0.075061
0.088988
0.270772
0.306052
0.289613
0.333986
0.119617
0.171293
0.186583
0.080343
0.128197
0.147177
0.062542
0.209152
0.381503
0.253685
0.258304
0.146141
0.282890
0.164874
0.153037
0.248521
0.170361
0.124737
0.348886
0.216524
0.371546
0.070136
0.258747
0.353336
0.159981
0.194342
0.138472
0.039485
0.330520
0.385616
0.328700
0.282171
0.086072
0.140991
0.105979
0.116229
0.124739
0.075775
0.227975
0.196027
0.357655
0.172230
0.236556
0.137951
0.356035
0.158399
0.063367
0.283533
0.240524
0.064964
0.453647
0.200889
0.332167
0.021539
0.316507
0.420856
0.201421
0.251649
0.140756
0.018720
0.339364
0.368219
0.370558
0.263393
0.060579
0.139481
0.032773
0.155342
0.137025
0.038464
0.323248
0.185938
0.235434
0.192985
0.202935
0.086173
0.311039
0.241321
0.130046
0.211326
0.275076
0.221392
0.318015
0.164220
0.208158
0.071637
0.273141
0.349710
0.266739
0.328662
0.087536
0.028869
0.261210
0.248374
0.279466
0.314937
0.104904
0.178928
0.156032
0.220649
0.168988
0.005829
0.321617
0.190902
0.122147
0.280201
0.106434
0.086315
0.284106
0.310533
0.135308
0.099509
0.267401
0.274607
0.089361
0.260592
0.165162
0.144547
0.291149
0.223666
0.227455
0.282172
0.112284
0.039304
0.206820
0.048294
0.142575
0.289931
0.096872
0.137620
0.205636
0.186853
0.180588
0.164940
0.122511
0.188458
0.146995
0.230894
0.109492
0.266759
0.279913
0.316107
0.195941
0.156830
0.183443
0.191241
0.091492
0.301951
0.096996
0.146216
0.312360
0.152682
0.130440
0.170866
0.118019
0.135574
0.211994
0.172188
0.126652
0.176345
0.208321
0.137906
0.221910
0.030105
0.148389
0.284621
0.111224
0.279805
0.265103
0.090580
0.286372
0.310810
0.210227
0.259845
0.200733
0.325622
0.087549
0.050018
0.207111
0.356526
0.041058
0.100785
0.279865
0.093577
0.194443
0.204484
0.132669
0.223635
0.123552
0.338225
0.180920
0.110763
0.272374
0.222159
0.190414
0.117369
0.256864
0.261422
0.129035
0.344933
0.291780
0.083404
0.387027
0.247833
0.251802
0.187804
0.178661
0.393565
0.214432
0.145883
0.299386
0.342989
0.119218
0.015907
0.179732
0.012364
0.180733
0.202323
0.048715
0.249818
0.040402
0.413316
0.277494
0.240830
0.250157
0.273139
0.210608
0.223417
0.340314
0.159709
0.083315
0.338035
0.265377
0.113989
0.379834
0.192164
0.257134
0.065203
0.193400
0.340292
0.295690
0.325478
0.332367
0.238259
0.154293
0.134760
0.193591
0.115054
0.108560
0.137822
0.172403
0.285178
0.186784
0.389362
0.271019
0.233046
0.236538
0.247902
0.224513
0.254704
0.334467
0.117799
0.123880
0.261598
0.197120
0.066820
0.323346
0.129419
0.142916
0.061138
0.203437
0.249942
0.252525
0.370952
0.236048
0.063596
0.276188
0.205919
0.203785
0.178055
0.047881
0.169419
0.292187
0.203934
0.231210
0.340023
0.313589
0.177321
0.167909
0.202262
0.240234
0.240330
0.277988
0.149550
0.126540
0.241385
0.089016
0.074367
0.270856
0.095438
0.049083
0.097673
0.092502
0.155310
0.133607
0.209646
0.167069
0.086296
0.399749
0.246520
0.164771
0.143237
0.109141
0.307384
0.304647
0.119278
0.197240
0.305484
0.286666
0.154518
0.091408
0.150489
0.151443
0.093304
0.229951
0.158937
0.174255
0.216514
0.053435
0.197670
0.192938
0.174450
0.173731
0.183690
0.029816
0.078988
0.173083
0.105475
0.096199
0.157706
0.461879
0.257505
0.088190
0.136557
0.136856
0.249677
0.294195
0.151248
0.201973
0.254421
0.260689
0.162947
0.140087
0.140142
0.044342
0.103012
0.174272
0.273175
0.204164
0.172389
0.035681
0.259387
0.067904
0.160114
0.243241
0.219126
0.067847
0.102668
0.192612
0.190959
0.122335
0.280193
0.423296
0.221084
0.011961
0.110358
0.078444
0.183577
0.252977
0.198805
0.294162
0.175772
0.256872
0.262389
0.219211
0.116997
0.099225
0.165223
0.122551
0.245696
0.110389
0.202881
0.186931
0.183227
0.086596
0.161083
0.248895
0.210454
0.053624
0.079759
0.211830
0.224137
0.116122
0.294976
0.315047
0.144271
0.066550
0.078105
0.052631
0.170261
0.130448
0.190493
0.326923
0.229455
0.174899
0.321839
0.288891
0.087098
0.049790
0.181303
0.211861
0.154256
0.115944
0.307144
0.294055
0.099820
0.146382
0.232307
0.126705
0.150729
0.057031
0.081577
0.125881
0.306013
0.089046
0.138013
0.193383
0.102057
0.205181
0.083298
0.070382
0.189158
0.109146
0.107354
0.238112
0.329162
0.065370
0.302109
0.352358
0.108090
0.107435
0.195643
0.223408
0.160542
0.200112
0.332309
0.317225
0.052865
0.228581
0.169468
0.079535
0.083748
0.182455
0.137136
0.200633
0.360944
0.123668
0.154128
0.122513
0.062250
0.351433
0.256740
0.044233
0.247825
0.160987
0.146981
0.094132
0.392873
0.092490
0.244394
0.243116
0.132799
0.203626
0.138412
0.193232
0.211082
0.181254
0.296651
0.238345
0.066065
0.325188
0.045532
0.139063
0.074621
0.327514
0.165915
0.184010
0.304995
0.118053
0.149128
0.140021
0.175789
0.342975
0.430327
0.126421
0.263725
0.184657
0.271687
0.095973
0.425861
0.124098
0.219146
0.122567
0.079580
0.204380
0.119555
0.152411
0.214683
0.140319
0.345705
0.153212
0.197124
0.290094
0.145070
0.107705
0.165305
0.375454
0.157202
0.091905
0.272843
0.108727
0.030903
0.145822
0.352757
0.202928
0.443734
0.100012
0.220851
0.242019
0.316035
0.196840
0.375847
0.203365
0.195862
0.086440
0.026886
0.162886
0.219469
0.149041
0.097576
0.132186
0.341461
0.087150
0.285523
0.062381
0.258121
0.193089
0.229286
0.343086
0.102665
0.105586
0.226273
0.197156
0.042066
0.173332
0.380801
0.042994
0.314745
0.070036
0.214127
0.353039
0.246209
0.352704
0.231409
0.292236
0.175237
0.188716
0.144948
0.166664
0.284030
0.119921
0.097476
0.203686
0.188275
0.110849
0.349273
0.107892
0.346280
0.311437
0.199324
0.221260
0.040631
0.142432
0.160588
0.197131
0.045173
0.275680
0.290539
0.134425
0.212261
0.084784
0.127632
0.449816
0.124463
0.418247
0.070736
0.255770
0.193198
0.355315
0.289336
0.129126
0.302208
0.141641
0.160862
0.284637
0.105244
0.348095
0.354254
0.102893
0.351141
0.392889
0.154642
0.039321
0.112411
0.087201
0.115529
0.162540
0.086372
0.372427
0.109533
0.267830
0.150531
0.123641
0.156216
0.465985
0.079402
0.315992
0.157678
0.159479
0.129267
0.423175
0.276711
0.078431
0.253701
0.144002
0.176546
0.245080
0.165775
0.460334
0.335546
0.107542
0.220285
0.384572
0.106461
0.161666
0.162103
0.095798
0.162080
0.128601
0.132418
0.340306
0.067248
0.304078
0.048135
0.176947
0.172687
0.367535
0.127404
0.122334
0.187179
0.082213
0.093230
0.306081
0.165962
0.068530
0.144381
0.044264
0.145547
0.144598
0.256988
0.474922
0.322248
0.152300
0.068644
0.221652
0.058183
0.273651
0.113763
0.165574
0.346274
0.087464
0.054978
0.188978
0.167803
0.205876
0.223442
0.202984
0.109256
0.121932
0.174433
0.074200
0.191323
0.051241
0.198346
0.234549
0.103499
0.196897
0.097247
0.096561
0.217817
0.143522
0.268684
0.417886
0.189709
0.132790
0.109434
0.020681
0.043382
0.301058
0.072373
0.186466
0.456937
0.220501
0.111157
0.077524
0.285433
0.102372
0.418832
0.186206
0.098251
0.135422
0.154324
0.220426
0.227886
0.068031
0.190588
0.215694
0.205735
0.200619
0.053224
0.161829
0.305581
0.084932
0.223380
0.240342
0.253510
0.152328
0.201158
0.135577
0.054538
0.241998
0.150789
0.137030
0.423136
0.277746
0.193251
0.181526
0.281610
0.172100
0.453613
0.220208
0.249931
0.266318
0.095069
0.225113
0.246639
0.061300
0.187639
0.115765
0.242783
0.060035
0.213435
0.109063
0.289318
0.189774
0.238682
0.168200
0.391325
0.398712
0.178153
0.138645
0.088189
0.133272
0.170020
0.131925
0.251347
0.212102
0.229617
0.236583
0.178896
0.240174
0.286843
0.238498
0.273953
0.257749
0.040144
0.166752
0.212014
0.139998
0.141892
0.072760
0.241364
0.096829
0.301340
0.039508
0.268350
0.321038
0.253727
0.146977
0.496943
0.485443
0.142167
0.164726
0.104078
0.076311
0.143956
0.231432
0.137429
0.170581
0.240641
0.280758
0.163681
0.267021
0.126310
0.300731
0.195828
0.165340
0.092252
0.115296
0.159850
0.264443
0.115550
0.221227
0.296989
0.130998
0.344208
0.076701
0.317101
0.446011
0.292078
0.085905
0.492049
0.422453
0.171573
0.185017
0.068590
0.084432
0.121752
0.256689
0.092843
0.172282
0.208583
0.190775
0.150216
0.193023
0.146853
0.336820
0.118038
0.095633
0.057826
0.088317
0.077713
0.375657
0.055768
0.214763
0.267986
0.146665
0.287135
0.012676
0.302212
0.403579
0.190171
0.115229
0.507064
0.213796
0.244515
0.186674
0.038401
0.170159
0.135464
0.216089
0.202278
0.130065
0.230745
0.042315
0.069441
0.155181
0.167790
0.308589
0.175320
0.133206
0.061874
0.043873
0.117207
0.393128
0.098159
0.084503
0.105903
0.290788
0.162628
0.097011
0.114667
0.294725
0.068225
0.167751
0.472127
0.062345
0.316456
0.189585
0.080133
0.154034
0.097454
0.191707
0.340508
0.110383
0.343772
0.153773
0.100851
0.112187
0.215402
0.232497
0.163285
0.137637
0.149902
0.102212
0.168829
0.329185
0.182932
0.080216
0.176294
0.332395
0.095389
0.096596
0.129718
0.199707
0.121071
0.144214
0.385028
0.198884
0.292405
0.124501
0.055787
0.142169
0.137521
0.196133
0.316938
0.148036
0.285861
0.268527
0.030300
0.167161
0.252458
0.215033
0.084973
0.126673
0.202516
0.135693
0.115446
0.152968
0.214606
0.136797
0.214941
0.228391
0.178177
0.195436
0.192608
0.136101
0.244570
0.083692
0.436036
0.230766
0.190045
0.044707
0.070298
0.109915
0.234858
0.209345
0.232229
0.150461
0.178741
0.297492
0.112993
0.139405
0.195784
0.363261
0.192962
0.180335
0.171676
0.238004
0.045386
0.039486
0.323510
0.131799
0.102818
0.138093
0.190479
0.346437
0.220043
0.247004
0.231703
0.078386
0.404193
0.167475
0.254304
0.229534
0.131185
0.042809
0.207510
0.202498
0.151240
0.176348
0.139503
0.350375
0.152230
0.019362
0.182987
0.349946
0.241761
0.157698
0.173132
0.339159
0.106065
0.067866
0.411086
0.134601
0.123456
0.060017
0.143151
0.297436
0.218339
0.267035
0.168246
0.125780
0.473713
0.103161
0.406873
0.251403
0.165236
0.131978
0.112552
0.194870
0.114022
0.190746
0.133452
0.348747
0.088188
0.208635
0.288509
0.183929
0.124219
0.163904
0.226529
0.319567
0.184102
0.176031
0.368490
0.196269
0.266885
0.135020
0.148230
0.163505
0.225517
0.221030
0.231875
0.106639
0.396641
0.054829
0.431329
0.145551
0.237901
0.248342
0.045664
0.192066
0.128251
0.170497
0.174679
0.221371
0.189734
0.342363
0.273559
0.085144
0.132402
0.198230
0.211363
0.175541
0.171807
0.228904
0.150013
0.203020
0.283988
0.215867
0.141252
0.111959
0.207310
0.198379
0.291219
0.127101
0.380842
0.031427
0.320853
0.062704
0.229155
0.200852
0.045992
0.131226
0.098231
0.154772
0.173808
0.031685
0.281310
0.370535
0.241456
0.196968
0.206657
0.217786
0.081251
0.099259
0.149112
0.206646
0.124588
0.224060
0.288982
0.171376
0.100393
0.215200
0.172345
0.209842
0.269001
0.183137
0.344228
0.080563
0.142254
0.073941
0.235471
0.147810
0.099385
0.073828
0.019434
0.226963
0.141485
0.236505
0.321027
0.347417
0.241704
0.257311
0.184619
0.240149
0.143171
0.062215
0.175438
0.128680
0.316584
0.257571
0.190536
0.102941
0.265397
0.172090
0.124688
0.161940
0.232696
0.216074
0.239546
0.119397
0.062257
0.160982
0.253653
0.204042
0.166066
0.199694
0.059458
0.249391
0.117907
0.342674
0.315839
0.338521
0.146901
0.163116
0.045928
0.178861
0.222315
0.023832
0.153204
0.115909
0.335920
0.248570
0.132631
0.165042
0.298432
0.074441
0.210914
0.249441
0.184205
0.241011
0.068354
0.110492
0.120340
0.274425
0.151261
0.241745
0.154225
0.280186
0.078765
0.222758
0.216352
0.276384
0.137391
0.206312
0.013293
0.139170
0.047136
0.250746
0.261658
0.069564
0.230429
0.179722
0.245493
0.221178
0.138315
0.228232
0.303582
0.195468
0.306837
0.256168
0.156729
0.275398
0.041189
0.083203
0.156602
0.342620
0.139849
0.196832
0.078887
0.289673
0.097078
0.215950
0.271257
0.052799
0.122768
0.101984
0.152818
0.376270
0.047397
0.186438
0.320637
0.178255
0.315162
0.258180
0.168614
0.267186
0.212014
0.176353
0.254658
0.295161
0.361348
0.205628
0.195637
0.251612
0.020719
0.184951
0.191235
0.316056
0.304441
0.250134
0.066072
0.236249
0.127341
0.194820
0.186813
0.212003
0.224936
0.217927
0.253978
0.362514
0.115116
0.100005
0.361391
0.254821
0.240369
0.294467
0.048427
0.197674
0.304896
0.110398
0.207034
0.298516
0.273437
0.193710
0.227154
0.143356
0.044867
0.253146
0.270991
0.330745
0.321054
0.173668
0.099863
0.135473
0.037316
0.163475
0.069911
0.237321
0.212280
0.314780
0.269232
0.238139
0.143632
0.123679
0.258880
0.248660
0.147132
0.283820
0.112050
0.180674
0.391279
0.085537
0.141487
0.207334
0.046648
0.215962
0.275682
0.146512
0.116884
0.186800
0.223687
0.350648
0.279254
0.126572
0.110777
0.057890
0.235041
0.120524
0.036030
0.219234
0.112333
0.386938
0.181195
0.151369
0.069235
0.099761
0.097127
0.153727
0.122879
0.250481
0.232464
0.248111
0.386959
0.040718
0.162286
0.241745
0.200544
0.295957
0.245559
0.107618
0.168436
0.044169
0.225576
0.411558
0.283558
0.200254
0.149387
0.142819
0.346947
0.292471
0.066021
0.292893
0.100304
0.386671
0.104836
0.061146
0.087401
0.159830
0.023033
0.017137
0.076705
0.245671
0.281226
0.132519
0.289176
0.011290
0.261631
0.184118
0.356654
0.268502
0.267278
0.180001
0.207823
0.213032
0.325294
0.369749
0.263699
0.248789
0.091790
0.212520
0.241386
0.370757
0.166915
0.237075
0.084489
0.343834
0.175306
0.102798
0.221859
0.257167
0.042756
0.118289
0.178937
0.259000
0.231957
0.067528
0.173197
0.105823
0.303776
0.139025
0.369145
0.151230
0.330632
0.193884
0.164809
0.291090
0.409519
0.284058
0.204514
0.254652
0.089869
0.208617
0.125016
0.314091
0.145877
0.141738
0.108626
0.220635
0.239088
0.216444
0.250487
0.297615
0.079264
0.102150
0.243972
0.229006
0.142078
0.033673
0.104675
0.159086
0.181564
0.044056
0.280818
0.106910
0.402459
0.094246
0.054338
0.296668
0.341543
0.185526
0.210144
0.257220
0.263144
0.140064
0.142442
0.227356
0.036609
0.182678
0.209276
0.066937
0.245133
0.133043
0.224507
0.269522
0.173903
0.034024
0.276517
0.140776
0.083901
0.081886
0.302975
0.147532
0.059819
0.187317
0.217178
0.232539
0.337821
0.097388
0.082647
0.237343
0.186070
0.144665
0.167045
0.264612
0.327284
0.166233
0.200869
0.119250
0.117776
0.173318
0.170016
0.045088
0.159827
0.171860
0.110112
0.167615
0.229932
0.059898
0.301928
0.122962
0.257709
0.177227
0.398096
0.126110
0.011177
0.377995
0.102958
0.342664
0.353104
0.195017
0.026788
0.146994
0.067162
0.086285
0.232755
0.138825
0.361798
0.149211
0.233877
0.252150
0.139944
0.163901
0.123819
0.184878
0.028166
0.413254
0.079838
0.111683
0.229577
0.060480
0.221557
0.255701
0.392629
0.220084
0.290756
0.094814
0.047284
0.404524
0.152415
0.327068
0.235143
0.206728
0.152788
0.055203
0.242228
0.051519
0.459800
0.038855
0.363783
0.053960
0.228624
0.448233
0.077731
0.138571
0.120887
0.342354
0.226213
0.594089
0.168037
0.109621
0.194961
0.106622
0.122278
0.298996
0.418015
0.213009
0.258378
0.011459
0.100378
0.342555
0.386579
0.280705
0.163981
0.135975
0.172389
0.075512
0.300924
0.077193
0.532207
0.122990
0.317956
0.101535
0.103694
0.468003
0.083922
0.193096
0.123218
0.376366
0.324257
0.587414
0.123963
0.066569
0.109622
0.179127
0.137454
0.224799
0.355722
0.167485
0.235427
0.163392
0.095982
0.183393
0.426422
0.191601
0.268076
0.150744
0.057359
0.208438
0.180282
0.138767
0.483445
0.172315
0.209690
0.175644
0.132882
0.359025
0.100361
0.301936
0.145864
0.381091
0.287862
0.349527
0.058858
0.024198
0.079083
0.218688
0.144381
0.158084
0.259940
0.044771
0.184268
0.249582
0.069902
0.222202
0.340733
0.119944
0.359007
0.130831
0.079482
0.257710
0.114791
0.273107
0.317733
0.187486
0.083897
0.152910
0.159458
0.207480
0.157639
0.313783
0.130947
0.300019
0.217093
0.058643
0.108633
0.157013
0.073002
0.110019
0.075697
0.131884
0.115909
0.186974
0.120903
0.171574
0.065118
0.361723
0.242789
0.026981
0.250702
0.234267
0.164055
0.217870
0.059556
0.324519
0.202608
0.241303
0.143993
0.181931
0.143252
0.042853
0.240302
0.217505
0.132047
0.124013
0.157352
0.226683
0.218267
0.262209
0.008666
0.067575
0.132474
0.236465
0.153274
0.249455
0.275538
0.175092
0.159327
0.359075
0.124361
0.119962
0.098736
0.269470
0.171915
0.194378
0.097903
0.102374
0.269810
0.225914
0.303921
0.111666
0.155291
0.224027
0.260964
0.240188
0.126572
0.065043
0.164842
0.332525
0.216377
0.367075
0.131877
0.107299
0.302989
0.334188
0.287459
0.184851
0.309601
0.202904
0.209868
0.290388
0.089029
0.256072
0.115529
0.177643
0.092327
0.119161
0.190721
0.187381
0.334289
0.274161
0.311198
0.056132
0.086665
0.359055
0.188125
0.156805
0.163087
0.161695
0.222965
0.328883
0.141520
0.324081
0.244460
0.119746
0.253947
0.296193
0.329021
0.123821
0.236633
0.112171
0.152076
0.193190
0.160121
0.261138
0.215215
0.127949
0.021634
0.051484
0.122390
0.271908
0.301487
0.257856
0.156381
0.059722
0.074666
0.411868
0.136424
0.081969
0.245895
0.117574
0.302018
0.240379
0.140351
0.203087
0.370013
0.201383
0.194778
0.208822
0.321544
0.085280
0.181869
0.224159
0.028321
0.158784
0.251787
0.170486
0.311446
0.124681
0.104813
0.060057
0.081928
0.203252
0.315735
0.084537
0.145243
0.058903
0.063943
0.346197
0.095100
0.051840
0.294136
0.048932
0.313729
0.297300
0.205317
0.049222
0.450286
0.261683
0.136965
0.146157
0.359863
0.049955
0.158420
0.279657
0.146811
0.139945
0.349532
0.112335
0.240299
0.277200
0.172665
0.058767
0.276070
0.162477
0.278475
0.096551
0.191911
0.065074
0.078899
0.185136
0.034183
0.133354
0.265110
0.066022
0.188869
0.320187
0.260243
0.179650
0.350580
0.222238
0.048453
0.146937
0.348732
0.112516
0.092689
0.349991
0.188981
0.139113
0.295201
0.091563
0.111681
0.466772
0.159410
0.059095
0.324465
0.158337
0.167348
0.176418
0.230559
0.065861
0.120425
0.097995
0.121425
0.213994
0.239626
0.092438
0.029809
0.222358
0.254104
0.277845
0.238575
0.127177
0.078829
0.207197
0.260888
0.231805
0.086597
0.376491
0.118416
0.172661
0.123448
0.227280
0.133228
0.481436
0.152084
0.064201
0.274981
0.160813
0.156633
0.234891
0.238157
0.135219
0.146365
0.109249
0.125103
0.289104
0.324830
0.144234
0.137831
0.114559
0.146071
0.305295
0.176241
0.090699
0.121478
0.256384
0.228961
0.248449
0.116775
0.299158
0.056986
0.177568
0.021921
0.213509
0.212375
0.296867
0.144540
0.124023
0.219411
0.148273
0.265000
0.309651
0.181653
0.131987
0.107267
0.139586
0.138765
0.335045
0.320200
0.108724
0.210376
0.151470
0.055766
0.276324
0.280786
0.169647
0.119853
0.314936
0.139341
0.151132
0.144418
0.207403
0.123936
0.207958
0.063782
0.258488
0.267746
0.069059
0.290091
0.117172
0.219048
0.096938
0.285037
0.301721
0.082102
0.188802
0.029095
0.226324
0.248308
0.312514
0.175605
0.074139
0.207649
0.166680
0.109627
0.280661
0.322772
0.244664
0.129760
0.328048
0.030458
0.050240
0.173454
0.103249
0.073866
0.195868
0.084713
0.291758
0.253415
0.104858
0.335837
0.028081
0.301920
0.068173
0.249822
0.149282
0.085248
0.179958
0.088517
0.302892
0.317278
0.267311
0.076976
0.136488
0.198157
0.142033
0.277980
0.294532
0.300504
0.230188
0.184974
0.229389
0.207545
0.060051
0.194310
0.130080
0.137027
0.212620
0.158182
0.246263
0.291930
0.161359
0.172589
0.090692
0.390856
0.187841
0.176704
0.147477
0.138154
0.108817
0.139105
0.313256
0.280404
0.209480
0.247574
0.162279
0.158625
0.196327
0.412618
0.214387
0.308051
0.227776
0.200484
0.138565
0.326510
0.127067
0.233574
0.264805
0.229743
0.215284
0.206093
0.138763
0.373783
0.208051
0.074812
0.109500
0.387836
0.237951
0.059571
0.237099
0.147090
0.025560
0.179484
0.179169
0.164274
0.202633
0.425526
0.107346
0.058183
0.149915
0.371404
0.098983
0.397953
0.258404
0.186120
0.063169
0.326286
0.160956
0.268267
0.347265
0.270698
0.219267
0.139993
0.048626
0.374575
0.281459
0.150682
0.109161
0.294823
0.164811
0.067254
0.328564
0.147487
0.133527
0.192710
0.055221
0.089308
0.109904
0.482094
0.092289
0.108144
0.106268
0.145462
0.042803
0.506242
0.198472
0.173995
0.049120
0.252642
0.144238
0.216818
0.316923
0.315034
0.209009
0.107986
0.204477
0.257682
0.377285
0.191060
0.169803
0.236243
0.175321
0.146912
0.364174
0.249115
0.255965
0.123213
0.161625
0.154065
0.189812
0.471102
0.076989
0.218768
0.087152
0.044748
0.092116
0.482356
0.072245
0.141707
0.107706
0.115764
0.105715
0.147915
0.191838
0.214065
0.032057
0.112844
0.374952
0.071517
0.367764
0.184882
0.185713
0.220691
0.285721
0.217164
0.163605
0.336879
0.263154
0.148395
0.223581
0.193434
0.338252
0.431213
0.145365
0.239367
0.067071
0.054601
0.145965
0.312347
0.046186
0.069949
0.076779
0.023544
0.157391
0.137519
0.103217
0.161576
0.196971
0.100081
0.372643
0.134888
0.216138
0.141145
0.171936
0.312280
0.303884
0.218898
0.129877
0.282736
0.138083
0.175521
0.272802
0.166063
0.301397
0.351121
0.258991
0.180564
0.071582
0.095715
0.168643
0.244537
0.120088
0.140389
0.042457
0.123986
0.316794
0.169276
0.159913
0.259122
0.307711
0.185902
0.249141
0.265977
0.176529
0.084552
0.083790
0.497148
0.244350
0.091312
0.246254
0.293282
0.047621
0.142850
0.307314
0.143738
0.266536
0.240393
0.261930
0.156445
0.129996
0.042805
0.118148
0.293518
0.208405
0.238267
0.083873
0.169295
0.400424
0.216479
0.187733
0.233504
0.253883
0.285467
0.235045
0.294323
0.311202
0.052489
0.037925
0.582185
0.192131
0.057977
0.171836
0.306543
0.154110
0.161188
0.263043
0.079086
0.210160
0.075551
0.281524
0.130958
0.102767
0.119224
0.135823
0.263017
0.305124
0.307633
0.091152
0.123182
0.279145
0.242520
0.191199
0.310639
0.148463
0.349798
0.203906
0.353934
0.252891
0.100997
0.122987
0.446423
0.170223
0.055532
0.222327
0.179675
0.193413
0.187381
0.160541
0.072441
0.197962
0.120498
0.233610
0.109598
0.097514
0.224810
0.112445
0.201397
0.325062
0.269775
0.091858
0.037415
0.204612
0.174946
0.124352
0.327202
0.157243
0.270912
0.234517
0.305882
0.178396
0.181917
0.241870
0.279718
0.126319
0.065510
0.268599
0.258106
0.140110
0.069317
0.047808
0.176814
0.112109
0.244123
0.175607
0.062493
0.201730
0.199655
0.100983
0.150614
0.271749
0.135319
0.076583
0.211814
0.299828
0.095936
0.205722
0.207369
0.074722
0.136546
0.295552
0.222334
0.162224
0.215508
0.296655
0.130218
0.097860
0.055867
0.248327
0.328654
0.116659
0.095404
0.089157
0.174479
0.181563
0.357183
0.081677
0.060993
0.237026
0.067157
0.122837
0.146158
0.171360
0.065982
0.119332
0.260816
0.379883
0.152603
0.214024
0.108891
0.096637
0.030366
0.206528
0.164078
0.176648
0.195505
0.238048
0.046941
0.116636
0.047679
0.116131
0.312911
0.102669
0.188011
0.141874
0.093822
0.238444
0.339681
0.088327
0.156319
0.161765
0.039940
0.114133
0.121661
0.171140
0.102027
0.189766
0.190259
0.284757
0.265732
0.175732
0.049819
0.149295
0.169359
0.139459
0.083504
0.172896
0.148137
0.190944
0.181781
0.118324
0.096886
0.117387
0.324219
0.053748
0.208471
0.259012
0.107874
0.186076
0.222567
0.156429
0.181911
0.162281
0.051544
0.104178
0.187828
0.252565
0.115713
0.214497
0.184782
0.136146
0.273225
0.147721
0.048278
0.165704
0.244974
0.085518
0.036392
0.189154
0.074568
0.112435
0.243205
0.153123
0.192161
0.104848
0.242802
0.101319
0.176439
0.342859
0.133690
0.254593
0.105876
0.247015
0.212471
0.327423
0.047300
0.116259
0.248946
0.272628
0.075932
0.253272
0.141114
0.075109
0.296862
0.194080
0.012484
0.174119
0.284405
0.068631
0.041615
0.247758
0.042842
0.102886
0.279318
0.234061
0.242692
0.106593
0.193500
0.111479
0.141426
0.296140
0.182521
0.382717
0.060937
0.196660
0.173968
0.294366
0.043138
0.135457
0.323927
0.171375
0.115071
0.206659
0.047804
0.130590
0.308119
0.209801
0.063790
0.098295
0.258608
0.129416
0.090206
0.234266
0.034028
0.149614
0.270028
0.300477
0.221072
0.143959
0.188570
0.089518
0.197517
0.311227
0.165759
0.417937
0.143281
0.066039
0.070883
0.121787
0.144044
0.139335
0.309670
0.049642
0.147588
0.114460
0.043696
0.058539
0.238712
0.250549
0.185566
0.058129
0.134153
0.280073
0.105428
0.117733
0.063385
0.093207
0.202179
0.275295
0.137196
0.136076
0.156158
0.044606
0.210228
0.258553
0.155719
0.382386
0.217865
0.054269
0.181382
0.055282
0.222477
0.186611
0.236882
0.181053
0.205185
0.114374
0.110728
0.116316
0.176142
0.357534
0.223131
0.151709
0.055730
0.363133
0.012799
0.061347
0.072919
0.138150
0.155961
0.153938
0.049888
0.117695
0.090698
0.082944
0.168665
0.087381
0.272537
0.322155
0.219113
0.113631
0.266616
0.174389
0.253256
0.278215
0.088333
0.229436
0.264478
0.189797
0.137435
0.261578
0.204324
0.433980
0.222900
0.261129
0.147944
0.378666
0.177039
0.088323
0.082058
0.145541
0.168057
0.124735
0.131169
0.064051
0.066412
0.037931
0.073813
0.083499
0.393071
0.265184
0.185241
0.133002
0.202178
0.176914
0.275283
0.315998
0.093714
0.208643
0.211948
0.239193
0.190414
0.344061
0.121095
0.413064
0.207319
0.187663
0.293605
0.355264
0.288109
0.138398
0.113412
0.144527
0.139588
0.190142
0.162324
0.039026
0.009816
0.049459
0.055551
0.165291
0.349235
0.112215
0.138101
0.069563
0.148703
0.134012
0.277550
0.262743
0.242435
0.152340
0.105534
0.231232
0.252903
0.356039
0.089952
0.259024
0.124975
0.084264
0.322433
0.215232
0.236260
0.245849
0.212175
0.195368
0.089868
0.223509
0.139423
0.174087
0.109908
0.119762
0.099962
0.246150
0.232454
0.137268
0.178985
0.067000
0.097220
0.133411
0.280709
0.095515
0.248177
0.099628
0.045155
0.155151
0.338632
0.297469
0.152146
0.085858
0.075880
0.129295
0.266573
0.057866
0.158977
0.276744
0.322219
0.241135
0.129452
0.189806
0.105960
0.222373
0.177428
0.176948
0.117804
0.195973
0.136548
0.401956
0.137066
0.107392
0.069511
0.081585
0.287399
0.046440
0.200931
0.083018
0.100104
0.123314
0.314582
0.176224
0.137111
0.115248
0.266351
0.157061
0.147605
0.165368
0.208230
0.222453
0.299439
0.347626
0.178763
0.133152
0.086457
0.093880
0.163749
0.203780
0.170844
0.128724
0.154302
0.654357
0.096823
0.111390
0.139609
0.044966
0.328410
0.086306
0.211509
0.161644
0.107389
0.264874
0.244161
0.168746
0.082126
0.181810
0.327775
0.172007
0.049772
0.155867
0.248982
0.155635
0.185067
0.474417
0.097306
0.070902
0.202923
0.080651
0.207766
0.116606
0.235191
0.104279
0.095182
0.675588
0.116953
0.073760
0.122387
0.088142
0.341441
0.114640
0.144821
0.278279
0.074434
0.437159
0.173682
0.380438
0.029981
0.212536
0.339082
0.210093
0.211049
0.160508
0.320986
0.089733
0.203057
0.415641
0.046179
0.072521
0.246564
0.125245
0.275446
0.166368
0.203731
0.148253
0.140336
0.467708
0.205593
0.090088
0.071072
0.036442
0.317048
0.084976
0.025989
0.316428
0.017259
0.381338
0.133832
0.501769
0.166251
0.272358
0.338334
0.208982
0.291997
0.146530
0.337000
0.021570
0.277785
0.287217
0.028566
0.132019
0.242031
0.184046
0.166089
0.217421
0.273061
0.180621
0.327268
0.198324
0.297274
0.198021
0.102928
0.070726
0.246976
0.094851
0.168912
0.373118
0.049444
0.170875
0.135189
0.500382
0.171524
0.281165
0.277951
0.157149
0.314879
0.095641
0.235707
0.097602
0.229637
0.191283
0.059652
0.126694
0.268296
0.222205
0.051788
0.127426
0.342640
0.143107
0.411718
0.044929
0.255883
0.310196
0.124702
0.064737
0.211979
0.114212
0.299848
0.328799
0.052967
0.199023
0.129407
0.478364
0.034712
0.190543
0.160470
0.093803
0.240207
0.070127
0.093253
0.130145
0.142417
0.098162
0.062236
0.083368
0.264697
0.157911
0.198092
0.080359
0.381741
0.163522
0.324952
0.207488
0.120074
0.289232
0.173023
0.107499
0.192822
0.142267
0.307045
0.189628
0.058861
0.360292
0.162113
0.398181
0.143563
0.062750
0.058939
0.028032
0.119671
0.107039
0.071979
0.219568
0.116343
0.143548
0.138214
0.152561
0.138083
0.059315
0.222815
0.110382
0.373401
0.245651
0.208641
0.296029
0.153098
0.182885
0.200828
0.228016
0.216689
0.092008
0.274244
0.071200
0.078110
0.398835
0.149281
0.287926
0.158412
0.128981
0.156037
0.192286
0.065107
0.174848
