# G_2, p = 0.0000 GPa (dir_0.0_bar).
# D8R-only: 24 rings x 101 frames = 2424 samples.
# Column: per-D8R Delta [A]
0.000267
0.000318
0.000267
0.000331
0.000267
0.000318
0.000267
0.000318
0.000931
0.001109
0.000931
0.001121
0.000931
0.001121
0.000931
0.001121
0.001211
0.001440
0.001211
0.001440
0.001211
0.001440
0.001211
0.001440
0.133963
0.042052
0.066601
0.102357
0.053612
0.077706
0.087803
0.099116
0.108512
0.125280
0.110885
0.179906
0.098083
0.171447
0.119292
0.045955
0.075879
0.155300
0.169801
0.159825
0.183102
0.083619
0.098040
0.081556
0.170315
0.078822
0.048015
0.210172
0.165370
0.091301
0.154855
0.197797
0.190787
0.222858
0.168311
0.305331
0.199647
0.261760
0.157942
0.105555
0.172427
0.235646
0.213791
0.125525
0.271879
0.082583
0.017054
0.179227
0.186377
0.192067
0.149009
0.311134
0.341735
0.068110
0.178632
0.241982
0.283296
0.238818
0.192414
0.275363
0.314822
0.339266
0.209526
0.130163
0.317610
0.443496
0.182145
0.169952
0.238278
0.014745
0.097832
0.214186
0.269231
0.171315
0.206339
0.530467
0.432159
0.107952
0.258538
0.156883
0.278068
0.150714
0.183727
0.209167
0.211518
0.347872
0.171172
0.100917
0.305276
0.409957
0.248772
0.259083
0.145241
0.085487
0.051985
0.140252
0.416853
0.161513
0.237060
0.556506
0.362134
0.044271
0.327301
0.116878
0.183681
0.179759
0.134307
0.258473
0.144995
0.229023
0.151090
0.191605
0.220739
0.211597
0.369407
0.286423
0.152276
0.152065
0.110574
0.066701
0.346616
0.153737
0.286192
0.445013
0.344688
0.115737
0.224292
0.112038
0.204833
0.299346
0.002559
0.432339
0.071289
0.109997
0.219066
0.275015
0.118956
0.127314
0.376343
0.209662
0.273554
0.125200
0.179212
0.108860
0.276187
0.291529
0.190377
0.375496
0.368789
0.128069
0.176464
0.036328
0.316672
0.402303
0.052614
0.468612
0.085148
0.161123
0.204805
0.488595
0.079873
0.059036
0.291699
0.207058
0.381050
0.123177
0.213124
0.112470
0.292107
0.403266
0.070770
0.362996
0.344674
0.057956
0.206584
0.066761
0.279673
0.374576
0.103210
0.336406
0.183188
0.194185
0.143397
0.487009
0.087827
0.172100
0.331927
0.132863
0.369806
0.140174
0.297113
0.273969
0.489149
0.380220
0.086599
0.351206
0.195209
0.135357
0.267886
0.198709
0.262873
0.346388
0.126548
0.293584
0.305469
0.211100
0.022422
0.294025
0.130775
0.210990
0.378291
0.080781
0.397882
0.109817
0.204397
0.422943
0.435826
0.240242
0.063340
0.329246
0.170005
0.237531
0.200877
0.279739
0.149842
0.257711
0.196014
0.316798
0.292012
0.264604
0.096890
0.238887
0.122138
0.231002
0.249083
0.105243
0.344689
0.143048
0.101991
0.272985
0.340537
0.199401
0.130086
0.343801
0.231366
0.179032
0.165938
0.305001
0.025146
0.188169
0.162359
0.268737
0.193509
0.264509
0.101691
0.238708
0.077120
0.229424
0.102062
0.125781
0.153265
0.096534
0.094182
0.106115
0.239931
0.151145
0.290292
0.295604
0.176370
0.194680
0.234153
0.215419
0.105443
0.125910
0.221858
0.135061
0.115677
0.188824
0.035206
0.181270
0.065305
0.242445
0.195707
0.069974
0.115516
0.134028
0.153886
0.108739
0.165060
0.126210
0.365100
0.129740
0.052601
0.147903
0.261584
0.262699
0.175947
0.073944
0.263676
0.070503
0.146356
0.063862
0.039981
0.127927
0.126177
0.279287
0.218765
0.040331
0.075578
0.125818
0.113855
0.221741
0.095955
0.221830
0.279052
0.049896
0.186657
0.093449
0.316598
0.288165
0.056450
0.055316
0.195780
0.101683
0.230592
0.081389
0.074987
0.254877
0.093167
0.365682
0.185417
0.048536
0.149486
0.089345
0.225091
0.295729
0.295109
0.281096
0.232302
0.038361
0.254367
0.071683
0.327889
0.204935
0.032856
0.025171
0.118714
0.218513
0.231034
0.120221
0.079382
0.202344
0.093339
0.426601
0.214150
0.091792
0.332855
0.071126
0.282746
0.149925
0.390310
0.263280
0.228547
0.094947
0.264024
0.088863
0.283204
0.196868
0.229878
0.196677
0.019144
0.429423
0.174166
0.095789
0.035961
0.169590
0.104916
0.438598
0.205191
0.084365
0.323461
0.111822
0.223521
0.090133
0.378108
0.247118
0.124480
0.045827
0.237843
0.149830
0.235050
0.141155
0.175752
0.338030
0.063814
0.571646
0.150439
0.079226
0.066215
0.107342
0.062760
0.355608
0.158665
0.077976
0.284125
0.179000
0.138814
0.004302
0.461948
0.219816
0.038668
0.231248
0.232358
0.115084
0.226697
0.062904
0.182366
0.329783
0.084599
0.534811
0.146484
0.025479
0.196613
0.114995
0.200647
0.224649
0.093619
0.149930
0.386440
0.133243
0.112219
0.048436
0.445882
0.252229
0.090077
0.307462
0.224183
0.043945
0.306899
0.042154
0.287882
0.188288
0.194307
0.447367
0.063434
0.100904
0.202776
0.095351
0.249764
0.176597
0.125898
0.181799
0.365951
0.054232
0.094195
0.176563
0.483968
0.209467
0.075793
0.275868
0.204173
0.082255
0.346713
0.121097
0.263539
0.172330
0.361342
0.502315
0.051618
0.197517
0.074599
0.128886
0.405778
0.183966
0.099048
0.090368
0.147726
0.071803
0.137196
0.071327
0.525511
0.214291
0.110474
0.272435
0.192226
0.116207
0.275461
0.152908
0.207228
0.168761
0.371523
0.508645
0.188347
0.182829
0.076859
0.122671
0.414450
0.068136
0.115223
0.058888
0.052020
0.161276
0.154078
0.054014
0.576360
0.257293
0.087510
0.368646
0.114892
0.130880
0.290283
0.200113
0.199119
0.129715
0.203335
0.363815
0.286588
0.180515
0.087071
0.159389
0.276894
0.215787
0.223524
0.108522
0.054984
0.207735
0.138913
0.138339
0.360894
0.320673
0.149666
0.486574
0.039048
0.114685
0.291113
0.229966
0.179899
0.083363
0.182053
0.170626
0.214936
0.076532
0.032495
0.192553
0.148550
0.365583
0.154297
0.121815
0.026499
0.231577
0.049763
0.245351
0.149817
0.283210
0.138941
0.494602
0.111475
0.168803
0.227455
0.285847
0.103049
0.144502
0.272519
0.271434
0.024808
0.110173
0.117490
0.181114
0.099085
0.467932
0.097998
0.108359
0.065372
0.213483
0.126898
0.077115
0.148775
0.185032
0.155521
0.360728
0.100872
0.152797
0.098834
0.366180
0.226413
0.160417
0.191446
0.286920
0.131856
0.204629
0.093918
0.306262
0.099400
0.522469
0.097942
0.080656
0.112692
0.231012
0.211828
0.097905
0.133754
0.082007
0.209608
0.197327
0.081830
0.150219
0.118149
0.422102
0.193590
0.103277
0.052158
0.240076
0.075611
0.244503
0.053954
0.236638
0.137228
0.474120
0.090368
0.144454
0.093323
0.157003
0.388612
0.186307
0.199398
0.116359
0.241030
0.030947
0.096095
0.146661
0.217927
0.362124
0.131703
0.035436
0.090953
0.273248
0.046713
0.117883
0.132938
0.163019
0.013157
0.323200
0.129321
0.063377
0.047873
0.116171
0.400221
0.053931
0.368002
0.242465
0.232911
0.114068
0.204615
0.033976
0.216996
0.242275
0.173325
0.119585
0.100359
0.254405
0.069034
0.098009
0.177268
0.123931
0.023570
0.209240
0.137067
0.087050
0.045826
0.150135
0.304206
0.206466
0.441130
0.327776
0.267752
0.177862
0.155803
0.054735
0.290123
0.205129
0.138684
0.196596
0.167474
0.322148
0.152749
0.066332
0.143719
0.074152
0.095201
0.141224
0.099542
0.171480
0.051522
0.159613
0.243791
0.282497
0.493967
0.385505
0.324063
0.131644
0.242168
0.165019
0.344545
0.103049
0.074370
0.255495
0.193002
0.356675
0.186704
0.015926
0.114719
0.047073
0.174626
0.127759
0.181453
0.231414
0.068836
0.145686
0.334694
0.164938
0.605882
0.442950
0.284545
0.136100
0.339387
0.252141
0.279518
0.078622
0.105496
0.228558
0.197948
0.454971
0.166067
0.123628
0.034909
0.060541
0.198596
0.084068
0.052912
0.242693
0.087494
0.190010
0.213817
0.263064
0.528863
0.488798
0.240973
0.167889
0.374495
0.258378
0.155780
0.048152
0.178671
0.224188
0.081753
0.585613
0.146366
0.111287
0.113136
0.106736
0.160675
0.062051
0.058221
0.232512
0.064040
0.201646
0.076091
0.263849
0.272730
0.472003
0.078680
0.209630
0.377309
0.144679
0.103306
0.090173
0.226474
0.223789
0.049668
0.567261
0.219830
0.027325
0.193235
0.055411
0.113244
0.083569
0.173136
0.208103
0.059037
0.162972
0.129266
0.158345
0.135441
0.437004
0.154542
0.185935
0.327464
0.085755
0.038674
0.110898
0.184902
0.278349
0.161266
0.447845
0.240571
0.079871
0.292190
0.148711
0.172887
0.221831
0.209450
0.144797
0.123012
0.128868
0.148399
0.142005
0.107098
0.482178
0.308651
0.181011
0.195538
0.125688
0.220487
0.206269
0.159902
0.180316
0.193306
0.322196
0.138188
0.151679
0.308803
0.293853
0.180483
0.199550
0.132746
0.131248
0.168949
0.024981
0.224854
0.071037
0.068588
0.462017
0.283186
0.245733
0.108238
0.026517
0.274921
0.285890
0.198899
0.078116
0.278208
0.239999
0.096179
0.175181
0.232867
0.159894
0.122384
0.237878
0.107083
0.158618
0.144799
0.146815
0.245154
0.122673
0.087948
0.262342
0.304245
0.263369
0.184733
0.059506
0.316163
0.274168
0.193780
0.146701
0.256944
0.211593
0.146683
0.143339
0.138658
0.028683
0.116914
0.249525
0.142607
0.167714
0.103840
0.279555
0.083715
0.288166
0.132388
0.100712
0.457395
0.102655
0.188233
0.074660
0.392022
0.236091
0.179518
0.167578
0.148761
0.154145
0.115155
0.132813
0.178586
0.154527
0.143387
0.140075
0.058846
0.149215
0.092057
0.310743
0.136230
0.211704
0.236939
0.099958
0.510220
0.048738
0.259990
0.036642
0.445146
0.308223
0.123764
0.079859
0.095195
0.168246
0.246154
0.215571
0.208426
0.297425
0.236005
0.146495
0.133118
0.080754
0.147601
0.314182
0.143655
0.141290
0.346370
0.132474
0.507091
0.098525
0.296163
0.004505
0.422598
0.471437
0.082700
0.129403
0.042234
0.064067
0.407940
0.285738
0.193729
0.157924
0.261210
0.138756
0.166742
0.043357
0.143864
0.285277
0.177134
0.177655
0.370062
0.078254
0.531261
0.095815
0.162336
0.051536
0.354648
0.462247
0.050327
0.108919
0.060818
0.093135
0.364515
0.268363
0.071021
0.035495
0.224566
0.161225
0.151504
0.130823
0.041501
0.196654
0.235516
0.149807
0.356433
0.157177
0.511938
0.162089
0.144850
0.089001
0.266781
0.254845
0.080500
0.093851
0.091516
0.288146
0.361566
0.171647
0.098129
0.025690
0.260839
0.152570
0.204764
0.118057
0.142053
0.140195
0.300310
0.159377
0.380072
0.336646
0.308115
0.240089
0.293835
0.099242
0.206257
0.094318
0.085277
0.240377
0.135792
0.305881
0.269876
0.190099
0.162117
0.173843
0.243328
0.154682
0.322248
0.094998
0.237867
0.193975
0.391595
0.262565
0.298281
0.408530
0.128242
0.177940
0.386355
0.207406
0.191335
0.054975
0.055508
0.402060
0.147087
0.095525
0.136609
0.267235
0.202660
0.094935
0.164764
0.112911
0.283401
0.093345
0.202203
0.117815
0.475965
0.401073
0.283315
0.373851
0.245549
0.345467
0.258324
0.290726
0.078320
0.141733
0.198767
0.484596
0.099516
0.035061
0.078919
0.292238
0.206624
0.155885
0.056444
0.119730
0.201061
0.136427
0.037518
0.175036
0.460256
0.406649
0.155953
0.332806
0.308033
0.341955
0.085685
0.280600
0.086263
0.166414
0.159395
0.520720
0.030093
0.085594
0.016886
0.148786
0.144364
0.289896
0.069299
0.145398
0.198636
0.208468
0.041847
0.229291
0.341309
0.339942
0.104238
0.317309
0.355964
0.233238
0.126146
0.423794
0.094126
0.127865
0.019623
0.464442
0.066988
0.193991
0.160226
0.090637
0.037990
0.279945
0.045629
0.051129
0.227421
0.196916
0.083497
0.241053
0.195267
0.264103
0.058760
0.282087
0.440135
0.176231
0.118845
0.501849
0.130741
0.183337
0.139050
0.326095
0.227055
0.274792
0.290156
0.142158
0.054878
0.310038
0.102637
0.091228
0.135572
0.193489
0.087757
0.213245
0.069815
0.132055
0.206756
0.233240
0.522505
0.168414
0.074206
0.404925
0.224148
0.190307
0.122822
0.223300
0.195931
0.239462
0.317381
0.142059
0.041772
0.326683
0.179458
0.186937
0.195797
0.243394
0.107680
0.208748
0.086935
0.229348
0.292594
0.136614
0.579541
0.145935
0.072849
0.366907
0.305054
0.110427
0.112876
0.267406
0.070399
0.228980
0.244825
0.141619
0.024389
0.267690
0.165184
0.212905
0.103846
0.217814
0.161796
0.265492
0.269560
0.255037
0.245029
0.096523
0.712809
0.209856
0.048381
0.393804
0.302225
0.009913
0.084770
0.235423
0.047462
0.172467
0.273504
0.175371
0.066706
0.274042
0.135906
0.109446
0.131187
0.141330
0.331245
0.351376
0.345652
0.267698
0.236902
0.098389
0.662085
0.210977
0.077062
0.323425
0.297627
0.211865
0.097239
0.071447
0.116473
0.124321
0.158705
0.226320
0.181250
0.289783
0.177997
0.109994
0.148182
0.109658
0.285709
0.221808
0.310668
0.232754
0.202672
0.104091
0.476769
0.109419
0.163669
0.143083
0.300645
0.338186
0.137342
0.118844
0.226551
0.098589
0.240460
0.178618
0.186940
0.216323
0.135567
0.059241
0.121161
0.166773
0.117261
0.124196
0.269523
0.102773
0.103857
0.051629
0.327078
0.198700
0.156793
0.031679
0.199104
0.336594
0.103035
0.183150
0.173879
0.139672
0.254580
0.141566
0.142036
0.030015
0.019524
0.070807
0.136404
0.121202
0.087585
0.105316
0.299769
0.084788
0.193210
0.029583
0.236325
0.270157
0.198715
0.072066
0.205928
0.264850
0.193185
0.246467
0.078976
0.193972
0.196721
0.226266
0.083905
0.144749
0.127638
0.037881
0.124225
0.150895
0.091219
0.143779
0.214617
0.067083
0.228249
0.124375
0.195706
0.225905
0.195354
0.152656
0.285440
0.258667
0.336956
0.296359
0.036119
0.165468
0.094800
0.247396
0.050953
0.311314
0.160694
0.101443
0.059359
0.208251
0.204746
0.089913
0.108893
0.030882
0.132445
0.201628
0.199869
0.187793
0.059663
0.150688
0.283473
0.168359
0.390674
0.279040
0.163783
0.140557
0.118471
0.163904
0.082414
0.397321
0.209052
0.179261
0.188007
0.148864
0.192539
0.070037
0.171331
0.157882
0.123305
0.247606
0.229880
0.151208
0.086570
0.098001
0.251534
0.194184
0.340228
0.209287
0.177003
0.164442
0.209736
0.038650
0.023168
0.328302
0.068702
0.125173
0.197870
0.110569
0.097088
0.090845
0.260167
0.357801
0.209648
0.277262
0.260427
0.104805
0.111905
0.158430
0.339966
0.177668
0.310322
0.249249
0.135687
0.221133
0.288995
0.069425
0.074740
0.244661
0.237391
0.124609
0.097918
0.089601
0.176917
0.099600
0.075681
0.423805
0.257627
0.277242
0.278465
0.097901
0.197134
0.241105
0.280786
0.140604
0.207808
0.284648
0.122983
0.202549
0.319651
0.028504
0.086149
0.197442
0.222140
0.403134
0.153851
0.133628
0.231051
0.259095
0.089222
0.465297
0.290908
0.287123
0.213410
0.212307
0.245075
0.195033
0.289337
0.142445
0.026570
0.230185
0.241316
0.237384
0.245627
0.098189
0.078202
0.110113
0.143330
0.527542
0.175572
0.128831
0.173253
0.285040
0.118571
0.510532
0.282996
0.311623
0.340674
0.133782
0.255835
0.213146
0.368723
0.122478
0.140254
0.132671
0.154143
0.163182
0.247412
0.055975
0.061302
0.063535
0.077444
0.494562
0.148620
0.131409
0.196745
0.293236
0.062011
0.423661
0.186424
0.238101
0.470378
0.074003
0.200139
0.405702
0.405318
0.047133
0.175095
0.208294
0.215528
0.104983
0.255585
0.278659
0.159679
0.116812
0.041625
0.345416
0.081541
0.148017
0.246720
0.286851
0.204236
0.447317
0.186248
0.106455
0.520957
0.210540
0.157011
0.528019
0.280318
0.017996
0.167379
0.244091
0.265806
0.060475
0.210998
0.297258
0.196715
0.287152
0.083059
0.192479
0.126598
0.149610
0.324497
0.323010
0.358443
0.511622
0.228759
0.091890
0.504115
0.257049
0.145718
0.527002
0.212317
0.077863
0.228754
0.215704
0.364467
0.034773
0.122068
0.180260
0.129921
0.425933
0.158180
0.125690
0.193071
0.054144
0.199156
0.293627
0.361853
0.440388
0.276320
0.138300
0.463876
0.132013
0.180046
0.479618
0.249759
0.172129
0.165870
0.182618
0.362257
0.115525
0.039247
0.119407
0.164586
0.386351
0.130837
0.113503
0.286224
0.096951
0.251324
0.290290
0.244937
0.319294
0.330765
0.174099
0.556160
0.008671
0.170235
0.344784
0.333291
0.196322
0.143089
0.057602
0.252815
0.244626
0.053458
0.209866
0.151361
0.250834
0.162637
0.151241
0.294125
0.070338
0.322997
0.241549
0.178008
0.169917
0.306638
0.183061
0.534605
0.049659
0.114181
0.253552
0.361653
0.193514
0.092274
0.096701
0.168692
0.299911
0.065974
0.214939
0.082592
0.155941
0.221708
0.212694
0.293871
0.060212
0.237009
0.227627
0.112112
0.213012
0.242121
0.205849
0.337319
0.082503
0.101417
0.239851
0.301408
0.246169
0.056760
0.176428
0.156975
0.343906
0.016454
0.127495
0.083702
0.167533
0.233173
0.199818
0.301017
0.157143
0.230857
0.178882
0.045209
0.072664
0.305750
0.250109
0.125815
0.139751
0.055748
0.264192
0.252791
0.258486
0.063398
0.120794
0.128331
0.391874
0.050689
0.022431
0.071104
0.231283
0.269156
0.171312
0.263095
0.208495
0.205330
0.210693
0.169306
0.101524
0.295080
0.251037
0.140012
0.158538
0.213074
0.265248
0.291269
0.148772
0.062545
0.096631
0.053764
0.449983
0.097069
0.031486
0.111769
0.214103
0.338675
0.201828
0.137986
0.164627
0.254546
0.284109
0.379786
0.251945
0.314876
0.230489
0.063497
0.172622
0.362611
0.231423
0.332457
0.014358
0.095327
0.194506
0.107611
0.467925
0.130179
0.143665
0.168040
0.102744
0.304736
0.101640
0.088034
0.152775
0.234923
0.246845
0.445121
0.331238
0.367505
0.180328
0.228913
0.109669
0.463845
0.261775
0.274033
0.042064
0.066317
0.225900
0.104915
0.359601
0.125983
0.233092
0.135489
0.147136
0.180547
0.098977
0.101514
0.202622
0.154824
0.240312
0.335185
0.247469
0.317548
0.117876
0.301621
0.049593
0.431542
0.187489
0.115353
0.132548
0.105579
0.108408
0.129387
0.201841
0.029415
0.289087
0.127836
0.152848
0.083652
0.144324
0.112141
0.218725
0.180843
0.244782
0.169420
0.101838
0.195849
0.115661
0.301971
0.249407
0.360232
0.133420
0.084678
0.193475
0.191643
0.053594
0.233922
0.089540
0.172793
0.272334
0.044721
0.168831
0.095328
0.155915
0.188415
0.194927
0.392873
0.334842
0.100975
0.091748
0.073143
0.118136
0.372760
0.275810
0.265955
0.096791
0.212722
0.199021
0.321278
0.038650
0.224657
0.203761
0.060789
0.223229
0.073216
0.161740
0.256628
0.050011
0.260129
0.198474
0.380552
0.274600
0.121561
0.116161
0.068446
0.107918
0.459221
0.222186
0.229907
0.097813
0.339602
0.186605
0.374779
0.034988
0.326971
0.163031
0.019711
0.160953
0.123051
0.081528
0.432975
0.218616
0.183959
0.236408
0.348615
0.138422
0.018725
0.148089
0.179082
0.096883
0.434618
0.172649
0.250963
0.099332
0.220537
0.193666
0.342388
0.090091
0.245617
0.110145
0.087106
0.201737
0.172494
0.071192
0.422431
0.270925
0.217046
0.199527
0.364408
0.054081
0.147628
0.067901
0.229367
0.164399
0.351350
0.161195
0.249812
0.262252
0.214963
0.247252
0.299478
0.176623
0.083861
0.006163
0.097104
0.264683
0.173305
0.078653
0.336041
0.237623
0.147100
0.143745
0.348413
0.012395
0.201014
0.051478
0.196313
0.204259
0.219392
0.177555
0.245301
0.423828
0.233077
0.212201
0.291034
0.180034
0.110112
0.121410
0.200446
0.324573
0.156554
0.242427
0.286362
0.217892
0.133241
0.193349
0.274384
0.040389
0.229944
0.058384
0.103148
0.157373
0.165822
0.176081
0.339288
0.321110
0.193600
0.152461
0.267479
0.215528
0.016607
0.099053
0.178336
0.321983
0.120822
0.260718
0.163409
0.199053
0.058446
0.129048
0.088877
0.024050
0.332935
0.109877
0.122123
0.086784
0.083246
0.213040
0.348935
0.135420
0.138313
0.106146
0.149677
0.238216
0.165230
0.142448
0.074423
0.340070
0.045249
0.206030
0.086592
0.265755
0.122067
0.177873
0.205340
0.047508
0.253444
0.162584
0.169749
0.121614
0.111882
0.335957
0.367015
0.060752
0.139979
0.047808
0.084256
0.177869
0.254851
0.192350
0.073516
0.355255
0.067989
0.219691
0.166582
0.249906
0.130137
0.251024
0.230330
0.065965
0.087096
0.194172
0.228416
0.142428
0.101288
0.353339
0.393566
0.125349
0.239048
0.055909
0.072491
0.130478
0.267088
0.239147
0.218710
0.218246
0.056592
0.146669
0.093584
0.257991
0.279966
0.238369
0.270582
0.099172
0.146007
0.226163
0.295435
0.127485
0.157253
0.275857
0.212676
0.188180
0.194677
0.071445
0.169674
0.173941
0.329597
0.203052
0.198344
0.032139
0.069985
0.169965
0.146642
0.111994
0.309479
0.119015
0.315119
0.223276
0.192443
0.187941
0.255077
0.120279
0.348350
0.429767
0.172430
0.169507
0.116738
0.083433
0.147173
0.170896
0.239251
0.184375
0.107354
0.133507
0.018502
0.100411
0.156775
0.095966
0.271806
0.122987
0.341880
0.208564
0.196515
0.270359
0.206226
0.150985
0.514254
0.422273
0.312917
0.112094
0.185113
0.164894
0.260111
0.198795
0.165598
0.197245
0.189141
0.158819
0.114100
0.209291
0.111540
0.230809
0.313305
0.099243
0.446097
0.167257
0.207032
0.170718
0.243253
0.164618
0.585220
0.294897
0.496582
0.016205
0.285715
0.135560
0.300091
0.143008
0.149971
0.205603
0.187478
0.213916
0.057892
0.192244
0.070650
0.205726
0.371673
0.071778
0.422923
0.121420
0.168211
0.037186
0.295885
0.116841
0.554957
0.155893
0.368170
0.165953
0.358155
0.061981
0.187051
0.107245
0.188335
0.185265
0.042742
0.231287
0.080209
0.133517
0.185708
0.139348
0.228675
0.032805
0.385187
0.150059
0.180224
0.108216
0.340276
0.085350
0.540613
0.043759
0.263603
0.259476
0.337827
0.048083
0.104185
0.039468
0.161370
0.127285
0.041117
0.240894
0.101846
0.147014
0.161081
0.151174
0.210709
0.082965
0.288254
0.198017
0.260472
0.110110
0.243628
0.056267
0.391389
0.046767
0.241447
0.245059
0.212991
0.239416
0.142313
0.088700
0.062468
0.050181
0.107937
0.155410
0.062234
0.154735
0.081944
0.275215
0.045439
0.151705
0.145977
0.212459
0.154408
0.151336
0.155352
0.041220
0.194050
0.112142
0.137085
0.168498
0.101276
0.289238
0.207164
0.120360
0.131669
0.066494
0.099435
0.131363
0.080190
0.068870
0.175585
0.282296
0.089829
0.172286
0.052676
0.253631
0.172089
0.286105
0.087728
0.076801
0.025218
0.108503
0.179546
0.119255
0.111165
0.294930
0.149899
0.082553
0.119822
0.138136
0.040278
0.204801
0.106347
0.069860
0.177610
0.212307
0.125424
0.207283
0.127394
0.286278
0.133916
0.227986
0.030225
0.176061
0.083136
0.018155
0.252294
0.141375
0.065346
0.271555
0.036114
0.179570
0.171977
0.181773
0.084330
0.212274
0.113853
0.155887
0.114265
0.087047
0.384983
0.259324
0.173736
0.318155
0.170372
0.178801
0.115412
0.163092
0.131089
0.044472
0.358864
0.080848
0.133142
0.186562
0.106681
0.214493
0.176080
0.206844
0.144877
0.229852
0.098760
0.125663
0.088378
0.224524
0.417908
0.225969
0.177743
0.282350
0.256564
0.143206
0.224916
0.187904
0.282048
0.150403
0.516638
0.023202
0.309799
0.080785
0.184590
0.278917
0.129973
0.254582
0.166017
0.221148
0.033233
0.098455
0.139330
0.351863
0.315711
0.261432
0.294406
0.162012
0.357497
0.203819
0.335679
0.275146
0.419862
0.219330
0.588814
0.051493
0.362483
0.250210
0.143012
0.305410
0.065340
0.293347
0.152622
0.182221
0.017138
0.141622
0.160286
0.418720
0.276486
0.191620
0.269218
0.036879
0.314261
0.195962
0.427998
0.289218
0.407064
0.308002
0.465624
0.059116
0.361196
0.244012
0.171944
0.310178
0.196165
0.292801
0.190056
0.116572
0.108482
0.192787
0.098468
0.399866
0.309608
0.140497
0.213205
0.170899
0.200042
0.199558
0.563991
0.185409
0.320598
0.433117
0.380232
0.170124
0.324136
0.077789
0.161356
0.159901
0.106672
0.183702
0.199077
0.101512
0.175175
0.188963
0.109305
0.308506
0.217945
0.169405
0.169860
0.272262
0.074482
0.290707
0.590583
0.125384
0.219798
0.422334
0.254268
0.350418
0.340605
0.136871
0.133617
0.184534
0.229482
0.112986
0.145972
0.057599
0.269025
0.204006
0.030550
0.214076
0.089569
0.234453
0.087019
0.299748
0.071614
0.265505
