# G_2, p = 0.6000 GPa (dir_6000.0_bar).
# Isolated-8MR (not in any D8R): 48 rings x 101 frames = 4848 samples.
# Column: per-isolated-8MR Delta [A]
0.001717
0.032562
0.001631
0.032580
0.002230
0.032033
0.002293
0.032023
0.001733
0.032043
0.001589
0.031934
0.002235
0.032547
0.002359
0.032616
0.003230
0.032851
0.003227
0.032759
0.003231
0.032145
0.003224
0.032235
0.003215
0.032156
0.003226
0.032264
0.003227
0.032883
0.003215
0.032761
0.001885
0.032307
0.001903
0.032284
0.002507
0.032530
0.002434
0.032480
0.001832
0.032474
0.001918
0.032505
0.002461
0.032340
0.002421
0.032391
0.111419
0.094381
0.108215
0.116021
0.102123
0.072199
0.146720
0.104375
0.059718
0.107917
0.042027
0.146013
0.047429
0.060740
0.151185
0.192550
0.176674
0.088345
0.122425
0.101150
0.027547
0.143381
0.143676
0.087216
0.108075
0.056833
0.246409
0.169833
0.116179
0.096793
0.086597
0.097924
0.078047
0.094945
0.112407
0.141232
0.100720
0.073765
0.067655
0.128629
0.168096
0.069837
0.131805
0.031181
0.146858
0.009036
0.010584
0.117187
0.136467
0.129789
0.224041
0.198259
0.118279
0.087827
0.328317
0.144094
0.088960
0.178198
0.107577
0.304420
0.144733
0.107109
0.160730
0.106354
0.114181
0.221162
0.185135
0.210416
0.152571
0.174280
0.221355
0.143677
0.278383
0.092415
0.413014
0.333448
0.292149
0.215585
0.247493
0.222298
0.137866
0.019055
0.246075
0.214694
0.244326
0.046962
0.023628
0.065969
0.193743
0.143533
0.096992
0.054195
0.208153
0.125839
0.047194
0.179520
0.130532
0.133772
0.278327
0.204911
0.054174
0.036061
0.372797
0.208944
0.154094
0.222988
0.067518
0.330826
0.325704
0.045039
0.170002
0.153614
0.080903
0.161932
0.192732
0.256781
0.264284
0.187593
0.333111
0.124553
0.341743
0.144060
0.339906
0.440968
0.356430
0.363224
0.399179
0.188094
0.193867
0.006266
0.261522
0.243238
0.288621
0.083457
0.067819
0.070997
0.097824
0.208032
0.052429
0.061809
0.260774
0.207209
0.075021
0.118629
0.225465
0.154238
0.299616
0.191538
0.202009
0.048609
0.335452
0.255698
0.233252
0.236412
0.153476
0.383236
0.347746
0.162094
0.278002
0.159004
0.054443
0.041640
0.191705
0.168520
0.312230
0.204857
0.418765
0.247047
0.189655
0.138920
0.252640
0.501060
0.397039
0.390429
0.460160
0.119783
0.153094
0.108068
0.179323
0.144282
0.277271
0.027122
0.107007
0.139701
0.013519
0.273187
0.135860
0.040050
0.400303
0.225824
0.121774
0.086735
0.339144
0.123690
0.275489
0.153223
0.329452
0.100077
0.350889
0.257259
0.316059
0.303100
0.281419
0.511998
0.361445
0.202774
0.414665
0.119869
0.219890
0.213441
0.190110
0.191452
0.135107
0.187048
0.421619
0.257159
0.063075
0.118820
0.286093
0.549554
0.335069
0.344895
0.323773
0.067722
0.094281
0.190315
0.117788
0.069526
0.339822
0.001600
0.104312
0.205439
0.063128
0.250294
0.143101
0.087999
0.626770
0.287057
0.171045
0.064739
0.364592
0.061884
0.304473
0.104459
0.506505
0.138157
0.363643
0.247494
0.399999
0.291578
0.286509
0.609200
0.497894
0.167448
0.447076
0.176194
0.383722
0.272090
0.142191
0.406419
0.211051
0.242762
0.333354
0.193793
0.171536
0.059611
0.282342
0.550133
0.195583
0.345758
0.186262
0.116082
0.188952
0.202956
0.174828
0.133693
0.376647
0.098516
0.102122
0.170617
0.027773
0.152490
0.070997
0.149740
0.771669
0.285852
0.230808
0.084355
0.329012
0.146929
0.305906
0.173020
0.610905
0.115793
0.362159
0.172424
0.367270
0.262283
0.224025
0.657896
0.579398
0.146004
0.403004
0.408408
0.381912
0.297588
0.128077
0.482418
0.313239
0.309827
0.373639
0.180721
0.305573
0.093611
0.294940
0.489641
0.110947
0.437937
0.112937
0.123750
0.187738
0.169077
0.230536
0.295892
0.476189
0.178076
0.111495
0.141544
0.104205
0.043414
0.061829
0.223627
0.785348
0.260605
0.255499
0.115291
0.268553
0.213659
0.218486
0.305859
0.532325
0.020304
0.366396
0.093346
0.251722
0.326442
0.333955
0.634762
0.522047
0.192829
0.397653
0.579748
0.332231
0.273316
0.093237
0.371067
0.301485
0.269117
0.377165
0.146749
0.239189
0.166391
0.235556
0.359766
0.118809
0.393598
0.150579
0.074694
0.158881
0.163003
0.227621
0.314481
0.425169
0.361940
0.122902
0.104623
0.216347
0.024454
0.228777
0.170170
0.729823
0.207455
0.340803
0.268934
0.261100
0.190036
0.074822
0.382511
0.341750
0.132199
0.327347
0.035203
0.214822
0.466835
0.470881
0.569724
0.442099
0.231860
0.387790
0.612481
0.302090
0.384376
0.022873
0.232170
0.164780
0.220269
0.270027
0.090609
0.090078
0.105582
0.154838
0.305045
0.097126
0.231515
0.100527
0.038883
0.177278
0.180083
0.175300
0.271559
0.283061
0.502568
0.158870
0.096469
0.207794
0.048359
0.301100
0.236361
0.505683
0.207455
0.389860
0.257402
0.223232
0.249412
0.131337
0.347477
0.342677
0.223609
0.242064
0.131098
0.193625
0.503442
0.581913
0.416888
0.463845
0.166025
0.390535
0.618372
0.298476
0.456205
0.102918
0.224847
0.050398
0.382647
0.203267
0.101465
0.022663
0.122260
0.095766
0.294429
0.053949
0.228663
0.116517
0.012450
0.265510
0.205344
0.150456
0.272689
0.117089
0.495022
0.208713
0.203680
0.188074
0.057320
0.161268
0.203854
0.313181
0.127101
0.228755
0.274024
0.166087
0.219961
0.116570
0.303974
0.294803
0.218910
0.316237
0.231076
0.245576
0.367755
0.672470
0.233947
0.551084
0.167067
0.286605
0.601755
0.150735
0.381449
0.012866
0.167971
0.061341
0.420469
0.135701
0.038919
0.092175
0.100697
0.093614
0.305492
0.175345
0.219028
0.179143
0.041335
0.290350
0.186768
0.193837
0.333613
0.281636
0.332006
0.236908
0.225543
0.243482
0.064270
0.104853
0.216231
0.289958
0.121352
0.146140
0.255018
0.096537
0.168302
0.062606
0.277090
0.127290
0.146457
0.277030
0.357632
0.326075
0.235486
0.694099
0.284405
0.429328
0.162896
0.153590
0.514800
0.126972
0.261933
0.161349
0.186630
0.086624
0.424957
0.117334
0.080179
0.168537
0.126891
0.095539
0.242765
0.184590
0.330710
0.054821
0.078205
0.147215
0.137247
0.163452
0.294452
0.307973
0.213327
0.206805
0.109890
0.248350
0.026539
0.170229
0.242481
0.313069
0.135749
0.054515
0.156671
0.071882
0.118894
0.102911
0.219835
0.105029
0.155315
0.218583
0.451747
0.234851
0.213118
0.485814
0.176465
0.152194
0.090551
0.094042
0.330235
0.119672
0.123372
0.266838
0.247317
0.074140
0.422268
0.192017
0.090634
0.207869
0.224442
0.132325
0.184526
0.127946
0.319314
0.043091
0.166433
0.089854
0.077545
0.222707
0.180141
0.232846
0.221383
0.363013
0.196621
0.225744
0.130587
0.133017
0.148893
0.165659
0.154557
0.021628
0.324870
0.112300
0.084411
0.083724
0.160325
0.174137
0.171963
0.246255
0.425683
0.101757
0.163581
0.154968
0.021221
0.098577
0.061889
0.117090
0.242399
0.180199
0.076390
0.315279
0.244639
0.143623
0.349653
0.256713
0.183118
0.232537
0.347544
0.202618
0.176561
0.182162
0.216224
0.057267
0.244254
0.128865
0.172242
0.165244
0.156334
0.214599
0.214357
0.449995
0.141632
0.204533
0.207152
0.138233
0.047870
0.031458
0.066236
0.071664
0.329658
0.161577
0.125754
0.096850
0.142634
0.217405
0.100546
0.290780
0.267498
0.168801
0.076897
0.040679
0.036603
0.139243
0.051898
0.081943
0.203472
0.253764
0.041344
0.272422
0.203978
0.165145
0.207715
0.188546
0.268796
0.300056
0.276040
0.167366
0.108795
0.235858
0.175613
0.218562
0.222994
0.168336
0.220777
0.166509
0.205091
0.273141
0.147182
0.423817
0.085052
0.188622
0.199129
0.165238
0.168207
0.161611
0.165399
0.096037
0.223703
0.345847
0.151767
0.108938
0.201923
0.306433
0.152515
0.244793
0.110201
0.146045
0.127052
0.163068
0.191240
0.219096
0.201808
0.012470
0.155401
0.209916
0.165984
0.229033
0.282203
0.153245
0.183680
0.119093
0.231514
0.343811
0.207696
0.108404
0.168665
0.157737
0.139568
0.371176
0.249942
0.135348
0.222613
0.212912
0.161174
0.228429
0.068641
0.320835
0.113596
0.207182
0.226204
0.149963
0.124387
0.263417
0.153475
0.199519
0.305898
0.497392
0.121916
0.079901
0.212435
0.379289
0.197452
0.187917
0.275997
0.131947
0.163137
0.265071
0.339464
0.380724
0.315275
0.097502
0.039450
0.068988
0.303609
0.240050
0.311153
0.162345
0.134894
0.053842
0.218666
0.217115
0.189021
0.098321
0.162194
0.065003
0.179712
0.264522
0.364945
0.070288
0.148429
0.239906
0.107571
0.096588
0.036575
0.230221
0.176497
0.137810
0.229051
0.135618
0.167635
0.294010
0.200978
0.291683
0.342231
0.470290
0.135997
0.107921
0.141887
0.358723
0.182200
0.200090
0.438610
0.178539
0.280014
0.224898
0.384997
0.557234
0.359534
0.094929
0.206349
0.150795
0.278506
0.265708
0.217407
0.132193
0.023174
0.072719
0.263276
0.244737
0.243343
0.181399
0.081903
0.091239
0.106038
0.105842
0.441948
0.109552
0.111076
0.285062
0.058481
0.096837
0.029185
0.176605
0.149366
0.165381
0.202492
0.103444
0.357851
0.316991
0.288152
0.209124
0.302898
0.366289
0.156872
0.077664
0.062295
0.268847
0.193495
0.186565
0.430284
0.159412
0.312789
0.178134
0.369451
0.743273
0.371157
0.150793
0.266454
0.249163
0.123990
0.336340
0.152460
0.146114
0.130424
0.101150
0.261861
0.150698
0.035386
0.276078
0.103841
0.217246
0.141888
0.081831
0.357998
0.169267
0.135237
0.226185
0.131659
0.069797
0.151050
0.155407
0.146486
0.217856
0.405338
0.063649
0.409795
0.361957
0.321825
0.377655
0.304641
0.314642
0.265484
0.057945
0.085147
0.232182
0.221245
0.121232
0.222898
0.091511
0.258481
0.220840
0.372365
0.873688
0.321903
0.274685
0.349297
0.306321
0.063840
0.295400
0.206479
0.151909
0.266229
0.084487
0.240440
0.213873
0.128281
0.241724
0.093665
0.186162
0.188020
0.169685
0.374247
0.192369
0.305107
0.137437
0.246818
0.056027
0.201133
0.044740
0.253788
0.184095
0.475588
0.120329
0.293773
0.214088
0.291974
0.537270
0.264617
0.252687
0.241550
0.126280
0.058769
0.307005
0.201611
0.142737
0.173082
0.077442
0.173276
0.316031
0.431609
0.809422
0.347818
0.413854
0.290619
0.140306
0.084270
0.257503
0.384835
0.152122
0.273700
0.063402
0.250950
0.256938
0.073570
0.224862
0.192338
0.282166
0.253331
0.135899
0.432102
0.231242
0.411098
0.077515
0.291026
0.056015
0.253031
0.096863
0.330267
0.257648
0.390080
0.114024
0.362138
0.219010
0.254870
0.645533
0.276890
0.196237
0.192156
0.175439
0.072752
0.254375
0.171520
0.065477
0.177123
0.154989
0.204593
0.146629
0.491673
0.607126
0.402447
0.403683
0.250627
0.144474
0.056571
0.233099
0.452340
0.205507
0.311148
0.148816
0.252159
0.217912
0.146421
0.235578
0.237468
0.247930
0.273698
0.082715
0.487256
0.257779
0.358919
0.167077
0.212899
0.149681
0.259310
0.100601
0.242323
0.300522
0.206153
0.052608
0.278587
0.257861
0.233934
0.669352
0.259923
0.165401
0.236500
0.231940
0.077991
0.162074
0.224323
0.117559
0.216843
0.149788
0.283427
0.056561
0.470200
0.405088
0.396011
0.362871
0.255740
0.123635
0.066915
0.201445
0.400272
0.141589
0.301282
0.150604
0.278411
0.141153
0.243170
0.185775
0.201346
0.204458
0.278310
0.125824
0.471459
0.291735
0.307003
0.183205
0.172638
0.298064
0.233873
0.159468
0.135784
0.282730
0.214049
0.060617
0.191805
0.260476
0.210664
0.574824
0.147995
0.156644
0.260179
0.248005
0.129035
0.076293
0.227284
0.169451
0.323041
0.138006
0.251736
0.131888
0.442646
0.334888
0.259511
0.332608
0.258440
0.088778
0.135228
0.010358
0.363083
0.130426
0.220607
0.143624
0.370455
0.085479
0.234964
0.261063
0.270073
0.263784
0.263312
0.195705
0.408166
0.308602
0.264688
0.144666
0.149418
0.295965
0.196969
0.177392
0.121547
0.232425
0.214455
0.117048
0.193207
0.246933
0.130319
0.454468
0.142889
0.082289
0.187435
0.222484
0.114056
0.090491
0.189926
0.206409
0.427465
0.151736
0.345506
0.114022
0.384176
0.350867
0.212502
0.278636
0.245186
0.193684
0.099733
0.146586
0.437363
0.120292
0.110706
0.172770
0.392435
0.081762
0.162567
0.291431
0.259775
0.214828
0.276189
0.261221
0.420558
0.353638
0.227693
0.165397
0.245260
0.332956
0.195273
0.110387
0.139263
0.205846
0.153694
0.230681
0.243149
0.176600
0.073146
0.338171
0.180649
0.153610
0.085001
0.198407
0.148281
0.123098
0.163583
0.101790
0.513054
0.122330
0.442088
0.084369
0.365710
0.314098
0.271543
0.130508
0.263776
0.286497
0.050373
0.185319
0.347325
0.064782
0.165489
0.266064
0.237564
0.091211
0.115684
0.319895
0.177062
0.051671
0.282432
0.290444
0.354308
0.354755
0.211275
0.168416
0.169601
0.259568
0.170096
0.055884
0.251976
0.205567
0.101477
0.255027
0.223858
0.209673
0.121802
0.260631
0.265020
0.144233
0.140622
0.133749
0.229034
0.183395
0.122369
0.242437
0.566406
0.137710
0.395464
0.168319
0.444008
0.225845
0.247796
0.173088
0.301381
0.315259
0.141881
0.227333
0.120081
0.072694
0.205817
0.263840
0.194099
0.077852
0.124987
0.406643
0.110550
0.113165
0.233561
0.227694
0.261418
0.336871
0.202080
0.166167
0.052447
0.335392
0.155402
0.120073
0.359615
0.177932
0.064489
0.172797
0.310492
0.245505
0.306825
0.183149
0.137427
0.061773
0.146941
0.115781
0.215665
0.284500
0.091866
0.368960
0.439872
0.170879
0.269684
0.191860
0.463670
0.073289
0.218712
0.212705
0.270904
0.324591
0.201770
0.283606
0.190681
0.085582
0.257420
0.179405
0.108611
0.110919
0.149747
0.433515
0.077045
0.109351
0.226463
0.189263
0.388061
0.318264
0.177355
0.143755
0.251608
0.309030
0.109444
0.133924
0.357703
0.151420
0.007528
0.165555
0.286265
0.219591
0.260261
0.242799
0.175335
0.101504
0.120728
0.099758
0.162877
0.240231
0.089860
0.399448
0.280907
0.268552
0.120351
0.143254
0.337658
0.022474
0.214205
0.260567
0.153191
0.364448
0.168833
0.247968
0.201832
0.072186
0.161304
0.096535
0.104484
0.109074
0.150662
0.327701
0.071206
0.234255
0.244586
0.157996
0.323247
0.354857
0.130465
0.126779
0.373326
0.260771
0.266715
0.053663
0.318553
0.220500
0.127289
0.187437
0.255331
0.105179
0.200062
0.302148
0.364622
0.205458
0.130473
0.100874
0.127046
0.204684
0.161859
0.339998
0.202228
0.357887
0.097001
0.097254
0.152082
0.154880
0.179040
0.372076
0.068823
0.391220
0.134878
0.246049
0.199817
0.120106
0.167259
0.070562
0.074326
0.059039
0.103370
0.252870
0.049043
0.347236
0.199722
0.136098
0.264892
0.299060
0.138127
0.077696
0.246490
0.312683
0.259384
0.059242
0.352722
0.285747
0.112946
0.168192
0.242122
0.037298
0.214848
0.402245
0.427006
0.274883
0.166973
0.053774
0.095767
0.275817
0.147429
0.198736
0.205822
0.410366
0.278920
0.081264
0.055206
0.269153
0.265830
0.428996
0.128529
0.346794
0.130759
0.338970
0.218892
0.054403
0.074074
0.110119
0.107518
0.033708
0.218876
0.200106
0.014753
0.287123
0.225708
0.123173
0.318873
0.126522
0.109295
0.126797
0.304037
0.304844
0.320266
0.115563
0.399713
0.295910
0.045713
0.104352
0.153066
0.094541
0.246772
0.467817
0.455660
0.246811
0.193174
0.105333
0.129931
0.328313
0.072507
0.113551
0.191142
0.278320
0.378605
0.115210
0.067544
0.450389
0.378440
0.366542
0.101237
0.190693
0.170732
0.367830
0.266170
0.182472
0.055641
0.057913
0.207015
0.042511
0.299639
0.125668
0.103479
0.144399
0.227717
0.190402
0.287189
0.040272
0.195557
0.151154
0.332049
0.202813
0.365919
0.159573
0.415370
0.202831
0.083091
0.031281
0.153263
0.121421
0.176462
0.530549
0.462441
0.278750
0.185759
0.129619
0.130431
0.221752
0.088577
0.052484
0.147281
0.163748
0.292805
0.217626
0.117299
0.583661
0.434272
0.301217
0.073455
0.153898
0.231402
0.200580
0.363191
0.334085
0.092519
0.020015
0.311962
0.122203
0.251441
0.044868
0.230967
0.196398
0.206267
0.238228
0.150033
0.070419
0.215763
0.033187
0.331384
0.192739
0.397491
0.126146
0.286331
0.173364
0.024420
0.147713
0.248720
0.129818
0.135804
0.465729
0.429316
0.280082
0.157808
0.130930
0.073667
0.029327
0.105117
0.169480
0.145543
0.226077
0.254288
0.344494
0.079823
0.647875
0.408933
0.361745
0.127737
0.159886
0.263967
0.136332
0.445852
0.304600
0.065276
0.134710
0.239295
0.083984
0.127159
0.215963
0.294704
0.209976
0.174885
0.166528
0.299988
0.121936
0.185482
0.106310
0.157383
0.295535
0.342660
0.076488
0.143093
0.241254
0.078449
0.220018
0.250494
0.110943
0.082342
0.316388
0.359331
0.259711
0.156232
0.036792
0.012888
0.139995
0.162210
0.108316
0.078916
0.340700
0.262071
0.336198
0.115164
0.568665
0.419555
0.558136
0.202323
0.233133
0.281167
0.129823
0.490751
0.241879
0.100737
0.125872
0.148044
0.109759
0.056084
0.249466
0.222549
0.104274
0.253743
0.151836
0.293670
0.142881
0.131758
0.154997
0.132318
0.524959
0.180773
0.155165
0.070082
0.248909
0.099911
0.169469
0.145032
0.187354
0.092761
0.228960
0.240614
0.223107
0.131512
0.051524
0.031338
0.247977
0.057807
0.112454
0.046766
0.262196
0.318942
0.149694
0.108023
0.516404
0.485245
0.508769
0.276539
0.193289
0.184204
0.029156
0.378300
0.181087
0.053471
0.064653
0.148564
0.123642
0.172469
0.173982
0.114211
0.181646
0.332293
0.218215
0.220659
0.088605
0.123653
0.214858
0.085184
0.444691
0.046081
0.157074
0.221088
0.216515
0.121825
0.045249
0.249116
0.113649
0.108363
0.291812
0.202648
0.252824
0.081568
0.077711
0.093773
0.251961
0.096053
0.289219
0.100495
0.151791
0.358280
0.025470
0.338116
0.516338
0.417273
0.285426
0.339356
0.090065
0.140432
0.242170
0.193346
0.199049
0.049201
0.084252
0.179616
0.074880
0.291794
0.192172
0.159207
0.256741
0.436346
0.303061
0.159527
0.125472
0.211153
0.215039
0.108087
0.257154
0.042898
0.152835
0.373040
0.122031
0.075549
0.136346
0.292381
0.183808
0.151167
0.401336
0.202186
0.137887
0.077299
0.101672
0.155402
0.198079
0.068499
0.292989
0.090495
0.217280
0.249720
0.097006
0.446158
0.547286
0.324783
0.191095
0.285397
0.067262
0.101874
0.344816
0.085461
0.106805
0.081085
0.102934
0.091522
0.165972
0.296278
0.284968
0.341354
0.272405
0.451268
0.345533
0.244650
0.287743
0.192044
0.203545
0.154305
0.272150
0.058026
0.124501
0.441033
0.107035
0.129875
0.164028
0.221982
0.212216
0.250625
0.423749
0.114398
0.089358
0.123487
0.234530
0.208022
0.220816
0.009300
0.242618
0.043392
0.327623
0.159825
0.187072
0.412803
0.491754
0.125019
0.270692
0.174088
0.263454
0.073560
0.294875
0.124859
0.075213
0.104315
0.020354
0.108030
0.133842
0.287074
0.264687
0.448074
0.271202
0.431140
0.306960
0.369590
0.428128
0.026313
0.152253
0.134502
0.180459
0.090992
0.140672
0.475173
0.191341
0.113632
0.150423
0.162534
0.093544
0.290360
0.373647
0.098454
0.093416
0.206157
0.319196
0.141775
0.209911
0.138867
0.134862
0.099962
0.255267
0.104080
0.238946
0.306207
0.337218
0.176343
0.301039
0.111756
0.336619
0.221415
0.314947
0.069976
0.123608
0.151219
0.120635
0.090533
0.040644
0.196211
0.109138
0.389521
0.268187
0.460948
0.328719
0.418690
0.459730
0.162917
0.099666
0.166724
0.123622
0.122209
0.167515
0.397475
0.364477
0.104040
0.162235
0.149536
0.055773
0.268669
0.315463
0.195866
0.027478
0.180781
0.269094
0.108498
0.099791
0.223079
0.105431
0.229300
0.082839
0.160637
0.353036
0.279294
0.158472
0.212914
0.280610
0.186146
0.392887
0.364539
0.390542
0.043688
0.094231
0.221992
0.244199
0.037917
0.087502
0.164772
0.047774
0.233638
0.224986
0.413507
0.400928
0.346259
0.395006
0.095550
0.096696
0.221819
0.117305
0.043787
0.163183
0.320616
0.532925
0.194886
0.063841
0.211136
0.114740
0.258425
0.253719
0.237611
0.136333
0.062448
0.206618
0.133715
0.067742
0.146697
0.204066
0.251855
0.059793
0.188784
0.310957
0.280998
0.108291
0.036275
0.360231
0.244195
0.493895
0.373099
0.399089
0.151445
0.086404
0.301616
0.305246
0.072453
0.196192
0.060445
0.167313
0.224907
0.053775
0.332471
0.362001
0.260352
0.402291
0.038345
0.047074
0.289733
0.080684
0.199410
0.277987
0.290817
0.675045
0.293297
0.115236
0.163090
0.063173
0.278907
0.254926
0.240144
0.264021
0.211257
0.244183
0.111966
0.051479
0.028819
0.324200
0.261001
0.024419
0.073331
0.233272
0.299545
0.080525
0.223582
0.387946
0.273568
0.532649
0.252805
0.298397
0.183215
0.152244
0.377701
0.349548
0.167103
0.272208
0.157743
0.153936
0.216749
0.099412
0.109487
0.334151
0.180530
0.424921
0.044807
0.032384
0.265090
0.113763
0.260020
0.302949
0.306892
0.687705
0.106027
0.114455
0.133252
0.131678
0.309260
0.206484
0.172145
0.362742
0.287721
0.402955
0.109865
0.051303
0.074073
0.351470
0.327514
0.133984
0.106871
0.222601
0.306767
0.065486
0.287765
0.450296
0.164627
0.479065
0.154723
0.227567
0.122174
0.146313
0.332693
0.297946
0.074329
0.375736
0.246045
0.029222
0.118278
0.055836
0.081029
0.272720
0.100144
0.288291
0.059916
0.046515
0.314519
0.237008
0.280875
0.306855
0.293846
0.573047
0.074433
0.139937
0.177045
0.041349
0.293766
0.108061
0.196040
0.319910
0.322724
0.417615
0.090186
0.205196
0.006309
0.266975
0.344298
0.134762
0.207914
0.215162
0.309311
0.065433
0.170599
0.639519
0.053719
0.410841
0.201280
0.239780
0.068973
0.158349
0.276411
0.118885
0.069285
0.343519
0.306791
0.048770
0.050107
0.054009
0.181426
0.173213
0.122850
0.195356
0.000986
0.181271
0.297272
0.234494
0.263760
0.171481
0.231752
0.445103
0.062879
0.072172
0.192577
0.151086
0.252941
0.152251
0.222518
0.310719
0.278107
0.258914
0.155971
0.289043
0.129355
0.239742
0.304245
0.140528
0.229301
0.208036
0.325370
0.162400
0.133644
0.695361
0.042175
0.407825
0.352626
0.159347
0.015162
0.073029
0.185176
0.037007
0.124065
0.334331
0.287484
0.140228
0.058607
0.166925
0.311894
0.139490
0.187011
0.166373
0.115984
0.239508
0.239885
0.163622
0.117049
0.096106
0.164900
0.355394
0.084441
0.049557
0.269452
0.242505
0.168147
0.273603
0.247813
0.263945
0.234710
0.166064
0.084360
0.232032
0.263652
0.323791
0.230598
0.041543
0.222086
0.250882
0.331295
0.288780
0.165226
0.561332
0.055183
0.454430
0.407665
0.045653
0.065545
0.166493
0.213988
0.136513
0.112048
0.328691
0.273663
0.271259
0.157408
0.226485
0.374153
0.120451
0.159267
0.187473
0.084609
0.306661
0.128072
0.065101
0.107177
0.069138
0.087765
0.265260
0.061209
0.093913
0.348118
0.199129
0.191235
0.313099
0.323404
0.181158
0.104957
0.155628
0.071951
0.150008
0.340565
0.328838
0.271428
0.054246
0.258450
0.347780
0.169140
0.325467
0.276754
0.452916
0.194333
0.417696
0.378160
0.162708
0.117483
0.226076
0.244293
0.288327
0.156980
0.494894
0.260216
0.264319
0.247291
0.088044
0.412433
0.067630
0.061851
0.273628
0.048092
0.280123
0.214585
0.067889
0.232016
0.062828
0.110203
0.188295
0.154970
0.121365
0.319266
0.119764
0.139313
0.255853
0.288850
0.022315
0.123512
0.161592
0.164679
0.169006
0.325869
0.225722
0.367553
0.109717
0.313873
0.393908
0.147451
0.239623
0.295879
0.465270
0.266800
0.250129
0.380158
0.313333
0.226903
0.183564
0.165364
0.425954
0.105429
0.553911
0.296395
0.217022
0.323820
0.042539
0.495327
0.032291
0.128690
0.209953
0.106666
0.173475
0.223789
0.116463
0.193313
0.139589
0.054582
0.099589
0.146536
0.208768
0.240073
0.060020
0.075472
0.196633
0.238506
0.074610
0.117590
0.186752
0.157007
0.148022
0.257550
0.179484
0.388513
0.146078
0.338947
0.312986
0.061741
0.195147
0.181232
0.422423
0.292561
0.134326
0.392181
0.422577
0.069322
0.018492
0.083890
0.497378
0.147735
0.474185
0.296488
0.242711
0.273706
0.057333
0.571691
0.153861
0.140062
0.179804
0.116995
0.105265
0.147498
0.127335
0.271009
0.222420
0.088034
0.182054
0.180514
0.315805
0.299737
0.091711
0.079441
0.278858
0.082005
0.194513
0.038509
0.231070
0.180289
0.157838
0.313432
0.222262
0.364942
0.136651
0.412193
0.218042
0.195930
0.211480
0.082034
0.234130
0.306195
0.081717
0.328463
0.480374
0.079532
0.053938
0.134782
0.460434
0.145940
0.322196
0.228576
0.271026
0.190230
0.107478
0.456855
0.247979
0.201902
0.123045
0.026221
0.092584
0.023487
0.067741
0.272192
0.360660
0.147892
0.105626
0.296207
0.366972
0.411260
0.109388
0.127603
0.425571
0.029081
0.284797
0.124742
0.189396
0.163674
0.199880
0.341201
0.224518
0.285830
0.203523
0.455737
0.130949
0.223639
0.187635
0.128465
0.124611
0.304471
0.044435
0.163281
0.621963
0.148168
0.184228
0.117586
0.409823
0.093442
0.311091
0.167615
0.285071
0.112994
0.100153
0.299815
0.278920
0.324850
0.080814
0.193243
0.124361
0.064561
0.126577
0.255034
0.366914
0.082203
0.093524
0.166023
0.397407
0.386260
0.212641
0.266816
0.443303
0.053254
0.313229
0.179062
0.244283
0.154281
0.289834
0.243587
0.328463
0.145523
0.373047
0.471118
0.116188
0.117764
0.193211
0.198330
0.022258
0.254385
0.130521
0.112565
0.674754
0.136278
0.224984
0.041920
0.358314
0.144913
0.349502
0.203321
0.256001
0.106330
0.117266
0.285202
0.210206
0.425709
0.156722
0.360229
0.196443
0.130785
0.190566
0.204416
0.473996
0.046093
0.234331
0.124520
0.430277
0.316938
0.271041
0.281372
0.276270
0.139667
0.317189
0.222235
0.207384
0.196176
0.352504
0.060712
0.356091
0.060216
0.406721
0.473221
0.243323
0.096074
0.239966
0.201029
0.014044
0.133758
0.139842
0.163482
0.566215
0.121886
0.188126
0.100360
0.268635
0.052821
0.399238
0.099753
0.190298
0.215705
0.071725
0.340395
0.100043
0.369109
0.192230
0.373633
0.349659
0.248037
0.193714
0.305013
0.347023
0.124370
0.195568
0.206324
0.459766
0.288353
0.187539
0.328360
0.160611
0.215737
0.286151
0.255617
0.180133
0.149950
0.222005
0.159776
0.346443
0.034949
0.276189
0.388358
0.379184
0.133224
0.327221
0.172959
0.083042
0.019831
0.183679
0.103364
0.470617
0.199639
0.217102
0.113415
0.201761
0.129385
0.347577
0.064453
0.158975
0.241184
0.102227
0.350055
0.199260
0.308834
0.114148
0.293348
0.519183
0.218260
0.302213
0.372160
0.140756
0.060202
0.124486
0.319985
0.490324
0.201642
0.092412
0.460114
0.192147
0.320795
0.316987
0.207733
0.185232
0.070540
0.070577
0.252820
0.508161
0.064093
0.180607
0.315231
0.289359
0.190220
0.234385
0.066781
0.168066
0.126713
0.205977
0.062241
0.429885
0.320803
0.144125
0.165551
0.192863
0.113395
0.155919
0.176929
0.133247
0.195713
0.249211
0.178202
0.236782
0.180313
0.129863
0.307957
0.470531
0.156329
0.259098
0.318335
0.042146
0.047611
0.159731
0.427584
0.457525
0.212575
0.080907
0.499846
0.131979
0.457618
0.407468
0.222956
0.287387
0.157469
0.081266
0.178598
0.502872
0.146044
0.208115
0.315973
0.305167
0.168376
0.192892
0.069220
0.227385
0.264445
0.252979
0.155614
0.380998
0.325149
0.126296
0.264806
0.195279
0.189607
0.127090
0.189166
0.231197
0.198120
0.199039
0.098372
0.352342
0.046818
0.218590
0.319914
0.333957
0.235234
0.156833
0.287245
0.066135
0.086010
0.138380
0.494910
0.366257
0.166249
0.079785
0.326147
0.147138
0.536714
0.419690
0.184318
0.197437
0.192706
0.264137
0.092046
0.312433
0.109534
0.176751
0.327609
0.207172
0.151606
0.186815
0.052917
0.146762
0.352076
0.299898
0.156137
0.394054
0.231986
0.165526
0.353563
0.039247
0.141435
0.165564
0.252246
0.308461
0.266392
0.106695
0.160184
0.232701
0.203521
0.227196
0.240067
0.323995
0.203349
0.171328
0.267862
0.227017
0.045432
0.133847
0.503136
0.301493
0.194425
0.113483
0.237318
0.233613
0.578309
0.356599
0.195961
0.085089
0.178118
0.340935
0.073308
0.191134
0.029871
0.324225
0.325390
0.092655
0.247291
0.175511
0.112147
0.072827
0.354577
0.222273
0.199846
0.386157
0.089985
0.226376
0.317156
0.172963
0.107962
0.134669
0.332158
0.311246
0.363324
0.085837
0.194533
0.155647
0.379373
0.234280
0.117290
0.343042
0.103187
0.222180
0.273798
0.363972
0.070691
0.149747
0.461856
0.300155
0.103653
0.129336
0.343910
0.242976
0.490570
0.274450
0.103470
0.041237
0.145108
0.245135
0.104545
0.187603
0.037507
0.343639
0.233604
0.167439
0.192293
0.188502
0.206225
0.081666
0.368627
0.122814
0.353059
0.301758
0.073192
0.257200
0.199898
0.290400
0.256237
0.191879
0.373138
0.286695
0.363471
0.251544
0.270571
0.211870
0.483601
0.370185
0.117688
0.332859
0.088466
0.203131
0.262032
0.348150
0.039138
0.075086
0.361460
0.342833
0.224148
0.127395
0.320147
0.347572
0.391758
0.292831
0.050802
0.112908
0.150139
0.159509
0.107378
0.121767
0.178577
0.299034
0.136733
0.322838
0.201689
0.176863
0.251675
0.101320
0.387866
0.114173
0.422947
0.226943
0.185802
0.254100
0.195663
0.380565
0.316638
0.207115
0.359592
0.347181
0.287291
0.306939
0.246078
0.205316
0.462953
0.313639
0.131029
0.241777
0.169956
0.176849
0.126488
0.313934
0.203844
0.109114
0.215101
0.239966
0.304705
0.121176
0.204087
0.368858
0.314588
0.358074
0.229617
0.109555
0.150697
0.170115
0.081828
0.140964
0.199565
0.250925
0.091048
0.280265
0.187312
0.228641
0.249541
0.093181
0.256190
0.165194
0.285725
0.324157
0.295232
0.274515
0.241448
0.321816
0.289915
0.265111
0.301510
0.360759
0.237437
0.290105
0.287652
0.081903
0.411403
0.189663
0.172497
0.092574
0.156647
0.156365
0.102353
0.235755
0.312691
0.205311
0.116058
0.076222
0.207003
0.121616
0.041648
0.251214
0.169179
0.280528
0.385075
0.144805
0.159095
0.199444
0.132485
0.140517
0.203246
0.179861
0.103505
0.165042
0.197031
0.317280
0.218690
0.124984
0.176408
0.258188
0.116278
0.372744
0.249819
0.259873
0.227279
0.179606
0.286751
0.220349
0.161262
0.331962
0.192543
0.356426
0.243367
0.098308
0.402053
0.158008
0.395887
0.094357
0.290894
0.133148
0.064601
0.241676
0.292664
0.244752
0.180755
0.055861
0.153636
0.127885
0.093863
0.097201
0.111352
0.246345
0.466938
0.204837
0.138897
0.234404
0.091455
0.108087
0.136976
0.143044
0.039936
0.185564
0.195402
0.360690
0.185620
0.108903
0.121472
0.266789
0.032894
0.367158
0.134717
0.274445
0.218731
0.132160
0.321887
0.198723
0.097718
0.295326
0.149919
0.443430
0.186632
0.138144
0.430824
0.032119
0.472951
0.147927
0.269959
0.066190
0.102146
0.184658
0.209027
0.230459
0.064282
0.071098
0.240815
0.142351
0.259445
0.061558
0.074066
0.254145
0.475641
0.145687
0.148362
0.209949
0.100302
0.214150
0.138684
0.304093
0.199986
0.244069
0.201401
0.265671
0.188080
0.106931
0.229078
0.214863
0.069286
0.359189
0.165887
0.222792
0.203936
0.201488
0.203318
0.238987
0.068325
0.216546
0.136469
0.454618
0.112463
0.098595
0.437424
0.207557
0.427095
0.047551
0.108183
0.049191
0.069849
0.104618
0.246129
0.208768
0.023221
0.097149
0.368252
0.082580
0.310370
0.096823
0.078503
0.131413
0.521118
0.167259
0.143868
0.178214
0.117363
0.235249
0.203985
0.375031
0.246590
0.200161
0.152427
0.318074
0.247900
0.149787
0.317629
0.213506
0.060137
0.358336
0.191212
0.191628
0.147454
0.168808
0.136194
0.175349
0.054370
0.087903
0.100621
0.330930
0.145410
0.137247
0.335523
0.166102
0.406017
0.192332
0.118581
0.075350
0.118134
0.065637
0.315879
0.103182
0.075790
0.293539
0.330039
0.063557
0.315685
0.247499
0.092062
0.142457
0.501275
0.300051
0.166799
0.282885
0.182059
0.222479
0.202870
0.243142
0.256946
0.235694
0.162066
0.272284
0.170236
0.149646
0.335013
0.348051
0.086839
0.330395
0.265534
0.123283
0.103084
0.110919
0.099611
0.103652
0.219436
0.085341
0.183113
0.346681
0.166648
0.170188
0.179541
0.039740
0.311987
0.366645
0.230014
0.134810
0.238068
0.105569
0.270227
0.053369
0.207988
0.343785
0.152702
0.029518
0.283475
0.404287
0.110887
0.146680
0.429715
0.405575
0.200267
0.187334
0.146738
0.315720
0.130756
0.064748
0.255111
0.290541
0.170630
0.252364
0.032360
0.124054
0.222183
0.376466
0.246256
0.286503
0.398318
0.188582
0.114643
0.026141
0.071680
0.121493
0.395115
0.226788
0.132260
0.420009
0.115386
0.144509
0.174544
0.100989
0.215295
0.357093
0.308348
0.110995
0.223930
0.077756
0.143453
0.215416
0.111639
0.302651
0.101915
0.222345
0.298647
0.439672
0.115961
0.204226
0.360785
0.435032
0.129386
0.174508
0.100927
0.338683
0.064084
0.132341
0.289021
0.296427
0.105496
0.209882
0.039393
0.145625
0.195314
0.240074
0.242049
0.227609
0.303558
0.280978
0.077627
0.127298
0.061744
0.049583
0.435245
0.300224
0.180449
0.428776
0.035146
0.254969
0.058432
0.238375
0.151798
0.245992
0.274712
0.102569
0.113359
0.171850
0.145833
0.231925
0.068370
0.345699
0.078322
0.342902
0.348455
0.378884
0.215901
0.294343
0.309306
0.448987
0.112579
0.214272
0.180691
0.220477
0.193139
0.112660
0.337391
0.300492
0.065857
0.130148
0.098557
0.313240
0.118433
0.213720
0.123464
0.257423
0.185703
0.259639
0.239024
0.142365
0.078246
0.154671
0.407256
0.263669
0.279129
0.247082
0.113037
0.319510
0.109885
0.175822
0.090737
0.238744
0.261227
0.141752
0.072975
0.166152
0.141087
0.147026
0.129182
0.402845
0.248616
0.303540
0.378908
0.305719
0.284914
0.388210
0.231200
0.463214
0.087794
0.192390
0.181066
0.111208
0.185516
0.111806
0.420096
0.232178
0.128352
0.191091
0.157236
0.315649
0.147618
0.285152
0.064563
0.295226
0.223673
0.177026
0.295370
0.093550
0.113338
0.269842
0.343984
0.161829
0.381594
0.105855
0.145889
0.250110
0.135508
0.098417
0.043009
0.341144
0.293796
0.181922
0.073289
0.237169
0.357091
0.108024
0.150025
0.320944
0.324688
0.189095
0.317767
0.302947
0.282278
0.279400
0.177949
0.380140
0.115662
0.198495
0.114668
0.099831
0.213933
0.170999
0.506050
0.172638
0.152451
0.172933
0.158940
0.204046
0.138651
0.253486
0.194041
0.240278
0.268857
0.171466
0.263755
0.078316
0.155557
0.397497
0.265470
0.135048
0.412833
0.130246
0.141230
0.224602
0.224043
0.111600
0.178406
0.406971
0.267150
0.237759
0.121330
0.210034
0.447141
0.143385
0.220989
0.249608
0.272674
0.107310
0.302212
0.326653
0.323235
0.235902
0.126920
0.270398
0.162705
0.231313
0.090987
0.120155
0.203789
0.247794
0.538051
0.214090
0.188426
0.188749
0.172815
0.222161
0.026627
0.124481
0.294515
0.131745
0.267160
0.170878
0.137892
0.098202
0.199193
0.411179
0.218584
0.154638
0.376236
0.150757
0.205144
0.213417
0.309662
0.146019
0.239053
0.397278
0.127169
0.286890
0.196008
0.118440
0.316307
0.188115
0.267918
0.279873
0.219741
0.033171
0.357169
0.314534
0.281427
0.179926
0.055524
0.222957
0.201538
0.267235
0.140505
0.102984
0.243067
0.291321
0.465752
0.323366
0.157801
0.156878
0.282503
0.221276
0.082309
0.095034
0.215168
0.133036
0.172845
0.137668
0.100940
0.120170
0.076502
0.314143
0.213153
0.225121
0.310552
0.104906
0.241914
0.107053
0.345326
0.108603
0.219931
0.356392
0.031612
0.342681
0.220352
0.152110
0.248458
0.182163
0.245984
0.250847
0.203572
0.167244
0.319945
0.236641
0.234691
0.126848
0.057745
0.128776
0.138129
0.254722
0.184002
0.150358
0.139230
0.259483
0.394746
0.303946
0.068427
0.102922
0.235137
0.252027
0.089049
0.169536
0.236564
0.250881
0.124234
0.042600
0.232219
0.164211
0.114214
0.229549
0.182441
0.256724
0.217396
0.164467
0.238623
0.114230
0.392215
0.147050
0.254512
0.247348
0.065919
0.316681
0.073876
0.257277
0.378113
0.185974
0.246652
0.082389
0.320978
0.212590
0.294027
0.226963
0.155009
0.115112
0.092024
0.042291
0.179204
0.283958
0.144960
0.143184
0.015911
0.222981
0.392689
0.264840
0.044315
0.060594
0.165539
0.145890
0.119514
0.362133
0.249414
0.255168
0.156852
0.111531
0.366103
0.245336
0.183568
0.253067
0.089901
0.131550
0.178799
0.232980
0.120999
0.348348
0.320903
0.201611
0.296481
0.076257
0.112933
0.171498
0.081023
0.251274
0.498900
0.195169
0.341727
0.091793
0.222537
0.166645
0.223353
0.094413
0.181137
0.243481
0.117039
0.100899
0.171762
0.413062
0.199390
0.149721
0.064798
0.234840
0.400369
0.294724
0.155261
0.085696
0.276335
0.111404
0.194979
0.424630
0.254074
0.078597
0.201215
0.160850
0.313019
0.248943
0.179386
0.260887
0.052455
0.102873
0.178585
0.293720
0.093574
0.513965
0.206707
0.215714
0.251843
0.051606
0.257974
0.100438
0.125090
0.137284
0.511293
0.163039
0.439519
0.114637
0.134297
0.263219
0.114192
0.109198
0.244956
0.358198
0.204097
0.100332
0.098315
0.447579
0.184131
0.263989
0.021319
0.203945
0.207584
0.216725
0.275714
0.100427
0.431940
0.175780
0.199081
0.394268
0.136819
0.105263
0.097587
0.095217
0.199596
0.174615
0.147004
0.215929
0.128187
0.112189
0.051448
0.413162
0.120595
0.429878
0.188476
0.122464
0.169959
0.071796
0.458111
0.042546
0.099588
0.099553
0.333796
0.175435
0.440386
0.043086
0.145281
0.346114
0.215352
0.096450
0.190903
0.381209
0.338254
0.099985
0.077228
0.526095
0.123422
0.177640
0.172768
0.103968
0.061780
0.160793
0.233929
0.110820
0.333299
0.183514
0.229366
0.367283
0.093716
0.188454
0.123236
0.054367
0.234808
0.190786
0.078592
0.066287
0.100677
0.114553
0.054546
0.528054
0.079213
0.350322
0.198934
0.048669
0.191520
0.077706
0.502902
0.025899
0.194028
0.157678
0.171629
0.145389
0.360118
0.071380
0.237643
0.288737
0.342952
0.128236
0.130461
0.298043
0.253672
0.171819
0.185770
0.424467
0.240648
0.132640
0.191169
0.111746
0.100861
0.196272
0.109031
0.092269
0.124075
0.171657
0.275433
0.238310
0.141036
0.129304
0.302304
0.046192
0.289082
0.271224
0.052747
0.026590
0.057749
0.051268
0.086369
0.447144
0.068692
0.294458
0.121274
0.080413
0.305867
0.144163
0.490987
0.070861
0.350083
0.139524
0.027255
0.121297
0.236478
0.198607
0.348096
0.201622
0.351861
0.244788
0.150700
0.117923
0.147380
0.240445
0.148989
0.258544
0.275280
0.198076
0.176914
0.133577
0.102196
0.251779
0.130614
0.092289
0.157873
0.092462
0.262613
0.069883
0.101048
0.082586
0.225269
0.053616
0.235241
0.195140
0.050843
0.092494
0.126593
0.085987
0.171013
0.325561
0.145941
0.296680
0.197362
0.157330
0.314814
0.084760
0.515566
0.285183
0.393413
0.103232
0.067048
0.034562
0.090061
0.185939
0.370748
0.174455
0.400470
0.204598
0.152220
0.116277
0.072851
0.367444
0.088877
0.253050
0.116568
0.195422
0.158860
0.173775
0.177276
0.193002
0.089791
0.172940
0.123629
0.159855
0.036020
0.111120
0.090563
0.166478
0.099036
0.148192
0.205798
0.098062
0.109610
0.253434
0.137511
0.140066
0.202755
0.324803
0.199719
0.215142
0.345930
0.164824
0.196029
0.101109
0.511747
0.394213
0.309097
0.066779
0.165464
0.080300
0.027198
0.145019
0.270912
0.128856
0.377833
0.173293
0.106966
0.151337
0.045293
0.451917
0.229957
0.471956
0.164126
0.139115
0.172751
0.153213
0.244531
0.092112
0.094692
0.245057
0.033756
0.278908
0.140415
0.195061
0.036999
0.139802
0.040245
0.145061
0.176852
0.059540
0.067920
0.281471
0.064512
0.178998
0.149784
0.189744
0.235932
0.150728
0.263332
0.022062
0.073092
0.143725
0.391447
0.342239
0.123618
0.114025
0.183585
0.209110
0.065653
0.123692
0.185429
0.263782
0.329478
0.161636
0.025385
0.255611
0.028082
0.374017
0.271315
0.566867
0.264031
0.089152
0.099995
0.100481
0.186728
0.178176
0.146043
0.175135
0.100339
0.245857
0.164079
0.286639
0.233442
0.105211
0.100537
0.170442
0.113691
0.091874
0.044721
0.111278
0.046360
0.111384
0.160984
0.109818
0.167677
0.106448
0.191324
0.038216
0.141616
0.079779
0.236338
0.329409
0.018454
0.184663
0.292913
0.197490
0.154240
0.176880
0.039076
0.266880
0.283237
0.205942
0.042128
0.351279
0.086081
0.219989
0.224786
0.494605
0.221122
0.110927
0.027274
0.102461
0.096409
0.226935
0.213931
0.245131
0.177388
0.113647
0.110705
0.403357
0.441993
0.194472
0.078164
0.232024
0.256484
0.186853
0.024835
0.077459
0.131914
0.227578
0.186722
0.069003
0.119919
0.148722
0.231276
0.074342
0.208074
0.115891
0.130255
0.309334
0.122625
0.144166
0.417948
0.173436
0.242518
0.170289
0.062952
0.223763
0.108711
0.336064
0.094840
0.209285
0.161057
0.239257
0.277772
0.393873
0.122464
0.210840
0.043904
0.146251
0.079359
0.134805
0.286632
0.238366
0.154872
0.108759
0.267475
0.434578
0.531512
0.325279
0.050170
0.246248
0.355510
0.210399
0.149280
0.131921
0.192283
0.221780
0.190972
0.077307
0.157050
0.231053
0.350881
0.118771
0.009501
0.294418
0.070377
0.324967
0.173292
0.051618
0.477668
0.258535
0.339025
0.149561
0.208504
0.266288
0.206314
0.342782
0.161759
0.074205
0.144041
0.255612
0.385695
0.400504
0.041337
0.288422
0.087073
0.130997
0.177811
0.052380
0.247573
0.121021
0.208711
0.164697
0.332792
0.436082
0.515573
0.343487
0.066003
0.171560
0.285098
0.158817
0.256762
0.205075
0.221088
0.069778
0.153013
0.105991
0.207154
0.418562
0.391137
0.068423
0.211432
0.589350
0.112892
0.334899
0.197107
0.093228
0.425924
0.234669
0.368008
0.215309
0.341215
0.293070
0.269051
0.225193
0.223155
0.225867
0.063410
0.099992
0.394943
0.467883
0.024035
0.329110
0.109978
0.104521
0.270472
0.242619
0.233766
0.044283
0.367633
0.212998
0.260274
0.405464
0.440132
0.288625
0.104523
0.145203
0.283649
0.145675
0.237298
0.304911
0.255603
0.122480
0.181297
0.160295
0.268163
0.356748
0.357441
0.045667
0.158643
0.589109
0.152282
0.252557
0.231245
0.087917
0.307735
0.054332
0.317702
0.306865
0.404674
0.199517
0.117932
0.187527
0.318106
0.305817
0.072924
0.081407
0.262410
0.373010
0.082056
0.324230
0.082966
0.178516
0.327093
0.349442
0.192486
0.150569
0.420347
0.157889
0.166468
0.235071
0.381199
0.312622
0.183846
0.108625
0.281529
0.183312
0.083953
0.382613
0.264370
0.182505
0.251173
0.132535
0.318704
0.166539
0.263693
0.157221
0.286203
0.379997
0.283844
0.213796
0.186095
0.061591
0.239231
0.108918
0.282638
0.311666
0.413555
0.170857
0.125133
0.187533
0.332612
0.394971
0.206309
0.119201
0.254976
0.373690
0.171395
0.318025
0.123060
0.184588
0.380358
0.257395
0.205564
0.157153
0.304669
0.112480
0.099895
0.076261
0.281860
0.409219
0.199101
0.108627
0.369876
0.213172
0.104316
0.309066
0.367433
0.219723
0.257767
0.202647
0.265251
0.103103
0.265679
0.144905
0.200020
0.306234
0.402983
0.243310
0.262315
0.030512
0.276202
0.041483
0.289872
0.264323
0.503076
0.227730
0.201990
0.157221
0.343506
0.451026
0.293050
0.241517
0.153382
0.430962
0.193634
0.321860
0.150385
0.171375
0.465397
0.119962
0.198044
0.127624
0.229174
0.065257
0.110713
0.080336
0.257600
0.410682
0.146706
0.160653
0.421223
0.179666
0.239173
0.174658
0.325670
0.214957
0.221973
0.292389
0.195746
0.204672
0.335244
0.077714
0.443875
0.410105
0.408612
0.213541
0.249984
0.083040
0.353579
0.046161
0.211505
0.238260
0.408417
0.122493
0.111495
0.196609
0.317753
0.403060
0.296937
0.456831
0.020834
0.414038
0.156673
0.285899
0.090211
0.228810
0.493018
0.030599
0.187790
0.119864
0.207916
0.170897
0.142887
0.157073
0.225077
0.279632
0.049959
0.243947
0.323659
0.240164
0.231684
0.184036
0.277808
0.267988
0.020432
0.301362
0.101185
0.331788
0.306255
0.055013
0.493685
0.492221
0.347487
0.153354
0.181394
0.166458
0.280437
0.151896
0.062031
0.170476
0.140299
0.106211
0.088354
0.148986
0.333844
0.343188
0.166368
0.490323
0.088131
0.225015
0.065742
0.137649
0.069616
0.308794
0.471694
0.038462
0.151149
0.224595
0.214866
0.224488
0.251648
0.155265
0.078872
0.151290
0.054917
0.236731
0.204132
0.285796
0.246928
0.209052
0.182266
0.162764
0.089749
0.244498
0.044657
0.284317
0.225520
0.043793
0.443481
0.390289
0.247191
0.084279
0.095063
0.285033
0.109104
0.190245
0.058338
0.043131
0.176570
0.061883
0.089097
0.135557
0.253513
0.388822
0.087706
0.288385
0.095942
0.069014
0.151914
0.075851
0.110618
0.291153
0.313213
0.092636
0.089359
0.331016
0.183867
0.176638
0.232614
0.072704
0.133689
0.150906
0.104125
0.193127
0.061519
0.303211
0.243606
0.121951
0.052424
0.163440
0.111652
0.193710
0.184678
0.297597
0.113712
0.136986
0.426978
0.209931
0.225048
0.083295
0.146863
0.229499
0.071718
0.109392
0.039545
0.068408
0.132399
0.104814
0.107346
0.203340
0.221552
0.423389
0.108219
0.128876
0.145970
0.070480
0.185765
0.112801
0.171137
0.161377
0.169078
0.171511
0.120533
0.259832
0.166239
0.104154
0.129538
0.139228
0.270278
0.070820
0.064058
0.078737
0.093525
0.332039
0.203686
0.142521
0.231874
0.251032
0.102528
0.213902
0.256000
0.193998
0.098969
0.138293
0.459656
0.152291
0.266158
0.103313
0.125647
0.140357
0.140692
0.152828
0.116120
0.163222
0.100454
0.170624
0.198563
0.189068
0.224261
0.290859
0.189015
0.073842
0.179900
0.179970
0.159153
0.208382
0.132153
0.025280
0.107296
0.105067
0.155575
0.161118
0.199398
0.136698
0.101554
0.203678
0.240086
0.085017
0.030677
0.081609
0.227835
0.266607
0.119525
0.180746
0.292906
0.215432
0.111153
0.204674
0.216758
0.133607
0.165722
0.111466
0.444839
0.142612
0.244350
0.177356
0.092661
0.099736
0.236886
0.113042
0.219349
0.174450
0.248970
0.148918
0.311703
0.107671
0.204066
0.120075
0.242633
0.131560
0.218468
0.233142
0.163359
0.367641
0.093668
0.036260
0.102253
0.036627
0.282165
0.183739
0.224595
0.201207
0.092220
0.180248
0.125671
0.189172
0.124238
0.069686
0.314460
0.202132
0.087067
0.131206
0.290041
0.166910
0.129281
0.146309
0.230948
0.248370
0.252891
0.084404
0.362386
0.074991
0.205771
0.268630
0.150122
0.124005
0.286287
0.100148
0.161388
0.207642
0.342054
0.053703
0.348112
0.092060
0.108070
0.034350
0.224122
0.138701
0.259996
0.342788
0.114182
0.421651
0.031645
0.113376
0.181286
0.023587
0.292540
0.100627
0.236399
0.328998
0.033223
0.190211
0.119447
0.179993
0.224987
0.091260
0.330911
0.156047
0.059346
0.169533
0.331158
0.213549
0.064234
0.099065
0.155356
0.261396
0.260414
0.136695
0.228587
0.131300
0.161549
0.305647
0.223036
0.162200
0.190497
0.134101
0.014157
0.153741
0.289390
0.032761
0.310676
0.140784
0.249953
0.110731
0.188826
0.059555
0.289349
0.343329
0.127085
0.379894
0.054881
0.165389
0.300654
0.044798
0.069512
0.108957
0.173635
0.402811
0.041260
0.274115
0.132285
0.138333
0.313802
0.174995
0.265620
0.241965
0.048952
0.253265
0.306139
0.254373
0.197815
0.164612
0.129418
0.192796
0.329906
0.149320
0.106222
0.169823
0.100742
0.307641
0.168526
0.199757
0.197527
0.193429
0.016186
0.179865
0.363541
0.076726
0.229703
0.116434
0.334808
0.248036
0.197963
0.073057
0.163304
0.359329
0.146621
0.394212
0.096363
0.136786
0.372188
0.179146
0.042440
0.102479
0.114917
0.246412
0.107083
0.406804
0.098632
0.139062
0.302975
0.230914
0.212639
0.356154
0.123751
0.252536
0.232077
0.245204
0.296059
0.108777
0.065959
0.097210
0.366420
0.079190
0.075532
0.222812
0.106454
0.321765
0.051226
0.183933
0.294054
0.158086
0.182005
0.233750
0.255143
0.145703
0.186783
0.127454
0.321582
