# G_5, p = 0.4000 GPa (dir_4000.0_bar).
# D8R-only: 60 rings x 101 frames = 6060 samples.
# Column: per-D8R Delta [A]
0.808695
0.705787
0.577281
0.492756
0.756073
0.808695
0.705801
0.577293
0.492752
0.756073
0.808695
0.705787
0.577300
0.492699
0.756073
0.808683
0.705784
0.577304
0.492690
0.756064
0.808960
0.705357
0.577425
0.492890
0.755744
0.808953
0.705353
0.577448
0.492888
0.755757
0.808941
0.705357
0.577444
0.492776
0.755744
0.808945
0.705359
0.577457
0.492795
0.755752
0.809322
0.705552
0.577398
0.492829
0.755879
0.809322
0.705560
0.577401
0.492829
0.755895
0.809303
0.705533
0.577379
0.492772
0.755879
0.809306
0.705525
0.577390
0.492756
0.755891
0.833098
0.925828
0.655315
0.478698
0.773018
0.749212
0.695485
0.513117
0.490017
0.784295
0.699253
0.706827
0.517903
0.600994
0.869860
0.764649
0.717271
0.594290
0.573591
0.690131
0.714089
0.810122
0.559009
0.422342
0.792015
0.922047
0.801924
0.619118
0.524674
0.802350
0.806830
0.708550
0.668082
0.465450
0.653565
0.783279
0.736194
0.712550
0.414683
0.647958
0.898787
0.508857
0.448014
0.468372
0.711026
0.946446
0.660299
0.626372
0.491193
0.704736
0.747774
0.708495
0.461727
0.358063
0.791892
0.807981
0.753536
0.622387
0.496564
0.705873
0.973367
0.992168
0.652498
0.463943
0.813983
0.715636
0.821316
0.574249
0.578814
0.945666
0.581335
0.711636
0.538111
0.448642
0.886415
0.722446
0.730579
0.586758
0.666029
0.637707
0.627788
0.838135
0.476928
0.331070
0.850041
0.931796
0.821070
0.616727
0.482194
0.946052
0.847961
0.619028
0.707639
0.411529
0.637644
0.728510
0.655177
0.764272
0.368527
0.690642
0.952773
0.320649
0.318419
0.345870
0.624831
0.992359
0.600592
0.680558
0.488756
0.707803
0.727263
0.696259
0.440927
0.184370
0.786311
0.797187
0.786569
0.650719
0.530330
0.692065
1.094136
0.984283
0.479548
0.491034
0.851809
0.624917
0.856885
0.647279
0.638352
1.112647
0.489606
0.630763
0.574638
0.210116
0.864513
0.702637
0.774044
0.574467
0.706878
0.670707
0.606787
0.852925
0.467119
0.258943
0.873790
0.803370
0.786930
0.678803
0.374305
0.991312
0.947827
0.474130
0.652490
0.355291
0.639510
0.866070
0.442749
0.816233
0.399789
0.932792
0.953630
0.319986
0.374444
0.245004
0.576562
0.875952
0.528159
0.611130
0.474833
0.656108
0.739803
0.632393
0.522608
0.212197
0.793683
0.838565
0.807288
0.706670
0.583865
0.698491
1.046578
1.074651
0.306744
0.657605
0.975507
0.540217
0.725808
0.660845
0.643822
1.069742
0.451865
0.450190
0.521141
0.116268
0.875871
0.640735
0.834538
0.554938
0.722394
0.637174
0.617268
0.919098
0.500671
0.157942
0.826207
0.664483
0.660228
0.841454
0.263563
0.844120
1.130927
0.359286
0.595453
0.308437
0.662049
1.113561
0.244639
0.890897
0.515260
1.109898
0.901968
0.469658
0.424597
0.226226
0.500738
0.786860
0.465499
0.488123
0.405664
0.508330
0.813116
0.541877
0.548636
0.257343
0.801752
0.930700
0.909604
0.802772
0.747397
0.655226
0.863283
1.090072
0.231856
0.734867
1.049620
0.486018
0.678782
0.665807
0.630462
0.985035
0.372010
0.337679
0.407806
0.151719
0.853557
0.670255
0.953411
0.547456
0.757682
0.636680
0.623535
0.921100
0.425294
0.126285
0.820985
0.620349
0.455993
0.897790
0.189519
0.767325
1.275914
0.329275
0.544716
0.258814
0.726787
1.216894
0.338276
0.937736
0.693165
1.114255
0.896098
0.627168
0.291867
0.261418
0.493775
0.755844
0.446153
0.405833
0.316517
0.546636
0.915261
0.605653
0.528858
0.171242
0.804610
0.913471
0.937681
0.870093
0.824808
0.564143
0.814452
1.002885
0.259075
0.626245
0.934540
0.409634
0.817013
0.747479
0.716628
0.994589
0.257283
0.481999
0.376021
0.245636
0.772150
0.776024
0.970576
0.538745
0.773272
0.698379
0.613780
0.835838
0.308490
0.184349
0.818095
0.718439
0.354877
0.791194
0.193725
0.830697
1.262015
0.329835
0.429589
0.298786
0.847238
1.020988
0.561365
0.835651
0.706584
1.033022
0.897615
0.619991
0.153887
0.305136
0.517369
0.748268
0.420682
0.454863
0.259998
0.816825
0.920556
0.705604
0.531228
0.276534
0.858737
0.769421
0.881003
0.912557
0.723378
0.482316
0.864827
0.992397
0.278800
0.378543
0.744406
0.413439
0.871255
0.750880
0.826536
1.026957
0.184249
0.749700
0.350194
0.203700
0.713885
0.744712
0.794227
0.450915
0.802240
0.689653
0.655294
0.746979
0.282122
0.229232
0.759094
0.855162
0.383726
0.667692
0.314063
0.803284
1.268821
0.281879
0.342525
0.358223
0.873771
0.780491
0.602017
0.673012
0.666545
0.966793
0.925214
0.566510
0.270157
0.405611
0.523071
0.771554
0.377099
0.477742
0.269262
0.978288
0.785846
0.694668
0.492094
0.278987
0.997995
0.625549
0.826035
0.931509
0.582821
0.487951
0.938552
1.083464
0.307199
0.293880
0.645246
0.418452
0.771389
0.672422
0.809718
0.989465
0.175360
0.863691
0.438609
0.084275
0.662147
0.684344
0.700891
0.296489
0.779217
0.568040
0.695505
0.702618
0.362307
0.179103
0.676420
0.745364
0.624032
0.626046
0.439477
0.663310
1.283326
0.248463
0.385037
0.325253
0.739428
0.749590
0.517183
0.599189
0.673044
0.888683
0.912104
0.464609
0.336968
0.521250
0.534485
0.844729
0.352888
0.474748
0.305279
0.871815
0.709006
0.634851
0.445434
0.170901
1.081682
0.578709
0.767061
0.993261
0.663976
0.517784
0.884988
1.071689
0.231843
0.326358
0.673265
0.413686
0.694197
0.664838
0.713297
0.838425
0.159847
0.754034
0.398937
0.165382
0.551028
0.712427
0.755636
0.267903
0.707050
0.454936
0.689599
0.628025
0.389359
0.217733
0.680836
0.539251
0.725796
0.658949
0.470111
0.543453
1.219839
0.263783
0.344656
0.282269
0.560061
0.757785
0.503443
0.615092
0.786111
0.775037
0.836230
0.321320
0.403009
0.499763
0.484893
0.991183
0.411773
0.391957
0.319086
0.671036
0.724433
0.565769
0.527333
0.126191
0.985646
0.589948
0.765305
1.018617
0.706205
0.515273
0.766321
0.871629
0.241857
0.332099
0.673340
0.392533
0.728885
0.655104
0.659684
0.741563
0.248260
0.633370
0.297570
0.212497
0.530681
0.792691
0.846025
0.378990
0.645912
0.497722
0.543086
0.497974
0.372219
0.127394
0.704543
0.447826
0.570432
0.753477
0.500811
0.499620
1.026708
0.285433
0.279077
0.273804
0.472066
0.705370
0.589205
0.602042
0.801414
0.724864
0.816331
0.240813
0.355952
0.396988
0.420881
0.994034
0.435147
0.347233
0.267803
0.635828
0.782265
0.558570
0.585087
0.209575
0.802347
0.570945
0.832688
0.958788
0.717899
0.483926
0.584252
0.706743
0.242335
0.299665
0.549525
0.364059
0.704024
0.558379
0.646795
0.677559
0.327128
0.588325
0.403955
0.289295
0.621003
0.852366
0.683984
0.505377
0.498080
0.591851
0.416723
0.489740
0.431628
0.176670
0.629272
0.432779
0.380005
0.762427
0.636634
0.365400
0.863235
0.271389
0.289520
0.293555
0.449118
0.612959
0.628812
0.537945
0.735520
0.705085
0.914682
0.239800
0.225035
0.327868
0.402218
0.873694
0.396620
0.294833
0.223971
0.657072
0.712993
0.568495
0.490362
0.363466
0.673978
0.526780
0.875667
0.822635
0.634026
0.515235
0.461267
0.641332
0.301520
0.343684
0.399041
0.282998
0.706873
0.470787
0.515819
0.615088
0.368314
0.516122
0.397570
0.239013
0.581615
0.917627
0.479151
0.548606
0.341690
0.651018
0.310635
0.520477
0.555307
0.231751
0.482576
0.489489
0.351410
0.574693
0.691348
0.253096
0.708880
0.286578
0.377136
0.239086
0.408472
0.529910
0.663411
0.556400
0.641564
0.698721
1.005434
0.333558
0.216908
0.404626
0.418763
0.762689
0.428692
0.287617
0.196151
0.670049
0.643368
0.569498
0.363683
0.384544
0.552604
0.528979
0.836984
0.643204
0.558348
0.593951
0.382527
0.593664
0.349855
0.403245
0.276425
0.207083
0.737290
0.408876
0.393123
0.474768
0.364326
0.392480
0.359774
0.220945
0.430972
0.896518
0.394811
0.524023
0.217583
0.652523
0.276533
0.517258
0.558890
0.243196
0.398157
0.563524
0.393604
0.365085
0.626402
0.176516
0.658798
0.456783
0.434526
0.238642
0.342851
0.500836
0.655318
0.624635
0.521664
0.594376
0.913787
0.329007
0.248238
0.397877
0.410175
0.787266
0.541898
0.376489
0.261490
0.607860
0.549159
0.536048
0.239452
0.356232
0.472757
0.491563
0.825066
0.449103
0.478366
0.619510
0.368262
0.560624
0.340106
0.342615
0.159401
0.192990
0.668167
0.433923
0.328423
0.434783
0.401099
0.289184
0.317735
0.223003
0.349726
0.742633
0.354360
0.589998
0.128615
0.598257
0.337471
0.465782
0.409029
0.213691
0.343870
0.617172
0.430169
0.313924
0.571774
0.209594
0.629201
0.637990
0.366301
0.310913
0.244227
0.522546
0.636745
0.603936
0.388294
0.444352
0.824513
0.219228
0.243089
0.290195
0.343739
0.795824
0.580947
0.512289
0.335549
0.593554
0.390380
0.493400
0.215113
0.328317
0.486218
0.415744
0.816858
0.314660
0.351781
0.595530
0.377094
0.540405
0.333996
0.227768
0.083516
0.252029
0.536923
0.399064
0.289785
0.413055
0.441495
0.267746
0.290084
0.370508
0.415294
0.635907
0.252459
0.557937
0.132609
0.495320
0.412565
0.474500
0.264821
0.292645
0.387397
0.597503
0.396870
0.402167
0.569800
0.173811
0.576799
0.691926
0.334894
0.324221
0.105137
0.573704
0.608260
0.508610
0.252858
0.285054
0.770990
0.185937
0.248720
0.162596
0.340215
0.692811
0.502604
0.466912
0.470980
0.464459
0.352275
0.530506
0.219743
0.427871
0.475838
0.436766
0.774320
0.275384
0.277290
0.549107
0.300370
0.424034
0.254632
0.170149
0.081820
0.440993
0.414842
0.349391
0.254970
0.222594
0.588201
0.241404
0.203078
0.418707
0.492413
0.635458
0.104049
0.419858
0.121411
0.399188
0.325701
0.462529
0.248592
0.350117
0.419506
0.494876
0.366966
0.407626
0.479482
0.136185
0.478328
0.519193
0.402830
0.366019
0.236599
0.595984
0.691398
0.380701
0.165637
0.172721
0.569252
0.214525
0.309928
0.129387
0.381212
0.521818
0.486037
0.334056
0.565744
0.313292
0.393361
0.596654
0.197364
0.510788
0.438972
0.407898
0.664450
0.170198
0.339203
0.484185
0.196391
0.220781
0.225986
0.232664
0.144616
0.437287
0.393281
0.324662
0.289256
0.038451
0.671325
0.268186
0.146716
0.323832
0.438298
0.664673
0.058544
0.285388
0.204213
0.437180
0.199810
0.379223
0.263710
0.318150
0.427607
0.426468
0.371320
0.259167
0.294184
0.110805
0.327218
0.385065
0.445583
0.274664
0.290541
0.564793
0.816255
0.264287
0.089218
0.167599
0.252361
0.277512
0.361273
0.066339
0.383106
0.355003
0.529332
0.229292
0.665844
0.278043
0.493023
0.647022
0.223406
0.468635
0.355735
0.281615
0.601545
0.111962
0.395378
0.368453
0.223176
0.131964
0.258669
0.218672
0.142580
0.402315
0.347859
0.352137
0.367025
0.070154
0.705061
0.193708
0.199827
0.254800
0.404194
0.656159
0.158253
0.255104
0.245148
0.533776
0.122763
0.225622
0.211656
0.248502
0.355711
0.344675
0.324769
0.086507
0.190421
0.060618
0.238123
0.309283
0.305415
0.166181
0.207627
0.494900
0.830341
0.243938
0.084825
0.228066
0.265820
0.305448
0.394089
0.086044
0.254213
0.198978
0.531510
0.306266
0.688881
0.407177
0.475628
0.609095
0.195372
0.467006
0.212624
0.159595
0.550306
0.117141
0.386591
0.358881
0.279105
0.263218
0.312221
0.104912
0.039652
0.437387
0.229199
0.286906
0.394117
0.228469
0.645939
0.246436
0.256627
0.331055
0.391624
0.571140
0.182693
0.230558
0.218606
0.452907
0.167204
0.140392
0.052867
0.277060
0.313125
0.360114
0.265493
0.118568
0.153795
0.037037
0.221433
0.303541
0.261481
0.148450
0.233707
0.404772
0.651126
0.306999
0.141919
0.232191
0.181354
0.291829
0.442800
0.150918
0.139998
0.186246
0.462555
0.362586
0.631529
0.461199
0.440431
0.460430
0.055011
0.473551
0.127627
0.192053
0.409537
0.086545
0.240567
0.450282
0.224031
0.315398
0.290672
0.092036
0.042763
0.546452
0.141296
0.204541
0.370608
0.225017
0.577076
0.349734
0.215492
0.403174
0.278759
0.452699
0.209267
0.117050
0.164195
0.365707
0.233844
0.158679
0.100277
0.293062
0.299020
0.348914
0.260228
0.226636
0.183105
0.087677
0.118341
0.317851
0.199447
0.169350
0.299496
0.347587
0.464044
0.262533
0.223642
0.286569
0.175322
0.149582
0.466055
0.142903
0.182195
0.249037
0.419778
0.310154
0.463532
0.428271
0.396089
0.371122
0.107745
0.391135
0.093667
0.244933
0.170760
0.225701
0.129738
0.441909
0.269399
0.150722
0.238309
0.107358
0.048162
0.602719
0.301161
0.171328
0.242577
0.133342
0.534283
0.441588
0.109249
0.336557
0.073841
0.305439
0.274902
0.093267
0.106618
0.357621
0.267360
0.206409
0.219139
0.241995
0.292109
0.334669
0.370996
0.257035
0.216586
0.201393
0.020191
0.329020
0.185759
0.266815
0.310031
0.320731
0.268451
0.270049
0.300425
0.433170
0.064060
0.050893
0.500384
0.053801
0.243676
0.428016
0.395979
0.122315
0.288515
0.299633
0.295793
0.318773
0.126422
0.211679
0.085545
0.355706
0.137749
0.328403
0.099238
0.310629
0.237054
0.165135
0.248669
0.169450
0.216020
0.669950
0.279380
0.180163
0.204028
0.180540
0.569638
0.493777
0.047419
0.212022
0.092597
0.131683
0.290093
0.138005
0.098918
0.407926
0.237787
0.204780
0.245909
0.228427
0.258463
0.273098
0.472751
0.264298
0.128943
0.287240
0.070380
0.266820
0.068422
0.353794
0.226620
0.311094
0.213075
0.268966
0.197527
0.453328
0.269759
0.071865
0.495638
0.069111
0.246055
0.430047
0.315854
0.039068
0.100061
0.297193
0.242298
0.247617
0.107223
0.082667
0.144011
0.418871
0.122518
0.277593
0.162065
0.294629
0.230895
0.110379
0.327661
0.067993
0.308433
0.657341
0.254364
0.152194
0.191082
0.303812
0.617361
0.489188
0.045789
0.180464
0.051944
0.089003
0.276943
0.221024
0.224873
0.341680
0.201069
0.213438
0.263439
0.320155
0.250196
0.234886
0.554169
0.220294
0.141604
0.274577
0.099537
0.249285
0.058849
0.314230
0.314046
0.294387
0.245273
0.266875
0.116813
0.358077
0.354878
0.214313
0.495320
0.044803
0.210211
0.376929
0.276806
0.061990
0.064949
0.276623
0.182461
0.109969
0.153992
0.101499
0.135005
0.383663
0.184525
0.051552
0.210080
0.166818
0.164820
0.054495
0.327442
0.128782
0.309004
0.561124
0.335408
0.160864
0.144385
0.293845
0.604070
0.373275
0.073110
0.150979
0.070381
0.111635
0.263629
0.148755
0.323021
0.273173
0.178845
0.152549
0.266417
0.405551
0.209333
0.154608
0.584621
0.247664
0.098588
0.323340
0.085320
0.175116
0.182340
0.191311
0.318937
0.248537
0.209464
0.219801
0.107058
0.330719
0.357738
0.219556
0.468798
0.076170
0.211759
0.364348
0.193008
0.134285
0.066611
0.298399
0.141680
0.050137
0.255305
0.008879
0.112341
0.332288
0.167327
0.090065
0.233560
0.249558
0.093319
0.097218
0.190955
0.182909
0.318704
0.425948
0.291069
0.127717
0.138490
0.245592
0.409518
0.274820
0.148255
0.084361
0.134821
0.072064
0.251936
0.159522
0.371685
0.163506
0.168440
0.085699
0.107591
0.376870
0.153102
0.118201
0.492745
0.206958
0.188371
0.321953
0.037677
0.206301
0.268910
0.089014
0.217823
0.289877
0.042260
0.268865
0.176190
0.437129
0.381187
0.128928
0.353241
0.061071
0.164498
0.438551
0.030837
0.158661
0.103502
0.328180
0.176216
0.126242
0.258595
0.057525
0.131671
0.469912
0.174778
0.060294
0.263981
0.310272
0.005415
0.132850
0.275350
0.262873
0.302285
0.356927
0.046543
0.150457
0.102819
0.173052
0.123006
0.276454
0.231482
0.044897
0.227424
0.041019
0.199620
0.134080
0.253132
0.128779
0.146253
0.185416
0.048697
0.334547
0.076193
0.085509
0.261384
0.151978
0.349849
0.222522
0.023968
0.169528
0.324908
0.106161
0.230043
0.253854
0.176566
0.344133
0.136251
0.438985
0.321798
0.237931
0.251921
0.038603
0.155506
0.390836
0.103275
0.155570
0.224041
0.234194
0.238077
0.124651
0.214552
0.104773
0.214683
0.436258
0.255813
0.088713
0.346273
0.220427
0.048089
0.052942
0.349305
0.455333
0.284579
0.334609
0.068475
0.104012
0.164633
0.063528
0.123956
0.319702
0.211879
0.126019
0.280523
0.174649
0.202377
0.081310
0.310333
0.123048
0.102640
0.197071
0.097792
0.266785
0.093073
0.062390
0.137260
0.100132
0.405228
0.279936
0.022901
0.126704
0.277075
0.106548
0.291186
0.198206
0.331188
0.338900
0.115921
0.301476
0.094165
0.223130
0.144194
0.134371
0.179194
0.242114
0.172822
0.107376
0.247737
0.167270
0.286234
0.140004
0.220071
0.112687
0.291764
0.220110
0.340797
0.165478
0.384014
0.100606
0.097765
0.079844
0.318958
0.466569
0.302938
0.328477
0.052551
0.135768
0.278309
0.053283
0.214355
0.282680
0.081016
0.109287
0.186518
0.280116
0.218149
0.069443
0.424286
0.038813
0.045161
0.083997
0.160148
0.179271
0.201012
0.044187
0.140160
0.076110
0.226924
0.419466
0.102271
0.118084
0.271504
0.258935
0.378566
0.210966
0.391085
0.219621
0.111693
0.138771
0.106535
0.129441
0.100553
0.223290
0.226266
0.057994
0.200676
0.058477
0.306637
0.148222
0.329139
0.216642
0.138215
0.103720
0.350410
0.302634
0.374783
0.156485
0.419615
0.125376
0.135453
0.085525
0.192093
0.437396
0.237918
0.235349
0.032794
0.163812
0.315889
0.073629
0.198687
0.125068
0.107518
0.108152
0.174930
0.333636
0.197839
0.253653
0.361367
0.077380
0.063481
0.168002
0.302859
0.034507
0.158637
0.123454
0.139849
0.118144
0.189244
0.389519
0.152459
0.097625
0.246438
0.339603
0.349958
0.242835
0.428133
0.285891
0.128473
0.124122
0.136226
0.131816
0.132979
0.224549
0.146235
0.106668
0.260024
0.154252
0.284015
0.102925
0.320582
0.268063
0.014648
0.243880
0.302217
0.343084
0.286496
0.141280
0.410095
0.087077
0.066300
0.086309
0.071997
0.412428
0.149528
0.110397
0.118981
0.082941
0.265935
0.062723
0.195523
0.068576
0.082165
0.105146
0.108005
0.307187
0.178960
0.302844
0.235107
0.179298
0.073945
0.149826
0.252412
0.093871
0.054365
0.176989
0.126702
0.086465
0.263932
0.246454
0.202185
0.086489
0.301817
0.376118
0.245926
0.140635
0.419942
0.355012
0.198199
0.161135
0.215994
0.086950
0.284708
0.122966
0.124063
0.130479
0.244964
0.107871
0.215439
0.120887
0.232888
0.310850
0.045482
0.269069
0.113016
0.341441
0.324177
0.143835
0.347274
0.134879
0.018944
0.029876
0.187378
0.305280
0.073968
0.116619
0.246431
0.074655
0.106993
0.126188
0.267434
0.047294
0.102664
0.136845
0.047201
0.250166
0.190308
0.155284
0.218725
0.222338
0.057404
0.150106
0.108486
0.157592
0.075075
0.143493
0.101132
0.086629
0.213203
0.234565
0.201084
0.119672
0.279417
0.394451
0.163127
0.185269
0.420532
0.425396
0.236650
0.148695
0.205562
0.140772
0.353521
0.113046
0.221838
0.114242
0.199385
0.085661
0.100427
0.139121
0.216197
0.371962
0.097350
0.343373
0.095420
0.306955
0.463252
0.080089
0.290834
0.175596
0.146565
0.023966
0.264164
0.228324
0.030669
0.144486
0.381161
0.112437
0.057736
0.268747
0.223285
0.077013
0.136427
0.210274
0.097961
0.225497
0.294428
0.115219
0.137383
0.234551
0.016265
0.236106
0.113093
0.146015
0.083530
0.117818
0.284644
0.073150
0.199407
0.382144
0.251231
0.330413
0.217644
0.413423
0.084116
0.211619
0.390642
0.437494
0.200956
0.257716
0.218851
0.063082
0.330961
0.118200
0.186284
0.210077
0.205051
0.038445
0.188622
0.079424
0.274151
0.504036
0.186399
0.399917
0.256790
0.280131
0.607590
0.106123
0.230917
0.165843
0.261475
0.032549
0.259179
0.162282
0.122038
0.095015
0.406193
0.150702
0.093918
0.215509
0.211408
0.188050
0.189915
0.123803
0.133422
0.320511
0.430160
0.123721
0.090042
0.200817
0.059652
0.232387
0.093932
0.200039
0.150170
0.059903
0.377556
0.138650
0.223364
0.414286
0.308341
0.374006
0.102019
0.356727
0.137896
0.249807
0.419754
0.369752
0.136457
0.260458
0.336671
0.047715
0.286076
0.040111
0.133030
0.287379
0.225724
0.100794
0.204062
0.084051
0.255362
0.629101
0.182094
0.380791
0.245717
0.260292
0.607539
0.160550
0.303822
0.093467
0.193253
0.088353
0.227625
0.083640
0.132853
0.152028
0.305518
0.169780
0.140412
0.127188
0.337444
0.314505
0.186805
0.158202
0.160544
0.410164
0.427932
0.167130
0.134662
0.230030
0.124536
0.251521
0.161366
0.208600
0.271154
0.130354
0.342455
0.138605
0.175663
0.297354
0.300347
0.114985
0.012719
0.249940
0.279766
0.374150
0.476837
0.206468
0.262497
0.373880
0.325461
0.118700
0.402507
0.247377
0.187161
0.380483
0.193375
0.164982
0.295805
0.109671
0.235648
0.637834
0.197451
0.346398
0.271575
0.210131
0.563545
0.136833
0.395228
0.052777
0.132242
0.061967
0.251827
0.101474
0.094369
0.165151
0.291514
0.191503
0.248559
0.229236
0.419764
0.432641
0.175041
0.138056
0.227719
0.468275
0.384818
0.296642
0.215238
0.359240
0.169147
0.251055
0.195524
0.111165
0.243134
0.296776
0.346662
0.113832
0.215145
0.364157
0.363167
0.171570
0.146709
0.154189
0.283393
0.445945
0.483943
0.159355
0.298662
0.521742
0.328949
0.148226
0.358808
0.359238
0.116508
0.456668
0.191352
0.234685
0.367847
0.161440
0.300501
0.553683
0.206397
0.335635
0.214975
0.308889
0.503322
0.093732
0.364893
0.133293
0.159588
0.133348
0.291576
0.133407
0.206423
0.220150
0.340946
0.188059
0.228836
0.383526
0.387624
0.500936
0.198713
0.253881
0.251226
0.445411
0.335333
0.280249
0.269035
0.491773
0.225324
0.294571
0.124189
0.062677
0.322005
0.363552
0.382166
0.074277
0.295021
0.315060
0.385463
0.264900
0.300389
0.167682
0.214922
0.399994
0.369991
0.343049
0.345474
0.537968
0.374212
0.267514
0.305379
0.346995
0.141920
0.566954
0.195408
0.195874
0.255834
0.269907
0.264516
0.451218
0.134147
0.321080
0.234562
0.234776
0.307412
0.012109
0.352797
0.122988
0.206992
0.129161
0.286300
0.208584
0.254095
0.376518
0.360519
0.180959
0.185148
0.402514
0.425245
0.473498
0.213361
0.205498
0.205003
0.508791
0.239992
0.166838
0.302290
0.541569
0.165506
0.249583
0.073388
0.151137
0.359734
0.270251
0.469353
0.066600
0.238794
0.254125
0.319906
0.303867
0.392452
0.196465
0.237349
0.334537
0.228040
0.366741
0.473977
0.599162
0.314857
0.363253
0.399432
0.254511
0.250009
0.626426
0.304726
0.207539
0.131348
0.368056
0.291178
0.431383
0.146815
0.275619
0.287407
0.185594
0.215901
0.033953
0.282275
0.187395
0.257355
0.180847
0.210588
0.183045
0.329114
0.456110
0.301403
0.147994
0.093609
0.342012
0.339226
0.523323
0.196502
0.136807
0.236002
0.549779
0.249309
0.117257
0.233206
0.495071
0.086571
0.222173
0.154600
0.362599
0.516215
0.163360
0.479854
0.134016
0.051315
0.349936
0.320582
0.325960
0.381319
0.083704
0.217587
0.367886
0.225275
0.324491
0.460345
0.752938
0.174903
0.260246
0.542603
0.165678
0.260479
0.727342
0.251306
0.275813
0.181328
0.410059
0.259581
0.394938
0.277310
0.283970
0.442162
0.172811
0.132211
0.159501
0.215957
0.259960
0.338673
0.180674
0.138513
0.136742
0.327888
0.362029
0.244785
0.237078
0.032575
0.397142
0.248462
0.547543
0.050075
0.134601
0.277596
0.620918
0.298910
0.247723
0.188730
0.406370
0.103303
0.187416
0.210133
0.471938
0.639578
0.144318
0.445907
0.321640
0.279990
0.375942
0.423029
0.456939
0.335654
0.052543
0.184141
0.562670
0.306975
0.371821
0.392343
0.905086
0.155470
0.040223
0.621015
0.118105
0.201175
0.730026
0.195656
0.309669
0.177384
0.445596
0.338747
0.284676
0.310895
0.310526
0.541041
0.139975
0.137131
0.274658
0.247097
0.245850
0.413644
0.203082
0.138817
0.106115
0.343899
0.211771
0.230951
0.303838
0.096735
0.479406
0.203359
0.528662
0.208421
0.311102
0.313478
0.549764
0.406467
0.384603
0.167804
0.385146
0.185428
0.185522
0.215221
0.444243
0.636290
0.136882
0.375221
0.419300
0.213801
0.424247
0.359159
0.563935
0.185458
0.011492
0.195959
0.646470
0.264210
0.442036
0.402958
0.915252
0.169890
0.104377
0.548426
0.080529
0.220311
0.608689
0.221346
0.269232
0.168155
0.409849
0.498379
0.312562
0.240345
0.199837
0.552908
0.131042
0.098368
0.348196
0.275713
0.267224
0.442136
0.236030
0.240258
0.177146
0.386037
0.203267
0.235940
0.293276
0.120091
0.452190
0.277203
0.476309
0.168169
0.386069
0.412879
0.439529
0.457132
0.461105
0.113607
0.417915
0.210629
0.212135
0.301727
0.321161
0.592280
0.179645
0.306890
0.379476
0.039786
0.499795
0.239463
0.550421
0.262480
0.064603
0.346673
0.582669
0.238402
0.299983
0.476221
0.780953
0.266421
0.272122
0.453602
0.088406
0.205684
0.484060
0.210176
0.289440
0.096363
0.361284
0.459338
0.398629
0.177845
0.039455
0.550465
0.272187
0.098842
0.373712
0.302135
0.385386
0.398430
0.195691
0.380544
0.154084
0.380041
0.280379
0.163981
0.190732
0.235502
0.391137
0.469197
0.433192
0.227022
0.406127
0.451824
0.280371
0.466990
0.436177
0.130708
0.359808
0.145921
0.266111
0.365118
0.286264
0.636213
0.244371
0.289912
0.282197
0.070692
0.573261
0.279525
0.550008
0.407650
0.055082
0.545892
0.473796
0.219116
0.433737
0.395256
0.728463
0.286065
0.491151
0.450645
0.119090
0.099936
0.482576
0.156885
0.323701
0.104303
0.343838
0.366997
0.412739
0.151913
0.098683
0.648252
0.431961
0.117127
0.389606
0.259347
0.607887
0.512257
0.306291
0.470532
0.226825
0.431524
0.305741
0.277176
0.256791
0.272565
0.329743
0.581699
0.413775
0.376080
0.459382
0.334903
0.291969
0.409911
0.479766
0.224841
0.262882
0.279478
0.387619
0.374021
0.242324
0.666856
0.162312
0.252524
0.259367
0.120420
0.633129
0.531310
0.510099
0.567817
0.094654
0.616447
0.516764
0.238842
0.354612
0.225401
0.754903
0.428489
0.538041
0.501468
0.124114
0.142627
0.562562
0.053082
0.233551
0.219231
0.352861
0.395424
0.340046
0.081502
0.088096
0.664331
0.477991
0.097173
0.432732
0.261799
0.684144
0.665683
0.369240
0.405521
0.259682
0.473347
0.351446
0.328616
0.452424
0.235546
0.287640
0.528433
0.334871
0.536589
0.559890
0.193400
0.393951
0.380329
0.499877
0.222395
0.228685
0.372856
0.581181
0.378543
0.204233
0.684727
0.106517
0.276654
0.262762
0.231740
0.589001
0.573322
0.341307
0.554211
0.087687
0.627432
0.673042
0.243669
0.272304
0.112153
0.682359
0.648416
0.419858
0.457262
0.081770
0.314088
0.655253
0.078768
0.182149
0.276417
0.258396
0.465465
0.283687
0.122075
0.104950
0.683875
0.427080
0.095328
0.460968
0.327710
0.676143
0.720676
0.335459
0.250055
0.250829
0.463599
0.418480
0.323502
0.559618
0.108752
0.325272
0.502592
0.238055
0.531871
0.525044
0.136653
0.447011
0.341585
0.294300
0.195877
0.298149
0.414305
0.693998
0.402480
0.159336
0.700541
0.106485
0.220894
0.264776
0.274212
0.476686
0.497035
0.272669
0.462218
0.116665
0.666598
0.785876
0.287342
0.406664
0.099589
0.546367
0.751555
0.345612
0.384178
0.034940
0.354166
0.684601
0.195819
0.183787
0.260155
0.232305
0.412358
0.299848
0.193172
0.078780
0.795548
0.418783
0.163135
0.436559
0.502330
0.634556
0.610429
0.333289
0.208722
0.385250
0.449673
0.547631
0.295828
0.417002
0.128913
0.416202
0.547313
0.276588
0.501356
0.406896
0.182133
0.447396
0.317715
0.127869
0.245174
0.398925
0.416617
0.671546
0.480136
0.185857
0.653999
0.231538
0.279841
0.327381
0.140273
0.363564
0.580243
0.395020
0.485717
0.160859
0.718413
0.802925
0.387843
0.549870
0.044366
0.559312
0.691449
0.457568
0.326689
0.068767
0.368766
0.679743
0.258980
0.173426
0.304355
0.323236
0.318554
0.342775
0.206283
0.129156
0.932548
0.443265
0.224245
0.452279
0.632286
0.655451
0.526792
0.310781
0.375404
0.319623
0.531491
0.593355
0.341249
0.240993
0.128497
0.523135
0.559200
0.412597
0.540314
0.366141
0.261349
0.508073
0.327382
0.147951
0.301481
0.356622
0.515741
0.562179
0.478407
0.174558
0.565180
0.275854
0.300538
0.440765
0.095573
0.309303
0.722315
0.466517
0.636189
0.322321
0.732279
0.755593
0.529789
0.575696
0.093758
0.512499
0.752162
0.536412
0.280602
0.097745
0.491991
0.577066
0.279974
0.275777
0.337741
0.459502
0.426728
0.345781
0.199547
0.189414
0.882254
0.484250
0.285733
0.501623
0.619200
0.637280
0.544274
0.303242
0.422377
0.190414
0.688118
0.540278
0.315885
0.241474
0.151856
0.535056
0.565687
0.524925
0.472908
0.351101
0.329450
0.594786
0.443268
0.243449
0.304315
0.359527
0.702049
0.445913
0.444545
0.142023
0.545409
0.360539
0.187668
0.499902
0.255585
0.334969
0.712416
0.395490
0.734853
0.373922
0.737821
0.720196
0.551810
0.534115
0.176539
0.344205
0.966785
0.477876
0.292304
0.203227
0.664485
0.514301
0.394941
0.159662
0.301835
0.442128
0.571132
0.316332
0.326341
0.270540
0.825153
0.693082
0.345073
0.555011
0.545812
0.640517
0.670793
0.536991
0.327685
0.154109
0.649624
0.485384
0.202660
0.355244
0.163497
0.570414
0.630391
0.538911
0.348228
0.228893
0.457285
0.654428
0.622703
0.194423
0.310857
0.405118
0.840508
0.424641
0.490176
0.110355
0.598633
0.494777
0.062827
0.541996
0.398162
0.383353
0.614866
0.356461
0.684160
0.282680
0.698503
0.729865
0.512072
0.523852
0.204413
0.221475
1.121083
0.393079
0.428748
0.311491
0.792505
0.484480
0.563294
0.163814
0.353121
0.384395
0.544278
0.314465
0.420664
0.347766
0.778957
0.807499
0.307633
0.462805
0.510969
0.736429
0.749628
0.734350
0.216050
0.189228
0.561577
0.500343
0.224828
0.334437
0.189161
0.660488
0.757196
0.545835
0.300798
0.239215
0.601176
0.654164
0.695275
0.152889
0.403359
0.414123
0.892811
0.462033
0.556447
0.204675
0.659753
0.611246
0.124950
0.490117
0.406630
0.412988
0.590129
0.480347
0.581496
0.264575
0.633485
0.701878
0.486576
0.570943
0.229095
0.268084
1.201209
0.489730
0.516381
0.490889
0.899630
0.491688
0.662770
0.243351
0.447983
0.416674
0.428795
0.305392
0.519553
0.469567
0.744883
0.791205
0.246184
0.367131
0.457559
0.778443
0.795976
0.806877
0.200820
0.279512
0.612377
0.568504
0.343662
0.238224
0.187249
0.603431
0.763272
0.408520
0.389898
0.193117
0.726003
0.672757
0.643852
0.252909
0.522908
0.417373
0.842427
0.479227
0.627679
0.316614
0.545075
0.606259
0.312174
0.415626
0.385381
0.487854
0.576593
0.527222
0.499365
0.397217
0.568734
0.670524
0.513862
0.652867
0.260005
0.314013
1.157756
0.483830
0.472004
0.563130
0.949860
0.435988
0.722325
0.269293
0.523592
0.499707
0.391005
0.315379
0.597001
0.538904
0.632480
0.728460
0.241993
0.330306
0.353628
0.644535
0.859702
0.837988
0.203793
0.425587
0.716665
0.599662
0.414592
0.167040
0.170786
0.504332
0.643945
0.249843
0.428152
0.105578
0.712076
0.676485
0.636506
0.307700
0.532839
0.523599
0.870189
0.451024
0.556002
0.415529
0.433770
0.617289
0.476311
0.351939
0.327968
0.659474
0.529933
0.497148
0.451702
0.517003
0.625402
0.582294
0.557695
0.758223
0.294250
0.195765
0.992780
0.389663
0.254913
0.526980
0.897896
0.329468
0.779355
0.291684
0.610094
0.549728
0.480555
0.346165
0.585476
0.580385
0.667734
0.802730
0.410953
0.458830
0.262307
0.495693
0.861989
0.746636
0.194582
0.522046
0.690346
0.540508
0.443897
0.195516
0.123358
0.532028
0.570995
0.222278
0.286154
0.105407
0.747940
0.695145
0.753819
0.221097
0.476989
0.538850
1.010635
0.374782
0.522852
0.433338
0.428315
0.704966
0.504412
0.441125
0.275657
0.635167
0.512395
0.507076
0.467463
0.474457
0.619144
0.452728
0.595972
0.801399
0.459730
0.113699
0.782200
0.382594
0.106954
0.521807
0.826326
0.303807
0.904999
0.372702
0.549554
0.617216
0.498291
0.432896
0.565710
0.598991
0.700773
0.879333
0.513306
0.507674
0.257987
0.423943
0.757967
0.611350
0.264024
0.501080
0.604232
0.519449
0.546865
0.220253
0.295605
0.670286
0.686791
0.358355
0.211109
0.183290
0.834143
0.785828
0.832229
0.147151
0.459004
0.548882
1.105666
0.319946
0.470532
0.426656
0.489481
0.794138
0.525486
0.513465
0.279036
0.516777
0.558697
0.636674
0.470445
0.372631
0.523582
0.265545
0.531724
0.735895
0.538907
0.306171
0.673502
0.491105
0.051561
0.613728
0.746128
0.301382
0.950046
0.497894
0.437978
0.688802
0.505226
0.520548
0.549563
0.631418
0.565472
0.866034
0.546337
0.407993
0.198501
0.431525
0.704256
0.523976
0.425382
0.357509
0.634219
0.579931
0.597824
0.310353
0.531528
0.778702
0.887405
0.544662
0.215054
0.332310
0.773246
0.852006
0.762455
0.210130
0.458891
0.582660
0.991430
0.377784
0.428255
0.377198
0.518861
0.766007
0.634741
0.497767
0.286261
0.541561
0.531186
0.674384
0.375463
0.334186
0.418676
0.212590
0.398480
0.644890
0.528044
0.629420
0.649087
0.573754
0.172972
0.644756
0.792410
0.330639
0.861030
0.537903
0.379771
0.627397
0.493390
0.542181
0.622350
0.529764
0.495644
0.723039
0.598076
0.282398
0.223864
0.368784
0.738709
0.617994
0.516414
0.363135
0.690585
0.625920
0.511721
0.425571
0.587993
0.856009
0.926394
0.634001
0.364611
0.456639
0.650770
0.752103
0.701997
0.441161
0.395795
0.640539
0.877578
0.498816
0.402043
0.281999
0.492424
0.765826
0.694834
0.371562
0.234082
0.691655
0.507761
0.579930
0.320558
0.373416
0.458443
0.245812
0.353880
0.674170
0.569521
0.708858
0.518358
0.599854
0.307175
0.586813
0.941827
0.433959
0.755671
0.508292
0.408341
0.532149
0.604766
0.541642
0.716584
0.373995
0.340119
0.640500
0.757135
0.280617
0.259279
0.322353
0.817871
0.763222
0.509203
0.559793
0.659533
0.677055
0.484711
0.534026
0.630821
0.934934
0.898857
0.608814
0.477417
0.471690
0.595646
0.554429
0.760479
0.408651
0.305271
0.663847
0.936413
0.529376
0.400959
0.176558
0.446956
0.825531
0.736395
0.289493
0.188691
0.797098
0.606721
0.514523
0.338870
0.403964
0.510353
0.250892
0.416098
0.830878
0.691573
0.649052
0.420787
0.686546
0.447305
0.487423
0.985901
0.537422
0.701838
0.530625
0.416020
0.562165
0.734409
0.608293
0.706657
0.225685
0.232251
0.719712
0.837470
0.377080
0.272499
0.310094
0.807261
0.819890
0.564739
0.743596
0.614589
0.832138
0.639218
0.508163
0.794703
0.920565
0.885081
0.567600
0.490399
0.491992
0.709880
0.465337
0.771279
0.322823
0.382258
0.658835
0.955640
0.466987
0.383404
0.218010
0.496628
0.909102
0.724779
0.247700
0.208933
0.814424
0.784463
0.591596
0.390155
0.428008
0.538690
0.278190
0.470245
0.836702
0.765048
0.563014
0.335515
0.706508
0.400440
0.539127
0.793814
0.650284
0.720634
0.570427
0.443286
0.614360
0.847431
0.635680
0.650870
0.176716
0.314258
0.841181
0.911460
0.476406
0.290393
0.340584
0.662714
0.687655
0.678757
0.718536
0.589169
1.044156
0.786271
0.495857
0.850202
0.843970
0.816409
0.594268
0.471382
0.603565
0.794436
0.484999
0.738265
0.411636
0.512542
0.793894
0.798417
0.475714
0.304767
0.322782
0.592555
0.986037
0.808041
0.251055
0.282723
0.810790
0.831117
0.652971
0.411633
0.476799
0.540632
0.436025
0.521606
0.736412
0.722977
0.592011
0.327764
0.651768
0.404308
0.519208
0.607981
0.688973
0.722751
0.638649
0.428801
0.576601
0.807169
0.570741
0.535879
0.171552
0.321565
0.809697
0.976142
0.407778
0.406227
0.338887
0.530595
0.670081
0.698581
0.672896
0.508751
0.983114
0.809785
0.553091
0.733595
0.776778
0.652935
0.655508
0.374368
0.632126
0.717442
0.556122
0.703187
0.571377
0.570456
0.926332
0.731668
0.517737
0.250408
0.408979
0.663508
1.048881
0.803969
0.367357
0.394135
0.838087
0.741188
0.702760
0.333334
0.554938
0.565627
0.563052
0.565358
0.636526
0.648946
0.591955
0.355520
0.580274
0.440947
0.393292
0.595037
0.667743
0.636725
0.747137
0.425840
0.569210
0.756784
0.596650
0.365756
0.218075
0.312219
0.794860
1.049861
0.399812
0.399294
0.334526
0.485612
0.690567
0.596016
0.690309
0.402779
0.802726
0.773213
0.669638
0.546665
0.761909
0.485541
0.609899
0.359443
0.564594
0.634236
0.611611
0.622399
0.562455
0.499901
0.901052
0.706850
0.539159
0.268132
0.401534
0.699049
1.073877
0.685032
0.547218
0.499813
0.898479
0.633351
0.723729
0.228826
0.605839
0.500683
0.570915
0.630840
0.566973
0.630450
0.668383
0.493515
0.626056
0.471769
0.258571
0.716752
0.602079
0.575625
0.891199
0.351886
0.732370
0.725096
0.778287
0.279664
0.304633
0.279672
0.787172
0.977604
0.516191
0.344758
0.390639
0.445296
0.684756
0.559754
0.645164
0.329387
0.667759
0.785717
0.687907
0.506147
0.739819
0.413522
0.471134
0.391746
0.461100
0.565736
0.566968
0.552631
0.602950
0.478531
0.823336
0.609094
0.579013
0.322927
0.493350
0.779277
1.045951
0.625036
0.537638
0.641716
1.006952
0.634911
0.723355
0.144486
0.622741
0.392821
0.521851
0.638385
0.363948
0.495362
0.788884
0.583998
0.728915
0.352773
0.270895
0.672570
0.584880
0.475687
0.925674
0.305418
0.895184
0.716229
0.902308
0.313992
0.350870
0.248294
0.723358
0.907392
0.576500
0.461642
0.473105
0.373316
0.631154
0.563487
0.466025
0.400411
0.677672
0.789188
0.640260
0.571357
0.577478
0.405266
0.373381
0.397709
0.305247
0.531447
0.384780
0.533782
0.727525
0.526089
0.858885
0.391123
0.618911
0.419380
0.575808
0.829399
0.851737
0.723492
0.402350
0.787561
1.034559
0.671725
0.628877
0.113138
0.591744
0.312137
0.670177
0.556139
0.330416
0.288905
0.864276
0.596803
0.755967
0.281600
0.274035
0.518024
0.648508
0.385503
0.779668
0.392488
0.866752
0.631979
0.847912
0.376313
0.320304
0.229014
0.688571
0.877584
0.506872
0.534921
0.551731
0.346590
0.562444
0.542525
0.284454
0.522051
0.691227
0.747301
0.623965
0.602933
0.380207
0.413019
0.371561
0.400622
0.302000
0.504283
0.245449
0.568403
0.745686
0.524562
0.887540
0.331404
0.761972
0.455930
0.641305
0.833085
0.726264
0.818781
0.399331
0.884348
0.900770
0.611555
0.541271
0.214849
0.513617
0.223198
0.769431
0.424108
0.384719
0.164138
0.812741
0.465549
0.706667
0.355381
0.258445
0.451798
0.715166
0.341569
0.697652
0.573762
0.786483
0.650008
0.695821
0.355029
0.310233
0.194639
0.583297
0.808995
0.591921
0.565158
0.603736
0.409936
0.427751
0.448798
0.332325
0.616809
0.709993
0.743504
0.657477
0.564030
0.322708
0.520425
0.372148
0.422415
0.375938
0.521784
0.293039
0.530177
0.638837
0.497366
0.762861
0.430845
0.882221
0.489074
0.668607
0.788954
0.749050
0.754307
0.553856
0.868281
0.691094
0.407489
0.508753
0.341331
0.397933
0.273291
0.744971
0.412753
0.447565
0.141427
0.774823
0.467620
0.638321
0.444408
0.197973
0.481103
0.677582
0.451541
0.748349
0.574839
0.839028
0.599171
0.677861
0.312178
0.429785
0.254151
0.533331
0.660008
0.709874
0.648905
0.625419
0.461764
0.320568
0.399512
0.385699
0.591826
0.708237
0.758415
0.648683
0.570175
0.235590
0.583173
0.314921
0.509747
0.468275
0.519900
0.370428
0.417569
0.633379
0.517557
0.623728
0.529856
0.819871
0.509806
0.575542
0.820142
0.673449
0.630584
0.609442
0.815375
0.665109
0.353364
0.476468
0.403203
0.271697
0.355545
0.790520
0.439995
0.501991
0.083215
0.763253
0.563883
0.548283
0.415645
0.194595
0.360439
0.650426
0.482099
0.764447
0.450263
0.895985
0.573446
0.729489
0.304891
0.546772
0.425807
0.496423
0.568930
0.590321
0.734603
0.688917
0.466258
0.232527
0.454547
0.420969
0.481785
0.687926
0.722464
0.629689
0.538808
0.313357
0.546322
0.330332
0.494116
0.400341
0.554060
0.289411
0.478421
0.756979
0.484634
0.641533
0.449541
0.696490
0.529319
0.433191
0.819218
0.430076
0.554240
0.523128
0.758135
0.750714
0.386062
0.383626
0.466864
0.197600
0.394004
0.929165
0.530750
0.358534
0.140580
0.698416
0.737356
0.454914
0.408931
0.282939
0.289525
0.666890
0.447373
0.660597
0.408340
0.910656
0.591146
0.672320
0.313700
0.599464
0.394211
0.563214
0.478142
0.419736
0.751523
0.785303
0.367956
0.341299
0.480562
0.359599
0.325235
0.663966
0.650199
0.599815
0.497333
0.474442
0.462365
0.346352
0.468208
0.279665
0.629090
0.245154
0.464626
0.796751
0.364443
0.720711
0.375131
0.514644
0.487736
0.340500
0.760202
0.225631
0.427284
0.482865
0.693193
0.659782
0.434981
0.306840
0.480249
0.202270
0.352077
1.005878
0.556989
0.212570
0.259662
0.586692
0.858706
0.395363
0.485827
0.244963
0.310373
0.679020
0.497357
0.460083
0.479737
0.882351
0.673103
0.537863
0.313549
0.543138
0.393656
0.689311
0.365474
0.457872
0.751692
0.837966
0.345460
0.451175
0.478659
0.234369
0.321360
0.693100
0.547781
0.585489
0.408728
0.517033
0.491506
0.379138
0.416394
0.187688
0.645339
0.309329
0.530173
0.706976
0.242114
0.717605
0.478564
0.367164
0.448438
0.242349
0.714499
0.292804
0.347520
0.560433
0.636249
0.545666
0.415583
0.249043
0.510467
0.252717
0.376430
1.006029
0.519061
0.207295
0.304226
0.512067
0.921783
0.437455
0.559252
0.166069
0.330649
0.617812
0.616841
0.346208
0.509825
0.863326
0.688591
0.472876
0.309669
0.487677
0.430393
0.736659
0.241312
0.585971
0.685413
0.858529
0.375772
0.422617
0.445556
0.254076
0.424795
0.710672
0.415372
0.579939
0.343775
0.493767
0.598471
0.481334
0.329422
0.314353
0.549645
0.431815
0.565072
0.577724
0.191287
0.599624
0.626217
0.200209
0.403702
0.073994
0.716711
0.461778
0.398487
0.649554
0.492125
0.492857
0.373947
0.210615
0.593599
0.192922
0.433052
0.976138
0.466818
0.174510
0.270331
0.512071
0.835623
0.424086
0.598843
0.164068
0.312812
0.566657
0.638918
0.285387
0.473715
0.808551
0.608901
0.480361
0.320564
0.424114
0.524409
0.719640
0.228612
0.585045
0.508355
0.855927
0.442242
0.355400
0.435940
0.181253
0.453618
0.661311
0.308608
0.520058
0.268060
0.540675
0.747967
0.604283
0.255011
0.384404
0.459989
0.462947
0.490146
0.513595
0.204009
0.471603
0.659920
0.104280
0.358240
0.033823
0.604362
0.484927
0.528123
0.619457
0.326383
0.378849
0.426634
0.173821
0.666531
0.074200
0.539240
0.955363
0.527698
0.156460
0.286103
0.446315
0.706470
0.288813
0.630377
0.171971
0.401894
0.557644
0.558175
0.162683
0.440837
0.764425
0.506370
0.484548
0.273342
0.418092
0.545697
0.705373
0.255050
0.566341
0.347190
0.819521
0.518656
0.365155
0.369404
0.187828
0.432872
0.587798
0.188684
0.454867
0.217403
0.456885
0.793544
0.601547
0.335283
0.329520
0.456010
0.496648
0.390900
0.426821
0.200945
0.385650
0.554563
0.132341
0.378690
0.009396
0.515548
0.431227
0.498388
0.563011
0.160065
0.215985
0.330292
0.238090
0.608929
0.041912
0.611274
0.792719
0.619162
0.182478
0.442177
0.308683
0.615116
0.200703
0.609936
0.176308
0.540458
0.733317
0.544564
0.096897
0.397890
0.690666
0.536718
0.431081
0.183670
0.392795
0.506635
0.696272
0.270152
0.682240
0.334478
0.776635
0.605643
0.339924
0.295451
0.290170
0.446153
0.536832
0.155274
0.361425
0.139648
0.283166
0.805310
0.498490
0.401115
0.333669
0.567290
0.499672
0.373029
0.250893
0.166128
0.363817
0.518423
0.226238
0.355339
0.053572
0.453089
0.395777
0.442660
0.536387
0.074106
0.081731
0.187343
0.351745
0.591414
0.033515
0.753031
0.697987
0.678734
0.151326
0.531648
0.177598
0.542455
0.274006
0.511493
0.216490
0.553675
0.755667
0.620146
0.063044
0.287491
0.586169
0.485259
0.388145
0.179425
0.374721
0.517795
0.671791
0.178439
0.713343
0.329949
0.660001
0.585184
0.261552
0.208714
0.350809
0.438710
0.450789
0.094077
0.234459
0.176118
0.433717
0.789558
0.505023
0.350271
0.357102
0.658814
0.523239
0.371863
0.188806
0.172291
0.271135
0.572495
0.403566
0.320333
0.051508
0.376613
0.385724
0.477611
0.476854
0.035679
0.045595
0.233642
0.394656
0.564583
0.100441
0.896079
0.621802
0.641702
0.152774
0.550563
0.153584
0.478958
0.377537
0.328886
0.300745
0.438027
0.530564
0.602740
0.054619
0.218916
0.536317
0.437312
0.434296
0.263872
0.301821
0.636330
0.625039
0.169162
0.565641
0.277130
0.512818
0.579332
0.161725
0.193994
0.324678
0.441968
0.375922
0.092651
0.149501
0.210568
0.474867
0.744916
0.602120
0.197166
0.315620
0.751286
0.618471
0.284504
0.130827
0.167965
0.155990
0.613221
0.491850
0.379030
0.028752
0.289986
0.308462
0.490805
0.416692
0.076846
0.073268
0.431567
0.341976
0.449680
0.233317
0.937140
0.564864
0.605204
0.198410
0.600152
0.166192
0.405586
0.469307
0.156058
0.391493
0.433295
0.260379
0.543288
0.042975
0.229384
0.511317
0.404503
0.438255
0.370084
0.151899
0.652372
0.627968
0.222177
0.328176
0.131760
0.431066
0.553699
0.179857
0.206931
0.350461
0.487603
0.324934
0.135274
0.056135
0.270577
0.443447
0.698762
0.624715
0.075882
0.316856
0.805918
0.712936
0.201235
0.229960
0.166075
0.112812
0.590508
0.521033
0.404690
0.201933
0.250509
0.261257
0.362734
0.321262
0.167580
0.202249
0.534513
0.399210
0.332550
0.341619
0.852493
0.440857
0.567285
0.237894
0.652933
0.197284
0.498200
0.414988
0.116628
0.383927
0.603520
0.178076
0.523264
0.018488
0.261625
0.387366
0.395419
0.413958
0.431465
0.048444
0.595134
0.641208
0.266453
0.164816
0.064069
0.413879
0.509224
0.326850
0.242363
0.380687
0.568856
0.320541
0.242337
0.084906
0.301781
0.407531
0.645594
0.618494
0.106433
0.419918
0.692435
0.735816
0.221183
0.310168
0.198619
0.115354
0.561314
0.444912
0.502057
0.285517
0.182589
0.360839
0.229232
0.277103
0.258930
0.264046
0.431638
0.533132
0.242996
0.355277
0.789375
0.296384
0.535911
0.265320
0.541776
0.219718
0.563106
0.292888
0.159145
0.273252
0.725311
0.196169
0.533345
0.034732
0.207883
0.221323
0.410504
0.448713
0.405778
0.047767
0.630315
0.545914
0.330818
0.128374
0.222212
0.348884
0.496707
0.386648
0.213273
0.188315
0.514645
0.319782
0.309023
0.168746
0.333432
0.476044
0.536133
0.650210
0.172690
0.483689
0.546432
0.685093
0.334277
0.305546
0.235085
0.271437
0.684907
0.365347
0.543983
0.251975
0.161077
0.496914
0.247383
0.288414
0.374611
0.298383
0.307759
0.640003
0.277614
0.300797
0.729085
0.298333
0.469423
0.344282
0.353917
0.246111
0.518715
0.150869
0.179498
0.226944
0.683675
0.176679
0.453895
0.074282
0.171813
0.122331
0.467865
0.515593
0.349249
0.078895
0.732197
0.398603
0.398765
0.049833
0.317341
0.290550
0.502372
0.329236
0.239651
0.182612
0.363738
0.320213
0.305028
0.274249
0.363156
0.542513
0.459536
0.730799
0.167815
0.442580
0.452284
0.637927
0.479295
0.243568
0.275011
0.364699
0.699156
0.370671
0.422206
0.316731
0.129089
0.450348
0.315104
0.190416
0.416561
0.292652
0.257478
0.586567
0.323675
0.215518
0.649682
0.407131
0.483876
0.385978
0.283004
0.283232
0.588370
0.151911
0.132891
0.232155
0.605430
0.155638
0.353510
0.120884
0.248820
0.149919
0.551933
0.408894
0.301322
0.197839
0.674765
0.345921
0.481856
0.067212
0.316414
0.282752
0.551017
0.291464
0.307502
0.228070
0.343835
0.287498
0.267826
0.329281
0.405919
0.513802
0.422549
0.711826
0.212827
0.357895
0.574531
0.687882
0.511360
0.222871
0.290350
0.333053
0.528335
0.463014
0.306037
0.408828
0.193657
0.361998
0.312970
0.062315
0.313700
0.221833
0.316304
0.576297
0.319066
0.284546
0.604586
0.460555
0.456149
0.358087
0.355687
0.288716
0.573062
0.192518
0.156360
0.263442
0.582677
0.191588
0.283526
0.170134
0.291543
0.129197
0.568144
0.271885
0.295822
0.178493
0.483971
0.361547
0.442424
0.197356
0.271115
0.237499
0.620616
0.289681
0.275638
0.242467
0.394652
0.245503
0.311620
0.340369
0.253827
0.564212
0.414386
0.633875
0.131529
0.357240
0.680267
0.691647
0.456855
0.261722
0.259616
0.377848
0.389708
0.500600
0.241057
0.445708
0.192345
0.365931
0.210453
0.227700
0.175342
0.217560
0.452495
0.565023
0.306641
0.360853
0.518640
0.396633
0.362927
0.349317
0.281418
0.368183
0.362324
0.248563
0.205864
0.230743
0.538035
0.196858
0.233093
0.232590
0.230708
0.130678
0.550073
0.296624
0.299242
0.222752
0.283917
0.269825
0.297118
0.243710
0.249019
0.176954
0.670479
0.285815
0.226024
0.115071
0.405551
0.120985
0.333841
0.322743
0.204404
0.548270
0.398709
0.601957
0.014778
0.442847
0.614481
0.678658
0.337422
0.264116
0.236290
0.423066
0.334563
0.410226
0.149465
0.302973
0.214808
0.460492
0.122354
0.280973
0.179503
0.251923
0.529179
0.479791
0.188975
0.357844
0.457066
0.227629
0.221207
0.325944
0.249596
0.526419
0.220778
0.245006
0.182745
0.178666
0.433373
0.106597
0.072659
0.370809
0.159238
0.088943
0.514925
0.254194
0.302035
0.256755
0.217863
0.220138
0.263936
0.169780
0.162249
0.140919
0.624716
0.275080
0.257968
0.101554
0.379579
0.037457
0.309483
0.327943
0.203012
0.444476
0.328586
0.521203
0.026386
0.470259
0.388075
0.598864
0.416091
0.231691
0.285809
0.351814
0.265312
0.324046
0.100079
0.219316
0.232572
0.411234
0.078910
0.290209
0.217771
0.273294
0.541269
0.366851
0.098393
0.257014
0.355208
0.225540
0.253864
0.289802
0.187679
0.622869
0.170093
0.348000
0.135095
0.185095
0.288792
0.041155
0.075239
0.404606
0.178388
0.132569
0.543632
0.318363
0.287889
0.288536
0.246194
0.232263
0.325026
0.191307
0.160334
0.180133
0.510019
0.304747
0.244574
0.067069
0.390459
0.021257
0.262026
0.274029
0.218382
0.361370
0.275441
0.437817
0.088482
0.401164
0.239533
0.440014
0.494910
0.169661
0.356393
0.284707
0.122852
0.383296
0.064105
0.180497
0.317645
0.275049
0.050194
0.270843
0.122052
0.383641
0.537570
0.341752
0.208823
0.237168
0.288932
0.225142
0.204716
0.295511
0.198893
0.586931
0.193549
0.444661
0.074803
0.179018
0.240126
0.045067
0.149348
0.269028
0.145044
0.032745
0.572491
0.210227
0.216465
0.275792
0.375976
0.203797
0.366439
0.153239
0.111325
0.152553
0.389279
0.301933
0.117750
0.088972
0.393574
0.117104
0.388699
0.245270
0.097200
0.251818
0.258169
0.354085
0.224428
0.314748
0.217232
0.232234
0.383144
0.145578
0.363918
0.256753
0.070682
0.476682
0.016700
0.211361
0.299575
0.262655
0.203644
0.280979
0.219985
0.390753
0.599542
0.353589
0.200271
0.176216
0.170309
0.217672
0.112362
0.313183
0.237417
0.526053
0.138520
0.452325
0.115278
0.176786
0.209247
0.144016
0.246637
0.197804
0.207640
0.228668
0.529158
0.103126
0.142051
0.334571
0.423585
0.171802
0.209918
0.040089
0.005867
0.323888
0.411280
0.267329
0.069019
0.187916
0.253865
0.261537
0.484557
0.234821
0.077466
0.250037
0.283384
0.329704
0.336097
0.276458
0.256218
0.173754
0.251107
0.119802
0.256338
0.268420
0.210021
0.439175
0.040427
0.179093
0.303188
0.290960
0.234207
0.316429
0.282423
0.326409
0.585535
0.296936
0.124582
0.178163
0.072422
0.227306
0.011482
0.294207
0.219150
0.493487
0.138035
0.357636
0.192173
0.282097
0.151767
0.275211
0.245764
0.146923
0.206706
0.156080
0.495342
0.162563
0.090093
0.312522
0.297352
0.208080
0.132618
0.107738
0.021181
0.279086
0.551121
0.265741
0.143099
0.179522
0.087752
0.328058
0.503618
0.201013
0.163693
0.243516
0.197033
0.336909
0.320696
0.234743
0.334577
0.258342
0.176576
0.260012
0.068443
0.145778
0.359495
0.444768
0.083728
0.171293
0.294938
0.240423
0.216908
0.288303
0.333005
0.210695
0.530535
0.235626
0.082618
0.216353
0.280620
0.261688
0.075012
0.265455
0.232468
0.496741
0.215668
0.326003
0.147246
0.233313
0.083142
0.411440
0.390940
0.161882
0.247289
0.045161
0.417861
0.155590
0.079669
0.229603
0.130127
0.076497
0.083471
0.195539
0.179520
0.223778
0.565471
0.214298
0.208167
0.284176
0.105100
0.357722
0.471989
0.129559
0.234357
0.239947
0.159606
0.195430
0.267512
0.180389
0.289173
0.364060
0.150650
0.294308
0.101888
0.103443
0.337691
0.452348
0.075426
0.149654
0.259499
0.191866
0.165639
0.135710
0.366944
0.261046
0.562047
0.233795
0.099448
0.197990
0.334330
0.272254
0.108932
0.260948
0.260718
0.477706
0.309163
0.282744
0.155339
0.179852
0.065887
0.490043
0.444522
0.156132
0.243501
0.153823
0.280125
0.115089
0.105198
0.079236
0.137126
0.052491
0.079031
0.288641
0.446850
0.248970
0.385206
0.209106
0.123201
0.176171
0.012780
0.375979
0.370372
0.134163
0.262106
0.175976
0.181132
0.140689
0.251772
0.112084
0.130507
0.312564
0.088115
0.298154
0.119033
0.152908
0.379202
0.406048
0.142992
0.085788
0.231450
0.135225
0.138413
0.054584
0.496486
0.289052
0.668888
0.252356
0.143748
0.183322
0.259663
0.327962
0.050359
0.259539
0.243531
0.481665
0.334388
0.209459
0.326312
0.130165
0.083087
0.526858
0.331380
0.150154
0.147846
0.242098
0.163039
0.130955
0.175295
0.061276
0.273086
0.155132
0.181048
0.262590
0.469981
0.212601
0.208402
0.229139
0.104539
0.179484
0.093591
0.386989
0.280327
0.141326
0.252984
0.113035
0.247979
0.281220
0.222083
0.023666
0.184720
0.258367
0.064033
0.331330
0.044532
0.230824
0.264169
0.201889
0.137598
0.041139
0.289962
0.123282
0.097581
0.068860
0.508906
0.269677
0.623702
0.101979
0.113479
0.151356
0.323601
0.363387
0.060959
0.238399
0.159094
0.446263
0.360628
0.316226
0.461268
0.129108
0.124021
0.542362
0.187719
0.230990
0.165321
0.238391
0.153630
0.213450
0.162113
0.102478
0.321095
0.185383
0.115651
0.164298
0.382075
0.138846
0.085008
0.130464
0.169426
0.150774
0.067620
0.344789
0.343344
0.103302
0.166406
0.061071
0.176283
0.329264
0.181236
0.106074
0.323142
0.269425
0.022552
0.223711
0.087985
0.163179
0.326724
0.135400
0.183666
0.167767
0.326496
0.064411
0.112279
0.093438
0.443790
0.115194
0.433858
0.085451
0.115084
0.201935
0.374192
0.398803
0.213217
0.249394
0.140064
0.408476
0.407453
0.298294
0.407809
0.055558
0.143534
0.530046
0.111443
0.310506
0.128255
0.257431
0.168295
0.226931
0.117972
0.043901
0.235727
0.152831
0.070168
0.134564
0.378316
0.228705
0.087221
0.087897
0.211366
0.125472
0.063470
0.298514
0.309354
0.109794
0.178318
0.059018
0.141972
0.211688
0.059408
0.182317
0.310439
0.345964
0.161989
0.096535
0.152111
0.036152
0.442126
0.164216
0.131660
0.166701
0.311364
0.078382
0.118512
0.181970
0.366990
0.037136
0.333077
0.180091
0.193612
0.187265
0.375867
0.448509
0.293619
0.215755
0.121733
0.338846
0.391430
0.164719
0.335633
0.082537
0.102888
0.515175
0.116754
0.341610
0.099388
0.251241
0.164091
0.172930
0.146768
0.076284
0.220642
0.146224
0.030722
0.157950
0.379665
0.316216
0.206368
0.063324
0.156733
0.089739
0.164369
0.260566
0.249831
0.148811
0.277156
0.123713
0.147874
0.154016
0.129446
0.168529
0.270753
0.348375
0.206081
0.141894
0.222573
0.036504
0.354752
0.239123
0.150696
0.138693
0.236633
0.172066
0.182964
0.289508
0.285931
0.034140
0.394551
0.200596
0.130268
0.130738
0.350176
0.547202
0.176080
0.282292
0.120881
0.262176
0.333944
0.163186
0.337612
0.138951
0.073829
0.448193
0.051351
0.282449
0.207060
0.303206
0.129141
0.155762
0.162120
0.058911
0.212427
0.197595
0.138401
0.168446
0.252484
0.224842
0.156040
0.048360
0.182489
0.099223
0.209244
0.176385
0.255165
0.178195
0.370074
0.131458
0.234681
0.187061
0.143849
0.164900
0.327785
0.296425
0.186057
0.374308
0.209008
0.140712
0.183799
0.232374
0.101481
0.119639
0.161842
0.182433
0.299506
0.375479
0.158822
0.049604
0.312768
0.190766
0.109618
0.014449
0.262739
0.492822
0.098684
0.365781
0.110619
0.224846
0.298511
0.136879
0.345488
0.206005
0.131610
0.349746
0.126941
0.171090
0.254313
0.421024
0.083566
0.168439
0.199378
0.132612
0.131127
0.216414
0.244551
0.206040
0.190836
0.111917
0.173308
0.161765
0.178431
0.119158
0.188203
0.103483
0.403239
0.227442
0.391959
0.089378
0.267045
0.374790
0.234356
0.230924
0.401928
0.272119
0.284360
0.505447
0.181583
0.185790
0.119228
0.236240
0.058608
0.060189
0.120240
0.206556
0.352165
0.462962
0.087341
0.096190
0.224585
0.184480
0.113398
0.070691
0.220803
0.319187
0.027725
0.416553
0.308603
0.191532
0.257052
0.226343
0.286590
0.228425
0.242996
0.255971
0.298480
0.048214
0.242273
0.453280
0.180337
0.132313
0.197397
0.145164
0.130241
0.153484
0.242789
0.331357
0.270054
0.126624
0.259818
0.235123
0.114965
0.053411
0.217958
0.120769
0.453173
0.272990
0.368432
0.120845
0.188622
0.563761
0.425704
0.329824
0.437291
0.223046
0.329580
0.358178
0.195544
0.160081
0.140800
0.332904
0.016817
0.006923
0.128221
0.202495
0.407652
0.551539
0.049966
0.098437
0.098856
0.297063
0.127422
0.139346
0.185171
0.278922
0.022680
0.398244
0.453765
0.240767
0.383077
0.330384
0.268429
0.222600
0.334057
0.189214
0.260856
0.126304
0.257243
0.342680
0.344636
0.047483
0.120256
0.078313
0.078863
0.086097
0.137824
0.316572
0.269983
0.105920
0.249976
0.278297
0.206993
0.111825
0.228106
0.227074
0.491384
0.182991
0.290226
0.234195
0.052913
0.613651
0.493801
0.360808
0.440401
0.076818
0.317793
0.210244
0.144736
0.023047
0.095895
0.374317
0.028796
0.054643
0.180133
0.320200
0.392963
0.483844
0.063950
0.157657
0.049371
0.338128
0.159817
0.144935
0.132367
0.180090
0.150665
0.487190
0.427610
0.314745
0.341482
0.384304
0.369843
0.191856
0.354896
0.162194
0.144356
0.230977
0.230441
0.190055
0.506238
0.094619
0.067371
0.086488
0.027537
0.095363
0.078706
0.272597
0.114518
0.100147
0.129571
0.263027
0.324477
0.235852
0.190643
0.282440
0.554736
0.141726
0.149603
0.267344
0.140608
0.505973
0.501409
0.349326
0.457498
0.104763
0.249775
0.249959
0.111559
0.176890
0.050100
0.365259
0.057863
0.122244
0.162977
0.418791
0.272160
0.380029
0.059089
0.136705
0.195821
0.319314
0.157931
0.049875
0.109282
0.211471
0.301377
0.454310
0.416764
0.277172
0.257772
0.423395
0.329564
0.093438
0.326430
0.102806
0.113189
0.315036
0.240222
0.136486
0.510047
0.092219
0.171507
0.052541
0.094579
0.115436
0.142582
0.229876
0.149758
0.025496
0.150184
0.297174
0.284774
0.279468
0.101797
0.117386
0.524729
0.174295
0.046459
0.185105
0.275565
0.394817
0.450659
0.338844
0.344910
0.152851
0.266460
0.201776
0.161049
0.216731
0.068323
0.242404
0.069401
0.203965
0.217003
0.415760
0.141198
0.359428
0.128762
0.069990
0.331847
0.269080
0.176449
0.140837
0.103669
0.200678
0.233667
0.232629
0.437543
0.212339
0.230499
0.391194
0.210575
0.121327
0.318449
0.116049
0.185344
0.336469
0.130562
0.177112
0.361623
0.118151
0.201449
0.116149
0.212566
0.194640
0.213476
0.251486
0.303688
0.090551
0.192756
0.215463
0.341815
0.212098
0.146840
0.107564
0.369988
0.202622
0.034763
0.138427
0.329841
0.362458
0.338006
0.272977
0.121658
0.190106
0.394501
0.113502
0.140075
0.215947
0.025282
0.198097
0.050525
0.224067
0.255208
0.412931
0.159083
0.364771
0.200387
0.114818
0.452175
0.205304
0.278917
0.149457
0.079790
0.054255
0.167528
0.040054
0.433262
0.213092
0.238697
0.317593
0.117511
0.096611
0.292186
0.071991
0.198585
0.238676
0.069824
0.225550
0.238403
0.117770
0.157223
0.303778
0.230246
0.234712
0.225982
0.210150
0.247537
0.049226
