# G_1, p = 0.4000 GPa (dir_4000.0_bar).
# 6MR distortion Gamma = (1/2)(max - min) over the three opposite-O diagonals.
# 64 rings x 101 frames = 6464 samples.
# Column: per-6MR Gamma [A]
0.000000
0.000010
0.000003
0.000010
0.000003
0.000007
0.000003
0.000010
0.000010
0.000010
0.000010
0.000010
0.000010
0.000010
0.000010
0.000010
0.000003
0.000010
0.000003
0.000010
0.000003
0.000010
0.000003
0.000010
0.000010
0.000010
0.000010
0.000010
0.000010
0.000010
0.000010
0.000010
0.000003
0.000010
0.000003
0.000010
0.000003
0.000010
0.000003
0.000010
0.000010
0.000010
0.000010
0.000010
0.000010
0.000010
0.000010
0.000010
0.000003
0.000010
0.000003
0.000010
0.000003
0.000010
0.000003
0.000010
0.000007
0.000010
0.000010
0.000010
0.000010
0.000007
0.000010
0.000010
0.131580
0.056647
0.045947
0.056344
0.061560
0.027112
0.123120
0.126905
0.157084
0.102602
0.252623
0.058671
0.037824
0.059552
0.237862
0.088416
0.150881
0.064612
0.092437
0.053371
0.096479
0.174795
0.207355
0.147169
0.161243
0.168413
0.098825
0.072408
0.116828
0.163147
0.137949
0.183569
0.200997
0.051098
0.185301
0.121003
0.102890
0.067262
0.116013
0.106023
0.051167
0.240167
0.045375
0.103510
0.077881
0.038806
0.062008
0.121928
0.097926
0.105945
0.052776
0.173234
0.092458
0.036366
0.027080
0.055967
0.088701
0.055567
0.218202
0.053034
0.063281
0.046859
0.173272
0.202920
0.369635
0.144537
0.069735
0.161166
0.059340
0.081822
0.227650
0.349518
0.324146
0.205914
0.466943
0.189754
0.033676
0.179188
0.382543
0.164944
0.305981
0.099984
0.180599
0.105334
0.132092
0.265698
0.241440
0.354729
0.321148
0.173088
0.113135
0.125888
0.271301
0.289953
0.287771
0.236068
0.393454
0.070549
0.266635
0.314336
0.167824
0.100143
0.279725
0.144156
0.106061
0.356430
0.105121
0.203972
0.160311
0.049612
0.140120
0.216883
0.216460
0.215365
0.156080
0.356554
0.210508
0.180826
0.104697
0.099502
0.211406
0.129759
0.392487
0.110871
0.055296
0.054702
0.276723
0.311534
0.533227
0.182466
0.118807
0.284343
0.088325
0.233932
0.286167
0.523842
0.432804
0.149273
0.470343
0.324624
0.127695
0.248861
0.408663
0.217249
0.394069
0.103145
0.227470
0.177695
0.188687
0.313178
0.079989
0.411850
0.365094
0.058093
0.088833
0.163646
0.305432
0.227220
0.454143
0.319437
0.422949
0.135931
0.215182
0.488089
0.153317
0.056345
0.368363
0.156696
0.209632
0.345373
0.237253
0.294228
0.166871
0.043521
0.214781
0.331207
0.212908
0.218989
0.301806
0.334462
0.316122
0.392119
0.172328
0.114041
0.386526
0.223424
0.441453
0.153711
0.012929
0.191429
0.244225
0.362458
0.507378
0.142301
0.237049
0.332724
0.179004
0.421651
0.355542
0.596448
0.497595
0.111579
0.407133
0.458049
0.216114
0.156423
0.370545
0.269882
0.411156
0.234159
0.296108
0.253486
0.225358
0.239494
0.095625
0.289290
0.251408
0.035325
0.022330
0.146032
0.145454
0.087068
0.462042
0.345552
0.353593
0.224223
0.176963
0.500379
0.216549
0.096849
0.341265
0.293451
0.274775
0.372825
0.308132
0.348551
0.123682
0.111956
0.245666
0.398140
0.085324
0.179163
0.429472
0.269621
0.413772
0.467964
0.115853
0.102760
0.499854
0.249598
0.433743
0.203225
0.041230
0.184498
0.177602
0.384147
0.469729
0.080845
0.300810
0.328821
0.207716
0.511999
0.305274
0.575983
0.440840
0.137646
0.284667
0.473055
0.224158
0.084440
0.434315
0.296067
0.298473
0.325357
0.313663
0.281622
0.261671
0.106528
0.169187
0.180074
0.194678
0.046577
0.086396
0.162892
0.062692
0.072286
0.343453
0.322835
0.288163
0.236152
0.107598
0.403938
0.257364
0.272695
0.282440
0.406109
0.334713
0.342191
0.230159
0.294973
0.127312
0.222457
0.354016
0.316370
0.210045
0.239050
0.461169
0.159307
0.381460
0.356122
0.133601
0.077174
0.479851
0.228401
0.407179
0.260366
0.108362
0.073421
0.128768
0.396418
0.498450
0.132341
0.261885
0.319828
0.162283
0.457526
0.228518
0.395511
0.387231
0.108320
0.079882
0.413451
0.128783
0.190150
0.473914
0.397432
0.137267
0.268747
0.295567
0.241219
0.180544
0.079501
0.173012
0.182868
0.207084
0.072755
0.148910
0.152745
0.237895
0.226395
0.143119
0.178022
0.173196
0.224319
0.077669
0.254129
0.365268
0.420066
0.180527
0.372405
0.274421
0.188922
0.105104
0.157396
0.241327
0.224311
0.347190
0.107518
0.314176
0.236553
0.325241
0.273286
0.193179
0.131499
0.142867
0.095375
0.341549
0.070756
0.376138
0.240183
0.200327
0.072086
0.166268
0.345156
0.348457
0.276098
0.300409
0.267319
0.177056
0.338944
0.257203
0.303589
0.410224
0.123437
0.073066
0.314932
0.060408
0.271017
0.443826
0.363945
0.041216
0.115107
0.276858
0.195585
0.111828
0.153608
0.191866
0.200928
0.315830
0.053934
0.243578
0.065046
0.368626
0.369933
0.135920
0.095188
0.088975
0.247567
0.067193
0.155870
0.333825
0.304994
0.097938
0.265143
0.161016
0.081568
0.190956
0.014029
0.256470
0.187832
0.365259
0.077690
0.340192
0.210186
0.194761
0.302265
0.048813
0.142495
0.043287
0.114682
0.146100
0.094178
0.336146
0.164930
0.244368
0.024681
0.194535
0.239858
0.202107
0.322595
0.321566
0.172784
0.243393
0.149939
0.266371
0.210238
0.311526
0.162639
0.173181
0.212633
0.157942
0.360348
0.327319
0.242641
0.069346
0.010437
0.226830
0.227965
0.121081
0.148558
0.156889
0.281193
0.329724
0.028145
0.300349
0.141229
0.360616
0.400810
0.260346
0.213164
0.195976
0.288017
0.133457
0.106827
0.246750
0.226218
0.059726
0.166940
0.141856
0.162412
0.241031
0.184892
0.265845
0.174727
0.290575
0.124596
0.278208
0.166395
0.125110
0.351291
0.149047
0.207825
0.082485
0.057272
0.154072
0.242522
0.218842
0.148736
0.206473
0.138207
0.193001
0.130936
0.406700
0.257991
0.192099
0.170180
0.252756
0.120571
0.244205
0.154657
0.102248
0.140614
0.309278
0.195520
0.167597
0.320548
0.195683
0.120053
0.104742
0.116981
0.150219
0.178207
0.115106
0.069668
0.098936
0.359974
0.208231
0.190837
0.266378
0.155988
0.228060
0.354928
0.354552
0.327554
0.229190
0.240131
0.305808
0.095036
0.150554
0.317672
0.142153
0.212192
0.192209
0.289161
0.303159
0.122155
0.293696
0.197469
0.215995
0.177726
0.134693
0.008325
0.229461
0.332896
0.144583
0.306670
0.110550
0.063725
0.209460
0.371747
0.073484
0.111146
0.212566
0.208252
0.179097
0.120573
0.482803
0.166713
0.158733
0.147072
0.213857
0.249951
0.240695
0.249096
0.225259
0.142291
0.337376
0.260449
0.169943
0.297626
0.139965
0.050570
0.219048
0.157245
0.080974
0.118863
0.110166
0.119593
0.351827
0.270238
0.200994
0.216173
0.162145
0.159039
0.170388
0.187620
0.408316
0.376516
0.259215
0.150785
0.442531
0.054971
0.035536
0.368217
0.262859
0.269404
0.215798
0.402785
0.271085
0.205009
0.327893
0.109983
0.138781
0.208005
0.064795
0.180716
0.313617
0.299041
0.104841
0.377945
0.156782
0.088809
0.226163
0.311336
0.307969
0.167050
0.165495
0.204644
0.091580
0.109385
0.311058
0.128091
0.307231
0.104051
0.211439
0.235567
0.353010
0.313666
0.375038
0.332697
0.306147
0.375668
0.199002
0.291442
0.257352
0.314255
0.300311
0.092612
0.126563
0.025317
0.153421
0.145838
0.410182
0.097305
0.237388
0.175185
0.174797
0.206163
0.201321
0.073083
0.364615
0.375051
0.226699
0.173822
0.461173
0.114423
0.151873
0.388555
0.292243
0.230646
0.237983
0.458515
0.110104
0.370826
0.361995
0.074208
0.016937
0.228147
0.115701
0.244035
0.325341
0.234050
0.103664
0.260279
0.271430
0.098252
0.180654
0.180862
0.399118
0.254298
0.156385
0.188442
0.026366
0.122184
0.099857
0.032712
0.451487
0.108710
0.151119
0.125095
0.377001
0.276161
0.334694
0.448006
0.259276
0.447779
0.147756
0.181542
0.414276
0.484512
0.186502
0.065978
0.197981
0.116214
0.127119
0.184320
0.351788
0.092143
0.237006
0.136741
0.263728
0.196132
0.272388
0.140251
0.231063
0.386030
0.161118
0.131244
0.381449
0.200054
0.267869
0.310433
0.277878
0.144865
0.189853
0.368912
0.158694
0.379080
0.318653
0.246673
0.066695
0.250054
0.155357
0.233223
0.299822
0.189647
0.167745
0.121200
0.380141
0.158121
0.109848
0.123887
0.285202
0.220996
0.138118
0.158809
0.164227
0.171532
0.187239
0.071963
0.538636
0.229393
0.033295
0.035302
0.352997
0.262478
0.251752
0.362146
0.155822
0.501764
0.129409
0.075473
0.400071
0.468870
0.043088
0.144458
0.113008
0.141696
0.046026
0.217776
0.245550
0.168673
0.303107
0.079501
0.323792
0.146594
0.282440
0.220297
0.052713
0.352336
0.083132
0.099900
0.296104
0.264459
0.258041
0.112255
0.156199
0.186757
0.138039
0.196380
0.207917
0.293688
0.190453
0.327873
0.130720
0.323716
0.160052
0.204650
0.224673
0.192633
0.177641
0.134504
0.454657
0.292118
0.071925
0.063946
0.178194
0.190791
0.148475
0.199175
0.262395
0.162385
0.308562
0.100975
0.441789
0.312636
0.197345
0.028575
0.319796
0.362375
0.216999
0.323937
0.084897
0.460648
0.226613
0.179213
0.360015
0.402089
0.196231
0.135201
0.055117
0.114765
0.150992
0.222156
0.103014
0.116334
0.343336
0.097444
0.286840
0.075493
0.355185
0.265819
0.154431
0.291182
0.079046
0.075551
0.196696
0.257450
0.326392
0.097364
0.135098
0.221283
0.141671
0.201153
0.189967
0.173210
0.043128
0.392475
0.230585
0.317091
0.126525
0.154330
0.186638
0.269717
0.190011
0.092679
0.365729
0.342875
0.040456
0.111900
0.118603
0.153075
0.097068
0.281810
0.250121
0.180404
0.292280
0.209612
0.148998
0.299755
0.291784
0.076745
0.251249
0.401178
0.252722
0.196632
0.220775
0.349723
0.244304
0.192933
0.287109
0.344839
0.264162
0.170469
0.102397
0.074789
0.125439
0.144351
0.075622
0.144803
0.246090
0.242891
0.380564
0.103648
0.381348
0.346571
0.302161
0.263988
0.178145
0.066902
0.152362
0.336115
0.332515
0.274456
0.209837
0.142153
0.262982
0.316791
0.301714
0.056672
0.333651
0.525734
0.323050
0.201279
0.027725
0.161191
0.126250
0.325075
0.228830
0.091612
0.306259
0.286448
0.089289
0.195129
0.094416
0.081057
0.064160
0.237991
0.234303
0.235373
0.223067
0.280622
0.152741
0.175364
0.342837
0.162585
0.150933
0.309784
0.231995
0.112011
0.363487
0.298894
0.294051
0.270229
0.227786
0.198157
0.339097
0.193979
0.021284
0.055751
0.052579
0.043339
0.210496
0.214916
0.151864
0.276273
0.388024
0.142021
0.363273
0.416557
0.363843
0.228959
0.261753
0.117540
0.189842
0.374035
0.252481
0.436473
0.347007
0.051704
0.285110
0.336142
0.354071
0.034627
0.457225
0.577596
0.261707
0.081189
0.054160
0.159058
0.064517
0.361021
0.223639
0.067156
0.235130
0.235562
0.126993
0.269598
0.054562
0.060805
0.096118
0.124893
0.125580
0.162109
0.207579
0.285946
0.282113
0.050843
0.355144
0.183778
0.071740
0.211732
0.201189
0.019969
0.374858
0.253624
0.351831
0.256051
0.201566
0.163386
0.261409
0.235389
0.109796
0.138740
0.020967
0.161383
0.269705
0.227890
0.099180
0.266192
0.250361
0.230276
0.239933
0.391887
0.300472
0.095515
0.225400
0.341157
0.155641
0.281992
0.164558
0.454495
0.348634
0.074868
0.214545
0.232004
0.289207
0.019635
0.329161
0.342082
0.097143
0.062617
0.160198
0.149172
0.056717
0.422790
0.218896
0.103305
0.097636
0.215867
0.229286
0.329584
0.082094
0.099351
0.185460
0.061838
0.096376
0.057705
0.206543
0.167529
0.308666
0.024695
0.298288
0.125221
0.066191
0.239689
0.172809
0.096599
0.261384
0.182915
0.394084
0.244086
0.241053
0.246459
0.164591
0.224408
0.056905
0.233275
0.137021
0.203337
0.238228
0.147160
0.039646
0.261840
0.086203
0.243571
0.216755
0.221624
0.242578
0.238536
0.122046
0.382156
0.226591
0.136861
0.111601
0.387060
0.230990
0.026503
0.162427
0.119406
0.142546
0.042228
0.115887
0.103816
0.111039
0.063253
0.151604
0.119981
0.149256
0.328398
0.205769
0.296805
0.199017
0.177800
0.339696
0.287519
0.239446
0.083862
0.248163
0.052286
0.127760
0.057583
0.133998
0.047240
0.253588
0.024827
0.218422
0.121173
0.124955
0.256564
0.138355
0.157058
0.118137
0.201062
0.364647
0.173967
0.249950
0.316205
0.385608
0.201215
0.083166
0.264290
0.293567
0.324006
0.089532
0.110392
0.010687
0.117132
0.110530
0.196827
0.212851
0.134827
0.200182
0.349139
0.182784
0.264684
0.270865
0.071716
0.108505
0.316031
0.185639
0.086211
0.125659
0.086561
0.068879
0.079944
0.142459
0.112071
0.100919
0.036506
0.002401
0.131927
0.217924
0.132231
0.109687
0.417160
0.405892
0.168696
0.294556
0.206057
0.404960
0.156509
0.359806
0.208528
0.093671
0.166295
0.128306
0.101701
0.141831
0.026628
0.135121
0.047274
0.116109
0.243776
0.159967
0.221078
0.200157
0.293011
0.209361
0.264150
0.285720
0.473620
0.436851
0.258474
0.137017
0.177651
0.360904
0.365718
0.009687
0.100115
0.073117
0.111031
0.177087
0.073069
0.210867
0.327491
0.122428
0.284337
0.215879
0.187734
0.241860
0.169164
0.043626
0.175969
0.186946
0.038143
0.034026
0.201629
0.294271
0.146351
0.133966
0.070314
0.061077
0.045008
0.139690
0.184157
0.214751
0.110557
0.114072
0.299324
0.433831
0.121394
0.187187
0.098906
0.425972
0.158878
0.321887
0.318372
0.176856
0.172234
0.116488
0.267431
0.080917
0.051016
0.061586
0.016932
0.120935
0.217856
0.229765
0.247940
0.240087
0.315202
0.194709
0.367965
0.264245
0.561605
0.395681
0.283147
0.175010
0.116677
0.253328
0.227231
0.054488
0.123872
0.248291
0.248805
0.246366
0.098162
0.180510
0.421792
0.050132
0.315816
0.199056
0.329525
0.193251
0.184071
0.049900
0.121009
0.139554
0.171279
0.168038
0.317953
0.355133
0.228956
0.151453
0.120685
0.117413
0.035325
0.139672
0.278008
0.198989
0.192679
0.193710
0.069124
0.343336
0.080458
0.128565
0.056592
0.181306
0.061982
0.093861
0.371535
0.295386
0.102549
0.192405
0.348859
0.146233
0.067442
0.136126
0.059681
0.156409
0.284778
0.202117
0.216117
0.183349
0.360211
0.140661
0.368257
0.156477
0.470229
0.355495
0.199508
0.239461
0.092117
0.114624
0.136373
0.122768
0.172653
0.371030
0.258394
0.295312
0.203173
0.113289
0.270811
0.055068
0.343785
0.146838
0.391254
0.212807
0.177327
0.036078
0.272417
0.147776
0.303222
0.305880
0.328737
0.290904
0.351315
0.123058
0.207529
0.145968
0.058623
0.102029
0.335365
0.177912
0.174526
0.176081
0.197207
0.272727
0.236028
0.133249
0.055928
0.057351
0.071521
0.098630
0.336233
0.245835
0.170449
0.322219
0.255536
0.085569
0.268711
0.139510
0.126266
0.155068
0.260121
0.392477
0.175521
0.112177
0.344739
0.056701
0.358634
0.073468
0.279851
0.270204
0.132536
0.253807
0.137659
0.098105
0.067550
0.231541
0.240414
0.258954
0.245373
0.234772
0.219727
0.098070
0.166979
0.083466
0.323455
0.108510
0.403394
0.188021
0.152452
0.091700
0.325234
0.141878
0.276291
0.345972
0.225312
0.222400
0.430994
0.053428
0.282185
0.094851
0.161325
0.146089
0.284968
0.137155
0.173059
0.100666
0.328327
0.251467
0.286185
0.135391
0.035468
0.112710
0.164398
0.201563
0.189825
0.115129
0.165286
0.254032
0.075750
0.080152
0.391558
0.096119
0.194618
0.124978
0.153065
0.568885
0.164308
0.160694
0.236716
0.068520
0.343992
0.093173
0.267795
0.107137
0.076085
0.212472
0.182571
0.114976
0.216475
0.234595
0.221688
0.143613
0.227765
0.115115
0.189813
0.242933
0.267532
0.193613
0.296075
0.130642
0.373765
0.099239
0.149708
0.093211
0.327344
0.117288
0.217795
0.252713
0.079830
0.088878
0.327415
0.158713
0.355340
0.034347
0.191279
0.183017
0.127700
0.095311
0.179276
0.148198
0.348048
0.213163
0.260346
0.140429
0.046016
0.137388
0.190967
0.234310
0.006720
0.105986
0.133556
0.099719
0.075965
0.164530
0.391318
0.127499
0.201014
0.101012
0.215074
0.537353
0.176165
0.325994
0.175190
0.118217
0.307421
0.122909
0.228987
0.061437
0.080216
0.300328
0.161879
0.017199
0.241751
0.135360
0.158071
0.138178
0.148703
0.160455
0.196136
0.215641
0.309225
0.288959
0.356886
0.232801
0.306053
0.071392
0.196552
0.034366
0.350885
0.158540
0.138761
0.138700
0.049608
0.191171
0.185072
0.241816
0.423097
0.117029
0.161649
0.151989
0.089594
0.109792
0.106078
0.363318
0.442141
0.083711
0.223210
0.197135
0.092452
0.172910
0.245003
0.211611
0.068522
0.192767
0.103839
0.069589
0.189226
0.248088
0.281981
0.153426
0.193238
0.178764
0.356754
0.387098
0.104946
0.364292
0.174825
0.053506
0.175786
0.041150
0.217511
0.203475
0.283214
0.393573
0.065495
0.179954
0.304614
0.136156
0.182145
0.149269
0.049996
0.229197
0.088863
0.093878
0.256332
0.249747
0.206944
0.314786
0.147092
0.118655
0.239405
0.097921
0.241994
0.159074
0.118490
0.048183
0.160577
0.397896
0.086318
0.233412
0.411393
0.069015
0.106323
0.095706
0.137958
0.088200
0.060023
0.416825
0.390446
0.104588
0.197117
0.298499
0.114067
0.174140
0.343324
0.175325
0.027931
0.269125
0.044287
0.223239
0.212381
0.325465
0.194949
0.202642
0.189259
0.242055
0.375894
0.216979
0.093840
0.333680
0.120880
0.094738
0.124192
0.167042
0.256007
0.363764
0.364542
0.341304
0.112235
0.262373
0.189461
0.266927
0.185897
0.042754
0.144943
0.184168
0.076375
0.117760
0.243950
0.190068
0.127235
0.371834
0.085807
0.164869
0.206018
0.095765
0.209239
0.185274
0.190959
0.080003
0.235042
0.273489
0.268120
0.211459
0.271649
0.078489
0.069198
0.057148
0.246139
0.136395
0.027389
0.324733
0.327834
0.228001
0.160558
0.316501
0.134899
0.252290
0.455974
0.199752
0.071011
0.305002
0.024407
0.266555
0.123860
0.300917
0.117731
0.208179
0.285388
0.142440
0.231165
0.052909
0.209285
0.296753
0.056209
0.163475
0.214895
0.232321
0.234936
0.404328
0.280005
0.225697
0.185499
0.248138
0.083039
0.343211
0.247563
0.081413
0.235405
0.092227
0.126430
0.181973
0.280946
0.205778
0.262244
0.393656
0.167940
0.139791
0.087423
0.039173
0.343060
0.197557
0.213942
0.190651
0.246606
0.070312
0.336294
0.300945
0.160431
0.130432
0.143465
0.163621
0.387339
0.221480
0.077530
0.235006
0.243419
0.356627
0.196183
0.339057
0.143098
0.303699
0.466791
0.234444
0.225789
0.227968
0.076649
0.226725
0.033071
0.139253
0.321260
0.194958
0.306951
0.045687
0.137323
0.272969
0.268608
0.202257
0.116114
0.281916
0.328749
0.265277
0.286081
0.378337
0.212661
0.141293
0.228262
0.188225
0.133346
0.260898
0.279667
0.180174
0.309339
0.142369
0.156363
0.197825
0.234393
0.165560
0.338693
0.397745
0.187323
0.047233
0.160285
0.087948
0.426328
0.142197
0.137978
0.329562
0.223090
0.143875
0.243878
0.425488
0.235411
0.171184
0.266639
0.254984
0.433392
0.216710
0.159067
0.161907
0.343444
0.411333
0.274516
0.306818
0.100477
0.319532
0.395209
0.159325
0.291801
0.114432
0.076826
0.154214
0.124006
0.028156
0.441616
0.149963
0.231150
0.075061
0.158543
0.283662
0.266051
0.136923
0.124369
0.331025
0.362152
0.222740
0.346471
0.312839
0.178411
0.117247
0.235557
0.134877
0.071429
0.131126
0.230778
0.235536
0.177864
0.279556
0.184768
0.188994
0.075524
0.156194
0.284127
0.419766
0.254044
0.204830
0.281805
0.074769
0.357293
0.078749
0.118211
0.371138
0.150849
0.230223
0.184867
0.256084
0.347049
0.068249
0.168979
0.272280
0.356326
0.214338
0.150883
0.069892
0.369312
0.319980
0.254913
0.303176
0.043366
0.271089
0.282772
0.205410
0.196489
0.112740
0.104335
0.158132
0.125390
0.147325
0.474834
0.099452
0.223665
0.166433
0.187939
0.268874
0.204070
0.102792
0.049770
0.210015
0.306419
0.042490
0.192932
0.207624
0.202093
0.138234
0.149468
0.120170
0.115941
0.168450
0.135231
0.232606
0.097421
0.251412
0.181656
0.209676
0.090573
0.009506
0.215037
0.224262
0.288572
0.247963
0.316402
0.105850
0.302599
0.051308
0.080852
0.342703
0.107309
0.293152
0.239723
0.114035
0.305301
0.124443
0.065792
0.203039
0.228864
0.229810
0.052919
0.120153
0.288377
0.261289
0.148164
0.233268
0.089736
0.111326
0.180033
0.352573
0.102056
0.151320
0.167388
0.237232
0.096869
0.158762
0.387175
0.117718
0.261628
0.242841
0.174160
0.216423
0.062676
0.105632
0.254779
0.097119
0.226478
0.128119
0.084410
0.169830
0.268815
0.093741
0.172826
0.070869
0.078843
0.163091
0.045087
0.245058
0.143116
0.179532
0.126088
0.170901
0.237345
0.199559
0.130470
0.249881
0.219331
0.197718
0.175319
0.092624
0.282443
0.140448
0.080108
0.355225
0.136651
0.225166
0.236631
0.247461
0.198535
0.175776
0.163677
0.180990
0.133332
0.292326
0.061190
0.275075
0.168129
0.122462
0.062298
0.139713
0.229348
0.178636
0.093532
0.224099
0.105044
0.139970
0.239883
0.244484
0.210039
0.168814
0.257423
0.109113
0.268919
0.225877
0.198077
0.163748
0.042593
0.078769
0.368684
0.113349
0.145564
0.233527
0.212896
0.286419
0.269371
0.058947
0.327008
0.051797
0.117103
0.037965
0.074101
0.228532
0.105293
0.191004
0.050873
0.257572
0.436799
0.346223
0.071254
0.309183
0.163406
0.141133
0.140039
0.055565
0.192797
0.294733
0.198107
0.314029
0.069148
0.182359
0.065434
0.242755
0.087560
0.220335
0.262040
0.157862
0.098520
0.271590
0.065842
0.388993
0.052057
0.078989
0.208180
0.082655
0.220686
0.371107
0.221813
0.082187
0.206953
0.120661
0.247796
0.124116
0.224650
0.229115
0.139709
0.112783
0.206446
0.154326
0.189038
0.158970
0.073799
0.151656
0.324267
0.032522
0.055351
0.276147
0.296795
0.271714
0.149514
0.144364
0.391478
0.036840
0.228952
0.161179
0.096668
0.211161
0.032397
0.266894
0.027175
0.419377
0.482090
0.356183
0.076451
0.374819
0.162265
0.094735
0.124028
0.115676
0.078076
0.348182
0.251120
0.151675
0.092524
0.215916
0.106790
0.244972
0.071894
0.233073
0.379715
0.077474
0.095088
0.205349
0.090875
0.446162
0.110549
0.205094
0.222421
0.073222
0.081582
0.350171
0.350136
0.219882
0.319757
0.076225
0.202224
0.071152
0.105827
0.253975
0.060733
0.073791
0.234500
0.178155
0.187813
0.199005
0.160510
0.236986
0.286252
0.148012
0.004150
0.239450
0.309839
0.312268
0.099103
0.202312
0.346144
0.168356
0.215898
0.228464
0.193858
0.157149
0.129303
0.294894
0.019120
0.431830
0.363235
0.276561
0.268106
0.386275
0.079098
0.112009
0.042642
0.070498
0.086720
0.297309
0.228108
0.068975
0.181768
0.266779
0.229634
0.185695
0.143911
0.218286
0.403258
0.074574
0.239411
0.102789
0.222101
0.420964
0.136712
0.236565
0.104242
0.073881
0.172765
0.260365
0.458425
0.283706
0.285702
0.094797
0.194862
0.246616
0.114651
0.255670
0.062205
0.131640
0.214359
0.136562
0.112868
0.220039
0.190044
0.280898
0.220450
0.111832
0.019572
0.100462
0.271188
0.240730
0.090160
0.182346
0.176786
0.167185
0.205266
0.119205
0.319717
0.062116
0.203796
0.257739
0.080127
0.285024
0.262504
0.170391
0.342447
0.310483
0.004031
0.145617
0.113636
0.067016
0.225763
0.308411
0.152063
0.200890
0.243166
0.330465
0.367559
0.034213
0.201960
0.111990
0.347959
0.174235
0.334434
0.032352
0.294181
0.267307
0.167882
0.204651
0.220773
0.147544
0.161440
0.263502
0.489684
0.197809
0.212493
0.167500
0.109474
0.431402
0.136185
0.219758
0.187509
0.292313
0.224239
0.126722
0.088801
0.183068
0.169616
0.245326
0.174433
0.059629
0.046715
0.107785
0.242027
0.157170
0.067423
0.098238
0.064808
0.090671
0.171143
0.111029
0.275979
0.059875
0.207878
0.228248
0.123115
0.246386
0.288563
0.112958
0.196798
0.179333
0.068193
0.092019
0.113206
0.099798
0.296077
0.333500
0.119291
0.181411
0.320087
0.321198
0.420707
0.068324
0.250885
0.148463
0.244601
0.338446
0.310649
0.145344
0.345585
0.129234
0.190121
0.143842
0.262725
0.338136
0.066961
0.318919
0.421448
0.126141
0.170944
0.254550
0.009657
0.558548
0.280700
0.206075
0.310318
0.274993
0.224835
0.116925
0.290123
0.067219
0.067497
0.175912
0.154419
0.148977
0.073490
0.204075
0.203806
0.123345
0.139638
0.058653
0.162658
0.119122
0.216866
0.144490
0.194154
0.223818
0.190186
0.265523
0.206540
0.197282
0.333611
0.313468
0.035761
0.075231
0.140243
0.032180
0.068593
0.256586
0.309091
0.175166
0.175051
0.143467
0.361451
0.227712
0.292541
0.109188
0.312801
0.185039
0.104127
0.451332
0.235577
0.265680
0.267205
0.282323
0.193779
0.109548
0.108804
0.330802
0.027565
0.208930
0.272237
0.250511
0.134856
0.302360
0.016188
0.501012
0.271144
0.239900
0.351956
0.229388
0.092337
0.158732
0.357909
0.144775
0.127867
0.109096
0.219579
0.280902
0.093215
0.286649
0.119604
0.124765
0.306099
0.105909
0.261147
0.322660
0.267500
0.059481
0.249613
0.336851
0.189359
0.276099
0.266532
0.058959
0.383940
0.347163
0.104866
0.010853
0.102139
0.038972
0.034420
0.200652
0.283353
0.180207
0.148859
0.129059
0.337904
0.147470
0.104910
0.168546
0.261609
0.187112
0.093789
0.446481
0.101172
0.319336
0.033169
0.491754
0.214378
0.101550
0.121856
0.260181
0.061030
0.057356
0.193960
0.353836
0.151148
0.227979
0.045807
0.332297
0.206924
0.324376
0.270164
0.261943
0.187223
0.256758
0.298488
0.296909
0.225243
0.049291
0.313636
0.261704
0.068224
0.411765
0.021698
0.083403
0.387314
0.134271
0.235686
0.365396
0.334981
0.099275
0.238093
0.342768
0.177319
0.253851
0.236703
0.119381
0.462949
0.191515
0.162229
0.041206
0.043803
0.089853
0.041960
0.052550
0.218574
0.289966
0.149094
0.110441
0.310275
0.101428
0.055187
0.113605
0.175606
0.183644
0.329382
0.359855
0.091497
0.254643
0.134241
0.625031
0.212159
0.113135
0.283984
0.224364
0.098054
0.028942
0.136820
0.354024
0.206265
0.063405
0.107749
0.169372
0.176536
0.340435
0.149505
0.198487
0.366205
0.289278
0.187052
0.282421
0.288198
0.152981
0.277753
0.115618
0.078893
0.393677
0.106930
0.174391
0.320981
0.172931
0.164416
0.236168
0.263979
0.159885
0.135549
0.313594
0.174551
0.174425
0.194592
0.171575
0.440206
0.223184
0.163781
0.138121
0.115659
0.109087
0.079646
0.133919
0.244535
0.378822
0.156918
0.107299
0.225326
0.137680
0.125684
0.182224
0.142174
0.198142
0.420311
0.251151
0.206611
0.129159
0.258209
0.593884
0.153353
0.088064
0.357274
0.246057
0.138377
0.115210
0.128049
0.304722
0.195115
0.190227
0.154440
0.017085
0.179912
0.331560
0.051238
0.181760
0.365967
0.248230
0.052969
0.175730
0.302052
0.235486
0.108126
0.013481
0.188594
0.248427
0.168633
0.338307
0.269132
0.188453
0.090862
0.099245
0.196398
0.152540
0.081038
0.208208
0.205465
0.190578
0.167746
0.103959
0.310665
0.310258
0.168680
0.210044
0.166056
0.057912
0.149813
0.352427
0.281453
0.440614
0.078354
0.087458
0.090495
0.160697
0.280503
0.224070
0.170607
0.170623
0.363990
0.115348
0.168405
0.045259
0.333619
0.464754
0.098736
0.118326
0.306411
0.290909
0.205935
0.282512
0.261129
0.332788
0.167834
0.313843
0.254242
0.237399
0.200389
0.179074
0.044674
0.214388
0.262786
0.166551
0.124682
0.046496
0.373111
0.190127
0.057897
0.139317
0.245938
0.122519
0.212815
0.353365
0.155100
0.172141
0.183707
0.127321
0.206639
0.147794
0.048521
0.181039
0.245092
0.346193
0.078064
0.048488
0.161645
0.187500
0.124694
0.203825
0.176180
0.056206
0.160820
0.528052
0.251531
0.421580
0.050257
0.081887
0.110907
0.300531
0.382425
0.124305
0.179238
0.116486
0.276246
0.023203
0.155639
0.194228
0.260741
0.261488
0.176616
0.237462
0.247075
0.245949
0.233738
0.356993
0.260830
0.235542
0.174096
0.284253
0.334976
0.363333
0.207799
0.247605
0.070570
0.227148
0.174838
0.156544
0.240205
0.155114
0.335147
0.084682
0.089748
0.233300
0.157715
0.102751
0.277769
0.237758
0.046391
0.148141
0.200952
0.329737
0.230794
0.189454
0.190334
0.214505
0.225337
0.395300
0.061421
0.166478
0.060774
0.061355
0.106155
0.132207
0.153327
0.125366
0.050622
0.527519
0.190052
0.262166
0.108930
0.158763
0.159908
0.425328
0.407266
0.056348
0.274274
0.060820
0.148727
0.076002
0.177270
0.236501
0.225821
0.276361
0.185993
0.260289
0.260697
0.128950
0.183968
0.348424
0.179502
0.110031
0.165302
0.175000
0.306198
0.406077
0.121180
0.332805
0.046793
0.298460
0.199136
0.203030
0.316143
0.301669
0.225771
0.272386
0.061136
0.241981
0.044238
0.146729
0.177171
0.164162
0.180465
0.204003
0.138986
0.407683
0.216782
0.277159
0.327391
0.263511
0.175804
0.285602
0.114680
0.246138
0.160640
0.112765
0.178247
0.109342
0.144370
0.088810
0.145342
0.447676
0.089971
0.189055
0.112000
0.300187
0.185717
0.411949
0.333083
0.179376
0.400576
0.036685
0.120969
0.085156
0.154003
0.188435
0.250285
0.412895
0.243296
0.284807
0.298544
0.022718
0.098147
0.257197
0.189219
0.076276
0.085725
0.170296
0.141059
0.424157
0.049039
0.333679
0.118354
0.397417
0.235955
0.227815
0.353346
0.325864
0.173061
0.370265
0.096771
0.305331
0.145885
0.271510
0.047962
0.072736
0.191042
0.218334
0.087062
0.334028
0.122918
0.335257
0.276109
0.331997
0.138951
0.212684
0.118958
0.165905
0.221139
0.148902
0.282111
0.204347
0.139046
0.134661
0.276446
0.397173
0.092833
0.165393
0.053142
0.278400
0.244132
0.241496
0.130157
0.276149
0.353378
0.157304
0.139930
0.155968
0.131946
0.268928
0.267658
0.520125
0.216610
0.330504
0.278948
0.032176
0.074491
0.326864
0.296525
0.309178
0.045745
0.174792
0.094855
0.430773
0.205242
0.240984
0.210761
0.361016
0.181726
0.137241
0.413869
0.173481
0.159743
0.319005
0.285571
0.241329
0.233083
0.271796
0.106301
0.110128
0.055581
0.194386
0.080823
0.365920
0.092781
0.313014
0.212734
0.317754
0.149933
0.303312
0.256506
0.195597
0.184577
0.102984
0.294009
0.266288
0.106507
0.141534
0.269986
0.255955
0.378146
0.063910
0.030135
0.262641
0.309280
0.107073
0.131826
0.289558
0.248436
0.358753
0.041576
0.300092
0.179833
0.417607
0.183820
0.606947
0.172644
0.331740
0.274740
0.047573
0.107224
0.353593
0.311154
0.466423
0.145301
0.154675
0.158193
0.359523
0.209131
0.209022
0.228502
0.211829
0.181527
0.059271
0.454482
0.058452
0.119695
0.257683
0.413994
0.123726
0.238555
0.140723
0.179225
0.194001
0.128462
0.217859
0.083616
0.499456
0.206011
0.221287
0.229636
0.209386
0.162052
0.370565
0.321400
0.234982
0.135278
0.044731
0.239276
0.357327
0.078092
0.119117
0.196099
0.081250
0.510697
0.177102
0.053289
0.237280
0.280631
0.238881
0.212610
0.316904
0.204069
0.422179
0.102992
0.351166
0.096530
0.328018
0.166602
0.500365
0.225461
0.291422
0.221744
0.011830
0.155258
0.287694
0.258565
0.473567
0.209238
0.132177
0.167165
0.132992
0.205575
0.185974
0.231754
0.108554
0.271881
0.036956
0.352455
0.142266
0.260883
0.187467
0.464537
0.201010
0.196223
0.068223
0.226477
0.196323
0.042076
0.249499
0.085111
0.470157
0.207150
0.209021
0.272947
0.033978
0.134301
0.370369
0.261039
0.169921
0.117811
0.141003
0.238693
0.442352
0.052049
0.182741
0.111909
0.018517
0.448611
0.274200
0.056420
0.260843
0.282798
0.323947
0.251053
0.365537
0.219470
0.266220
0.148751
0.261101
0.114475
0.187330
0.163695
0.200940
0.354794
0.293198
0.227933
0.067737
0.241844
0.193759
0.189595
0.430196
0.095682
0.121051
0.250475
0.197567
0.275409
0.188439
0.282599
0.166386
0.321080
0.074063
0.212189
0.180597
0.382663
0.202776
0.390761
0.231376
0.173186
0.124134
0.210939
0.224494
0.109600
0.287611
0.055078
0.397120
0.158003
0.238964
0.268659
0.101687
0.094664
0.368213
0.261426
0.109225
0.161062
0.108086
0.220549
0.425568
0.134507
0.160183
0.096988
0.089346
0.316716
0.319862
0.066708
0.209339
0.297438
0.386184
0.264933
0.267776
0.206946
0.116553
0.097563
0.194927
0.276325
0.178254
0.064956
0.077421
0.470263
0.286160
0.276744
0.174770
0.357629
0.102144
0.076432
0.342236
0.144280
0.208046
0.214551
0.366934
0.256435
0.168890
0.262943
0.325791
0.368301
0.066257
0.223463
0.180418
0.358484
0.165826
0.133892
0.291157
0.213233
0.092875
0.131367
0.220733
0.230346
0.281920
0.204678
0.229827
0.089111
0.185822
0.210415
0.159450
0.092047
0.346748
0.239988
0.070133
0.268107
0.113595
0.191689
0.258137
0.084562
0.134631
0.172361
0.218409
0.172919
0.363857
0.063215
0.087274
0.250150
0.410229
0.210373
0.173709
0.137516
0.092187
0.105317
0.239616
0.330618
0.138312
0.031944
0.144406
0.389759
0.179801
0.313330
0.259895
0.378370
0.146844
0.086698
0.224347
0.194690
0.257317
0.121879
0.318507
0.159821
0.079145
0.155226
0.375152
0.313271
0.102523
0.406335
0.216848
0.163099
0.121144
0.182496
0.293671
0.268815
0.121350
0.104131
0.176598
0.251507
0.212363
0.361035
0.120745
0.131192
0.077579
0.113135
0.125820
0.115430
0.209638
0.091036
0.112361
0.296905
0.177556
0.145913
0.100136
0.036308
0.151000
0.195917
0.290705
0.210648
0.234725
0.101003
0.029891
0.163430
0.372456
0.224322
0.124700
0.136020
0.091783
0.102601
0.246727
0.326487
0.113512
0.068972
0.190341
0.190573
0.179726
0.296255
0.238636
0.298162
0.208487
0.203140
0.106820
0.176364
0.249776
0.053143
0.216923
0.096796
0.049152
0.085610
0.354990
0.179448
0.051050
0.421282
0.107589
0.147902
0.082474
0.271890
0.279492
0.291375
0.118362
0.065326
0.093853
0.140770
0.066004
0.339843
0.308375
0.193954
0.271456
0.241878
0.122963
0.139962
0.135708
0.041011
0.259101
0.265829
0.179894
0.194112
0.094276
0.091124
0.108479
0.167242
0.172341
0.380228
0.184760
0.171493
0.100089
0.114441
0.249448
0.305737
0.119196
0.356204
0.088018
0.161007
0.227850
0.368027
0.054690
0.179160
0.199085
0.010722
0.276565
0.218714
0.255168
0.161007
0.229835
0.292786
0.133587
0.156566
0.199062
0.082487
0.099760
0.185494
0.068399
0.159477
0.272573
0.207417
0.137491
0.356438
0.108587
0.184405
0.116849
0.228713
0.192184
0.288150
0.107697
0.053977
0.102922
0.111265
0.121072
0.275278
0.391028
0.242892
0.393799
0.297117
0.121928
0.193246
0.099410
0.057643
0.229282
0.199691
0.173907
0.287700
0.178193
0.145721
0.034731
0.166919
0.043077
0.436341
0.190286
0.153428
0.180042
0.073102
0.388855
0.311707
0.288786
0.403337
0.140654
0.223577
0.252411
0.383792
0.088139
0.326823
0.214923
0.136068
0.341103
0.125434
0.267462
0.135364
0.204550
0.319149
0.242711
0.173938
0.070497
0.083669
0.094789
0.197381
0.142330
0.280692
0.119856
0.269443
0.198696
0.307329
0.202218
0.110470
0.119643
0.148924
0.017175
0.198182
0.120644
0.127693
0.243011
0.198022
0.322995
0.137434
0.565669
0.252548
0.311764
0.287124
0.155069
0.199798
0.099765
0.014863
0.144338
0.088845
0.168128
0.250467
0.306800
0.143414
0.034696
0.144931
0.119509
0.359045
0.085011
0.126630
0.269776
0.166387
0.503512
0.141385
0.293284
0.333356
0.216428
0.247959
0.224294
0.242647
0.092984
0.394880
0.201170
0.257740
0.401292
0.160138
0.305056
0.206495
0.116273
0.297654
0.277884
0.195412
0.065495
0.055341
0.170469
0.096321
0.248130
0.286134
0.185875
0.237905
0.237291
0.299230
0.187966
0.060753
0.139326
0.177116
0.155035
0.132110
0.247007
0.258816
0.314186
0.142398
0.440997
0.048038
0.730380
0.246364
0.143980
0.251816
0.189164
0.046878
0.138075
0.089936
0.118283
0.067875
0.127880
0.142267
0.315341
0.168534
0.037414
0.196145
0.173796
0.175845
0.127458
0.132476
0.296889
0.245373
0.443174
0.059865
0.105773
0.154345
0.207531
0.273237
0.186165
0.121055
0.053284
0.362715
0.220744
0.173213
0.322251
0.261812
0.303603
0.395200
0.157090
0.243923
0.255715
0.226358
0.064135
0.044733
0.176859
0.071437
0.287074
0.182991
0.296573
0.209572
0.259655
0.360839
0.196894
0.062295
0.162819
0.151173
0.305311
0.035241
0.233086
0.347476
0.324576
0.311556
0.404615
0.125848
0.723793
0.184542
0.155167
0.110963
0.254916
0.187493
0.328269
0.086442
0.126744
0.107210
0.161849
0.096595
0.252795
0.178942
0.023912
0.180597
0.274153
0.170240
0.122043
0.153216
0.258197
0.251044
0.387661
0.160725
0.259567
0.089144
0.139867
0.238675
0.138673
0.161360
0.084589
0.264651
0.335191
0.093027
0.296271
0.324881
0.290111
0.500670
0.288459
0.135795
0.333204
0.208941
0.017052
0.159629
0.092383
0.138051
0.253044
0.161544
0.194126
0.187650
0.237877
0.483048
0.255115
0.053086
0.070248
0.128449
0.413776
0.062878
0.186380
0.408025
0.239682
0.432759
0.249327
0.088161
0.552906
0.033171
0.321381
0.062739
0.300625
0.328756
0.487610
0.070567
0.091964
0.080738
0.207705
0.153498
0.227243
0.186649
0.096161
0.192114
0.340873
0.239669
0.157501
0.178832
0.166319
0.241841
0.432253
0.143968
0.342014
0.098135
0.079828
0.078086
0.085408
0.147894
0.123545
0.169895
0.220697
0.069001
0.298078
0.308555
0.286209
0.547564
0.409223
0.070308
0.414776
0.173959
0.014467
0.244712
0.184570
0.118514
0.260859
0.212348
0.104547
0.254423
0.196989
0.370674
0.295162
0.189190
0.066702
0.039611
0.415749
0.091496
0.210929
0.315883
0.211885
0.381249
0.083380
0.018433
0.319640
0.168516
0.326186
0.124393
0.334212
0.355788
0.502664
0.132392
0.091481
0.079525
0.174307
0.114201
0.218634
0.066539
0.189836
0.195455
0.453292
0.194935
0.135968
0.173175
0.074959
0.255041
0.273342
0.068004
0.258580
0.254932
0.014765
0.240567
0.063529
0.172588
0.140804
0.189001
0.031488
0.052331
0.280858
0.249867
0.387146
0.444013
0.371905
0.131492
0.246730
0.159325
0.054818
0.223193
0.200152
0.089629
0.255053
0.166189
0.152944
0.326583
0.310151
0.102329
0.252847
0.274647
0.141565
0.137256
0.355139
0.104272
0.201252
0.138418
0.126421
0.257388
0.038370
0.083463
0.103287
0.229122
0.301386
0.158825
0.285605
0.366203
0.345470
0.175749
0.093796
0.177802
0.119970
0.111947
0.221713
0.123632
0.287920
0.151914
0.403567
0.233884
0.131519
0.196248
0.055970
0.196192
0.135403
0.272060
0.218487
0.397473
0.060012
0.413477
0.089695
0.246128
0.141101
0.246053
0.185260
0.023655
0.262405
0.297727
0.412189
0.338742
0.229912
0.187933
0.066480
0.099399
0.098691
0.095538
0.088302
0.229013
0.162476
0.192106
0.133788
0.268884
0.373852
0.134531
0.187856
0.264610
0.193970
0.186832
0.257308
0.177005
0.239669
0.022398
0.087967
0.135240
0.093803
0.106105
0.038919
0.140238
0.132901
0.177378
0.197708
0.391568
0.206622
0.194640
0.030135
0.211527
0.122707
0.259079
0.237932
0.224960
0.379947
0.179724
0.353127
0.329241
0.099430
0.193494
0.061560
0.164825
0.218485
0.416956
0.151805
0.374802
0.153518
0.409650
0.060789
0.197471
0.127973
0.357842
0.208413
0.138775
0.315588
0.369637
0.303604
0.229108
0.285791
0.142202
0.219851
0.066496
0.109690
0.046734
0.029463
0.226298
0.175726
0.321355
0.047721
0.130596
0.389663
0.257667
0.150606
0.261930
0.210878
0.102185
0.229120
0.264133
0.284594
0.194481
0.075436
0.116520
0.140279
0.052105
0.140129
0.198333
0.056268
0.161880
0.148467
0.297749
0.175175
0.151391
0.021150
0.266113
0.111259
0.360852
0.178456
0.214252
0.348101
0.239984
0.352231
0.324880
0.176416
0.153508
0.044989
0.092968
0.250970
0.396244
0.035941
0.248797
0.193683
0.323525
0.028213
0.075267
0.081598
0.313774
0.210253
0.135905
0.244160
0.390755
0.124768
0.189569
0.218763
0.046992
0.428905
0.082980
0.097331
0.135179
0.148383
0.046825
0.203238
0.305604
0.129432
0.048369
0.359779
0.283941
0.104319
0.354566
0.197899
0.210489
0.192599
0.205012
0.203936
0.331246
0.092895
0.216342
0.240289
0.115934
0.259565
0.196916
0.119472
0.139103
0.054859
0.173526
0.243364
0.130442
0.040745
0.233937
0.064615
0.368059
0.060170
0.188429
0.177696
0.189090
0.251225
0.236338
0.282996
0.155431
0.016711
0.108080
0.243472
0.265666
0.107651
0.232034
0.167496
0.196075
0.103533
0.050218
0.078608
0.206994
0.187126
0.071093
0.268850
0.306131
0.114622
0.211811
0.108985
0.080457
0.454771
0.041937
0.079973
0.157954
0.102266
0.318541
0.171997
0.170093
0.248463
0.183210
0.289229
0.276712
0.136336
0.353392
0.137028
0.267194
0.034137
0.084578
0.213445
0.357444
0.121536
0.302674
0.311501
0.131222
0.355829
0.142051
0.185784
0.126280
0.032002
0.075439
0.254643
0.185882
0.099111
0.148943
0.123662
0.302213
0.238129
0.097572
0.038022
0.246947
0.079623
0.080170
0.283496
0.194042
0.090342
0.188865
0.201516
0.126230
0.140292
0.140021
0.132578
0.147514
0.127227
0.079379
0.166494
0.118486
0.113861
0.160369
0.269124
0.159724
0.188947
0.307759
0.191186
0.160675
0.383978
0.107079
0.064646
0.152722
0.093892
0.440757
0.226955
0.032165
0.355358
0.241631
0.323609
0.148572
0.280746
0.291854
0.116670
0.267657
0.309056
0.028204
0.234638
0.283945
0.196508
0.374469
0.333412
0.141450
0.401451
0.069433
0.251943
0.139630
0.062961
0.091694
0.226553
0.287875
0.045732
0.098202
0.217092
0.129814
0.261283
0.047206
0.220025
0.270117
0.133017
0.071777
0.291871
0.245787
0.138492
0.238895
0.143993
0.044567
0.164532
0.221937
0.094214
0.286996
0.081956
0.091767
0.232859
0.111452
0.057562
0.267920
0.159498
0.274495
0.170579
0.376990
0.237263
0.158093
0.299665
0.148575
0.079664
0.180705
0.077719
0.403855
0.234134
0.174187
0.351946
0.198193
0.340889
0.033807
0.362969
0.228052
0.130572
0.287207
0.442040
0.201278
0.215678
0.148397
0.304949
0.338097
0.192067
0.091514
0.340771
0.029907
0.266233
0.229783
0.116319
0.172901
0.229792
0.298914
0.068621
0.079975
0.234415
0.089091
0.167509
0.067838
0.327059
0.283255
0.261325
0.111981
0.194487
0.264463
0.220603
0.318271
0.139806
0.229114
0.216115
0.240932
0.093169
0.288510
0.147227
0.078416
0.203022
0.255016
0.054697
0.272687
0.285110
0.379576
0.051825
0.388837
0.324414
0.058080
0.183832
0.187203
0.045881
0.222691
0.033273
0.322647
0.190611
0.257577
0.278395
0.065541
0.197307
0.086823
0.352514
0.110318
0.144403
0.240915
0.500506
0.321156
0.151113
0.109784
0.252024
0.280707
0.076910
0.027417
0.293706
0.064135
0.204087
0.302641
0.128481
0.162796
0.245253
0.157716
0.106862
0.050959
0.172509
0.150001
0.076417
0.043723
0.368162
0.295868
0.347832
0.138036
0.161163
0.170644
0.175374
0.314562
0.089281
0.263822
0.240198
0.188063
0.172473
0.295581
0.170387
0.065601
0.090949
0.392814
0.112207
0.268511
0.355227
0.347045
0.101750
0.367257
0.385653
0.086520
0.177738
0.080498
0.022179
0.169368
0.069701
0.258069
0.259500
0.235941
0.154346
0.029983
0.083207
0.126249
0.287911
0.153589
0.222406
0.193305
0.532456
0.219947
0.071463
0.155944
0.134250
0.192540
0.110991
0.050167
0.141028
0.137307
0.104165
0.279432
0.259022
0.177367
0.265915
0.173172
0.187608
0.021152
0.081770
0.182018
0.042178
0.095980
0.370616
0.182232
0.444632
0.150095
0.208038
0.091754
0.081007
0.223564
0.134604
0.223236
0.143918
0.098128
0.213955
0.141071
0.094159
0.046311
0.131300
0.396722
0.141623
0.156645
0.238513
0.276479
0.108178
0.292602
0.406307
0.180648
0.242923
0.104992
0.041696
0.116534
0.099164
0.169716
0.322794
0.201220
0.067613
0.075351
0.241404
0.214228
0.270670
0.224361
0.236737
0.158059
0.428328
0.166253
0.092270
0.173823
0.091334
0.096041
0.135203
0.038507
0.023516
0.176283
0.039952
0.271311
0.448280
0.233359
0.184566
0.303414
0.242518
0.049936
0.076090
0.233065
0.051538
0.144805
0.360142
0.134765
0.386588
0.119956
0.203042
0.119391
0.072830
0.087861
0.241932
0.181750
0.055017
0.157428
0.181709
0.110235
0.054744
0.042080
0.240152
0.296527
0.082669
0.207347
0.116710
0.174917
0.116768
0.251442
0.338112
0.235962
0.189701
0.191494
0.126387
0.127652
0.065723
0.099870
0.366460
0.175396
0.098646
0.125086
0.310389
0.286841
0.226932
0.202516
0.088039
0.075605
0.283874
0.286034
0.206363
0.137315
0.099673
0.171966
0.257985
0.061010
0.023334
0.087523
0.044545
0.352813
0.593234
0.216142
0.139940
0.339807
0.173367
0.060954
0.074255
0.291646
0.121025
0.150097
0.340218
0.159191
0.129989
0.140937
0.182816
0.244809
0.070783
0.134888
0.208843
0.228264
0.090001
0.292247
0.244283
0.223531
0.161373
0.068748
0.205052
0.223694
0.157500
0.321059
0.164347
0.069366
0.163172
0.182238
0.199829
0.194749
0.153820
0.172496
0.194585
0.099102
0.098324
0.144928
0.374644
0.232917
0.103634
0.232090
0.430284
0.311713
0.113732
0.371577
0.081208
0.081718
0.255432
0.375082
0.268278
0.217274
0.141369
0.319311
0.392294
0.019211
0.037458
0.089402
0.052261
0.295919
0.533435
0.204830
0.101224
0.304982
0.083929
0.138375
0.054490
0.279309
0.220816
0.127232
0.322312
0.095668
0.126396
0.192276
0.280043
0.287917
0.114299
0.190865
0.149786
0.195166
0.247174
0.313536
0.255283
0.282407
0.192094
0.203703
0.169781
0.110676
0.191363
0.294621
0.291046
0.060847
0.144370
0.163549
0.116816
0.102616
0.250228
0.110653
0.152784
0.108356
0.254561
0.200823
0.259564
0.269380
0.117624
0.347205
0.425253
0.334510
0.078393
0.535690
0.234815
0.156096
0.266087
0.315938
0.259906
0.294574
0.121895
0.414329
0.436590
0.111351
0.023066
0.245376
0.129834
0.193496
0.361681
0.223384
0.073930
0.326406
0.013142
0.219092
0.072933
0.168864
0.249380
0.039087
0.208688
0.281328
0.095239
0.152067
0.392155
0.224035
0.065486
0.189696
0.148942
0.117065
0.252827
0.234919
0.164461
0.285102
0.083283
0.305534
0.131078
0.023895
0.205261
0.228703
0.366936
0.199352
0.094004
0.225968
0.050490
0.056816
0.383386
0.169831
0.078987
0.306415
0.331812
0.323133
0.134389
0.312754
0.089574
0.334167
0.254108
0.209433
0.175193
0.493080
0.297797
0.250718
0.279577
0.178913
0.206913
0.285937
0.053363
0.427483
0.395645
0.116223
0.104507
0.292040
0.260261
0.199277
0.143181
0.170165
0.215436
0.225667
0.153873
0.203128
0.135477
0.073393
0.140008
0.195287
0.019275
0.472558
0.095251
0.197604
0.356467
0.044108
0.102598
0.169732
0.098136
0.109396
0.185261
0.129297
0.122096
0.181311
0.187414
0.295845
0.155158
0.113606
0.094791
0.170663
0.384464
0.209719
0.159899
0.209720
0.197600
0.197793
0.453616
0.247608
0.038964
0.301363
0.291025
0.395903
0.182942
0.310797
0.111109
0.258103
0.141052
0.143549
0.207333
0.321471
0.216170
0.368934
0.229892
0.157530
0.089372
0.253502
0.064626
0.321575
0.323521
0.059046
0.137291
0.199837
0.344952
0.158870
0.108589
0.124928
0.212602
0.106532
0.201435
0.136900
0.154875
0.107382
0.045951
0.297443
0.152239
0.432248
0.251347
0.269301
0.177154
0.048095
0.146506
0.223470
0.115853
0.235803
0.056930
0.055318
0.127888
0.079835
0.262244
0.150295
0.158495
0.205920
0.077216
0.118751
0.278947
0.204747
0.169092
0.131041
0.344014
0.338393
0.456684
0.277270
0.095751
0.206545
0.171220
0.281326
0.274145
0.248822
0.330759
0.292286
0.113985
0.203006
0.228698
0.291737
0.126645
0.439372
0.258555
0.264669
0.135529
0.185730
0.138685
0.196207
0.265853
0.061671
0.176174
0.077081
0.408619
0.086996
0.264718
0.063332
0.117401
0.046388
0.123564
0.219775
0.175908
0.164214
0.142142
0.278308
0.226692
0.206345
0.266738
0.378639
0.043021
0.019544
0.160001
0.259467
0.177268
0.313001
0.081861
0.048180
0.106184
0.183785
0.243406
0.128797
0.158511
0.212781
0.065038
0.155493
0.249473
0.162966
0.081803
0.067442
0.439612
0.394575
0.397601
0.154526
0.075913
0.165162
0.063258
0.116493
0.275498
0.107123
0.427617
0.241854
0.026105
0.256937
0.274818
0.250095
0.123898
0.389282
0.199365
0.268285
0.273709
0.178158
0.124678
0.108488
0.171100
0.081969
0.226388
0.003522
0.373731
0.097588
0.319230
0.062066
0.238357
0.143714
0.041497
0.218381
0.187162
0.205327
0.124371
0.270537
0.237670
0.046668
0.165952
0.386290
0.163379
0.095828
0.124298
0.281059
0.138526
0.320293
0.221502
0.141898
0.099945
0.156576
0.222778
0.162840
0.177462
0.209762
0.079213
0.211652
0.225953
0.033330
0.067109
0.037241
0.331204
0.350290
0.232347
0.117259
0.046571
0.197216
0.071455
0.151677
0.269814
0.108540
0.379386
0.165083
0.165477
0.332404
0.260099
0.264217
0.127268
0.392481
0.137860
0.117648
0.329437
0.209061
0.007888
0.099362
0.134773
0.102407
0.238114
0.129127
0.221523
0.100640
0.346591
0.049775
0.338110
0.179946
0.118487
0.151288
0.181333
0.190241
0.101271
0.254974
0.232804
0.106092
0.011515
0.293471
0.224716
0.164201
0.100589
0.212986
0.100678
0.209375
0.301749
0.232807
0.103111
0.056603
0.226878
0.178770
0.096606
0.171313
0.142672
0.231283
0.132162
0.150805
0.173040
0.033596
0.094994
0.256808
0.059284
0.192462
0.269381
0.165445
0.089210
0.164996
0.235648
0.197318
0.242980
0.304057
0.307996
0.357866
0.113559
0.318172
0.083996
0.398379
0.107697
0.099444
0.260661
0.176243
0.141472
0.172420
0.156872
0.160291
0.253945
0.162099
0.074538
0.104391
0.360656
0.086065
0.353142
0.262418
0.204631
0.050294
0.248817
0.120085
0.175228
0.155787
0.233598
0.174523
0.204239
0.185326
0.222206
0.178922
0.078545
0.031330
0.152004
0.093419
0.303631
0.244159
0.102831
0.120745
0.241158
0.153377
0.061582
0.152675
0.201515
0.246380
0.167501
0.176365
0.224667
0.090689
0.127460
0.139313
0.076977
0.208839
0.407775
0.107563
0.092929
0.140283
0.238028
0.226988
0.063426
0.297018
0.350297
0.350987
0.109900
0.240544
0.122352
0.355400
0.281472
0.110921
0.194554
0.079403
0.177851
0.241969
0.167846
0.212865
0.183172
0.092457
0.241489
0.071286
0.231334
0.059135
0.305667
0.319167
0.247769
0.033412
0.316280
0.075062
0.186708
0.170557
0.175881
0.234817
0.306962
0.272440
0.254333
0.198512
0.051176
0.067481
0.096061
0.215801
0.313634
0.179883
0.120962
0.166272
0.262381
0.115139
0.166120
0.125816
0.164946
0.303891
0.247568
0.135454
0.216028
0.078293
0.224962
0.027894
0.043438
0.188694
0.378977
0.067024
0.139547
0.109262
0.268143
0.272778
0.107549
0.265644
0.313044
0.326534
0.218648
0.103641
0.175720
0.285682
0.192946
0.062124
0.086380
0.184398
0.114559
0.257643
0.173601
0.252017
0.182072
0.035080
0.400861
0.104603
0.180769
0.066791
0.251765
0.261064
0.219578
0.076862
0.317732
0.049037
0.199747
0.223455
0.064280
0.189587
0.275581
0.150965
0.158870
0.151023
0.211521
0.057424
0.060191
0.308281
0.392105
0.079290
0.226367
0.204290
0.263112
0.094998
0.264349
0.111600
0.108264
0.211430
0.410361
0.221284
0.163169
0.021203
0.251359
0.177243
0.035248
0.156309
0.234444
0.086385
0.198886
0.043343
0.166020
0.311907
0.182066
0.174930
0.141070
0.223193
0.244124
0.043789
0.179856
0.135263
0.121274
0.105234
0.063470
0.368883
0.043752
0.249403
0.253432
0.182271
0.171970
0.107531
0.432733
0.088962
0.245427
0.183002
0.120444
0.235419
0.127513
0.125862
0.313903
0.013680
0.184443
0.219306
0.034747
0.107346
0.186449
0.117010
0.064022
0.045072
0.379671
0.025499
0.170848
0.234339
0.413749
0.018332
0.288892
0.213176
0.147693
0.138369
0.280895
0.110945
0.120964
0.025819
0.523222
0.233095
0.081809
0.100765
0.212148
0.285234
0.034089
0.088438
0.079621
0.230898
0.270509
0.041434
0.021479
0.227289
0.163052
0.167208
0.085235
0.109538
0.262457
0.096198
0.172232
0.141106
0.087687
0.186817
0.191007
0.370654
0.066627
0.225489
0.363683
0.099695
0.171562
0.215901
0.445814
0.093334
0.213533
0.130828
0.266510
0.198485
0.112818
0.112462
0.238418
0.024117
0.119129
0.125268
0.041946
0.075888
0.160067
0.318134
0.048073
0.087234
0.394036
0.094733
0.227550
0.064070
0.261983
0.009981
0.181286
0.177969
0.174883
0.233131
0.194286
0.168518
0.147163
0.134966
0.468188
0.154840
0.230876
0.162491
0.097361
0.311830
0.037060
0.149748
0.142167
0.267103
0.276185
0.155261
0.148820
0.110117
0.096688
0.234119
0.152621
0.280424
0.295524
0.090554
0.169982
0.202814
0.061051
0.202871
0.203772
0.302667
0.086385
0.094948
0.438576
0.060531
0.182651
0.175494
0.419311
0.087747
0.188106
0.031250
0.316392
0.120189
0.318051
0.088358
0.046674
0.082024
0.122439
0.069077
0.082775
0.081172
0.177737
0.380862
0.143823
0.153303
0.241093
0.237184
0.243695
0.078101
0.028184
0.044621
0.100397
0.151903
0.270830
0.219594
0.069754
0.151045
0.247381
0.222840
0.241308
0.105826
0.290155
0.127120
0.051160
0.359264
0.118838
0.278097
0.333235
0.290538
0.249732
0.231543
0.319855
0.108830
0.093126
0.291512
0.159745
0.319975
0.236013
0.104114
0.165552
0.224602
0.096686
0.183048
0.188358
0.175629
0.081053
0.046740
0.464269
0.019638
0.227557
0.055605
0.325589
0.073963
0.265668
0.064950
0.304154
0.153476
0.418227
0.107282
0.184912
0.162716
0.165922
0.149698
0.139551
0.209171
0.169143
0.289278
0.263426
0.156289
0.135197
0.294807
0.237110
0.204627
0.214945
0.091290
0.053019
0.133395
0.219520
0.174876
0.082715
0.035661
0.310374
0.275399
0.157733
0.174079
0.161101
0.075782
0.057721
0.396448
0.117910
0.246546
0.411782
0.280996
0.202277
0.252263
0.385259
0.133937
0.094962
0.235725
0.126259
0.363221
0.075123
0.171800
0.184772
0.146083
0.125237
0.155832
0.135884
0.197623
0.140275
0.040962
0.377814
0.139513
0.256388
0.155853
0.129837
0.061011
0.191038
0.066939
0.318031
0.119599
0.414169
0.159729
0.250408
0.245342
0.149317
0.221222
0.075215
0.268988
0.135408
0.160272
0.284921
0.249474
0.124672
0.229651
0.239821
0.295473
0.378476
0.075881
0.045143
0.088837
0.212639
0.155759
0.122020
0.151208
0.289588
0.306444
0.271714
0.169419
0.038168
0.186249
0.013009
0.314191
0.150540
0.151669
0.323910
0.124834
0.124942
0.325076
0.354493
0.210088
0.124812
0.124018
0.101861
0.365372
0.052524
0.202232
0.127040
0.089521
0.161277
0.122204
0.006635
0.222186
0.238757
0.028816
0.236063
0.268403
0.191860
0.158811
0.025118
0.054136
0.092718
0.098358
0.316457
0.078281
0.395814
0.235916
0.185422
0.355014
0.112066
0.256753
0.043570
0.296993
0.058311
0.065929
0.193167
0.294181
0.063703
0.123712
0.223062
0.320423
0.428732
0.162856
0.042580
0.056786
0.331238
0.227206
0.127912
0.124698
0.196357
0.217648
0.242629
0.059594
0.045677
0.195869
0.096307
0.241101
0.292075
0.186191
0.194129
0.190536
0.114473
0.281735
0.281837
0.169788
0.230173
0.089795
0.136071
0.329826
0.180716
0.144915
0.044565
0.171827
0.218665
0.015845
0.160652
0.229168
0.308374
0.099202
0.095382
0.304655
0.108885
0.165101
0.171781
0.112720
0.127167
0.088917
0.234426
0.137795
0.293956
0.320249
0.105592
0.272909
0.298599
0.302294
0.069466
0.245482
0.052226
0.080533
0.134477
0.246745
0.164071
0.093974
0.173348
0.206517
0.388430
0.234076
0.063659
0.072443
0.391140
0.284311
0.087666
0.130521
0.106016
0.087122
0.147249
0.175663
0.062257
0.038346
0.157646
0.129666
0.347634
0.143977
0.190790
0.327743
0.229722
0.179791
0.270372
0.107085
0.236727
0.211891
0.228778
0.271235
0.285775
0.111447
0.153693
0.247407
0.300052
0.106024
0.252554
0.256559
0.326746
0.092301
0.018062
0.273884
0.175038
0.208653
0.278536
0.046666
0.211617
0.031233
0.077881
0.169284
0.129760
0.302551
0.039563
0.154009
0.394036
0.213953
0.028297
0.166451
0.096040
0.091093
0.089346
0.160820
0.253189
0.026899
0.168559
0.065822
0.408574
0.240522
0.163815
0.057146
0.296899
0.266795
0.061301
0.186157
0.081368
0.146047
0.160682
0.274749
0.139469
0.168007
0.103503
0.117654
0.315159
0.192836
0.133549
0.294494
0.312119
0.159873
0.203565
0.232831
0.099577
0.246459
0.301788
0.227452
0.269428
0.097208
0.197705
0.248290
0.284206
0.121961
0.271761
0.259442
0.259604
0.161745
0.043963
0.243256
0.167298
0.097678
0.221200
0.223324
0.289497
0.040698
0.083316
0.124814
0.188479
0.178295
0.067433
0.151836
0.457474
0.058607
0.131154
0.090178
0.138801
0.085503
0.050347
0.122542
0.181515
0.009083
0.174075
0.071817
0.415141
0.159951
0.220689
0.095508
0.222021
0.193531
0.171745
0.146568
0.246397
0.154686
0.192518
0.225058
0.196095
0.172936
0.058215
0.266367
0.245766
0.240229
0.059934
0.196920
0.369160
0.189928
0.146616
0.353061
0.113286
0.273206
0.327569
0.212253
0.208605
0.090903
0.271518
0.167123
0.104195
0.062404
0.267955
0.217135
0.125497
0.153048
0.110939
0.184919
0.153072
0.170964
0.139102
0.303022
0.278485
0.110014
0.276041
0.130922
0.309397
0.101770
0.136770
0.143520
0.398792
0.255502
0.210304
0.049217
0.179249
0.108320
0.026219
0.052778
0.049987
0.036350
0.210464
0.115556
0.279877
0.074144
0.213359
0.120867
0.171605
0.174956
0.263742
0.046673
0.315105
0.118949
0.181263
0.099648
0.204818
0.104112
0.092542
0.374830
0.130660
0.186509
0.091380
0.124360
0.379873
0.179234
0.116174
0.303421
0.141527
0.219505
0.229751
0.223712
0.201743
0.053297
0.426672
0.101338
0.137158
0.054972
0.285077
0.168019
0.064415
0.077347
0.117960
0.079436
0.203704
0.287604
0.100740
0.275910
0.256106
0.123850
0.409528
0.157567
0.312032
0.039069
0.116850
0.143729
0.271971
0.232971
0.246455
0.093814
0.202248
0.177783
0.137197
0.114116
0.036850
0.048615
0.162385
0.103438
0.208727
0.055231
0.179815
0.131386
0.012139
0.267244
0.231479
0.011771
0.307927
0.184562
0.128354
0.027005
0.208588
0.122651
0.150064
0.415778
0.132285
0.020161
0.095534
0.066445
0.392989
0.185474
0.040522
0.075789
0.099806
0.121651
0.146821
0.141641
0.151893
0.147377
0.423927
0.106466
0.337828
0.074076
0.320471
0.104158
0.098468
0.012109
0.101478
0.052029
0.265784
0.268866
0.119906
0.246235
0.203557
0.070254
0.343803
0.179417
0.281005
0.077019
0.062051
0.147169
0.196799
0.152862
0.259163
0.074804
0.121263
0.375071
0.267094
0.170222
0.072436
0.095615
0.151452
0.174317
0.258396
0.026508
0.140638
0.142881
0.190131
0.204183
0.087703
0.038284
0.287708
0.224685
0.233195
0.036795
0.201067
0.138264
0.191869
0.348944
0.162926
0.109714
0.166746
0.044062
0.320895
0.222349
0.074571
0.221810
0.046015
0.031640
0.274927
0.032633
0.072929
0.189498
0.222020
0.131089
0.308574
0.043615
0.271786
0.081278
0.089799
0.043675
0.164193
0.122736
0.335690
0.157169
0.104144
0.146121
0.096294
0.043299
0.219873
0.169969
0.240959
0.216839
0.049827
0.139454
0.196372
0.212652
0.133199
0.122981
0.076150
0.441967
0.313811
0.195076
0.190254
0.151698
0.083086
0.234336
0.303783
0.097088
0.187000
0.127717
0.214620
0.089604
0.005840
0.075519
0.279349
0.223014
0.242103
0.006939
0.130453
0.128472
0.137840
0.258404
0.267460
0.139230
0.209738
0.032717
0.245209
0.240629
0.204606
0.297906
0.033919
0.066001
0.326713
0.159470
0.160214
0.119435
0.047906
0.125543
0.176141
0.049499
0.071998
0.214996
0.099613
0.107814
0.029033
0.129853
0.342843
0.204024
0.092384
0.168164
0.161347
0.087829
0.140625
0.144359
0.232492
0.327654
0.061679
0.144803
0.093254
0.206879
0.075486
0.141073
0.100451
0.345452
0.281485
0.200810
0.221167
0.101951
0.079728
0.232258
0.324355
0.063798
0.187453
0.096374
0.100794
0.063046
0.037761
0.134483
0.222983
0.095937
0.183196
0.058849
0.237207
0.077391
0.042236
0.187486
0.311567
0.148460
0.216427
0.094335
0.107477
0.165335
0.291780
0.207287
0.130578
0.070631
0.225534
0.256180
0.205342
0.217926
0.050701
0.129962
0.059203
0.070095
0.116148
0.242299
0.127767
0.151567
0.234980
0.103971
0.271057
0.212322
0.157915
0.274347
0.169093
0.182676
0.098882
0.164167
0.150148
0.348050
0.120856
0.225151
0.101300
0.176258
0.185585
0.064999
0.135721
0.210329
0.200726
0.148541
0.162488
0.063943
0.040998
0.163779
0.248562
0.134503
0.165159
0.055310
0.041374
0.100490
0.041489
0.203617
0.142960
0.019387
0.282339
0.085018
0.279408
0.043589
0.072633
0.079192
0.278510
0.124987
0.175786
0.202825
0.182391
0.293636
0.224088
0.172862
0.236869
0.113545
0.104280
0.269001
0.199889
0.324429
0.119237
0.209448
0.043195
0.107204
0.215314
0.167717
0.165316
0.190996
0.266977
0.105793
0.173522
0.179915
0.281201
0.307583
0.180206
0.265068
0.094305
0.156883
0.121702
0.341642
0.134772
0.238898
0.258667
0.153466
0.219773
0.027022
0.146520
0.137487
0.111829
0.183395
0.119468
0.221391
0.115101
0.075574
0.100707
0.120216
0.189210
0.184551
0.194313
0.158732
0.064730
0.253696
0.131733
0.035665
0.223320
0.027093
0.179852
0.085527
0.164592
0.094421
0.189079
0.107126
0.138439
0.169440
0.377117
0.456821
0.142882
0.256900
0.321431
0.163314
0.027547
0.318803
0.187757
0.305510
0.130405
0.230547
0.200516
0.230502
0.262144
0.127488
0.276049
0.200753
0.150726
0.110163
0.076447
0.187163
0.349288
0.246164
0.237848
0.320352
0.079096
0.102598
0.308319
0.406181
0.016297
0.193918
0.368077
0.253636
0.259050
0.098822
0.192538
0.126561
0.197500
0.260904
0.063554
0.358240
0.144264
0.125027
0.019013
0.084119
0.294062
0.311779
0.299620
0.179005
0.101894
0.216146
0.156707
0.119870
0.071889
0.150566
0.130379
0.073061
0.190038
0.159832
0.033279
0.050393
0.132824
0.074907
0.418145
0.524074
0.163141
0.241701
0.372839
0.167805
0.091774
0.163429
0.118813
0.091493
0.168129
0.210666
0.379521
0.284201
0.279570
0.175954
0.373474
0.288286
0.029869
0.091652
0.226847
0.245204
0.271134
0.178189
0.236520
0.298426
0.113781
0.081465
0.284402
0.395171
0.171413
0.156038
0.363070
0.249100
0.289900
0.112419
0.246092
0.097135
0.272766
0.198269
0.030870
0.310067
0.097368
0.242264
0.088535
0.127832
0.424679
0.229906
0.295169
0.152170
0.156867
0.209163
0.219538
0.135787
0.169339
0.204713
0.061184
0.074093
0.205866
0.189866
0.106606
0.049818
0.090514
0.249829
0.386182
0.487330
0.133950
0.250468
0.302525
0.128144
0.226595
0.121239
0.079398
0.099740
0.336560
0.120270
0.331833
0.286722
0.222603
0.224148
0.395715
0.332363
0.076204
0.100866
0.307389
0.229836
0.189018
0.094583
0.125990
0.278780
0.144861
0.028664
0.222539
0.359116
0.295200
0.120884
0.298254
0.225576
0.147183
0.151972
0.260512
0.155154
0.231827
0.060099
0.080864
0.225417
0.145712
0.321663
0.167030
0.215169
0.411686
0.115804
0.222893
0.211500
0.148534
0.086828
0.332793
0.117640
0.262965
0.102992
0.108739
0.038156
0.118953
0.206204
0.154322
0.130685
0.053511
0.484943
0.329428
0.355377
0.135715
0.237041
0.216839
0.091112
0.366221
0.276616
0.195099
0.127241
0.381628
0.039272
0.081695
0.233339
0.163323
0.228407
0.308506
0.361653
0.173263
0.212716
0.204736
0.098510
0.151710
0.065571
0.086695
0.246187
0.126833
0.025906
0.275574
0.370864
0.303011
0.068831
0.216332
0.218736
0.083113
0.109598
0.192783
0.256434
0.072066
0.091625
0.157537
0.195593
0.190570
0.273965
0.165620
0.266065
0.276170
0.143504
0.159352
0.204360
0.096791
0.166566
0.348831
0.055355
0.242300
0.112305
0.207217
0.053677
0.119258
0.256161
0.104329
0.159048
0.043951
0.516253
