# G_1, p = 0.0000 GPa (dir_0.0_bar).
# D8R-only: 96 rings x 101 frames = 9696 samples.
# Column: per-D8R Delta [A]
0.011939
0.018312
0.011939
0.018312
0.018312
0.011939
0.018312
0.011939
0.018312
0.011939
0.018312
0.011939
0.006358
0.011939
0.006358
0.006358
0.018297
0.006358
0.011939
0.006358
0.006358
0.018312
0.011939
0.006358
0.018312
0.006358
0.006358
0.011939
0.006358
0.018312
0.011939
0.018312
0.011939
0.018312
0.018297
0.011939
0.018312
0.011939
0.018312
0.011939
0.018312
0.011939
0.006358
0.006358
0.011939
0.006358
0.018297
0.006358
0.011939
0.006358
0.006358
0.018312
0.011939
0.006358
0.018312
0.006358
0.006358
0.011939
0.006358
0.018312
0.018312
0.011939
0.018297
0.011939
0.006358
0.006358
0.018312
0.011939
0.018297
0.011939
0.006358
0.006358
0.018312
0.011939
0.018297
0.011939
0.006358
0.006358
0.018312
0.011939
0.018297
0.011939
0.006358
0.006358
0.018312
0.011939
0.018297
0.011939
0.006358
0.006358
0.018312
0.011939
0.018297
0.011939
0.006358
0.006358
0.189076
0.033429
0.122743
0.109403
0.018816
0.085079
0.100984
0.069983
0.092754
0.093692
0.119218
0.174299
0.145097
0.091522
0.077433
0.127421
0.167846
0.068867
0.186001
0.084950
0.036238
0.101563
0.086704
0.061070
0.107179
0.126443
0.082923
0.129363
0.102105
0.092763
0.178313
0.044161
0.088544
0.192272
0.239190
0.046566
0.106991
0.142695
0.077870
0.078960
0.071516
0.074433
0.097484
0.111507
0.121470
0.068694
0.177101
0.154092
0.040924
0.054758
0.079787
0.063619
0.185222
0.181016
0.034591
0.122670
0.001200
0.052962
0.083088
0.103785
0.053334
0.191812
0.126533
0.030460
0.057521
0.111693
0.125670
0.072774
0.063557
0.111106
0.057605
0.136992
0.043559
0.159548
0.155045
0.037108
0.137997
0.082529
0.109595
0.179856
0.194405
0.160577
0.118537
0.133186
0.088455
0.089304
0.065433
0.121185
0.030038
0.040972
0.237754
0.092074
0.119131
0.114179
0.014793
0.060063
0.286214
0.162882
0.165054
0.157862
0.082484
0.136964
0.155639
0.153655
0.118479
0.062006
0.216748
0.410753
0.144065
0.106127
0.084588
0.182049
0.249109
0.173688
0.237668
0.133697
0.035093
0.167761
0.115186
0.025433
0.272443
0.207196
0.173375
0.166198
0.043393
0.133671
0.191847
0.071656
0.098333
0.306134
0.388692
0.120703
0.183772
0.151117
0.108880
0.103710
0.147010
0.201816
0.226568
0.140045
0.156413
0.022818
0.280549
0.208003
0.070540
0.061402
0.150781
0.171839
0.237558
0.183327
0.083071
0.279842
0.058654
0.039891
0.265740
0.193297
0.080594
0.487860
0.215154
0.123158
0.093776
0.155139
0.212330
0.158817
0.137372
0.082644
0.156376
0.184184
0.027300
0.158840
0.303367
0.098932
0.127121
0.128047
0.051877
0.114108
0.310288
0.251934
0.202541
0.147505
0.079465
0.118427
0.089714
0.181380
0.128190
0.101039
0.375981
0.145129
0.173543
0.231140
0.084259
0.103533
0.278044
0.357007
0.201244
0.129046
0.154358
0.156118
0.216117
0.260763
0.108817
0.038512
0.345411
0.597534
0.077972
0.148322
0.088698
0.178688
0.289246
0.228210
0.229081
0.123873
0.075500
0.208037
0.103507
0.089485
0.347031
0.243204
0.215225
0.259647
0.080456
0.112184
0.139049
0.114640
0.078997
0.388878
0.346477
0.297901
0.327924
0.143166
0.186195
0.251830
0.223286
0.235322
0.354225
0.177158
0.274013
0.063424
0.354880
0.146025
0.147578
0.040936
0.139064
0.204244
0.222390
0.163964
0.123887
0.445306
0.100634
0.123912
0.318096
0.232907
0.082892
0.703753
0.239324
0.143243
0.104600
0.145521
0.189364
0.178211
0.237479
0.109206
0.293117
0.238637
0.153112
0.038415
0.329023
0.115206
0.141415
0.059765
0.053276
0.054075
0.293957
0.287649
0.290353
0.123907
0.164664
0.072230
0.157918
0.155672
0.285814
0.183992
0.303973
0.173723
0.179910
0.232339
0.152157
0.168555
0.331015
0.497346
0.327932
0.229187
0.204296
0.044075
0.254774
0.372200
0.104649
0.093852
0.465316
0.692379
0.161772
0.169489
0.133145
0.224183
0.304561
0.223718
0.358370
0.190181
0.036538
0.309404
0.140461
0.146219
0.302411
0.231704
0.123026
0.206935
0.202978
0.184998
0.249996
0.226089
0.101760
0.434436
0.272432
0.388299
0.481256
0.179546
0.080669
0.231045
0.221000
0.120729
0.450721
0.157289
0.281829
0.073881
0.524125
0.087499
0.231984
0.094479
0.128863
0.252235
0.310044
0.181047
0.115788
0.460847
0.049593
0.195124
0.267551
0.224710
0.060745
0.680361
0.241124
0.166701
0.041771
0.224610
0.167272
0.129683
0.347078
0.151097
0.290711
0.211302
0.149210
0.143890
0.266320
0.124619
0.241898
0.015969
0.048533
0.160821
0.282599
0.294361
0.381337
0.228468
0.176689
0.176205
0.212454
0.105799
0.271766
0.246924
0.287150
0.187633
0.199663
0.128525
0.125940
0.084924
0.386882
0.427141
0.440105
0.164770
0.132500
0.016999
0.178843
0.412321
0.202185
0.039028
0.449007
0.617075
0.225510
0.202421
0.088512
0.310455
0.220971
0.312506
0.522533
0.237179
0.195915
0.330186
0.115535
0.126007
0.229823
0.155464
0.094962
0.226947
0.350484
0.196732
0.274761
0.267932
0.126749
0.445168
0.384978
0.298422
0.509987
0.093155
0.059414
0.154732
0.190895
0.037865
0.433425
0.132311
0.244421
0.107641
0.575027
0.127568
0.199191
0.072954
0.166564
0.406585
0.232341
0.266412
0.159128
0.376298
0.042440
0.365104
0.210951
0.208894
0.100933
0.507904
0.245901
0.246496
0.104980
0.145375
0.146395
0.084290
0.316617
0.138796
0.214437
0.138404
0.067758
0.320085
0.252565
0.144303
0.262477
0.090321
0.144420
0.227503
0.297773
0.261040
0.419638
0.197644
0.068415
0.303208
0.326831
0.092788
0.271582
0.340338
0.393904
0.214132
0.187206
0.111452
0.186915
0.180087
0.375675
0.308224
0.376763
0.073347
0.077443
0.087620
0.119836
0.282894
0.255622
0.125858
0.453578
0.472702
0.254998
0.204572
0.055374
0.311871
0.096332
0.406858
0.511751
0.322682
0.153636
0.275288
0.135653
0.193484
0.307468
0.046838
0.140652
0.319676
0.484818
0.140148
0.210028
0.197555
0.107313
0.279608
0.418720
0.187294
0.393489
0.078484
0.227782
0.170541
0.206630
0.024798
0.257452
0.145406
0.136219
0.233366
0.582821
0.089654
0.163222
0.195089
0.167480
0.512548
0.253345
0.211778
0.184635
0.290423
0.132146
0.420000
0.227652
0.256769
0.120576
0.415168
0.202895
0.228060
0.202889
0.092770
0.103891
0.087179
0.191527
0.112355
0.150475
0.072570
0.213570
0.301670
0.312487
0.244834
0.171301
0.105804
0.133090
0.117243
0.313460
0.284840
0.321513
0.105676
0.060250
0.333711
0.360494
0.126975
0.387150
0.433509
0.469472
0.210394
0.170691
0.120683
0.211038
0.277306
0.303507
0.330530
0.267242
0.031953
0.083743
0.175497
0.180467
0.150890
0.248927
0.206028
0.491265
0.366983
0.294689
0.200227
0.051677
0.213349
0.195285
0.387208
0.485964
0.279774
0.036411
0.346006
0.190520
0.290583
0.278356
0.108409
0.274965
0.288041
0.436023
0.016727
0.250417
0.138135
0.129622
0.067421
0.387472
0.181619
0.269636
0.064782
0.363405
0.233918
0.342478
0.106370
0.104971
0.130478
0.025975
0.228791
0.609462
0.044936
0.219594
0.246763
0.118868
0.468196
0.293499
0.172199
0.260452
0.139876
0.127211
0.336422
0.236877
0.225186
0.086648
0.459807
0.133308
0.332276
0.222633
0.089747
0.037786
0.054969
0.163611
0.157247
0.040012
0.038420
0.273178
0.029312
0.333233
0.316714
0.197396
0.107687
0.061789
0.113453
0.287145
0.362675
0.204585
0.137565
0.124435
0.200467
0.365401
0.213376
0.425452
0.420951
0.396602
0.087768
0.107568
0.048102
0.152707
0.310682
0.297720
0.404421
0.239841
0.122175
0.125335
0.200397
0.273944
0.208361
0.198742
0.181318
0.409179
0.378537
0.313547
0.214734
0.088285
0.119678
0.209531
0.276890
0.504863
0.125387
0.044228
0.312225
0.278563
0.239095
0.167177
0.095375
0.387308
0.191751
0.275314
0.178105
0.352447
0.079583
0.156685
0.135118
0.387987
0.119083
0.197763
0.158553
0.425169
0.234132
0.280934
0.170567
0.063384
0.045791
0.141807
0.239372
0.479270
0.130347
0.192966
0.238930
0.129973
0.390154
0.284246
0.268298
0.293648
0.116515
0.192570
0.211212
0.194317
0.156219
0.174882
0.454907
0.073744
0.426651
0.347604
0.134541
0.093149
0.072583
0.155666
0.173197
0.108784
0.101196
0.287535
0.184766
0.343783
0.272757
0.206678
0.092345
0.145128
0.190021
0.284634
0.395268
0.265037
0.219144
0.145001
0.096285
0.275403
0.237987
0.416628
0.223407
0.245252
0.113787
0.153241
0.162762
0.118491
0.320629
0.279253
0.530665
0.162820
0.160982
0.144988
0.149446
0.168330
0.236925
0.214711
0.228561
0.273638
0.360406
0.157618
0.293103
0.104877
0.127817
0.146744
0.186749
0.393325
0.128218
0.035305
0.170925
0.312678
0.097560
0.054002
0.093556
0.382327
0.233309
0.226001
0.264650
0.275749
0.133927
0.157923
0.152142
0.376786
0.056336
0.177112
0.207939
0.421253
0.112420
0.202278
0.138045
0.217481
0.158781
0.213265
0.201006
0.303679
0.138424
0.171686
0.206631
0.229481
0.327033
0.279378
0.273990
0.253870
0.128809
0.166645
0.169430
0.276847
0.151277
0.279620
0.281295
0.270978
0.459195
0.321095
0.236939
0.163416
0.129725
0.183589
0.144862
0.164389
0.121013
0.303588
0.226548
0.213971
0.194829
0.112959
0.077982
0.201696
0.234580
0.265783
0.301191
0.325127
0.291966
0.081529
0.105898
0.259641
0.204088
0.440223
0.111945
0.187096
0.259423
0.150140
0.182416
0.083834
0.334936
0.225227
0.421668
0.189519
0.165256
0.185209
0.085163
0.019847
0.247692
0.269158
0.270300
0.253693
0.242163
0.250408
0.374961
0.085277
0.079473
0.138656
0.202309
0.255845
0.109755
0.039549
0.119127
0.293794
0.124531
0.069621
0.150033
0.320860
0.401361
0.292147
0.166863
0.125415
0.182747
0.074368
0.087877
0.325660
0.191871
0.114553
0.272041
0.392945
0.042180
0.264051
0.072914
0.361332
0.380304
0.228431
0.157469
0.144693
0.124627
0.256990
0.188967
0.223739
0.295966
0.215961
0.074994
0.241246
0.284663
0.120981
0.138330
0.311236
0.179278
0.284229
0.047403
0.266121
0.394835
0.322582
0.223538
0.088557
0.113468
0.248982
0.105990
0.080124
0.144958
0.321406
0.299878
0.168957
0.147889
0.139901
0.052382
0.280941
0.317347
0.348009
0.199668
0.218570
0.322742
0.062537
0.170256
0.334587
0.183176
0.433457
0.132357
0.380736
0.302538
0.131270
0.150108
0.107097
0.370702
0.235579
0.208154
0.219719
0.196860
0.169268
0.043426
0.046765
0.197571
0.248479
0.229247
0.216585
0.130317
0.356772
0.237202
0.194879
0.127902
0.226198
0.106976
0.147587
0.190365
0.047086
0.237091
0.271674
0.222329
0.064296
0.241889
0.270284
0.357627
0.349253
0.075087
0.053826
0.210625
0.011921
0.127419
0.361210
0.328869
0.239092
0.328516
0.286907
0.029492
0.313286
0.128468
0.377255
0.329783
0.158478
0.063373
0.119536
0.217085
0.184291
0.142885
0.154383
0.182219
0.169573
0.071609
0.197093
0.400570
0.254191
0.094764
0.249206
0.138382
0.228699
0.155873
0.176361
0.278147
0.290039
0.211210
0.119616
0.156943
0.304743
0.052850
0.067661
0.088886
0.291845
0.380893
0.165209
0.123652
0.110106
0.103548
0.375126
0.353793
0.347047
0.216152
0.129875
0.279138
0.054968
0.272390
0.350289
0.219253
0.380514
0.149010
0.404742
0.341610
0.202095
0.146098
0.224159
0.337195
0.206322
0.131876
0.189033
0.158580
0.170963
0.202930
0.081430
0.232842
0.105404
0.228218
0.295055
0.137696
0.324288
0.303300
0.332479
0.126523
0.270758
0.044713
0.142063
0.182222
0.057779
0.335782
0.269470
0.205141
0.262968
0.325892
0.289681
0.270433
0.280474
0.120363
0.128456
0.219842
0.069441
0.130084
0.429861
0.327876
0.361175
0.294602
0.153750
0.055987
0.271353
0.143087
0.238044
0.260754
0.149575
0.130645
0.245819
0.273669
0.025528
0.156522
0.059009
0.054757
0.143098
0.104292
0.281474
0.409716
0.324008
0.151921
0.201241
0.070582
0.193215
0.197738
0.181620
0.245342
0.179955
0.216454
0.100736
0.217570
0.197705
0.055989
0.151915
0.044785
0.256211
0.310356
0.098988
0.105517
0.184445
0.280458
0.454660
0.350337
0.198317
0.205708
0.167692
0.183946
0.172403
0.273432
0.140630
0.340947
0.244041
0.029362
0.190618
0.323505
0.113679
0.167901
0.211868
0.262621
0.086376
0.069268
0.185851
0.090794
0.248188
0.326484
0.087782
0.197690
0.038876
0.300406
0.298627
0.183687
0.303682
0.357068
0.372467
0.035086
0.295119
0.093838
0.199646
0.205019
0.074903
0.489745
0.195148
0.084278
0.469503
0.384092
0.140320
0.201121
0.117534
0.149677
0.346946
0.235706
0.120182
0.147303
0.382291
0.240649
0.457063
0.115300
0.140762
0.148732
0.241488
0.135836
0.207124
0.260176
0.195828
0.049736
0.380748
0.262115
0.071601
0.281909
0.182085
0.178503
0.102202
0.129711
0.332468
0.230954
0.347268
0.253039
0.242575
0.096894
0.180376
0.171236
0.130266
0.306020
0.110108
0.211174
0.043082
0.173063
0.289627
0.205198
0.142988
0.168640
0.251815
0.147421
0.074564
0.124959
0.288840
0.307982
0.412768
0.334224
0.054939
0.080975
0.214757
0.088856
0.319609
0.330581
0.245180
0.522774
0.184932
0.061895
0.114569
0.269961
0.100897
0.161533
0.146006
0.238170
0.085678
0.104999
0.384356
0.145828
0.454922
0.322696
0.098322
0.224026
0.110588
0.348420
0.429821
0.125285
0.261065
0.316345
0.453957
0.084662
0.343002
0.108153
0.241357
0.276715
0.139799
0.637155
0.115626
0.151901
0.413501
0.369907
0.201499
0.083206
0.118368
0.059425
0.364217
0.251305
0.167025
0.197647
0.394774
0.264081
0.500327
0.140946
0.105126
0.176032
0.227072
0.228933
0.328810
0.331825
0.189210
0.096861
0.469973
0.200344
0.173556
0.274690
0.205075
0.332503
0.101750
0.147331
0.381859
0.167288
0.392698
0.285514
0.317978
0.139652
0.167696
0.145851
0.180649
0.310889
0.026067
0.198927
0.101669
0.276703
0.321865
0.156785
0.117678
0.319772
0.257576
0.111991
0.075509
0.059496
0.316338
0.277720
0.393737
0.273369
0.118972
0.180856
0.200461
0.093218
0.273622
0.333963
0.275277
0.579112
0.080112
0.064285
0.020772
0.209306
0.069762
0.218712
0.165248
0.226731
0.071257
0.174512
0.572594
0.237012
0.512107
0.253569
0.093052
0.149032
0.143448
0.231106
0.488632
0.266820
0.168931
0.229963
0.436144
0.060287
0.325330
0.054770
0.191259
0.219806
0.164181
0.635600
0.137076
0.152325
0.272847
0.394722
0.306284
0.099606
0.038702
0.009478
0.338385
0.225859
0.235129
0.249542
0.388659
0.358326
0.450503
0.276691
0.115703
0.110582
0.309131
0.408100
0.403570
0.202027
0.213088
0.164473
0.496185
0.196390
0.203279
0.307201
0.126855
0.343962
0.185079
0.198135
0.417094
0.219375
0.438456
0.316499
0.502116
0.158177
0.104712
0.193934
0.242834
0.278689
0.142593
0.202822
0.147031
0.416372
0.246318
0.103865
0.151299
0.394541
0.342553
0.130250
0.199972
0.120486
0.252014
0.317337
0.363435
0.190386
0.061443
0.218096
0.231718
0.214781
0.232615
0.186137
0.210455
0.529837
0.119220
0.098265
0.057812
0.234007
0.075709
0.245416
0.243684
0.279906
0.190127
0.236425
0.510963
0.257508
0.471931
0.270867
0.221406
0.168298
0.192925
0.223477
0.422404
0.270256
0.122068
0.246411
0.396935
0.030420
0.259431
0.083557
0.098793
0.252783
0.170487
0.515444
0.209045
0.158295
0.348959
0.360381
0.366723
0.240962
0.081915
0.023018
0.336495
0.203041
0.311195
0.327862
0.377113
0.359031
0.358439
0.306972
0.115356
0.195041
0.334963
0.379262
0.314731
0.264427
0.183246
0.278625
0.448734
0.267488
0.258444
0.291707
0.126158
0.405429
0.433543
0.278640
0.430256
0.193519
0.335353
0.337874
0.516755
0.127646
0.132166
0.268859
0.237490
0.213639
0.135734
0.287380
0.261987
0.430030
0.237955
0.050104
0.160241
0.463512
0.433362
0.061443
0.120850
0.099511
0.321724
0.413447
0.313449
0.218240
0.154617
0.161478
0.182739
0.230656
0.352932
0.051435
0.335894
0.578905
0.180212
0.177723
0.174999
0.261954
0.074598
0.256578
0.211008
0.330743
0.238407
0.288781
0.396150
0.199097
0.358870
0.287946
0.224231
0.113798
0.238653
0.350283
0.362532
0.197386
0.155885
0.263873
0.298240
0.191060
0.124062
0.113082
0.043314
0.214257
0.191439
0.337483
0.190805
0.135383
0.503070
0.241734
0.363418
0.217170
0.143972
0.060916
0.370567
0.170805
0.346094
0.414082
0.331762
0.233884
0.258834
0.182321
0.114796
0.165219
0.208879
0.161776
0.239711
0.240059
0.123658
0.337819
0.383069
0.339477
0.323715
0.197621
0.144796
0.491419
0.446847
0.177270
0.395631
0.133138
0.234412
0.258519
0.391036
0.152359
0.223743
0.197396
0.253382
0.215646
0.145155
0.271723
0.279088
0.356593
0.214719
0.087624
0.221385
0.500241
0.461294
0.096361
0.144488
0.047133
0.414559
0.496792
0.246698
0.206472
0.191409
0.199683
0.268579
0.204277
0.443681
0.089839
0.331905
0.613044
0.177545
0.141546
0.207131
0.213157
0.148507
0.219085
0.269316
0.309977
0.251936
0.316544
0.418264
0.150397
0.288015
0.421177
0.143202
0.107280
0.343990
0.450469
0.304773
0.186921
0.198250
0.221223
0.286448
0.299112
0.065227
0.171320
0.047769
0.143218
0.256783
0.229223
0.062583
0.262196
0.462695
0.120554
0.409044
0.121718
0.175858
0.108374
0.353639
0.053300
0.368560
0.394318
0.252921
0.187414
0.149886
0.151759
0.147508
0.087850
0.074456
0.162961
0.248427
0.244138
0.155651
0.316702
0.311523
0.337948
0.307630
0.054115
0.173797
0.366876
0.325686
0.181700
0.283996
0.104084
0.262619
0.152088
0.261785
0.137203
0.338799
0.134495
0.229897
0.231461
0.167123
0.145649
0.272457
0.333271
0.243993
0.044799
0.280191
0.411509
0.404006
0.144561
0.319834
0.025205
0.364622
0.482907
0.208944
0.112000
0.087804
0.144365
0.294575
0.135351
0.363782
0.144660
0.320147
0.427932
0.065900
0.052558
0.152294
0.126712
0.117455
0.174026
0.346965
0.352070
0.378765
0.297248
0.417838
0.111511
0.344366
0.368684
0.148050
0.168105
0.259499
0.344698
0.241232
0.066546
0.127534
0.169855
0.248752
0.309508
0.141222
0.158089
0.117853
0.187873
0.320916
0.087838
0.052579
0.399395
0.338328
0.242474
0.336153
0.206440
0.175747
0.220598
0.297240
0.124476
0.355185
0.272745
0.223453
0.189641
0.124038
0.131921
0.096273
0.082038
0.117125
0.074867
0.272954
0.311514
0.132473
0.275265
0.245356
0.277519
0.219512
0.027539
0.174542
0.119967
0.255666
0.170504
0.114861
0.172921
0.249697
0.225840
0.127547
0.176909
0.303464
0.199104
0.186081
0.233117
0.180815
0.042633
0.172047
0.425058
0.300573
0.124169
0.275098
0.298142
0.272080
0.158658
0.441390
0.018027
0.216881
0.381114
0.163026
0.111342
0.169356
0.072001
0.254070
0.048403
0.393044
0.088554
0.294196
0.088035
0.091106
0.161405
0.251403
0.084884
0.125628
0.100500
0.316649
0.398750
0.359112
0.343018
0.238204
0.065023
0.374773
0.222981
0.220038
0.269687
0.205259
0.261710
0.176757
0.079766
0.129000
0.186573
0.229541
0.313651
0.183454
0.206446
0.179020
0.178484
0.294690
0.080975
0.107972
0.394212
0.356377
0.248320
0.168535
0.275733
0.198566
0.318120
0.304958
0.150958
0.286211
0.183439
0.064745
0.239429
0.138420
0.161141
0.158117
0.107022
0.274019
0.059390
0.178255
0.188875
0.154282
0.388407
0.166082
0.155915
0.286025
0.025705
0.177781
0.047342
0.268167
0.167450
0.150691
0.118459
0.152784
0.320917
0.185994
0.151965
0.294576
0.182069
0.168288
0.067429
0.200359
0.147182
0.165638
0.433038
0.345396
0.315265
0.233706
0.213578
0.217558
0.216754
0.492560
0.083847
0.161231
0.224613
0.163855
0.196376
0.225899
0.077241
0.221729
0.149131
0.316235
0.100422
0.344728
0.106883
0.193960
0.206112
0.358943
0.107687
0.105009
0.121835
0.171703
0.244551
0.216645
0.307925
0.084296
0.083699
0.322478
0.055317
0.216621
0.454684
0.202831
0.305643
0.172563
0.206613
0.136768
0.236060
0.121358
0.260461
0.280878
0.237703
0.204650
0.179747
0.216747
0.201419
0.159894
0.248329
0.356636
0.242189
0.104814
0.342568
0.118644
0.375538
0.240675
0.242914
0.202025
0.174408
0.129078
0.220559
0.072223
0.215818
0.247691
0.205118
0.398676
0.132773
0.088825
0.177381
0.216294
0.529970
0.153044
0.188027
0.338140
0.079790
0.203071
0.089354
0.369790
0.199796
0.364633
0.078298
0.095237
0.284370
0.117641
0.111916
0.383198
0.179362
0.228268
0.129929
0.229421
0.250990
0.161603
0.310122
0.282461
0.330499
0.158714
0.133933
0.152405
0.153799
0.600932
0.191710
0.191956
0.100157
0.176749
0.182715
0.160562
0.101317
0.311579
0.243695
0.146862
0.146414
0.332679
0.068087
0.177926
0.266938
0.262016
0.150851
0.165779
0.232302
0.046033
0.011781
0.068904
0.249327
0.090956
0.138183
0.246341
0.044022
0.200011
0.459724
0.274406
0.274518
0.162848
0.261665
0.124971
0.253362
0.119559
0.201212
0.353234
0.255325
0.286086
0.163051
0.253140
0.235562
0.095254
0.130799
0.080027
0.310488
0.049175
0.276658
0.086034
0.387953
0.223452
0.335102
0.114981
0.085515
0.145173
0.204616
0.067485
0.175163
0.265724
0.385739
0.488903
0.161613
0.142377
0.207203
0.207507
0.392583
0.139792
0.194000
0.358197
0.034984
0.180228
0.194704
0.269141
0.266308
0.406260
0.082073
0.063431
0.111305
0.185189
0.115104
0.344873
0.191145
0.301411
0.161821
0.265259
0.226774
0.216052
0.162551
0.228196
0.311292
0.050146
0.021342
0.050604
0.065569
0.521605
0.247511
0.167878
0.053219
0.148521
0.184028
0.137737
0.217825
0.318213
0.231388
0.140862
0.229190
0.198671
0.133900
0.162862
0.321835
0.119240
0.187678
0.225937
0.140287
0.092609
0.151109
0.145658
0.182966
0.125718
0.116877
0.139028
0.043848
0.332804
0.445846
0.134877
0.122371
0.107030
0.223469
0.104943
0.172636
0.171626
0.203234
0.333683
0.253877
0.288399
0.192286
0.269318
0.180514
0.011005
0.135198
0.203498
0.250424
0.131495
0.240706
0.222842
0.355167
0.195509
0.353471
0.067606
0.149993
0.235272
0.224866
0.050519
0.137545
0.314238
0.354146
0.527662
0.072238
0.189610
0.211810
0.182183
0.069738
0.074079
0.178281
0.314040
0.143967
0.171566
0.340597
0.122872
0.267472
0.336526
0.076956
0.100319
0.033190
0.273937
0.238180
0.316599
0.299177
0.273904
0.094293
0.177678
0.153347
0.233511
0.081672
0.223265
0.281348
0.072814
0.141201
0.056188
0.267255
0.361888
0.235085
0.038080
0.066113
0.135558
0.193760
0.174593
0.228271
0.314587
0.155783
0.279097
0.261651
0.111996
0.237726
0.161725
0.251751
0.062332
0.222561
0.188812
0.027535
0.193713
0.213664
0.276821
0.267138
0.181674
0.186429
0.052080
0.105036
0.413893
0.353162
0.107745
0.111029
0.116104
0.201491
0.164917
0.153903
0.114202
0.268466
0.218341
0.215623
0.292900
0.129762
0.256303
0.107686
0.091155
0.141257
0.290988
0.154697
0.215944
0.284923
0.246581
0.269353
0.092062
0.244274
0.024797
0.085779
0.376010
0.169327
0.168325
0.230848
0.339092
0.269223
0.450765
0.084655
0.075297
0.189106
0.091876
0.110671
0.172533
0.266008
0.239984
0.311682
0.267993
0.206930
0.285813
0.170750
0.283601
0.137327
0.105718
0.171326
0.294523
0.309567
0.265755
0.465365
0.090407
0.091397
0.030045
0.230191
0.195037
0.125029
0.263523
0.317383
0.117758
0.184487
0.054429
0.232268
0.282432
0.204366
0.042965
0.053269
0.312457
0.104545
0.132397
0.116826
0.260103
0.211328
0.436440
0.272979
0.070311
0.306003
0.138102
0.086084
0.079826
0.167480
0.190495
0.092605
0.265942
0.242177
0.253749
0.237290
0.252702
0.282389
0.170570
0.193646
0.247514
0.294712
0.192955
0.106020
0.058568
0.214339
0.201049
0.185254
0.069795
0.357264
0.316055
0.235984
0.258073
0.079043
0.170111
0.070798
0.087175
0.152253
0.284342
0.161410
0.211928
0.206912
0.323327
0.189443
0.163591
0.187007
0.178677
0.076750
0.407481
0.198861
0.291179
0.184007
0.314587
0.248746
0.182133
0.178552
0.111216
0.185061
0.036283
0.129481
0.175129
0.347037
0.286528
0.361379
0.311518
0.154218
0.434612
0.096900
0.250701
0.216230
0.113488
0.242199
0.283924
0.326872
0.163682
0.660523
0.090623
0.129830
0.103561
0.245823
0.176628
0.347192
0.206776
0.416853
0.194562
0.170584
0.112871
0.206881
0.238928
0.171796
0.085702
0.040390
0.392540
0.068440
0.131309
0.103673
0.186727
0.304096
0.440358
0.272459
0.178519
0.267456
0.073071
0.072432
0.078388
0.074828
0.242227
0.135815
0.142481
0.229833
0.167458
0.237205
0.286557
0.296086
0.275665
0.241943
0.183108
0.295649
0.273641
0.109077
0.114459
0.250190
0.118637
0.217889
0.074080
0.366958
0.230101
0.304847
0.192106
0.072784
0.173766
0.063222
0.065805
0.146974
0.287486
0.123176
0.207820
0.304162
0.400542
0.229520
0.269069
0.161300
0.327814
0.165345
0.363560
0.152733
0.240244
0.017264
0.311320
0.308893
0.051406
0.172831
0.238067
0.106500
0.052373
0.208609
0.081486
0.247228
0.243782
0.362654
0.279771
0.242010
0.367498
0.064675
0.159531
0.229679
0.160139
0.187751
0.259921
0.278107
0.186774
0.777089
0.210239
0.251244
0.238171
0.279095
0.215845
0.516262
0.133455
0.388068
0.214005
0.161882
0.315566
0.357559
0.243102
0.176411
0.179451
0.063854
0.340895
0.191876
0.118983
0.239165
0.107225
0.304696
0.446979
0.201144
0.141514
0.167026
0.082492
0.092424
0.089461
0.103819
0.328520
0.078318
0.044020
0.174337
0.223859
0.231889
0.292512
0.267528
0.374769
0.351679
0.142673
0.355340
0.414485
0.234842
0.195197
0.164597
0.200510
0.180657
0.182522
0.187348
0.186189
0.358330
0.145112
0.151110
0.156107
0.256467
0.179978
0.211873
0.166344
0.014052
0.181638
0.198762
0.375108
0.156447
0.362229
0.124908
0.318470
0.307762
0.400223
0.070568
0.149405
0.106174
0.163346
0.273762
0.110636
0.151129
0.205459
0.042196
0.040912
0.167502
0.126688
0.149675
0.397960
0.323612
0.291313
0.173221
0.239751
0.007764
0.143593
0.245242
0.237436
0.146253
0.253956
0.282129
0.256030
0.825393
0.259250
0.277833
0.317666
0.254020
0.270477
0.528058
0.155149
0.279096
0.142178
0.140215
0.334653
0.470603
0.118672
0.204477
0.188618
0.045056
0.322812
0.169575
0.117379
0.304967
0.033612
0.171722
0.451086
0.288131
0.072048
0.081269
0.111279
0.123347
0.149017
0.132301
0.342011
0.093524
0.146943
0.074865
0.126355
0.220597
0.299065
0.239883
0.422150
0.506663
0.159097
0.263053
0.444381
0.311131
0.181510
0.192218
0.221223
0.106499
0.211221
0.105020
0.140905
0.262926
0.181498
0.078951
0.145788
0.290749
0.100581
0.272165
0.068558
0.063929
0.023234
0.016022
0.252199
0.075444
0.324902
0.185306
0.209978
0.298781
0.411743
0.132283
0.228286
0.175380
0.140652
0.223976
0.059961
0.262937
0.126234
0.114652
0.031779
0.241209
0.240911
0.146315
0.523814
0.258336
0.125948
0.203941
0.065811
0.220886
0.197276
0.184379
0.302242
0.119601
0.282905
0.218483
0.203456
0.767664
0.281695
0.239124
0.323805
0.203460
0.408982
0.522393
0.163783
0.196475
0.149198
0.130934
0.214048
0.367043
0.098730
0.228520
0.258596
0.050622
0.321027
0.137184
0.101114
0.218072
0.209907
0.188247
0.449595
0.394247
0.173537
0.091058
0.217734
0.133917
0.230047
0.223450
0.246636
0.143529
0.119290
0.112613
0.066294
0.156996
0.250068
0.189098
0.257270
0.596537
0.198458
0.075182
0.304783
0.288083
0.198827
0.223056
0.197274
0.068703
0.181230
0.156545
0.078536
0.128944
0.187113
0.168624
0.161049
0.158507
0.137610
0.316585
0.045914
0.111498
0.128800
0.015219
0.244318
0.066512
0.281990
0.161935
0.148560
0.202866
0.426515
0.188508
0.282500
0.134672
0.246486
0.296376
0.075877
0.300909
0.187109
0.111776
0.046600
0.226523
0.213118
0.139438
0.395269
0.086608
0.134535
0.153515
0.046610
0.285103
0.246582
0.174693
0.187556
0.197899
0.233128
0.138579
0.227476
0.672539
0.302151
0.176539
0.196998
0.051713
0.378349
0.523747
0.270691
0.130956
0.135744
0.023246
0.171405
0.229671
0.200610
0.227234
0.339261
0.096806
0.251357
0.114558
0.204115
0.129223
0.327485
0.124957
0.335799
0.375661
0.308348
0.127617
0.282934
0.113984
0.163335
0.223917
0.118665
0.168915
0.054420
0.111078
0.062222
0.133088
0.245955
0.281375
0.397191
0.478071
0.165950
0.143275
0.325158
0.206751
0.171063
0.117040
0.086540
0.044138
0.144207
0.275455
0.129861
0.043999
0.055355
0.259074
0.158618
0.127738
0.191976
0.216524
0.117900
0.137737
0.101250
0.074905
0.172083
0.177095
0.217956
0.079133
0.114996
0.161362
0.507948
0.173889
0.266919
0.091804
0.317522
0.282239
0.043673
0.192095
0.236069
0.107823
0.038014
0.141633
0.098092
0.132710
0.237239
0.055070
0.232430
0.059143
0.115438
0.184675
0.276883
0.222868
0.050518
0.442934
0.369993
0.092797
0.258344
0.450780
0.239737
0.101738
0.265827
0.190259
0.249035
0.448177
0.377681
0.172476
0.177379
0.048731
0.245241
0.249989
0.301616
0.106890
0.347878
0.132482
0.103176
0.068022
0.235733
0.070307
0.312014
0.155536
0.290829
0.210736
0.328073
0.108891
0.210991
0.128274
0.135127
0.071574
0.031271
0.166192
0.109700
0.058513
0.105546
0.137353
0.212605
0.246231
0.413140
0.410308
0.045627
0.164399
0.310281
0.224310
0.193743
0.004602
0.108724
0.096161
0.144575
0.369720
0.171111
0.022790
0.220354
0.150166
0.249250
0.102410
0.298363
0.062256
0.260637
0.167287
0.117467
0.226231
0.136664
0.353145
0.253593
0.057826
0.112614
0.074761
0.509362
0.133537
0.194420
0.072146
0.326209
0.268265
0.111078
0.084924
0.188866
0.114443
0.074711
0.228660
0.136120
0.055753
0.210601
0.072792
0.159064
0.060847
0.318203
0.211925
0.251204
0.240759
0.048388
0.502912
0.435138
0.119353
0.227716
0.308348
0.130916
0.145895
0.219140
0.134608
0.365424
0.333996
0.427072
0.173070
0.280949
0.135239
0.177935
0.212383
0.333202
0.138543
0.236325
0.129969
0.031308
0.042102
0.154043
0.036438
0.120165
0.144396
0.232299
0.059303
0.313319
0.035247
0.116473
0.048620
0.109008
0.037407
0.071104
0.237295
0.161402
0.225212
0.182582
0.129369
0.185524
0.244313
0.390095
0.354661
0.108515
0.269647
0.241909
0.200682
0.249213
0.165086
0.147354
0.123100
0.052610
0.261937
0.206123
0.067147
0.174295
0.240029
0.291051
0.132328
0.227753
0.074399
0.261274
0.184747
0.195710
0.273729
0.174857
0.489838
0.232626
0.016244
0.067654
0.024813
0.433690
0.228328
0.110726
0.050340
0.341493
0.278596
0.158900
0.168767
0.091052
0.061067
0.114858
0.200443
0.057111
0.073043
0.229995
0.120487
0.258527
0.113167
0.427078
0.253861
0.274919
0.329592
0.107046
0.427413
0.366662
0.243312
0.202101
0.198903
0.092604
0.088356
0.049588
0.033330
0.407336
0.236349
0.373491
0.263701
0.186457
0.224327
0.074765
0.158473
0.228140
0.217076
0.173877
0.109313
0.100224
0.140355
0.133057
0.088700
0.090115
0.092850
0.230351
0.174219
0.414925
0.050461
0.096584
0.111484
0.185023
0.085352
0.146963
0.275930
0.137567
0.311640
0.274764
0.255293
0.178878
0.225732
0.328824
0.237560
0.179046
0.327054
0.272004
0.158023
0.202301
0.284686
0.139836
0.153089
0.076816
0.239801
0.312448
0.053076
0.053753
0.131739
0.258583
0.212181
0.135784
0.155526
0.260190
0.100713
0.159823
0.324642
0.256309
0.483415
0.191773
0.070316
0.054873
0.059621
0.302924
0.371724
0.144155
0.087560
0.294819
0.523060
0.155806
0.286952
0.119092
0.144320
0.156387
0.180355
0.087149
0.083175
0.154938
0.167676
0.314554
0.045419
0.398294
0.125226
0.296444
0.435531
0.113806
0.315997
0.294041
0.308197
0.292934
0.122072
0.145912
0.046735
0.091867
0.092180
0.390385
0.126477
0.445571
0.244053
0.086609
0.113352
0.090776
0.192022
0.159819
0.207918
0.161996
0.141293
0.146379
0.187410
0.160090
0.145402
0.189723
0.091407
0.263432
0.130789
0.416001
0.064214
0.120786
0.067477
0.081206
0.131055
0.243638
0.209503
0.103661
0.334754
0.140575
0.326760
0.256194
0.290699
0.291523
0.081407
0.184022
0.319376
0.282266
0.111982
0.104767
0.374855
0.118917
0.208854
0.107974
0.297895
0.316654
0.088507
0.166244
0.139900
0.211986
0.230537
0.146736
0.168293
0.328803
0.138785
0.101080
0.355363
0.267572
0.416014
0.161684
0.092298
0.092048
0.114946
0.251258
0.483389
0.049533
0.189808
0.243035
0.531154
0.065963
0.224701
0.212201
0.249356
0.168870
0.138440
0.129200
0.149156
0.178301
0.199396
0.297656
0.053337
0.345326
0.112491
0.319233
0.344172
0.111706
0.140247
0.097982
0.278778
0.337669
0.484715
0.176324
0.076810
0.126568
0.258720
0.336950
0.087480
0.358626
0.212394
0.168526
0.060612
0.089514
0.222467
0.195087
0.208103
0.176167
0.244727
0.254026
0.042067
0.113791
0.149738
0.163841
0.143185
0.193519
0.063914
0.370166
0.064395
0.041093
0.135623
0.081159
0.162965
0.376689
0.143912
0.161059
0.353484
0.063119
0.237731
0.193184
0.380375
0.242235
0.062424
0.219629
0.283249
0.204764
0.134841
0.034193
0.340626
0.170105
0.220613
0.068624
0.224474
0.275099
0.209404
0.327413
0.307222
0.321867
0.211406
0.138523
0.137426
0.308668
0.161087
0.034672
0.161219
0.304888
0.336484
0.050133
0.177900
0.165846
0.157113
0.138273
0.539997
0.114247
0.161355
0.274806
0.351947
0.051425
0.118475
0.266689
0.253095
0.159941
0.032580
0.165272
0.110678
0.155484
0.355270
0.232689
0.153951
0.370284
0.131313
0.254276
0.238197
0.173324
0.017341
0.224729
0.306196
0.234259
0.713829
0.196373
0.149739
0.116817
0.308421
0.295945
0.221771
0.206784
0.288239
0.200386
0.096631
0.133002
0.174434
0.193691
0.288533
0.299585
0.267208
0.320108
0.174152
0.208395
0.178640
0.053692
0.186586
0.191504
0.072394
0.309882
0.054639
0.042065
0.183029
0.133575
0.190150
0.439665
0.226963
0.189646
0.347450
0.075344
0.207933
0.201156
0.354243
0.306017
0.203181
0.320868
0.351340
0.089328
0.126916
0.055834
0.240865
0.221167
0.116267
0.114370
0.119602
0.202292
0.210541
0.434787
0.252053
0.321765
0.217157
0.288847
0.083909
0.145715
0.142590
0.201937
0.093934
0.377241
0.371917
0.167167
0.220850
0.112057
0.242412
0.173985
0.533188
0.127410
0.078217
0.406637
0.223977
0.033638
0.218259
0.288068
0.140897
0.190420
0.073756
0.219344
0.091624
0.159348
0.293108
0.208226
0.226529
0.408057
0.168204
0.172908
0.266812
0.109776
0.007885
0.326760
0.320712
0.118875
0.669085
0.236208
0.156323
0.228168
0.242859
0.309666
0.264254
0.261132
0.404049
0.183137
0.093745
0.263080
0.254619
0.130721
0.293324
0.187358
0.203430
0.340964
0.289070
0.263125
0.211613
0.054057
0.164551
0.146435
0.094967
0.251170
0.022660
0.121290
0.156501
0.166921
0.187911
0.454467
0.304461
0.169613
0.295896
0.073341
0.321319
0.210251
0.268949
0.210630
0.352647
0.351692
0.346923
0.115906
0.074626
0.076984
0.148764
0.335397
0.197604
0.113550
0.111324
0.237111
0.095798
0.431181
0.141484
0.284176
0.257258
0.291943
0.033477
0.110421
0.109860
0.196246
0.056884
0.398453
0.467917
0.277094
0.137961
0.097538
0.240507
0.276331
0.481421
0.085697
0.042950
0.477768
0.206606
0.128733
0.481327
0.263273
0.074309
0.235092
0.068913
0.280872
0.049757
0.178550
0.151716
0.245451
0.234990
0.299901
0.165423
0.159385
0.271179
0.066945
0.090191
0.378094
0.194454
0.219462
0.654580
0.296009
0.187329
0.324138
0.261173
0.332311
0.206224
0.233888
0.458527
0.256396
0.228288
0.245335
0.318598
0.058475
0.207136
0.193652
0.225358
0.246228
0.205524
0.370303
0.251343
0.166415
0.143572
0.188810
0.136664
0.124445
0.072346
0.067809
0.206884
0.233936
0.140489
0.498274
0.264465
0.118311
0.230686
0.107768
0.310815
0.203642
0.205546
0.169637
0.412567
0.248037
0.272551
0.123229
0.087959
0.131916
0.159852
0.318730
0.268488
0.059178
0.170313
0.163383
0.067189
0.412098
0.114177
0.406702
0.344096
0.237929
0.085953
0.258138
0.127839
0.189976
0.180569
0.326173
0.455265
0.369363
0.267380
0.120730
0.214170
0.382626
0.298376
0.237485
0.058710
0.377257
0.229622
0.226915
0.510532
0.090787
0.118948
0.254482
0.070678
0.206780
0.137852
0.127015
0.175887
0.261336
0.267821
0.085796
0.191591
0.158580
0.163251
0.208927
0.114496
0.393126
0.085915
0.276122
0.658209
0.287636
0.217356
0.274690
0.365686
0.226565
0.131435
0.273691
0.458159
0.292963
0.258105
0.248472
0.280486
0.123934
0.163567
0.248599
0.150317
0.280579
0.155077
0.406457
0.295908
0.315238
0.127711
0.189722
0.230401
0.092263
0.140849
0.159621
0.434861
0.251280
0.079451
0.558094
0.346363
0.129911
0.163647
0.164569
0.092788
0.071298
0.317894
0.356315
0.312672
0.174218
0.066305
0.174293
0.096155
0.187104
0.221236
0.224227
0.269988
0.106781
0.194043
0.160591
0.159471
0.362930
0.036861
0.539121
0.394986
0.245091
0.096758
0.212690
0.193740
0.093923
0.330017
0.167684
0.422982
0.450032
0.373851
0.134602
0.284378
0.294413
0.189698
0.244273
0.131799
0.297576
0.249746
0.236413
0.420526
0.135517
0.164649
0.338811
0.076846
0.201262
0.121212
0.155639
0.167286
0.258601
0.303896
0.053075
0.130386
0.134945
0.207621
0.219324
0.213701
0.361168
0.059384
0.385067
0.567042
0.218918
0.132545
0.215222
0.345694
0.169125
0.058442
0.298543
0.459540
0.247690
0.204575
0.323019
0.252862
0.293467
0.252264
0.181548
0.171759
0.197536
0.201955
0.351997
0.299394
0.302633
0.142035
0.203297
0.323528
0.136712
0.113134
0.319279
0.459720
0.264455
0.133650
0.449842
0.294729
0.214798
0.165342
0.228347
0.083639
0.205937
0.362425
0.473961
0.259266
0.290180
0.177540
0.218537
0.061620
0.211734
0.270997
0.167302
0.256280
0.112028
0.218302
0.226138
0.202246
0.349850
0.227073
0.446741
0.413646
0.159533
0.183666
0.144484
0.270749
0.243945
0.402422
0.084209
0.359777
0.369739
0.277833
0.103064
0.373678
0.212441
0.127690
0.262815
0.170172
0.342299
0.154812
0.178880
0.308082
0.248463
0.176136
0.408006
0.056935
0.300285
0.086461
0.214202
0.096958
0.156311
0.299266
0.042972
0.212516
0.163526
0.259081
0.200213
0.254931
0.322781
0.165509
0.437672
0.427894
0.246779
0.145831
0.184166
0.193257
0.074547
0.165281
0.233427
0.383317
0.150601
0.207101
0.428089
0.310404
0.370892
0.253328
0.018998
0.183103
0.130957
0.082241
0.309379
0.240240
0.237451
0.126742
0.187179
0.299878
0.240376
0.104274
0.286879
0.388690
0.309632
0.153194
0.198191
0.355737
0.243474
0.119760
0.262319
0.108290
0.340283
0.333304
0.473490
0.310622
0.407369
0.291932
0.204198
0.026654
0.300416
0.316664
0.136635
0.174079
0.058105
0.121628
0.205749
0.198473
0.345050
0.299147
0.297381
0.393920
0.064667
0.311786
0.041024
0.162688
0.294746
0.422131
0.081944
0.312960
0.303930
0.263101
0.188098
0.376123
0.217263
0.039187
0.339782
0.261331
0.355512
0.059682
0.120438
0.310968
0.296888
0.181701
0.264705
0.173543
0.339605
0.116764
0.289530
0.110666
0.004950
0.282771
0.026316
0.265703
0.206494
0.208842
0.266229
0.192762
0.305000
0.234370
0.448166
0.307173
0.348478
0.171261
0.250299
0.159547
0.059804
0.311015
0.106553
0.229486
0.134985
0.324739
0.374488
0.340864
0.446368
0.185661
0.028035
0.100764
0.136352
0.014655
0.248036
0.232844
0.210147
0.147489
0.143124
0.262405
0.262035
0.134011
0.139881
0.513249
0.433510
0.332720
0.149378
0.297684
0.247479
0.043798
0.253617
0.137250
0.362033
0.163217
0.456959
0.169806
0.247203
0.317416
0.241129
0.021629
0.332572
0.230199
0.085489
0.077386
0.171307
0.114362
0.229172
0.153584
0.305633
0.171175
0.339929
0.182548
0.154831
0.386622
0.118797
0.218461
0.205318
0.402205
0.075792
0.317772
0.404778
0.243562
0.090994
0.319701
0.184971
0.234144
0.281147
0.294085
0.374105
0.047329
0.124637
0.377312
0.327322
0.166986
0.222484
0.228122
0.324999
0.178109
0.295921
0.254020
0.105795
0.267351
0.076817
0.203535
0.180963
0.155558
0.274255
0.263473
0.320719
0.248037
0.514902
0.200932
0.463863
0.250541
0.292998
0.247355
0.043308
0.327189
0.156701
0.129620
0.256938
0.315497
0.284030
0.291097
0.446570
0.199996
0.196688
0.154680
0.111371
0.058791
0.175238
0.304897
0.295407
0.210719
0.225884
0.236679
0.135838
0.157240
0.167130
0.587555
0.358063
0.486116
0.130678
0.311954
0.369902
0.040422
0.228713
0.243865
0.355711
0.182913
0.435632
0.061546
0.301543
0.366558
0.276048
0.114181
0.382214
0.171230
0.114288
0.072601
0.207680
0.146024
0.203155
0.192177
0.261020
0.120795
0.212866
0.142889
0.231691
0.363513
0.130120
0.285892
0.175370
0.329347
0.173844
0.283856
0.441186
0.219512
0.195482
0.296228
0.137394
0.282635
0.266111
0.229359
0.317354
0.057816
0.147258
0.378474
0.224801
0.169001
0.267589
0.196891
0.445503
0.201398
0.240356
0.395856
0.177443
0.286133
0.065893
0.151806
0.087451
0.178846
0.232836
0.314809
0.245188
0.177736
0.572366
0.144854
0.469803
0.279877
0.307882
0.307730
0.182005
0.279913
0.103976
0.123798
0.385428
0.168236
0.238336
0.224317
0.378410
0.273570
0.344826
0.198171
0.187770
0.246689
0.059695
0.312582
0.306384
0.160640
0.209431
0.074734
0.172796
0.122711
0.174787
0.508243
0.153991
0.534277
0.207981
0.380813
0.513469
0.129008
0.230530
0.255517
0.389112
0.233953
0.372177
0.077126
0.275789
0.455411
0.098482
0.046636
0.343592
0.179901
0.262724
0.023940
0.230301
0.179524
0.147014
0.225885
0.257771
0.241534
0.143559
0.307986
0.175266
0.321448
0.100722
0.333524
0.247092
0.161693
0.280949
0.291303
0.254104
0.263310
0.148495
0.223198
0.214681
0.231934
0.313185
0.168202
0.222330
0.033438
0.100978
0.328782
0.047412
0.136816
0.252687
0.189169
0.566701
0.187617
0.204660
0.402565
0.116877
0.286294
0.140554
0.172411
0.028257
0.217722
0.256810
0.207343
0.125535
0.102743
0.485251
0.203065
0.329412
0.254137
0.328450
0.243839
0.211297
0.139282
0.100597
0.196824
0.433461
0.101756
0.179717
0.243103
0.252695
0.224907
0.306123
0.267531
0.391218
0.391218
0.064317
0.173850
0.206713
0.124951
0.151693
0.061593
0.179055
0.330669
0.211652
0.304296
0.040797
0.372074
0.293031
0.336258
0.459734
0.101360
0.234618
0.147116
0.381336
0.241776
0.402866
0.169178
0.237757
0.450621
0.126652
0.052577
0.294107
0.211417
0.292209
0.068406
0.358803
0.202312
0.196363
0.193128
0.192257
0.342054
0.195778
0.503545
0.152407
0.343555
0.132814
0.316702
0.229103
0.318613
0.279437
0.308624
0.173801
0.271416
0.042097
0.187260
0.115447
0.340374
0.434235
0.215847
0.284556
0.020752
0.121608
0.277515
0.040180
0.071681
0.277947
0.234739
0.537481
0.206154
0.230063
0.344428
0.065100
0.215071
0.276011
0.141070
0.115267
0.174235
0.250122
0.180361
0.179336
0.129245
0.357692
0.218556
0.293222
0.306955
0.335916
0.211854
0.193877
0.272075
0.189564
0.131998
0.412562
0.216157
0.155961
0.262838
0.179539
0.113431
0.231411
0.309873
0.571590
0.381922
0.161552
0.127085
0.075134
0.049378
0.261573
0.247539
0.293846
0.405581
0.213476
0.150789
0.066589
0.280805
0.319721
0.101556
0.301829
0.043603
0.208558
0.047660
0.336785
0.202679
0.282233
0.240467
0.188845
0.363677
0.169842
0.037082
0.158664
0.183803
0.253932
0.107847
0.395512
0.189469
0.172846
0.274850
0.195307
0.272998
0.180817
0.565400
0.180753
0.338005
0.297467
0.288101
0.263958
0.362564
0.270924
0.222479
0.104055
0.185302
0.126918
0.147705
0.085272
0.394812
0.427438
0.282392
0.211500
0.112426
0.165379
0.323445
0.126230
0.093017
0.364903
0.254726
0.424230
0.227524
0.214802
0.317212
0.080318
0.163362
0.315021
0.099862
0.120356
0.063271
0.219527
0.201693
0.303306
0.174847
0.294011
0.208203
0.184119
0.358709
0.269033
0.216754
0.139760
0.354513
0.065675
0.015040
0.444160
0.325848
0.110222
0.251382
0.151608
0.169500
0.262620
0.307357
0.612957
0.335278
0.191499
0.215379
0.107248
0.042553
0.462795
0.388916
0.378359
0.263443
0.200063
0.161001
0.126159
0.221226
0.334936
0.065946
0.188383
0.066691
0.214442
0.070642
0.269093
0.155996
0.271792
0.235557
0.137296
0.293515
0.195786
0.021442
0.142855
0.108543
0.329660
0.156821
0.357826
0.156362
0.259236
0.210089
0.158938
0.264121
0.139963
0.533438
0.168208
0.293619
0.346057
0.212723
0.283802
0.313066
0.195366
0.131648
0.053973
0.216671
0.140602
0.080876
0.108709
0.280619
0.329009
0.320447
0.127328
0.241765
0.171092
0.245920
0.177331
0.188677
0.452224
0.319317
0.387868
0.195663
0.308703
0.255572
0.133763
0.173215
0.223238
0.197554
0.102535
0.023612
0.186478
0.215169
0.276815
0.184646
0.234968
0.084572
0.120871
0.342978
0.162027
0.231478
0.244700
0.321715
0.090708
0.161943
0.461728
0.261053
0.098629
0.242296
0.158248
0.149630
0.356539
0.369737
0.632305
0.316666
0.134637
0.300227
0.218045
0.095793
0.620839
0.424278
0.369226
0.246601
0.094506
0.278244
0.153171
0.247478
0.313012
0.113748
0.141286
0.122445
0.168490
0.195327
0.255996
0.239002
0.360403
0.184728
0.055467
0.269141
0.209797
0.043592
0.160395
0.138526
0.316281
0.387040
0.308505
0.104962
0.285472
0.335378
0.141152
0.238026
0.050497
0.490152
0.073069
0.118172
0.310949
0.207267
0.228980
0.235604
0.231390
0.163535
0.060833
0.290024
0.149840
0.316672
0.037002
0.273535
0.280722
0.357248
0.073591
0.282496
0.093710
0.141985
0.224796
0.242894
0.499449
0.262640
0.378962
0.262725
0.302791
0.198170
0.137687
0.095505
0.120088
0.144551
0.200625
0.087411
0.182960
0.195950
0.262582
0.313358
0.135614
0.131628
0.139846
0.203449
0.162813
0.251169
0.293718
0.305386
0.124591
0.206298
0.363028
0.162304
0.171303
0.344963
0.087446
0.187699
0.346085
0.282369
0.579172
0.245001
0.086376
0.379015
0.224889
0.166018
0.550972
0.396458
0.339827
0.357373
0.112494
0.333988
0.114217
0.256384
0.191432
0.056618
0.102603
0.137121
0.099157
0.260957
0.212773
0.306693
0.292115
0.116043
0.046343
0.134632
0.246256
0.058651
0.244928
0.250418
0.314727
0.503136
0.346722
0.044843
0.148947
0.382116
0.148656
0.252619
0.122788
0.361797
0.046012
0.076332
0.350791
0.214566
0.124463
0.196187
0.233807
0.151361
0.130935
0.347241
0.113285
0.379916
0.126662
0.315919
0.265668
0.252806
0.081348
0.262928
0.047689
0.077222
0.330006
0.356826
0.453940
0.148919
0.286965
0.284200
0.162562
0.199323
0.052601
0.187445
0.263617
0.133055
0.253696
0.128756
0.165083
0.158395
0.339700
0.280606
0.259344
0.123415
0.128664
0.160549
0.181848
0.257355
0.207406
0.317833
0.175945
0.146239
0.162635
0.134644
0.121985
0.316908
0.031107
0.230215
0.263880
0.191791
0.445429
0.150285
0.140436
0.329620
0.144257
0.132481
0.367525
0.292816
0.259268
0.424361
0.126511
0.391615
0.099513
0.290144
0.095930
0.081021
0.127243
0.307172
0.105446
0.402137
0.158548
0.420381
0.334388
0.154341
0.112050
0.092652
0.293791
0.141139
0.353400
0.172827
0.359930
0.405735
0.430983
0.032735
0.098053
0.285859
0.139763
0.080163
0.272217
0.526939
0.105792
0.066579
0.290996
0.180706
0.069345
0.189626
0.226620
0.185574
0.170204
0.322547
0.104838
0.321376
0.201731
0.288092
0.218476
0.249695
0.199075
0.199909
0.063196
0.050305
0.343441
0.392318
0.374958
0.098891
0.094077
0.224573
0.103667
0.209081
0.042177
0.295948
0.301622
0.159272
0.222901
0.224721
0.094280
0.212493
0.372101
0.148599
0.193887
0.070543
0.244732
0.150142
0.157701
0.228454
0.081697
0.364656
0.159261
0.118298
0.082140
0.093797
0.103428
0.266612
0.089626
0.143390
0.283180
0.154667
0.235520
0.130695
0.126949
0.280819
0.186488
0.109910
0.272135
0.193395
0.157980
0.301288
0.145183
0.322544
0.062498
0.187458
0.153571
0.051048
0.146041
0.277992
0.145336
0.475938
0.185207
0.407841
0.217155
0.101977
0.150474
0.050785
0.261181
0.305110
0.393144
0.226656
0.304158
0.273503
0.383288
0.129639
0.183740
0.220888
0.134461
0.130850
0.308081
0.542298
0.097896
0.078871
0.188886
0.239262
0.164449
0.202545
0.174372
0.240555
0.271922
0.332497
0.206620
0.347867
0.269373
0.223348
0.200818
0.361603
0.191800
0.229287
0.090926
0.214348
0.297780
0.231301
0.286307
0.113256
0.137729
0.297639
0.175630
0.167304
0.031488
0.294699
0.292306
0.080073
0.246637
0.269428
0.076760
0.135753
0.317724
0.106866
0.272542
0.059314
0.365419
0.139854
0.194270
0.216723
0.118622
0.301464
0.113150
0.132413
0.041309
0.163227
0.114856
0.254553
0.064409
0.094636
0.280450
0.161478
0.158104
0.145904
0.107844
0.310286
0.291488
0.119147
0.338054
0.233818
0.151868
0.196619
0.264956
0.112986
0.029439
0.097516
0.150568
0.077009
0.145849
0.176714
0.117374
0.362646
0.236200
0.341435
0.094518
0.071171
0.159053
0.140023
0.162518
0.387419
0.321405
0.218505
0.160904
0.262228
0.154094
0.089730
0.207148
0.225564
0.134456
0.166456
0.172570
0.283666
0.141861
0.037809
0.152024
0.161760
0.302181
0.167285
0.186474
0.191297
0.410661
0.148186
0.269398
0.331774
0.175694
0.156089
0.307102
0.307410
0.095402
0.245775
0.140750
0.322345
0.304402
0.059924
0.316542
0.186687
0.209579
0.357166
0.224608
0.206120
0.085083
0.375619
0.286055
0.140193
0.213404
0.254886
0.236533
0.140141
0.144709
0.152806
0.315007
0.169994
0.415592
0.069092
0.186675
0.261136
0.267520
0.212091
0.143108
0.246743
0.051407
0.082540
0.216546
0.232451
0.056527
0.051045
0.177124
0.124729
0.105819
0.037462
0.058439
0.234796
0.273791
0.183894
0.382673
0.090032
0.115743
0.204037
0.319689
0.072213
0.094033
0.041471
0.262850
0.167296
0.188122
0.103820
0.060895
0.155979
0.213245
0.364214
0.135630
0.130958
0.119757
0.160789
0.104787
0.359460
0.278781
0.245329
0.118936
0.294194
0.060484
0.062749
0.219693
0.237304
0.190880
0.212378
0.119932
0.245489
0.210367
0.078872
0.200796
0.191731
0.293433
0.175707
0.194940
0.187563
0.388327
0.033041
0.145529
0.327018
0.163278
0.165931
0.457276
0.194434
0.107806
0.268629
0.261195
0.346515
0.225469
0.050305
0.309476
0.242360
0.071796
0.338279
0.135778
0.076580
0.155726
0.537836
0.333969
0.144104
0.160865
0.259664
0.210129
0.250767
0.202945
0.137885
0.262544
0.295385
0.448288
0.078782
0.111712
0.232608
0.344878
0.189913
0.261585
0.256868
0.153845
0.103675
0.317829
0.118797
0.092937
0.149707
0.066492
0.145823
0.093047
0.192843
0.064300
0.092417
0.348713
0.281518
0.373362
0.140462
0.020622
0.182785
0.394447
0.275465
0.094164
0.113834
0.208183
0.239512
0.219251
0.048263
0.089132
0.166788
0.076336
0.517055
0.095213
0.054066
0.172945
0.121536
0.078106
0.237063
0.307131
0.249686
0.098563
0.258623
0.081347
0.089639
0.189839
0.204692
0.258176
0.318965
0.146609
0.320476
0.167592
0.083490
0.202101
0.159734
0.294294
0.225567
0.117849
0.160779
0.304081
0.038822
0.202994
0.342319
0.221557
0.164357
0.446900
0.119079
0.200299
0.361537
0.306006
0.377114
0.087438
0.055154
0.193632
0.324950
0.080637
0.348963
0.054785
0.087215
0.156744
0.583981
0.346464
0.174694
0.185068
0.263570
0.129481
0.223637
0.206599
0.083429
0.141781
0.289734
0.386462
0.163010
0.182730
0.297159
0.343742
0.200956
0.237626
0.204395
0.192160
0.110417
0.224889
0.075885
0.060472
0.290829
0.061069
0.075022
0.241534
0.303966
0.142918
0.017044
0.242825
0.273906
0.286395
0.189368
0.100117
0.131625
0.490339
0.322538
0.076912
0.235893
0.170768
0.209807
0.191003
0.041701
0.250139
0.214025
0.142185
0.553498
0.080519
0.058582
0.200713
0.068073
0.066417
0.156794
0.184521
0.186801
0.148738
0.225373
0.102534
0.160467
0.118593
0.147406
0.125609
0.324196
0.176582
0.282284
0.161375
0.065916
0.213442
0.071699
0.358007
0.029558
0.068696
0.158901
0.235756
0.169995
0.383959
0.235978
0.261689
0.236108
0.346544
0.136107
0.272824
0.277180
0.163040
0.408763
0.045856
0.061731
0.179206
0.403052
0.058840
0.374432
0.079004
0.112696
0.167579
0.464951
0.330037
0.265479
0.190842
0.265643
0.142969
0.198550
0.202438
0.100923
0.182446
0.273937
0.178377
0.183068
0.168910
0.301212
0.359798
0.114824
0.174542
0.118013
0.130346
0.236529
0.373587
0.110762
0.064097
0.227943
0.062909
0.056554
0.358669
0.284720
0.163870
0.108394
0.143378
0.230913
0.270903
0.224677
0.146769
0.198280
0.477487
0.258428
0.167660
0.309567
0.283158
0.143887
0.108649
0.038153
0.277065
0.136750
0.131858
0.444454
0.227063
0.033149
0.227994
0.107331
0.119467
0.129000
0.027945
0.192883
0.190077
0.050998
0.133624
0.233062
0.113131
0.119619
0.123511
0.216933
0.137226
0.143832
0.128238
0.120693
0.248285
0.139736
0.353161
0.243331
0.076747
0.189438
0.130179
0.202033
0.379414
0.225316
0.175264
0.299249
0.287829
0.103640
0.321163
0.123433
0.144034
0.421956
0.141169
0.135977
0.214984
0.387227
0.063517
0.291177
0.070966
0.148716
0.163791
0.319264
0.384105
0.268110
0.133158
0.273843
0.185220
0.194731
0.181877
0.130902
0.234493
0.349789
0.141818
0.194080
0.104078
0.216843
0.321331
0.164529
0.108760
0.108754
0.163782
0.207460
0.353369
0.140752
0.100586
0.324210
0.109944
0.076547
0.328343
0.191850
0.223838
0.097755
0.196752
0.175273
0.335887
0.196387
0.140273
0.193028
0.222284
0.209725
0.257314
0.262897
0.305103
0.219744
0.198845
0.049711
0.246456
0.027305
0.074477
0.339042
0.291929
0.088628
0.238705
0.067822
0.179467
0.082624
0.072641
0.136731
0.184393
0.163635
0.226366
0.152495
0.203270
0.080268
0.208443
0.114437
0.045716
0.157513
0.166552
0.086787
0.251631
0.147388
0.294347
0.233530
0.061713
0.170040
0.069507
0.144312
0.240976
0.245038
0.092439
0.308124
0.331054
0.063328
0.205629
0.034641
0.117430
0.356274
0.165850
0.112018
0.249990
0.310599
0.118927
0.160237
0.086980
0.106584
0.161377
0.251005
0.291207
0.193105
0.195661
0.142655
0.129319
0.300215
0.110938
0.085983
0.161374
0.441061
0.242562
0.230492
0.120221
0.166086
0.253616
0.332184
0.133505
0.226029
0.188644
0.209615
0.265666
0.244546
0.099090
0.234432
0.019219
0.033028
0.282699
0.100378
0.164362
0.081332
0.192068
0.184914
0.353783
0.148549
0.015612
0.126529
0.044567
0.179136
0.206664
0.197126
0.298617
0.221119
0.215938
0.224255
0.202174
0.184250
0.082570
0.226564
0.241977
0.169630
0.194708
0.063191
0.155919
0.116578
0.034603
0.047588
0.192962
0.231361
0.300058
0.160246
0.314808
0.018807
0.242125
0.162170
0.031946
0.183578
0.300211
0.072563
0.121097
0.092809
0.201698
0.146367
0.113798
0.139832
0.104371
0.121968
0.143819
0.316776
0.085967
0.247625
0.363537
0.049934
0.242965
0.019403
0.156190
0.268248
0.139021
0.165943
0.173860
0.195030
0.021929
0.158188
0.203786
0.157769
0.122112
0.211097
0.092732
0.199638
0.183324
0.072924
0.269955
0.380895
0.130479
0.095605
0.133080
0.427362
0.186770
0.125510
0.076758
0.168663
0.263792
0.397378
0.164950
0.218431
0.198792
0.136068
0.202843
0.287788
0.097065
0.045943
0.064286
0.118473
0.297634
0.114004
0.143519
0.067934
0.137355
0.068328
0.358173
0.084089
0.080484
0.190067
0.140484
0.100140
0.205067
0.356774
0.283803
0.235166
0.189718
0.352501
0.119212
0.218598
0.148112
0.297984
0.125427
0.227954
0.191994
0.075852
0.100217
0.139349
0.103178
0.107722
0.139662
0.225040
0.369624
0.125334
0.341070
0.148588
0.245213
0.095466
0.139642
0.067072
0.292315
0.125819
0.113806
0.088841
0.176394
0.131421
0.115794
0.093968
0.145404
0.209516
0.100520
0.302307
0.145905
0.152953
0.352277
0.157330
0.189264
0.137671
0.112247
0.204458
0.105780
0.169601
0.061900
0.093272
0.142821
0.149914
0.107652
0.159735
0.135831
0.204473
0.141673
0.157674
0.093558
0.065006
0.283466
0.347779
0.097845
0.157820
0.207759
0.259454
0.273897
0.117718
0.043121
0.062232
0.243299
0.380814
0.152696
0.133300
0.165193
0.096204
0.238573
0.224392
0.066772
0.107448
0.086037
0.124750
0.266892
0.092869
0.115011
0.096486
0.234927
0.086181
0.371943
0.057962
0.160389
0.335680
0.217608
0.107231
0.178478
0.454512
0.221922
0.265920
0.147493
0.259665
0.142035
0.180473
0.245974
0.287651
0.181188
0.160292
0.138335
0.073542
0.046725
0.144889
0.112463
0.292489
0.084590
0.285821
0.227011
0.063491
0.204659
0.217735
0.216892
0.072970
0.139556
0.073125
0.197987
0.124028
0.130970
0.086021
0.117716
0.039616
0.098963
0.051445
0.198243
0.279328
0.073693
0.203002
0.207989
0.098278
0.256217
0.321047
0.116612
0.318106
0.032691
0.145350
0.068738
0.164067
0.122899
0.093946
0.220138
0.207450
0.055592
0.088879
0.122043
0.177900
0.266733
0.163932
0.145254
0.048530
0.201752
0.103875
0.129867
0.168801
0.228277
0.115504
0.359995
0.148557
0.073840
0.167081
0.145746
0.333729
0.065828
0.105324
0.160089
0.031445
0.236714
0.086867
0.088915
0.188720
0.085672
0.150474
0.179556
0.113256
0.141853
0.090286
0.291682
0.182971
0.350586
0.074236
0.206001
0.282425
0.322882
0.175579
0.099192
0.333300
0.109394
0.177252
0.104901
0.140219
0.134656
0.157317
0.344905
0.109643
0.140443
0.160085
0.091379
0.069640
0.091463
0.195029
0.070186
0.312699
0.096070
0.325967
0.028480
0.134495
0.198628
0.230799
0.180444
0.122726
0.235830
0.108388
0.153808
0.134376
0.172440
0.100628
0.236477
0.128444
0.117892
0.060049
0.209040
0.233567
0.327799
0.250091
0.180308
0.116049
0.202051
0.370129
0.119334
0.313238
0.071615
0.061895
0.057666
0.160384
0.250939
0.214162
0.356006
0.297301
0.043528
0.117552
0.016431
0.171739
0.294291
0.152124
0.249579
0.118401
0.169296
0.180544
0.133648
0.110963
0.219067
0.140406
0.350267
0.094167
0.120404
0.227160
0.097501
0.271373
0.081393
0.046355
0.183957
0.088444
0.127186
0.059556
0.198960
0.217235
0.105720
0.115590
0.208874
0.158640
0.177427
0.035803
0.209384
0.263733
0.325147
0.102607
0.202957
0.121609
0.351286
0.130092
0.122099
0.090171
0.072713
0.039527
0.092409
0.169795
0.167118
0.198749
0.395656
0.038482
0.117555
0.173873
0.016665
0.080517
0.095109
0.241948
0.046085
0.266098
0.180003
0.242673
0.123359
0.200598
0.109162
0.259041
0.265475
0.213574
0.213591
0.211674
0.170680
0.122778
0.203242
0.074878
0.315629
0.148349
0.165570
0.073392
0.139161
0.090848
0.433113
0.251690
0.075974
0.153591
0.166627
0.390256
0.185405
0.230925
0.088997
0.093369
0.025237
0.162362
0.274877
0.277656
0.302264
0.251369
0.022451
0.163400
0.199341
0.166680
0.281915
0.044553
0.211257
0.235728
0.128484
0.172605
0.152068
0.170847
0.240813
0.248997
0.291381
0.050537
0.049511
0.162073
0.228026
0.222139
0.110398
0.077378
0.211793
0.141086
0.189250
0.097315
0.204234
0.144549
0.242942
0.052215
0.207000
0.101539
0.152991
0.029244
0.295680
0.304342
0.274398
0.164421
0.115136
0.035767
0.258579
0.162194
0.206074
0.201412
0.162748
0.115000
0.097933
0.125993
0.156751
0.256611
0.341356
0.072936
0.156862
0.214986
0.077250
0.137474
0.150474
0.188289
0.095724
0.172023
0.257878
0.148985
0.261393
0.299592
0.058003
0.337043
0.391637
0.174232
0.159146
0.157692
0.292855
0.040380
0.100840
0.201065
0.310348
0.143751
0.146235
0.008031
0.063059
0.057103
0.361693
0.246812
0.338190
0.087446
0.240737
0.360209
0.275795
0.224054
0.044132
0.153203
0.100072
0.100694
0.262235
0.328843
0.180293
0.137220
0.024540
0.141350
0.260797
0.228645
0.265987
0.202553
0.205066
0.219693
0.154697
0.060677
0.108572
0.255987
0.235682
0.357318
0.172167
0.028127
0.055882
0.245019
0.352899
0.171171
0.168584
0.175615
0.284670
0.157261
0.248283
0.263065
0.179044
0.105462
0.355373
0.141945
0.143288
0.073739
0.182563
0.165823
0.349335
0.262176
0.274687
0.303644
0.219205
0.071074
0.244627
0.216693
0.176083
0.274580
0.192866
0.199495
0.198255
0.097204
0.076001
0.305020
0.223628
0.228612
0.183993
0.190536
0.129143
0.190635
0.132267
0.172820
0.150260
0.187677
0.301615
0.132214
0.407931
0.403143
0.083137
0.432743
0.416139
0.103574
0.203181
0.051079
0.415626
0.050265
0.157915
0.208367
0.290645
0.148505
0.092674
0.096480
0.163659
0.151148
0.427343
0.271129
0.567121
0.022774
0.167072
0.365931
0.266823
0.371172
0.266189
0.296844
0.170733
0.023915
0.304427
0.375157
0.229290
0.114214
0.105035
0.095325
0.261924
0.298886
0.254646
0.250781
0.345778
0.163619
0.152313
0.082161
0.133727
0.252330
0.251736
0.479493
0.024912
0.025842
0.183642
0.364483
0.454911
0.125550
0.326515
0.247327
0.188168
0.095206
0.397085
0.227470
0.200694
0.203479
0.242462
0.204099
0.020359
0.075758
0.203709
0.294703
0.281775
0.175219
0.293054
0.528637
0.288152
0.143511
0.235354
0.341182
0.207987
0.397880
0.192432
0.227245
0.144654
0.065986
0.175124
0.291550
0.048509
0.331543
0.183976
0.237718
0.295950
0.180493
0.030794
0.224695
0.194667
0.149483
0.265774
0.133360
0.487105
0.422537
0.162913
0.433280
0.409698
0.090506
0.325191
0.188860
0.307922
0.037528
0.280414
0.142089
0.302330
0.171727
0.121989
0.121819
0.197038
0.116947
0.521617
0.244857
0.583686
0.018856
0.123234
0.336132
0.314536
0.496919
0.291639
0.541239
0.247554
0.105841
0.319567
0.373028
0.337786
0.294834
0.272626
0.146279
0.252895
0.294541
0.260947
0.180365
0.379336
0.187338
0.160810
0.063137
0.171826
0.301033
0.355633
0.598751
0.098669
0.091366
0.257564
0.301477
0.510809
0.180114
0.439120
0.291075
0.146979
0.209966
0.369340
0.085476
0.063208
0.251041
0.254483
0.258301
0.093836
0.183270
0.223035
0.306913
0.262138
0.124185
0.251443
0.702697
0.213901
0.121159
0.190916
0.311977
0.224829
0.537199
0.183197
0.284790
0.152607
0.078743
0.267846
0.274212
0.037718
0.386968
0.224676
0.272826
0.353135
0.172489
0.083183
0.110836
0.241426
0.257280
0.162720
0.245388
0.403598
0.327653
0.226714
0.349801
0.438987
0.146501
0.339481
0.215935
0.200826
0.119254
0.231296
0.145281
0.337071
0.216714
0.242729
0.084754
0.186911
0.037806
0.447343
0.134451
0.541532
0.071385
0.248534
0.239273
0.442665
0.428735
0.132045
0.734055
0.243636
0.291513
0.221034
0.313201
0.261894
0.278858
0.230851
0.158338
0.337483
0.313205
0.265602
0.151053
0.265858
0.257392
0.152299
0.019737
0.243576
0.329137
0.321143
0.681949
0.124490
0.148971
0.209711
0.203249
0.489752
0.167376
0.348929
0.348802
0.070614
0.199052
0.326810
0.088707
0.154396
0.250991
0.286433
0.237057
0.146703
0.159590
0.355117
0.229855
0.268827
0.217480
0.248513
0.717285
0.336804
0.038151
0.166327
0.253054
0.312427
0.484316
0.189953
0.267160
0.133812
0.060522
0.311368
0.221476
0.079727
0.332667
0.209795
0.211935
0.325155
0.297281
0.138890
0.167540
0.354136
0.394033
0.140316
0.282466
0.264527
0.180957
0.255788
0.337611
0.385826
0.100817
0.232538
0.101321
0.111787
0.117769
0.144501
0.162309
0.310546
0.222419
0.278483
0.143639
0.230630
0.052275
0.264590
0.134067
0.521631
0.102569
0.372705
0.153523
0.351995
0.263407
0.266282
0.657879
0.345090
0.376994
0.220487
0.251010
0.162791
0.267464
0.174240
0.177366
0.331157
0.383221
0.222553
0.256271
0.250996
0.293912
0.138825
0.052146
0.288962
0.354624
0.291441
0.769183
0.030067
0.080157
0.359797
0.140146
0.391341
0.235053
0.158718
0.486193
0.065182
0.093752
0.251913
0.157867
0.245290
0.187935
0.356231
0.225551
0.191450
0.029094
0.456906
0.219944
0.239823
0.245685
0.197833
0.592935
0.412120
0.140993
0.236187
0.200732
0.354080
0.249105
0.261691
0.231341
0.195412
0.182942
0.234541
0.111732
0.138788
0.337543
0.171357
0.239339
0.416442
0.362331
0.165816
0.177513
0.497007
0.320920
0.218939
0.277869
0.195637
0.098558
0.335566
0.348549
0.246736
0.151467
0.156915
0.067777
0.132131
0.082817
0.144215
0.010268
0.321180
0.246706
0.225104
0.124742
0.285461
0.051076
0.152037
0.363649
0.447750
0.133375
0.355093
0.183553
0.175469
0.210476
0.367086
0.561231
0.395476
0.282428
0.223980
0.273071
0.128633
0.322228
0.155725
0.190380
0.223153
0.526300
0.161978
0.345986
0.391521
0.313219
0.102558
0.080790
0.319913
0.412357
0.354972
0.754143
0.258591
0.168789
0.334721
0.133994
0.355276
0.253975
0.155883
0.609852
0.079857
0.104690
0.212419
0.154037
0.410931
0.298730
0.428230
0.317902
0.197839
0.113904
0.368218
0.279046
0.181147
0.284951
0.167616
0.430727
0.345917
0.138087
0.274505
0.206783
0.320744
0.034381
0.353513
0.316759
0.343940
0.365187
0.209510
0.118467
0.057701
0.391349
0.168785
0.368896
0.388057
0.206193
0.234150
0.163721
0.482771
0.236070
0.232385
0.218052
0.165143
0.011611
0.278693
0.293046
0.262969
0.217328
0.196167
0.134180
0.239821
0.066721
0.108901
0.219295
0.281262
0.282645
0.192035
0.206886
0.309183
0.006754
0.175069
0.306300
0.260415
0.141270
0.204461
0.169022
0.151938
0.177507
0.223598
0.411447
0.370499
0.175448
0.219755
0.317608
0.270751
0.382162
0.240621
0.143708
0.162339
0.592110
0.179860
0.326623
0.384538
0.303254
0.020213
0.201269
0.395947
0.362297
0.189842
0.635952
0.453754
0.240092
0.297138
0.193330
0.342875
0.234457
0.336018
0.693658
0.095845
0.108328
0.150900
0.207048
0.424056
0.279708
0.439974
0.261647
0.116483
0.106235
0.270468
0.313398
0.157670
0.348993
0.093977
0.256158
0.300965
0.107639
0.167638
0.126699
0.225769
0.115694
0.395793
0.385654
0.367621
0.396767
0.202805
0.162236
0.039403
0.618581
0.125952
0.438636
0.320047
0.026275
0.327144
0.120448
0.293092
0.305557
0.366126
0.155196
0.188328
0.048429
0.277448
0.181196
0.346104
0.184854
0.206525
0.322236
0.272597
0.105594
0.040269
0.346239
0.271368
0.239903
0.200795
0.251561
0.290640
0.132807
0.200940
0.193510
0.126304
0.179020
0.336148
0.294806
0.268453
0.045887
0.272461
0.267719
0.276533
0.138316
0.220972
0.245949
0.235738
0.419015
0.308895
0.242451
0.168126
0.620610
0.205868
0.319038
0.199626
0.304745
0.081759
0.171586
0.436857
0.236401
0.124000
0.387173
0.460175
0.293011
0.391168
0.278047
0.320182
0.168790
0.361549
0.691199
0.093212
0.120029
0.142828
0.297793
0.320967
0.194081
0.371235
0.218007
0.157362
0.115272
0.245221
0.250840
0.144785
0.426968
0.143625
0.265203
0.342980
0.043731
0.066858
0.058397
0.136368
0.224960
0.373639
0.362782
0.218778
0.403035
0.144396
0.198357
0.087238
0.591997
0.169699
0.439791
0.275130
0.040226
0.349029
0.171951
0.167559
0.365216
0.381623
0.152649
0.221088
0.042157
0.171994
0.095412
0.273369
0.294099
0.142192
0.368963
0.274253
0.135440
0.218780
0.376264
0.283950
0.147676
0.223541
0.214097
0.259152
0.243438
0.152945
0.284493
0.008011
0.109102
0.239853
0.459879
0.277823
0.029310
0.362255
0.167440
0.355493
0.130484
0.193943
0.136362
0.062142
0.342936
0.236362
0.323106
0.104959
0.559868
0.220134
0.248494
0.145642
0.349611
0.207533
0.220126
0.384754
0.099614
0.130105
0.264528
0.505301
0.299551
0.468672
0.247827
0.220492
0.266425
0.195612
0.573753
0.114972
0.205594
0.227165
0.326915
0.273208
0.163749
0.295980
0.263413
0.245166
0.274731
0.272055
0.212164
0.108727
0.403284
0.095480
0.166746
0.396007
0.170770
0.163216
0.042296
0.093293
0.361999
0.288754
0.344099
0.116618
0.462375
0.086419
0.190703
0.165407
0.438385
0.178217
0.472508
0.256903
0.130576
0.316645
0.315867
0.116663
0.213585
0.299395
0.197491
0.236283
0.084415
0.190618
0.174779
0.069903
0.258828
0.151624
0.454352
0.294283
0.162336
0.417473
0.424242
0.329060
0.089305
0.182933
0.224394
0.270099
0.241581
0.258357
0.276514
0.041656
0.069421
0.208100
0.450721
0.288852
0.093577
0.375706
0.270258
0.392833
0.145745
0.164090
0.128840
0.231968
0.281444
0.196653
0.264505
0.110038
0.458942
0.232225
0.127513
0.073714
0.386794
0.303675
0.286289
0.296877
0.093319
0.214126
0.213998
0.577336
0.276826
0.373061
0.236073
0.092692
0.224912
0.080462
0.429833
0.231058
0.359089
0.302324
0.334964
0.385645
0.220905
0.253914
0.270322
0.370646
0.328567
0.222949
0.230345
0.045165
0.326140
0.126588
0.029778
0.329171
0.112054
0.248471
0.106876
0.118397
0.538496
0.242774
0.352278
0.200273
0.512394
0.065522
0.177565
0.275867
0.358945
0.093344
0.371901
0.128985
0.078937
0.316572
0.332737
0.063870
0.178399
0.302322
0.268759
0.291547
0.177402
0.335292
0.171059
0.074359
0.225401
0.232839
0.427651
0.324200
0.154929
0.385605
0.376577
0.335056
0.066222
0.216242
0.270537
0.228476
0.339750
0.200869
0.233657
0.135702
0.046139
0.260779
0.264564
0.298869
0.190166
0.287682
0.391584
0.366532
0.070446
0.164268
0.130092
0.266056
0.175142
0.221075
0.222614
0.185608
0.264370
0.214543
0.114969
0.106834
0.319741
0.379974
0.427924
0.273246
0.122866
0.241111
0.176154
0.530226
0.232966
0.171328
0.234966
0.106187
0.196228
0.129808
0.321257
0.136983
0.371575
0.305930
0.323874
0.459503
0.282787
0.204928
0.212147
0.366685
0.213003
0.105834
0.230390
0.122845
0.297280
0.205107
0.053618
0.293320
0.165082
0.288079
0.224363
0.176814
0.591865
0.222201
0.353923
0.246467
0.468572
0.074300
0.239281
0.335963
0.421396
0.036683
0.321993
0.009407
0.061396
0.262953
0.197823
0.134585
0.267026
0.328545
0.160723
0.216495
0.152739
0.329566
0.056209
0.053539
0.301733
0.297941
0.419023
0.351176
0.211201
0.339556
0.419361
0.226786
0.153416
0.149888
0.331127
0.161553
0.519685
0.091579
0.155198
0.285899
0.096594
0.277596
0.153683
0.291437
0.205179
0.192479
0.412312
0.385791
0.122733
0.116632
0.044577
0.331726
0.101026
0.252574
0.244542
0.205369
0.174011
0.197603
0.182770
0.034593
0.217255
0.367567
0.390513
0.290920
0.104079
0.186073
0.187742
0.365317
0.217235
0.200290
0.173575
0.132677
0.200783
0.111321
0.306048
0.118719
0.362262
0.291698
0.261078
0.337093
0.284447
0.141800
0.209043
0.250078
0.194002
0.153734
0.213840
0.121090
0.304431
0.048188
0.063052
0.294543
0.200459
0.322030
0.226986
0.066133
0.548810
0.251347
0.413547
0.158438
0.376768
0.081485
0.248309
0.338506
0.405253
0.164874
0.237977
0.050848
0.126251
0.254387
0.131507
0.275920
0.235996
0.270406
0.236718
0.203090
0.042697
0.251493
0.151477
0.040282
0.255884
0.236067
0.349305
0.324061
0.298725
0.444523
0.457545
0.143346
0.260669
0.185622
0.462620
0.133452
0.534212
0.185248
0.158066
0.267801
0.190412
0.369250
0.230348
0.448797
0.135332
0.157109
0.357882
0.449889
0.171457
0.181412
0.056754
0.319371
0.150371
0.211983
0.219786
0.238952
0.094915
0.148508
0.261133
0.145611
0.147042
0.340804
0.294995
0.227465
0.108159
0.159816
0.078250
0.299866
0.299302
0.216114
0.094332
0.305897
0.269740
0.083491
0.375301
0.148156
0.469744
0.222623
0.121521
0.141716
0.185972
0.127292
0.315766
0.204111
0.294315
0.204521
0.222259
0.114301
0.199363
0.130715
0.075011
0.221813
0.216148
0.270393
0.132286
0.027476
0.409303
0.195766
0.471069
0.195214
0.282934
0.073623
0.152047
0.353720
0.236811
0.228648
0.253786
0.185879
0.101766
0.229968
0.190316
0.271149
0.134500
0.169787
0.203264
0.233094
0.104930
0.156737
0.200189
0.111902
0.119012
0.181987
0.301348
0.336172
0.400685
0.542464
0.435219
0.131458
0.275841
0.200268
0.563796
0.201192
0.365181
0.227682
0.190719
0.174435
0.242922
0.450277
0.262418
0.461319
0.213237
0.225574
0.309313
0.366155
0.069872
0.133333
0.020448
0.245123
0.174743
0.185820
0.208201
0.265676
0.098645
0.198004
0.239649
0.182585
0.160813
0.306138
0.198609
0.222375
0.221855
0.254997
0.291218
0.356611
0.368409
0.213397
0.126586
0.380794
0.350938
0.182805
0.350808
0.220207
0.599178
0.162806
0.119305
0.095636
0.204033
0.180778
0.285130
0.260823
0.359888
0.158554
0.231142
0.198835
0.065587
0.163819
0.107101
0.072566
0.304124
0.156195
0.068383
0.068848
0.486700
0.127821
0.405166
0.164836
0.320514
0.092545
0.147810
0.439952
0.020664
0.256065
0.302542
0.211207
0.071080
0.185712
0.269653
0.175145
0.101960
0.064757
0.027091
0.238808
0.275204
0.260115
0.247203
0.054993
0.197267
0.153622
0.245040
0.345422
0.417481
0.473073
0.295407
0.123880
0.202359
0.250725
0.510025
0.255586
0.198313
0.343404
0.144616
0.043214
0.272861
0.465996
0.250393
0.360519
0.093036
0.270457
0.338640
0.206014
0.105912
0.091076
0.036427
0.175133
0.305547
0.174069
0.157509
0.181844
0.175700
0.158604
0.151008
0.165135
0.154665
0.217437
0.117572
0.180898
0.348552
0.319511
0.296564
0.322731
0.350791
0.107799
0.168245
0.238711
0.374410
0.343350
0.186961
0.339104
0.549203
0.094569
0.160579
0.133867
0.329448
0.153620
0.156516
0.293733
0.306742
0.234782
0.274463
0.120277
0.193252
0.089812
0.089774
0.019494
0.427712
0.216258
0.100499
0.203271
0.410260
0.137487
0.175789
0.172066
0.319681
0.054954
0.114805
0.468499
0.064468
0.341141
0.250496
0.054139
0.120271
0.123665
0.253577
0.152831
0.041454
0.061884
0.079435
0.233098
0.399578
0.234537
0.268908
0.081158
0.182851
0.226857
0.108649
0.279847
0.410840
0.388452
0.284776
0.076612
0.260254
0.258546
0.318645
0.261614
0.260278
0.448476
0.128345
0.056622
0.291829
0.361711
0.230548
0.253607
0.050514
0.285968
0.381099
0.277487
0.141554
0.194257
0.055605
0.179253
0.380039
0.218972
0.138904
0.111174
0.259317
0.056043
0.140516
0.217036
0.178097
0.129078
0.066432
0.119737
0.266786
0.291001
0.139641
0.121849
0.344383
0.091902
0.168148
0.194378
0.377336
0.327647
0.177985
0.432655
0.449799
0.058931
0.154932
0.122910
0.387355
0.057484
0.027764
0.258683
0.281251
0.274837
0.290630
0.040362
0.158843
0.135815
0.008988
0.058905
0.478277
0.141586
0.186786
0.261408
0.280971
0.221449
0.075533
0.119219
0.256789
0.129698
0.124607
0.300918
0.107707
0.347238
0.232334
0.098893
0.216827
0.104254
0.158628
0.183532
0.048410
0.106939
0.112348
0.164972
0.400732
0.259453
0.151271
0.179243
0.077832
0.248644
0.057596
0.154009
0.437710
0.387277
0.279404
0.041955
0.262242
0.385870
0.202209
0.172329
0.306933
0.350478
0.182934
0.165890
0.274840
0.321199
0.239643
0.180180
0.033783
0.250131
0.308805
0.188367
0.023967
0.199035
0.127683
0.210173
0.396413
0.203145
0.142439
0.100669
0.315679
0.076108
0.175656
0.281400
0.211514
0.093481
0.098403
0.014223
0.057698
0.098297
0.066601
0.117566
0.322251
0.149519
0.138385
0.200947
0.462102
0.153742
0.195593
0.495274
0.338164
0.095165
0.032947
0.056903
0.270930
0.065233
0.061177
0.285854
0.285720
0.227958
0.190110
0.056334
0.143530
0.178439
0.176755
0.136026
0.306504
0.191885
0.229810
0.138677
0.276608
0.350041
0.117144
0.095614
0.257436
0.213937
0.176960
0.009820
0.236701
0.422835
0.251976
0.127677
0.288753
0.082185
0.181452
0.222623
0.102730
0.091353
0.124658
0.107523
0.373727
0.268987
0.183604
0.170411
0.089356
0.084460
0.105843
0.071421
0.435353
0.346231
0.224561
0.043779
0.091998
0.264847
0.258643
0.105218
0.211477
0.257656
0.278703
0.289824
0.248491
0.272869
0.258602
0.133687
0.033707
0.120639
0.228135
0.134237
0.134127
0.161962
0.256686
0.214847
0.421537
0.172679
0.079667
0.037106
0.386668
0.164696
0.165909
0.228677
0.167287
0.136302
0.080215
0.020500
0.086656
0.088657
0.118922
0.239080
0.233210
0.126031
0.124985
0.294225
0.473531
0.083455
0.214651
0.443096
0.151384
0.041265
0.179457
0.033565
0.179329
0.129020
0.068427
0.311022
0.260754
0.247605
0.134256
0.123345
0.180448
0.255013
0.333009
0.139284
0.121473
0.118121
0.196208
0.054765
0.292169
0.274649
0.163460
0.116359
0.160424
0.284123
0.251720
0.207052
0.271710
0.304841
0.244016
0.229334
0.197906
0.106492
0.253587
0.237694
0.082351
0.165282
0.046906
0.121319
0.402263
0.240386
0.157794
0.219334
0.169026
0.122440
0.171709
0.024537
0.277920
0.153433
0.222571
0.131500
0.052744
0.043391
0.241268
0.136489
0.177051
0.301578
0.292547
0.324775
0.219475
0.159083
0.174070
0.114200
0.079140
0.049830
0.292990
0.080296
0.148533
0.204892
0.318996
0.179472
0.413157
0.353390
0.074175
0.082612
0.389141
0.301913
0.071572
0.164748
0.088545
0.192991
0.127992
0.123898
0.024713
0.104421
0.135529
0.230184
0.098423
0.094923
0.109748
0.405474
0.377750
0.078455
0.120921
0.398594
0.085388
0.059558
0.193592
0.049778
0.249968
0.151606
0.089831
0.184466
0.144150
0.280684
0.147535
0.097264
0.182642
0.259361
0.363057
0.122568
0.041626
0.197731
0.216840
0.110221
0.173635
0.248402
0.208989
0.113418
0.087717
0.275444
0.281167
0.193472
0.137139
0.194099
0.101138
0.262745
0.163205
0.134811
0.233433
0.201627
0.245915
0.234772
0.034085
0.126900
0.366915
0.023150
0.142099
0.234969
0.165805
0.110880
0.191351
0.069328
0.278951
0.064238
0.207688
0.154362
0.111066
0.117157
0.258568
0.122083
0.200992
0.312307
0.235506
0.216575
0.179675
0.118395
0.050647
0.159464
0.101162
0.097542
0.332777
0.047884
0.180788
0.235384
0.241854
0.127703
0.368399
0.398282
0.113797
0.207446
0.258429
0.298234
0.174643
0.146390
0.090886
0.217707
0.142301
0.135834
0.057090
0.154282
0.128353
0.167803
0.033333
0.137482
0.120457
0.362468
0.305117
0.152052
0.080039
0.362742
0.225864
0.041714
0.125366
0.103360
0.314620
0.199170
0.081677
0.107809
0.095586
0.163401
0.131569
0.201734
0.115416
0.214659
0.309325
0.196523
0.044068
0.243767
0.248329
0.151204
0.072534
0.290141
0.199979
0.167936
0.065186
0.171581
0.248218
0.169182
0.186925
0.107456
0.330221
0.226810
0.221034
0.081634
0.132110
0.193682
0.374588
0.189356
0.123336
0.087707
0.264277
0.152469
0.172621
0.194101
0.081879
0.220439
0.155658
0.085578
0.359785
0.156327
0.125815
0.109838
0.176723
0.121082
0.184416
0.066733
0.120851
0.265668
0.199837
0.215497
0.119719
0.119761
0.108220
0.091192
0.015991
0.056635
0.316769
0.077167
0.253212
0.236493
0.207838
0.089386
0.349216
0.378054
0.225857
0.229221
0.107863
0.284454
0.167279
0.259862
0.156051
0.201436
0.095840
0.049907
0.113933
0.163819
0.198503
0.124549
0.062817
0.079322
0.166505
0.267582
0.336973
0.172251
0.246400
0.217608
0.196626
0.086167
0.278547
0.118247
0.224048
0.205178
0.092473
0.252286
0.139551
0.025174
0.033146
0.286946
0.170889
0.122487
0.193688
0.159411
0.082055
0.224947
0.170047
0.096721
0.092607
0.315470
0.181172
0.305141
0.101496
0.132246
0.194403
0.233175
0.103796
0.129662
0.364447
0.184620
0.172884
0.193632
0.120772
0.151586
0.398039
0.130699
0.185955
0.212174
0.100436
0.291246
0.211501
0.257028
0.125405
0.330831
0.085504
0.026117
0.442082
0.204032
0.065116
0.046186
0.335966
0.171822
0.111653
0.086719
0.089503
0.258278
0.251609
0.186468
0.121713
0.116673
0.185942
0.152707
0.109456
0.128620
0.237022
0.148570
0.314272
0.188834
0.208669
0.026989
0.232908
0.363299
0.221266
0.162160
0.080439
0.359490
0.103906
0.315788
0.233948
0.164984
0.052556
0.085807
0.142239
0.138858
0.280421
0.144203
0.133324
0.104293
0.194679
0.254144
0.312507
0.104672
0.284609
0.114375
0.196704
0.087601
0.288563
0.124139
0.013887
0.246226
0.172759
0.249053
0.197009
0.105999
0.067566
0.285352
0.203981
0.130166
0.122132
0.068902
0.110784
0.166843
0.036425
0.006711
0.253022
0.242322
0.188008
0.356505
0.156782
0.190166
0.165602
0.319915
0.063306
0.184290
0.320816
0.080372
0.165994
0.267561
0.236844
0.112185
0.441595
0.060688
0.126682
0.247456
0.044367
0.228539
0.197341
0.250730
0.127425
0.329883
0.058091
0.068549
0.469667
0.257755
0.106879
0.012765
0.299536
0.214338
0.188856
0.147109
0.034157
0.273945
0.217492
0.304611
0.093894
0.099829
0.273583
0.213245
0.151131
0.327738
0.128072
0.154681
0.194105
0.123026
0.140807
0.060767
0.023694
0.184669
0.205816
0.148862
0.103620
0.285615
0.080440
0.174664
0.183461
0.158145
0.061653
0.133053
0.100171
0.212717
0.318437
0.147915
0.195163
0.036150
0.129233
0.329814
0.210431
0.086994
0.299268
0.046404
0.228624
0.028613
0.247034
0.135284
0.176603
0.171351
0.249960
0.230903
0.101186
0.175087
0.009773
0.374333
0.166906
0.245281
0.125560
0.155270
0.202497
0.091591
0.083414
0.033431
0.345271
0.144363
0.185393
0.293727
0.211832
0.105011
0.128341
0.243702
0.101630
0.272851
0.193283
0.065820
0.154268
0.212100
0.240025
0.108646
0.369434
0.075499
0.113883
0.112783
0.068344
0.128469
0.064631
0.090879
0.098865
0.260562
0.190291
0.168155
0.349145
0.415378
0.094521
0.017030
0.120643
0.129186
0.189164
0.341291
0.125714
0.235502
0.172332
0.388892
0.133196
0.169426
0.248220
0.313542
0.104875
0.255208
0.048945
0.183636
0.156193
0.101121
0.203563
0.219023
0.151812
0.040862
0.172163
0.220215
0.121927
0.168103
0.106679
0.073370
0.157480
0.156223
0.044776
0.182045
0.038664
0.132352
0.306369
0.128322
0.196445
0.068081
0.070500
0.340561
0.226177
0.145517
0.247282
0.126840
0.238844
0.133268
0.357832
0.132865
0.139135
0.119383
0.170932
0.226174
0.022119
0.209383
0.162573
0.402810
0.222530
0.318749
0.138448
0.242798
0.253627
0.077186
0.085379
0.116062
0.335365
0.049042
0.248127
0.107251
0.170199
0.086871
0.141489
0.197917
0.247045
0.368083
0.160065
0.064423
0.160572
0.115771
0.079395
0.201125
0.192066
0.102963
0.212636
0.106423
0.122250
0.136606
0.066335
0.048080
0.148101
0.253706
0.261675
0.221223
0.356822
0.483333
0.055552
0.088556
0.189076
0.093708
0.270786
0.268477
0.192031
0.190647
0.193561
0.317059
0.147024
0.218538
0.041857
0.417991
0.152934
0.075591
0.166124
0.313775
0.243704
0.158661
0.331357
0.332667
0.113215
0.083087
0.170600
0.245633
0.115472
0.117983
0.108377
0.154700
0.091297
0.196039
0.027557
0.233329
0.136646
0.116375
0.304016
0.039857
0.274978
0.069111
0.124931
0.270989
0.140205
0.218285
0.218405
0.160743
0.263579
0.286839
0.379285
0.081634
0.029763
0.179724
0.102147
0.147685
0.063675
0.217997
0.190936
0.282288
0.262793
0.382249
0.211458
0.176652
0.207532
0.055176
0.043901
0.053117
0.301522
0.150225
0.212163
0.057750
0.184026
0.077047
0.100120
0.214253
0.302848
0.438348
0.252449
0.126933
0.188699
0.160741
0.072547
0.250356
0.019594
0.119944
0.120968
0.174836
0.252367
0.168798
0.042289
0.196475
0.091684
0.211179
0.213604
0.326137
0.384834
0.370447
0.093000
0.150608
0.161894
0.096210
0.224405
0.184004
0.171194
0.068011
0.239984
0.266004
0.216355
0.218506
0.115785
0.419459
0.225643
0.067716
0.080796
0.239565
0.260340
0.114369
0.275258
0.211096
0.120549
0.239469
0.128923
0.178566
0.068953
0.098751
0.115866
0.176699
0.060318
0.173084
0.126703
0.178269
0.125605
0.106922
0.261523
0.098986
0.423833
0.135687
0.120575
0.131741
0.160203
0.231613
0.152380
0.219942
0.212197
0.268262
0.139532
0.171612
0.053734
0.176965
0.027150
0.062672
0.178072
0.277762
0.182076
0.217522
0.137688
0.233079
0.148985
0.208377
0.077935
0.049014
0.005873
0.054567
0.375681
0.126053
0.142667
0.068408
0.208481
0.255193
0.153750
0.241779
0.190235
0.422911
0.334047
0.207980
0.164453
0.175100
0.140315
0.182328
0.076343
0.144066
0.059205
0.307509
0.285997
0.190697
0.007236
0.274626
0.076876
0.045531
0.217398
0.306935
0.364156
0.241596
0.146606
0.112742
0.097551
0.058921
0.187257
0.201665
0.092067
0.034731
0.263787
0.366281
0.302603
0.197643
0.214905
0.273573
0.286933
0.142226
0.130254
0.064811
0.202074
0.113329
0.301106
0.229849
0.222080
0.148703
0.095816
0.156499
0.055264
0.102074
0.104567
0.194718
0.178987
0.035365
0.156903
0.108339
0.086328
0.067210
0.233958
0.151610
0.371588
0.147814
0.169211
0.078171
0.335536
0.251062
0.108955
0.298564
0.197540
0.116530
0.016676
0.245296
0.145007
0.222995
0.091340
0.106327
0.156413
0.167075
0.123284
0.150665
0.014296
0.143829
0.007391
0.351514
0.118604
0.128854
0.176166
0.097216
0.340967
0.170335
0.095109
0.173686
0.186375
0.315720
0.169216
0.099301
0.109352
0.339772
0.273770
0.209580
0.150450
0.209567
0.219597
0.317948
0.182059
0.154215
0.104698
0.239294
0.230322
0.235591
0.033479
0.375555
0.052844
0.107495
0.303976
0.286697
0.250371
0.190274
0.105155
0.112319
0.108444
0.067659
0.161985
0.164280
0.050558
0.053336
0.246855
0.329578
0.335110
0.235817
0.065131
0.199035
0.249131
0.138956
0.149184
0.060100
0.076886
0.040291
0.412666
0.278518
0.195471
0.030006
0.094971
0.151921
0.086644
0.245685
0.057712
0.304621
0.318598
0.087651
0.189044
0.041706
0.170923
0.021632
0.252787
0.214867
0.121150
0.111372
0.389317
0.171141
0.407695
0.238813
0.073821
0.198409
0.295762
0.049932
0.060424
0.189209
0.274854
0.282611
0.121730
0.196956
0.150150
0.177137
0.102024
0.170377
0.074406
0.301763
0.137989
0.299490
0.150422
0.321691
0.290808
0.078861
0.306804
0.277843
0.059099
0.168657
0.082560
0.334200
0.283192
0.192306
0.179897
0.334664
0.258935
0.176436
0.156014
0.237492
0.217023
0.387008
0.211811
0.196571
0.150565
0.285982
0.181929
0.167935
0.071815
0.350091
0.186187
0.136647
0.315860
0.237230
0.205711
0.243449
0.205036
0.133952
0.170184
0.059965
0.234932
0.069316
0.099519
0.095229
0.303234
0.305388
0.494853
0.272261
0.129449
0.325934
0.106713
0.119622
0.137197
0.110657
0.115530
0.103730
0.427254
0.297132
0.279977
0.043089
0.110765
0.070974
0.098678
0.229623
0.118198
0.359655
0.395287
0.188377
0.191204
0.081756
0.107979
0.145756
0.213866
0.214325
0.065211
0.175806
0.439980
0.220601
0.353468
0.265729
0.096372
0.075775
0.295456
0.078946
0.132035
0.175960
0.264900
0.345791
0.107989
0.162814
0.138660
0.190096
0.102220
0.166057
0.141403
0.310260
0.224838
0.125797
0.130530
0.445579
0.323231
0.080420
0.349313
0.333782
0.106224
0.085282
0.038157
0.287707
0.358893
0.208187
0.221360
0.277688
0.222296
0.308263
0.112336
0.163824
0.299264
0.302718
0.150688
0.253978
0.220338
0.320461
0.226940
0.263334
0.236662
0.329377
0.364042
0.152910
0.297802
0.223136
0.156844
0.194836
0.233338
0.114756
0.249639
0.160775
0.279042
0.073710
0.198771
0.126979
0.294464
0.254978
0.571864
0.339677
0.093393
0.279174
0.123901
0.071473
0.093437
0.262849
0.193221
0.234455
0.290458
0.137501
0.327712
0.065103
0.143903
0.171144
0.119013
0.286120
0.150731
0.412590
0.406444
0.261087
0.226628
0.095088
0.085288
0.239333
0.115203
0.068103
0.043405
0.137523
0.229339
0.192012
0.322582
0.301025
0.013332
0.119039
0.159814
0.106266
0.288579
0.220894
0.216591
0.270810
0.126484
0.041902
0.205107
0.182772
0.096346
0.254931
0.202787
0.244464
0.228177
0.073056
0.105619
0.384682
0.280218
0.098114
0.241649
0.214875
0.122073
0.049651
0.087412
0.360984
0.368480
0.170711
0.126746
0.244907
0.156215
0.455497
0.156908
0.138014
0.382381
0.177364
0.090983
0.252774
0.345989
0.207268
0.273941
0.323368
0.260993
0.249704
0.259570
0.169889
0.305166
0.248545
0.086435
0.171245
0.158682
0.135859
0.232190
0.095808
0.276835
0.184244
0.223505
0.130254
0.202994
0.403815
0.516093
0.335806
0.103010
0.194739
0.191740
0.026736
0.124993
0.345994
0.278436
0.236260
0.103957
0.060684
0.215112
0.135381
0.086235
0.241779
0.148668
0.285708
0.051881
0.373633
0.371819
0.259693
0.131343
0.081097
0.121859
0.225720
0.148919
0.082321
0.070091
0.063571
0.158689
0.286111
0.342531
0.246206
0.027040
0.164715
0.121965
0.156781
0.205740
0.269477
0.204977
0.044786
0.219120
0.172033
0.266758
0.233822
0.129568
0.330164
0.257264
0.281320
0.237889
0.216514
0.159857
0.297810
0.286061
0.158006
0.070769
0.149821
0.074068
0.082561
0.116876
0.352349
0.307184
0.110142
0.086351
0.276611
0.132897
0.470477
0.253901
0.146210
0.345125
0.180378
0.081823
0.176818
0.432315
0.158632
0.324252
0.276581
0.191581
0.286091
0.193395
0.107401
0.263534
0.158578
0.082817
0.280824
0.142524
0.141196
0.189250
0.216034
0.202883
0.246720
0.280326
0.192629
0.177970
0.457904
0.318247
0.286910
0.091956
0.231662
0.296798
0.131526
0.104465
0.207442
0.347473
0.192817
0.161685
0.209240
0.210948
0.088880
0.029628
0.277652
0.087609
0.182402
0.202229
0.403557
0.289460
0.185866
0.070193
0.089541
0.216473
0.189180
0.342006
0.143540
0.147142
0.103286
0.182636
0.350374
0.320268
0.206799
0.123470
0.173824
0.111242
0.211190
0.047338
0.320110
0.230749
0.073988
0.283330
0.294883
0.232710
0.208052
0.177300
0.256114
0.360137
0.297831
0.258245
0.221422
0.146357
0.244753
0.272076
0.201443
0.041585
0.286941
0.086400
0.139134
0.089555
0.200034
0.261308
0.109284
0.084869
0.149346
0.140449
0.387189
0.296275
0.114101
0.255540
0.213144
0.119476
0.226241
0.402212
0.158097
0.427596
0.239708
0.162321
0.327078
0.166131
0.238997
0.163913
0.022196
0.097054
0.483472
0.182963
0.030218
0.264447
0.239414
0.166656
0.333391
0.226732
0.371408
0.202877
0.445197
0.357079
0.192537
0.064711
0.360519
0.419531
0.157085
0.086041
0.239417
0.321064
0.234513
0.245155
0.254424
0.350327
0.078499
0.062582
0.269496
0.158461
0.142392
0.206086
0.406992
0.149898
0.230387
0.179430
0.043673
0.314515
0.155691
0.434694
0.130510
0.237556
0.085182
0.287700
0.321346
0.261743
0.162864
0.236834
0.237377
0.135709
0.239027
0.052031
0.357780
0.234891
0.084115
0.111370
0.249512
0.219253
0.135918
0.179231
0.161387
0.459453
0.290846
0.267332
0.096663
0.186579
0.300394
0.211786
0.163381
0.096340
0.407007
0.118043
0.111578
0.061560
0.191780
0.195381
0.185330
0.046488
0.053663
0.133754
0.327242
0.322152
0.199252
0.178464
0.196396
0.180961
0.292322
0.314848
0.059412
0.276804
0.240425
0.307549
0.238904
0.144694
0.274538
0.039664
0.166855
0.076154
0.500088
0.249675
0.158380
0.405098
0.168006
0.078857
0.276714
0.206392
0.527647
0.247298
0.442056
0.479023
0.133841
0.039260
0.478494
0.492181
0.152416
0.163171
0.238511
0.240779
0.329621
0.217248
0.138404
0.470015
0.095769
0.181919
0.122384
0.162279
0.196680
0.172073
0.302801
0.043642
0.335360
0.036643
0.085160
0.282709
0.200879
0.452728
0.070533
0.136339
0.048476
0.165454
0.361298
0.217547
0.110949
0.240867
0.327722
0.139502
0.264984
0.088079
0.191168
0.151750
0.169486
0.078761
0.219732
0.257917
0.173015
0.216712
0.237634
0.359749
0.387182
0.236914
0.100216
0.199264
0.262772
0.109678
0.211018
0.289838
0.462426
0.216203
0.076674
0.130248
0.103833
0.172315
0.152229
0.197491
0.144474
0.143240
0.352118
0.333526
0.317783
0.148952
0.329492
0.203130
0.333665
0.323322
0.106149
0.218518
0.277536
0.437877
0.111655
0.136704
0.212957
0.243992
0.351555
0.015236
0.381999
0.459889
0.228604
0.350510
0.167092
0.065114
0.188895
0.243092
0.509612
0.181100
0.532282
0.462371
0.035497
0.128037
0.444639
0.406371
0.199574
0.153744
0.246586
0.229655
0.302608
0.247390
0.036861
0.411647
0.150360
0.301670
0.042816
0.300707
0.182570
0.211135
0.144548
0.087963
0.359686
0.195767
0.141275
0.312146
0.085783
0.331934
0.061263
0.177701
0.054773
0.154756
0.385135
0.216625
0.108499
0.236698
0.296916
0.210017
0.268567
0.197179
0.150691
0.082843
0.240406
0.218666
0.186309
0.248590
0.137945
0.318205
0.302716
0.118658
0.330992
0.294235
0.148264
0.214018
0.162994
0.127030
0.302641
0.353491
0.513645
0.238270
0.169817
0.080053
0.121444
0.176134
0.067556
0.107846
0.225284
0.307649
0.274881
0.294119
0.292170
0.091931
0.326008
0.189557
0.361013
0.319151
0.244302
0.159728
0.242649
0.378982
0.194280
0.036415
0.159669
0.219199
0.295782
0.064991
0.178245
0.476838
0.200837
0.206867
0.240784
0.106491
0.308025
0.256464
0.366884
0.153316
0.449643
0.330756
0.118945
0.174105
0.316766
0.272595
0.278891
0.195172
0.257062
0.349745
0.167687
0.224376
0.056293
0.317189
0.090816
0.231468
0.044194
0.473285
0.178406
0.293227
0.108120
0.095382
0.322140
0.136562
0.178363
0.353796
0.138321
0.291099
0.153620
0.190635
0.108724
0.128731
0.314899
0.197403
0.178167
0.194438
0.239768
0.237510
0.281841
0.144161
0.176249
0.123084
0.289436
0.358039
0.151598
0.220585
0.210666
0.355227
0.421023
0.124633
0.247222
0.404892
0.262345
0.145958
0.315455
0.158612
0.326646
0.165654
0.437475
0.173171
0.278134
0.042785
0.215730
0.113301
0.086735
0.029542
0.240164
0.340638
0.106078
0.283961
0.270721
0.005867
0.079085
0.167272
0.314974
0.236375
0.380881
0.189455
0.343330
0.198920
0.306174
0.082766
0.146036
0.142799
0.187156
0.068896
0.063371
0.336360
0.241310
0.192482
0.275214
0.007669
0.280986
0.180792
0.333944
0.097739
0.251121
0.370186
0.134027
0.178777
0.176473
0.243088
0.283793
0.246358
0.235315
0.456427
0.100010
0.155126
0.100003
0.312225
0.057298
0.120084
0.125086
0.512212
0.149313
0.182319
0.110799
0.141725
0.368418
0.124238
0.239948
0.432042
0.194670
0.320401
0.277340
0.086188
0.197670
0.054196
0.222586
0.146864
0.172329
0.301669
0.269696
0.363255
0.314113
0.097398
0.155105
0.050962
0.233211
0.380418
0.144234
0.148256
0.299634
0.288236
0.472366
0.109367
0.265300
0.401408
0.273366
0.314104
0.205413
0.133617
0.345682
0.127084
0.414675
0.191211
0.277442
0.020799
0.252154
0.146626
0.104690
0.200570
0.233148
0.258104
0.096130
0.231997
0.311695
0.043710
0.061494
0.168574
0.227686
0.178586
0.269586
0.015277
0.445574
0.117332
0.270813
0.144341
0.172013
0.188825
0.290982
0.100626
0.132169
0.228130
0.330459
0.159234
0.164550
0.072731
0.122684
0.133572
0.442598
0.159929
0.151523
0.459512
0.064697
0.200661
0.179669
0.248309
0.181638
0.292612
0.149111
0.468802
0.143125
0.135482
0.188316
0.279442
0.172101
0.196683
0.195711
0.450020
0.162296
0.127002
0.059523
0.157327
0.416338
0.172409
0.318249
0.343157
0.261720
0.344726
0.277911
0.153028
0.342467
0.070807
0.149595
0.122067
0.078417
0.312389
0.238016
0.342102
0.338870
0.129061
0.217684
0.170586
0.220043
0.330804
0.226051
0.117544
0.316680
0.230919
0.497886
0.140262
0.164778
0.304550
0.289989
0.305829
0.204588
0.075970
0.345765
0.151489
0.398416
0.244970
0.183355
0.019196
