# G_2, p = 1.0000 GPa (dir_10000.0_bar).
# 6MR distortion Gamma = (1/2)(max - min) over the three opposite-O diagonals.
# 16 rings x 101 frames = 1616 samples.
# Column: per-6MR Gamma [A]
0.000026
0.000023
0.000036
0.000036
0.000009
0.000009
0.000035
0.000035
0.000010
0.000014
0.000055
0.000055
0.000023
0.000019
0.000056
0.000057
0.153735
0.024085
0.067716
0.099314
0.103778
0.089150
0.145178
0.060706
0.041742
0.151066
0.111249
0.034004
0.107703
0.308679
0.111069
0.076735
0.204945
0.084282
0.102478
0.054751
0.163434
0.094063
0.155179
0.105429
0.076256
0.309393
0.171006
0.114217
0.110156
0.479998
0.250900
0.060309
0.162621
0.105660
0.067948
0.178937
0.290338
0.064673
0.109660
0.066862
0.079528
0.362018
0.169522
0.074252
0.128409
0.426955
0.362842
0.084132
0.130578
0.026328
0.186132
0.254947
0.367746
0.036347
0.072377
0.062630
0.132077
0.228334
0.133830
0.105049
0.217894
0.462005
0.349694
0.198210
0.128615
0.155375
0.204355
0.232392
0.294759
0.105878
0.197027
0.055484
0.158635
0.123415
0.147333
0.176647
0.202351
0.494854
0.313269
0.185007
0.085440
0.065461
0.182538
0.297573
0.152257
0.179615
0.311644
0.136662
0.248949
0.143949
0.093726
0.117994
0.096803
0.392850
0.343733
0.116892
0.025877
0.152963
0.109790
0.209987
0.088144
0.315765
0.292715
0.208134
0.254188
0.268967
0.067479
0.033227
0.052409
0.241786
0.325730
0.244667
0.113067
0.168844
0.223135
0.140025
0.048730
0.355008
0.308052
0.142728
0.259179
0.385959
0.061146
0.025317
0.179243
0.142845
0.240024
0.297406
0.199957
0.118417
0.373849
0.112687
0.043188
0.262971
0.313780
0.113738
0.227246
0.276045
0.112794
0.069855
0.236641
0.176171
0.245921
0.267796
0.238199
0.103638
0.411792
0.020755
0.018522
0.160669
0.231108
0.113025
0.139560
0.139014
0.083944
0.102419
0.268102
0.142032
0.103381
0.231343
0.221149
0.064779
0.331279
0.021126
0.054367
0.144210
0.137617
0.145821
0.209926
0.075637
0.147332
0.090988
0.255574
0.181610
0.201954
0.219868
0.105150
0.087870
0.180381
0.071851
0.232357
0.154115
0.101096
0.235857
0.199751
0.124721
0.167796
0.091507
0.215196
0.269333
0.409585
0.129747
0.024473
0.111317
0.009390
0.188764
0.342808
0.091858
0.089263
0.107165
0.125973
0.154134
0.242713
0.011371
0.168729
0.271242
0.428152
0.056156
0.106593
0.087559
0.054850
0.196235
0.297555
0.086352
0.051101
0.084017
0.109531
0.097342
0.198361
0.144326
0.174581
0.207470
0.330747
0.138364
0.097979
0.023726
0.053805
0.057389
0.192442
0.060992
0.074707
0.164312
0.081930
0.045092
0.102629
0.184066
0.191163
0.091367
0.208493
0.279867
0.098225
0.062163
0.115025
0.146916
0.235809
0.070250
0.111592
0.221138
0.168281
0.037420
0.133436
0.176446
0.218894
0.031900
0.095299
0.291568
0.175976
0.065524
0.176427
0.218642
0.258313
0.132460
0.148256
0.293138
0.262996
0.018993
0.179826
0.121880
0.254577
0.059475
0.049070
0.262624
0.215093
0.035669
0.224957
0.215059
0.179270
0.197160
0.126905
0.284268
0.172495
0.106608
0.112457
0.145466
0.249433
0.093314
0.058900
0.288260
0.169235
0.064802
0.244552
0.268700
0.308402
0.216668
0.105201
0.242599
0.184977
0.180913
0.191328
0.131351
0.178362
0.097043
0.045995
0.236631
0.089838
0.087607
0.330523
0.216528
0.346371
0.223552
0.117511
0.085940
0.201605
0.239818
0.253813
0.121539
0.207275
0.140570
0.153815
0.316540
0.042077
0.104332
0.282928
0.093614
0.272553
0.168489
0.049030
0.086973
0.192869
0.281957
0.316181
0.151913
0.272735
0.199864
0.166608
0.314496
0.118293
0.120255
0.179649
0.147521
0.175490
0.014193
0.055441
0.213297
0.221384
0.272376
0.367247
0.105389
0.285526
0.188626
0.120216
0.305633
0.154824
0.165950
0.083745
0.203331
0.101931
0.122036
0.084839
0.195789
0.221586
0.298383
0.372829
0.066342
0.254696
0.181680
0.121791
0.318055
0.143658
0.175610
0.057957
0.188129
0.088586
0.144556
0.095718
0.151226
0.172937
0.333590
0.302678
0.222013
0.169628
0.174849
0.129604
0.241493
0.247061
0.197160
0.073900
0.220269
0.122732
0.182045
0.136377
0.192009
0.220831
0.188934
0.174995
0.268672
0.163480
0.156156
0.040719
0.084075
0.346863
0.280462
0.092704
0.241950
0.199498
0.204168
0.131232
0.107274
0.222544
0.052348
0.153489
0.248383
0.108323
0.075544
0.035051
0.085334
0.280499
0.263310
0.167727
0.324089
0.253325
0.251260
0.096088
0.022229
0.176348
0.208830
0.195467
0.249167
0.176789
0.155739
0.052700
0.179313
0.116864
0.193662
0.242585
0.360963
0.245613
0.190458
0.093591
0.093719
0.163963
0.249662
0.174663
0.177918
0.274435
0.228105
0.080190
0.206994
0.100661
0.173571
0.331257
0.251540
0.153971
0.253906
0.068832
0.244580
0.157158
0.259347
0.146161
0.164357
0.242967
0.224270
0.136157
0.327689
0.199533
0.209372
0.316155
0.097985
0.083342
0.162084
0.047212
0.251723
0.079779
0.336787
0.138192
0.183034
0.145138
0.227933
0.151753
0.435137
0.274180
0.167240
0.214197
0.082313
0.142127
0.089732
0.084584
0.145303
0.042554
0.241104
0.167107
0.238621
0.030952
0.186599
0.096278
0.414981
0.430908
0.165116
0.123267
0.233601
0.174830
0.077753
0.222881
0.180744
0.008909
0.197383
0.290964
0.286774
0.060064
0.138253
0.133131
0.287460
0.448439
0.214319
0.224159
0.381814
0.184432
0.111419
0.280357
0.222625
0.124708
0.160668
0.344496
0.291804
0.095918
0.146088
0.259778
0.152093
0.349701
0.126768
0.209384
0.433414
0.221923
0.130074
0.198072
0.192675
0.261726
0.105834
0.300424
0.234020
0.095471
0.140937
0.381913
0.145520
0.188450
0.108579
0.123957
0.300003
0.269180
0.157811
0.102009
0.276381
0.353286
0.047064
0.198794
0.134566
0.059691
0.105907
0.357868
0.065798
0.130900
0.321291
0.038574
0.105697
0.246615
0.236292
0.037056
0.385171
0.443851
0.131136
0.151375
0.169459
0.041786
0.204429
0.237347
0.155867
0.134619
0.418713
0.048361
0.096024
0.207854
0.248178
0.113080
0.420220
0.475785
0.191132
0.149536
0.232343
0.012651
0.268701
0.131115
0.184789
0.126335
0.401702
0.072961
0.263249
0.231520
0.172931
0.113169
0.288580
0.414003
0.217288
0.144024
0.175132
0.034006
0.202559
0.114436
0.150327
0.043348
0.309712
0.078699
0.328704
0.292198
0.091496
0.086247
0.085099
0.254186
0.213482
0.142224
0.168848
0.126665
0.343347
0.239586
0.119134
0.036569
0.167012
0.123714
0.343966
0.327144
0.170881
0.064309
0.128376
0.112131
0.203978
0.145766
0.321692
0.139916
0.373087
0.245528
0.114216
0.043308
0.074245
0.228771
0.263223
0.342885
0.225826
0.034868
0.163500
0.156957
0.181215
0.245797
0.477454
0.039134
0.315838
0.176200
0.177549
0.058966
0.110823
0.292748
0.055506
0.373123
0.274785
0.047203
0.218647
0.193481
0.119748
0.384292
0.446517
0.070555
0.223237
0.147880
0.137599
0.049519
0.165047
0.188041
0.189007
0.383664
0.216515
0.038386
0.303309
0.142062
0.249119
0.453100
0.280559
0.142489
0.191873
0.103283
0.211694
0.022459
0.095913
0.273924
0.270423
0.318939
0.208454
0.060893
0.300500
0.158756
0.360834
0.456666
0.082301
0.167487
0.174884
0.124806
0.281914
0.060931
0.130804
0.311686
0.297420
0.175079
0.130197
0.157016
0.358893
0.174709
0.367044
0.362426
0.181971
0.148046
0.090768
0.173429
0.223712
0.101491
0.243592
0.293783
0.349531
0.173111
0.089450
0.237209
0.375613
0.202254
0.348699
0.173858
0.364956
0.104651
0.144394
0.173897
0.070929
0.078770
0.259764
0.174734
0.359360
0.178440
0.119318
0.262406
0.362658
0.271036
0.231976
0.043317
0.439436
0.197310
0.146095
0.183688
0.124543
0.033363
0.213689
0.057009
0.244690
0.225704
0.140401
0.194722
0.379465
0.273812
0.109919
0.150287
0.396121
0.231063
0.179978
0.195603
0.224435
0.043050
0.218714
0.143989
0.024355
0.211758
0.199378
0.154056
0.311373
0.178114
0.150412
0.217516
0.300762
0.202421
0.210694
0.238572
0.182112
0.147825
0.219411
0.311757
0.287532
0.226156
0.150925
0.260393
0.287932
0.095831
0.237400
0.270255
0.220906
0.034671
0.156699
0.259574
0.070725
0.234858
0.161337
0.414126
0.400881
0.286603
0.060185
0.351839
0.298447
0.160170
0.344970
0.219499
0.163866
0.188225
0.062040
0.222295
0.126659
0.288648
0.056232
0.441021
0.399181
0.258867
0.101003
0.302189
0.245523
0.243968
0.396219
0.060285
0.306024
0.190600
0.079194
0.103837
0.328162
0.320935
0.061204
0.439391
0.405034
0.206298
0.090146
0.200650
0.116309
0.157514
0.342637
0.095689
0.393154
0.116777
0.145486
0.040508
0.437288
0.258389
0.128244
0.293010
0.317852
0.287819
0.280464
0.155556
0.054927
0.097568
0.246986
0.107877
0.348904
0.140741
0.119998
0.148196
0.375197
0.135840
0.154648
0.127814
0.330093
0.210827
0.352390
0.126441
0.106817
0.137403
0.257815
0.075853
0.254055
0.175996
0.195608
0.177761
0.267197
0.011680
0.130996
0.094475
0.260991
0.178088
0.251450
0.034955
0.206952
0.177025
0.234321
0.082317
0.173786
0.137071
0.212999
0.152059
0.168332
0.119488
0.207423
0.230900
0.165959
0.158810
0.113454
0.088037
0.227004
0.151603
0.226623
0.134228
0.171565
0.108925
0.236628
0.184192
0.123247
0.249833
0.199379
0.333293
0.100014
0.130470
0.019673
0.139155
0.202533
0.148431
0.254883
0.230306
0.104149
0.166769
0.217102
0.153756
0.078915
0.255338
0.102037
0.351353
0.090240
0.105967
0.130538
0.158045
0.135638
0.184832
0.312925
0.283819
0.029042
0.165080
0.134915
0.092039
0.126903
0.128009
0.055749
0.280557
0.094731
0.066948
0.270221
0.134735
0.020347
0.181039
0.370991
0.289382
0.012192
0.111950
0.137745
0.109353
0.201424
0.113685
0.113912
0.198818
0.072944
0.087886
0.312637
0.067450
0.190229
0.167229
0.374634
0.240806
0.164346
0.205926
0.152829
0.153199
0.247765
0.150526
0.174195
0.220033
0.063471
0.152474
0.284722
0.174153
0.316816
0.145452
0.264118
0.155250
0.336610
0.299664
0.123973
0.197733
0.158994
0.192197
0.153890
0.254656
0.260528
0.187681
0.182839
0.237955
0.370130
0.134365
0.152695
0.064326
0.359461
0.223370
0.118212
0.304444
0.030716
0.183126
0.175116
0.246072
0.370879
0.115309
0.106005
0.275328
0.354207
0.102325
0.210313
0.052908
0.261791
0.121362
0.181193
0.350308
0.080004
0.102035
0.223559
0.125808
0.351530
0.052336
0.200901
0.365363
0.285062
0.102797
0.243510
0.051373
0.130962
0.033682
0.248225
0.302640
0.021183
0.088262
0.189058
0.260637
0.225499
0.070603
0.321599
0.334429
0.233869
0.178166
0.214827
0.014845
0.070437
0.114915
0.231757
0.281493
0.118065
0.142418
0.110861
0.305823
0.104460
0.116897
0.367113
0.266399
0.183486
0.237912
0.160420
0.091375
0.055444
0.139065
0.046450
0.155457
0.127063
0.098583
0.179182
0.313836
0.027573
0.109042
0.230921
0.177505
0.134904
0.273574
0.107279
0.306490
0.062418
0.131823
0.157175
0.080458
0.127425
0.066243
0.351823
0.291187
0.107958
0.037333
0.038342
0.039247
0.208764
0.208349
0.082085
0.480051
0.068020
0.123455
0.267205
0.202508
0.041176
0.047220
0.420349
0.293593
0.141192
0.075998
0.182104
0.192186
0.272447
0.151675
0.211457
0.481171
0.105382
0.084292
0.265458
0.293156
0.033028
0.023009
0.490907
0.250082
0.099388
0.224980
0.248159
0.271660
0.241490
0.093302
0.320837
0.445768
0.197861
0.095731
0.204471
0.372731
0.123095
0.087386
0.481683
0.154083
0.170951
0.395319
0.163188
0.238383
0.192278
0.052157
0.343607
0.380403
0.198842
0.086042
0.180696
0.343606
0.178466
0.139040
0.331042
0.168475
0.245510
0.394816
0.028561
0.259527
0.202436
0.190918
0.350415
0.229675
0.166598
0.030608
0.266029
0.309547
0.141142
0.165627
0.139948
0.174581
0.227433
0.245455
0.102802
0.349154
0.244361
0.179280
0.348204
0.079369
0.128965
0.127565
0.283964
0.310096
0.027135
0.127091
0.141749
0.075697
0.151640
0.091269
0.124947
0.320361
0.267471
0.154330
0.315965
0.081833
0.154000
0.141977
0.251521
0.343035
0.117645
0.117291
0.162301
0.104672
0.154824
0.030291
0.216035
0.241693
0.277569
0.166980
0.296609
0.243028
0.323186
0.188987
0.222661
0.282860
0.199331
0.089988
0.179880
0.084631
0.225387
0.058349
0.324115
0.190911
0.236139
0.119323
0.308915
0.367070
0.372201
0.235716
0.141141
0.052527
0.205408
0.098720
0.260418
0.101277
0.244144
0.148802
0.340967
0.145213
0.390405
0.087445
0.241578
0.424522
0.264298
0.281049
0.136896
0.195968
0.268527
0.137602
0.339446
0.125086
0.213232
0.188576
0.395606
0.096505
0.478450
0.177474
0.120478
0.337729
0.128869
0.308817
0.332565
0.312955
0.284261
0.180292
0.287756
0.128462
0.132860
0.138852
0.442089
0.221755
0.513545
0.163369
0.057742
0.143080
0.047491
0.281838
0.421843
0.377065
0.255135
0.130784
0.154723
0.139732
0.029180
0.137881
0.340781
0.272688
0.531712
0.136631
0.080442
0.102429
0.112530
0.293669
0.380924
0.403048
0.181157
0.102131
0.052007
0.125441
0.180298
0.240330
0.245803
0.206383
0.511172
0.098666
0.169254
0.097677
0.166617
0.258774
0.390063
0.328943
0.115379
0.108924
0.095028
0.128506
0.360534
0.282720
0.220663
0.130463
0.343787
0.115830
0.247298
0.056955
0.138215
0.240780
0.347834
0.214181
0.107928
0.120510
0.126187
0.109046
0.482338
0.214539
0.285488
0.135950
0.161030
0.162178
0.276676
0.110287
0.098004
0.236730
0.417811
0.163193
0.093537
0.144187
0.048940
0.099003
0.430493
0.216813
0.299389
0.143337
0.123771
0.161302
0.228516
0.162941
0.067184
0.330917
0.356345
0.096987
0.111216
0.234678
0.123011
0.148867
0.326090
0.156177
0.352423
0.068848
0.212218
0.152760
0.200369
0.254837
0.135101
0.412462
0.233458
0.050210
0.036288
0.273922
0.274016
0.102100
0.175041
0.115991
0.394384
0.109759
0.292368
0.107359
0.146043
0.283322
0.218435
0.397905
0.156422
0.119605
0.106337
0.202793
0.367442
0.127707
0.129107
0.069868
0.414155
0.228824
0.313964
0.131553
0.116462
0.221524
0.234319
0.263509
0.104345
0.130411
0.222408
0.134907
0.431395
0.158467
0.203406
0.158972
0.293114
0.153161
0.267544
0.150707
0.149337
0.130528
0.242316
0.139724
0.225351
0.131248
0.291126
0.064915
0.416801
0.094496
0.255590
0.181759
0.195543
0.106786
0.232342
0.201260
0.176769
0.107428
0.192116
0.162276
0.312203
0.083819
0.297389
0.021977
0.250480
0.019660
0.261555
0.124482
0.218286
0.092738
0.268888
0.187553
0.217799
0.205008
0.056496
0.195602
0.321768
0.163945
0.208587
0.072567
0.061231
0.019164
0.206725
0.050674
0.193910
0.094987
0.256352
0.247724
0.280546
0.198290
0.077815
0.329433
0.230193
0.311161
0.193273
0.188465
0.072678
0.062629
0.157449
0.071700
0.172111
0.098494
0.141047
0.335522
0.154708
0.255997
0.159934
0.350020
0.202064
0.249722
0.154530
0.229650
0.141853
0.084692
0.142153
0.049381
0.180305
0.137632
0.060998
0.350530
0.030269
0.389202
0.206247
0.305765
0.235217
0.125274
0.208546
0.187732
0.197219
0.124733
0.106495
0.021670
0.109325
0.129944
0.048697
0.302602
0.113288
0.450035
0.179368
0.259077
0.158343
0.086955
0.176139
0.132229
0.262411
0.175575
0.090885
0.081635
0.083322
0.051939
0.077326
0.170584
0.194086
0.416259
0.189485
0.142395
0.191449
0.139841
0.154719
0.173545
0.257806
0.249266
0.152972
0.056945
0.099265
0.036222
0.168308
0.078897
0.234221
0.508236
0.313305
0.045738
0.182314
0.266026
0.270351
0.158672
0.251231
0.288031
0.180892
0.063056
0.078315
0.113297
0.184805
0.021141
0.176115
0.488330
0.388518
0.101434
0.136480
0.342658
0.352768
0.139278
0.191111
0.221902
0.247815
0.090064
0.093814
0.238872
0.128956
0.228277
0.053146
0.349963
0.353978
0.286221
0.190791
0.304139
0.415507
0.090626
0.280256
0.270160
0.292736
0.066401
0.128394
0.295358
0.060524
0.375600
0.158026
0.157571
0.264815
0.370972
0.275059
0.214466
0.464373
