# G_3, p = 0.6000 GPa (dir_6000.0_bar).
# D8R-only: 36 rings x 101 frames = 3636 samples.
# Column: per-D8R Delta [A]
0.826640
0.720842
0.629709
0.826650
0.720838
0.629707
0.826641
0.720838
0.629701
0.826650
0.720838
0.629707
0.827132
0.719856
0.628850
0.827126
0.719854
0.628861
0.827127
0.719852
0.628877
0.827126
0.719854
0.628873
0.826867
0.720420
0.629334
0.826867
0.720425
0.629324
0.826859
0.720416
0.629327
0.826854
0.720425
0.629324
0.920889
0.772413
0.583778
0.959067
0.730888
0.584494
0.967508
0.748526
0.792910
0.865855
0.594548
0.628561
0.996255
0.685082
0.631474
0.982435
0.668615
0.505685
0.702619
0.682813
0.432321
0.899722
0.739456
0.749982
0.757706
0.767338
0.668019
0.898507
0.777105
0.530095
0.905592
0.620164
0.787732
0.776480
0.778404
0.410102
1.033713
0.743170
0.624314
1.021595
0.722938
0.571188
1.113399
0.844413
0.969786
0.924476
0.701300
0.677151
1.111579
0.630225
0.481935
0.908412
0.636658
0.434851
0.633979
0.669288
0.510227
0.956798
0.835950
0.604488
0.744508
0.793870
0.627300
1.043668
0.769996
0.616743
0.952110
0.467627
0.793292
0.642088
0.738822
0.264378
1.076051
0.631492
0.656783
1.022584
0.688398
0.628923
1.187988
0.937218
1.049574
0.978289
0.808123
0.645181
1.044476
0.661800
0.276998
0.831884
0.635285
0.462225
0.729395
0.583692
0.701800
1.070036
0.941147
0.407494
0.850944
0.778815
0.569399
1.140517
0.732214
0.787792
0.897050
0.356119
0.685204
0.598092
0.644424
0.212007
1.027523
0.538255
0.621851
1.067745
0.740086
0.690046
1.254162
0.900953
1.046641
0.878655
0.779237
0.447010
0.937268
0.712869
0.185721
0.839771
0.633116
0.492875
0.823444
0.571524
0.611212
1.165654
1.012099
0.490630
0.982893
0.843278
0.511045
1.107731
0.695222
0.773371
0.739632
0.380566
0.621518
0.762128
0.670021
0.106161
0.917596
0.472967
0.567813
1.136545
0.778165
0.677399
1.346419
0.839096
1.010844
0.813692
0.704715
0.344982
0.885520
0.641493
0.220037
0.935978
0.555925
0.487701
0.892935
0.672678
0.471263
1.193158
1.001327
0.683243
0.895904
0.887203
0.517018
1.062182
0.699831
0.694955
0.680751
0.499460
0.620927
0.875288
0.747285
0.103828
0.935462
0.415699
0.633584
1.046581
0.828972
0.575095
1.304581
0.827742
0.984105
0.908262
0.687963
0.400629
0.902749
0.567651
0.254281
1.049566
0.527834
0.465931
0.883820
0.729074
0.539310
1.072695
1.007739
0.694380
0.668588
0.919097
0.536058
1.070924
0.685842
0.726114
0.748238
0.502125
0.592209
0.791882
0.799185
0.214532
1.074310
0.321113
0.654718
1.057151
0.914616
0.509148
1.137068
0.835735
0.916240
1.002389
0.656690
0.552906
0.880777
0.576711
0.245147
1.174199
0.558868
0.479138
0.835964
0.693598
0.690333
1.005344
1.017437
0.537113
0.645176
0.909752
0.524883
1.078224
0.720865
0.798834
0.813333
0.426717
0.604815
0.654047
0.829666
0.134701
1.186627
0.345850
0.618366
1.092463
0.903185
0.540227
0.901777
0.856790
0.856175
0.946762
0.538906
0.673565
0.720765
0.640190
0.298623
1.164943
0.600755
0.566395
0.731351
0.664034
0.724399
0.998436
0.924460
0.530999
0.784942
0.869946
0.523194
0.995763
0.811343
0.782671
0.847057
0.369905
0.618860
0.589396
0.824122
0.164031
1.210133
0.465817
0.603217
1.079294
0.823284
0.656173
0.781368
0.856422
0.777747
0.837695
0.491257
0.689704
0.550179
0.585226
0.489839
1.130943
0.637552
0.690424
0.729823
0.778267
0.777854
0.992083
0.827222
0.657293
0.901166
0.779707
0.615408
0.975357
0.833576
0.629019
0.970821
0.469801
0.574181
0.603853
0.759043
0.359907
1.104853
0.599804
0.582128
0.938853
0.755067
0.741548
0.826597
0.840801
0.730471
0.686177
0.477053
0.659359
0.481800
0.532857
0.637760
1.043463
0.713267
0.744543
0.901360
0.871655
0.836635
0.981661
0.845215
0.684550
0.877722
0.754539
0.681850
0.985276
0.733899
0.559545
1.021240
0.624790
0.442245
0.605441
0.651757
0.551047
1.012568
0.563268
0.496846
0.825124
0.736213
0.759522
0.811685
0.746521
0.676726
0.576687
0.469060
0.642334
0.505228
0.512096
0.666570
0.982521
0.813220
0.815654
1.064364
0.759018
0.818583
0.906471
0.859990
0.603960
0.824661
0.816052
0.628805
0.933795
0.592820
0.594016
0.962147
0.722651
0.396496
0.642426
0.571570
0.555072
0.891975
0.556673
0.381983
0.770784
0.733024
0.780452
0.648840
0.646197
0.626865
0.563105
0.489027
0.511579
0.505855
0.501882
0.622624
0.802693
0.800936
0.887908
0.958665
0.624797
0.684357
0.777057
0.748837
0.550305
0.681148
0.915557
0.540590
0.781002
0.579883
0.610590
0.894717
0.725769
0.447348
0.632013
0.599401
0.516548
0.740823
0.656722
0.346318
0.723916
0.734965
0.827970
0.547842
0.645445
0.566624
0.621466
0.545233
0.455384
0.489536
0.502052
0.484950
0.582283
0.771138
0.872894
0.827636
0.605377
0.539268
0.570164
0.645473
0.615527
0.571959
0.844607
0.586361
0.682512
0.616304
0.633235
0.937394
0.732334
0.524289
0.592599
0.621724
0.562381
0.611647
0.781737
0.336286
0.558336
0.842565
0.768353
0.591762
0.681835
0.534202
0.593666
0.490341
0.589993
0.479330
0.613486
0.427506
0.446450
0.798633
0.750976
0.792351
0.566293
0.468469
0.480598
0.738754
0.572918
0.528471
0.694985
0.667678
0.657134
0.571482
0.665128
0.914581
0.775127
0.506334
0.692630
0.542558
0.722535
0.621982
0.741179
0.245990
0.482634
0.932925
0.670509
0.624006
0.668410
0.531481
0.473336
0.397111
0.564476
0.474383
0.818790
0.503459
0.456418
0.761902
0.726784
0.778433
0.469125
0.432325
0.540134
0.815043
0.452481
0.618600
0.569386
0.701958
0.590612
0.586552
0.722625
0.885388
0.732237
0.503907
0.832320
0.505407
0.785563
0.573706
0.674345
0.206113
0.602835
0.857983
0.644785
0.591255
0.620116
0.541426
0.388306
0.442913
0.498779
0.430743
0.980989
0.623783
0.402642
0.714503
0.754373
0.643715
0.443848
0.484777
0.645231
0.806243
0.378356
0.717827
0.589209
0.644354
0.484275
0.717704
0.765642
0.909248
0.613070
0.496716
0.787850
0.627280
0.796217
0.386474
0.649919
0.274952
0.744137
0.760029
0.590540
0.657558
0.562747
0.596404
0.466846
0.563594
0.510900
0.437995
0.903443
0.708423
0.441420
0.733169
0.805424
0.587195
0.507086
0.548667
0.552385
0.621690
0.426541
0.773826
0.569295
0.623040
0.444474
0.824865
0.764277
0.991654
0.633150
0.522029
0.764105
0.801150
0.792198
0.187080
0.718628
0.327830
0.699016
0.723825
0.477675
0.706858
0.460256
0.595380
0.592117
0.568502
0.563598
0.467979
0.723197
0.700192
0.582473
0.884837
0.755933
0.676374
0.539500
0.500143
0.438312
0.454250
0.507715
0.734661
0.471617
0.591535
0.448250
0.731511
0.754131
1.033283
0.811955
0.642372
0.824441
0.748224
0.825074
0.174993
0.654616
0.295595
0.574889
0.656802
0.351053
0.612338
0.316008
0.478736
0.628996
0.449542
0.560633
0.575505
0.661488
0.611804
0.664603
0.879634
0.645573
0.672903
0.511772
0.400581
0.382983
0.402108
0.505377
0.674087
0.361562
0.489576
0.396548
0.625101
0.683882
0.880703
0.869490
0.788038
0.950838
0.599903
0.828869
0.236796
0.593418
0.353760
0.483757
0.556168
0.264635
0.458341
0.262224
0.374516
0.663335
0.397492
0.596546
0.655291
0.700474
0.527550
0.527158
0.634475
0.520435
0.537392
0.522345
0.289083
0.412792
0.375581
0.416369
0.598648
0.262589
0.374656
0.370213
0.691390
0.529707
0.700653
0.686440
0.822104
0.854972
0.498486
0.770056
0.291452
0.557972
0.453310
0.425338
0.433999
0.325334
0.449777
0.279095
0.240272
0.669864
0.375999
0.708972
0.723224
0.679475
0.455302
0.361258
0.370872
0.488301
0.421862
0.503560
0.221272
0.344601
0.231028
0.376899
0.554859
0.175178
0.309730
0.404489
0.674469
0.355113
0.545107
0.375098
0.696136
0.745916
0.432456
0.783988
0.324304
0.650120
0.474801
0.428837
0.332465
0.352309
0.526748
0.287032
0.152589
0.608338
0.368702
0.741799
0.764258
0.500280
0.396793
0.344211
0.231749
0.449431
0.404888
0.418024
0.233338
0.282275
0.102443
0.408930
0.466135
0.181828
0.256927
0.414636
0.400698
0.253117
0.461376
0.228459
0.621399
0.681400
0.298135
0.777221
0.394263
0.718035
0.475927
0.387578
0.185457
0.358676
0.570710
0.158749
0.076244
0.520892
0.392195
0.681030
0.727150
0.328073
0.450143
0.451968
0.175801
0.295344
0.349871
0.358426
0.274957
0.254722
0.102835
0.472476
0.425474
0.126986
0.265188
0.405741
0.276000
0.168729
0.429592
0.194131
0.546483
0.638073
0.231352
0.632235
0.414404
0.710963
0.511272
0.421874
0.241707
0.393166
0.580517
0.120452
0.087455
0.491914
0.561392
0.555329
0.720396
0.290024
0.493058
0.447497
0.202024
0.096506
0.251314
0.354206
0.263066
0.362840
0.230552
0.503752
0.417532
0.218538
0.207478
0.326619
0.239344
0.087208
0.410334
0.186206
0.393771
0.513616
0.188654
0.349841
0.300208
0.640380
0.600649
0.501947
0.224550
0.365481
0.646706
0.168346
0.128997
0.561258
0.690273
0.436842
0.781993
0.440472
0.411345
0.402642
0.164787
0.247028
0.171476
0.418487
0.164681
0.454650
0.316874
0.470449
0.497914
0.333251
0.117358
0.256968
0.339819
0.050386
0.245379
0.167760
0.237635
0.454043
0.212217
0.124660
0.245632
0.560958
0.582598
0.481170
0.114096
0.180201
0.648854
0.136251
0.196099
0.619541
0.620929
0.358775
0.801696
0.499615
0.316248
0.329280
0.182151
0.271288
0.221082
0.478700
0.156307
0.538966
0.327693
0.305469
0.504785
0.414119
0.035973
0.230902
0.241139
0.055900
0.077667
0.089623
0.278875
0.458360
0.238692
0.279719
0.333269
0.422016
0.503923
0.431950
0.070851
0.159759
0.466255
0.133380
0.154774
0.578710
0.533372
0.301176
0.840807
0.325798
0.487272
0.299625
0.129736
0.129630
0.259205
0.529475
0.190332
0.601238
0.300194
0.184376
0.487889
0.397431
0.031021
0.227360
0.144507
0.051105
0.129585
0.148141
0.373266
0.374571
0.303023
0.415470
0.463265
0.303272
0.443591
0.460007
0.066769
0.177275
0.327395
0.205157
0.136964
0.493930
0.484071
0.189849
0.818278
0.277262
0.431471
0.249247
0.015392
0.168096
0.235395
0.531945
0.241286
0.597848
0.367383
0.266115
0.430385
0.380769
0.070110
0.373683
0.138470
0.103764
0.100667
0.176536
0.285098
0.170620
0.393446
0.314427
0.532376
0.308051
0.423480
0.481614
0.133480
0.214152
0.333180
0.316622
0.123827
0.510450
0.442529
0.166198
0.709937
0.237399
0.321143
0.264681
0.116705
0.199664
0.205470
0.405602
0.116804
0.439970
0.275757
0.233354
0.356290
0.386696
0.142479
0.532807
0.193888
0.081231
0.198737
0.148036
0.070055
0.154925
0.370316
0.364400
0.491042
0.333168
0.368852
0.392100
0.166746
0.314947
0.347590
0.260397
0.047543
0.448432
0.347562
0.204102
0.567274
0.189212
0.415811
0.305737
0.176501
0.204107
0.175777
0.310468
0.031974
0.253309
0.116862
0.254679
0.212080
0.300416
0.111245
0.533751
0.200636
0.017028
0.208836
0.222594
0.075692
0.295129
0.259577
0.334605
0.374694
0.186480
0.265194
0.239202
0.143007
0.368909
0.304886
0.228528
0.103533
0.378065
0.259645
0.189706
0.481427
0.277064
0.440255
0.316723
0.150664
0.041261
0.123841
0.328666
0.026871
0.142299
0.019272
0.317669
0.148134
0.159816
0.121885
0.304796
0.202964
0.018346
0.195198
0.359003
0.119274
0.326441
0.136219
0.190890
0.277180
0.055555
0.156322
0.216576
0.034465
0.276331
0.314214
0.256933
0.161266
0.328156
0.221997
0.199678
0.454281
0.306379
0.201108
0.193101
0.041092
0.133110
0.061295
0.407700
0.168646
0.121768
0.119434
0.355306
0.267553
0.251068
0.159888
0.158535
0.264716
0.044668
0.106273
0.348325
0.174007
0.313142
0.236399
0.230706
0.365064
0.072608
0.081688
0.268359
0.111319
0.221734
0.214879
0.218105
0.178257
0.298021
0.206685
0.289175
0.390936
0.253302
0.073695
0.120803
0.039550
0.208449
0.147611
0.467348
0.135838
0.135527
0.213436
0.260455
0.350962
0.247348
0.169462
0.189098
0.330086
0.055658
0.048064
0.233286
0.304368
0.238939
0.376399
0.217372
0.410196
0.121512
0.074056
0.207536
0.131946
0.201719
0.185200
0.092271
0.186925
0.284068
0.161608
0.316344
0.395622
0.191581
0.143547
0.050604
0.074773
0.224066
0.202565
0.346923
0.034359
0.212419
0.274085
0.154832
0.444351
0.305042
0.137754
0.226886
0.244242
0.128174
0.266566
0.102641
0.359803
0.191922
0.268878
0.090276
0.340395
0.213053
0.192864
0.095850
0.137114
0.278324
0.259457
0.102253
0.294976
0.255339
0.035916
0.330665
0.471626
0.278348
0.095230
0.060988
0.107757
0.426939
0.185701
0.140484
0.033337
0.217864
0.145560
0.224890
0.426658
0.290724
0.154395
0.271454
0.101314
0.112704
0.518367
0.063961
0.307519
0.159745
0.225674
0.073195
0.218165
0.198198
0.230522
0.090183
0.153978
0.293308
0.224950
0.184558
0.304831
0.299361
0.159767
0.371777
0.501335
0.310613
0.063684
0.071478
0.152001
0.457404
0.185093
0.242881
0.171131
0.166876
0.087536
0.184942
0.315314
0.201586
0.272416
0.314459
0.098090
0.128188
0.555430
0.036970
0.278239
0.171944
0.179554
0.229347
0.132201
0.190140
0.104684
0.056233
0.168936
0.192513
0.167970
0.208054
0.279763
0.265088
0.236208
0.272741
0.506990
0.227079
0.023249
0.192498
0.077019
0.329060
0.204150
0.180074
0.229798
0.057889
0.130227
0.093089
0.235609
0.138769
0.261006
0.268518
0.101391
0.173200
0.434194
0.024120
0.304261
0.222598
0.078083
0.364240
0.092220
0.117546
0.045472
0.188869
0.247324
0.090588
0.240619
0.158928
0.276177
0.248449
0.206052
0.249038
0.497847
0.220522
0.068336
0.212575
0.132487
0.163204
0.213651
0.114402
0.132136
0.102379
0.144656
0.137991
0.221453
0.182485
0.184466
0.303277
0.126364
0.142042
0.405355
0.143581
0.341405
0.372450
0.223875
0.501972
0.202109
0.088730
0.060818
0.316588
0.292095
0.054311
0.336558
0.192721
0.265780
0.215040
0.123108
0.107509
0.508460
0.128116
0.090721
0.212520
0.183117
0.179046
0.239592
0.135763
0.135885
0.202708
0.141211
0.138871
0.368632
0.225948
0.157499
0.244128
0.209775
0.064611
0.303334
0.230228
0.252973
0.395580
0.198967
0.524326
0.163423
0.111913
0.096326
0.396212
0.272782
0.093871
0.297714
0.132817
0.222965
0.174585
0.171669
0.230431
0.443612
0.101189
0.152016
0.293019
0.239211
0.174522
0.289901
0.349083
0.202086
0.203381
0.192465
0.095569
0.295309
0.169553
0.161063
0.097958
0.290309
0.063440
0.162801
0.169540
0.145014
0.340565
0.088358
0.349127
0.185972
0.233481
0.125813
0.492425
0.329316
0.084446
0.341422
0.089348
0.154538
0.152948
0.331295
0.336812
0.410199
0.147331
0.116249
0.350038
0.187164
0.159900
0.233293
0.426031
0.187672
0.220856
0.244708
0.122276
0.267914
0.212044
0.052041
0.136151
0.373478
0.109847
0.171060
0.137370
0.273805
0.234724
0.100825
0.155796
0.196097
0.401186
0.092104
0.572532
0.401853
0.135492
0.275790
0.227779
0.266017
0.262057
0.443569
0.353416
0.479392
0.192995
0.163536
0.307493
0.129261
0.201278
0.109535
0.392687
0.217420
0.155263
0.202259
0.216395
0.141425
0.161780
0.154718
0.158947
0.355651
0.170886
0.186385
0.203939
0.299337
0.149587
0.267385
0.164266
0.314778
0.538613
0.014616
0.563700
0.373973
0.059385
0.275719
0.277904
0.338754
0.292121
0.511387
0.296250
0.601692
0.224751
0.212728
0.274675
0.115056
0.331065
0.030892
0.361613
0.315489
0.091611
0.172339
0.267611
0.105858
0.289266
0.205458
0.242646
0.229897
0.195584
0.231846
0.344747
0.318323
0.061125
0.388685
0.164017
0.325283
0.508731
0.188256
0.479832
0.172529
0.114791
0.374763
0.262172
0.290698
0.194527
0.545928
0.340685
0.624262
0.347151
0.276336
0.315139
0.101909
0.322206
0.059792
0.409137
0.299158
0.099272
0.264357
0.189268
0.182898
0.413084
0.213156
0.303835
0.215503
0.148349
0.388147
0.366176
0.268391
0.175239
0.430408
0.118190
0.321141
0.440450
0.233141
0.461302
0.119460
0.108970
0.426175
0.207571
0.246131
0.117142
0.540427
0.258335
0.638026
0.357698
0.323680
0.239296
0.062400
0.207435
0.055552
0.374472
0.201789
0.249863
0.419513
0.228021
0.244613
0.461683
0.281631
0.348447
0.273813
0.132448
0.362448
0.357026
0.266300
0.358301
0.442628
0.189868
0.332045
0.379285
0.241206
0.497139
0.238000
0.093979
0.359403
0.158334
0.236402
0.134219
0.567465
0.193548
0.626441
0.181685
0.342819
0.157025
0.210962
0.176533
0.116578
0.352819
0.319819
0.179382
0.405644
0.317813
0.264341
0.491135
0.399359
0.295746
0.332826
0.110313
0.245824
0.287420
0.218922
0.458604
0.487272
0.246892
0.321755
0.357312
0.360168
0.494295
0.219979
0.217004
0.310526
0.195302
0.266913
0.194498
0.623362
0.204880
0.603767
0.155485
0.331781
0.196908
0.317081
0.145138
0.178776
0.382065
0.420170
0.086700
0.307327
0.327922
0.268935
0.546114
0.382281
0.342382
0.368901
0.130003
0.168322
0.451650
0.117027
0.450940
0.458162
0.339981
0.305646
0.288993
0.421038
0.287679
0.184243
0.205804
0.294137
0.324217
0.214452
0.244379
0.676153
0.168291
0.540660
0.074600
0.281922
0.277356
0.295695
0.170801
0.181286
0.456509
0.470204
0.175097
0.316584
0.347514
0.301230
0.604070
0.366849
0.405652
0.327015
0.232624
0.124656
0.549436
0.034574
0.404204
0.348629
0.511561
0.365285
0.227970
0.360569
0.082402
0.289884
0.357539
0.244219
0.430487
0.135209
0.240536
0.590485
0.232599
0.542378
0.148678
0.274752
0.299970
0.193253
0.239382
0.188166
0.488618
0.412732
0.390760
0.392196
0.352501
0.383055
0.634126
0.461039
0.425542
0.307992
0.332066
0.311484
0.530198
0.189065
0.385774
0.232320
0.670175
0.464645
0.214342
0.327890
0.046957
0.491791
0.468252
0.330269
0.501543
0.187455
0.292830
0.351521
0.372582
0.626226
0.224409
0.329724
0.193543
0.241225
0.303617
0.158429
0.434441
0.318560
0.454773
0.348109
0.323494
0.490566
0.546700
0.547471
0.383233
0.398373
0.329947
0.429286
0.529816
0.338390
0.455572
0.134605
0.668849
0.541851
0.298682
0.440424
0.132146
0.643524
0.461939
0.568650
0.635665
0.365903
0.353111
0.133544
0.495779
0.684062
0.131238
0.347060
0.177793
0.419314
0.363229
0.149904
0.331023
0.318170
0.524202
0.220600
0.407720
0.475635
0.472223
0.444717
0.412512
0.526300
0.325013
0.518136
0.610747
0.460910
0.550102
0.096579
0.571014
0.482121
0.350755
0.594159
0.220068
0.758758
0.349635
0.741455
0.780934
0.513913
0.344218
0.270717
0.505416
0.654338
0.117338
0.368631
0.338037
0.658452
0.405710
0.330565
0.283917
0.521609
0.614426
0.179227
0.589551
0.460480
0.481489
0.267334
0.534698
0.542127
0.423843
0.521481
0.663535
0.497706
0.590635
0.204092
0.596357
0.412834
0.400692
0.607866
0.332576
0.812516
0.339051
0.905888
0.781906
0.479750
0.341743
0.388035
0.508397
0.633271
0.265854
0.451000
0.513562
0.792533
0.374506
0.509795
0.371782
0.631900
0.720478
0.193072
0.727322
0.480589
0.556509
0.199794
0.616591
0.496867
0.494536
0.597315
0.610938
0.455104
0.588522
0.320262
0.708864
0.377198
0.457833
0.496762
0.337872
0.841599
0.459087
0.914661
0.789237
0.418397
0.465259
0.328809
0.625073
0.598958
0.451972
0.538866
0.671638
0.815579
0.501843
0.517652
0.420860
0.544324
0.659941
0.252405
0.802158
0.474646
0.570749
0.186786
0.552625
0.492662
0.432402
0.667708
0.464289
0.457081
0.617571
0.427294
0.750187
0.370181
0.463773
0.457421
0.310937
0.902200
0.564141
0.835853
0.857343
0.480289
0.652910
0.257695
0.760392
0.552732
0.509286
0.587601
0.712028
0.827907
0.640416
0.474623
0.465686
0.444467
0.576565
0.378878
0.849721
0.485372
0.525318
0.188179
0.515558
0.530742
0.389038
0.627752
0.374707
0.534527
0.765105
0.495988
0.690130
0.392495
0.339397
0.418490
0.239460
0.986906
0.560451
0.736120
0.853100
0.602082
0.809387
0.265607
0.768356
0.493677
0.583107
0.532847
0.696321
0.826618
0.693224
0.512951
0.515466
0.547508
0.636713
0.480497
0.882815
0.548108
0.451940
0.299845
0.533115
0.453830
0.433299
0.554084
0.401827
0.559583
0.847921
0.607332
0.643814
0.448150
0.241290
0.395760
0.333831
1.025879
0.533439
0.659092
0.755991
0.654939
0.829048
0.285042
0.767337
0.488338
0.702233
0.441607
0.657795
0.794406
0.693142
0.664116
0.547028
0.588388
0.832239
0.451673
0.880147
0.647065
0.460491
0.483868
0.563852
0.416531
0.517340
0.622938
0.459236
0.519128
0.871833
0.653133
0.600952
0.530081
0.346911
0.430929
0.577402
1.043658
0.562820
0.634423
0.598973
0.719832
0.817248
0.276396
0.771834
0.477722
0.736268
0.412407
0.671045
0.715918
0.662107
0.736675
0.495242
0.471210
0.922517
0.343311
0.900305
0.649633
0.452327
0.562824
0.596886
0.467247
0.525941
0.661342
0.452765
0.547050
0.874264
0.580765
0.543750
0.671501
0.557307
0.435132
0.691590
1.010791
0.603895
0.509470
0.510349
0.788953
0.855671
0.245776
0.703966
0.451202
0.599160
0.379925
0.783305
0.691521
0.674887
0.737015
0.315654
0.363074
0.855322
0.372125
0.928497
0.673112
0.427064
0.527922
0.707619
0.460019
0.519893
0.625137
0.341917
0.567494
0.901442
0.526039
0.405435
0.747939
0.568620
0.418679
0.622692
0.938338
0.544003
0.392361
0.474387
0.781963
0.935647
0.248561
0.556181
0.341382
0.560133
0.320932
0.874354
0.692560
0.653791
0.718495
0.226599
0.392862
0.803047
0.540945
0.821711
0.812912
0.381569
0.485607
0.807042
0.427593
0.589068
0.594441
0.223733
0.522923
0.858442
0.551455
0.327322
0.822778
0.465321
0.393826
0.611191
0.826048
0.501362
0.413574
0.496355
0.679463
1.008276
0.248655
0.534029
0.323310
0.701060
0.329114
0.924663
0.652433
0.659196
0.768571
0.328840
0.522121
0.752591
0.656836
0.682970
0.934713
0.438221
0.554801
0.700959
0.411480
0.723679
0.721909
0.210604
0.508106
0.793718
0.580512
0.335624
0.923443
0.483723
0.409627
0.750177
0.720311
0.601366
0.456644
0.585337
0.655838
1.066803
0.232066
0.598622
0.457705
0.892886
0.338772
0.851067
0.557153
0.631976
0.786055
0.425000
0.527987
0.702540
0.631006
0.654447
0.887516
0.487115
0.674616
0.571333
0.442210
0.835485
0.779369
0.275884
0.500453
0.791935
0.558413
0.375025
1.052940
0.592136
0.425797
0.859720
0.651486
0.676293
0.477740
0.665396
0.599785
1.040212
0.299103
0.594909
0.594381
0.928775
0.322246
0.872372
0.552758
0.546307
0.680230
0.492798
0.415785
0.727154
0.616449
0.638087
0.784114
0.489438
0.703421
0.590985
0.424933
0.876779
0.681305
0.387140
0.486392
0.735152
0.582098
0.434281
1.108571
0.622543
0.484041
0.943553
0.545568
0.593203
0.460796
0.656512
0.503940
0.852745
0.545144
0.413109
0.656610
0.868690
0.264655
0.907626
0.563900
0.391172
0.620754
0.528783
0.296996
0.820754
0.689341
0.638647
0.786799
0.481067
0.667597
0.789984
0.420230
0.852827
0.600708
0.422538
0.472586
0.604876
0.673926
0.479057
1.144245
0.568134
0.398295
1.053830
0.306865
0.470360
0.611828
0.650072
0.419192
0.653992
0.786908
0.287835
0.705157
0.796432
0.239791
0.835476
0.569063
0.296110
0.753673
0.703191
0.355733
0.807977
0.777118
0.464368
0.783967
0.533420
0.542317
0.897597
0.558319
0.829769
0.733373
0.524512
0.524648
0.543881
0.702142
0.483976
1.219285
0.523413
0.279470
1.045852
0.204978
0.405766
0.629208
0.777108
0.438339
0.637285
0.851523
0.306088
0.811911
0.768469
0.294144
0.692598
0.490579
0.310245
0.912098
0.870929
0.480075
0.698041
0.836965
0.299402
0.659624
0.587226
0.419193
0.869832
0.747099
0.736719
0.893421
0.619306
0.627055
0.517419
0.730346
0.392888
1.237213
0.579580
0.315487
0.900872
0.269826
0.438881
0.523196
0.846659
0.399667
0.701963
0.874843
0.372023
0.865724
0.751585
0.392151
0.669674
0.486910
0.333400
0.863948
0.857997
0.537432
0.708880
0.879347
0.207928
0.590848
0.592824
0.381867
0.794121
0.878861
0.552917
0.911011
0.738580
0.647617
0.572336
0.808612
0.314449
1.132517
0.663911
0.469920
0.826351
0.379879
0.455096
0.488774
0.756436
0.284309
0.662927
0.943602
0.351351
0.810091
0.707028
0.535223
0.771917
0.517908
0.328824
0.813124
0.711352
0.503808
0.803727
0.867684
0.179171
0.699404
0.598472
0.375723
0.784438
0.864841
0.420277
0.887799
0.736485
0.601108
0.630132
0.868740
0.272631
1.043952
0.726412
0.520626
0.906193
0.411194
0.534070
0.582349
0.694238
0.169060
0.500134
1.054528
0.289525
0.776706
0.692414
0.614768
0.867460
0.544770
0.369275
0.827524
0.651684
0.432074
0.739625
0.823519
0.134478
0.771223
0.796199
0.403165
0.820184
0.887895
0.390129
0.967655
0.737909
0.558341
0.751548
0.821234
0.230844
0.981384
0.757413
0.523562
0.946378
0.438646
0.639845
0.599624
0.691110
0.215068
0.441218
1.040421
0.248649
0.811565
0.676612
0.631615
0.790181
0.491206
0.433590
0.742766
0.726044
0.439852
0.628922
0.784817
0.121293
0.742230
0.948335
0.464182
0.869900
0.962117
0.397729
1.034878
0.709156
0.599397
0.745081
0.722385
0.257714
0.903205
0.828614
0.602787
0.782147
0.480845
0.710751
0.506893
0.666676
0.282329
0.420132
1.030994
0.237912
0.796196
0.540810
0.644141
0.742808
0.463321
0.527490
0.595375
0.686798
0.503022
0.669290
0.829010
0.264752
0.728298
0.905858
0.476543
0.866941
0.962990
0.367024
1.016952
0.731423
0.630457
0.653634
0.663088
0.342580
0.761282
0.857643
0.702259
0.680914
0.481453
0.702329
0.531814
0.652659
0.399275
0.458516
1.013115
0.306489
0.674091
0.398045
0.682924
0.770286
0.458234
0.549849
0.536533
0.575669
0.569598
0.763282
0.849068
0.448751
0.750180
0.756712
0.480123
0.842529
0.906182
0.343331
0.883783
0.808158
0.621212
0.574693
0.632354
0.397179
0.626874
0.954520
0.730738
0.715363
0.462533
0.631691
0.740921
0.664387
0.423989
0.476664
0.902689
0.355226
0.662219
0.390749
0.693210
0.782302
0.493358
0.534267
0.667842
0.542496
0.660248
0.676059
0.736131
0.490760
0.649777
0.722187
0.451833
0.745703
0.837078
0.347139
0.811369
0.867824
0.619528
0.640029
0.590736
0.409618
0.547996
1.021772
0.675940
0.719425
0.487062
0.531299
0.849907
0.733159
0.424979
0.566846
0.762308
0.389126
0.766418
0.499439
0.696142
0.785363
0.549837
0.525132
0.768120
0.571462
0.631102
0.501000
0.554607
0.403231
0.606870
0.801293
0.487517
0.679218
0.665798
0.342302
0.769773
0.807110
0.716496
0.755423
0.542695
0.400655
0.436575
0.962467
0.655791
0.658346
0.496419
0.475703
0.836957
0.764407
0.648984
0.577410
0.687714
0.397505
0.846108
0.623153
0.680218
0.705787
0.523062
0.639207
0.803363
0.614250
0.623709
0.513029
0.494888
0.390251
0.646205
0.762949
0.544510
0.649812
0.515605
0.359419
0.734002
0.738987
0.807451
0.828890
0.504385
0.458060
0.324717
0.808143
0.700227
0.615487
0.487845
0.468810
0.817239
0.674626
0.744047
0.531289
0.708262
0.434223
0.900826
0.591575
0.786067
0.654111
0.477372
0.788283
0.862553
0.597199
0.667482
0.605220
0.568939
0.560598
0.676710
0.688012
0.626869
0.586260
0.404837
0.433415
0.705396
0.723418
0.768824
0.802747
0.401223
0.444553
0.323044
0.708693
0.759981
0.697992
0.465467
0.529981
0.895136
0.505658
0.663340
0.565931
0.783580
0.459066
0.963349
0.583406
0.879997
0.596673
0.543811
0.795057
0.890246
0.660190
0.728029
0.603901
0.602013
0.739273
0.674368
0.723870
0.682656
0.503517
0.399645
0.504362
0.661929
0.754542
0.700653
0.795828
0.375716
0.456026
0.242727
0.711091
0.665288
0.807120
0.517509
0.535281
0.936009
0.436459
0.549912
0.670107
0.790585
0.495278
1.054658
0.638394
0.828806
0.602804
0.711083
0.762138
0.740944
0.669283
0.726590
0.605132
0.520576
0.692600
0.729276
0.784561
0.677026
0.458438
0.420867
0.471890
0.617112
0.774599
0.603778
0.762634
0.449241
0.564656
0.213829
0.706282
0.491237
0.915895
0.565592
0.483358
0.960104
0.434005
0.572908
0.765925
0.711401
0.591915
1.064072
0.615627
0.675727
0.585595
0.850895
0.778018
0.668244
0.611597
0.748377
0.753815
0.392819
0.579406
0.737037
0.766611
0.662888
0.523584
0.357182
0.421157
0.626738
0.767297
0.545249
0.772081
0.596077
0.721826
0.225144
0.679622
0.401849
0.923631
0.517655
0.429278
0.931058
0.297781
0.648112
0.790693
0.591939
0.653819
0.928679
0.557374
0.547568
0.609466
0.894990
0.847591
0.699747
0.577355
0.867075
0.869808
0.311632
0.506509
0.715098
0.676964
0.616572
0.608892
0.223452
0.415880
0.663857
0.611125
0.532316
0.773475
0.645449
0.754999
0.332400
0.586075
0.468700
0.860395
0.507554
0.439671
0.824674
0.120649
0.678000
0.807304
0.565220
0.660093
0.809740
0.525074
0.458074
0.622749
0.740018
0.823856
0.788909
0.598858
0.924484
0.846259
0.334602
0.491551
0.665985
0.668230
0.567040
0.588356
0.204794
0.404878
0.679523
0.430765
0.575166
0.786190
0.639205
0.713149
0.331093
0.486012
0.527771
0.840347
0.597308
0.448222
0.691600
0.107101
0.643582
0.908041
0.564843
0.682090
0.691660
0.541418
0.346535
0.637096
0.660210
0.609395
0.745364
0.660155
0.795260
0.764185
0.340156
0.451265
0.692414
0.623793
0.464173
0.555103
0.272211
0.397619
0.602362
0.407856
0.613111
0.764056
0.694209
0.719243
0.349039
0.513949
0.541888
0.840095
0.626296
0.464103
0.652523
0.182097
0.678520
1.039619
0.493619
0.699853
0.607983
0.481179
0.221266
0.584846
0.613404
0.460125
0.689762
0.665354
0.651867
0.730500
0.425900
0.392210
0.781686
0.525836
0.408273
0.622766
0.372826
0.431381
0.446123
0.483814
0.586661
0.681793
0.694575
0.760063
0.481922
0.603844
0.457396
0.860059
0.574653
0.447567
0.637873
0.150931
0.664737
1.026644
0.421030
0.661189
0.499273
0.446625
0.210462
0.476242
0.632324
0.421888
0.607521
0.590195
0.590166
0.723526
0.424471
0.356151
0.836104
0.479689
0.444471
0.683134
0.390352
0.560755
0.367424
0.563088
0.500561
0.558608
0.590773
0.798070
0.655349
0.631676
0.437985
0.786234
0.569995
0.423994
0.670509
0.158004
0.633628
0.882642
0.338920
0.596999
0.485815
0.554857
0.300104
0.468929
0.620403
0.439471
0.601672
0.476860
0.510821
0.787151
0.305931
0.407097
0.841090
0.454456
0.463368
0.714996
0.427661
0.649056
0.446865
0.565903
0.329757
0.492197
0.547772
0.780760
0.686913
0.619466
0.398155
0.669310
0.677754
0.432874
0.671703
0.234472
0.637301
0.788516
0.282913
0.637095
0.581799
0.688540
0.353326
0.568278
0.527933
0.321691
0.564997
0.389251
0.251022
0.758965
0.344207
0.540032
0.818124
0.465781
0.408528
0.715917
0.477663
0.661802
0.497324
0.531414
0.194850
0.465304
0.512243
0.754615
0.619074
0.585994
0.282786
0.567499
0.623352
0.495228
0.717071
0.251084
0.635915
0.791483
0.266391
0.620994
0.631934
0.605903
0.293612
0.568724
0.460510
0.208236
0.551587
0.333076
0.062105
0.662679
0.431017
0.662399
0.620025
0.441937
0.330562
0.659845
0.587186
0.677281
0.372907
0.538116
0.159607
0.428806
0.414216
0.663629
0.565520
0.455269
0.208186
0.451295
0.459395
0.482586
0.688120
0.294938
0.627528
0.819226
0.324712
0.445583
0.571496
0.525089
0.185852
0.526270
0.557827
0.224776
0.582189
0.354103
0.017919
0.520945
0.433091
0.661065
0.428139
0.382575
0.307634
0.624227
0.637664
0.701709
0.311739
0.566394
0.181369
0.408529
0.402242
0.509819
0.484196
0.293459
0.186328
0.382116
0.388217
0.405068
0.630071
0.309559
0.579123
0.738048
0.375125
0.256177
0.516390
0.559481
0.165636
0.472181
0.631862
0.204822
0.544161
0.462157
0.106709
0.482316
0.491588
0.570204
0.454857
0.248625
0.306120
0.644211
0.678811
0.689448
0.401857
0.618179
0.169912
0.371954
0.477808
0.431991
0.322344
0.202972
0.051733
0.383680
0.488139
0.314827
0.558088
0.366771
0.486819
0.574237
0.360949
0.194142
0.511074
0.521849
0.220118
0.467744
0.652303
0.185591
0.460700
0.609706
0.257363
0.506711
0.603698
0.586536
0.549595
0.166470
0.288900
0.708424
0.734095
0.608934
0.525658
0.596922
0.202574
0.370392
0.512069
0.380858
0.257989
0.216350
0.041134
0.348418
0.602339
0.395831
0.484527
0.467033
0.250008
0.412344
0.280169
0.167487
0.590135
0.386526
0.317621
0.410399
0.502833
0.143696
0.381824
0.652940
0.316220
0.414474
0.688356
0.665847
0.466653
0.169907
0.337847
0.742065
0.740672
0.509103
0.509895
0.500271
0.045823
0.409853
0.455853
0.310531
0.341053
0.218400
0.091123
0.322002
0.673123
0.479329
0.355253
0.569217
0.231276
0.358064
0.205152
0.065234
0.404209
0.354779
0.426650
0.392729
0.468496
0.211126
0.348533
0.585026
0.394900
0.234131
0.656587
0.674329
0.379141
0.202238
0.389664
0.751732
0.702904
0.386770
0.389859
0.406875
0.050530
0.556685
0.394772
0.207207
0.437670
0.073396
0.095370
0.285314
0.707648
0.514584
0.236717
0.600656
0.149809
0.250867
0.238359
0.064451
0.316442
0.441008
0.442645
0.413282
0.431065
0.323311
0.395068
0.407209
0.355738
0.209782
0.571261
0.612745
0.355687
0.191881
0.414122
0.682250
0.725943
0.318400
0.318766
0.298545
0.073609
0.621318
0.461491
0.159947
0.477312
0.109458
0.047423
0.347050
0.693077
0.446569
0.262929
0.612810
0.172087
0.221121
0.226701
0.141985
0.338578
0.439063
0.342494
0.390793
0.347363
0.323161
0.369495
0.324941
0.305855
0.268395
0.479864
0.455106
0.367926
0.150310
0.395275
0.600247
0.641941
0.269763
0.459430
0.156144
0.166409
0.585460
0.498735
0.122594
0.450533
0.180475
0.242145
0.378936
0.680870
0.436609
0.319204
0.631320
0.317935
0.232863
0.293965
0.366976
0.347267
0.359745
0.255919
0.459135
0.228412
0.226818
0.385156
0.315927
0.120843
0.355682
0.374656
0.340907
0.344428
0.195852
0.371396
0.463402
0.500709
0.134511
0.517577
0.060034
0.310171
0.524650
0.404284
0.143078
0.502232
0.226822
0.388094
0.325065
0.605787
0.392809
0.269985
0.665243
0.300576
0.264340
0.334428
0.371895
0.342509
0.284989
0.277501
0.605305
0.215079
0.182093
0.451980
0.310034
0.052830
0.322179
0.330984
0.292083
0.322611
0.267849
0.380964
0.326280
0.354330
0.050838
0.537647
0.050533
0.388839
0.522061
0.270545
0.059596
0.510764
0.283999
0.498661
0.223730
0.574426
0.381483
0.191182
0.677138
0.176999
0.216484
0.327863
0.239768
0.366086
0.159099
0.277138
0.649573
0.141606
0.260682
0.525650
0.224834
0.094635
0.210033
0.370109
0.278886
0.345008
0.162089
0.343874
0.239693
0.299891
0.141252
0.373194
0.141484
0.323742
0.452009
0.266709
0.056411
0.503251
0.195392
0.548608
0.147580
0.560605
0.268527
0.272559
0.608435
0.134767
0.188846
0.298318
0.250263
0.367284
0.183875
0.215771
0.583154
0.039260
0.294612
0.428886
0.178369
0.080843
0.136120
0.378986
0.151314
0.289651
0.187733
0.302312
0.267409
0.315539
0.124012
0.196219
0.184534
0.277194
0.309192
0.318545
0.133914
0.505551
0.127928
0.592023
0.172465
0.471780
0.289820
0.289305
0.533115
0.150756
0.284237
0.331996
0.370982
0.279842
0.227160
0.132505
0.391327
0.065392
0.256621
0.194933
0.131391
0.139752
0.209359
0.245575
0.208748
0.246284
0.212988
0.227783
0.308197
0.247198
0.112288
0.214879
0.222242
0.295667
0.263498
0.336500
0.185748
0.600067
0.178412
0.586513
0.143027
0.242114
0.315234
0.200142
0.364608
0.115416
0.355157
0.363958
0.367313
0.236704
0.134969
0.079933
0.219143
0.017549
0.175402
0.082377
0.110480
0.182054
0.320935
0.181392
0.167340
0.273854
0.177316
0.133050
0.222152
0.157115
0.111233
0.321593
0.212084
0.441046
0.332585
0.202281
0.243768
