# G_3, p = 0.8000 GPa (dir_8000.0_bar).
# 6MR distortion Gamma = (1/2)(max - min) over the three opposite-O diagonals.
# 24 rings x 101 frames = 2424 samples.
# Column: per-6MR Gamma [A]
0.000357
0.000351
0.000360
0.000363
0.000366
0.000384
0.000361
0.000363
0.000735
0.000740
0.000752
0.000752
0.000773
0.000768
0.000725
0.000731
0.000492
0.000459
0.000492
0.000459
0.000471
0.000492
0.000500
0.000468
0.083295
0.212806
0.082694
0.060943
0.122693
0.062892
0.067682
0.132753
0.081208
0.071469
0.017463
0.143481
0.062316
0.236954
0.165736
0.065303
0.063712
0.189536
0.112179
0.156039
0.085982
0.083204
0.060449
0.043082
0.044217
0.161021
0.128328
0.034261
0.242070
0.210965
0.105733
0.199178
0.236315
0.061336
0.015347
0.266961
0.066186
0.435603
0.316640
0.080616
0.209003
0.307306
0.243209
0.259476
0.156706
0.075728
0.140469
0.027617
0.090214
0.134562
0.160879
0.110071
0.393603
0.291135
0.093447
0.236377
0.230010
0.072914
0.114906
0.221692
0.147021
0.456079
0.224360
0.142668
0.296930
0.404466
0.265273
0.305928
0.265064
0.066584
0.186895
0.054941
0.080605
0.288911
0.199877
0.088477
0.457382
0.197143
0.098067
0.185423
0.109436
0.133725
0.219871
0.167352
0.054389
0.392497
0.084119
0.200663
0.255863
0.419557
0.185320
0.277987
0.370609
0.249296
0.261157
0.152426
0.161313
0.314954
0.376118
0.065778
0.390200
0.035555
0.161156
0.264558
0.014707
0.168959
0.206390
0.098928
0.058789
0.332491
0.031451
0.201313
0.185154
0.350096
0.064967
0.198315
0.300071
0.371528
0.300701
0.218071
0.222806
0.207201
0.410166
0.096044
0.296699
0.077868
0.197808
0.399745
0.038708
0.171646
0.165004
0.124230
0.093059
0.248019
0.081284
0.157018
0.120896
0.213485
0.159270
0.093347
0.164713
0.375399
0.291040
0.144240
0.212684
0.237959
0.356458
0.094861
0.192441
0.085820
0.185805
0.410661
0.024041
0.223387
0.146159
0.164355
0.164201
0.176384
0.121459
0.160387
0.047852
0.053574
0.285490
0.076715
0.160519
0.294041
0.212208
0.051151
0.249936
0.271325
0.259707
0.118470
0.197036
0.082260
0.169298
0.351467
0.140672
0.246488
0.142609
0.161868
0.194588
0.139632
0.236731
0.186561
0.083348
0.066807
0.302477
0.111069
0.197384
0.175070
0.196721
0.286275
0.290399
0.142338
0.188639
0.140432
0.418211
0.087290
0.205538
0.261941
0.162979
0.248588
0.190322
0.094396
0.172637
0.194422
0.307146
0.143521
0.146075
0.116398
0.245875
0.103621
0.259526
0.212280
0.078986
0.397983
0.319442
0.056395
0.300966
0.218598
0.459465
0.166394
0.211243
0.260766
0.279823
0.213726
0.209550
0.032784
0.122707
0.108198
0.352155
0.125396
0.110747
0.166044
0.177739
0.191276
0.346334
0.194869
0.110074
0.364652
0.283027
0.170710
0.353292
0.188416
0.342374
0.264855
0.143087
0.194094
0.368878
0.156507
0.054809
0.085965
0.161823
0.097281
0.293410
0.094316
0.156294
0.128248
0.071958
0.252879
0.429041
0.151537
0.219171
0.285735
0.241257
0.146731
0.403893
0.169966
0.155849
0.239894
0.102503
0.120616
0.302887
0.073477
0.111757
0.205693
0.170327
0.207358
0.192162
0.098717
0.250846
0.049861
0.037519
0.255392
0.399851
0.055052
0.184318
0.189633
0.196902
0.237772
0.407990
0.185724
0.208617
0.158379
0.187308
0.138014
0.126514
0.122734
0.094246
0.243421
0.184290
0.136962
0.178261
0.162642
0.148375
0.170407
0.188276
0.232530
0.222149
0.131217
0.069081
0.209155
0.242093
0.235392
0.403815
0.191334
0.262052
0.165084
0.198626
0.192380
0.040136
0.224571
0.045429
0.258123
0.243736
0.097193
0.136280
0.164217
0.108011
0.137114
0.317047
0.209492
0.183106
0.170843
0.097247
0.260083
0.313627
0.162091
0.280497
0.149059
0.178493
0.157836
0.140785
0.242009
0.093506
0.210795
0.108401
0.176845
0.270793
0.309896
0.047206
0.108306
0.013907
0.050485
0.348010
0.209907
0.272558
0.093263
0.159823
0.245271
0.313141
0.152864
0.290161
0.123864
0.138412
0.124832
0.081277
0.219789
0.146619
0.168579
0.278504
0.044791
0.186543
0.299109
0.069554
0.208888
0.141155
0.076516
0.338532
0.336714
0.293824
0.104063
0.222948
0.149663
0.363349
0.121341
0.244424
0.228813
0.174896
0.085867
0.061488
0.116753
0.251047
0.057729
0.384246
0.109467
0.074589
0.128238
0.127686
0.283222
0.265043
0.247878
0.289286
0.326939
0.344788
0.187877
0.209747
0.118521
0.294287
0.157735
0.246368
0.316992
0.242410
0.081605
0.064481
0.098404
0.348330
0.086709
0.376170
0.134422
0.029661
0.020484
0.188511
0.239121
0.240925
0.316540
0.175810
0.173338
0.375189
0.251627
0.230809
0.111120
0.375029
0.178176
0.328656
0.320114
0.164648
0.150879
0.094030
0.182421
0.398737
0.183716
0.303617
0.231945
0.107636
0.046875
0.144603
0.162369
0.112096
0.222714
0.091005
0.143928
0.378023
0.189924
0.234291
0.024627
0.396762
0.130308
0.369332
0.251668
0.068810
0.121318
0.158437
0.190452
0.413919
0.228697
0.190324
0.338676
0.166215
0.073823
0.026232
0.108983
0.012399
0.133691
0.135521
0.134279
0.303986
0.084170
0.198108
0.059967
0.399594
0.243092
0.418729
0.223663
0.096401
0.014205
0.187254
0.129211
0.357240
0.264638
0.068088
0.397166
0.316868
0.129502
0.147702
0.143172
0.162977
0.187508
0.178621
0.167314
0.235612
0.062954
0.201089
0.088790
0.349386
0.317830
0.367857
0.240956
0.187090
0.019045
0.140883
0.181427
0.240721
0.266095
0.019747
0.394818
0.425446
0.276694
0.192492
0.154504
0.205466
0.162160
0.213135
0.097373
0.113611
0.152219
0.198431
0.145700
0.270072
0.345024
0.257493
0.239890
0.236012
0.094410
0.091465
0.240429
0.150214
0.228741
0.136734
0.256302
0.362184
0.434395
0.208196
0.106928
0.152068
0.165528
0.238828
0.069249
0.068430
0.206876
0.136457
0.333169
0.195826
0.366190
0.156463
0.119846
0.183452
0.179922
0.131473
0.133763
0.045847
0.135864
0.199760
0.135864
0.371748
0.460549
0.098917
0.079524
0.215146
0.199237
0.211241
0.219760
0.218188
0.121149
0.061923
0.366938
0.233207
0.317033
0.199403
0.112784
0.109745
0.190561
0.159432
0.081416
0.244679
0.125998
0.261416
0.282835
0.247287
0.334780
0.039624
0.048162
0.277468
0.183985
0.067081
0.250617
0.253867
0.081923
0.164752
0.298675
0.260656
0.284342
0.305347
0.118043
0.273216
0.166099
0.158473
0.223479
0.459176
0.123907
0.408478
0.375269
0.141329
0.274670
0.037818
0.155605
0.229419
0.184838
0.109320
0.211710
0.228097
0.104853
0.244214
0.236280
0.210712
0.245334
0.298054
0.140240
0.388125
0.074381
0.188702
0.263176
0.534712
0.112762
0.456552
0.445985
0.217439
0.227928
0.099762
0.193057
0.157163
0.176170
0.177633
0.072324
0.276014
0.144126
0.219242
0.098395
0.090404
0.227538
0.284009
0.231827
0.330190
0.189731
0.229624
0.250715
0.557878
0.183128
0.393114
0.507911
0.243225
0.231444
0.277468
0.159432
0.124424
0.124507
0.279328
0.103389
0.176250
0.181001
0.180624
0.075258
0.103034
0.241414
0.294608
0.196263
0.176272
0.237556
0.213467
0.156056
0.492361
0.273632
0.253849
0.458255
0.218722
0.246208
0.356139
0.131915
0.018053
0.079226
0.280657
0.187711
0.050495
0.217861
0.168456
0.147576
0.126962
0.202021
0.235641
0.130501
0.102573
0.315842
0.173494
0.099182
0.216712
0.331166
0.080698
0.382054
0.237178
0.204631
0.281395
0.135912
0.096761
0.093454
0.255347
0.218880
0.058132
0.184579
0.216272
0.190373
0.143300
0.227531
0.201027
0.079012
0.167799
0.351214
0.175806
0.114254
0.114640
0.306531
0.161400
0.337051
0.316026
0.168499
0.219841
0.143168
0.218493
0.138020
0.220830
0.248269
0.042903
0.105293
0.260599
0.274592
0.167607
0.196508
0.220448
0.026065
0.216936
0.301937
0.125377
0.115126
0.288630
0.212463
0.317690
0.327400
0.260948
0.252107
0.207114
0.120012
0.344180
0.144327
0.121410
0.193015
0.103433
0.048104
0.232599
0.384033
0.185456
0.086179
0.263139
0.030156
0.171308
0.295420
0.086713
0.138666
0.277859
0.143522
0.301735
0.333383
0.058374
0.344566
0.209049
0.147744
0.262207
0.113285
0.015582
0.231901
0.159011
0.221180
0.195371
0.317553
0.189727
0.035156
0.263755
0.094670
0.118572
0.479020
0.104675
0.194315
0.219347
0.219780
0.173166
0.299940
0.175953
0.370155
0.183083
0.169649
0.102505
0.028418
0.078514
0.194865
0.144315
0.313991
0.179432
0.186677
0.187356
0.036059
0.219300
0.060925
0.150992
0.586217
0.219703
0.187494
0.188810
0.247551
0.113667
0.359892
0.235353
0.310993
0.079477
0.165857
0.053558
0.137618
0.160038
0.146967
0.178454
0.366080
0.175610
0.085933
0.091350
0.135240
0.320346
0.071270
0.199488
0.462400
0.277760
0.260942
0.096065
0.242920
0.276364
0.359138
0.193371
0.362711
0.057980
0.292114
0.058681
0.242975
0.190512
0.245257
0.250851
0.377354
0.098915
0.149396
0.036310
0.222735
0.345008
0.031357
0.208717
0.249240
0.324314
0.327383
0.023675
0.152041
0.371025
0.217399
0.079328
0.251569
0.167796
0.308003
0.058198
0.229725
0.122371
0.266668
0.257431
0.280084
0.130977
0.177659
0.133806
0.222273
0.212841
0.105332
0.286317
0.150137
0.394113
0.335973
0.099934
0.053064
0.315272
0.124593
0.065419
0.030843
0.190372
0.318077
0.073366
0.206876
0.083080
0.322458
0.356974
0.165901
0.149045
0.066591
0.163977
0.099008
0.156839
0.210343
0.301138
0.087351
0.448212
0.320870
0.122960
0.095254
0.339421
0.086972
0.041017
0.156904
0.181867
0.312816
0.113500
0.221716
0.119627
0.376099
0.252243
0.144476
0.125099
0.031710
0.154088
0.107352
0.215169
0.271675
0.207053
0.026441
0.431278
0.199085
0.132819
0.239542
0.336063
0.100214
0.075975
0.263392
0.156837
0.213444
0.152151
0.226108
0.238986
0.345044
0.071796
0.205369
0.080875
0.047890
0.168837
0.095334
0.146431
0.194872
0.090909
0.145952
0.234423
0.066473
0.105397
0.367817
0.227012
0.077234
0.127895
0.289391
0.049268
0.118119
0.133802
0.198937
0.221231
0.241405
0.031735
0.244871
0.068329
0.021049
0.166131
0.217374
0.068363
0.167334
0.115327
0.218675
0.023893
0.064703
0.129596
0.331671
0.023654
0.037980
0.118497
0.240949
0.090518
0.168491
0.128604
0.075402
0.100126
0.199356
0.108556
0.205581
0.129354
0.138929
0.097650
0.328242
0.162948
0.147214
0.155653
0.207100
0.212582
0.126024
0.106352
0.219924
0.154822
0.080804
0.090323
0.200544
0.123896
0.211693
0.144657
0.080073
0.042919
0.206906
0.217235
0.107212
0.175528
0.185985
0.079356
0.331216
0.270884
0.146257
0.170510
0.270731
0.313602
0.122013
0.034923
0.058326
0.201838
0.194830
0.026575
0.105784
0.078583
0.300468
0.190665
0.179935
0.001177
0.138288
0.307923
0.046066
0.129141
0.138993
0.043361
0.232103
0.216817
0.121599
0.155351
0.235057
0.388181
0.187501
0.228120
0.122443
0.125764
0.239979
0.126920
0.113718
0.070389
0.398969
0.318986
0.216797
0.065183
0.126862
0.292363
0.171145
0.095929
0.219392
0.073270
0.235060
0.221431
0.116744
0.201356
0.205428
0.459166
0.190424
0.242269
0.097814
0.134770
0.189157
0.113030
0.145540
0.093659
0.394821
0.308503
0.290184
0.086736
0.259489
0.215300
0.130166
0.140028
0.319991
0.095688
0.203449
0.176366
0.130676
0.214533
0.175707
0.485860
0.222401
0.113383
0.028303
0.216549
0.181372
0.072861
0.126280
0.147034
0.261584
0.106143
0.262793
0.092808
0.397920
0.191279
0.083458
0.115430
0.251636
0.091944
0.211791
0.095131
0.032187
0.193940
0.062263
0.481683
0.266343
0.078254
0.050520
0.263202
0.191707
0.120476
0.051561
0.147231
0.047235
0.062525
0.137818
0.137548
0.350082
0.170579
0.019207
0.112793
0.059378
0.278710
0.247724
0.080762
0.178919
0.167418
0.134855
0.399438
0.286824
0.157428
0.094204
0.232555
0.234106
0.069696
0.081670
0.157336
0.169772
0.132128
0.069227
0.200074
0.211762
0.083323
0.081541
0.143569
0.108402
0.269854
0.278856
0.067849
0.205458
0.140243
0.216972
0.294577
0.261953
0.105000
0.129533
0.116161
0.247454
0.039838
0.147195
0.178705
0.285379
0.160810
0.004078
0.218820
0.110374
0.061492
0.189188
0.122369
0.198549
0.142539
0.228689
0.044705
0.125613
0.109546
0.191414
0.148387
0.172703
0.069793
0.168652
0.128381
0.323131
0.060928
0.197059
0.170926
0.284072
0.151336
0.083597
0.172163
0.049604
0.155301
0.324711
0.109508
0.232955
0.093069
0.218149
0.095382
0.094462
0.150440
0.092623
0.263242
0.112379
0.171525
0.096352
0.197569
0.494481
0.106661
0.193730
0.141205
0.221297
0.156056
0.154570
0.059975
0.080697
0.230601
0.365634
0.176399
0.158981
0.167415
0.190833
0.173712
0.178964
0.267642
0.136802
0.305115
0.100751
0.147755
0.024267
0.183461
0.599282
0.065951
0.193678
0.140715
0.172205
0.204520
0.127442
0.140567
0.169405
0.225240
0.240180
0.177229
0.054910
0.238139
0.210608
0.258449
0.274703
0.283602
0.215627
0.267940
0.184723
0.094850
0.025731
0.113734
0.455007
0.141340
0.172099
0.163303
0.186454
0.228357
0.053361
0.255750
0.249965
0.181157
0.127547
0.174686
0.140415
0.290199
0.198410
0.344552
0.272036
0.225817
0.261945
0.213216
0.267490
0.102154
0.063821
0.020274
0.185438
0.271647
0.215960
0.120974
0.228591
0.166087
0.024222
0.345939
0.321725
0.109178
0.188116
0.152986
0.224360
0.289968
0.209398
0.313619
0.173862
0.164223
0.251255
0.210113
0.175335
0.190951
0.072815
0.167270
0.120069
0.284238
0.285696
0.027265
0.308078
0.065916
0.143686
0.267191
0.319390
0.105755
0.193608
0.222485
0.169255
0.160472
0.283852
0.160975
0.220987
0.084970
0.174934
0.154066
0.027331
0.245373
0.029994
0.288520
0.383410
0.197218
0.292076
0.063274
0.370482
0.269660
0.230754
0.205707
0.206676
0.116374
0.169049
0.267567
0.173768
0.212064
0.346114
0.123349
0.268359
0.063334
0.132933
0.130882
0.013889
0.179117
0.113086
0.311729
0.540850
0.139816
0.228997
0.144641
0.374827
0.377532
0.259270
0.261392
0.044449
0.053809
0.092383
0.239620
0.148858
0.327549
0.191184
0.168606
0.236480
0.092861
0.205236
0.075300
0.066140
0.038409
0.181654
0.245331
0.583125
0.268593
0.188661
0.147421
0.274227
0.334422
0.182393
0.241356
0.094825
0.054645
0.039980
0.218559
0.126655
0.319814
0.085972
0.227725
0.261646
0.084142
0.187800
0.182695
0.168238
0.072578
0.227586
0.264536
0.604643
0.360913
0.148445
0.143492
0.186298
0.227928
0.096396
0.167634
0.225721
0.157304
0.141147
0.175888
0.096992
0.295484
0.191449
0.258555
0.285285
0.119533
0.174834
0.288341
0.211811
0.048240
0.222387
0.278039
0.548278
0.298635
0.041834
0.151078
0.178862
0.293317
0.123682
0.077052
0.227714
0.282097
0.305626
0.206718
0.094050
0.340367
0.179309
0.267913
0.324785
0.155000
0.232694
0.300800
0.166750
0.094107
0.150834
0.221870
0.433779
0.088211
0.157438
0.148930
0.283938
0.271922
0.156549
0.095498
0.104149
0.399848
0.295386
0.225697
0.053033
0.447363
0.178716
0.270160
0.235973
0.133099
0.291279
0.152780
0.068986
0.119456
0.123078
0.117126
0.273143
0.093694
0.212701
0.273929
0.318176
0.134632
0.078732
0.160966
0.068254
0.364840
0.314360
0.249032
0.015778
0.425019
0.181566
0.313606
0.096887
0.070410
0.303450
0.075005
0.088369
0.108037
0.091916
0.187457
0.276272
0.205351
0.227674
0.406953
0.302866
0.210732
0.098598
0.241916
0.057345
0.191193
0.327729
0.225820
0.135712
0.293716
0.141303
0.282688
0.072723
0.091552
0.171317
0.203823
0.059935
0.180268
0.144015
0.215312
0.210532
0.314364
0.240553
0.398765
0.256774
0.294181
0.172941
0.257684
0.084437
0.108592
0.251443
0.193136
0.232896
0.189203
0.159711
0.214249
0.115076
0.125808
0.109764
0.253665
0.067188
0.166005
0.282944
0.142505
0.202219
0.334000
0.234296
0.316078
0.295147
0.294286
0.183039
0.243796
0.259029
0.288416
0.142897
0.125404
0.226514
0.140716
0.198567
0.124300
0.186389
0.170244
0.253083
0.255897
0.118686
0.089111
0.326362
0.122978
0.239884
0.276541
0.200078
0.296098
0.347393
0.183246
0.199435
0.167714
0.312269
0.312802
0.189441
0.077505
0.279012
0.157941
0.193480
0.155113
0.133756
0.172193
0.264711
0.231751
0.176698
0.033233
0.297476
0.188034
0.317203
0.197786
0.110996
0.247432
0.302568
0.091771
0.249265
0.067069
0.244489
0.201104
0.320518
0.186257
0.306474
0.218788
0.138127
0.275415
0.094750
0.046832
0.280869
0.124808
0.092611
0.035371
0.251233
0.197763
0.316329
0.243886
0.098293
0.230478
0.336421
0.230391
0.203908
0.148985
0.153426
0.131802
0.319289
0.316835
0.248163
0.231131
0.128507
0.300065
0.148709
0.221588
0.237301
0.071911
0.041752
0.162202
0.181679
0.214496
0.216554
0.339283
0.054250
0.257450
0.321228
0.342622
0.154121
0.276631
0.107835
0.176184
0.237035
0.342868
0.161399
0.190109
0.141021
0.271867
0.204283
0.296593
0.171247
0.171262
0.077919
0.247319
0.104667
0.250268
0.136300
0.349745
0.112821
0.387466
0.299177
0.308009
0.085533
0.315525
0.118453
0.170329
0.311173
0.265636
0.164335
0.180241
0.146866
0.300105
0.198818
0.170499
0.102699
0.115199
0.133398
0.305508
0.073461
0.231013
0.101419
0.243902
0.239928
0.455461
0.230878
0.135082
0.023429
0.190671
0.157572
0.086026
0.349001
0.139559
0.106013
0.200378
0.193449
0.348623
0.189932
0.095233
0.065340
0.104948
0.060121
0.265872
0.067573
0.185794
0.211534
0.151862
0.210612
0.423054
0.179235
0.081641
0.161434
0.122105
0.190513
0.103162
0.391185
0.086567
0.150094
0.180627
0.230581
0.292268
0.170132
0.162269
0.066163
0.230434
0.109733
0.189277
0.170952
0.159694
0.363390
0.204561
0.088103
0.302373
0.122859
0.156886
0.263255
0.108283
0.118672
0.153150
0.348156
0.136887
0.129695
0.186862
0.206518
0.247893
0.144114
0.185156
0.117030
0.320910
0.175674
0.140258
0.171722
0.194302
0.460553
0.321329
0.118209
0.143660
0.123953
0.226240
0.273166
0.130217
0.043453
0.183412
0.148047
0.254666
0.114732
0.160479
0.192255
0.245278
0.057067
0.086587
0.169547
0.316004
0.240733
0.120890
0.120919
0.244446
0.443480
0.361175
0.213444
0.171215
0.220967
0.268199
0.220852
0.187764
0.159113
0.198481
0.079282
0.237813
0.254213
0.125420
0.250680
0.169143
0.103432
0.168420
0.136473
0.244846
0.195669
0.252634
0.120105
0.296225
0.310093
0.317500
0.218173
0.326032
0.314922
0.284647
0.163953
0.171676
0.324183
0.251619
0.173152
0.108804
0.279969
0.073744
0.314177
0.111393
0.205051
0.202750
0.040843
0.149562
0.152573
0.299178
0.166179
0.335740
0.182799
0.275015
0.243439
0.351074
0.311996
0.209766
0.185642
0.129366
0.372703
0.237961
0.232363
0.031397
0.178500
0.188625
0.357898
0.092947
0.273416
0.192180
0.171063
0.228259
0.230187
0.227488
0.155939
0.439789
0.091014
0.229590
0.256428
0.228876
0.137031
0.193227
0.159200
0.160982
0.321726
0.172483
0.201744
0.056610
0.076288
0.334946
0.279249
0.048333
0.297958
0.216019
0.220220
0.301511
0.315306
0.059059
0.045941
0.453836
0.026257
0.168270
0.229325
0.242628
0.109561
0.302227
0.096090
0.043291
0.153839
0.221661
0.177374
0.147061
0.120321
0.347410
0.187845
0.039912
0.401375
0.160662
0.165289
0.381496
0.287529
0.102197
0.079762
0.383347
0.065103
0.165163
0.164514
0.341273
0.234240
0.277075
0.041879
0.125054
0.082096
0.344283
0.129546
0.236662
0.245672
0.276648
0.191132
0.071703
0.373992
0.185213
0.238123
0.336987
0.205634
0.126815
0.183072
0.270215
0.146702
0.261571
0.109210
0.260552
0.202377
0.146731
0.073169
0.224002
0.240239
0.368392
0.129779
0.263959
0.265074
0.140572
0.208308
0.051206
0.260905
0.276365
0.415368
0.115822
0.142661
0.133168
0.194065
0.114274
0.210029
0.324018
0.076798
0.201531
0.188813
0.054753
0.188965
0.295867
0.248235
0.325088
0.119844
0.214131
0.177897
0.087784
0.224018
0.134649
0.109199
0.192606
0.490973
0.169308
0.092997
0.108086
0.168111
0.123904
0.222582
0.355810
0.127454
0.225350
0.151035
0.182209
0.178203
0.303850
0.246239
0.279395
0.158288
0.228477
0.108866
0.091896
0.145501
0.276541
0.127883
0.113966
0.398760
0.172183
0.081151
0.148961
0.197991
0.311130
0.220599
0.315708
0.221813
0.160262
0.046610
0.211996
0.158557
0.254959
0.277292
0.175285
0.232327
0.256475
0.100920
0.090337
0.041745
0.332980
0.306762
0.233156
0.212693
0.099646
0.235839
0.033913
0.116991
0.338017
0.215333
0.165246
0.192504
0.069339
0.118091
0.160386
0.153562
0.213806
0.331147
0.062148
0.260994
0.325992
0.087577
0.103937
0.166735
0.267453
0.339261
0.321434
0.124871
0.137406
0.243446
0.108236
0.117089
0.285329
0.127646
0.041270
0.086104
0.250118
0.071905
0.080359
0.091825
0.210267
0.449632
0.013840
0.264178
0.306276
0.117897
0.108799
0.233140
0.136212
0.262580
0.343268
0.120523
0.211442
0.198367
0.200691
0.078170
0.315351
0.111712
0.164458
0.088785
0.408205
0.029165
0.147787
0.104117
0.149337
0.502171
0.064804
0.185137
0.251493
0.069427
0.235427
0.253280
0.077298
0.218602
0.292787
0.166157
0.189598
0.188135
0.278215
0.070454
0.336769
0.108194
0.186034
0.134791
0.498054
0.072383
0.165311
0.172443
0.226317
0.303659
0.167289
0.103254
0.255094
0.142664
0.265906
0.292045
0.199859
0.125874
0.170919
0.199342
0.085536
0.086553
0.253811
0.092525
0.314806
0.193778
0.153829
0.130600
0.413557
0.021610
0.073459
0.180947
0.209861
0.054292
0.247766
0.129303
0.193473
0.245745
0.320662
0.273738
0.158336
0.156673
0.080625
0.289887
0.060244
0.085984
0.116036
0.058090
0.370562
0.358787
0.093326
0.025082
0.094657
0.064393
0.064771
0.109259
0.091330
0.133177
0.259764
0.212236
0.178662
0.205322
0.307984
0.122227
0.070934
0.163241
0.087871
0.296655
0.128155
0.260925
0.065895
0.081902
0.344547
0.463308
0.175788
0.101582
0.190847
0.139984
0.070670
0.058840
0.135166
0.287774
0.228357
0.273956
0.206125
0.176633
0.188145
0.064332
0.048315
0.129829
0.057316
0.310450
0.078819
0.296260
0.220357
0.117645
0.152592
0.428569
0.200560
0.162006
0.208009
0.188288
0.070882
0.244981
0.201732
0.445487
0.187091
0.234210
0.197538
0.150251
0.036044
0.162955
0.123801
0.208575
0.201636
0.241751
0.087243
0.228501
0.311045
0.135456
0.132533
0.243306
0.131765
0.190451
0.112609
0.226304
0.058930
0.313436
0.153901
0.454131
0.168577
0.164754
0.173572
0.081078
0.162694
0.157834
0.236131
0.327972
0.301184
0.097477
0.110515
0.141113
0.354850
0.168218
0.264904
0.252910
0.092609
0.100803
0.093720
0.287370
0.053835
0.213141
0.190464
0.373349
0.079864
0.139736
0.120994
0.253602
0.255077
0.092710
0.267503
0.296415
0.344352
0.096008
0.196293
0.059278
0.248764
0.106172
0.234229
0.285099
0.104239
0.087245
0.197511
0.248458
0.097499
0.009255
0.289050
0.235659
0.042547
0.159213
0.068768
0.432194
0.235443
0.080624
0.206611
0.116433
0.346208
0.186961
0.186452
0.138790
0.226175
0.037254
0.178875
0.299041
0.153645
0.189630
0.201108
0.124236
0.013707
0.205120
0.273015
0.114171
0.113054
0.167939
0.040478
0.454291
0.193533
0.132147
0.069337
0.020148
0.348191
0.243403
0.171435
0.229041
0.179844
0.093375
0.170047
0.406844
0.255066
0.238080
0.172340
0.182662
0.096724
0.278273
0.221442
0.057026
0.160086
0.178689
0.111480
0.403535
0.168208
0.081562
0.142485
0.120635
0.286079
0.236697
0.177955
0.225790
0.056353
0.159193
0.146696
0.490801
0.174359
0.251216
0.256962
0.274894
0.169066
0.174701
0.137515
0.133102
0.068986
0.079905
0.131538
0.317568
0.165559
0.087529
0.231580
0.150975
0.185774
0.214100
0.057098
0.300299
0.261469
0.210060
0.133294
0.458605
0.080515
0.217407
0.289394
0.254613
0.128218
0.083876
0.122514
0.221036
0.101657
0.094280
0.176851
0.235792
