# G_5, p = 0.2000 GPa (dir_2000.0_bar).
# D8R-only: 60 rings x 101 frames = 6060 samples.
# Column: per-D8R Delta [A]
0.538251
0.452575
0.357712
0.302212
0.492642
0.538254
0.452567
0.357773
0.302248
0.492633
0.538270
0.452575
0.357769
0.302250
0.492662
0.538300
0.452621
0.357737
0.302237
0.492673
0.538632
0.452020
0.357881
0.302331
0.492420
0.538598
0.451993
0.357936
0.302320
0.492370
0.538689
0.452077
0.357919
0.302350
0.492439
0.538699
0.452075
0.357927
0.302320
0.492391
0.538769
0.452414
0.357812
0.302270
0.492560
0.538744
0.452398
0.357806
0.302230
0.492541
0.538769
0.452528
0.357831
0.302231
0.492655
0.538816
0.452484
0.357777
0.302298
0.492577
0.500620
0.243878
0.301536
0.316390
0.465481
0.620528
0.503707
0.422423
0.296550
0.477050
0.662707
0.452331
0.426067
0.180023
0.384620
0.556778
0.436071
0.328430
0.242656
0.537289
0.603549
0.335190
0.357522
0.364798
0.509870
0.413890
0.357505
0.275950
0.272194
0.489544
0.529933
0.491253
0.257403
0.329928
0.593534
0.538929
0.414012
0.217156
0.393052
0.566347
0.457647
0.640259
0.478452
0.313113
0.566523
0.416981
0.493046
0.292924
0.291439
0.536038
0.562161
0.472191
0.483935
0.410322
0.448206
0.559977
0.382796
0.325491
0.290832
0.513730
0.357883
0.173973
0.354283
0.306800
0.421497
0.682077
0.505949
0.397562
0.238049
0.394991
0.815648
0.390101
0.441315
0.314381
0.355530
0.511700
0.457195
0.286711
0.186261
0.535920
0.604317
0.259751
0.383545
0.435794
0.571729
0.382365
0.356772
0.261098
0.257307
0.434024
0.453599
0.606794
0.187732
0.368488
0.617337
0.541547
0.553569
0.157465
0.468579
0.460631
0.452488
0.777528
0.541391
0.379603
0.710187
0.393388
0.479386
0.167654
0.243551
0.509919
0.574542
0.547089
0.490319
0.587672
0.432188
0.530640
0.271967
0.319944
0.261985
0.514330
0.220503
0.197033
0.552006
0.334170
0.382261
0.636450
0.424501
0.348317
0.283574
0.204990
0.861345
0.448797
0.438558
0.594929
0.447563
0.478588
0.471970
0.332243
0.140285
0.528498
0.598955
0.255184
0.373230
0.487809
0.583219
0.448144
0.393493
0.264510
0.314006
0.361580
0.379494
0.692278
0.229146
0.433360
0.632235
0.427266
0.781761
0.235337
0.456968
0.274589
0.455317
0.757969
0.501538
0.459223
0.761112
0.480315
0.484280
0.136822
0.236023
0.474906
0.469353
0.632568
0.355184
0.690340
0.450736
0.446955
0.229741
0.288167
0.211710
0.484250
0.244589
0.185866
0.703234
0.265904
0.280846
0.549105
0.388516
0.295713
0.190895
0.215328
0.804659
0.650246
0.491379
0.756095
0.508190
0.479934
0.441408
0.419553
0.164205
0.600442
0.637453
0.233347
0.336697
0.532066
0.488781
0.574894
0.475075
0.179909
0.441625
0.370665
0.255428
0.768791
0.268403
0.514412
0.642281
0.241720
0.927605
0.356429
0.370613
0.235732
0.423008
0.640740
0.491393
0.473347
0.848442
0.501939
0.548370
0.247253
0.264139
0.516938
0.370131
0.640342
0.251112
0.687151
0.479377
0.372934
0.219525
0.281746
0.207843
0.473404
0.376357
0.160159
0.746488
0.121171
0.181354
0.550529
0.318382
0.261456
0.210834
0.249904
0.811217
0.791253
0.604737
0.705198
0.534357
0.445885
0.385107
0.471273
0.262163
0.657685
0.654187
0.273468
0.355064
0.545561
0.469341
0.594347
0.565065
0.185274
0.567633
0.412463
0.278329
0.865691
0.282585
0.564139
0.607208
0.122878
0.815827
0.454549
0.305556
0.274753
0.400515
0.537854
0.578602
0.412416
0.948484
0.538015
0.614361
0.391627
0.333378
0.495772
0.323370
0.530107
0.247965
0.642993
0.448340
0.403870
0.275097
0.258882
0.225977
0.518534
0.398188
0.203019
0.736969
0.111625
0.214153
0.620934
0.224344
0.163238
0.258875
0.248765
0.912889
0.614303
0.667070
0.562186
0.526694
0.335507
0.449252
0.505960
0.224322
0.574098
0.607520
0.342532
0.399229
0.498040
0.562026
0.485159
0.712864
0.141297
0.534261
0.421542
0.408113
0.857506
0.332201
0.517639
0.502969
0.277160
0.630905
0.577095
0.288745
0.249956
0.430946
0.518873
0.663531
0.345522
0.983362
0.524485
0.604220
0.337499
0.394873
0.376668
0.320566
0.441749
0.274605
0.541940
0.360091
0.489234
0.303856
0.243863
0.288311
0.600190
0.319427
0.233600
0.792402
0.319321
0.357544
0.668712
0.272509
0.157307
0.249955
0.165303
0.948570
0.341148
0.776910
0.527071
0.563536
0.331945
0.526668
0.557304
0.278840
0.413954
0.626591
0.350515
0.421894
0.476394
0.585999
0.376809
0.655010
0.356683
0.366738
0.465141
0.446246
0.774430
0.371993
0.507867
0.462477
0.478199
0.477299
0.625596
0.280953
0.209999
0.423675
0.542079
0.682923
0.291163
0.902769
0.415535
0.546222
0.330521
0.407949
0.275171
0.268195
0.409794
0.338528
0.532397
0.240180
0.561941
0.341180
0.101967
0.280768
0.629630
0.206135
0.148528
0.757972
0.348145
0.496903
0.694457
0.350204
0.244053
0.178357
0.116805
0.894631
0.161496
0.839699
0.586678
0.647582
0.325629
0.513005
0.685501
0.372131
0.472189
0.684239
0.259997
0.398073
0.550682
0.461918
0.378691
0.404172
0.404072
0.275971
0.562781
0.421611
0.646639
0.313596
0.565208
0.527287
0.437260
0.389411
0.524317
0.351915
0.171995
0.361866
0.542208
0.662394
0.225423
0.762400
0.273152
0.493119
0.316028
0.349008
0.324269
0.211838
0.467560
0.394068
0.616078
0.125606
0.551860
0.386840
0.072263
0.205076
0.568810
0.191346
0.121641
0.755910
0.315638
0.415063
0.847898
0.418284
0.259777
0.230808
0.159448
0.877425
0.331069
0.796713
0.615064
0.741001
0.306639
0.410210
0.708026
0.290409
0.660495
0.685196
0.247217
0.428343
0.610611
0.332466
0.466375
0.226468
0.213219
0.250247
0.688866
0.394038
0.613627
0.384193
0.584939
0.588488
0.332191
0.326477
0.385766
0.222729
0.195357
0.344110
0.554468
0.660525
0.224678
0.779927
0.224495
0.433919
0.336976
0.287364
0.505026
0.207683
0.498031
0.366612
0.698702
0.055822
0.502729
0.376365
0.111185
0.135171
0.458882
0.270312
0.212398
0.717279
0.325044
0.337565
0.891963
0.418078
0.224500
0.146757
0.060987
0.831869
0.439999
0.611987
0.525735
0.741789
0.256365
0.303376
0.596047
0.216244
0.664604
0.648245
0.359423
0.492150
0.595632
0.294992
0.536889
0.249594
0.074998
0.242877
0.633152
0.411954
0.589251
0.476259
0.507491
0.559708
0.306026
0.276324
0.270493
0.138692
0.235939
0.362713
0.556115
0.616616
0.237902
0.787067
0.296625
0.451363
0.358771
0.310040
0.575429
0.147730
0.505319
0.416507
0.576633
0.118581
0.476480
0.295221
0.123666
0.156336
0.416819
0.378045
0.359949
0.698366
0.359137
0.349810
0.695000
0.364551
0.237293
0.072733
0.088963
0.628964
0.343424
0.474974
0.432751
0.662044
0.184801
0.362102
0.434429
0.304035
0.520123
0.637535
0.443118
0.484260
0.506824
0.330273
0.497986
0.353074
0.037498
0.150021
0.547418
0.355627
0.576311
0.460900
0.383871
0.466990
0.352356
0.225873
0.197560
0.103988
0.354719
0.341570
0.471174
0.526596
0.289402
0.732241
0.348115
0.476668
0.363357
0.395624
0.529437
0.151799
0.468091
0.458530
0.369558
0.219274
0.516652
0.210055
0.177473
0.195302
0.404492
0.414153
0.389045
0.554435
0.309765
0.427810
0.517912
0.155975
0.285033
0.127686
0.131433
0.385954
0.247346
0.450493
0.428443
0.492814
0.198254
0.438275
0.295185
0.377864
0.358629
0.678813
0.413095
0.357958
0.420967
0.319014
0.370791
0.355633
0.098786
0.078203
0.573645
0.314089
0.528355
0.313014
0.317359
0.394888
0.296600
0.206331
0.222932
0.145644
0.299384
0.241156
0.375234
0.391149
0.247630
0.573307
0.334835
0.456383
0.407566
0.454238
0.394496
0.208011
0.479557
0.510373
0.300576
0.250156
0.537710
0.147474
0.216785
0.210145
0.403073
0.407422
0.322867
0.385445
0.270404
0.484750
0.529956
0.185652
0.379844
0.233652
0.148172
0.297195
0.244689
0.443956
0.468080
0.376288
0.211575
0.429664
0.188963
0.448197
0.284525
0.650351
0.312778
0.283169
0.364470
0.322861
0.272294
0.304345
0.201918
0.056158
0.688107
0.259525
0.385107
0.203327
0.299125
0.454789
0.227360
0.274360
0.169250
0.216871
0.160956
0.219845
0.381688
0.337631
0.243900
0.450394
0.312258
0.413202
0.374714
0.371873
0.344285
0.230387
0.360682
0.580453
0.341350
0.181448
0.506800
0.049183
0.289277
0.202180
0.385153
0.428974
0.258441
0.272012
0.318144
0.580632
0.561616
0.343127
0.383778
0.282516
0.204440
0.277387
0.259962
0.367795
0.403940
0.369890
0.183034
0.382204
0.121977
0.472578
0.249214
0.545113
0.236158
0.358122
0.331824
0.385703
0.250244
0.312184
0.151966
0.071131
0.642440
0.118147
0.179760
0.248931
0.321161
0.607197
0.262810
0.293939
0.139383
0.190160
0.097653
0.152308
0.512910
0.312292
0.300040
0.385098
0.248266
0.363392
0.264752
0.263319
0.319854
0.289619
0.323993
0.557989
0.315842
0.193317
0.468864
0.088980
0.354782
0.212951
0.391216
0.462904
0.276106
0.357411
0.368920
0.605036
0.470128
0.413671
0.354263
0.294756
0.176522
0.238184
0.292260
0.192485
0.215303
0.279479
0.061370
0.325156
0.115007
0.461536
0.254830
0.457780
0.245896
0.415266
0.250989
0.377636
0.250683
0.324741
0.131905
0.022416
0.521323
0.014922
0.155258
0.267048
0.404082
0.690286
0.301158
0.358442
0.166761
0.269642
0.259803
0.120798
0.526124
0.227093
0.449459
0.278890
0.113389
0.339573
0.296750
0.152612
0.318483
0.269030
0.389926
0.509806
0.369263
0.278516
0.520558
0.102416
0.386209
0.260719
0.400457
0.547362
0.306597
0.191341
0.345740
0.531835
0.286321
0.391623
0.285918
0.315010
0.170345
0.178497
0.293811
0.060569
0.128197
0.142388
0.034629
0.323037
0.090251
0.422733
0.274108
0.452875
0.340041
0.309036
0.130587
0.346776
0.247567
0.316743
0.072790
0.051079
0.479203
0.073168
0.280344
0.235223
0.414985
0.486092
0.288263
0.336910
0.143909
0.296598
0.375533
0.197026
0.460191
0.099910
0.481602
0.225414
0.206915
0.329143
0.357016
0.151493
0.348706
0.227506
0.293242
0.515325
0.287353
0.321210
0.525288
0.052389
0.396580
0.176369
0.352313
0.561283
0.324714
0.169040
0.257628
0.339327
0.257887
0.275984
0.304803
0.422233
0.182845
0.157207
0.305770
0.014584
0.096858
0.071045
0.088933
0.367014
0.159020
0.395222
0.268787
0.466465
0.374881
0.193594
0.039751
0.291000
0.220088
0.370617
0.086689
0.241550
0.492246
0.163263
0.381495
0.235792
0.346072
0.237794
0.249853
0.266689
0.287273
0.263968
0.352483
0.337998
0.372566
0.105914
0.395613
0.172508
0.394652
0.299476
0.331123
0.090237
0.303407
0.162249
0.078533
0.413734
0.260157
0.362668
0.500771
0.032136
0.335681
0.008463
0.319312
0.524635
0.402050
0.200882
0.210368
0.281765
0.258517
0.213335
0.321542
0.542662
0.217652
0.224894
0.278519
0.124035
0.077134
0.090090
0.133045
0.385773
0.217501
0.348544
0.195305
0.528519
0.369427
0.182290
0.054571
0.286868
0.260788
0.412400
0.221181
0.300051
0.428860
0.199476
0.306839
0.291825
0.290769
0.141600
0.237434
0.330140
0.461621
0.226231
0.473479
0.375665
0.299433
0.123296
0.306522
0.246390
0.523721
0.228914
0.175963
0.158579
0.153567
0.204839
0.245310
0.270112
0.152579
0.486758
0.415637
0.062151
0.233607
0.033199
0.272166
0.380332
0.446043
0.250418
0.187419
0.359477
0.217260
0.274190
0.306223
0.457426
0.237214
0.310110
0.226134
0.236881
0.238237
0.066498
0.178507
0.311187
0.194440
0.224634
0.149547
0.529693
0.287126
0.245974
0.142453
0.229912
0.315325
0.355575
0.285023
0.206404
0.383361
0.095137
0.179009
0.291212
0.233399
0.180438
0.233655
0.320452
0.561062
0.264459
0.410643
0.290577
0.226562
0.105504
0.213874
0.319747
0.448044
0.125791
0.115740
0.206497
0.085142
0.177390
0.354681
0.190913
0.120934
0.592437
0.350837
0.031263
0.176937
0.105918
0.171782
0.335829
0.416344
0.233637
0.157401
0.411837
0.220257
0.315033
0.236999
0.363765
0.217408
0.232075
0.279676
0.258577
0.352675
0.051446
0.206311
0.180833
0.166791
0.171620
0.194286
0.444112
0.209679
0.271641
0.214619
0.151791
0.344656
0.205952
0.266700
0.079396
0.342580
0.126850
0.095223
0.313345
0.120079
0.187757
0.185567
0.220265
0.453277
0.327563
0.359232
0.246520
0.228608
0.116767
0.094831
0.285579
0.344652
0.079242
0.150992
0.170119
0.071452
0.122600
0.401477
0.211466
0.129124
0.554635
0.313601
0.147616
0.210983
0.158342
0.101115
0.289969
0.241698
0.186313
0.101375
0.261700
0.185018
0.266039
0.138245
0.364767
0.300104
0.100056
0.290099
0.239077
0.269425
0.104101
0.157466
0.090609
0.072648
0.136684
0.221365
0.330154
0.110968
0.250337
0.231274
0.118004
0.356882
0.156972
0.267860
0.229304
0.223055
0.257303
0.182059
0.309331
0.024506
0.181643
0.181213
0.154061
0.387217
0.350476
0.353888
0.353732
0.278315
0.219299
0.049644
0.196266
0.222200
0.114120
0.222657
0.092719
0.091037
0.181915
0.332541
0.156352
0.050907
0.352692
0.363917
0.197452
0.233448
0.227910
0.136040
0.275772
0.157864
0.390200
0.028613
0.065683
0.102840
0.367304
0.071213
0.281790
0.254341
0.123727
0.301934
0.248299
0.125109
0.114657
0.040464
0.110983
0.102002
0.111553
0.145367
0.283891
0.128825
0.166347
0.257084
0.231036
0.350989
0.247875
0.261777
0.203937
0.096835
0.386372
0.291635
0.236575
0.028097
0.257261
0.186672
0.141498
0.426736
0.228085
0.328083
0.431325
0.189590
0.332329
0.026727
0.215360
0.220143
0.128244
0.221265
0.041211
0.116506
0.296456
0.208610
0.175578
0.108062
0.246559
0.465149
0.210528
0.189796
0.404417
0.169730
0.240028
0.141845
0.600680
0.013296
0.108643
0.118238
0.296106
0.087077
0.221781
0.068222
0.298157
0.225845
0.191575
0.119960
0.189129
0.216318
0.140255
0.171290
0.273676
0.082446
0.284307
0.216993
0.059155
0.239253
0.321406
0.263434
0.366298
0.159368
0.151844
0.114456
0.385011
0.339893
0.149868
0.056626
0.308666
0.139276
0.143858
0.392340
0.172856
0.210240
0.427105
0.253366
0.399257
0.069953
0.176670
0.220519
0.167370
0.170665
0.073695
0.039173
0.366019
0.195257
0.237420
0.097862
0.151073
0.389258
0.229911
0.073123
0.478805
0.169352
0.230609
0.161561
0.628102
0.087666
0.240836
0.174274
0.222467
0.173973
0.168876
0.080869
0.353539
0.105299
0.131354
0.172249
0.199626
0.324316
0.156089
0.162946
0.326792
0.093695
0.248554
0.257790
0.085685
0.240703
0.297607
0.216379
0.389585
0.181555
0.110095
0.186621
0.312949
0.337012
0.174533
0.049020
0.251531
0.224586
0.144001
0.184682
0.145581
0.160191
0.388506
0.167747
0.348044
0.180505
0.203147
0.230534
0.171225
0.075739
0.054273
0.227862
0.279124
0.212912
0.222122
0.054026
0.245847
0.182602
0.256440
0.027323
0.383587
0.047821
0.197317
0.123950
0.485742
0.073417
0.283483
0.128444
0.153282
0.205615
0.115075
0.231513
0.197156
0.096173
0.263095
0.221155
0.096581
0.359819
0.204826
0.097434
0.393876
0.059433
0.187673
0.128423
0.214885
0.294507
0.132582
0.219956
0.372824
0.111228
0.034795
0.325934
0.245751
0.368297
0.279803
0.040398
0.209251
0.304849
0.056331
0.118288
0.210095
0.223253
0.333278
0.056154
0.189818
0.174592
0.174712
0.119976
0.109382
0.025362
0.103793
0.203117
0.237661
0.115487
0.138571
0.087962
0.307013
0.249639
0.237365
0.090114
0.261794
0.199265
0.140117
0.138530
0.352954
0.191921
0.228515
0.098297
0.025028
0.193908
0.033934
0.331749
0.085778
0.202931
0.369913
0.112797
0.123373
0.358474
0.222565
0.093703
0.256299
0.064757
0.209237
0.062873
0.300008
0.349876
0.040870
0.236898
0.327451
0.063293
0.127998
0.431785
0.207893
0.298836
0.317849
0.111709
0.188787
0.260707
0.228538
0.122974
0.293497
0.246696
0.217167
0.093386
0.066984
0.228130
0.115804
0.107040
0.124429
0.143848
0.066312
0.167015
0.270675
0.091048
0.132107
0.124270
0.234716
0.152759
0.263393
0.175848
0.255606
0.245838
0.095837
0.191145
0.308995
0.376321
0.241130
0.180975
0.161142
0.083528
0.133284
0.222658
0.059763
0.296600
0.297560
0.145053
0.100710
0.304083
0.266780
0.142182
0.239475
0.197933
0.190500
0.145948
0.313513
0.353407
0.144466
0.189107
0.283362
0.014362
0.251210
0.504891
0.129800
0.212920
0.296404
0.085830
0.158935
0.169810
0.291531
0.014804
0.392776
0.096255
0.099041
0.161425
0.055094
0.307312
0.111738
0.179170
0.145104
0.187806
0.079692
0.242306
0.247509
0.131119
0.236878
0.169585
0.316268
0.124933
0.341488
0.214421
0.314165
0.209862
0.131826
0.272621
0.254582
0.381461
0.302961
0.148109
0.168392
0.017837
0.193057
0.179576
0.165123
0.421683
0.217856
0.100224
0.133710
0.275015
0.332506
0.141873
0.320138
0.170336
0.232977
0.106868
0.332495
0.319560
0.139935
0.189377
0.216849
0.049708
0.188550
0.563185
0.094711
0.164564
0.269854
0.028010
0.245711
0.181002
0.241559
0.152195
0.450114
0.062632
0.082130
0.172785
0.044579
0.302187
0.036841
0.242757
0.172108
0.172093
0.036523
0.246737
0.259895
0.112766
0.189666
0.254206
0.409253
0.158302
0.331510
0.152208
0.239513
0.221989
0.231216
0.218006
0.164993
0.310119
0.326301
0.152582
0.168562
0.043165
0.135968
0.255261
0.197859
0.408586
0.122541
0.080341
0.252994
0.274875
0.340103
0.174078
0.340818
0.117449
0.292835
0.113701
0.356319
0.314435
0.062225
0.134304
0.198721
0.108739
0.126349
0.553218
0.101239
0.264080
0.315658
0.058963
0.281396
0.135994
0.186180
0.194871
0.429196
0.053599
0.073469
0.184120
0.150582
0.241406
0.172090
0.155692
0.131550
0.168665
0.055638
0.218629
0.285273
0.116316
0.265077
0.327124
0.463686
0.212576
0.220778
0.206765
0.166026
0.249974
0.220105
0.170885
0.149418
0.356380
0.330429
0.285639
0.201873
0.093122
0.249292
0.170989
0.075871
0.354582
0.018536
0.210104
0.190366
0.285569
0.259616
0.216161
0.194353
0.148185
0.295667
0.202765
0.462204
0.272836
0.170887
0.060386
0.303602
0.102879
0.211570
0.499419
0.073123
0.395160
0.456920
0.113518
0.383174
0.020532
0.230338
0.203042
0.391202
0.093640
0.138707
0.259244
0.226040
0.254526
0.229256
0.097430
0.135591
0.232075
0.029771
0.297036
0.128953
0.184297
0.371053
0.322230
0.356929
0.295113
0.213192
0.198002
0.074202
0.260958
0.250871
0.211770
0.221326
0.279148
0.354187
0.376929
0.160015
0.147183
0.433389
0.178731
0.038872
0.272405
0.122999
0.176326
0.143339
0.235943
0.223323
0.223921
0.082201
0.075639
0.383854
0.344496
0.522987
0.248751
0.273106
0.061625
0.312603
0.117345
0.209274
0.480444
0.081481
0.404308
0.543894
0.136208
0.452214
0.225439
0.298979
0.342075
0.294698
0.169044
0.259083
0.325185
0.334084
0.203808
0.177935
0.089115
0.168765
0.297327
0.075985
0.302647
0.083799
0.197928
0.471639
0.380659
0.220133
0.281566
0.315838
0.275000
0.142539
0.284938
0.175614
0.306790
0.194894
0.287191
0.332964
0.299207
0.142077
0.110270
0.506237
0.179606
0.023245
0.254747
0.172396
0.213115
0.083519
0.186355
0.285675
0.128056
0.066850
0.088885
0.587188
0.348635
0.435965
0.157525
0.382047
0.168588
0.102298
0.105204
0.107591
0.526729
0.142316
0.308789
0.484436
0.097958
0.381546
0.301332
0.353882
0.594416
0.159650
0.105835
0.346047
0.333999
0.280831
0.250733
0.332058
0.059925
0.267324
0.383119
0.134091
0.128344
0.176865
0.145622
0.513158
0.487384
0.137265
0.309258
0.378349
0.284931
0.327271
0.319180
0.218519
0.322245
0.150601
0.379059
0.229288
0.235905
0.216650
0.065569
0.455970
0.175532
0.015979
0.287720
0.104455
0.375713
0.229188
0.179984
0.379884
0.088382
0.130258
0.163452
0.622342
0.270236
0.333503
0.138550
0.458585
0.292655
0.144726
0.107049
0.145001
0.580812
0.126090
0.292996
0.427038
0.002890
0.219334
0.156343
0.262413
0.582243
0.088910
0.139571
0.364401
0.348178
0.149528
0.226217
0.504127
0.174014
0.338687
0.395616
0.190499
0.279466
0.219264
0.158719
0.457703
0.490784
0.238445
0.312352
0.294899
0.280282
0.361071
0.299679
0.269093
0.293058
0.092914
0.462375
0.114270
0.313969
0.379002
0.102712
0.415824
0.143931
0.142874
0.302328
0.099728
0.484158
0.248755
0.294992
0.345896
0.017346
0.172515
0.279385
0.560754
0.216638
0.344659
0.124148
0.353086
0.357181
0.164972
0.149435
0.159259
0.538937
0.135464
0.306344
0.391365
0.167790
0.189931
0.190550
0.201069
0.386332
0.073955
0.271643
0.529206
0.373828
0.126358
0.117360
0.607707
0.228889
0.371652
0.426165
0.275113
0.291722
0.361496
0.303042
0.426768
0.299723
0.283867
0.346444
0.191641
0.283895
0.378421
0.252025
0.386013
0.300784
0.065342
0.519784
0.186739
0.460424
0.473607
0.186778
0.439947
0.189588
0.170255
0.198420
0.098607
0.389673
0.102171
0.383701
0.195535
0.110992
0.185896
0.401045
0.511714
0.169354
0.340563
0.138159
0.310211
0.364425
0.171137
0.208897
0.119032
0.406373
0.110874
0.320700
0.404160
0.194113
0.287036
0.184344
0.179501
0.371904
0.152291
0.243259
0.701020
0.397634
0.111229
0.039547
0.629341
0.253670
0.352197
0.330241
0.300035
0.140143
0.421282
0.292691
0.462367
0.284889
0.260374
0.509691
0.121202
0.263547
0.426363
0.249543
0.365869
0.363898
0.067194
0.463515
0.236590
0.571470
0.500491
0.220265
0.510936
0.208429
0.229724
0.234096
0.119389
0.212591
0.057502
0.353713
0.086797
0.173616
0.178078
0.307172
0.528623
0.176753
0.273277
0.133026
0.221617
0.330003
0.249413
0.280239
0.083840
0.333366
0.121407
0.223107
0.397866
0.137140
0.388161
0.314137
0.123709
0.569724
0.294050
0.137164
0.803240
0.383358
0.153992
0.034006
0.708060
0.254550
0.243871
0.197447
0.172865
0.146467
0.465470
0.281332
0.451118
0.191555
0.242102
0.677861
0.147759
0.200859
0.485878
0.296598
0.279372
0.413804
0.052311
0.379210
0.251638
0.640159
0.598082
0.198279
0.411352
0.251650
0.290596
0.294711
0.220018
0.214216
0.158224
0.273901
0.139329
0.046284
0.215400
0.227097
0.554105
0.270056
0.183569
0.064835
0.326304
0.430887
0.250271
0.356266
0.154616
0.294637
0.260164
0.256070
0.350171
0.235386
0.364531
0.247919
0.188310
0.632406
0.397165
0.114260
0.841617
0.388230
0.129392
0.062873
0.764798
0.260920
0.099211
0.105710
0.212144
0.159816
0.607014
0.256247
0.318954
0.096971
0.220022
0.673665
0.307509
0.197562
0.394475
0.314097
0.279481
0.481370
0.064347
0.241168
0.340980
0.649429
0.694618
0.244709
0.242364
0.296470
0.475978
0.266325
0.390533
0.275581
0.288504
0.299194
0.233076
0.132294
0.168198
0.282111
0.591411
0.358216
0.105488
0.043301
0.334720
0.628722
0.233631
0.322609
0.259838
0.290544
0.329155
0.298838
0.276939
0.458019
0.360596
0.263430
0.309579
0.510769
0.318829
0.105614
0.810920
0.375812
0.080327
0.202226
0.716400
0.285917
0.111502
0.131353
0.117754
0.130982
0.623064
0.190248
0.227014
0.076449
0.105890
0.610060
0.407172
0.048486
0.356274
0.227512
0.392590
0.502774
0.137827
0.200342
0.481331
0.603461
0.766102
0.242000
0.176322
0.254552
0.564901
0.194469
0.500379
0.204399
0.223249
0.380283
0.224392
0.106448
0.180107
0.397572
0.593017
0.417337
0.064112
0.051437
0.252269
0.858503
0.335103
0.147177
0.363404
0.269387
0.341839
0.186178
0.178940
0.528679
0.395495
0.234524
0.423717
0.478309
0.122123
0.103483
0.715805
0.420434
0.111070
0.286577
0.625087
0.376096
0.196713
0.224293
0.042867
0.115036
0.510050
0.239273
0.253191
0.093857
0.029584
0.625197
0.470973
0.056273
0.385079
0.229013
0.470832
0.448404
0.228507
0.081568
0.474866
0.542132
0.703170
0.222507
0.203004
0.222021
0.539344
0.181234
0.458567
0.074237
0.144967
0.553822
0.134838
0.069277
0.232749
0.447458
0.580718
0.495020
0.113266
0.122074
0.142655
0.969503
0.413481
0.110769
0.389517
0.159232
0.373066
0.061093
0.142913
0.487789
0.451158
0.275327
0.565256
0.498104
0.142029
0.115902
0.613338
0.378149
0.208281
0.318193
0.641562
0.520376
0.306631
0.249161
0.058067
0.240511
0.417331
0.245135
0.291377
0.147653
0.015572
0.689948
0.602702
0.136490
0.451700
0.329207
0.504173
0.381931
0.258956
0.032212
0.331179
0.547373
0.558310
0.213379
0.165508
0.240143
0.457531
0.274486
0.427906
0.185116
0.188704
0.709647
0.103794
0.092080
0.224907
0.372734
0.581481
0.515932
0.209582
0.149220
0.214484
0.966758
0.491879
0.098403
0.360355
0.152554
0.499419
0.155968
0.078093
0.439999
0.496178
0.429433
0.680109
0.424680
0.196708
0.102794
0.540166
0.275376
0.281406
0.288840
0.645960
0.660554
0.401053
0.150778
0.171025
0.455093
0.422393
0.231583
0.277602
0.185802
0.059743
0.632261
0.744898
0.215283
0.467514
0.365848
0.534532
0.412488
0.143275
0.020204
0.315547
0.574276
0.456979
0.236443
0.170892
0.387795
0.369719
0.311749
0.446849
0.240001
0.295948
0.714475
0.196260
0.187495
0.145376
0.540753
0.681178
0.491240
0.238085
0.116116
0.311689
0.917473
0.601969
0.095166
0.307926
0.254503
0.651217
0.248990
0.178175
0.465980
0.507962
0.494258
0.651820
0.318840
0.131816
0.051027
0.490405
0.355698
0.288971
0.319376
0.597552
0.685423
0.505531
0.125291
0.270568
0.639575
0.469787
0.253271
0.246707
0.204984
0.061156
0.584725
0.792177
0.295446
0.403752
0.302470
0.547656
0.591178
0.195816
0.088863
0.434211
0.653728
0.462378
0.263787
0.135583
0.575897
0.423668
0.307356
0.448245
0.275308
0.465726
0.607778
0.362269
0.244706
0.088491
0.584417
0.667691
0.472589
0.163483
0.210871
0.414971
0.935476
0.701669
0.135382
0.184196
0.332859
0.698804
0.181778
0.216283
0.420775
0.427169
0.485959
0.455771
0.397774
0.318105
0.125272
0.392558
0.366523
0.251089
0.384006
0.512333
0.660814
0.606725
0.072739
0.316993
0.682090
0.459835
0.204799
0.313209
0.127898
0.009888
0.632440
0.800546
0.320078
0.331028
0.294656
0.535815
0.662901
0.167986
0.175692
0.460370
0.683611
0.470834
0.208724
0.129604
0.663486
0.598696
0.348077
0.375190
0.304443
0.654471
0.529744
0.427495
0.328546
0.156309
0.508439
0.621807
0.398440
0.119527
0.327964
0.461343
0.934690
0.697866
0.165245
0.103487
0.322153
0.584963
0.128305
0.263245
0.322105
0.345298
0.450928
0.327780
0.356306
0.317068
0.239780
0.354068
0.387880
0.286496
0.414183
0.517164
0.602509
0.604278
0.289494
0.407318
0.756384
0.492536
0.204154
0.335098
0.072710
0.101430
0.708622
0.730891
0.305801
0.282357
0.368325
0.499755
0.624851
0.368548
0.229070
0.427238
0.700423
0.409836
0.225467
0.223117
0.670742
0.740366
0.438713
0.325251
0.325522
0.724197
0.525827
0.488246
0.535353
0.082863
0.522198
0.506669
0.277529
0.130698
0.348708
0.456112
0.901926
0.689242
0.161734
0.156361
0.400276
0.508746
0.255293
0.267535
0.208760
0.351744
0.437361
0.349697
0.210544
0.282826
0.413398
0.440006
0.386758
0.313345
0.393769
0.459142
0.667946
0.622153
0.450955
0.407982
0.841225
0.567436
0.290361
0.271534
0.068151
0.169697
0.705804
0.709971
0.274822
0.095471
0.392026
0.523624
0.586208
0.356740
0.147764
0.476471
0.594174
0.296139
0.339575
0.264115
0.666696
0.708510
0.492959
0.384376
0.245147
0.643020
0.513108
0.557089
0.705549
0.037648
0.668133
0.446762
0.236950
0.142758
0.249936
0.427425
0.758852
0.773838
0.065466
0.313064
0.583220
0.480600
0.390279
0.139944
0.186516
0.419345
0.386374
0.389950
0.122942
0.451876
0.517010
0.560665
0.369213
0.267519
0.338666
0.383505
0.658578
0.648183
0.478291
0.306719
0.801300
0.577296
0.224666
0.171622
0.121621
0.137073
0.698661
0.665677
0.233001
0.070748
0.302649
0.596257
0.562630
0.273013
0.108432
0.587639
0.586763
0.214128
0.461473
0.359925
0.717498
0.672602
0.424342
0.404420
0.236655
0.566496
0.468661
0.630249
0.722975
0.056592
0.679944
0.488782
0.252368
0.174473
0.230649
0.430458
0.597773
0.899171
0.204883
0.347078
0.692242
0.425986
0.479618
0.082419
0.170334
0.394899
0.396554
0.241763
0.059747
0.629797
0.495971
0.504626
0.323179
0.244193
0.314191
0.350096
0.667342
0.595587
0.379249
0.198440
0.678848
0.480724
0.126053
0.155312
0.104278
0.082824
0.653894
0.626349
0.304614
0.153167
0.297971
0.621069
0.417989
0.307133
0.341298
0.529136
0.673828
0.170566
0.426847
0.450596
0.754191
0.675728
0.375551
0.336587
0.292658
0.529786
0.457596
0.589793
0.616958
0.101500
0.571811
0.394347
0.260393
0.272327
0.246234
0.465287
0.449735
0.944579
0.235454
0.279738
0.707239
0.374275
0.569572
0.170238
0.164251
0.313179
0.450099
0.223982
0.056617
0.537410
0.492706
0.364904
0.365086
0.301038
0.243592
0.278500
0.666606
0.484103
0.231627
0.222015
0.621206
0.417809
0.080082
0.114806
0.132478
0.333983
0.438614
0.613895
0.450852
0.163612
0.372535
0.584261
0.225675
0.406471
0.354306
0.455753
0.747921
0.131714
0.294242
0.489914
0.698069
0.674928
0.412554
0.210967
0.342908
0.464008
0.491449
0.514270
0.622456
0.009960
0.541120
0.289928
0.217749
0.303654
0.232829
0.507626
0.354615
0.912029
0.329311
0.265779
0.683623
0.401821
0.651638
0.190800
0.178875
0.264984
0.462585
0.192244
0.101644
0.353102
0.604416
0.348231
0.459497
0.347144
0.222555
0.296815
0.726757
0.399200
0.202663
0.313292
0.716274
0.564628
0.135242
0.034730
0.080384
0.495001
0.249860
0.691218
0.614893
0.306981
0.360500
0.511370
0.186874
0.444478
0.268529
0.503891
0.696365
0.055411
0.273174
0.464080
0.605421
0.613601
0.414871
0.137178
0.330680
0.393472
0.512339
0.458618
0.715805
0.101117
0.500304
0.295727
0.183996
0.267249
0.205541
0.492374
0.328389
0.821826
0.407485
0.359760
0.689281
0.463061
0.612615
0.258941
0.174472
0.205134
0.428976
0.262151
0.091388
0.368003
0.706508
0.430662
0.547039
0.415442
0.148780
0.357446
0.658903
0.336426
0.321879
0.303039
0.796890
0.718948
0.241282
0.012319
0.168535
0.539291
0.214473
0.693868
0.721347
0.412158
0.242483
0.372926
0.207797
0.470931
0.340773
0.579532
0.658790
0.043580
0.294094
0.459675
0.634230
0.580523
0.376956
0.065238
0.371462
0.295869
0.520329
0.496175
0.748342
0.106720
0.369377
0.209325
0.210948
0.286658
0.131918
0.523985
0.370118
0.718367
0.427413
0.499385
0.645583
0.512284
0.561777
0.283111
0.197211
0.185669
0.509830
0.259543
0.093805
0.389137
0.732495
0.488880
0.603171
0.444976
0.045851
0.226576
0.569170
0.239202
0.458196
0.211330
0.654506
0.693360
0.375375
0.044134
0.169958
0.584778
0.189631
0.623232
0.761764
0.424504
0.207538
0.253493
0.198916
0.524850
0.457669
0.517388
0.659053
0.130830
0.337794
0.447041
0.683632
0.540403
0.354731
0.063049
0.440611
0.309237
0.641959
0.555484
0.750364
0.333122
0.331030
0.165503
0.251624
0.342702
0.143461
0.490448
0.360300
0.619996
0.429848
0.622907
0.525907
0.419941
0.471902
0.355737
0.237549
0.218093
0.684317
0.365548
0.092916
0.249636
0.787302
0.393959
0.575888
0.492328
0.144500
0.197367
0.524623
0.190501
0.406808
0.185435
0.534873
0.503370
0.435940
0.079878
0.046286
0.625669
0.223855
0.445209
0.803317
0.390131
0.380425
0.159118
0.193995
0.549102
0.489275
0.408067
0.678552
0.126295
0.377477
0.337839
0.674241
0.444767
0.369172
0.090882
0.466840
0.247569
0.742855
0.495491
0.721614
0.507968
0.422286
0.218580
0.260908
0.364614
0.155891
0.414645
0.269283
0.559783
0.419816
0.703201
0.497659
0.380836
0.414158
0.395531
0.099744
0.367856
0.770222
0.589404
0.195720
0.160198
0.872005
0.353965
0.552126
0.453441
0.151442
0.210687
0.563807
0.196614
0.239271
0.263140
0.445505
0.438272
0.437751
0.138613
0.179885
0.792463
0.167487
0.299803
0.943340
0.390302
0.459500
0.205764
0.235176
0.500269
0.512856
0.358142
0.648428
0.170101
0.369989
0.206866
0.564015
0.337505
0.425274
0.191348
0.324406
0.220300
0.624915
0.424765
0.608852
0.502032
0.395650
0.226662
0.348812
0.356024
0.143497
0.362019
0.170074
0.413680
0.404676
0.679500
0.536355
0.433216
0.388019
0.325517
0.024898
0.416308
0.720115
0.762487
0.363398
0.180266
0.734074
0.474779
0.525136
0.433158
0.075345
0.115460
0.614394
0.251741
0.135666
0.407762
0.346175
0.461459
0.489079
0.122082
0.336318
0.931349
0.134296
0.211381
0.978773
0.484265
0.459855
0.331141
0.305829
0.449771
0.602140
0.353552
0.589216
0.250600
0.371257
0.131282
0.508229
0.285557
0.427291
0.164679
0.214618
0.299720
0.404626
0.388612
0.471494
0.546137
0.259767
0.125500
0.509714
0.354001
0.133267
0.419420
0.273279
0.295393
0.463697
0.562490
0.592966
0.510862
0.402796
0.296111
0.128002
0.453584
0.739834
0.868696
0.405804
0.237499
0.420599
0.555649
0.497613
0.377709
0.112142
0.150890
0.673418
0.198766
0.103671
0.415613
0.274022
0.495775
0.490236
0.150078
0.352097
0.984042
0.165025
0.133739
0.812687
0.607686
0.481377
0.392836
0.403781
0.370046
0.559835
0.255334
0.464082
0.388914
0.391192
0.128079
0.583430
0.274888
0.315283
0.189475
0.215466
0.322208
0.397887
0.401100
0.445349
0.693362
0.237345
0.125404
0.553550
0.311257
0.249819
0.445155
0.254990
0.272130
0.515729
0.454416
0.572626
0.496510
0.436404
0.359979
0.237655
0.518675
0.790634
0.926116
0.393559
0.239197
0.291670
0.494706
0.435723
0.274578
0.142338
0.233675
0.672664
0.116148
0.121163
0.321092
0.257593
0.378976
0.537597
0.268894
0.375017
0.930260
0.281657
0.111306
0.545741
0.653528
0.559708
0.343408
0.440946
0.256652
0.310160
0.288868
0.347040
0.487669
0.387375
0.118427
0.575907
0.240193
0.217146
0.115102
0.317728
0.358436
0.538684
0.300679
0.474250
0.722218
0.229676
0.180301
0.500908
0.205228
0.388110
0.415785
0.241684
0.274277
0.559934
0.426324
0.425607
0.510157
0.422886
0.442503
0.265273
0.532989
0.674586
0.851806
0.334672
0.273376
0.443387
0.469618
0.316545
0.188306
0.177022
0.325935
0.613254
0.112180
0.174861
0.220184
0.220134
0.247642
0.582625
0.244043
0.470180
0.813486
0.393744
0.129400
0.352479
0.552110
0.557469
0.362866
0.384703
0.145939
0.106634
0.234532
0.352180
0.491081
0.364094
0.166270
0.435158
0.188403
0.194578
0.118939
0.404608
0.414949
0.536979
0.218958
0.423116
0.509136
0.191312
0.126445
0.437143
0.248691
0.453594
0.360861
0.228110
0.212791
0.576350
0.475577
0.293978
0.543544
0.372394
0.461707
0.218764
0.433326
0.554110
0.699240
0.336454
0.307287
0.584430
0.571719
0.269656
0.231352
0.092324
0.451447
0.428510
0.220911
0.271581
0.175214
0.156561
0.129844
0.630310
0.220997
0.567835
0.664106
0.404096
0.071722
0.283280
0.439872
0.475930
0.340735
0.422539
0.094805
0.090457
0.249210
0.296146
0.424627
0.355465
0.176668
0.241341
0.176118
0.251180
0.139642
0.368577
0.474898
0.413540
0.297456
0.204663
0.364008
0.156327
0.235964
0.411791
0.280372
0.499230
0.312688
0.211285
0.101755
0.630612
0.409819
0.167444
0.590098
0.337119
0.443079
0.154278
0.331757
0.528555
0.603395
0.345233
0.390848
0.561219
0.622975
0.302469
0.230782
0.090542
0.607363
0.212828
0.325791
0.311631
0.187458
0.122145
0.175595
0.708695
0.245837
0.559177
0.592008
0.380931
0.075965
0.337492
0.387145
0.486320
0.395902
0.350867
0.116151
0.090114
0.326864
0.137420
0.391614
0.362645
0.174270
0.235062
0.170629
0.298242
0.234595
0.262936
0.452439
0.306333
0.382539
0.049220
0.365714
0.130899
0.302001
0.392050
0.370514
0.448505
0.294514
0.061427
0.185723
0.660336
0.226284
0.119783
0.591754
0.348968
0.476199
0.165177
0.306625
0.578257
0.533810
0.358108
0.416273
0.482657
0.542628
0.290586
0.236424
0.194601
0.576421
0.171778
0.342338
0.233183
0.200050
0.083685
0.066271
0.776683
0.203010
0.553749
0.553395
0.315749
0.095451
0.413073
0.337083
0.534738
0.387960
0.271917
0.111601
0.152314
0.402274
0.039336
0.430278
0.260630
0.242759
0.350651
0.156710
0.382105
0.378389
0.241713
0.404992
0.255532
0.328246
0.084973
0.372053
0.186329
0.288102
0.401475
0.361717
0.470114
0.304060
0.045441
0.346104
0.563354
0.025837
0.156378
0.569007
0.353035
0.502987
0.277713
0.362443
0.478397
0.453067
0.403454
0.454985
0.371760
0.409611
0.182991
0.338667
0.321457
0.514459
0.223245
0.263497
0.130424
0.200960
0.062188
0.124196
0.716333
0.234379
0.578026
0.478511
0.291992
0.165487
0.244841
0.272094
0.469600
0.289582
0.257810
0.180908
0.128502
0.361377
0.131957
0.421276
0.153910
0.266601
0.354692
0.183996
0.454761
0.471734
0.311325
0.418515
0.267205
0.287147
0.089378
0.286411
0.198132
0.373437
0.447094
0.298857
0.471395
0.276370
0.064005
0.268387
0.456440
0.092275
0.129616
0.546908
0.334059
0.489563
0.400609
0.363345
0.341651
0.357091
0.374519
0.455067
0.229246
0.294048
0.144276
0.375706
0.294833
0.532235
0.217110
0.248897
0.131308
0.116009
0.121539
0.167671
0.604485
0.387843
0.604019
0.370851
0.383417
0.281375
0.227296
0.239148
0.361947
0.222600
0.274189
0.196070
0.234295
0.345543
0.137023
0.363028
0.099205
0.237036
0.385145
0.242130
0.453346
0.368349
0.389567
0.389090
0.289071
0.294329
0.079059
0.276486
0.202201
0.442254
0.514678
0.233129
0.412145
0.162855
0.160847
0.234988
0.433057
0.194923
0.186666
0.462547
0.378038
0.387678
0.470955
0.364153
0.278444
0.275331
0.297969
0.463776
0.131894
0.310746
0.078874
0.239897
0.329801
0.538313
0.213916
0.312417
0.163191
0.135790
0.094703
0.113993
0.603160
0.496150
0.495968
0.305813
0.386559
0.245049
0.198547
0.230790
0.308398
0.250426
0.306798
0.272302
0.363171
0.362844
0.132119
0.352579
0.012602
0.202752
0.421376
0.294274
0.374871
0.305597
0.379383
0.374452
0.377802
0.254456
0.189434
0.291092
0.285191
0.486781
0.448684
0.163113
0.315551
0.087632
0.224897
0.306236
0.336201
0.242767
0.167567
0.357878
0.511640
0.373601
0.386360
0.375489
0.229294
0.156811
0.282256
0.474175
0.166565
0.358579
0.083925
0.337635
0.333963
0.461201
0.218360
0.368393
0.151886
0.132392
0.127163
0.058626
0.607495
0.476609
0.336534
0.215743
0.407480
0.081035
0.189505
0.151115
0.415910
0.309830
0.317533
0.284604
0.300301
0.264583
0.139712
0.499068
0.137563
0.246306
0.448735
0.290345
0.370821
0.285920
0.274803
0.367162
0.346313
0.247689
0.108525
0.220532
0.329271
0.535575
0.297653
0.182248
0.244018
0.054441
0.115785
0.191521
0.238891
0.270196
0.123311
0.303101
0.407166
0.415118
0.241028
0.346959
0.124669
0.057255
0.390298
0.474022
0.288577
0.326472
0.179244
0.355579
0.352251
0.407040
0.247844
0.310064
0.154057
0.178754
0.101694
0.123042
0.517205
0.498770
0.221565
0.107275
0.454064
0.153910
0.147641
0.288868
0.421934
0.295238
0.265724
0.246133
0.119034
0.150056
0.141673
0.548328
0.091459
0.149112
0.403188
0.285408
0.396221
0.310364
0.256648
0.444886
0.270346
0.357125
0.152157
0.132750
0.162295
0.575862
0.160780
0.239515
0.123947
0.070840
0.145972
0.111540
0.205921
0.247970
0.099214
0.268141
0.232909
0.417343
0.315486
0.332284
0.028276
0.224332
0.344151
0.349408
0.315544
0.341041
0.119912
0.339325
0.353137
0.536963
0.347163
0.236933
0.281384
0.294362
0.091122
0.233770
0.368184
0.534499
0.176670
0.103592
0.343444
0.239407
0.074300
0.369737
0.302190
0.274359
0.306551
0.192914
0.144316
0.159201
0.138413
0.427746
0.117806
0.064296
0.373732
0.332738
0.263820
0.323931
0.278480
0.546981
0.259603
0.410322
0.219317
0.237885
0.174291
0.575749
0.130713
0.195036
0.090859
0.101676
0.121576
0.136224
0.232140
0.223451
0.107759
0.272254
0.199960
0.321965
0.253702
0.333716
0.155360
0.297395
0.195666
0.175655
0.241629
0.372854
0.054034
0.279110
0.258876
0.624704
0.437686
0.212134
0.446139
0.310292
0.048697
0.277479
0.203945
0.546629
0.061235
0.118014
0.259052
0.228348
0.116756
0.304266
0.221041
0.346582
0.403593
0.225427
0.324469
0.300891
0.130781
0.239729
0.114687
0.109914
0.354644
0.289107
0.110412
0.394736
0.291067
0.515701
0.296515
0.354358
0.295687
0.246639
0.220768
0.521310
0.210455
0.245427
0.070604
0.074094
0.137185
0.118768
0.171764
0.260262
0.093008
0.295568
0.284642
0.167448
0.206355
0.316717
0.194279
0.332805
0.148653
0.017679
0.161426
0.321033
0.096464
0.186356
0.210023
0.559463
0.369543
0.272198
0.557660
0.260208
0.108058
0.308285
0.111788
0.431120
0.052251
0.125612
0.148349
0.227792
0.191401
0.258734
0.171956
0.266200
0.484290
0.225745
0.370061
0.365716
0.136512
0.214356
0.119686
0.150925
0.258941
0.198808
0.095062
0.412638
0.187332
0.417798
0.295639
0.206564
0.454242
0.233468
0.188734
0.445833
0.217314
0.252680
0.047990
0.072681
0.196577
0.183594
0.215740
0.262666
0.147729
0.265894
0.311152
0.062708
0.195917
0.236218
0.150605
0.356433
0.121760
0.094104
0.128028
0.181181
0.206617
0.120905
0.106690
0.395785
0.330756
0.290228
0.493287
0.153893
0.110879
0.327083
0.049426
0.362658
0.060506
0.127616
0.139834
0.268259
0.227769
0.188445
0.193904
0.251236
0.403450
0.145253
0.306558
0.350793
0.113575
0.265528
0.122255
0.095523
0.145707
0.186731
0.096412
0.368134
0.087508
0.335048
0.293591
0.118782
0.474701
0.224614
0.141472
0.351787
0.277213
0.102125
0.084911
0.054228
0.192685
0.082037
0.431288
0.072207
0.167744
0.158989
0.302122
0.129220
0.217761
0.161936
0.113057
0.271764
0.067735
0.140231
0.103901
0.205155
0.320297
0.062415
0.061823
0.288046
0.340588
0.115141
0.347103
0.114156
0.044116
0.302886
0.160870
0.400999
0.091221
0.178892
0.113327
0.249761
0.244915
0.107668
0.243577
0.203448
0.235643
0.041250
0.290333
0.295989
0.074374
0.256984
0.170781
0.212077
0.075658
0.147359
0.131750
0.210544
0.108333
0.271946
0.195236
0.074751
0.259023
0.227023
0.189947
0.237488
0.321045
0.093353
0.104074
0.087578
0.122076
0.120736
0.444788
0.177676
0.133557
0.105398
0.356253
0.225026
0.220383
0.097257
0.118605
0.264624
0.166891
0.224880
0.083126
0.274279
0.440325
0.035893
0.091261
0.254771
0.309552
0.191612
0.197291
0.236804
0.104939
0.274231
0.236545
0.375554
0.156714
0.115240
0.173108
0.187319
0.115716
0.092820
0.159036
0.228178
0.191047
0.039625
0.260458
0.286747
0.066428
0.191906
0.204421
0.168396
0.062107
0.084770
0.242510
0.172157
0.118989
0.171967
0.127725
0.117128
0.051640
0.166245
0.156035
0.189401
0.277723
0.084652
0.065544
0.103948
0.079723
0.196053
0.450208
0.306327
0.115927
0.132790
0.380268
0.133791
0.329226
0.092391
0.094826
0.290570
0.243977
0.400447
0.059062
0.176679
0.470542
0.065931
0.167371
0.299003
0.192731
0.208708
0.108157
0.231188
0.215212
0.301687
0.219085
0.236418
0.121135
0.047832
0.224238
0.178382
0.029845
0.125777
0.096627
0.195939
0.142942
0.131319
0.147827
0.309943
0.105955
0.137411
0.118123
0.098834
0.164722
0.063181
0.147769
0.250380
0.015884
0.131376
0.190290
0.220053
0.124628
0.074746
0.164484
0.232436
0.286848
0.120508
0.120349
0.138686
0.093092
0.211515
0.518480
0.291290
0.177896
0.174135
0.381717
0.079098
0.287079
0.073404
0.114385
0.332783
0.200566
0.432446
0.050181
0.130286
0.350310
0.063603
0.207947
0.284151
0.143742
0.216033
0.141974
0.159274
0.235164
0.413449
0.314930
0.120905
0.035874
0.088177
0.087686
0.205201
0.092006
0.209154
0.049002
0.158793
0.104490
0.088619
0.162111
0.317810
0.128737
0.033506
0.049287
0.065678
0.292248
0.077600
0.111909
0.305483
0.089692
0.153701
0.203508
0.105670
0.177029
0.098879
0.199292
0.207478
0.296589
0.220634
0.063599
0.143755
0.097443
0.205260
0.524710
0.324243
0.229279
0.158664
0.336814
0.115085
0.158754
0.135008
0.106933
0.395671
0.167986
0.391783
0.135224
0.235425
0.094483
0.069493
0.296213
0.251318
0.169796
0.183656
0.107180
0.219067
0.163431
0.380342
0.413283
0.123818
0.062836
0.019253
0.136499
0.090076
0.187145
0.278266
0.046443
0.160805
0.101685
0.161793
0.154046
0.267695
0.233235
0.123432
0.065782
0.047047
0.320155
0.125333
0.099749
0.258866
0.111563
0.260172
0.221669
0.081503
0.149787
0.087802
0.292094
0.178158
0.279192
0.265644
0.093667
0.182298
0.095326
0.149864
0.497312
0.380879
0.200560
0.151362
0.258258
0.270256
0.148886
0.215400
0.035996
0.342245
0.170344
0.322073
0.196016
0.318352
0.124620
0.146066
0.410776
0.123410
0.181325
0.209786
0.090417
0.325808
0.211914
0.248798
0.386354
0.116001
0.145898
0.086705
0.139342
0.139103
0.146999
0.289860
0.072733
0.141295
0.159701
0.265132
0.178130
0.382670
0.239222
0.178458
0.139576
0.131822
0.309321
0.162676
0.099206
0.196671
0.195524
0.225509
0.272601
0.143624
0.130969
0.147790
0.340565
0.192234
0.297080
0.208856
0.087000
0.267336
0.101481
0.121462
0.420882
0.387266
0.227762
0.180585
0.115863
0.297961
0.185651
0.138742
0.055529
0.228938
0.143464
0.377247
0.176972
0.425283
0.149693
0.221509
0.283382
0.336349
0.272451
0.262873
0.114536
0.262767
0.189927
0.103779
0.339463
0.071427
0.077633
0.140176
0.179709
0.193762
0.115719
0.233655
0.095137
0.112046
0.299699
0.370315
0.223530
0.355691
0.223717
0.124696
0.229762
0.149438
0.238139
0.193297
0.158762
0.192569
0.379348
0.243134
0.329582
0.212946
0.122113
0.139421
0.268936
0.199546
0.323366
0.207550
0.089537
0.364975
0.189118
0.188028
0.295775
0.330247
0.188049
0.168629
0.175716
0.264019
0.184599
0.146239
0.119403
0.138142
0.193532
0.389675
0.241104
0.400450
0.152029
0.113521
0.144369
0.358271
0.364341
0.353109
0.142830
0.272734
0.176237
0.149085
0.329676
0.051594
0.018670
0.163899
0.204813
0.251991
0.118784
0.067447
0.261770
0.140253
0.404759
0.339026
0.187975
0.204141
0.276266
0.107502
0.258253
0.154522
0.139478
0.204062
0.137172
0.064294
0.360705
0.314066
0.193611
0.291927
0.187850
0.053199
0.220739
0.164594
0.397894
0.202063
0.154846
0.325407
0.223410
0.262882
0.163481
0.275664
0.155728
0.226979
0.199659
0.246493
0.204834
0.139278
0.238665
0.079412
0.265183
0.247896
0.271022
0.369442
0.132979
0.097064
0.251025
0.182045
0.362348
0.387222
0.160675
0.213922
0.129101
0.101631
0.234114
0.127262
0.029860
0.189618
0.203229
0.329398
0.167002
0.100454
0.225127
0.187948
0.464152
0.258073
0.189902
0.082522
0.352623
0.187971
0.280879
0.113769
0.279836
0.268727
0.206030
0.121118
0.317101
0.459109
0.220670
0.368317
0.227518
0.116541
0.064488
0.194456
0.419255
0.233356
0.163666
0.254953
0.202885
0.132397
0.054100
0.159018
0.096753
0.260649
0.116655
0.253284
0.226144
0.145595
0.267877
0.049207
0.297734
0.037964
0.307433
0.480142
0.047726
0.184362
0.328130
0.097909
0.349328
0.322985
0.277610
0.142316
0.080643
0.110270
0.246744
0.172441
0.192212
0.193029
0.119607
0.305543
0.208065
0.125962
0.145463
0.183271
0.442980
0.217809
0.175712
0.039358
0.370441
0.286426
0.296993
0.153328
0.317292
0.281383
0.345106
0.167758
0.324411
0.578641
0.266350
0.368680
0.185505
0.089556
0.054377
0.262411
0.349431
0.236608
0.309138
0.205253
0.123838
0.018096
0.190828
0.131528
0.063309
0.127233
0.129926
0.224885
0.238444
0.166175
0.160047
0.052911
0.367258
0.091293
0.385146
0.486740
0.033342
0.234404
0.206592
0.055609
0.287908
0.221844
0.421321
0.084123
0.123312
0.171033
0.263636
0.301662
0.337735
0.207400
0.214107
0.334421
0.200975
0.103400
0.169988
0.221567
0.425314
0.219531
0.176952
0.117678
0.382413
0.282778
0.277714
0.146382
0.306280
0.146300
0.278626
0.234128
0.404089
0.629944
0.307381
0.380125
0.223202
0.158933
0.093415
0.259966
0.296757
0.136622
0.374168
0.149439
0.060150
0.060222
0.309017
0.333643
0.034026
0.264486
0.193040
0.154020
0.228726
0.242925
0.080077
0.088351
0.359821
0.116168
0.482550
0.443658
0.064921
0.241116
0.208178
0.028507
0.270444
0.180162
0.503303
0.073299
0.138635
0.122859
0.250852
0.382249
0.315616
0.251187
0.278996
0.272297
0.125082
0.157399
0.130350
0.281214
0.394059
0.242572
0.115460
0.194222
0.342230
0.309935
0.130253
0.139860
0.218376
0.118078
0.117610
0.340566
0.454798
0.670693
0.445524
0.420021
0.428686
0.143056
0.189784
0.277757
0.195788
0.035701
0.324213
0.151100
0.276399
0.047565
0.280449
0.319692
0.061258
0.350841
0.282452
0.070572
0.185182
0.288255
0.082222
0.065978
0.297192
0.227735
0.505305
0.414455
0.099417
0.140839
0.250792
0.119137
0.265468
0.156713
0.379567
0.124263
0.095504
0.151924
0.274389
0.465225
0.302875
0.265582
0.208695
0.284146
0.015976
0.243252
0.078201
0.309414
0.422900
0.386862
0.115079
0.233665
0.188557
0.428490
0.014383
0.123106
0.124632
0.132855
0.185054
0.315056
0.403659
0.667503
0.497051
0.390993
0.434494
0.183633
0.359183
0.273763
0.157337
0.189959
0.336520
0.174599
0.335925
0.121743
0.297530
0.343911
0.108823
0.390804
0.229168
0.046675
0.120175
0.175368
0.053226
0.227172
0.147911
0.308201
0.508574
0.434371
0.077432
0.145805
0.124869
0.148226
0.405983
0.171758
0.208529
0.116781
0.069238
0.321783
0.260015
0.538909
0.367259
0.196564
0.179200
0.249480
0.088704
0.338172
0.128137
0.366159
0.368963
0.463639
0.063736
0.333973
0.258762
0.423509
0.078908
0.134057
0.188970
0.196122
0.118584
0.243562
0.372228
0.583030
0.523972
0.303697
0.418385
0.086846
0.345527
0.331192
0.205008
0.194470
0.335199
0.191970
0.304429
0.096203
0.359544
0.457736
0.172789
0.534798
0.282244
0.092057
0.124326
0.098076
0.162201
0.357835
0.129791
0.285504
0.486166
0.310491
0.057379
0.191347
0.079862
0.193483
0.453285
0.228724
0.193601
0.047766
0.121049
0.431732
0.296586
0.498276
0.250055
0.235079
0.227812
0.157563
0.228144
0.428637
0.202483
0.376574
0.412363
0.457050
0.166421
0.385079
0.184519
0.399443
0.201528
0.162973
0.359267
0.283355
0.085002
0.260366
0.363627
0.569179
0.418364
0.269146
0.307403
0.090351
0.283722
0.307995
0.383699
0.092272
0.288402
0.214062
0.264771
0.098406
0.209317
0.492145
0.117218
0.749320
0.350803
0.067923
0.121176
0.086855
0.243028
0.348802
0.181454
0.247497
0.419900
0.198151
0.082472
0.219359
0.074804
0.217922
0.431037
0.217410
0.276441
0.263744
0.097097
0.445896
0.355306
0.366873
0.072045
0.275735
0.195013
0.148226
0.328032
0.321516
0.264267
0.443898
0.351869
0.483947
0.288877
0.289937
0.296900
0.351389
0.328768
0.057847
0.586073
0.306927
0.091532
0.361587
0.176881
0.534725
0.326983
0.245971
0.321912
0.069051
0.195353
0.211614
0.443276
0.198137
0.287927
0.368447
0.277250
0.149272
0.222413
0.480103
0.038906
0.881800
0.333823
0.060958
0.218381
0.083298
0.232278
0.241377
0.116373
0.229058
0.358887
0.173396
0.247032
0.130036
0.075963
0.130406
0.489401
0.235921
0.230484
0.415421
0.238141
0.500878
0.444361
0.246591
0.261876
0.316851
0.131422
0.176321
0.292112
0.264639
0.284011
0.457752
0.305440
0.426678
0.379124
0.236948
0.408594
0.399169
0.324527
0.083376
0.630233
0.257853
0.078093
0.399258
0.163725
0.476464
0.325003
0.180137
0.284539
0.050691
0.133500
0.060269
0.354097
0.254568
0.354889
0.498741
0.282713
0.204842
0.219700
0.459754
0.100876
0.841506
0.309685
0.040892
0.307968
0.087091
0.180526
0.193092
0.202789
0.279264
0.336721
0.213275
0.380688
0.094575
0.102270
0.154834
0.583888
0.261598
0.157712
0.455339
0.340353
0.493230
0.402030
0.199074
0.170096
0.304941
0.102721
0.077474
0.195772
0.249557
0.300795
0.439510
0.375859
0.310337
0.312734
0.258255
0.486711
0.517443
0.236607
0.152121
0.487189
0.238833
0.152705
0.342987
0.211130
0.321101
0.386786
0.150770
0.129873
0.072801
0.127966
0.028375
0.357007
0.181810
0.503457
0.561104
0.201312
0.126254
0.161576
0.457109
0.161525
0.731729
0.364640
0.110340
0.267077
0.111500
0.207382
0.284226
0.221836
0.245409
0.322038
0.135233
0.454830
0.118908
0.127111
0.260737
0.615198
0.129612
0.101974
0.283864
0.259647
0.426847
0.320235
0.235352
0.101849
0.367837
0.155220
0.051270
0.240871
0.195255
0.263267
0.334770
0.451297
0.247574
0.281178
0.325686
0.527588
0.450109
0.116311
0.258254
0.259685
0.215725
0.155018
0.229216
0.238725
0.180047
0.410017
0.034758
0.180772
0.122499
0.188037
0.058361
0.462363
0.107879
0.647770
0.537486
0.110489
0.212115
0.144509
0.291111
0.125797
0.721818
0.502496
0.143936
0.277399
0.152924
0.301453
0.214666
0.133768
0.094976
0.251882
0.329285
0.515604
0.223479
0.154439
0.270756
0.571320
0.100978
0.125972
0.181185
0.169997
0.386583
0.242357
0.154450
0.120979
0.432710
0.126624
0.155430
0.337254
0.210599
0.246686
0.371807
0.446745
0.296461
0.274860
0.254634
0.506001
0.435932
0.134675
0.246077
0.204746
0.134937
0.285800
0.143645
0.246603
0.107983
0.443622
0.112543
0.142667
0.149296
0.270247
0.053967
0.425266
0.147655
0.673096
0.480414
0.171166
0.174691
0.134909
0.160649
0.041335
0.720671
0.554074
0.253315
0.305794
0.258114
0.385263
0.224190
0.011417
0.155945
0.255916
0.412470
0.505958
0.337628
0.152053
0.228505
0.593038
0.113452
0.084175
0.257760
0.188382
0.393639
0.269432
0.090072
0.151411
0.526696
0.239726
0.158162
0.312104
0.300136
0.275721
0.392879
0.394742
0.336416
0.278784
0.183674
0.460483
0.461354
0.221587
0.287126
0.267988
0.098986
0.424745
0.129585
0.220776
0.120669
0.413453
0.213374
0.226831
0.179183
0.341077
0.108874
0.274246
0.245238
0.582746
0.448206
0.122486
0.149187
0.192389
0.148633
0.082554
0.664658
0.484364
0.323734
0.239665
0.256392
0.494711
0.300157
0.092526
0.158372
0.302735
0.390625
0.344411
0.375314
0.101482
0.276904
0.624385
0.093771
0.061431
0.284707
0.180917
0.364237
0.292583
0.123697
0.101545
0.520536
0.370606
0.247709
0.270692
0.328588
0.408319
0.405843
0.359485
0.312812
0.182444
0.276956
0.346603
0.543964
0.314844
0.300711
0.307973
0.245068
0.471231
0.099796
0.134157
0.043107
0.362598
0.243930
0.272950
0.237638
0.289770
0.159939
0.206065
0.209072
0.463056
0.528403
0.129351
0.123416
0.390226
0.139391
0.155759
0.666227
0.405342
0.274296
0.149109
0.334794
0.561276
0.355892
0.143907
0.253264
0.332018
0.411380
0.335773
0.403290
0.071981
0.364026
0.633921
0.188299
0.022128
0.229843
0.121483
0.352267
0.345873
0.180311
0.243233
0.491927
0.459987
0.313797
0.233401
0.179692
0.510559
0.404402
0.309961
0.228065
0.248889
0.430775
0.333674
0.594681
0.336648
0.235525
0.343919
0.457522
0.453831
0.147341
0.142908
0.033676
0.379272
0.164389
0.266458
0.124488
0.207132
0.181203
0.251780
0.092416
0.292778
0.642028
0.155995
0.151299
0.472341
0.159406
0.106327
0.681391
0.301421
0.242015
0.074659
0.361373
0.601176
0.415991
0.219807
0.261345
0.319690
0.621498
0.446034
0.467644
0.103933
0.360197
0.620437
0.231606
0.040175
0.231934
0.106803
0.412026
0.417027
0.219758
0.449650
0.424956
0.432557
0.264489
0.218868
0.240225
0.567454
0.380240
0.257691
0.171774
0.347808
0.520107
0.313192
0.545471
0.343885
0.164396
0.386803
0.583584
0.500037
0.208215
0.292729
0.052117
0.432619
0.157391
0.247887
0.051306
0.191110
0.149725
0.272054
0.170768
0.171329
0.714547
0.288647
0.130775
0.255901
0.188980
0.061154
0.604117
0.187162
0.240446
0.081520
0.431879
0.670527
0.540089
0.243072
0.266705
0.198796
0.822134
0.448256
0.524893
0.220219
0.277885
0.585560
0.377167
0.167099
0.330595
0.233388
0.409241
0.442352
0.239919
0.522293
0.359570
0.385736
0.146414
0.202347
0.340230
0.571371
0.404587
0.255736
0.134224
0.269682
0.440449
0.247373
0.420193
0.293327
0.212480
0.418360
0.551393
0.472080
0.225446
0.328077
0.029805
0.408199
0.242619
0.229889
0.059553
0.284753
0.268479
0.204419
0.259627
0.086295
0.650441
0.439042
0.170153
0.318081
0.140587
0.154611
0.500798
0.193818
0.258005
0.143896
0.546451
0.649410
0.752265
0.274541
0.345244
0.263737
0.800023
0.446276
0.483753
0.328080
0.206704
0.517106
0.446668
0.219330
0.444398
0.281858
0.331820
0.305156
0.268267
0.537914
0.344119
0.328483
0.092662
0.229864
0.331763
0.570230
0.365286
0.280088
0.110011
0.058035
0.414192
0.233390
0.312294
0.225792
0.261912
0.393668
0.603547
0.436946
0.153912
0.421666
0.045421
0.450811
0.317467
0.258000
0.071953
0.332331
0.427892
0.158846
0.323921
0.134844
0.538452
0.499771
0.161397
0.474238
0.067334
0.204894
0.528796
0.222991
0.211021
0.324383
0.669441
0.610274
0.955177
0.217517
0.446041
0.288921
0.706271
0.428008
0.390891
0.366176
0.242900
0.595821
0.409344
0.090989
0.405765
0.196245
0.265967
0.172300
0.204090
0.546489
0.340053
0.437497
0.064188
0.155633
0.367137
0.459924
0.298087
0.252342
0.152442
0.069439
0.415560
0.303383
0.251158
0.266726
0.255387
0.221662
0.662907
0.436244
0.196478
0.400061
0.105457
0.521886
0.345837
0.247561
0.035749
0.357733
0.439460
0.194771
0.405885
0.068298
0.507517
0.462239
0.154768
0.534967
0.113832
0.263929
0.456903
0.227833
0.306447
0.386930
0.698073
0.584433
0.826812
0.178944
0.449664
0.253284
0.582271
0.301023
0.357299
0.390148
0.339283
0.674886
0.426332
0.164963
0.401389
0.127246
0.222908
0.084379
0.229586
0.389811
0.358652
0.591278
0.195342
0.085026
0.450036
0.316421
0.335799
0.209625
0.147861
0.112363
0.445657
0.404926
0.258574
0.226313
0.137644
0.189753
0.654204
0.466593
0.294969
0.417911
0.093849
0.533377
0.307908
0.220885
0.022306
0.374922
0.433722
0.243659
0.415578
0.147129
0.505751
0.491703
0.163804
0.501174
0.129397
0.389146
0.353647
0.108495
0.488988
0.356804
0.635404
0.561647
0.608660
0.131287
0.349480
0.246796
0.450502
0.182323
0.338421
0.407056
0.373306
0.603494
0.438950
0.170299
0.395531
0.224345
0.240715
0.171097
0.311296
0.146932
0.398301
0.566449
0.338011
0.065597
0.506257
0.372831
0.384455
0.132487
0.257394
0.144188
0.451024
0.528800
0.256193
0.148329
0.089799
0.300966
0.546935
0.551709
0.231655
0.315122
0.101890
0.396569
0.257022
0.217344
0.091032
0.373942
0.484643
0.281787
0.443716
0.126567
0.435378
0.567403
0.294856
0.380048
0.191691
0.586444
0.321286
0.063928
0.606418
0.209835
0.597647
0.483786
0.535475
0.197214
0.329727
0.137959
0.342634
0.205858
0.296633
0.453497
0.469823
0.412652
0.426851
0.103497
0.346962
0.378613
0.224721
0.243462
0.366012
0.081229
0.337946
0.427980
0.414628
0.027725
0.460945
0.555962
0.409455
0.128559
0.363109
0.227065
0.458006
0.655060
0.221583
0.116546
0.054012
0.280092
0.555187
0.557666
0.067893
0.320951
0.070086
0.330601
0.322610
0.201963
0.121484
0.305695
0.525761
0.296785
0.437005
0.152713
0.409039
0.511468
0.479533
0.392808
0.248311
0.701559
0.270312
0.052467
0.680948
0.181278
0.563825
0.412897
0.635090
0.344470
0.452426
0.130427
0.349317
0.236208
0.279036
0.400408
0.478500
0.362078
0.416163
0.141961
0.248879
0.461677
0.284600
0.165218
0.283742
0.068584
0.236835
0.384139
0.393268
0.052427
0.459499
0.597621
