# G_4, p = 0.8000 GPa (dir_8000.0_bar).
# D8R-only: 48 rings x 101 frames = 4848 samples.
# Column: per-D8R Delta [A]
1.162920
1.040101
0.916589
1.206253
1.162914
1.040103
0.916583
1.206248
1.162920
1.040117
0.916604
1.206271
1.162914
1.040095
0.916603
1.206264
1.162889
1.040132
0.916573
1.206257
1.162897
1.040133
0.916598
1.206263
1.162889
1.040132
0.916589
1.206272
1.162897
1.040130
0.916601
1.206279
1.162864
1.040169
0.916535
1.206316
1.162872
1.040154
0.916544
1.206300
1.162864
1.040169
0.916581
1.206306
1.162866
1.040160
0.916584
1.206300
1.162204
0.985624
1.017257
1.073922
1.124236
1.084894
0.789932
1.158880
1.146555
1.078445
0.911689
1.235847
1.096317
1.157076
1.020406
1.299141
1.114817
0.921637
0.852830
1.199939
1.151680
1.051418
0.585576
1.149076
1.226918
0.999477
0.817266
1.286890
1.205765
1.091109
0.840085
1.347630
1.143702
0.953403
1.034034
1.130115
1.036150
1.129782
0.952263
1.052520
1.077075
1.111351
0.879958
1.212942
1.364215
0.968862
0.868821
1.189583
1.162128
0.887870
1.033225
1.160534
1.054657
1.180438
0.768170
1.188417
1.196117
1.029208
0.866082
1.198549
1.070343
1.189916
1.116771
1.336419
1.041043
0.825007
0.901403
1.195650
1.147472
1.023842
0.463864
1.080352
1.280155
1.135067
0.806875
1.384050
1.266712
1.135119
0.930596
1.330678
1.091593
0.950418
1.100791
1.076605
0.942667
1.170395
1.014701
0.939964
1.153170
1.037865
0.927599
1.174589
1.463182
1.011325
0.775609
1.148423
1.150216
0.799688
1.002355
1.321407
1.033834
1.280394
0.857381
1.183966
1.265524
0.962552
0.800654
1.227096
1.037936
1.153770
1.115373
1.288610
1.021152
0.830253
0.979696
1.266502
1.188137
1.080754
0.516856
1.024188
1.302057
1.316891
0.854263
1.432805
1.279924
1.026479
1.083915
1.302583
1.140962
1.033085
1.217383
1.151161
0.942272
1.118030
1.011567
0.972358
1.271685
0.999930
0.957070
1.135880
1.334067
1.070449
0.695504
0.984005
1.108777
0.775049
0.950626
1.316385
1.107250
1.381188
0.930567
1.152035
1.257195
0.901869
0.826826
1.288930
0.967739
1.167042
1.075602
1.319522
1.032882
0.792622
0.969657
1.392671
1.233809
1.097045
0.487588
0.990834
1.300808
1.289599
0.845774
1.344920
1.187755
0.906202
1.146831
1.349277
1.280055
1.056438
1.355579
1.234036
0.912223
1.079867
0.909903
1.037642
1.251075
0.983214
0.940851
1.144505
1.229932
1.187328
0.674790
0.867697
1.133731
0.810132
0.995909
1.240090
1.123377
1.445651
0.947454
1.131648
1.232964
0.912465
0.829290
1.351004
1.020552
1.140684
1.115263
1.391661
0.943374
0.788042
0.865713
1.452268
1.215905
1.146557
0.459628
1.103445
1.375046
1.204564
0.807750
1.242625
1.107992
0.891589
1.111932
1.382833
1.315549
0.970024
1.406401
1.179152
0.861365
1.069091
0.850074
1.087470
1.233954
1.003326
0.850172
1.193980
1.200000
1.294959
0.704287
0.831555
1.208616
0.820458
1.102853
1.310609
1.062354
1.460781
0.871314
1.149266
1.129534
0.937177
0.754564
1.298678
1.126167
1.098924
1.118027
1.413377
0.926448
0.891592
0.714988
1.366068
1.058649
1.213659
0.499079
1.223477
1.371947
1.242271
0.746025
1.320181
1.126741
0.916864
1.118012
1.328613
1.271502
0.901710
1.270169
1.099100
0.801053
1.032174
0.893317
1.082269
1.266948
1.014328
0.783413
1.199486
1.226516
1.263514
0.719965
1.016200
1.207207
0.807485
1.283873
1.367712
1.045432
1.452145
0.752371
1.206230
1.020926
0.988928
0.674933
1.269844
1.103815
1.068155
1.074161
1.266428
1.096017
0.957551
0.652156
1.323618
0.941726
1.243157
0.597671
1.191248
1.309003
1.327168
0.694525
1.460786
1.240978
0.942954
1.177289
1.258863
1.348512
0.871163
1.167800
1.038673
0.762640
0.908336
0.971789
1.146071
1.256099
0.995392
0.778134
1.168707
1.317742
1.165958
0.714421
1.203569
1.205547
0.766576
1.357257
1.201298
1.012804
1.354129
0.757489
1.274679
0.959159
0.971489
0.720288
1.238578
1.020654
1.022707
0.975226
1.147729
1.151969
1.010151
0.573965
1.320897
0.922885
1.211058
0.585352
1.097661
1.164633
1.234759
0.659450
1.405279
1.316120
1.014612
1.188456
1.166560
1.487835
0.887821
1.101669
1.038134
0.805459
0.735322
0.988997
1.281261
1.122952
0.969342
0.756825
1.151915
1.350526
1.135203
0.801919
1.276501
1.286506
0.819579
1.297012
1.098544
1.021556
1.283464
0.778593
1.355071
0.928757
0.917610
0.755772
1.192626
1.081187
0.904751
0.829399
1.126412
1.034674
1.043209
0.517821
1.291334
0.984454
1.185316
0.584218
1.174766
1.061968
1.083237
0.703859
1.295148
1.229685
1.075621
1.191679
1.097382
1.441743
0.864083
1.034261
0.993411
0.916275
0.612142
0.871984
1.299226
1.004713
0.859663
0.686879
1.154399
1.215771
1.071264
0.825424
1.303801
1.281253
0.999089
1.125480
1.128910
1.020713
1.126623
0.729240
1.298684
0.867004
0.816714
0.756837
1.252398
1.134538
0.826419
0.790091
1.160751
0.987521
1.082166
0.516485
1.187647
1.061300
1.075012
0.747855
1.305803
0.896102
0.941973
0.782297
1.268420
1.229747
0.955130
1.105317
1.140651
1.328288
0.878348
0.860909
0.999380
0.942803
0.550859
0.766807
1.252659
0.870875
0.795946
0.617417
1.114945
1.065975
1.003401
0.709829
1.377701
1.191518
1.101980
0.926001
1.248535
1.126320
1.025341
0.632051
1.190598
0.889071
0.900027
0.771726
1.374682
1.027557
0.856625
0.804228
1.129492
1.122057
1.145933
0.591195
1.193894
1.063977
1.069160
1.001813
1.336876
0.751893
0.827352
0.797817
1.285947
1.317077
0.848130
1.024257
1.220468
1.268395
0.942853
0.717846
1.093726
0.894305
0.561339
0.705667
1.192899
0.736817
0.768310
0.574178
1.146823
0.952502
0.934984
0.583720
1.403115
1.114100
1.083503
0.775815
1.263919
1.290519
1.018659
0.694742
1.103687
0.960187
0.914750
0.796817
1.295542
0.942390
0.966276
0.711731
1.057167
1.230801
1.198320
0.672797
1.172513
0.946135
1.102526
1.164578
1.243996
0.652646
0.764954
0.746733
1.288470
1.337415
0.957841
0.943180
1.205694
1.121525
1.012078
0.689272
1.089735
0.891451
0.653440
0.731256
1.229535
0.605003
0.731963
0.588575
1.231779
0.946568
0.841056
0.650706
1.342665
1.030080
0.948090
0.669393
1.182628
1.254382
0.953903
0.788039
1.018338
1.049556
0.777721
0.818623
1.173923
0.997731
0.929831
0.598303
0.949803
1.142255
1.135537
0.630883
0.968310
0.941781
1.081881
1.236861
1.152823
0.655502
0.700631
0.850784
1.141962
1.209506
1.131496
0.861517
1.143243
0.988404
1.046947
0.710289
1.029609
0.975674
0.792186
0.800628
1.269633
0.562466
0.656010
0.638182
1.259270
0.851245
0.753196
0.778853
1.299251
0.940746
0.847168
0.527299
1.093023
1.178426
0.766493
0.777326
0.884694
0.927263
0.623751
0.752534
1.149000
0.998895
0.920110
0.528290
0.843357
1.023543
0.999004
0.524009
0.757590
0.951154
0.920504
1.303005
1.045025
0.714646
0.576626
0.990271
1.065062
1.107694
1.014548
0.688566
1.021036
1.001073
0.996605
0.685831
1.073066
1.061191
0.862407
0.836831
1.194000
0.592345
0.524043
0.671853
1.147769
0.735595
0.715083
0.833995
1.284188
0.895707
0.898215
0.324562
1.028735
1.089578
0.599957
0.714437
0.743656
0.779554
0.604799
0.668676
1.175036
0.880899
1.001743
0.644210
0.791099
0.904939
0.834096
0.512993
0.712664
0.932564
0.724246
1.260618
0.939181
0.728482
0.501038
0.970159
1.055795
0.962496
0.831449
0.569200
0.845847
1.033994
1.024075
0.598906
1.142447
1.079454
0.850569
0.787501
1.041251
0.651796
0.497040
0.643462
0.954550
0.730068
0.760586
0.748368
1.192702
0.857866
1.085601
0.215022
1.018577
0.942772
0.576698
0.801265
0.691995
0.706783
0.553914
0.588228
1.002847
0.904640
1.059148
0.684777
0.755338
0.747983
0.754209
0.574128
0.722771
1.024749
0.612694
1.115374
0.896202
0.658663
0.511110
0.898150
1.064881
0.819819
0.815462
0.490438
0.747806
0.998813
1.056186
0.461876
1.134248
0.975784
0.864234
0.741090
0.938799
0.662392
0.626352
0.627243
0.857713
0.776155
0.783454
0.706385
1.096139
0.783737
1.194029
0.202067
0.995148
0.880994
0.562484
0.874352
0.608223
0.718717
0.479230
0.514090
0.747552
0.925309
0.991627
0.597810
0.696810
0.662177
0.748512
0.604989
0.743835
1.179194
0.517255
0.985544
0.918734
0.663083
0.498858
0.877715
1.044832
0.696962
0.760958
0.401778
0.770358
0.864875
0.985301
0.412613
1.040984
0.864578
0.877104
0.653470
0.946592
0.674287
0.741772
0.669586
0.832788
0.735033
0.798472
0.762310
1.074394
0.737850
1.068897
0.239778
0.900779
0.874373
0.479207
0.874222
0.509874
0.783695
0.388737
0.507572
0.633888
0.873221
0.867924
0.478045
0.710180
0.685183
0.732558
0.538838
0.735526
1.136843
0.439839
0.917122
0.972472
0.704493
0.442719
0.831680
0.929993
0.702564
0.680608
0.332061
0.774426
0.701662
0.900568
0.387076
0.980482
0.715449
0.856653
0.584598
1.012281
0.821998
0.791860
0.712802
0.816113
0.679341
0.832003
0.824382
0.900991
0.804631
0.833059
0.244173
0.766463
0.848919
0.459485
0.756524
0.539932
0.855940
0.424153
0.541891
0.663251
0.821910
0.764517
0.493048
0.802566
0.761916
0.635800
0.524683
0.792505
0.915966
0.390874
0.795401
0.975658
0.822552
0.413298
0.611695
0.847980
0.706611
0.660084
0.331212
0.668384
0.520061
0.911594
0.340937
0.906426
0.631852
0.779852
0.587052
0.967524
0.993427
0.760830
0.683661
0.728818
0.696713
0.865877
0.818224
0.655722
0.796925
0.731825
0.272846
0.667937
0.724782
0.501625
0.699028
0.688807
0.838275
0.576479
0.574540
0.663348
0.986583
0.707157
0.553002
0.866849
0.688699
0.563631
0.595058
0.812379
0.778889
0.438169
0.617115
0.843510
0.862386
0.477542
0.406508
0.867207
0.716079
0.773974
0.364928
0.537285
0.474140
0.884237
0.255312
0.809529
0.608797
0.751787
0.538224
0.883890
1.066551
0.821212
0.618259
0.516766
0.754885
0.830866
0.739948
0.617224
0.614932
0.727609
0.318948
0.634172
0.622418
0.480433
0.661779
0.813855
0.786865
0.615882
0.545703
0.649472
1.037849
0.699472
0.635032
0.835246
0.637911
0.480811
0.724610
0.922665
0.869454
0.567228
0.455849
0.710501
0.857954
0.460924
0.433060
0.882835
0.621626
0.789101
0.457666
0.572734
0.523357
0.729612
0.220181
0.608508
0.651886
0.802411
0.509640
0.736436
1.065674
0.906151
0.551668
0.395156
0.748724
0.878605
0.696072
0.780918
0.435413
0.681487
0.438714
0.682654
0.622502
0.450362
0.575945
0.931353
0.775597
0.537512
0.535336
0.720559
0.890323
0.756977
0.658931
0.817160
0.543336
0.404844
0.732801
1.058446
0.928259
0.629959
0.349362
0.714702
0.865225
0.377514
0.418507
0.790229
0.644676
0.670079
0.581163
0.615586
0.441958
0.559564
0.255457
0.421913
0.651109
0.838708
0.557158
0.604264
1.039395
0.911491
0.532789
0.422561
0.676004
0.975796
0.565955
0.844591
0.447849
0.595493
0.496233
0.771994
0.585683
0.536518
0.424987
0.989360
0.901311
0.520290
0.557738
0.740925
0.729576
0.669733
0.682381
0.855286
0.436729
0.288655
0.722418
1.076379
0.870904
0.635303
0.292038
0.732293
0.841585
0.338395
0.226771
0.733786
0.670784
0.422414
0.698670
0.631655
0.372719
0.499500
0.240678
0.380459
0.633782
0.852916
0.634722
0.496757
1.030912
0.812258
0.446071
0.446808
0.613072
0.910239
0.362917
0.746919
0.445287
0.515691
0.536474
0.730012
0.518533
0.637394
0.319017
0.945146
0.953281
0.573840
0.564038
0.719925
0.649538
0.611688
0.627362
0.866352
0.346087
0.259543
0.629604
1.030381
0.857603
0.604314
0.198329
0.666226
0.784832
0.354480
0.073437
0.611084
0.688975
0.242210
0.700874
0.625439
0.403013
0.506039
0.179873
0.503423
0.594194
0.811684
0.621471
0.400398
1.024422
0.626484
0.329364
0.424229
0.571186
0.690537
0.246873
0.669462
0.365273
0.361324
0.630688
0.579355
0.491760
0.577417
0.180277
0.761385
0.881060
0.590116
0.487700
0.577567
0.567485
0.561283
0.599621
0.793234
0.405753
0.322318
0.475344
1.031277
0.756416
0.646223
0.140730
0.548896
0.839718
0.416900
0.100910
0.460202
0.645594
0.277001
0.650601
0.589194
0.480910
0.506052
0.253835
0.618412
0.533772
0.674885
0.531572
0.343557
0.958363
0.442691
0.250847
0.526071
0.484878
0.542870
0.258600
0.638089
0.427317
0.263240
0.702595
0.508445
0.496899
0.362968
0.143717
0.692234
0.741156
0.501097
0.405139
0.402444
0.487190
0.533954
0.535008
0.755421
0.341554
0.386873
0.413445
0.949083
0.584238
0.649311
0.160625
0.563948
0.876480
0.434455
0.138891
0.405664
0.617175
0.419593
0.673715
0.519393
0.578222
0.420011
0.391444
0.660186
0.487005
0.554451
0.480910
0.286227
0.935647
0.393845
0.246199
0.566947
0.441241
0.478074
0.280534
0.566187
0.578528
0.287430
0.685098
0.517495
0.430110
0.245600
0.183498
0.770296
0.660262
0.402653
0.342162
0.331652
0.453761
0.451528
0.516840
0.821528
0.426400
0.378385
0.507443
0.775451
0.466498
0.581830
0.193413
0.561938
0.814427
0.434198
0.159725
0.421010
0.490445
0.439769
0.702386
0.490597
0.627143
0.375698
0.472699
0.586786
0.462549
0.497466
0.466387
0.264554
0.970041
0.486217
0.250952
0.524477
0.497947
0.407509
0.180120
0.512575
0.593378
0.288363
0.511289
0.500616
0.315263
0.211850
0.245848
0.836468
0.557013
0.302059
0.382843
0.344324
0.485617
0.370389
0.429695
0.789512
0.529587
0.435198
0.554178
0.575826
0.451025
0.513366
0.247443
0.527877
0.667626
0.468102
0.229113
0.410962
0.425943
0.397343
0.543736
0.483373
0.574370
0.322176
0.504560
0.549840
0.425836
0.421489
0.352664
0.230870
0.922296
0.562488
0.202742
0.516622
0.531681
0.313163
0.101254
0.611023
0.492849
0.191755
0.344305
0.525419
0.361768
0.231621
0.208703
0.750183
0.551906
0.357511
0.385318
0.366395
0.497009
0.282255
0.359030
0.690251
0.640754
0.467531
0.484466
0.556980
0.398009
0.586163
0.333497
0.506831
0.522117
0.553235
0.362350
0.398848
0.423184
0.285235
0.494807
0.493741
0.524290
0.239595
0.548648
0.573507
0.405436
0.294884
0.221499
0.175761
0.720910
0.521958
0.164691
0.519037
0.498865
0.244113
0.183745
0.648663
0.614334
0.210865
0.277669
0.585108
0.362278
0.278885
0.183335
0.671275
0.644920
0.309724
0.349400
0.333182
0.464383
0.244870
0.313124
0.632012
0.570093
0.525885
0.383054
0.602948
0.281343
0.608725
0.394711
0.480090
0.373079
0.613502
0.428477
0.424128
0.510150
0.186640
0.476683
0.513093
0.573933
0.205996
0.585626
0.618265
0.500616
0.127054
0.176962
0.177307
0.490217
0.417211
0.330644
0.420857
0.455711
0.222737
0.298259
0.570846
0.932071
0.317556
0.290712
0.622170
0.358983
0.390828
0.239467
0.630586
0.754561
0.486981
0.307643
0.274718
0.379367
0.165980
0.270684
0.571618
0.482966
0.532164
0.344126
0.584044
0.381357
0.470860
0.291455
0.429576
0.306614
0.600287
0.387373
0.500200
0.479856
0.220329
0.459547
0.582218
0.678045
0.199902
0.517973
0.665739
0.688417
0.138624
0.229734
0.176349
0.359234
0.403768
0.537356
0.414809
0.448366
0.166919
0.318763
0.573143
0.962024
0.314860
0.217601
0.602116
0.392953
0.388175
0.396835
0.487753
0.626736
0.571102
0.303363
0.181587
0.289154
0.156189
0.156318
0.423291
0.548808
0.505274
0.251945
0.468991
0.368804
0.292702
0.176328
0.342278
0.299094
0.545055
0.355079
0.461670
0.408877
0.277807
0.305423
0.654076
0.637772
0.231339
0.377610
0.736435
0.725489
0.149216
0.194902
0.210850
0.284299
0.387929
0.558087
0.463842
0.436993
0.070559
0.237781
0.579435
0.790378
0.241713
0.132293
0.577904
0.461086
0.385168
0.423540
0.355412
0.434909
0.560396
0.288898
0.138781
0.213613
0.161981
0.123736
0.319838
0.689932
0.448193
0.106764
0.430319
0.293538
0.267119
0.136949
0.319412
0.301993
0.467310
0.379276
0.407580
0.295710
0.336059
0.186082
0.611052
0.492478
0.339629
0.249918
0.661445
0.689224
0.224769
0.236211
0.246122
0.226627
0.311344
0.368123
0.635391
0.534619
0.103249
0.251714
0.518928
0.739556
0.195668
0.150958
0.531631
0.460650
0.399693
0.426720
0.358335
0.305632
0.506753
0.247010
0.219214
0.138206
0.221758
0.162224
0.262872
0.679355
0.377422
0.055361
0.459096
0.289019
0.274605
0.158479
0.400983
0.295082
0.458977
0.461829
0.380339
0.490505
0.371627
0.206562
0.484903
0.298257
0.351967
0.202555
0.480034
0.676197
0.338395
0.261253
0.385388
0.245546
0.306345
0.261553
0.718905
0.635205
0.129510
0.349089
0.460723
0.831049
0.262186
0.237817
0.406570
0.392622
0.412203
0.451458
0.397086
0.297279
0.577364
0.274564
0.244428
0.071057
0.196958
0.172446
0.318153
0.628970
0.358266
0.109120
0.447625
0.349535
0.247451
0.196270
0.476025
0.342575
0.471143
0.506366
0.411099
0.591295
0.300596
0.209850
0.372409
0.186039
0.325224
0.188935
0.339225
0.719966
0.277871
0.272251
0.596664
0.346897
0.329472
0.338136
0.701596
0.602894
0.115567
0.229053
0.627366
0.843309
0.421362
0.252535
0.257030
0.345528
0.317911
0.389230
0.351542
0.249741
0.603411
0.283514
0.180688
0.166386
0.262008
0.206710
0.391299
0.574631
0.339049
0.123123
0.383063
0.273954
0.298967
0.176498
0.545843
0.243655
0.428330
0.472686
0.381578
0.463747
0.217592
0.173521
0.332740
0.229252
0.304527
0.194176
0.409042
0.703757
0.216088
0.238519
0.614269
0.453114
0.306768
0.511907
0.555118
0.481040
0.051472
0.257378
0.805617
0.706271
0.522764
0.188310
0.257990
0.384226
0.314561
0.275458
0.233642
0.192288
0.552058
0.187868
0.142696
0.151292
0.313902
0.299726
0.382633
0.502884
0.323050
0.194327
0.307506
0.190059
0.285426
0.084838
0.488904
0.343329
0.466308
0.389958
0.488209
0.311587
0.151357
0.192272
0.304305
0.305753
0.307417
0.250213
0.611420
0.689653
0.059534
0.210595
0.538041
0.352248
0.273959
0.565056
0.406482
0.422806
0.050206
0.334982
0.652289
0.566334
0.531726
0.298978
0.336650
0.458308
0.387403
0.142914
0.202876
0.173706
0.446357
0.061763
0.184449
0.078281
0.410081
0.219456
0.268236
0.416162
0.284747
0.181975
0.188813
0.258838
0.148018
0.029581
0.353808
0.437403
0.555914
0.405260
0.614501
0.270568
0.213492
0.310798
0.307695
0.216654
0.259958
0.227735
0.715127
0.635371
0.148132
0.110590
0.509856
0.180770
0.231925
0.449915
0.383493
0.380835
0.057354
0.280267
0.379919
0.401803
0.414946
0.373944
0.364131
0.536003
0.441632
0.123977
0.194821
0.194852
0.357368
0.093231
0.307677
0.149379
0.433803
0.211274
0.080806
0.301924
0.145381
0.082758
0.147907
0.353746
0.069119
0.073253
0.316123
0.440419
0.577412
0.481204
0.577696
0.277401
0.322445
0.321319
0.335293
0.151475
0.263966
0.235906
0.567483
0.573638
0.293742
0.220398
0.575425
0.153509
0.227299
0.315241
0.546769
0.375131
0.075795
0.214550
0.263581
0.231273
0.353463
0.360577
0.274283
0.548974
0.353198
0.247898
0.105577
0.409541
0.220534
0.155098
0.362149
0.291430
0.415898
0.132137
0.059792
0.271771
0.019993
0.139737
0.070246
0.357672
0.121777
0.057183
0.422141
0.402360
0.486763
0.502034
0.370295
0.284418
0.367986
0.219777
0.336466
0.106748
0.266688
0.313445
0.442862
0.455208
0.369776
0.362640
0.576936
0.243646
0.226629
0.256336
0.674906
0.374569
0.024820
0.240543
0.301452
0.131150
0.341853
0.247728
0.287647
0.512052
0.195296
0.235693
0.113180
0.461889
0.270761
0.122737
0.404911
0.400981
0.353696
0.098723
0.180906
0.311454
0.086007
0.150952
0.192932
0.281371
0.138084
0.167513
0.555046
0.359330
0.379497
0.354759
0.282236
0.264043
0.289478
0.073333
0.327880
0.078689
0.353889
0.374598
0.401330
0.461267
0.426375
0.454387
0.492229
0.325730
0.307721
0.207666
0.679772
0.418096
0.168839
0.268245
0.238331
0.176301
0.344497
0.243439
0.341670
0.435464
0.151731
0.247138
0.108501
0.430681
0.214386
0.062769
0.488031
0.460086
0.318735
0.187663
0.338807
0.328626
0.146313
0.173485
0.124571
0.224299
0.102455
0.269853
0.517835
0.331207
0.323474
0.265740
0.357211
0.178349
0.253241
0.049335
0.354373
0.218488
0.316510
0.317646
0.355456
0.433384
0.484395
0.432383
0.372361
0.352476
0.350394
0.125892
0.582870
0.393102
0.203146
0.135235
0.083429
0.125303
0.292882
0.342326
0.457774
0.369283
0.208481
0.161357
0.233204
0.368697
0.152532
0.060723
0.579472
0.421284
0.313718
0.364125
0.391005
0.289123
0.260215
0.228513
0.131340
0.261193
0.080474
0.378263
0.402126
0.322107
0.277802
0.273297
0.406995
0.105125
0.254827
0.051407
0.331930
0.233188
0.221875
0.280213
0.291985
0.400716
0.496018
0.331483
0.327196
0.342993
0.365770
0.154113
0.505632
0.262466
0.085513
0.065369
0.031850
0.095937
0.353567
0.420657
0.458379
0.285086
0.244099
0.109559
0.260905
0.348456
0.162040
0.124458
0.528405
0.353743
0.179807
0.320588
0.384676
0.209929
0.260552
0.224774
0.174247
0.264822
0.075134
0.512013
0.378322
0.356918
0.278723
0.264964
0.309722
0.056193
0.165365
0.068422
0.343448
0.254761
0.161892
0.363666
0.376010
0.249194
0.545168
0.232808
0.307192
0.323534
0.342529
0.116122
0.367978
0.189381
0.059964
0.116309
0.126782
0.212027
0.419037
0.419963
0.360192
0.190565
0.321049
0.059047
0.223505
0.263236
0.075647
0.199940
0.339081
0.429505
0.035801
0.257526
0.421426
0.107902
0.273944
0.203511
0.132464
0.253527
0.261432
0.492474
0.489456
0.372461
0.343341
0.159055
0.298548
0.033562
0.113520
0.192805
0.400562
0.338976
0.241426
0.320904
0.525687
0.123089
0.603329
0.227555
0.281906
0.242448
0.388284
0.239380
0.300056
0.239635
0.211193
0.179118
0.237580
0.374876
0.444905
0.425979
0.345320
0.082289
0.391411
0.049822
0.210507
0.308319
0.101407
0.309685
0.364408
0.541649
0.052682
0.235543
0.440299
0.048017
0.320273
0.197190
0.106907
0.323752
0.386984
0.290790
0.654071
0.384466
0.303537
0.133751
0.307414
0.130792
0.151077
0.311241
0.430879
0.289267
0.244539
0.156128
0.502186
0.173021
0.613565
0.249365
0.262266
0.157262
0.457771
0.400554
0.316395
0.221156
0.281088
0.239439
0.342690
0.336564
0.310129
0.412507
0.508443
0.118786
0.417827
0.190471
0.238876
0.189964
0.183441
0.200662
0.366105
0.621244
0.222151
0.189356
0.393778
0.033821
0.331002
0.182710
0.118242
0.362661
0.376636
0.249452
0.774344
0.284933
0.141591
0.177934
0.288817
0.137148
0.138176
0.428567
0.391290
0.252652
0.055699
0.154124
0.493284
0.243486
0.584731
0.240868
0.212650
0.165184
0.361734
0.308606
0.397853
0.165941
0.284300
0.213299
0.346500
0.341857
0.247666
0.347010
0.594278
0.205068
0.358180
0.234828
0.310264
0.075959
0.099526
0.120819
0.493874
0.561647
0.239523
0.217275
0.295326
0.056088
0.209854
0.136884
0.277549
0.281518
0.384944
0.239487
0.792281
0.140032
0.215092
0.153375
0.303329
0.141875
0.138610
0.556087
0.391662
0.275991
0.079047
0.224318
0.553742
0.383211
0.564485
0.123242
0.161839
0.208596
0.201558
0.151839
0.403698
0.178227
0.289608
0.221957
0.286778
0.406815
0.293129
0.233429
0.534539
0.319329
0.288038
0.266425
0.337425
0.091524
0.124587
0.151185
0.441074
0.580116
0.340467
0.298957
0.276466
0.073600
0.232529
0.185654
0.247586
0.144051
0.360227
0.408350
0.695837
0.129245
0.168667
0.093648
0.288115
0.158022
0.237085
0.692727
0.446298
0.390602
0.042584
0.187184
0.596371
0.341036
0.650613
0.106728
0.263222
0.242116
0.149470
0.203761
0.323145
0.275247
0.292182
0.206638
0.273537
0.381530
0.303292
0.076488
0.459631
0.337590
0.256726
0.401424
0.323231
0.121259
0.229995
0.221963
0.405678
0.639308
0.395746
0.382512
0.418615
0.091428
0.261940
0.227371
0.139712
0.095589
0.309105
0.286780
0.541313
0.252119
0.130698
0.093668
0.350998
0.200610
0.207012
0.651032
0.511751
0.481159
0.064645
0.214527
0.601394
0.171924
0.747010
0.055883
0.365651
0.246694
0.202593
0.236722
0.230408
0.268569
0.374808
0.327591
0.310187
0.245281
0.192984
0.120443
0.337843
0.269880
0.245992
0.457965
0.309197
0.218273
0.223771
0.187302
0.424640
0.634460
0.438553
0.585442
0.505277
0.181216
0.355118
0.219100
0.053536
0.188128
0.299773
0.052399
0.471624
0.357508
0.152714
0.139756
0.371080
0.343419
0.180502
0.534996
0.518700
0.568860
0.016965
0.190578
0.437088
0.090711
0.569422
0.030215
0.379196
0.209538
0.273400
0.272907
0.247873
0.269062
0.453422
0.228937
0.308978
0.200196
0.047898
0.300800
0.369604
0.199008
0.161539
0.375261
0.258455
0.325945
0.297574
0.141187
0.370239
0.495827
0.430726
0.729361
0.498532
0.223597
0.344409
0.192047
0.048166
0.351203
0.362118
0.098412
0.440183
0.227060
0.137854
0.149304
0.460705
0.464708
0.145251
0.398444
0.494836
0.648164
0.126250
0.132885
0.276420
0.122051
0.213278
0.050596
0.300660
0.221327
0.241946
0.239052
0.258679
0.268891
0.529782
0.253171
0.316948
0.147303
0.164507
0.335460
0.361497
0.127405
0.161884
0.258600
0.297805
0.451624
0.212636
0.157193
0.182892
0.428681
0.371437
0.726195
0.334185
0.153921
0.180107
0.132946
0.022470
0.372031
0.380319
0.125904
0.379622
0.125886
0.189283
0.098116
0.499479
0.514858
0.155156
0.321699
0.382130
0.637415
0.117581
0.128323
0.146680
0.208159
0.112716
0.116735
0.231806
0.233996
0.212671
0.228743
0.185547
0.223058
0.579575
0.446080
0.300694
0.179246
0.182951
0.396978
0.299155
0.085112
0.208167
0.349370
0.221211
0.413570
0.035950
0.211097
0.198814
0.415146
0.359987
0.621831
0.188151
0.257248
0.357646
0.087935
0.034513
0.236376
0.322025
0.197079
0.256428
0.155530
0.219816
0.069599
0.437453
0.470535
0.232793
0.287434
0.244193
0.592768
0.077445
0.168376
0.122831
0.369189
0.083589
0.210159
0.272429
0.159324
0.169962
0.244000
0.080742
0.220751
0.607871
0.566819
0.316808
0.226411
0.145074
0.475513
0.334684
0.165629
0.278637
0.504909
0.103679
0.549252
0.190940
0.178377
0.334537
0.370997
0.323161
0.510916
0.153658
0.335019
0.451369
0.013840
0.079694
0.175859
0.170342
0.225630
0.134689
0.191909
0.236587
0.175986
0.449209
0.412713
0.203499
0.288037
0.173065
0.560565
0.063716
0.209257
0.049086
0.501414
0.135781
0.134680
0.281734
0.081722
0.222901
0.132711
0.060937
0.193910
0.584722
0.464969
0.227496
0.317884
0.069752
0.489760
0.421013
0.283477
0.296348
0.443564
0.127780
0.478884
0.205525
0.181964
0.405007
0.262022
0.319407
0.362379
0.196865
0.281178
0.341144
0.136660
0.154568
0.042874
0.097512
0.232358
0.184315
0.136165
0.186211
0.203965
0.481447
0.461121
0.220032
0.186455
0.205647
0.442708
0.118649
0.280112
0.080702
0.399556
0.133456
0.148843
0.215792
0.084560
0.155204
0.023486
0.059179
0.217497
0.477804
0.393152
0.180501
0.443270
0.110921
0.398596
0.463704
0.332511
0.329634
0.296328
0.173816
0.305887
0.269320
0.244110
0.374752
0.277773
0.178240
0.235173
0.208802
0.233820
0.323122
0.214725
0.206308
0.072527
0.118550
0.363796
0.155111
0.066167
0.070751
0.275485
0.519915
0.560212
0.242312
0.078127
0.156626
0.352109
0.139715
0.339888
0.152665
0.396799
0.170578
0.340940
0.171472
0.064824
0.214857
0.101143
0.161914
0.212280
0.333364
0.293136
0.185936
0.466499
0.105274
0.282821
0.452829
0.236484
0.311635
0.248029
0.202668
0.206793
0.326010
0.319833
0.355920
0.299145
0.129726
0.223822
0.126949
0.219510
0.371924
0.210630
0.139279
0.168142
0.175033
0.316493
0.159223
0.072756
0.077996
0.245780
0.562049
0.594366
0.251671
0.042594
0.066436
0.333895
0.103430
0.369236
0.260213
0.313302
0.156608
0.533473
0.162882
0.135522
0.294012
0.082277
0.151612
0.262498
0.280854
0.258706
0.314279
0.454997
0.080221
0.219064
0.481221
0.223689
0.389770
0.202723
0.103879
0.271053
0.502381
0.208794
0.453928
0.294991
0.108945
0.195311
0.107165
0.230671
0.374926
0.272624
0.102706
0.245966
0.209942
0.222198
0.196548
0.060234
0.112157
0.259384
0.597864
0.551668
0.233615
0.111216
0.100722
0.373780
0.210840
0.366440
0.338869
0.167879
0.153140
0.557863
0.194596
0.241260
0.230201
0.078949
0.144797
0.306169
0.255730
0.141527
0.454312
0.492842
0.092369
0.171731
0.462005
0.260465
0.367245
0.154299
0.146633
0.345991
0.540023
0.167674
0.530271
0.296937
0.175429
0.164882
0.161539
0.309835
0.251708
0.272879
0.111397
0.332234
0.238511
0.252401
0.193891
0.005050
0.150896
0.299491
0.532907
0.493517
0.279241
0.106412
0.188906
0.198345
0.236684
0.340115
0.456914
0.086209
0.187953
0.383620
0.245377
0.197636
0.308950
0.078229
0.084871
0.274748
0.247500
0.113271
0.501155
0.445344
0.106021
0.352452
0.282105
0.288291
0.254959
0.210693
0.114162
0.382088
0.504815
0.339891
0.506937
0.323909
0.234452
0.126894
0.079696
0.361619
0.169291
0.187995
0.103846
0.363410
0.190242
0.287034
0.276703
0.003561
0.131831
0.335952
0.438888
0.403814
0.366343
0.132725
0.171150
0.170517
0.206465
0.212277
0.418985
0.138635
0.170364
0.224086
0.370785
0.221444
0.375277
0.113168
0.069161
0.245453
0.164480
0.127033
0.516185
0.322000
0.124863
0.509632
0.258175
0.265671
0.092025
0.238449
0.058569
0.358156
0.357870
0.266212
0.411674
0.292274
0.265182
0.140648
0.056690
0.367499
0.118019
0.137778
0.121860
0.328712
0.102282
0.196197
0.372407
0.048660
0.108174
0.288429
0.437498
0.329883
0.257492
0.166087
0.183789
0.185580
0.165732
0.073083
0.283161
0.287064
0.104100
0.115255
0.411614
0.243486
0.341956
0.149807
0.204660
0.279585
0.056437
0.132065
0.451371
0.219730
0.152030
0.554352
0.300029
0.343362
0.081648
0.197472
0.166247
0.304626
0.309289
0.122499
0.329160
0.197703
0.246527
0.150821
0.117185
0.379173
0.022992
0.194813
0.140954
0.282374
0.059798
0.159641
0.385867
0.084478
0.024906
0.155031
0.564002
0.260498
0.080025
0.149895
0.248772
0.157207
0.211920
0.057961
0.271303
0.389392
0.162851
0.066028
0.363083
0.287970
0.246507
0.193869
0.244187
0.119091
0.069224
0.158317
0.410046
0.149290
0.150787
0.508828
0.288689
0.312367
0.198686
0.163212
0.298658
0.253025
0.257176
0.246275
0.288451
0.170684
0.253572
0.165047
0.248653
0.328630
0.154889
0.210706
0.152967
0.271624
0.095130
0.231341
0.368738
0.114293
0.095637
0.128854
0.560030
0.259672
0.105647
0.252738
0.273134
0.253439
0.278151
0.072105
0.360397
0.410577
0.263859
0.014275
0.344561
0.297741
0.086291
0.212980
0.287703
0.051645
0.116402
0.175695
0.364498
0.111233
0.051336
0.497450
0.230620
0.304120
0.385267
0.130540
0.401013
0.271239
0.223244
0.349251
0.203776
0.273327
0.257588
0.170223
0.158940
0.247783
0.214405
0.161758
0.208023
0.350361
0.211234
0.186497
0.343948
0.183366
0.059943
0.292103
0.341203
0.287861
0.258746
0.279358
0.284493
0.380887
0.256305
0.113111
0.365666
0.383380
0.231013
0.038400
0.404372
0.224485
0.084332
0.236553
0.302558
0.108083
0.174416
0.181984
0.364805
0.290520
0.062144
0.488156
0.232441
0.188014
0.398981
0.082306
0.408973
0.221394
0.152249
0.180220
0.238027
0.307132
0.192438
0.291358
0.053367
0.064263
0.224806
0.106704
0.254290
0.376036
0.301209
0.101227
0.292777
0.189209
0.019153
0.351611
0.202881
0.284326
0.242822
0.145604
0.278114
0.372996
0.243690
0.095016
0.294147
0.363775
0.247836
0.104939
0.461495
0.166171
0.181896
0.119871
0.182803
0.171404
0.208676
0.159911
0.284719
0.290874
0.275180
0.436516
0.154807
0.087574
0.376290
0.199135
0.414162
0.189196
0.255303
0.107347
0.207432
0.317966
0.141246
0.331083
0.058540
0.104909
0.233220
0.216853
0.332112
0.352378
0.269973
0.173534
0.194000
0.182449
0.093903
0.304379
0.116876
0.152522
0.145705
0.152924
0.238483
0.251913
0.300241
0.107750
0.197657
0.399868
0.241055
0.113620
0.385220
0.191435
0.213665
0.055602
0.195708
0.122461
0.126900
0.175507
0.352712
0.175930
0.408393
0.381027
0.062546
0.048093
0.350076
0.245498
0.375849
0.321963
0.360353
0.226684
0.194356
0.281405
0.137251
0.241397
0.266043
0.228371
0.128851
0.410858
0.400249
0.297488
0.344027
0.135437
0.063413
0.176405
0.263381
0.336450
0.048295
0.067964
0.141133
0.270315
0.148251
0.206203
0.358805
0.168752
0.180907
0.473560
0.267824
0.067341
0.320296
0.223426
0.285063
0.125999
0.080834
0.181674
0.056796
0.152392
0.516813
0.095238
0.516399
0.261431
0.068413
0.105465
0.378089
0.219532
0.380623
0.431620
0.357674
0.222043
0.176559
0.222739
0.114486
0.240117
0.425179
0.306369
0.058994
0.475670
0.451675
0.318522
0.287807
0.159860
0.186216
0.274694
0.233141
0.422254
0.025560
0.124292
0.158147
0.330048
0.006740
0.250183
0.338325
0.188919
0.229381
0.534880
0.398319
0.129331
0.398080
0.245017
0.350397
0.202160
0.191341
0.232235
0.145950
0.135046
0.538631
0.069123
0.613529
0.175656
0.078457
0.244800
0.426722
0.347296
0.424171
0.369991
0.267719
0.084576
0.206429
0.152481
0.090497
0.163698
0.435279
0.408755
0.117165
0.357604
0.549801
0.381805
0.211505
0.303673
0.344860
0.335476
0.148296
0.386684
0.047924
0.216691
0.192225
0.309870
0.183745
0.154822
0.351031
0.106589
0.340126
0.624964
0.409351
0.024978
0.472282
0.317533
0.419062
0.239821
0.233799
0.195849
0.086334
0.090458
0.343002
0.117706
0.621797
0.119846
0.075106
0.235918
0.371708
0.373257
0.473936
0.205744
0.237742
0.183171
0.220688
0.160936
0.113539
0.105858
0.434972
0.384934
0.122651
0.266843
0.709456
0.437338
0.239128
0.361798
0.352304
0.385787
0.145613
0.276859
0.069128
0.327799
0.172781
0.210989
0.206256
0.171001
0.468302
0.147423
0.374975
0.644871
0.247648
0.110741
0.447902
0.458412
0.393385
0.216462
0.239317
0.191864
0.036590
0.053678
0.248225
0.146576
0.514125
0.068474
0.194512
0.118579
0.327881
0.305724
0.410410
0.288101
0.119938
0.278900
0.073421
0.164261
0.199956
0.118062
0.561637
0.345151
0.190972
0.245976
0.809360
0.457402
0.340605
0.317295
0.245051
0.362034
0.206839
0.172161
0.152313
0.436564
0.092885
0.148452
0.248075
0.214765
0.527148
0.194039
0.286375
0.540612
0.207998
0.157490
0.393925
0.625702
0.395097
0.254368
0.301361
0.275994
0.143175
0.109480
0.286947
0.220642
0.388681
0.138118
0.208566
0.084557
0.460769
0.304182
0.329990
0.420130
0.188122
0.349142
0.099689
0.023228
0.177661
0.066561
0.664838
0.328573
0.113437
0.264901
0.770590
0.441321
0.257085
0.234043
0.213800
0.348837
0.194429
0.133465
0.043041
0.266727
0.070904
0.087231
0.340831
0.185614
0.423051
0.226670
0.209660
0.327482
0.252369
0.088689
0.324616
0.702753
0.354843
0.346855
0.300879
0.363652
0.231823
0.220428
0.333265
0.263360
0.320177
0.133985
0.130298
0.173501
0.532270
0.345795
0.153747
0.443437
0.268871
0.437976
0.191230
0.107785
0.121432
0.060918
0.675682
0.382254
0.077857
0.207168
0.627969
0.354225
0.044186
0.178863
0.339195
0.353512
0.143581
0.138072
0.055407
0.212252
0.083424
0.166886
0.400875
0.247635
0.303950
0.156506
0.264632
0.291922
0.275482
0.065136
0.219326
0.640001
0.228979
0.434383
0.173819
0.344490
0.294382
0.271068
0.286713
0.361636
0.280765
0.140787
0.180668
0.166519
0.352550
0.308237
0.201616
0.373830
0.187419
0.376694
0.183738
0.113486
0.114043
0.127627
0.514016
0.380185
0.106586
0.241551
0.568531
0.225072
0.147774
0.091219
0.422601
0.344184
0.108188
0.188998
0.073823
0.198066
0.115120
0.250026
0.325073
0.228841
0.285202
0.026396
0.297770
0.304779
0.294231
0.065784
0.126632
0.539788
0.154268
0.424827
0.181891
0.347951
0.333249
0.219412
0.249359
0.527209
0.435589
0.141143
0.370818
0.163646
0.108524
0.163955
0.345614
0.444895
0.127977
0.363209
0.124770
0.078374
0.072830
0.085468
0.443064
0.379529
0.122358
0.321552
0.484081
0.137860
0.187040
0.166617
0.412883
0.404301
0.189860
0.234754
0.045802
0.218927
0.282156
0.300689
0.284274
0.309895
0.319576
0.086111
0.277407
0.220879
0.361494
0.092937
0.207336
0.514353
0.220101
0.354799
0.282447
0.396864
0.340253
0.226754
0.234066
0.597286
0.570981
0.101913
0.422665
0.163954
0.020158
0.140979
0.324024
0.574990
0.270531
0.418942
0.037087
0.158425
0.072257
0.036124
0.488156
0.451051
0.275773
0.356448
0.452668
0.075410
0.185429
0.288267
0.379268
0.457298
0.128804
0.229361
0.032809
0.201766
0.370616
0.310886
0.279207
0.367753
0.288885
0.130110
0.269475
0.181862
0.370049
0.136054
0.193056
0.533520
0.297496
0.330726
0.391191
0.260444
0.336711
0.263240
0.361896
0.596309
0.607244
0.078841
0.298448
0.120030
0.056452
0.227907
0.293504
0.575420
0.223196
0.460690
0.185382
0.073035
0.145938
0.019072
0.493238
0.430092
0.335909
0.312981
0.426429
0.089061
0.144757
0.322423
0.475799
0.505841
0.074262
0.190677
0.040918
0.250436
0.353980
0.189650
0.353297
0.357027
0.160737
0.190582
0.250070
0.161140
0.319243
0.145644
0.136853
0.495468
0.228484
0.328014
0.410631
0.096876
0.293349
0.304538
0.421029
0.609862
0.401088
0.118874
0.192623
0.115491
0.057802
0.389897
0.337100
0.531750
0.063062
0.305567
0.338946
0.176470
0.124757
0.076940
0.433475
0.318305
0.298826
0.208211
0.437799
0.138226
0.058029
0.425416
0.585850
0.529690
0.160726
0.191637
0.043521
0.206339
0.451770
0.204566
0.379816
0.259349
0.050605
0.253282
0.233644
0.128473
0.264004
0.273355
0.153062
0.457849
0.160464
0.373066
0.407794
0.149689
0.236347
0.288203
0.443070
0.654500
0.336553
0.180517
0.249928
0.115580
0.041974
0.317919
0.449647
0.536552
0.121044
0.136003
0.403754
0.328019
0.102965
0.107247
0.359968
0.318573
0.403287
0.106299
0.399177
0.220755
0.164375
0.562640
0.633248
0.435996
0.407933
0.127998
0.111894
0.179885
0.491030
0.254594
0.397823
0.156438
0.066095
0.266873
0.255526
0.193979
0.241428
0.298205
0.114780
0.505186
0.248492
0.414051
0.419352
0.282119
0.354383
0.305469
0.513529
0.655102
0.302409
0.240177
0.339139
0.212998
0.102936
0.196755
0.498438
0.462322
0.267799
0.242261
0.379265
0.305150
0.250585
0.062255
0.409788
0.339385
0.587519
0.064754
0.434894
0.195773
0.133097
0.569299
0.596178
0.266897
0.601611
0.079028
0.268047
0.097070
0.515048
0.295988
0.387871
0.132689
0.115970
0.185466
0.326728
0.259562
0.186069
0.263122
0.055277
0.578638
0.351418
0.422653
0.439335
0.178307
0.468393
0.210946
0.518501
0.564140
0.204773
0.395154
0.335431
0.332470
0.236219
0.188575
0.575056
0.339295
0.253245
0.197242
0.435818
0.271818
0.534178
0.104973
0.468154
0.364137
0.618843
0.073226
0.510283
0.133703
0.243306
0.453319
0.499831
0.152215
0.652573
0.070294
0.312278
0.197095
0.587123
0.303022
0.391790
0.147537
0.144529
0.139745
0.414877
0.406992
0.303015
0.259456
0.216255
0.535982
0.375169
0.406225
0.449585
0.254878
0.437041
0.142969
0.526826
0.435332
0.217558
0.522862
0.348808
0.471940
0.275649
0.317331
0.580190
0.291539
0.212039
0.122111
0.529474
0.427448
0.689590
0.195721
0.461485
0.398724
0.566456
0.178466
0.589329
0.240100
0.367211
0.364632
0.423802
0.138693
0.625322
0.134006
0.261704
0.219173
0.678060
0.217834
0.366195
0.142799
0.097674
0.037341
0.317279
0.500941
0.265017
0.397567
0.301810
0.458144
0.285569
0.333134
0.518805
0.215754
0.371217
0.142527
0.541783
0.331219
0.282249
0.554832
0.473729
0.482826
0.278347
0.424043
0.528325
0.248469
0.228163
0.103908
0.582608
0.443225
0.695225
0.233576
0.372401
0.447996
0.591864
0.262381
0.473402
0.265982
0.427730
0.288024
0.386029
0.154175
0.577952
0.201088
0.245603
0.144336
0.563021
0.114414
0.410866
0.157729
0.090039
0.101657
0.228986
0.498188
0.249441
0.496243
0.269068
0.383179
0.359114
0.268030
0.636506
0.263100
0.431541
0.177852
0.466805
0.307940
0.326239
0.547081
0.525976
0.440363
0.297278
0.434374
0.456494
0.224689
0.476641
0.007731
0.646309
0.386745
0.712248
0.217304
0.262880
0.461589
0.619662
0.343708
0.368633
0.249196
0.392916
0.186018
0.449314
0.198499
0.600164
0.223802
0.366434
0.173921
0.305728
0.046849
0.480881
0.158731
0.172084
0.188464
0.256477
0.482700
0.319976
0.437704
0.262462
0.315578
0.331837
0.193940
0.698105
0.349508
0.467660
0.280679
0.319329
0.342377
0.277751
0.536719
0.387741
0.359499
0.301522
0.389518
0.488683
0.199086
0.638976
0.093094
0.747141
0.431724
0.750370
0.230644
0.238813
0.457633
0.597629
0.462071
0.282748
0.425478
0.363778
0.125615
0.566577
0.225785
0.675094
0.210274
0.439775
0.135131
0.200899
0.190943
0.511566
0.271745
0.217371
0.261592
0.260916
0.418927
0.364031
0.343655
0.315787
0.207269
0.158713
0.214211
0.708736
0.412680
0.485089
0.446737
0.218877
0.311846
0.277453
0.583861
0.356292
0.482378
0.314567
0.336765
0.504364
0.219009
0.702780
0.166544
0.634566
0.503133
0.775483
0.274909
0.286871
0.451528
0.512210
0.599531
0.259953
0.577122
0.438105
0.242769
0.510028
0.289834
0.719423
0.235434
0.444525
0.070250
0.277845
0.265356
0.628605
0.301112
0.218703
0.320298
0.248678
0.338972
0.366864
0.318892
0.361237
0.084083
0.100910
0.279373
0.682400
0.515531
0.467583
0.496566
0.352554
0.264538
0.350859
0.544669
0.472300
0.617882
0.342985
0.287739
0.457075
0.260678
0.658188
0.277190
0.435515
0.527778
0.707865
0.323945
0.203610
0.469496
0.430717
0.593092
0.230214
0.545965
0.426537
0.253146
0.373713
0.300441
0.685825
0.291401
0.478586
0.190157
0.273668
0.365295
0.629939
0.330757
0.269324
0.359725
0.233888
0.300584
0.366492
0.508323
0.351157
0.089447
0.175526
0.305484
0.663394
0.538007
0.505773
0.476539
0.403341
0.178115
0.334445
0.448884
0.547631
0.623928
0.238678
0.301556
0.425218
0.180310
0.691946
0.311124
0.477400
0.561759
0.628122
0.381030
0.185827
0.409054
0.387012
0.384759
0.201992
0.463585
0.367443
0.355835
0.384452
0.304176
0.535618
0.351619
0.487630
0.383328
0.169120
0.529507
0.547792
0.439598
0.267542
0.394326
0.238072
0.253849
0.375985
0.447608
0.334562
0.106322
0.214273
0.240679
0.658327
0.472749
0.473544
0.512560
0.504881
0.194068
0.250054
0.361978
0.466023
0.484165
0.329457
0.317790
0.480860
0.121165
0.688745
0.409451
0.655536
0.574910
0.607531
0.411070
0.298090
0.397603
0.375428
0.270984
0.174438
0.459342
0.507752
0.324333
0.577866
0.350780
0.356570
0.381736
0.481498
0.450747
0.201986
0.479069
0.436475
0.508516
0.290693
0.400039
0.327187
0.334688
0.352376
0.335026
0.326231
0.153926
0.182424
0.223112
0.643269
0.478751
0.428678
0.543650
0.543132
0.305432
0.207616
0.293245
0.506645
0.470957
0.354309
0.378535
0.575096
0.032464
0.723266
0.488845
0.724346
0.685266
0.497566
0.467540
0.415190
0.388678
0.341900
0.361596
0.109448
0.448216
0.711588
0.155513
0.788611
0.352409
0.244995
0.350427
0.461323
0.436433
0.334974
0.458143
0.448108
0.583104
0.314023
0.450630
0.474490
0.401781
0.329985
0.271516
0.347548
0.259507
0.243861
0.236333
0.706875
0.618453
0.428712
0.528333
0.505425
0.299641
0.319283
0.202464
0.664217
0.448514
0.292814
0.429607
0.724980
0.077440
0.736235
0.454105
0.707703
0.769961
0.404702
0.551854
0.388633
0.382229
0.358377
0.488993
0.150487
0.430115
0.791612
0.116035
0.864276
0.270441
0.233994
0.366679
0.548993
0.546132
0.315910
0.656627
0.536553
0.553848
0.362133
0.477786
0.565061
0.370909
0.412338
0.311333
0.393425
0.362977
0.364886
0.271781
0.749800
0.638228
0.468752
0.421348
0.406256
0.269769
0.455080
0.134384
0.689901
0.487141
0.396520
0.381876
0.799576
0.183272
0.745093
0.354187
0.720635
0.855001
0.416611
0.646717
0.395892
0.357767
0.350739
0.454432
0.240386
0.367819
0.756403
0.114145
0.894938
0.201446
0.219410
0.451832
0.595070
0.608655
0.230366
0.703242
0.615462
0.528414
0.364436
0.488568
0.575825
0.322102
0.635224
0.375402
0.439589
0.415685
0.489498
0.262121
0.718685
0.525362
0.423445
0.272074
0.464586
0.308790
0.537998
0.099875
0.660786
0.542780
0.604387
0.330357
0.817955
0.283642
0.549650
0.375597
0.769944
0.886605
0.431498
0.656019
0.518477
0.412784
0.340554
0.406697
0.389187
0.356879
0.855712
0.279628
0.948306
0.261381
0.207648
0.502799
0.569425
0.588029
0.135072
0.501433
0.648688
0.592480
0.452259
0.574855
0.580858
0.342363
0.715635
0.403508
0.455074
0.402083
0.554075
0.270721
0.698353
0.480687
0.374554
0.129263
0.612400
0.280791
0.540944
0.042693
0.724705
0.655259
0.794424
0.272159
0.761656
0.414088
0.363621
0.426513
0.709758
0.872841
0.338941
0.586990
0.639674
0.448055
0.350292
0.462231
0.429658
0.396006
0.831031
0.464717
0.965227
0.364659
0.211954
0.445049
0.520368
0.633332
0.096537
0.390936
0.632980
0.738441
0.673955
0.696996
0.677928
0.386181
0.715768
0.377861
0.487699
0.450086
0.532415
0.306396
0.683320
0.605777
0.346781
0.237580
0.659535
0.334842
0.428138
0.004081
0.823042
0.674594
0.818111
0.308781
0.753551
0.413508
0.233209
0.451658
0.668673
0.744273
0.234182
0.558514
0.611937
0.470549
0.393930
0.551685
0.420923
0.499577
0.694401
0.542276
0.800768
0.412452
0.242583
0.350379
0.600892
0.824603
0.074176
0.479476
0.563506
0.821239
0.831305
0.768364
0.860503
0.442170
0.617166
0.360437
0.513084
0.520695
0.487297
0.295327
0.602742
0.740440
0.375035
0.256301
0.519717
0.303355
0.365578
0.073661
0.729499
0.638790
0.807072
0.375963
0.711485
0.378955
0.254524
0.355129
0.769936
0.580741
0.205481
0.630237
0.573552
0.409684
0.398975
0.504277
0.426707
0.609201
0.568238
0.634810
0.679111
0.468549
0.275187
0.318765
0.702301
1.053547
0.161129
0.541589
0.451209
0.815451
0.785247
0.679716
0.961607
0.464235
0.576222
0.410296
0.604848
0.510052
0.504727
0.218840
0.484161
0.701723
0.369934
0.224219
0.461697
0.291453
0.444571
0.068498
0.659100
0.524536
0.842608
0.370459
0.620364
0.380911
0.279346
0.271667
0.811065
0.518420
0.221663
0.641114
0.648869
0.411804
0.391762
0.410432
0.440884
0.607659
0.607956
0.710870
0.673528
0.581793
0.291745
0.337171
0.719281
1.062868
0.234075
0.402554
0.458057
0.827443
0.663284
0.531674
0.874673
0.479705
0.528394
0.388405
0.729402
0.545966
0.499571
0.171017
0.545449
0.556926
0.435288
0.366670
0.539281
0.448595
0.556095
0.131119
0.690223
0.455532
0.894806
0.316699
0.467226
0.520076
0.319237
0.255132
0.686341
0.645321
0.251482
0.588600
0.673161
0.426515
0.362521
0.452199
0.454080
0.482695
0.587490
0.760720
0.680422
0.720859
0.276791
0.295175
0.684185
0.926564
0.278870
0.309292
0.586933
0.872232
0.598687
0.458585
0.745379
0.528387
0.505691
0.390984
0.858348
0.572981
0.492799
0.162690
0.661877
0.476878
0.510340
0.559353
0.678603
0.621754
0.565271
0.131529
0.731290
0.459659
0.846925
0.284555
0.293356
0.652942
0.326081
0.329950
0.602741
0.767463
0.324503
0.548534
0.704226
0.533254
0.396733
0.442097
0.438562
0.449136
0.403953
0.749553
0.672792
0.857987
0.248707
0.248140
0.764716
0.836750
0.225662
0.394666
0.708929
0.784387
0.561283
0.441988
0.650900
0.659683
0.533509
0.413393
0.962998
0.686489
0.453059
0.205432
0.747552
0.519643
0.557226
0.645092
0.742855
