# G_1, p = 1.5000 GPa (dir_15000.0_bar).
# 6MR distortion Gamma = (1/2)(max - min) over the three opposite-O diagonals.
# 64 rings x 101 frames = 6464 samples.
# Column: per-6MR Gamma [A]
0.000124
0.000123
0.000120
0.000111
0.000214
0.000214
0.000205
0.000214
0.000130
0.000123
0.000119
0.000112
0.000216
0.000216
0.000210
0.000216
0.000134
0.000123
0.000120
0.000106
0.000214
0.000216
0.000205
0.000210
0.000126
0.000123
0.000112
0.000112
0.000216
0.000216
0.000210
0.000214
0.000131
0.000123
0.000113
0.000106
0.000214
0.000216
0.000205
0.000214
0.000123
0.000123
0.000119
0.000118
0.000216
0.000214
0.000210
0.000216
0.000127
0.000123
0.000120
0.000111
0.000214
0.000214
0.000205
0.000216
0.000120
0.000123
0.000112
0.000118
0.000216
0.000214
0.000210
0.000214
0.098565
0.070034
0.069955
0.038634
0.046397
0.055521
0.088913
0.087267
0.137559
0.066210
0.198960
0.098145
0.042405
0.007782
0.190591
0.091252
0.151089
0.072154
0.076739
0.040220
0.059851
0.182294
0.169255
0.151886
0.145226
0.154352
0.094933
0.072623
0.092992
0.131200
0.112804
0.149734
0.199216
0.098219
0.175199
0.123509
0.114983
0.051488
0.110003
0.114220
0.036119
0.215172
0.030435
0.069758
0.111918
0.057671
0.047491
0.065705
0.104402
0.102117
0.077635
0.143048
0.078007
0.060150
0.023553
0.047151
0.058050
0.044805
0.154067
0.010336
0.082597
0.067109
0.116412
0.129897
0.225443
0.148670
0.085852
0.052891
0.038396
0.197355
0.074505
0.213080
0.289324
0.106092
0.248425
0.240498
0.011723
0.055916
0.212175
0.142412
0.242209
0.142317
0.119238
0.073440
0.152413
0.250454
0.078752
0.266855
0.163901
0.131686
0.093584
0.118526
0.118882
0.238420
0.238521
0.167492
0.313704
0.171244
0.217607
0.330857
0.143139
0.053731
0.142062
0.151563
0.151387
0.211809
0.115878
0.148262
0.156692
0.016112
0.042365
0.124412
0.163902
0.178567
0.194969
0.212141
0.164231
0.227795
0.081823
0.137482
0.074180
0.136599
0.122832
0.097655
0.064203
0.103600
0.217152
0.135812
0.278455
0.171655
0.163198
0.063376
0.022268
0.308927
0.133388
0.297860
0.462745
0.151697
0.190979
0.369858
0.064467
0.097325
0.217666
0.112060
0.255900
0.169410
0.144806
0.132402
0.283318
0.184177
0.087167
0.274297
0.158944
0.050338
0.079849
0.074835
0.033040
0.195360
0.235363
0.206032
0.247802
0.284626
0.161818
0.430090
0.167089
0.088748
0.248060
0.171796
0.275731
0.181449
0.217676
0.272586
0.168144
0.033141
0.065025
0.241875
0.081777
0.225436
0.409324
0.185054
0.177547
0.349710
0.134750
0.173561
0.232156
0.194908
0.073300
0.056159
0.052348
0.181958
0.223832
0.210980
0.287653
0.110278
0.241723
0.134596
0.113868
0.338368
0.209657
0.265886
0.527017
0.188918
0.247096
0.473891
0.183039
0.054376
0.155548
0.130499
0.318147
0.234981
0.231230
0.217743
0.337468
0.056373
0.122701
0.211351
0.142887
0.086080
0.078186
0.070857
0.158709
0.108538
0.188840
0.288191
0.214497
0.307943
0.198140
0.332054
0.209212
0.181407
0.226068
0.276905
0.282155
0.222367
0.199230
0.252036
0.118879
0.125449
0.198448
0.424521
0.063493
0.263696
0.438797
0.133486
0.200089
0.374564
0.044438
0.112371
0.405437
0.215048
0.102310
0.182772
0.037486
0.094858
0.090955
0.303392
0.278276
0.080063
0.188256
0.090659
0.220805
0.375392
0.172538
0.175363
0.504670
0.131392
0.109174
0.419743
0.137313
0.145439
0.145566
0.268454
0.293347
0.222106
0.233331
0.234841
0.261963
0.103666
0.124736
0.045815
0.240184
0.106232
0.140313
0.107451
0.258324
0.051911
0.108696
0.281462
0.144458
0.267047
0.238765
0.224144
0.131539
0.226185
0.200196
0.250963
0.251090
0.201144
0.195002
0.116145
0.139703
0.181362
0.323986
0.381648
0.144419
0.121535
0.260226
0.050022
0.253254
0.292380
0.077428
0.102918
0.396771
0.153568
0.116455
0.180089
0.077624
0.049288
0.031036
0.210855
0.215242
0.092640
0.050884
0.145967
0.218023
0.225058
0.186974
0.106242
0.461632
0.055517
0.049083
0.288111
0.097092
0.237438
0.183644
0.340644
0.165592
0.067107
0.184558
0.209493
0.061565
0.117051
0.118362
0.132744
0.250768
0.036056
0.107727
0.176630
0.261632
0.062746
0.059277
0.219442
0.126010
0.321193
0.209067
0.123530
0.041201
0.208269
0.169888
0.214217
0.201517
0.122513
0.097460
0.052926
0.123835
0.060456
0.307293
0.204947
0.144775
0.131472
0.149236
0.039849
0.155584
0.285439
0.074511
0.022327
0.194436
0.021781
0.134554
0.082811
0.100517
0.114537
0.055330
0.102936
0.125572
0.127196
0.087104
0.183241
0.129604
0.049783
0.170751
0.154663
0.504184
0.033010
0.104423
0.179390
0.223099
0.265953
0.221344
0.326121
0.064826
0.185064
0.200843
0.201549
0.045823
0.080986
0.148528
0.195704
0.231682
0.088716
0.100484
0.215357
0.274169
0.121559
0.037165
0.245517
0.209684
0.223074
0.139093
0.114191
0.082074
0.221699
0.124961
0.173308
0.070091
0.048470
0.140723
0.083385
0.093675
0.053409
0.262635
0.096954
0.110732
0.175115
0.197515
0.131337
0.034517
0.181763
0.086721
0.108844
0.048079
0.094318
0.121187
0.102444
0.147279
0.240737
0.107336
0.050595
0.183683
0.086515
0.243192
0.097025
0.223591
0.204311
0.130496
0.239889
0.315495
0.077714
0.147267
0.198569
0.187690
0.299320
0.249751
0.275620
0.065878
0.180558
0.283400
0.185138
0.037857
0.049012
0.128837
0.235794
0.088295
0.122926
0.197673
0.182938
0.148787
0.167729
0.070487
0.169605
0.180805
0.102134
0.121305
0.074514
0.123419
0.225821
0.119204
0.114137
0.064823
0.054530
0.195659
0.099497
0.038765
0.126338
0.135465
0.025118
0.137305
0.128541
0.074592
0.222194
0.196569
0.136829
0.119607
0.120970
0.098965
0.158659
0.094496
0.243713
0.157051
0.225791
0.047983
0.181658
0.337071
0.043473
0.270632
0.053208
0.274364
0.288918
0.070873
0.284670
0.054635
0.056924
0.147291
0.202202
0.055588
0.174273
0.233545
0.187631
0.160105
0.080707
0.323686
0.132522
0.088815
0.101115
0.249697
0.330378
0.164213
0.120932
0.205076
0.149060
0.080193
0.173648
0.130375
0.132614
0.111113
0.043245
0.229266
0.132096
0.121593
0.109758
0.141732
0.031746
0.161201
0.110020
0.140732
0.056214
0.041510
0.193356
0.121112
0.046369
0.036856
0.074411
0.073115
0.267389
0.160286
0.132196
0.104737
0.174678
0.051307
0.247824
0.148499
0.146355
0.108242
0.111235
0.149374
0.163429
0.270079
0.161693
0.137234
0.125018
0.224871
0.264868
0.087825
0.329470
0.083258
0.053317
0.213107
0.179073
0.094587
0.139149
0.211238
0.061085
0.179888
0.121754
0.328150
0.192717
0.145180
0.067926
0.343372
0.279059
0.293641
0.168318
0.062808
0.166866
0.061969
0.154508
0.183295
0.146948
0.179051
0.039328
0.496673
0.246903
0.119813
0.021158
0.130399
0.047537
0.182463
0.198482
0.040828
0.266570
0.106381
0.096275
0.168776
0.047047
0.058127
0.217616
0.118146
0.229927
0.088779
0.126479
0.172776
0.079370
0.124802
0.221690
0.217992
0.043632
0.095390
0.076865
0.161210
0.055769
0.103084
0.196174
0.084047
0.195965
0.096208
0.288323
0.094114
0.266304
0.114438
0.159011
0.149931
0.254434
0.192733
0.123319
0.137360
0.256325
0.255363
0.101891
0.272996
0.192215
0.271989
0.111818
0.283920
0.118320
0.262662
0.290421
0.058409
0.171134
0.063412
0.225246
0.165160
0.211435
0.222854
0.115912
0.583845
0.322455
0.135490
0.074890
0.106375
0.148613
0.199355
0.216132
0.104561
0.311032
0.199610
0.149365
0.071684
0.133420
0.085736
0.240734
0.143855
0.171323
0.064388
0.142687
0.114655
0.051486
0.137015
0.119004
0.156136
0.089848
0.079973
0.148814
0.090717
0.109441
0.028353
0.119684
0.152259
0.159634
0.137052
0.202560
0.176215
0.176833
0.162089
0.092090
0.027289
0.413665
0.247754
0.065246
0.070976
0.329302
0.197128
0.042462
0.161231
0.147797
0.255581
0.137407
0.174676
0.023067
0.240822
0.322791
0.084576
0.150050
0.187504
0.265215
0.148528
0.380639
0.210026
0.116534
0.500334
0.373774
0.159753
0.039589
0.074686
0.104195
0.245179
0.288358
0.091140
0.185236
0.281259
0.092800
0.138095
0.155073
0.040460
0.157373
0.119822
0.192948
0.089112
0.120431
0.094804
0.267252
0.081362
0.075515
0.142505
0.087327
0.047229
0.160117
0.055301
0.153828
0.121900
0.080721
0.104524
0.088693
0.116610
0.069156
0.257600
0.063679
0.180353
0.057689
0.101899
0.436436
0.243160
0.126412
0.166733
0.361027
0.255312
0.015933
0.137697
0.104395
0.141554
0.112432
0.084935
0.043711
0.255597
0.283043
0.138712
0.043262
0.399775
0.279183
0.086420
0.463532
0.174757
0.042129
0.339185
0.331904
0.273622
0.031261
0.045059
0.015041
0.202455
0.229160
0.067030
0.109162
0.262054
0.057392
0.230944
0.140078
0.165584
0.063440
0.072701
0.232137
0.037174
0.053854
0.202827
0.432044
0.042594
0.048228
0.179995
0.132761
0.062262
0.132221
0.034035
0.252035
0.163160
0.080844
0.100277
0.176698
0.208701
0.174695
0.221364
0.073430
0.240356
0.146001
0.195752
0.473127
0.216729
0.141246
0.185094
0.352799
0.133312
0.049625
0.158872
0.046542
0.067076
0.082585
0.031198
0.111041
0.228915
0.174902
0.289233
0.165659
0.341519
0.185455
0.067269
0.388567
0.182103
0.145054
0.122012
0.193410
0.366972
0.030015
0.104745
0.039019
0.097815
0.110937
0.087126
0.152848
0.176028
0.135794
0.263469
0.003243
0.214729
0.062613
0.089560
0.204835
0.091708
0.061113
0.155989
0.489608
0.066677
0.101119
0.179400
0.146676
0.032253
0.344779
0.073945
0.197781
0.075630
0.143390
0.102479
0.175320
0.276448
0.175913
0.046591
0.123631
0.247365
0.258685
0.231224
0.434882
0.130824
0.103681
0.184596
0.266119
0.124403
0.018574
0.132872
0.161998
0.168983
0.079291
0.121118
0.304069
0.118086
0.158244
0.349177
0.230303
0.198810
0.108187
0.135722
0.260080
0.306565
0.171716
0.173884
0.335023
0.273686
0.147097
0.145741
0.061419
0.023226
0.184263
0.171587
0.201681
0.267320
0.146128
0.257638
0.052728
0.195175
0.152816
0.219222
0.259469
0.090927
0.093065
0.121796
0.407652
0.071817
0.259427
0.138676
0.125609
0.019120
0.383689
0.062379
0.217639
0.094405
0.313169
0.263547
0.120145
0.267551
0.094484
0.066248
0.145942
0.210265
0.235804
0.279437
0.375025
0.018098
0.099702
0.215991
0.120386
0.130403
0.028419
0.292786
0.143024
0.244945
0.192104
0.149910
0.365935
0.105958
0.171946
0.192899
0.330894
0.126231
0.075797
0.124887
0.140057
0.331218
0.018401
0.234939
0.265999
0.219532
0.284549
0.092690
0.118348
0.146787
0.177505
0.224068
0.111166
0.313381
0.051937
0.162781
0.156061
0.308813
0.161263
0.180752
0.320659
0.106323
0.116375
0.131909
0.251245
0.141934
0.210261
0.173456
0.161964
0.010841
0.255349
0.149336
0.099014
0.187381
0.318081
0.272258
0.100587
0.250300
0.031081
0.096174
0.145444
0.124935
0.237102
0.263119
0.301878
0.081388
0.088219
0.238369
0.034036
0.201330
0.123719
0.364853
0.109523
0.177562
0.196510
0.181551
0.195228
0.072431
0.206924
0.103372
0.294737
0.107677
0.122808
0.106990
0.161511
0.387224
0.142584
0.127720
0.123626
0.205424
0.316505
0.079472
0.125444
0.084581
0.114700
0.249324
0.096879
0.274043
0.095641
0.160645
0.273729
0.313369
0.165588
0.126585
0.313611
0.055523
0.297703
0.088341
0.198164
0.280056
0.153673
0.233535
0.197405
0.026401
0.095456
0.203712
0.051488
0.246957
0.229084
0.205842
0.083283
0.200154
0.019297
0.098968
0.148776
0.093705
0.160294
0.140406
0.169578
0.179491
0.209307
0.122706
0.005617
0.249779
0.200540
0.223801
0.155610
0.155804
0.059965
0.254159
0.214234
0.166233
0.223482
0.078950
0.167034
0.124648
0.174089
0.063061
0.240173
0.235453
0.146746
0.108680
0.196846
0.099680
0.212925
0.181792
0.073222
0.244786
0.103586
0.157096
0.235126
0.112064
0.203819
0.169117
0.363756
0.202320
0.173595
0.143031
0.193609
0.143975
0.454528
0.062874
0.043504
0.311025
0.065763
0.328607
0.198387
0.013466
0.086559
0.183358
0.129050
0.156615
0.166232
0.115176
0.069825
0.150221
0.086448
0.120399
0.153360
0.097245
0.167878
0.144712
0.143926
0.290846
0.258100
0.114658
0.081611
0.337886
0.156537
0.119818
0.211073
0.118026
0.076247
0.330219
0.307083
0.224194
0.136281
0.063959
0.049769
0.129086
0.289478
0.029894
0.220448
0.092000
0.213900
0.136484
0.241519
0.085421
0.049881
0.133548
0.103397
0.302931
0.103556
0.110566
0.229294
0.086830
0.252324
0.173969
0.327167
0.270688
0.199722
0.161422
0.094550
0.179791
0.358479
0.072577
0.154977
0.223203
0.034842
0.230647
0.076796
0.012560
0.095491
0.269520
0.238470
0.010827
0.044848
0.057638
0.174384
0.201457
0.154093
0.123144
0.282664
0.154021
0.159589
0.040563
0.086063
0.331212
0.258918
0.158957
0.138526
0.305786
0.136428
0.105358
0.241198
0.067248
0.113790
0.349467
0.294660
0.189122
0.054277
0.077598
0.081583
0.085019
0.377403
0.058166
0.200023
0.102780
0.150793
0.172165
0.217357
0.208754
0.031668
0.066376
0.238325
0.270359
0.153872
0.138582
0.169226
0.045559
0.090794
0.194970
0.214435
0.265173
0.129259
0.094749
0.163427
0.136936
0.127753
0.016617
0.182232
0.068064
0.015876
0.052106
0.120024
0.021334
0.060229
0.290963
0.271287
0.192255
0.055351
0.224348
0.157058
0.210384
0.134975
0.159215
0.328980
0.250823
0.075841
0.057505
0.188297
0.283826
0.173162
0.098433
0.048360
0.246208
0.128715
0.135026
0.184316
0.063242
0.162105
0.228529
0.249098
0.150691
0.033729
0.148133
0.151958
0.041059
0.376920
0.098768
0.275984
0.161205
0.114983
0.234070
0.123249
0.287532
0.067550
0.018895
0.272478
0.269861
0.312761
0.140783
0.263143
0.108289
0.090394
0.110254
0.187563
0.199405
0.029547
0.071873
0.259863
0.067412
0.138737
0.016194
0.153756
0.108911
0.042328
0.191887
0.207836
0.042700
0.032871
0.233523
0.215890
0.274140
0.054890
0.195485
0.033698
0.130816
0.105445
0.179390
0.357352
0.281611
0.071223
0.146850
0.245639
0.241738
0.063481
0.062637
0.182983
0.154211
0.080580
0.300388
0.161418
0.080346
0.236264
0.138795
0.176439
0.062141
0.139766
0.232534
0.172865
0.125513
0.283682
0.082270
0.221954
0.128807
0.172605
0.266024
0.101871
0.231376
0.036049
0.125352
0.138735
0.276911
0.270033
0.124081
0.297917
0.240375
0.014341
0.040010
0.241419
0.077942
0.127607
0.085442
0.351615
0.156917
0.182991
0.103099
0.107511
0.115303
0.078355
0.133494
0.172202
0.016889
0.104288
0.163306
0.133365
0.169919
0.131061
0.153996
0.114545
0.120712
0.264398
0.186484
0.284648
0.246723
0.109294
0.136304
0.180529
0.163377
0.124236
0.105639
0.292769
0.138178
0.128584
0.309048
0.242824
0.066244
0.190586
0.104427
0.122581
0.052770
0.194770
0.272223
0.195609
0.160198
0.123123
0.083256
0.103627
0.148391
0.197108
0.156837
0.198570
0.075578
0.053465
0.160179
0.079901
0.216924
0.079458
0.077142
0.169010
0.187428
0.108132
0.115305
0.202415
0.153440
0.275562
0.122336
0.378857
0.179396
0.152665
0.164148
0.177653
0.083755
0.048468
0.216515
0.148871
0.038107
0.202296
0.102933
0.084604
0.020285
0.046802
0.098298
0.076193
0.099537
0.295834
0.054904
0.172530
0.137896
0.090605
0.153961
0.149960
0.088466
0.238071
0.089152
0.221363
0.176229
0.219234
0.285231
0.297795
0.015179
0.150850
0.062241
0.044571
0.071010
0.135906
0.257994
0.141378
0.188242
0.110679
0.064613
0.110151
0.120433
0.171983
0.058589
0.239736
0.041287
0.142653
0.322269
0.052745
0.230996
0.118479
0.105195
0.070050
0.084696
0.126824
0.084454
0.236607
0.214667
0.310721
0.152987
0.279501
0.069337
0.098798
0.141062
0.154847
0.082376
0.224942
0.303325
0.116107
0.062554
0.241881
0.146467
0.058121
0.117862
0.035798
0.060007
0.062481
0.069029
0.185131
0.210440
0.106105
0.147174
0.110568
0.177981
0.197265
0.245144
0.259637
0.150264
0.160507
0.193258
0.153696
0.268475
0.267292
0.012280
0.126450
0.215422
0.117707
0.097486
0.060903
0.119807
0.026938
0.132287
0.110160
0.212653
0.218512
0.118157
0.082477
0.065312
0.240552
0.090741
0.158566
0.348870
0.050541
0.178120
0.198074
0.254316
0.040395
0.197425
0.158819
0.061687
0.187571
0.153639
0.285205
0.152990
0.156164
0.062247
0.051881
0.130812
0.064946
0.138957
0.357112
0.291652
0.018242
0.191922
0.268216
0.212479
0.064577
0.165979
0.078759
0.146370
0.131105
0.139087
0.118106
0.173652
0.130638
0.218285
0.244157
0.198249
0.193575
0.270889
0.203834
0.261219
0.147259
0.232107
0.052893
0.232546
0.141804
0.050316
0.055698
0.351961
0.163672
0.138594
0.027346
0.056742
0.156677
0.103490
0.107577
0.125126
0.193370
0.166793
0.111226
0.066184
0.163525
0.078962
0.237616
0.257940
0.125666
0.177468
0.230091
0.194142
0.017824
0.191081
0.309393
0.184615
0.133899
0.140685
0.101756
0.150468
0.191719
0.088918
0.046854
0.157777
0.098308
0.127183
0.318070
0.206353
0.161422
0.230031
0.262978
0.199069
0.038318
0.222974
0.089543
0.268605
0.270091
0.132965
0.141444
0.087145
0.093929
0.143678
0.275117
0.185831
0.237634
0.274465
0.196212
0.288251
0.091623
0.266934
0.115938
0.241642
0.078659
0.079663
0.269498
0.330330
0.176256
0.158162
0.029276
0.081432
0.242329
0.104172
0.139316
0.069463
0.163644
0.313445
0.063138
0.043583
0.104202
0.121966
0.268376
0.121726
0.213262
0.114857
0.290804
0.167753
0.022422
0.142356
0.395931
0.222838
0.174006
0.125946
0.097439
0.142708
0.239178
0.131110
0.050090
0.169383
0.039265
0.090638
0.174250
0.118665
0.240424
0.117309
0.241278
0.053397
0.090575
0.195548
0.138529
0.290378
0.267069
0.228460
0.241929
0.052220
0.155097
0.118059
0.218535
0.075900
0.218065
0.306584
0.164516
0.215883
0.039642
0.212627
0.209478
0.223672
0.124140
0.103139
0.351503
0.199253
0.199953
0.081936
0.037762
0.072936
0.381543
0.019649
0.092075
0.197164
0.141869
0.310359
0.160464
0.062829
0.112986
0.142685
0.171322
0.067449
0.237447
0.094102
0.224839
0.192726
0.012581
0.133891
0.311377
0.163875
0.185056
0.075524
0.080180
0.087269
0.231510
0.119242
0.027642
0.117768
0.064981
0.030900
0.145512
0.035001
0.138691
0.067151
0.153904
0.026577
0.138122
0.140148
0.150426
0.179473
0.162350
0.255843
0.207970
0.106534
0.199652
0.105867
0.065606
0.080638
0.200232
0.239335
0.152512
0.325098
0.069406
0.183204
0.184694
0.267821
0.129666
0.124003
0.256311
0.163244
0.125769
0.065069
0.063994
0.090809
0.456400
0.089422
0.101407
0.175104
0.140370
0.239123
0.161554
0.067307
0.184181
0.183730
0.122319
0.151088
0.134622
0.159491
0.219371
0.162364
0.025249
0.162074
0.153337
0.083782
0.167779
0.101392
0.051462
0.037739
0.160108
0.109408
0.134608
0.096691
0.150682
0.048374
0.172211
0.002502
0.092012
0.114317
0.155212
0.139990
0.166275
0.197628
0.070157
0.044715
0.114323
0.226305
0.209961
0.144944
0.221354
0.074786
0.175565
0.136737
0.172783
0.056861
0.171027
0.265423
0.102781
0.186821
0.166014
0.239005
0.145697
0.151860
0.100818
0.090869
0.088345
0.064163
0.050522
0.023817
0.405185
0.126036
0.105692
0.149748
0.148089
0.034673
0.086456
0.058552
0.129441
0.276497
0.144367
0.122690
0.092052
0.126919
0.162197
0.063000
0.184035
0.212537
0.082485
0.092326
0.068835
0.264853
0.079920
0.089005
0.106536
0.115267
0.276470
0.169868
0.162005
0.075541
0.195032
0.022895
0.113152
0.157128
0.054614
0.161906
0.217210
0.136105
0.016166
0.087963
0.112444
0.210845
0.107862
0.057516
0.179154
0.110150
0.156213
0.179605
0.192298
0.136530
0.150933
0.137027
0.028420
0.045324
0.152020
0.203442
0.198860
0.147774
0.111151
0.056505
0.026445
0.046686
0.236817
0.112202
0.248616
0.134080
0.068541
0.207775
0.138214
0.181672
0.111866
0.141757
0.067566
0.336173
0.121005
0.160813
0.106862
0.048736
0.208037
0.214259
0.221370
0.199454
0.159660
0.086744
0.199470
0.279525
0.104563
0.155568
0.145200
0.083897
0.129846
0.208902
0.097193
0.143973
0.204453
0.042852
0.126398
0.231916
0.177824
0.084065
0.297732
0.105041
0.064660
0.078972
0.111645
0.112990
0.080987
0.072496
0.134379
0.159256
0.135817
0.188853
0.290840
0.229785
0.167423
0.248349
0.101233
0.109660
0.171273
0.259320
0.030234
0.148287
0.076711
0.157851
0.031281
0.046294
0.383476
0.173595
0.041424
0.083388
0.064365
0.123353
0.088360
0.258613
0.228803
0.139360
0.076234
0.395506
0.077762
0.231672
0.226882
0.081588
0.238339
0.254395
0.124001
0.142030
0.252371
0.114655
0.219308
0.222456
0.145154
0.126485
0.096304
0.077835
0.146471
0.167401
0.014261
0.177044
0.082537
0.119385
0.126615
0.220850
0.200471
0.107374
0.346616
0.119259
0.146515
0.080635
0.073952
0.065763
0.109269
0.161895
0.024285
0.121590
0.125460
0.111437
0.365792
0.250310
0.213492
0.207555
0.155246
0.201613
0.094278
0.220556
0.190438
0.182239
0.101684
0.249444
0.065745
0.066641
0.325905
0.134941
0.107338
0.122203
0.036924
0.087646
0.060379
0.290110
0.175791
0.087939
0.134926
0.299397
0.137956
0.254083
0.253742
0.129228
0.195539
0.241437
0.091426
0.231589
0.294572
0.218833
0.129514
0.205216
0.108565
0.166615
0.109618
0.215608
0.364009
0.132738
0.264965
0.243869
0.164175
0.193337
0.166748
0.118997
0.032857
0.185712
0.293718
0.022628
0.116592
0.145442
0.125514
0.170794
0.140986
0.207954
0.116567
0.038450
0.095991
0.155196
0.408181
0.159854
0.208031
0.203221
0.155750
0.248409
0.036567
0.076088
0.259328
0.210007
0.164821
0.258641
0.161339
0.072093
0.221078
0.156953
0.105046
0.116069
0.144235
0.242127
0.260179
0.352332
0.124803
0.059478
0.139587
0.127142
0.177605
0.265943
0.143109
0.097237
0.300257
0.153452
0.105679
0.200000
0.333793
0.241625
0.188118
0.121374
0.075633
0.218459
0.276492
0.217402
0.428743
0.146034
0.382651
0.372101
0.252354
0.246956
0.165150
0.077396
0.073619
0.115151
0.159330
0.131880
0.138290
0.149317
0.098937
0.242955
0.137405
0.294438
0.117409
0.068442
0.068569
0.212265
0.357024
0.124873
0.131519
0.231184
0.132641
0.322408
0.081114
0.105403
0.249488
0.210076
0.228531
0.275622
0.157366
0.127422
0.188501
0.201939
0.078001
0.073608
0.152203
0.238334
0.434805
0.394228
0.158352
0.103498
0.038346
0.073597
0.183314
0.249979
0.090782
0.183688
0.390981
0.068027
0.129881
0.176468
0.336906
0.192296
0.236740
0.072637
0.066351
0.189949
0.333954
0.142401
0.373578
0.167831
0.346299
0.416116
0.210692
0.229608
0.218354
0.189602
0.065087
0.050944
0.139637
0.160525
0.104676
0.156755
0.094565
0.184807
0.133665
0.321418
0.060138
0.107341
0.121110
0.153449
0.155314
0.086072
0.073455
0.142489
0.149630
0.317850
0.144642
0.158604
0.242507
0.170389
0.169268
0.239918
0.035301
0.200395
0.193999
0.200872
0.079938
0.159310
0.056397
0.127066
0.361276
0.257837
0.184214
0.138088
0.147413
0.138199
0.138579
0.119507
0.103007
0.204964
0.293142
0.129884
0.085049
0.092934
0.217149
0.119666
0.239292
0.106354
0.057167
0.233505
0.315169
0.051773
0.266070
0.232454
0.302558
0.421096
0.201301
0.161185
0.222480
0.206350
0.083909
0.177493
0.186308
0.244329
0.096909
0.105962
0.204716
0.120738
0.131015
0.283707
0.166100
0.064776
0.157331
0.079625
0.093050
0.036513
0.151234
0.078504
0.193605
0.283595
0.172420
0.135284
0.212778
0.193845
0.137732
0.142136
0.039913
0.209816
0.127937
0.219149
0.038737
0.201440
0.211924
0.141591
0.187432
0.111175
0.193538
0.080419
0.205978
0.119109
0.033869
0.118836
0.008574
0.148103
0.140292
0.165487
0.068620
0.097373
0.167869
0.132029
0.197748
0.296419
0.112215
0.259926
0.276059
0.092880
0.197231
0.235496
0.219028
0.298025
0.179270
0.125253
0.129422
0.111062
0.145885
0.248020
0.121074
0.294351
0.148006
0.023814
0.256048
0.189775
0.112696
0.138902
0.256896
0.091167
0.131664
0.138141
0.236584
0.171394
0.188540
0.104986
0.181737
0.296748
0.153425
0.188003
0.139098
0.160247
0.246323
0.036987
0.141908
0.124079
0.131360
0.280588
0.102706
0.167239
0.324734
0.205932
0.151270
0.159603
0.178153
0.123885
0.149837
0.168197
0.088123
0.031434
0.103807
0.174952
0.243248
0.193581
0.126087
0.053800
0.101594
0.166609
0.103688
0.410559
0.182146
0.157905
0.207781
0.047402
0.157401
0.226084
0.181416
0.182390
0.154864
0.099225
0.102782
0.031341
0.129882
0.238388
0.049170
0.265977
0.115846
0.071770
0.211944
0.228019
0.104984
0.005053
0.281737
0.196013
0.187585
0.141711
0.283646
0.242522
0.236339
0.115701
0.126529
0.241832
0.070299
0.202885
0.191518
0.243260
0.291149
0.202827
0.187226
0.180727
0.168106
0.283870
0.072387
0.047349
0.240331
0.213432
0.088369
0.113344
0.098308
0.104585
0.227204
0.260929
0.079514
0.270575
0.143013
0.081207
0.240884
0.212075
0.113603
0.185474
0.263228
0.115940
0.060934
0.390235
0.183700
0.110209
0.094325
0.084875
0.128687
0.170715
0.123050
0.280293
0.060074
0.132776
0.275555
0.056168
0.236411
0.228053
0.189255
0.104945
0.067871
0.161593
0.078582
0.214632
0.080082
0.165481
0.207550
0.165210
0.236525
0.166736
0.297876
0.178701
0.243672
0.137039
0.136409
0.109864
0.019457
0.079722
0.163952
0.206820
0.232389
0.254046
0.228003
0.200541
0.152845
0.139761
0.076171
0.057473
0.189550
0.206640
0.099492
0.158413
0.025974
0.188143
0.287680
0.298918
0.039613
0.410618
0.266773
0.197274
0.291387
0.196576
0.066153
0.225173
0.244311
0.126900
0.133620
0.385322
0.162292
0.141836
0.066071
0.230295
0.174482
0.065488
0.193992
0.264050
0.068464
0.087436
0.309295
0.031527
0.210332
0.154275
0.316320
0.035944
0.149511
0.180463
0.091585
0.156357
0.192655
0.133809
0.100549
0.115643
0.188300
0.185613
0.364785
0.148333
0.187367
0.153899
0.219474
0.103283
0.014905
0.206049
0.132558
0.160926
0.051168
0.211342
0.125007
0.022676
0.184005
0.110560
0.111826
0.122903
0.220786
0.182954
0.174342
0.095739
0.073062
0.189135
0.279284
0.161720
0.097771
0.291203
0.267415
0.354531
0.279661
0.159943
0.020749
0.088481
0.264565
0.236636
0.067448
0.289564
0.218154
0.191120
0.093826
0.262432
0.166502
0.050710
0.216292
0.121457
0.204297
0.152941
0.178111
0.031202
0.089950
0.027868
0.301927
0.166446
0.247276
0.180369
0.230362
0.162156
0.206057
0.057392
0.040054
0.148669
0.177529
0.142776
0.333209
0.119758
0.111587
0.111234
0.199741
0.100550
0.019008
0.232187
0.118964
0.162160
0.064867
0.231090
0.062023
0.132111
0.304854
0.225352
0.119104
0.234258
0.192702
0.209400
0.107414
0.110229
0.186290
0.160374
0.171673
0.136770
0.143917
0.182035
0.189529
0.376999
0.162152
0.197269
0.024902
0.149702
0.298947
0.163972
0.032486
0.156246
0.190446
0.140041
0.155144
0.152899
0.089853
0.116675
0.166278
0.054901
0.229022
0.157878
0.046000
0.049489
0.188802
0.054721
0.131448
0.322462
0.273780
0.092752
0.301518
0.187024
0.232669
0.162199
0.021353
0.151161
0.185356
0.080383
0.238646
0.089425
0.096122
0.044683
0.179095
0.109900
0.060857
0.149766
0.181064
0.078681
0.076626
0.160952
0.061790
0.130203
0.285592
0.217910
0.113078
0.184530
0.266976
0.269740
0.062619
0.074903
0.202614
0.252156
0.037540
0.167144
0.169210
0.264660
0.078120
0.276179
0.088868
0.197765
0.031035
0.201985
0.386434
0.092369
0.065917
0.114371
0.114522
0.125461
0.100862
0.176411
0.117664
0.144521
0.113033
0.094553
0.185641
0.097712
0.140295
0.077653
0.313904
0.162648
0.140868
0.437359
0.241234
0.037688
0.275870
0.157098
0.248916
0.176608
0.034864
0.144056
0.135344
0.005169
0.148333
0.058269
0.342950
0.030010
0.134623
0.217107
0.112478
0.215953
0.245323
0.110703
0.223612
0.049559
0.039972
0.011709
0.164490
0.155157
0.082791
0.096696
0.476222
0.205944
0.058836
0.044920
0.101095
0.303251
0.132974
0.143652
0.099950
0.328434
0.101214
0.202987
0.089820
0.106434
0.151845
0.284599
0.381882
0.023764
0.074397
0.111636
0.135507
0.256424
0.080805
0.218831
0.132265
0.033116
0.087698
0.160747
0.233684
0.028486
0.209166
0.156401
0.382590
0.334988
0.165110
0.428166
0.175165
0.060926
0.208154
0.149656
0.306692
0.091726
0.062468
0.190252
0.134061
0.040323
0.040071
0.101147
0.308721
0.138315
0.151635
0.217052
0.142134
0.275188
0.212816
0.221687
0.362206
0.139903
0.071257
0.086743
0.045574
0.169674
0.224718
0.067339
0.446884
0.039996
0.162237
0.029664
0.053644
0.250346
0.217664
0.125389
0.046064
0.233027
0.136612
0.189759
0.191006
0.070248
0.176877
0.271255
0.325721
0.061657
0.147769
0.080298
0.118772
0.141158
0.098038
0.112114
0.126806
0.245144
0.076810
0.067200
0.176177
0.064054
0.299740
0.160345
0.316158
0.371760
0.100535
0.430816
0.079727
0.125283
0.214856
0.076783
0.398448
0.219305
0.079422
0.152910
0.223415
0.078842
0.221411
0.251163
0.182271
0.252873
0.127506
0.180444
0.111357
0.224685
0.067581
0.278875
0.316105
0.106344
0.095555
0.177433
0.121579
0.034956
0.263529
0.154696
0.204529
0.106588
0.186463
0.120078
0.082373
0.271442
0.305781
0.137284
0.026177
0.183669
0.063138
0.130399
0.146827
0.169547
0.061131
0.106091
0.232352
0.081330
0.229679
0.111716
0.035710
0.091799
0.056895
0.055705
0.199047
0.289863
0.084969
0.045122
0.100746
0.123453
0.284977
0.185472
0.155707
0.205110
0.054741
0.475077
0.054601
0.114648
0.278569
0.080090
0.369490
0.369583
0.048170
0.228815
0.240498
0.112400
0.164698
0.261882
0.109386
0.268896
0.252364
0.212582
0.145428
0.106156
0.242138
0.189750
0.237474
0.090861
0.119198
0.156717
0.203545
0.115389
0.204039
0.143408
0.147746
0.197181
0.088275
0.076189
0.180905
0.231198
0.330170
0.098047
0.049610
0.202058
0.091027
0.064895
0.182666
0.161339
0.066364
0.058770
0.326297
0.061461
0.295400
0.151691
0.085861
0.077519
0.093727
0.111277
0.296525
0.176257
0.191964
0.007936
0.096102
0.138550
0.166085
0.149008
0.079791
0.126387
0.107430
0.361875
0.085626
0.072538
0.220738
0.048171
0.260163
0.364555
0.084498
0.226614
0.159811
0.113977
0.049418
0.181669
0.159533
0.175226
0.306926
0.201301
0.146428
0.090174
0.333612
0.108171
0.173224
0.260074
0.171337
0.080467
0.146460
0.137133
0.105076
0.119848
0.274115
0.223900
0.045390
0.103607
0.237823
0.186719
0.226441
0.050554
0.070314
0.232246
0.192139
0.216918
0.196001
0.210773
0.010019
0.153285
0.309243
0.054537
0.272979
0.162543
0.173418
0.137072
0.178605
0.141498
0.307042
0.101840
0.049648
0.067302
0.179901
0.203820
0.106105
0.216749
0.089433
0.169650
0.183433
0.151233
0.061021
0.103638
0.145035
0.050647
0.192698
0.188844
0.176592
0.187571
0.196405
0.177801
0.253122
0.059198
0.175522
0.094249
0.237189
0.153326
0.114322
0.083222
0.352257
0.028401
0.060353
0.272865
0.158372
0.018742
0.090067
0.120725
0.065478
0.119014
0.216373
0.236576
0.136073
0.135410
0.208261
0.319863
0.102116
0.130674
0.062609
0.169645
0.125544
0.272361
0.200690
0.316377
0.095962
0.122940
0.091283
0.099749
0.253890
0.101753
0.245100
0.247431
0.155873
0.154615
0.347172
0.187677
0.120464
0.067754
0.181349
0.309055
0.193555
0.243645
0.287627
0.148172
0.122419
0.175922
0.085543
0.112172
0.130267
0.085466
0.253674
0.137238
0.086397
0.154556
0.266182
0.236251
0.400933
0.086892
0.132943
0.083089
0.153719
0.069039
0.077887
0.027786
0.331253
0.050903
0.048482
0.315405
0.128244
0.011205
0.153456
0.116230
0.176684
0.049758
0.059926
0.279184
0.164415
0.137310
0.118136
0.344929
0.133523
0.222138
0.021881
0.169148
0.154345
0.232183
0.259269
0.348108
0.077915
0.072453
0.044014
0.151454
0.229509
0.287490
0.244900
0.165390
0.112439
0.094041
0.374140
0.060724
0.037169
0.198553
0.061970
0.308732
0.165455
0.099830
0.326044
0.116943
0.116029
0.217415
0.200242
0.125511
0.117882
0.028534
0.218769
0.134647
0.077116
0.260960
0.154819
0.177433
0.320317
0.154416
0.046750
0.129081
0.046744
0.133434
0.046496
0.135380
0.248086
0.159633
0.085825
0.295865
0.081200
0.059220
0.114202
0.115834
0.295649
0.081192
0.132131
0.238422
0.188436
0.203084
0.096803
0.253943
0.110767
0.263459
0.028438
0.237039
0.165845
0.238852
0.209266
0.258966
0.055687
0.255864
0.052170
0.144005
0.210651
0.346092
0.172900
0.180126
0.213721
0.149409
0.272396
0.199015
0.118578
0.250615
0.070703
0.281069
0.100752
0.059462
0.206428
0.043241
0.217825
0.263545
0.289106
0.188617
0.224213
0.138050
0.255552
0.122104
0.075332
0.229296
0.008694
0.164703
0.204565
0.144722
0.045787
0.098943
0.169153
0.135016
0.042680
0.407485
0.175590
0.279523
0.189676
0.163954
0.088571
0.047693
0.115990
0.110863
0.353081
0.155747
0.109214
0.195645
0.370092
0.225551
0.184434
0.156751
0.093960
0.258364
0.027740
0.219047
0.178370
0.223674
0.192107
0.190147
0.021255
0.261940
0.147236
0.071765
0.196120
0.250989
0.243206
0.193884
0.289460
0.135181
0.187285
0.331142
0.176011
0.195964
0.138089
0.266551
0.158457
0.115684
0.074913
0.104191
0.160250
0.360313
0.296769
0.231521
0.224088
0.142626
0.350153
0.097370
0.123274
0.172383
0.135434
0.081262
0.158620
0.082860
0.232715
0.051157
0.083442
0.153001
0.044634
0.467663
0.103395
0.229233
0.286669
0.145567
0.067409
0.022839
0.085449
0.260035
0.265883
0.067796
0.048289
0.113231
0.371844
0.113844
0.247798
0.183587
0.222039
0.253435
0.063822
0.107340
0.161336
0.129412
0.131249
0.169648
0.113770
0.193273
0.272328
0.055224
0.166726
0.103108
0.077440
0.063135
0.264914
0.142179
0.054992
0.315057
0.285426
0.171253
0.071053
0.157615
0.199734
0.191091
0.049559
0.253308
0.196120
0.330397
0.235525
0.189864
0.191217
0.145470
0.331975
0.066853
0.159000
0.087472
0.220644
0.085060
0.184204
0.040945
0.257301
0.038003
0.115034
0.095657
0.106635
0.367618
0.064088
0.064119
0.325098
0.262995
0.181649
0.016770
0.170453
0.360556
0.061101
0.103927
0.145358
0.123806
0.437664
0.198514
0.215410
0.280934
0.277466
0.299505
0.060175
0.103576
0.189537
0.075763
0.130852
0.126942
0.181590
0.190674
0.238814
0.078830
0.108216
0.065846
0.182952
0.177654
0.165654
0.180276
0.094327
0.251458
0.239058
0.153967
0.056467
0.185390
0.181002
0.209112
0.127693
0.338896
0.256360
0.194342
0.182734
0.063926
0.201544
0.040162
0.279882
0.156526
0.123899
0.064469
0.217688
0.085727
0.187956
0.060372
0.337293
0.041885
0.131955
0.129965
0.088938
0.336581
0.080704
0.087702
0.285778
0.279319
0.241039
0.046762
0.161666
0.290768
0.069050
0.063143
0.199096
0.346358
0.451804
0.230528
0.149502
0.224842
0.232626
0.257300
0.044608
0.101370
0.271680
0.092673
0.106363
0.192478
0.222390
0.217085
0.175796
0.073060
0.112420
0.213220
0.097590
0.293220
0.087068
0.212654
0.216505
0.149405
0.238537
0.116702
0.107946
0.222479
0.264616
0.105623
0.129895
0.304650
0.231387
0.181530
0.247766
0.072108
0.161827
0.066223
0.252162
0.246334
0.102718
0.171257
0.173968
0.086406
0.190761
0.023683
0.342856
0.120116
0.141087
0.093258
0.162938
0.397311
0.120540
0.117428
0.109446
0.211091
0.091717
0.022851
0.059793
0.176057
0.054242
0.175689
0.203967
0.391091
0.223901
0.158198
0.095873
0.141862
0.219704
0.138905
0.120908
0.037001
0.293691
0.108037
0.037555
0.229449
0.236884
0.198367
0.075852
0.038249
0.148008
0.303359
0.049481
0.237883
0.225097
0.190718
0.221141
0.061538
0.220570
0.079323
0.088173
0.167465
0.320608
0.076473
0.129947
0.209173
0.242378
0.158265
0.262073
0.096063
0.142380
0.108663
0.256932
0.176178
0.008827
0.246938
0.081436
0.157491
0.256435
0.030161
0.224507
0.110907
0.313648
0.130253
0.224570
0.249878
0.151753
0.201830
0.154305
0.162123
0.053977
0.036788
0.031739
0.118921
0.085393
0.351592
0.213283
0.277833
0.105438
0.108696
0.056871
0.206391
0.108822
0.055862
0.099073
0.070056
0.158496
0.137762
0.166046
0.316245
0.072796
0.227573
0.093087
0.142743
0.138825
0.308191
0.091691
0.210856
0.295954
0.192309
0.254974
0.113235
0.260950
0.170436
0.102967
0.093578
0.210068
0.032783
0.066807
0.195911
0.204089
0.123921
0.246951
0.139925
0.156350
0.154769
0.252242
0.190083
0.083853
0.181941
0.026862
0.164072
0.202498
0.047103
0.104146
0.059233
0.265140
0.285280
0.100531
0.068346
0.150508
0.180535
0.304194
0.137771
0.037836
0.143629
0.108494
0.179387
0.209270
0.332804
0.178762
0.178063
0.008006
0.135565
0.051181
0.235506
0.039402
0.204176
0.116292
0.056047
0.083822
0.208071
0.212429
0.376537
0.151280
0.294482
0.188859
0.222946
0.112393
0.261352
0.159942
0.255230
0.297279
0.176466
0.226307
0.123275
0.232860
0.264809
0.152921
0.160387
0.151531
0.155840
0.134292
0.073319
0.217295
0.071799
0.206098
0.216028
0.107747
0.147963
0.185332
0.150420
0.146376
0.083598
0.134281
0.102618
0.115602
0.114548
0.163995
0.056380
0.235088
0.272815
0.117439
0.027716
0.059407
0.199293
0.210385
0.250180
0.086322
0.209990
0.135487
0.163620
0.268566
0.199463
0.117659
0.185573
0.049255
0.142193
0.082908
0.236944
0.055676
0.220708
0.107334
0.142346
0.191282
0.209479
0.174731
0.337099
0.166686
0.270327
0.223226
0.324164
0.079923
0.184065
0.109852
0.159114
0.202219
0.212382
0.124407
0.215945
0.179341
0.210356
0.029499
0.255157
0.018418
0.157136
0.049415
0.113379
0.075091
0.056734
0.124455
0.199986
0.064203
0.086128
0.146873
0.036758
0.134586
0.006300
0.207055
0.085272
0.059170
0.090568
0.331484
0.084433
0.354258
0.083633
0.100587
0.057572
0.072882
0.146055
0.067093
0.231307
0.123124
0.217157
0.237259
0.168670
0.140965
0.178346
0.016128
0.181635
0.026192
0.044450
0.142446
0.203918
0.074791
0.174209
0.208583
0.190046
0.288591
0.132463
0.124278
0.304105
0.190931
0.248226
0.335860
0.364627
0.070808
0.068094
0.069985
0.099863
0.075911
0.191562
0.065505
0.275085
0.302294
0.067493
0.148044
0.219657
0.064525
0.146445
0.136160
0.112869
0.074983
0.059722
0.051514
0.100717
0.091088
0.021583
0.142316
0.080399
0.192527
0.030129
0.226178
0.089374
0.086462
0.021284
0.322567
0.108601
0.404712
0.050909
0.036838
0.047274
0.097301
0.207281
0.062692
0.186066
0.129034
0.156627
0.328053
0.208347
0.096293
0.129572
0.055711
0.180481
0.131939
0.043159
0.015585
0.087192
0.042640
0.108851
0.225690
0.092332
0.328438
0.200820
0.070957
0.206700
0.120268
0.249914
0.395255
0.323226
0.097673
0.033704
0.118825
0.057362
0.112001
0.105267
0.174229
0.315225
0.262878
0.151604
0.129209
0.143809
0.143399
0.128859
0.199786
0.042042
0.078256
0.020166
0.062583
0.023453
0.009275
0.083517
0.198095
0.166276
0.166729
0.061030
0.171370
0.076871
0.081432
0.092196
0.221050
0.112501
0.354578
0.165336
0.069314
0.151713
0.074523
0.156206
0.029553
0.140288
0.156563
0.163915
0.347962
0.105058
0.065887
0.120821
0.115634
0.038817
0.160458
0.164553
0.164751
0.063360
0.059486
0.119743
0.184142
0.055352
0.231346
0.325725
0.027666
0.164775
0.080192
0.200928
0.448065
0.205006
0.188479
0.032608
0.219104
0.040977
0.107623
0.138784
0.233874
0.115779
0.047012
0.157918
0.185557
0.027232
0.144938
0.069663
0.131196
0.037110
0.109484
0.012534
0.062127
0.195908
0.146386
0.102683
0.241534
0.268145
0.166427
0.159237
0.154883
0.088640
0.090891
0.074244
0.096018
0.068707
0.158813
0.186379
0.167684
0.189081
0.051875
0.122861
0.131963
0.155266
0.122829
0.128650
0.318573
0.044657
0.081849
0.082108
0.294625
0.190259
0.171605
0.283873
0.232212
0.057458
0.079049
0.146797
0.143429
0.091765
0.181069
0.219593
0.088585
0.176958
0.092121
0.081346
0.311201
0.091678
0.194607
0.031292
0.240932
0.132602
0.092525
0.142960
0.081094
0.006786
0.192039
0.064252
0.146771
0.134362
0.114929
0.022152
0.054826
0.096285
0.089809
0.166265
0.128882
0.236598
0.296125
0.142476
0.150015
0.254666
0.204619
0.139315
0.104233
0.187498
0.099108
0.100345
0.088892
0.080812
0.150342
0.153210
0.219499
0.120352
0.065639
0.132943
0.103758
0.220943
0.130792
0.004934
0.142522
0.028987
0.145902
0.125865
0.276197
0.268738
0.203306
0.312073
0.152656
0.010520
0.093582
0.238862
0.187081
0.081162
0.154261
0.126763
0.154408
0.201812
0.108710
0.096138
0.126537
0.080398
0.164296
0.029012
0.220207
0.123059
0.073578
0.138435
0.118229
0.074538
0.291127
0.109891
0.037598
0.246343
0.034737
0.119216
0.252459
0.181220
0.025388
0.309754
0.181123
0.148321
0.326923
0.158709
0.043073
0.238345
0.170389
0.022940
0.041244
0.187312
0.119524
0.132364
0.185747
0.077445
0.222278
0.174078
0.223219
0.111624
0.149754
0.241361
0.046874
0.190576
0.166239
0.110362
0.042583
0.076639
0.143403
0.119940
0.243230
0.134152
0.144125
0.207728
0.108476
0.019264
0.177392
0.282042
0.211491
0.083194
0.092033
0.066888
0.086474
0.109990
0.142034
0.175257
0.092734
0.205148
0.175269
0.118351
0.187555
0.100482
0.148547
0.217315
0.185471
0.008891
0.278195
0.082680
0.057966
0.294456
0.049853
0.239272
0.271016
0.168420
0.129821
0.188552
0.142246
0.064048
0.272662
0.111271
0.082813
0.265218
0.190804
0.074781
0.021049
0.186214
0.059888
0.231506
0.162581
0.043707
0.209820
0.257990
0.174751
0.043221
0.202861
0.422665
0.114474
0.117723
0.052795
0.084809
0.138070
0.205009
0.122979
0.021916
0.242328
0.126568
0.042610
0.159145
0.061740
0.073774
0.214706
0.194477
0.144912
0.192091
0.080987
0.026365
0.117993
0.114753
0.192478
0.131229
0.208190
0.213154
0.116656
0.146267
0.213251
0.063116
0.212776
0.283162
0.183331
0.090650
0.241426
0.172577
0.096625
0.215408
0.065979
0.268297
0.260226
0.074614
0.207892
0.088160
0.056458
0.147474
0.156998
0.079244
0.132451
0.341569
0.152259
0.029782
0.046830
0.172856
0.046235
0.214738
0.117882
0.137048
0.113313
0.317945
0.155600
0.103462
0.253671
0.353758
0.203838
0.056678
0.243825
0.073245
0.203527
0.187083
0.076394
0.139232
0.226880
0.140831
0.123688
0.102661
0.040350
0.092123
0.071484
0.203779
0.107799
0.232887
0.208159
0.052634
0.137069
0.171318
0.165497
0.073675
0.323242
0.226825
0.135296
0.125569
0.286484
0.191993
0.267267
0.247174
0.145074
0.080320
0.233231
0.210316
0.065015
0.117802
0.195683
0.257662
0.211173
0.063104
0.176057
0.294674
0.063265
0.187641
0.064070
0.018814
0.134739
0.295805
0.140711
0.088032
0.133409
0.169886
0.080389
0.188477
0.073209
0.173281
0.049002
0.324868
0.117961
0.048699
0.318438
0.304593
0.290368
0.174896
0.162287
0.182707
0.211162
0.118327
0.052141
0.208888
0.111714
0.071493
0.124784
0.055852
0.046134
0.154988
0.111214
0.203565
0.087738
0.200153
0.265848
0.099620
0.175193
0.064594
0.191672
0.074491
0.205547
0.174990
0.086846
0.127733
0.256739
0.182853
0.285568
0.232978
0.101200
0.055464
0.075813
0.100132
0.073924
0.146358
0.335139
0.102840
0.211523
0.040421
0.151342
0.388251
0.066732
0.233754
0.157184
0.111800
0.162963
0.230246
0.121950
0.176946
0.126028
0.146650
0.137372
0.138746
0.123129
0.147505
0.034937
0.222074
0.100857
0.154677
0.212328
0.255279
0.247227
0.249370
0.027300
0.296425
0.203253
0.105088
0.054972
0.126328
0.117272
0.151482
0.123129
0.105043
0.081218
0.209560
0.091833
0.250358
0.115267
0.119212
0.242970
0.038073
0.174350
0.093395
0.227328
0.191771
0.078651
0.128340
0.094139
0.118015
0.154154
0.139154
0.170225
0.184814
0.158024
0.090195
0.073603
0.040127
0.091133
0.268334
0.302763
0.036057
0.191376
0.106009
0.084356
0.278109
0.117843
0.069852
0.279722
0.156534
0.093264
0.120584
0.094870
0.104399
0.110933
0.218069
0.040031
0.115801
0.075371
0.140334
0.068344
0.123145
0.082784
0.161008
0.075753
0.265874
0.206332
0.273270
0.021645
0.256552
0.138846
0.109018
0.111929
0.142253
0.259154
0.170980
0.191643
0.154630
0.050636
0.134089
0.028561
0.297067
0.175067
0.178541
0.101601
0.047254
0.128145
0.187414
0.129390
0.200368
0.074466
0.066777
0.141011
0.092275
0.066126
0.075055
0.060566
0.113426
0.147687
0.160466
0.146947
0.098168
0.137061
0.298105
0.174463
0.127043
0.023039
0.194088
0.031053
0.056978
0.144534
0.122374
0.361977
0.169057
0.077926
0.174756
0.041267
0.119925
0.101364
0.264749
0.062021
0.193020
0.043085
0.194700
0.180436
0.071167
0.021913
0.165432
0.082689
0.275932
0.137096
0.172477
0.120791
0.115269
0.134732
0.138861
0.025927
0.148233
0.249835
0.186183
0.243881
0.125054
0.049051
0.100368
0.104094
0.237867
0.183089
0.351746
0.157464
0.081849
0.106725
0.222845
0.022010
0.256459
0.092601
0.199143
0.158746
0.085577
0.071000
0.047200
0.023185
0.091243
0.100918
0.179736
0.127136
0.160765
0.134649
0.293517
0.168758
0.187154
0.204773
0.095431
0.150355
0.141389
0.175226
0.097464
0.312180
0.098412
0.190695
0.267729
0.072938
0.232507
0.128237
0.202007
0.172026
0.211444
0.188977
0.158220
0.277197
0.080949
0.017562
0.206628
0.066320
0.323255
0.109548
0.140979
0.163681
0.090239
0.218243
0.187000
0.115686
0.056227
0.285334
0.166996
0.125196
0.045673
0.108209
0.064246
0.211911
0.167147
0.074224
0.371471
0.187572
0.034298
0.138169
0.249711
0.140093
0.329871
0.025854
0.192687
0.120063
0.236110
0.226746
0.076016
0.066663
0.172525
0.051279
0.130272
0.064169
0.182669
0.177375
0.210540
0.145177
0.114681
0.194149
0.076986
0.140600
0.038672
0.129525
0.096527
0.250244
0.118605
0.219255
0.282983
0.142199
0.243771
0.152849
0.136737
0.240136
0.088007
0.292908
0.312077
0.284903
0.048498
0.078910
0.198978
0.106001
0.224025
0.103158
0.193729
0.164193
0.082900
0.344853
0.120044
0.206898
0.058283
0.167382
0.088640
0.078561
0.125036
0.177785
0.116975
0.239292
0.077908
0.069717
0.271623
0.112604
0.058789
0.154300
0.249228
0.242178
0.311714
0.090217
0.055438
0.208171
0.086815
0.395431
0.090637
0.180596
0.209782
0.058130
0.075299
0.081702
0.193986
0.179851
0.175211
0.097781
0.081684
0.186521
0.082762
0.089152
0.075168
0.138071
0.035190
0.219653
0.201379
0.197693
0.238059
0.202922
0.259291
0.152256
0.137112
0.117890
0.122153
0.319169
0.312042
0.466415
0.136485
0.179732
0.086268
0.092544
0.106766
0.161374
0.117185
0.189038
0.133665
0.309737
0.038179
0.165533
0.053060
0.216416
0.102730
0.099538
0.189681
0.090770
0.180524
0.116484
0.025275
0.071906
0.196143
0.095291
0.025444
0.037734
0.121405
0.244360
0.215477
0.043397
0.066945
0.128155
0.174052
0.366536
0.033292
0.183798
0.174558
0.091784
0.073455
0.176024
0.227263
0.144739
0.130602
0.073065
0.212763
0.159873
0.038475
0.098926
0.107311
0.261502
0.037064
0.185327
0.161249
0.128697
0.234312
0.199525
0.249133
0.120727
0.147006
0.031793
0.216556
0.238918
0.140205
0.619614
0.246704
0.190098
0.023517
0.029445
0.113996
0.250548
0.101583
0.201163
0.212591
0.248471
0.076083
0.073584
0.065690
0.184581
0.260428
0.134581
0.153093
0.025511
0.204140
0.104204
0.107199
0.052641
0.119529
0.075757
0.124802
0.058842
0.140162
0.207428
0.161534
0.037904
0.188105
0.021684
0.243997
0.287652
0.056545
0.032222
0.098871
0.204189
0.085370
0.284988
0.247356
0.130571
0.148998
0.009203
0.273644
0.155742
0.146511
0.153505
0.210589
0.259659
0.080347
0.120457
0.156610
0.174493
0.256589
0.128614
0.147910
0.054082
0.099986
0.052150
0.194523
0.176943
0.157146
0.617172
0.240210
0.224574
0.131234
0.039806
0.135660
0.186052
0.196977
0.257404
0.228082
0.290533
0.049224
0.244604
0.053345
0.092228
0.290620
0.046094
0.133546
0.115274
0.150003
0.198438
0.169937
0.043177
0.235527
0.183562
0.174022
0.095432
0.150564
0.164500
0.117046
0.084584
0.267839
0.058735
0.177359
0.259787
0.210410
0.107740
0.054332
0.242054
0.135729
0.358132
0.192092
0.099951
0.126113
0.048436
0.193496
0.120362
0.145691
0.198519
0.164788
0.183939
0.161909
0.066089
0.184872
0.147648
0.186552
0.110566
0.192890
0.066021
0.161156
0.111473
0.113135
0.185102
0.254076
0.439599
0.138131
0.173620
0.241362
0.107475
0.089131
0.063616
0.229862
0.189663
0.197826
0.346065
0.004896
0.344018
0.073974
0.048955
0.228161
0.117475
0.094836
0.225925
0.090730
0.163879
0.216563
0.055257
0.356105
0.244815
0.241262
0.073257
0.035050
0.135604
0.055231
0.090337
0.266651
0.030851
0.077897
0.339760
0.310845
0.105938
0.083591
0.159022
0.173827
0.223515
0.129102
0.092454
0.266715
0.117856
0.156168
0.232671
0.212750
0.279916
0.287420
0.105347
0.169615
0.228014
0.132240
0.218623
0.096359
0.131658
0.187028
0.116979
0.173552
0.105250
0.081255
0.081547
0.229724
0.296743
0.117056
0.159775
0.164966
0.115257
0.046809
0.079991
0.207080
0.111881
0.202981
0.224649
0.066275
0.204021
0.167935
0.026344
0.107303
0.155384
0.144063
0.140338
0.163151
0.102855
0.196130
0.176074
0.314286
0.186051
0.325022
0.059989
0.093703
0.154549
0.188398
0.051387
0.232762
0.099006
0.096612
0.251572
0.148232
0.168549
0.070484
0.206452
0.109788
0.051433
0.122932
0.026606
0.381800
0.159204
0.177518
0.279755
0.186459
0.212966
0.427937
0.060644
0.078897
0.231756
0.166506
0.248183
0.179068
0.055697
0.218874
0.134193
0.208067
0.130580
0.101045
0.159718
0.114944
0.277956
0.173175
0.116313
0.123242
0.074263
0.063302
0.038753
0.116508
0.006223
0.171451
0.070352
0.097454
0.053380
0.212350
0.059594
0.046183
0.190204
0.078110
0.158612
0.186905
0.053116
0.145057
0.268734
0.231839
0.146024
0.327446
0.174643
0.118907
0.111950
0.141349
0.145197
0.150888
0.193849
0.159397
0.121289
0.062059
0.168045
0.028848
0.252702
0.095123
0.068703
0.137673
0.032007
0.242508
0.153144
0.243186
0.254314
0.118038
0.193711
0.281011
0.116371
0.109083
0.137367
0.210062
0.179199
0.189874
0.047881
0.255076
0.180778
0.244853
0.180659
0.147555
0.203024
0.241765
0.140968
0.126798
0.130532
0.047455
0.113168
0.087257
0.049649
0.114301
0.127726
0.124599
0.083273
0.118768
0.038877
0.182291
0.135059
0.089882
0.202638
0.103697
0.148252
0.149151
0.036120
0.152616
0.339330
0.301376
0.040221
0.182491
0.265241
0.064357
0.162280
0.173572
0.257729
0.145156
0.198366
0.165268
0.079059
0.034486
0.155678
0.069599
0.245543
0.165474
0.103870
0.091212
0.123931
0.183054
0.260179
0.213018
0.160515
0.191262
0.220998
0.149370
0.149851
0.086975
0.060640
0.096751
0.116105
0.204285
0.085248
0.167450
0.102042
0.178066
0.136499
0.151750
0.225665
0.259854
0.128003
0.100289
0.142187
0.260111
0.099753
0.034193
0.084596
0.166040
0.246161
0.205398
0.213055
0.174282
0.022915
0.123121
0.269042
0.140417
0.166129
0.209526
0.160530
0.106306
0.030843
0.137437
0.309949
0.297594
0.107275
0.162498
0.332272
0.056622
0.333106
0.313757
0.341858
0.208234
0.198837
0.158045
0.177867
0.114264
0.103449
0.085416
0.268788
0.129118
0.311157
0.050076
0.157378
0.294187
0.168888
0.083337
0.125189
0.298239
0.221500
0.097853
0.048480
0.153970
0.030429
0.050375
0.153182
0.095031
0.147618
0.245532
0.151896
0.029258
0.100520
0.109616
0.284695
0.046981
0.235859
0.250683
0.123553
0.350311
0.064282
0.170300
0.147529
0.164619
0.314898
0.127326
0.193807
0.153508
0.141343
0.185931
0.181993
0.062007
0.144872
0.341413
0.183023
0.055268
0.054090
0.056853
0.163154
0.215060
0.112842
0.130010
0.206509
0.179379
0.316199
0.347509
0.367847
0.134344
0.145735
0.151581
0.224030
0.082138
0.130362
0.109759
0.275569
0.124012
0.284394
0.121144
0.084572
0.257385
0.130227
0.076108
0.102814
0.133961
0.226601
0.132799
0.065344
0.113831
0.047061
0.074681
0.152979
0.194766
0.170352
0.226214
0.196808
0.173137
0.235280
0.096730
0.225957
0.127376
0.294160
0.166490
0.101126
0.431044
0.072745
0.034815
0.211885
0.144357
0.250078
0.044839
0.135112
0.125485
0.226798
0.261163
0.115391
0.161893
0.104262
0.427914
0.251662
0.047880
0.121303
0.033093
0.062408
0.127271
0.088971
0.010224
0.107104
0.228918
0.354848
0.288437
0.142931
0.190867
0.075103
0.151393
0.210581
0.121452
0.094458
0.195237
0.183624
0.123314
0.257563
0.137716
0.084074
0.207214
0.061974
0.162222
0.125347
0.148439
0.134200
0.175899
0.168422
0.061079
0.146021
0.172117
0.076383
0.209423
0.137801
0.287841
0.193088
0.111657
0.180576
0.048730
0.183940
0.138095
0.362754
0.139713
0.144704
0.380390
0.144964
0.151282
0.251432
0.087254
0.149468
0.162951
0.265548
0.106668
0.280346
0.235773
0.062900
0.270837
0.096755
0.262859
0.365732
0.033267
0.177934
0.032682
0.086667
0.063001
0.035262
0.069183
0.202995
0.138542
0.301888
0.237413
0.108956
0.247700
0.059196
0.212498
0.110778
0.061902
0.173946
0.106736
0.021508
0.015932
0.211039
0.109531
0.234043
0.152374
0.057244
0.171938
0.097855
0.243979
0.061539
0.045557
0.261967
0.131125
0.174254
0.230118
0.096949
0.209053
0.098422
0.298702
0.290490
0.079757
0.066863
0.057273
0.148731
0.110688
0.327311
0.185607
0.167982
0.177734
0.119085
0.189320
0.133129
0.078533
0.170627
0.127251
0.257888
0.115537
0.238570
0.154949
0.091617
0.139899
0.097033
0.009910
0.365013
0.034699
0.192098
0.096421
0.057077
0.089303
0.013177
0.125722
0.191424
0.023648
0.299088
0.174667
0.130827
0.184168
0.103349
0.245985
0.021641
0.267910
0.222224
0.043032
0.144712
0.054750
0.153424
0.089229
0.276719
0.039807
0.087706
0.211153
0.154548
0.291245
0.184626
0.105165
0.280271
0.115638
0.137849
0.248594
0.047409
0.105405
0.110906
0.256277
0.268417
0.169564
0.041129
0.174106
0.110892
0.060622
0.275427
0.230157
0.130208
0.173521
0.127862
0.201660
0.042853
0.173444
0.134732
0.101150
0.214514
0.124221
0.099157
0.058134
0.213122
0.203322
0.026374
0.182469
0.292856
0.164627
0.080414
0.119419
0.087222
0.175737
0.060598
0.175289
0.304797
0.105717
0.251532
0.091574
0.074034
0.112631
0.087298
0.216984
0.074013
0.392311
0.172479
0.098362
0.178688
0.044215
0.104206
0.042026
0.329159
0.114712
0.042714
0.262656
0.068307
0.333157
0.294325
0.237056
0.275072
0.079891
0.109316
0.275962
0.033623
0.155310
0.161515
0.131778
0.238621
0.230570
0.073749
0.280581
0.180935
0.065835
0.224600
0.093928
0.169007
0.251762
0.175835
0.100637
0.130123
0.213430
0.151161
0.048704
0.095520
0.138157
0.119868
0.148808
0.312146
0.094575
0.147023
0.101063
0.107799
0.296781
0.044835
0.068272
0.192322
0.133968
0.142437
0.100405
0.395229
0.091132
0.080418
0.192337
0.054070
0.118840
0.092007
0.177741
0.037834
0.223096
0.118703
0.117725
0.026330
0.113182
0.158746
0.055467
0.263394
0.132065
0.067337
0.114677
0.077462
0.232717
0.310376
0.270094
0.199782
0.129051
0.136282
0.345047
0.032482
0.178021
0.163251
0.067569
0.168558
0.202894
0.056464
0.209508
0.333116
0.034012
0.127358
0.087261
0.120882
0.224365
0.172860
0.081510
0.155779
0.157589
0.080062
0.168422
0.099567
0.131387
0.288134
0.193378
0.221967
0.072701
0.177242
0.267489
0.113521
0.355911
0.020890
0.133568
0.152185
0.150582
0.203184
0.146793
0.340585
0.192455
0.270643
0.290407
0.188135
0.070238
0.063731
0.113563
0.236376
0.063317
0.037215
0.126619
0.130053
0.175924
0.042629
0.070089
0.166232
0.068126
0.083061
0.045684
0.074288
0.074659
0.204083
0.154321
0.199915
0.162013
0.247640
0.301603
0.087698
0.164981
0.200169
0.104517
0.044256
0.156702
0.080107
0.059657
0.344518
0.012585
0.041213
0.077639
0.070226
0.245812
0.238417
0.189403
0.144310
0.209694
0.130909
0.239203
0.156914
0.050829
0.332560
0.223121
0.143652
0.233212
0.170996
0.285592
0.215087
0.349722
0.053773
0.156967
0.252094
0.161333
0.153924
0.210494
0.232347
0.116714
0.289132
0.286184
0.106398
0.107308
0.036462
0.064780
0.239011
0.111899
0.080396
0.133644
0.072172
0.254824
0.144720
0.068846
0.129590
0.030725
0.217177
0.072612
0.105680
0.074145
0.108918
0.099902
0.106503
0.163684
0.165142
0.215490
0.142063
0.160163
0.177956
0.296141
0.063518
0.082175
0.126324
0.109509
0.139194
0.119586
0.053999
0.053546
0.097165
0.202474
0.197548
0.231717
0.172426
0.115966
0.151335
0.139571
0.191033
0.226419
0.202201
0.244869
0.183532
0.188332
0.155097
0.255226
0.370483
0.204241
0.072314
0.156573
0.260234
0.079777
0.059837
0.217155
0.028445
0.034306
0.190995
0.254336
0.148328
0.154112
0.029494
0.059182
0.218940
0.085419
0.163444
0.218481
0.032821
0.116231
0.220412
0.030044
0.120135
0.109442
0.200075
0.081363
0.091362
0.083219
0.051257
0.063306
0.082604
0.102290
0.100181
0.181656
0.136838
0.158848
0.128243
0.374190
0.131117
0.023807
0.113302
0.168317
0.067083
0.205011
0.160107
0.091155
0.010177
0.124786
0.045604
0.115253
0.172664
0.167058
0.113438
0.056724
0.206928
0.167713
0.156421
0.133963
0.204033
0.212873
0.172389
0.206369
0.381301
0.133713
0.126459
0.051562
0.164302
0.068068
0.138308
0.169449
0.146973
0.033777
0.139845
0.229844
0.132114
0.113673
0.158721
0.153464
0.144636
0.140548
0.175103
0.157313
0.103215
0.049336
0.279876
0.056473
0.128940
0.087055
0.086590
0.158041
0.068158
0.047324
0.090516
0.094777
0.194240
0.131555
0.126712
0.062313
0.066273
0.187814
0.064652
0.260318
0.140416
0.080793
0.129513
0.104810
0.074362
0.103013
0.212909
0.113105
0.046327
0.107649
0.160154
0.043080
0.085443
0.275543
0.152027
0.054305
0.185344
0.054696
0.113286
0.114565
0.198504
0.238741
0.117139
0.196176
0.287948
0.121387
0.195467
0.163800
0.121739
0.022815
0.134235
0.146762
0.183100
0.060219
0.143447
0.175654
0.099565
0.074164
0.249941
0.190945
0.117114
0.120975
0.233241
0.127584
0.208040
0.255967
0.191336
0.148223
0.095144
0.059709
0.094596
0.169759
0.046349
0.129181
0.143092
0.159664
0.243763
0.130361
0.228753
0.176894
0.010674
0.104120
0.099623
0.058321
0.170193
0.111821
0.180357
0.055845
0.058317
0.018564
0.174276
0.164578
0.028735
0.092253
0.156898
0.114447
0.136697
0.237410
0.271796
0.194233
0.153089
0.074564
0.078748
0.055042
0.048205
0.242395
0.028711
0.195852
0.145958
0.101919
0.127478
0.348103
0.059687
0.019272
0.047867
0.024559
0.166470
0.127961
0.094307
0.215442
0.111548
0.009100
0.185913
0.170003
0.060986
0.135747
0.259998
0.183238
0.171137
0.245380
0.174896
0.209207
0.058744
0.223464
0.057033
0.190949
0.194327
0.185959
0.106025
0.106909
0.146364
0.130479
0.293710
0.211629
0.043218
0.087019
0.198601
0.098756
0.207004
0.084603
0.151417
0.020871
0.107652
0.033256
0.184031
0.237231
0.080624
0.144129
0.186230
0.198202
0.128987
0.282753
0.252452
0.264518
0.081527
0.110755
0.247442
0.058260
0.032166
0.284523
0.137112
0.031559
0.181963
0.054211
0.194757
0.424762
0.024957
0.035236
0.058446
0.062238
0.217213
0.076550
0.053386
0.121232
0.127404
0.153605
0.105700
0.163424
0.074583
0.091236
0.185709
0.159233
0.166575
0.040688
0.192454
0.140341
0.138366
0.266264
0.110822
0.254631
0.344338
0.209844
0.083490
0.023023
0.116096
0.185228
0.198358
0.302114
0.114263
0.212857
0.300355
0.154356
0.159048
0.040589
0.173742
0.083908
0.146744
0.127458
0.128038
0.220365
0.124254
0.148742
0.248341
0.133976
0.098559
0.379662
0.161270
0.097673
0.054200
0.141158
0.333124
0.182136
0.044671
0.370090
0.158782
0.164119
0.161518
0.125123
0.233978
0.281817
0.061796
0.070865
0.141434
0.084594
0.237316
0.078473
0.150763
0.153760
0.270067
0.121420
0.192836
0.194796
0.181280
0.156714
0.154675
0.121411
0.193617
0.159120
0.228591
0.186408
0.221648
0.177003
0.132639
0.242860
0.355726
0.256031
0.127727
0.020608
0.195086
0.216779
0.176010
0.385196
0.232262
0.217685
0.289265
0.083941
0.151022
0.161380
0.261457
0.135967
0.085786
0.215556
0.079236
0.140374
0.130015
0.223932
0.259322
0.213431
0.047764
0.332148
0.066887
0.134504
0.135664
0.064403
0.380934
0.273099
0.011687
0.261433
0.245721
0.150381
0.234848
0.213343
0.198782
0.195491
0.156950
0.166550
0.196204
0.191691
0.226674
0.121653
0.155062
0.221352
0.294136
0.142153
0.232638
0.179757
0.290191
0.214059
0.095486
0.163847
0.249066
0.153881
0.203076
0.184594
0.235810
0.200637
0.174136
0.070663
0.293660
0.123948
0.213746
0.045137
0.218915
0.171726
0.052582
0.317530
0.177685
0.179100
0.238910
0.108700
0.225572
0.280948
0.377244
0.162133
0.134294
0.141277
0.068085
0.085548
0.101631
0.238037
0.135155
0.175147
0.015676
0.188998
0.099255
0.204603
0.078380
0.123214
0.369612
0.372052
0.062726
0.154660
0.216313
0.208278
0.297144
0.250333
0.165256
0.139396
0.219402
0.155589
0.147119
0.265042
0.180695
0.154563
0.135908
0.124371
0.204931
0.139678
0.216093
0.181907
0.253068
0.138880
0.054192
0.175104
0.292432
0.166357
0.134865
0.167013
0.168965
0.221032
0.101274
0.182264
0.214145
0.089276
0.229785
0.065686
0.136468
0.216118
0.158812
0.217297
0.074630
0.116937
0.215438
0.209205
0.312923
0.345143
0.429080
0.156620
0.208132
0.054439
0.153019
0.083154
0.178663
0.217795
0.084670
0.035576
0.062182
0.208432
0.107192
0.253220
0.100216
0.180678
0.234547
0.442961
0.133828
0.087578
0.212296
0.291986
0.253290
0.192649
0.122092
0.039730
0.181865
0.045004
0.111592
0.385246
0.078793
0.126574
0.097718
0.120515
0.117020
0.076763
0.113578
0.142232
0.174903
0.048195
0.154480
0.121294
0.307151
0.160129
0.227790
0.187881
0.049903
0.161985
0.208832
0.269762
0.117329
0.100347
0.069072
0.069728
0.123742
0.202635
0.223154
0.274951
0.116437
0.122630
0.286093
0.157870
0.307985
0.283078
0.313568
0.206854
0.226153
0.092971
0.192650
0.105523
0.225243
0.092715
0.196437
0.132830
0.093143
0.228030
0.105863
0.221963
0.079458
0.097221
0.257735
0.381097
0.146688
0.058895
0.197158
0.207228
0.260697
0.185285
0.120012
0.283167
0.145335
0.088918
0.171385
0.263473
0.078767
0.179484
0.060085
0.274021
0.256768
0.076332
0.107279
0.208357
0.114400
0.035425
0.054003
0.047471
0.276555
0.149723
0.292688
0.244369
0.003457
0.169372
0.268982
0.262411
0.173522
0.137346
0.148225
0.147482
0.197677
0.186554
0.142467
0.269335
0.082638
0.215533
0.213850
0.133627
0.315712
0.120824
0.196862
0.218887
0.211098
0.272320
0.164341
0.214810
0.285768
0.246828
0.167601
0.209958
0.033292
0.307844
0.173458
0.087602
0.120196
0.104281
0.187234
0.317890
0.062018
0.118740
0.219094
0.046771
0.270821
0.108295
0.073390
0.372609
0.069723
0.047023
0.117443
0.165956
0.153109
0.214578
0.166299
0.412101
0.256923
0.093593
0.118822
0.157599
0.102039
0.124710
0.109968
0.176038
0.182893
0.107898
0.178646
0.238898
0.058468
0.113923
0.157574
0.261449
0.249746
0.209102
0.228018
