# G_3, p = 0.0000 GPa (dir_0.0_bar).
# D8R-only: 36 rings x 101 frames = 3636 samples.
# Column: per-D8R Delta [A]
0.015420
0.012985
0.011439
0.015742
0.012981
0.011557
0.015567
0.013287
0.011284
0.015341
0.013370
0.011058
0.015697
0.012976
0.011502
0.015639
0.013024
0.011431
0.015404
0.013360
0.011165
0.015396
0.013183
0.011225
0.015843
0.012854
0.011588
0.015630
0.012881
0.011555
0.015259
0.013399
0.011106
0.015411
0.013331
0.011130
0.104733
0.071996
0.094048
0.135499
0.098831
0.052894
0.153839
0.063113
0.180898
0.071797
0.123131
0.050914
0.241826
0.062909
0.045880
0.145168
0.035046
0.114007
0.103353
0.082094
0.192937
0.087540
0.073770
0.140597
0.101423
0.174979
0.120379
0.073817
0.131040
0.078050
0.151204
0.095371
0.166658
0.142859
0.057630
0.212899
0.250883
0.050562
0.063034
0.212412
0.117189
0.179813
0.307918
0.128236
0.373646
0.145099
0.054632
0.101138
0.446859
0.037162
0.133084
0.146567
0.050035
0.154718
0.124021
0.186694
0.133644
0.136686
0.150586
0.139578
0.151494
0.340075
0.115162
0.222299
0.171989
0.109540
0.185473
0.216099
0.168030
0.200527
0.015438
0.377049
0.312457
0.075969
0.149348
0.224404
0.094931
0.334476
0.398230
0.146818
0.435192
0.224597
0.146031
0.131226
0.509751
0.041201
0.327542
0.126406
0.049038
0.124519
0.054845
0.279511
0.185446
0.227678
0.196929
0.192909
0.101315
0.297832
0.084553
0.319853
0.148620
0.169437
0.169676
0.320196
0.045221
0.229016
0.125090
0.444904
0.248311
0.163659
0.267112
0.229443
0.072654
0.374267
0.483638
0.149794
0.377437
0.382587
0.184758
0.179753
0.400693
0.103512
0.390682
0.131794
0.081149
0.071448
0.034707
0.273234
0.141355
0.270720
0.354962
0.151565
0.147695
0.163324
0.115593
0.331509
0.150129
0.202245
0.143649
0.311843
0.037229
0.180815
0.108844
0.539051
0.212295
0.212616
0.311206
0.264439
0.050592
0.367641
0.564258
0.148037
0.324196
0.495275
0.110612
0.260611
0.278833
0.063422
0.310043
0.028066
0.172073
0.047977
0.130004
0.212278
0.123981
0.276515
0.424641
0.152513
0.062243
0.282308
0.074803
0.335116
0.087329
0.161378
0.218946
0.213486
0.053421
0.141343
0.050392
0.685119
0.282473
0.235348
0.265779
0.235846
0.221037
0.302340
0.511100
0.143632
0.339193
0.515326
0.197970
0.339612
0.254944
0.016778
0.273825
0.108190
0.145255
0.050733
0.231674
0.098195
0.129551
0.228021
0.438328
0.125208
0.164544
0.352431
0.070477
0.388342
0.089223
0.177429
0.262194
0.191693
0.080108
0.155691
0.192657
0.660593
0.405040
0.335741
0.209316
0.288221
0.208955
0.202311
0.338455
0.128508
0.287247
0.503538
0.357964
0.464276
0.293796
0.046225
0.327882
0.187026
0.147400
0.088854
0.211919
0.108037
0.054919
0.221618
0.408981
0.038660
0.209997
0.284871
0.174397
0.421377
0.140041
0.238668
0.333840
0.251977
0.114506
0.189148
0.348146
0.567047
0.521989
0.306308
0.121573
0.357800
0.258749
0.142745
0.124150
0.154464
0.164728
0.396836
0.390606
0.564087
0.135236
0.111906
0.288866
0.188697
0.152299
0.098340
0.158723
0.095515
0.192783
0.240257
0.319150
0.087343
0.281615
0.193590
0.249550
0.378632
0.181983
0.234357
0.360708
0.297408
0.239882
0.158745
0.353946
0.426470
0.534452
0.148329
0.078981
0.295667
0.263777
0.047831
0.049413
0.195503
0.079872
0.264536
0.442124
0.581955
0.078944
0.022706
0.069848
0.224175
0.146833
0.119894
0.220253
0.132587
0.251057
0.266125
0.272705
0.120534
0.349872
0.150242
0.306863
0.410351
0.172677
0.160549
0.237473
0.208767
0.272734
0.131353
0.313786
0.232592
0.456010
0.015785
0.088151
0.203126
0.345635
0.105871
0.071710
0.204982
0.128571
0.119799
0.428989
0.519004
0.206911
0.155208
0.149133
0.279472
0.178334
0.199064
0.370797
0.208809
0.287308
0.330093
0.305634
0.117086
0.256107
0.189425
0.288714
0.434049
0.102929
0.194889
0.265820
0.036630
0.162827
0.118093
0.294442
0.104697
0.329643
0.066226
0.103379
0.276913
0.290029
0.103442
0.052528
0.230142
0.171353
0.096135
0.411019
0.463312
0.194961
0.259581
0.233278
0.308599
0.208429
0.206368
0.457377
0.149705
0.328752
0.403091
0.296473
0.073953
0.157488
0.271118
0.230789
0.417932
0.119620
0.092016
0.250306
0.084169
0.121397
0.197482
0.232589
0.177482
0.208932
0.067328
0.026989
0.297339
0.157331
0.125380
0.127979
0.281048
0.149155
0.108459
0.311169
0.371239
0.163392
0.317187
0.218232
0.230306
0.226399
0.228072
0.337088
0.049193
0.314137
0.348466
0.162157
0.093428
0.098682
0.366712
0.078571
0.333309
0.101497
0.121216
0.223737
0.133496
0.009592
0.151187
0.211680
0.230850
0.112358
0.152626
0.194295
0.083815
0.189273
0.196271
0.252518
0.331863
0.037365
0.031972
0.298433
0.233082
0.143936
0.364508
0.181151
0.150594
0.273478
0.276890
0.249775
0.046896
0.204366
0.244574
0.127806
0.140890
0.050788
0.330572
0.088410
0.271752
0.039455
0.098696
0.294859
0.187304
0.180850
0.055035
0.212119
0.251740
0.049321
0.299816
0.275615
0.133441
0.283304
0.160072
0.230658
0.331385
0.115897
0.120566
0.245023
0.169596
0.172088
0.368102
0.210664
0.135241
0.300212
0.233180
0.298393
0.033495
0.102970
0.163057
0.201154
0.055158
0.150969
0.201059
0.169910
0.244888
0.092566
0.070980
0.381190
0.251922
0.224181
0.152191
0.211425
0.342207
0.034197
0.275297
0.177773
0.145220
0.360303
0.073688
0.253672
0.200483
0.207576
0.060259
0.159761
0.165810
0.149477
0.395973
0.205887
0.063557
0.285923
0.179940
0.330408
0.060162
0.169773
0.128908
0.271021
0.034930
0.078476
0.151562
0.233270
0.167671
0.167155
0.090934
0.451660
0.252909
0.235855
0.256744
0.126314
0.350456
0.060371
0.247172
0.216857
0.147002
0.341454
0.086722
0.294051
0.225605
0.253317
0.023783
0.060360
0.118369
0.175412
0.557414
0.341255
0.066468
0.215915
0.225504
0.249402
0.137598
0.155995
0.167273
0.218085
0.071958
0.086459
0.221404
0.201731
0.069145
0.179299
0.166982
0.531511
0.179148
0.271900
0.258838
0.242729
0.348424
0.125883
0.302531
0.207508
0.095900
0.278499
0.138148
0.390577
0.231341
0.270153
0.148052
0.199726
0.161543
0.179057
0.521034
0.480981
0.249500
0.243801
0.336429
0.201877
0.114272
0.227328
0.201670
0.050391
0.079814
0.131056
0.303131
0.166766
0.056822
0.142664
0.207963
0.581077
0.196524
0.351540
0.244167
0.367306
0.349315
0.208632
0.397506
0.126909
0.060216
0.269222
0.107363
0.459563
0.145400
0.297733
0.259950
0.206988
0.206420
0.089160
0.384999
0.474692
0.326421
0.467613
0.292520
0.298396
0.110042
0.155702
0.248436
0.077482
0.211636
0.103675
0.273405
0.156305
0.085405
0.164377
0.234171
0.542964
0.385728
0.492928
0.350986
0.303726
0.327356
0.233086
0.308143
0.141589
0.164916
0.196016
0.027160
0.434389
0.018813
0.221241
0.427420
0.054339
0.233550
0.028858
0.333833
0.338289
0.320950
0.586567
0.242774
0.272248
0.100751
0.075641
0.280913
0.100069
0.280273
0.130297
0.204787
0.186169
0.140089
0.174427
0.234913
0.381991
0.461693
0.629096
0.546578
0.184637
0.263001
0.216815
0.217436
0.186071
0.124548
0.123475
0.142935
0.358867
0.052403
0.153962
0.390504
0.071954
0.260825
0.069917
0.449496
0.260972
0.240000
0.400269
0.241095
0.130151
0.131207
0.022790
0.309864
0.089116
0.252531
0.204168
0.142439
0.115853
0.145182
0.224313
0.170220
0.250748
0.281013
0.620267
0.556749
0.192941
0.201815
0.191654
0.195060
0.268700
0.155658
0.012090
0.290333
0.330283
0.129848
0.136231
0.276724
0.090167
0.367345
0.185050
0.509472
0.257607
0.248188
0.144103
0.221451
0.077146
0.150367
0.051726
0.244925
0.142120
0.317263
0.161922
0.177026
0.058739
0.106009
0.244290
0.108943
0.264826
0.144697
0.439241
0.439759
0.171274
0.226864
0.178141
0.291536
0.246907
0.224264
0.054490
0.336354
0.298394
0.107608
0.109104
0.237556
0.097484
0.429568
0.192857
0.292383
0.168867
0.272982
0.162580
0.138165
0.126236
0.133801
0.113382
0.113393
0.239762
0.365669
0.083456
0.213888
0.057164
0.233498
0.191207
0.075739
0.238618
0.149017
0.299388
0.345085
0.162186
0.221004
0.126725
0.315016
0.195738
0.238467
0.120033
0.307078
0.227037
0.027692
0.066827
0.106588
0.299783
0.330423
0.259450
0.021917
0.120692
0.262016
0.213386
0.064883
0.132399
0.052544
0.120458
0.028477
0.235642
0.273290
0.033658
0.206011
0.074591
0.250241
0.088471
0.025226
0.249333
0.087944
0.225122
0.318681
0.214766
0.174227
0.204566
0.260088
0.189113
0.193572
0.242385
0.230982
0.192849
0.054408
0.070760
0.092156
0.410875
0.328262
0.335326
0.050818
0.184247
0.235279
0.142625
0.190624
0.161785
0.016738
0.036273
0.137120
0.110592
0.209730
0.111320
0.192909
0.041300
0.129225
0.087612
0.050183
0.231499
0.080810
0.088004
0.299984
0.196653
0.282554
0.145489
0.204164
0.279459
0.417520
0.270633
0.241341
0.199136
0.161639
0.100274
0.196589
0.438083
0.362780
0.392625
0.122442
0.254480
0.147372
0.154968
0.384938
0.167828
0.057811
0.087313
0.264451
0.071576
0.103300
0.223672
0.207889
0.066757
0.131400
0.244171
0.115922
0.147406
0.216330
0.198064
0.183725
0.125290
0.255392
0.059782
0.215119
0.303375
0.472028
0.220706
0.154387
0.289956
0.184903
0.072877
0.272625
0.427875
0.353890
0.408591
0.219019
0.336530
0.040489
0.185686
0.349910
0.111998
0.235697
0.173944
0.387123
0.165715
0.070103
0.255279
0.240006
0.095742
0.143353
0.218980
0.074792
0.267504
0.251283
0.218499
0.052280
0.177207
0.319343
0.166333
0.149799
0.245480
0.351598
0.230358
0.106800
0.381109
0.242043
0.122090
0.267968
0.405142
0.273784
0.406831
0.170581
0.450843
0.169212
0.098145
0.133969
0.046386
0.329885
0.151418
0.500350
0.136984
0.177842
0.245549
0.190481
0.093226
0.195715
0.301858
0.132152
0.281133
0.149679
0.088542
0.118471
0.185374
0.353663
0.318302
0.079340
0.153669
0.276326
0.180214
0.146550
0.432695
0.251179
0.199453
0.435156
0.333800
0.196659
0.399281
0.205564
0.397553
0.288068
0.127984
0.115578
0.122557
0.296197
0.090103
0.518099
0.174006
0.181099
0.274134
0.169013
0.098330
0.231433
0.216649
0.077339
0.186837
0.021946
0.084519
0.248405
0.065549
0.296139
0.369246
0.083998
0.214609
0.285373
0.093040
0.194446
0.323370
0.248034
0.231821
0.420213
0.259976
0.224059
0.392895
0.174703
0.293479
0.353341
0.302829
0.045699
0.218829
0.282488
0.104621
0.388246
0.216578
0.146763
0.181157
0.097433
0.090485
0.383504
0.098124
0.065354
0.184436
0.073124
0.246434
0.214922
0.017699
0.365217
0.333332
0.034028
0.218804
0.257649
0.112671
0.173291
0.295582
0.195032
0.184843
0.330365
0.197362
0.245988
0.385183
0.279728
0.373823
0.317005
0.410682
0.037619
0.132751
0.216838
0.142464
0.216598
0.181596
0.165355
0.136451
0.027371
0.116517
0.328654
0.115034
0.129870
0.278460
0.178279
0.344405
0.169371
0.044373
0.343230
0.218528
0.117940
0.162759
0.150571
0.028436
0.141135
0.281353
0.150809
0.165865
0.219125
0.085203
0.227124
0.334968
0.394815
0.392689
0.244955
0.404203
0.055482
0.081088
0.126739
0.191671
0.140267
0.142987
0.236299
0.110666
0.147538
0.226915
0.184025
0.119812
0.115131
0.343565
0.255269
0.275171
0.248977
0.110950
0.236963
0.183531
0.181535
0.106312
0.146036
0.082637
0.075618
0.202648
0.192225
0.245662
0.211749
0.083543
0.184720
0.295017
0.468394
0.271928
0.183273
0.281181
0.080570
0.229759
0.179676
0.088443
0.173728
0.033206
0.287488
0.254207
0.164654
0.206827
0.118452
0.190222
0.083374
0.237836
0.243786
0.201793
0.280765
0.283803
0.170035
0.246891
0.234242
0.149017
0.106033
0.171361
0.091385
0.131309
0.192022
0.244304
0.187850
0.097455
0.240319
0.314294
0.450512
0.262324
0.176778
0.204746
0.162211
0.250869
0.278374
0.040135
0.135168
0.089535
0.241395
0.373212
0.113840
0.181938
0.179811
0.194723
0.120017
0.148639
0.072993
0.177537
0.186850
0.332762
0.140840
0.270342
0.193333
0.235234
0.073065
0.266856
0.227388
0.119906
0.091295
0.240785
0.209672
0.161812
0.272653
0.365242
0.497216
0.219672
0.110160
0.172827
0.199294
0.304236
0.275203
0.142682
0.108316
0.060172
0.110830
0.443821
0.082023
0.129697
0.197251
0.119137
0.168799
0.283879
0.104650
0.196034
0.096027
0.226534
0.085985
0.187259
0.180728
0.249518
0.119225
0.203930
0.284490
0.094903
0.116047
0.322502
0.218659
0.187936
0.254253
0.414374
0.577846
0.101374
0.024872
0.105385
0.300193
0.286241
0.087738
0.176304
0.099409
0.102713
0.051964
0.504025
0.147197
0.099070
0.135047
0.014924
0.106864
0.453650
0.053719
0.177121
0.156773
0.157539
0.064523
0.105185
0.180601
0.263468
0.177380
0.065249
0.253072
0.059540
0.159704
0.267980
0.283690
0.225126
0.152250
0.495478
0.502495
0.063485
0.059066
0.109973
0.368099
0.268970
0.177959
0.018668
0.045551
0.212647
0.098332
0.503815
0.127696
0.150244
0.187997
0.090252
0.055066
0.495815
0.063606
0.186044
0.136194
0.145320
0.173610
0.231845
0.267358
0.274227
0.154332
0.093374
0.215201
0.122380
0.122632
0.256083
0.224182
0.199647
0.053625
0.481639
0.280211
0.042692
0.220533
0.102912
0.214798
0.435984
0.201741
0.110905
0.117404
0.238519
0.189353
0.458148
0.100515
0.109684
0.239719
0.050142
0.079488
0.392684
0.064789
0.126391
0.167069
0.137412
0.221922
0.222145
0.250356
0.254798
0.311846
0.202413
0.239577
0.241306
0.202751
0.321761
0.172333
0.184059
0.059367
0.442277
0.102669
0.269776
0.265252
0.032974
0.076280
0.428954
0.216496
0.042478
0.121858
0.254843
0.308236
0.286968
0.106739
0.068148
0.263880
0.087009
0.065861
0.305326
0.136898
0.112400
0.212585
0.131974
0.207546
0.245145
0.166757
0.253620
0.509889
0.249109
0.198155
0.355636
0.297731
0.318888
0.121931
0.162279
0.075969
0.503957
0.069210
0.341894
0.262518
0.015587
0.136868
0.328788
0.258509
0.031477
0.192775
0.226896
0.345898
0.409466
0.158826
0.089487
0.260216
0.150064
0.086348
0.192398
0.252613
0.061023
0.245783
0.085494
0.237074
0.289521
0.087923
0.251784
0.610707
0.169979
0.260692
0.386939
0.325211
0.212320
0.083105
0.123532
0.149958
0.448824
0.073722
0.262938
0.312764
0.147655
0.156643
0.256050
0.354608
0.074714
0.141388
0.237031
0.310500
0.395961
0.081999
0.124541
0.132243
0.236573
0.170265
0.129209
0.229574
0.074514
0.175707
0.106665
0.193387
0.344206
0.148272
0.256942
0.605712
0.224062
0.289534
0.342782
0.248194
0.068250
0.057175
0.143862
0.292580
0.333774
0.096406
0.178149
0.384605
0.225333
0.202354
0.128362
0.393691
0.230279
0.100543
0.246465
0.264184
0.219905
0.069986
0.131094
0.103670
0.339838
0.175304
0.154566
0.101344
0.172420
0.100891
0.146882
0.166350
0.297292
0.235376
0.192034
0.571080
0.228169
0.298696
0.276992
0.137699
0.153513
0.154072
0.155196
0.340565
0.355216
0.097949
0.182020
0.278172
0.140158
0.239863
0.075856
0.397335
0.230747
0.074536
0.134856
0.221816
0.100810
0.199522
0.284087
0.096868
0.258126
0.164823
0.166451
0.108338
0.269097
0.060652
0.266588
0.177842
0.213012
0.238693
0.100743
0.499898
0.176613
0.210115
0.248958
0.202527
0.141540
0.160356
0.199123
0.245617
0.428686
0.071287
0.179292
0.152352
0.041391
0.246484
0.162734
0.342781
0.295325
0.108406
0.039370
0.156196
0.194313
0.190480
0.235194
0.150942
0.206741
0.144560
0.137771
0.265585
0.168362
0.053786
0.291668
0.274369
0.191601
0.090686
0.138833
0.406287
0.057134
0.169353
0.323343
0.245737
0.164198
0.005778
0.258882
0.143714
0.472004
0.108053
0.103465
0.186798
0.027142
0.196788
0.131107
0.254538
0.338517
0.092378
0.168059
0.178766
0.225638
0.249352
0.165256
0.219294
0.262297
0.130239
0.334278
0.302278
0.063485
0.093981
0.308358
0.227881
0.133506
0.096708
0.187107
0.364961
0.174733
0.111859
0.364378
0.219380
0.192913
0.142342
0.286772
0.127457
0.453272
0.049974
0.225509
0.077982
0.109426
0.078078
0.084064
0.183858
0.250995
0.159525
0.295137
0.230048
0.177698
0.336729
0.152462
0.295536
0.317038
0.117885
0.225565
0.295169
0.305411
0.140588
0.278469
0.174939
0.073703
0.129333
0.149994
0.347226
0.201098
0.042706
0.256926
0.140232
0.163709
0.096545
0.305852
0.067797
0.436737
0.090320
0.286659
0.246506
0.081999
0.045911
0.136118
0.215018
0.172698
0.138395
0.288548
0.294269
0.235006
0.347085
0.194714
0.291941
0.289507
0.080576
0.131403
0.214790
0.371471
0.242431
0.299063
0.210814
0.068894
0.145127
0.165177
0.242559
0.140537
0.141141
0.161903
0.310475
0.148110
0.035661
0.257258
0.096408
0.409249
0.233767
0.205683
0.385028
0.101858
0.096022
0.152030
0.271661
0.157966
0.095538
0.235153
0.282014
0.357338
0.327160
0.162840
0.261395
0.229327
0.185472
0.073438
0.214611
0.208219
0.272586
0.356658
0.320883
0.065147
0.177245
0.260831
0.122363
0.190511
0.164659
0.188533
0.319851
0.109302
0.123827
0.218961
0.158934
0.436190
0.331636
0.124924
0.316996
0.173939
0.143219
0.217391
0.327338
0.180119
0.141028
0.197712
0.326170
0.333960
0.322361
0.062225
0.236281
0.149734
0.260306
0.126841
0.407622
0.247177
0.254920
0.263321
0.371975
0.028162
0.093788
0.240215
0.289971
0.495380
0.238301
0.337628
0.302334
0.139719
0.220786
0.168224
0.146287
0.447757
0.246225
0.163522
0.328692
0.128006
0.234460
0.305989
0.341114
0.159985
0.420928
0.160412
0.367603
0.303511
0.291549
0.191335
0.208519
0.130452
0.234670
0.213506
0.406030
0.284815
0.275340
0.085264
0.313893
0.093330
0.086971
0.185050
0.375244
0.580615
0.322717
0.403012
0.312856
0.225142
0.238071
0.014519
0.142431
0.466589
0.178960
0.335717
0.308055
0.120610
0.238826
0.220804
0.249634
0.226767
0.581567
0.131701
0.361944
0.320468
0.160055
0.215923
0.175893
0.212050
0.132452
0.198293
0.323397
0.311067
0.287849
0.112477
0.265825
0.159840
0.147774
0.175555
0.360448
0.515454
0.294674
0.315213
0.374721
0.275565
0.247294
0.134581
0.159955
0.464299
0.167381
0.449478
0.153089
0.199002
0.230897
0.214836
0.091708
0.322367
0.562554
0.134967
0.373011
0.328417
0.084095
0.073844
0.151212
0.173224
0.263095
0.242097
0.325625
0.364716
0.285706
0.154390
0.331341
0.155461
0.121338
0.208483
0.336845
0.463621
0.123901
0.370311
0.478239
0.348410
0.245722
0.227751
0.205862
0.448227
0.206755
0.424510
0.244488
0.378315
0.299999
0.167574
0.144197
0.430789
0.382660
0.151109
0.445457
0.169106
0.084030
0.015048
0.152325
0.182626
0.258894
0.250224
0.445497
0.383068
0.282026
0.143752
0.520284
0.117457
0.120331
0.198609
0.243827
0.494952
0.111960
0.454957
0.641891
0.446762
0.176140
0.314329
0.239923
0.396534
0.136849
0.342033
0.358913
0.520157
0.271732
0.048631
0.255119
0.417546
0.286694
0.191253
0.462206
0.036074
0.196829
0.072191
0.152234
0.141836
0.187866
0.223636
0.474260
0.412060
0.279107
0.085980
0.591319
0.111228
0.237209
0.227958
0.223616
0.468327
0.156608
0.399678
0.538201
0.554096
0.240992
0.377282
0.296965
0.286463
0.124601
0.361401
0.375009
0.553604
0.286795
0.078190
0.290854
0.261756
0.300935
0.238301
0.492637
0.014395
0.232918
0.121411
0.129625
0.100493
0.167240
0.213758
0.420253
0.361484
0.264542
0.076807
0.563581
0.217328
0.291875
0.245302
0.198795
0.391995
0.209099
0.247140
0.424531
0.639315
0.285918
0.418230
0.350857
0.241855
0.313731
0.351428
0.335224
0.460452
0.344521
0.066280
0.297240
0.131222
0.332980
0.194805
0.463235
0.076974
0.117254
0.141560
0.112414
0.121390
0.165599
0.170232
0.321027
0.315848
0.318478
0.105479
0.506642
0.287213
0.238835
0.379069
0.274003
0.341477
0.171887
0.177943
0.442043
0.684298
0.314164
0.452482
0.336235
0.193108
0.315216
0.223038
0.360917
0.393597
0.425652
0.049253
0.195389
0.130754
0.310149
0.186307
0.409994
0.183118
0.133044
0.217208
0.191336
0.112236
0.133621
0.148480
0.296536
0.352433
0.302213
0.161123
0.459642
0.241769
0.258961
0.456477
0.202251
0.272877
0.116877
0.216422
0.423304
0.600327
0.303012
0.390451
0.282137
0.100483
0.355066
0.166647
0.338261
0.409350
0.427213
0.084434
0.065755
0.083814
0.430794
0.230503
0.334136
0.250118
0.187440
0.360901
0.239891
0.142168
0.103556
0.180978
0.262510
0.337962
0.263584
0.200077
0.384046
0.217227
0.139011
0.327278
0.120881
0.238499
0.104415
0.270980
0.349366
0.525450
0.303004
0.390894
0.233906
0.057463
0.401773
0.194689
0.266425
0.385978
0.340343
0.191178
0.128724
0.132427
0.502764
0.068583
0.238893
0.300229
0.200553
0.410154
0.240856
0.108973
0.103958
0.233361
0.226321
0.233700
0.284778
0.162044
0.280001
0.267007
0.258053
0.240829
0.117152
0.253647
0.082328
0.177947
0.241616
0.515868
0.310014
0.349484
0.215176
0.137103
0.348611
0.236940
0.225226
0.281378
0.233350
0.108059
0.152251
0.210103
0.450446
0.210999
0.165208
0.395335
0.167441
0.368974
0.228466
0.080474
0.094220
0.188168
0.108477
0.154485
0.319914
0.093071
0.116466
0.346821
0.212957
0.180593
0.118502
0.266822
0.074257
0.104916
0.184794
0.568032
0.311566
0.291729
0.234506
0.148457
0.239134
0.180264
0.261588
0.270361
0.131072
0.201007
0.176377
0.149157
0.287641
0.233126
0.177924
0.352176
0.150380
0.261528
0.170379
0.101894
0.143261
0.059510
0.013353
0.137277
0.236539
0.138923
0.203841
0.381066
0.088421
0.118718
0.240598
0.195829
0.065283
0.258860
0.069587
0.448316
0.295528
0.193191
0.285009
0.192182
0.280814
0.158743
0.245352
0.098181
0.098761
0.295813
0.151715
0.134617
0.225840
0.085902
0.156115
0.350712
0.113742
0.242572
0.109021
0.254701
0.305260
0.083880
0.045114
0.104563
0.164773
0.107125
0.156783
0.385123
0.105947
0.094112
0.404745
0.037571
0.145117
0.332036
0.093347
0.243642
0.303803
0.142694
0.282014
0.201167
0.462993
0.148129
0.205810
0.024717
0.036044
0.320446
0.183883
0.051200
0.194482
0.089837
0.112295
0.356964
0.070830
0.298654
0.020624
0.281074
0.423076
0.142229
0.101140
0.094984
0.123416
0.130112
0.222600
0.404496
0.185242
0.081667
0.551646
0.064537
0.147537
0.445454
0.072574
0.140849
0.342869
0.065811
0.166847
0.160789
0.473742
0.119302
0.165456
0.043320
0.153175
0.447477
0.130192
0.062266
0.078015
0.142899
0.092045
0.302896
0.070095
0.285896
0.017838
0.137854
0.476757
0.114336
0.139439
0.145485
0.272261
0.147578
0.290228
0.440382
0.180364
0.205716
0.544274
0.155434
0.223355
0.507265
0.049416
0.274353
0.332510
0.195073
0.037803
0.109153
0.284603
0.114503
0.269659
0.117739
0.312065
0.630645
0.185273
0.101305
0.094823
0.150874
0.040702
0.239686
0.063005
0.259874
0.096260
0.056566
0.437869
0.088299
0.080773
0.146039
0.294416
0.086424
0.289465
0.390932
0.233271
0.152377
0.474806
0.168791
0.217162
0.436253
0.127606
0.240570
0.205741
0.323778
0.219510
0.159621
0.294464
0.136125
0.272442
0.083545
0.330914
0.511332
0.216677
0.074230
0.130357
0.149951
0.020671
0.170253
0.043808
0.199909
0.143882
0.189774
0.353930
0.184114
0.031845
0.079575
0.237379
0.160759
0.306926
0.311058
0.240869
0.174284
0.413873
0.253412
0.185556
0.224092
0.163966
0.417863
0.092603
0.349845
0.226402
0.102667
0.293897
0.134210
0.244059
0.046273
0.243980
0.309839
0.279344
0.110590
0.103957
0.208249
0.058253
0.101652
0.077366
0.145988
0.188115
0.281861
0.184254
0.316952
0.119250
0.053855
0.188232
0.243112
0.282111
0.259797
0.214515
0.161106
0.298549
0.358428
0.091859
0.099157
0.115623
0.582594
0.078476
0.342086
0.127753
0.061333
0.115007
0.050316
0.184806
0.089990
0.171550
0.251018
0.241895
0.178499
0.079686
0.285647
0.123021
0.074645
0.191210
0.145654
0.160459
0.234280
0.278154
0.366711
0.095714
0.067630
0.258940
0.295423
0.272677
0.115833
0.332799
0.230900
0.233515
0.279017
0.094480
0.262338
0.030568
0.695673
0.084782
0.320218
0.075848
0.091992
0.152744
0.076670
0.195670
0.126710
0.086877
0.342848
0.177223
0.147350
0.180591
0.211844
0.188895
0.081209
0.189217
0.127236
0.222540
0.152447
0.308548
0.304142
0.169102
0.068784
0.266950
0.177386
0.213322
0.098476
0.363736
0.260708
0.237870
0.227501
0.155484
0.398414
0.113010
0.737566
0.078013
0.304292
0.207741
0.108152
0.301274
0.159514
0.206646
0.157859
0.084201
0.347555
0.167456
0.150304
0.283760
0.069265
0.200642
0.072933
0.203713
0.168934
0.312510
0.131985
0.263048
0.307619
0.156560
0.035243
0.277265
0.124385
0.178330
0.182663
0.308428
0.277897
0.206903
0.221219
0.175377
0.433845
0.199232
0.595840
0.099251
0.319235
0.324360
0.315493
0.301509
0.203046
0.108538
0.159526
0.156849
0.203333
0.138494
0.156505
0.374515
0.068070
0.185167
0.068536
0.225652
0.205295
0.285812
0.133023
0.255041
0.329473
0.136235
0.139865
0.188828
0.293118
0.135840
0.233444
0.185178
0.256391
0.253237
0.196936
0.083837
0.469686
0.304189
0.486964
0.093626
0.308565
0.304736
0.324058
0.324541
0.150368
0.104728
0.238614
0.191642
0.104848
0.116565
0.126440
0.208862
0.232351
0.154369
0.217483
0.163418
0.192797
0.207666
0.100618
0.236252
0.260499
0.195276
0.159259
0.150514
0.301609
0.099010
0.203624
0.079947
0.362637
0.268882
0.180828
0.128872
0.452996
0.373543
0.454484
0.175985
0.330857
0.154100
0.200515
0.314547
0.091960
0.152253
0.368671
0.141068
0.246521
0.140756
0.153382
0.074632
0.296224
0.212681
0.295840
0.244427
0.240430
0.128746
0.082001
0.291955
0.106786
0.225889
0.136270
0.073805
0.121998
0.069015
0.244201
0.032832
0.402962
0.342432
0.285165
0.137267
0.492569
0.385291
0.343119
0.264031
0.302557
0.080665
0.131965
0.302816
0.019696
0.247501
0.322283
0.168261
0.452208
0.172576
0.211441
0.068360
0.238519
0.256400
0.262885
0.201133
0.290608
0.188924
0.074376
0.377348
0.064409
0.143457
0.165946
0.049580
0.052769
0.119819
0.274163
0.026827
0.313387
0.450431
0.365975
0.114860
0.490318
0.428264
0.285070
0.245176
0.072113
0.067496
0.056396
0.208975
0.111813
0.214960
0.195391
0.206570
0.560086
0.075497
0.112944
0.216181
0.248289
0.258614
0.202416
0.160836
0.259578
0.228302
0.181658
0.381901
0.058070
0.166215
0.282574
0.128771
0.104677
0.129473
0.238754
0.081395
0.252481
0.554783
0.326146
0.164761
0.388614
0.400894
0.401647
0.186030
0.141819
0.101967
0.104755
0.079375
0.093337
0.303548
0.200480
0.235307
0.547170
0.067050
0.056763
0.291889
0.280070
0.199590
0.246084
0.157213
0.184265
0.241372
0.210848
0.239465
0.090996
0.127394
0.323351
0.326753
0.140161
0.103530
0.137408
0.187163
0.241894
0.556687
0.249329
0.249709
0.269621
0.363811
0.375169
0.196721
0.179584
0.199467
0.211403
0.070629
0.099900
0.346572
0.299041
0.324800
0.448494
0.146234
0.050102
0.348763
0.214784
0.146074
0.374670
0.164318
0.116220
0.244395
0.165653
0.173989
0.134709
0.102132
0.272096
0.434120
0.258352
0.119753
0.091601
0.071695
0.159197
0.427463
0.165191
0.267273
0.207633
0.308940
0.396729
0.192689
0.076550
0.336367
0.261064
0.058600
0.135471
0.335843
0.275693
0.321003
0.394865
0.180181
0.126384
0.450692
0.162525
0.125329
0.293560
0.173456
0.118726
0.162210
0.069351
0.141284
0.072842
0.049963
0.158191
0.373653
0.233132
0.097580
0.167663
0.109344
0.158018
0.261472
0.133565
0.167623
0.191656
0.245125
0.537776
0.134488
0.119881
0.308391
0.186621
0.094496
0.139106
0.301459
0.178095
0.188836
0.346959
0.200630
0.171919
0.425654
0.217302
0.199202
0.240942
0.200161
0.139402
0.167186
0.017136
0.086374
0.098848
0.115470
0.166920
0.322813
0.227275
0.164551
0.274309
0.166415
0.249702
0.124705
0.170896
0.118212
0.244921
0.139153
0.512067
0.154423
0.161796
0.245910
0.110177
0.262181
0.125074
0.306338
0.298539
0.198478
0.405927
0.229540
0.212471
0.354113
0.189888
0.253796
0.255219
0.226385
0.047505
0.112082
0.250507
0.018433
0.174348
0.101876
0.168101
0.288709
0.217299
0.258643
0.264255
0.166841
0.291981
0.118377
0.168506
0.122271
0.160194
0.006793
0.364196
0.153538
0.204520
0.192230
0.100499
0.384846
0.178636
0.198516
0.298987
0.142677
0.393219
0.304888
0.294115
0.336324
0.261268
0.235797
0.253379
0.183260
0.033922
0.165445
0.358486
0.067037
0.170395
0.211722
0.182689
0.327599
0.174182
0.307633
0.201852
0.250886
0.278518
0.101906
0.138485
0.053095
0.125224
0.157898
0.233798
0.173493
0.250869
0.108990
0.111105
0.306946
0.192956
0.041418
0.239728
0.060486
0.357970
0.339582
0.343638
0.338334
0.289049
0.268145
0.100888
0.170031
0.042136
0.282426
0.330613
0.180806
0.226416
0.166767
0.320302
0.280770
0.056508
0.271117
0.102980
0.258643
0.302699
0.076720
0.197041
0.154111
0.141409
0.216711
0.247445
0.196839
0.381281
0.174575
0.304447
0.191711
0.242292
0.152812
0.245316
0.042108
0.284099
0.321536
0.342870
0.227020
0.308245
0.255672
0.099049
0.162268
0.080045
0.391894
0.262373
0.165724
0.282037
0.147190
0.418731
0.151145
0.068899
0.230555
0.259142
0.217871
0.402239
0.149692
0.304773
0.239463
0.122412
0.182739
0.150243
0.204702
0.536002
0.166014
0.431411
0.131967
0.154134
0.139516
0.207393
0.226900
0.341672
0.288281
0.322324
0.136131
0.321607
0.240664
0.085040
0.195080
0.159723
0.377782
0.263857
0.057364
0.341430
0.080374
0.396826
0.095815
0.113580
0.243578
0.338551
0.277483
0.425510
0.251255
0.332187
0.210798
0.157011
0.062223
0.116973
0.195045
0.522766
0.038382
0.422949
0.133890
0.080546
0.171009
0.111107
0.295085
0.303354
0.224687
0.385834
0.162318
0.430549
0.198921
0.103168
0.129840
0.065633
0.303664
0.298835
0.115645
0.369320
0.157713
0.374286
0.195142
0.156003
0.142133
0.354118
0.320565
0.246650
0.280555
0.268616
0.206377
0.208694
0.069728
0.110689
0.147095
0.401666
0.150628
0.287745
0.148764
0.143693
0.119911
0.104247
0.215034
0.284701
0.270789
0.277543
0.139062
0.391984
0.147441
0.098697
0.104427
0.004103
0.320110
0.247796
0.110380
0.385320
0.123189
0.421712
0.238301
0.021271
0.056780
0.355575
0.113737
0.150488
0.276458
0.245556
0.267626
0.255367
0.103837
0.190588
0.167302
0.257468
0.096495
0.341742
0.139601
0.074156
0.151262
0.145311
0.186217
0.261304
0.216330
0.217029
0.018006
0.263787
0.256230
0.135935
0.126833
0.047700
0.348594
0.179062
0.151667
0.411169
0.144967
0.408976
0.186613
0.154546
0.223671
0.289330
0.096466
0.158551
0.466299
0.176735
0.270699
0.231467
0.079927
0.356553
0.331445
0.196725
0.065121
0.523627
0.055464
0.055022
0.223121
0.107550
0.279884
0.307507
0.084374
0.383967
0.080346
0.345868
0.283704
0.180276
0.203973
0.107189
0.267998
0.082015
0.190609
0.352888
0.061562
0.257946
0.210544
0.190653
0.397441
0.170811
0.130588
0.159122
0.394282
0.193844
0.215799
0.273997
0.019284
0.415293
0.428402
0.155556
0.137378
0.541147
0.080877
0.043469
0.192345
0.147236
0.363646
0.252591
0.042631
0.378414
0.131218
0.405082
0.294842
0.110366
0.206223
0.081107
0.152652
0.079711
0.151203
0.182453
0.154059
0.118133
0.255027
0.144203
0.508039
0.177156
0.165329
0.190485
0.277645
0.349570
0.203655
0.158427
0.123919
0.323333
0.397145
0.107717
0.279167
0.398174
0.056064
0.088577
0.080642
0.132823
0.380494
0.224366
0.103953
0.390170
0.162450
0.347763
0.352990
0.113976
0.203802
0.057195
0.320060
0.141437
0.079550
0.054026
0.123335
0.269741
0.270507
0.192125
0.545061
0.280310
0.073161
0.217101
0.224363
0.343282
0.232821
0.070466
0.256139
0.258986
0.374929
0.098274
0.347350
0.327441
0.152934
0.130715
0.170277
0.026342
0.328678
0.355867
0.190644
0.444010
0.192192
0.207714
0.365532
0.147678
0.216101
0.125707
0.449572
0.099386
0.180109
0.050786
0.026884
0.242736
0.245141
0.292718
0.546176
0.384372
0.091960
0.207667
0.254890
0.200739
0.195178
0.130238
0.240164
0.382201
0.453232
0.088553
0.349107
0.304854
0.339566
0.202257
0.297893
0.122505
0.264061
0.368537
0.156030
0.544152
0.130854
0.102054
0.269380
0.178191
0.189978
0.160883
0.409057
0.021332
0.248688
0.174311
0.161386
0.382560
0.219493
0.270863
0.546993
0.326539
0.157294
0.215215
0.243600
0.111301
0.284286
0.252365
0.131070
0.332319
0.415296
0.173411
0.417654
0.315442
0.415125
0.244482
0.390483
0.268858
0.202327
0.303306
0.031215
0.539240
0.162294
0.071167
0.098588
0.173821
0.140094
0.175570
0.373326
0.093289
0.251801
0.299508
0.158730
0.430669
0.117185
0.136017
0.480787
0.188589
0.215712
0.226079
0.250626
0.186330
0.353778
0.283007
0.218218
0.268439
0.238665
0.285552
0.412521
0.212040
0.264899
0.236264
0.300370
0.375172
0.097456
0.256185
0.061795
0.471832
0.224445
0.015454
0.151153
0.195692
0.168156
0.141634
0.311114
0.089335
0.224509
0.307532
0.282968
0.297693
0.056146
0.048910
0.345603
0.160878
0.077808
0.216589
0.275124
0.264141
0.365100
0.334948
0.276639
0.295260
0.119795
0.313782
0.244068
0.118752
0.164230
0.184533
0.244205
0.406563
0.020322
0.204951
0.051029
0.406243
0.190758
0.140749
0.252784
0.151360
0.288353
0.124741
0.158299
0.057027
0.306678
0.257936
0.337390
0.172613
0.077503
0.127597
0.185882
0.127232
0.178502
0.148333
0.247798
0.226303
0.244801
0.465174
0.317984
0.251504
0.198233
0.234938
0.163284
0.121824
0.215972
0.168815
0.177495
0.272824
0.098229
0.156770
0.101561
0.322220
0.152979
0.114210
0.355770
0.199005
0.303889
0.192929
0.092136
0.176179
0.259027
0.256489
0.311933
0.137556
0.080266
0.219691
0.148847
0.110972
0.165998
0.081404
0.137414
0.174799
0.196277
0.513069
0.252564
0.152000
0.274773
0.183801
0.132152
0.274509
0.274057
0.196149
0.051307
0.218522
0.136316
0.178211
0.128740
0.195225
0.222365
0.088830
0.406758
0.269655
0.200959
0.262384
0.217822
0.255861
0.209309
0.199702
0.276750
0.137618
0.093532
0.246761
0.169225
0.166544
0.149502
0.067848
0.066861
0.198486
0.209219
0.483202
0.168182
0.053478
0.332574
0.269927
0.129659
0.403420
0.317493
0.189164
0.089724
0.214701
0.059327
0.187116
0.105274
0.158156
0.205727
0.121541
0.425327
0.190939
0.235821
0.289734
0.334698
0.285857
0.290827
0.075015
0.285067
0.139574
0.116383
0.201950
0.297260
0.077953
0.144800
0.140217
0.138816
0.125955
0.201748
0.500997
0.198349
0.054558
0.442810
0.328761
0.222372
0.329022
0.285304
0.133599
0.119434
0.177721
0.115194
0.198971
0.068484
0.038729
0.171825
0.087727
0.372294
0.079346
0.260866
0.222466
0.430731
0.297236
0.413057
0.211421
0.188089
0.141873
0.138579
0.219702
0.372455
0.096148
0.188559
0.190576
0.161119
0.169423
0.155320
0.522923
0.253487
0.087470
0.508471
0.310908
0.285277
0.249634
0.239599
0.053049
0.149595
0.194560
0.154518
0.172348
0.041281
0.136870
0.139941
0.062056
0.347468
0.150644
0.283721
0.161827
0.416320
0.292659
0.379909
0.242345
0.195700
0.122594
0.117717
0.168215
0.382954
0.156256
0.216506
0.200322
0.160059
0.206647
0.162522
0.475590
0.298634
0.214238
0.482819
0.309177
0.286647
0.214397
0.115552
0.011897
0.257995
0.171885
0.184072
0.148081
0.262845
0.218102
0.146530
0.100820
0.377396
0.350039
0.203490
0.143980
0.366257
0.255604
0.263510
0.317912
0.121369
0.074512
0.091690
0.108343
0.358970
