# G_2, p = 0.4000 GPa (dir_4000.0_bar).
# 6MR distortion Gamma = (1/2)(max - min) over the three opposite-O diagonals.
# 16 rings x 101 frames = 1616 samples.
# Column: per-6MR Gamma [A]
0.003645
0.003534
0.003381
0.003545
0.003609
0.003660
0.003461
0.003380
0.003359
0.003437
0.003557
0.003474
0.003788
0.003415
0.003112
0.003507
0.157607
0.038696
0.064864
0.095751
0.103409
0.093654
0.153387
0.041126
0.062704
0.157397
0.111579
0.026225
0.096802
0.308407
0.120824
0.082737
0.227769
0.108766
0.111318
0.050641
0.170175
0.098624
0.175577
0.068387
0.129044
0.341190
0.178707
0.093975
0.113773
0.493303
0.247797
0.098432
0.163995
0.128583
0.109237
0.166049
0.271422
0.110910
0.077736
0.064447
0.085708
0.445517
0.204562
0.087931
0.146680
0.446066
0.336439
0.155739
0.096054
0.033060
0.212784
0.279892
0.331143
0.107366
0.054568
0.105331
0.094344
0.339632
0.190327
0.112168
0.226260
0.435659
0.318553
0.204469
0.073766
0.155247
0.245472
0.306712
0.229924
0.083368
0.210041
0.139350
0.111828
0.207100
0.104352
0.178251
0.191933
0.419982
0.283978
0.161066
0.155424
0.154447
0.249263
0.351523
0.109702
0.233387
0.356906
0.146987
0.151752
0.247322
0.039966
0.124440
0.120864
0.369678
0.297866
0.045758
0.108995
0.089555
0.312829
0.297433
0.032112
0.420948
0.387267
0.125328
0.222385
0.342691
0.152695
0.021603
0.109691
0.273950
0.246993
0.145596
0.064713
0.173658
0.359194
0.231643
0.072451
0.458522
0.322620
0.115343
0.259148
0.420811
0.222885
0.108888
0.152237
0.249649
0.117805
0.173880
0.134147
0.176963
0.429991
0.187576
0.122643
0.328551
0.310062
0.094867
0.269988
0.327522
0.268034
0.037760
0.241799
0.355682
0.063058
0.206512
0.185388
0.135067
0.447277
0.147102
0.086902
0.109488
0.227920
0.107792
0.186037
0.221101
0.215017
0.069814
0.265983
0.276418
0.116287
0.286282
0.197294
0.101540
0.327201
0.119767
0.049074
0.078556
0.159341
0.058736
0.180647
0.108753
0.181384
0.079577
0.215376
0.157450
0.258404
0.298536
0.139588
0.167092
0.167633
0.193982
0.093396
0.153034
0.162200
0.176713
0.240032
0.154359
0.136846
0.034043
0.098732
0.323573
0.396442
0.305638
0.070161
0.248754
0.091769
0.250115
0.185973
0.202432
0.201839
0.173258
0.224744
0.197964
0.101736
0.126629
0.095825
0.368296
0.322665
0.226168
0.083009
0.275343
0.183126
0.256620
0.224498
0.238099
0.195005
0.111953
0.196835
0.120234
0.091336
0.210932
0.197050
0.342068
0.152112
0.093914
0.055539
0.201882
0.212930
0.242319
0.160314
0.208751
0.183101
0.055570
0.148242
0.067197
0.157151
0.207244
0.270139
0.258877
0.054619
0.111362
0.044596
0.081989
0.198383
0.325185
0.254328
0.122969
0.182920
0.081410
0.153629
0.077139
0.132631
0.162223
0.280108
0.156018
0.237449
0.222979
0.023639
0.105052
0.225895
0.369302
0.253407
0.064545
0.203715
0.216273
0.263915
0.077815
0.151388
0.084691
0.186951
0.090163
0.212378
0.280448
0.079133
0.146671
0.217045
0.270570
0.167693
0.031531
0.093908
0.287890
0.261359
0.147251
0.098321
0.116729
0.060589
0.060580
0.091742
0.280177
0.137687
0.179527
0.238975
0.283987
0.159436
0.089665
0.088389
0.262159
0.350741
0.217962
0.042630
0.333140
0.083662
0.079816
0.068955
0.136402
0.134392
0.225158
0.287816
0.368453
0.209309
0.202146
0.149761
0.247689
0.398858
0.258070
0.083764
0.463605
0.235056
0.084003
0.095626
0.233656
0.121954
0.230333
0.316662
0.392678
0.192297
0.202177
0.210299
0.257512
0.359240
0.232144
0.139648
0.487952
0.309855
0.099892
0.051103
0.319171
0.173148
0.211091
0.253211
0.218820
0.055314
0.162112
0.164289
0.277674
0.283892
0.167457
0.123690
0.337335
0.312367
0.213376
0.100724
0.289923
0.135089
0.180742
0.228380
0.039446
0.097668
0.221275
0.034167
0.296873
0.161011
0.246940
0.050967
0.198360
0.249289
0.260043
0.118670
0.177216
0.110675
0.120412
0.212189
0.230208
0.184024
0.232815
0.118299
0.241962
0.116932
0.275950
0.127332
0.131392
0.161956
0.210044
0.090149
0.106569
0.189944
0.150610
0.167929
0.295036
0.178799
0.108689
0.191311
0.149684
0.204675
0.140987
0.128507
0.183743
0.121396
0.057038
0.099490
0.132707
0.240706
0.221067
0.158167
0.245493
0.206848
0.163941
0.101164
0.085620
0.238054
0.023848
0.157268
0.202957
0.179774
0.127785
0.099154
0.200185
0.252127
0.167027
0.060310
0.279034
0.243204
0.351842
0.096513
0.076396
0.209612
0.090383
0.194249
0.201132
0.115939
0.246076
0.048947
0.146331
0.241378
0.071516
0.158637
0.382946
0.249201
0.374242
0.091360
0.174216
0.204635
0.189465
0.197533
0.180093
0.093768
0.289129
0.178409
0.041783
0.261378
0.247620
0.306123
0.428391
0.208279
0.375723
0.180435
0.123385
0.252031
0.175247
0.157066
0.160030
0.140213
0.286631
0.361597
0.251158
0.289928
0.299692
0.359613
0.401067
0.136963
0.301650
0.194392
0.103914
0.144672
0.161163
0.179895
0.111554
0.127011
0.252503
0.300778
0.383058
0.226831
0.186411
0.295617
0.196570
0.087698
0.135118
0.185660
0.161994
0.031511
0.194335
0.131272
0.132676
0.075881
0.173126
0.194839
0.399333
0.128803
0.071406
0.201975
0.146201
0.121276
0.207171
0.193880
0.238047
0.070871
0.163668
0.080619
0.115857
0.037644
0.098804
0.148523
0.275848
0.309704
0.015386
0.239217
0.428644
0.080120
0.325422
0.205319
0.189184
0.191553
0.133289
0.276685
0.099150
0.101774
0.107179
0.076226
0.121654
0.330640
0.068565
0.234930
0.543622
0.046118
0.389668
0.171491
0.109599
0.230310
0.094474
0.247144
0.105358
0.107549
0.058231
0.021029
0.156123
0.196284
0.146250
0.094511
0.436006
0.059891
0.335851
0.155114
0.028867
0.249147
0.004710
0.137907
0.032597
0.113488
0.086538
0.117131
0.084773
0.075829
0.116765
0.187027
0.244013
0.124125
0.427555
0.130761
0.077826
0.312069
0.076923
0.109966
0.082659
0.359962
0.271547
0.171526
0.060260
0.064241
0.103823
0.268549
0.101207
0.204913
0.395481
0.131674
0.176301
0.342758
0.106043
0.083236
0.179922
0.457074
0.472260
0.115764
0.118807
0.064184
0.077821
0.228646
0.103167
0.180360
0.208284
0.095674
0.195490
0.309139
0.168699
0.068291
0.244467
0.339795
0.441864
0.025158
0.113180
0.017307
0.054937
0.256870
0.130417
0.080518
0.090548
0.180610
0.205648
0.136206
0.155941
0.104804
0.208401
0.215090
0.220988
0.013849
0.163494
0.056158
0.060936
0.360397
0.097753
0.123089
0.320601
0.168992
0.134515
0.013828
0.174008
0.110770
0.118172
0.148593
0.042050
0.048201
0.153121
0.183364
0.038716
0.332666
0.066529
0.197468
0.404264
0.072096
0.050445
0.117888
0.283241
0.066640
0.156409
0.105265
0.181899
0.135049
0.183926
0.161073
0.142074
0.240003
0.151009
0.201352
0.413866
0.019507
0.142784
0.153498
0.325735
0.052858
0.165178
0.042496
0.251659
0.174521
0.163606
0.050082
0.287054
0.166390
0.257755
0.191887
0.320756
0.085084
0.188576
0.072214
0.176510
0.111966
0.109444
0.068099
0.213941
0.208002
0.187814
0.093030
0.319883
0.270791
0.210503
0.228165
0.157321
0.126776
0.220774
0.046260
0.101909
0.200492
0.022150
0.117408
0.136592
0.224112
0.153981
0.136243
0.335753
0.348103
0.132601
0.232843
0.045162
0.100198
0.281754
0.131407
0.222376
0.219286
0.131557
0.252966
0.148300
0.199538
0.003388
0.094507
0.276149
0.428918
0.137204
0.285269
0.130747
0.026092
0.326624
0.207056
0.266566
0.157042
0.206948
0.315736
0.162442
0.253595
0.166461
0.084533
0.233678
0.387556
0.145819
0.321951
0.117381
0.062719
0.297497
0.195985
0.204767
0.239547
0.132877
0.301628
0.130676
0.292440
0.232178
0.187326
0.239691
0.294970
0.195532
0.299943
0.040275
0.146974
0.255315
0.155707
0.180563
0.258193
0.124927
0.202924
0.136702
0.343851
0.230715
0.131216
0.255345
0.337124
0.212874
0.194392
0.185882
0.239856
0.130658
0.109313
0.113770
0.214447
0.163602
0.042345
0.115577
0.295752
0.213398
0.021162
0.255484
0.352330
0.203907
0.152056
0.220743
0.262714
0.196856
0.119776
0.133668
0.252333
0.133429
0.126278
0.023747
0.265091
0.110033
0.082068
0.311886
0.422697
0.097891
0.175401
0.222613
0.225953
0.311268
0.075520
0.192112
0.271656
0.026852
0.208372
0.122350
0.227653
0.192378
0.167766
0.402487
0.435415
0.047845
0.075591
0.272775
0.096695
0.384572
0.130609
0.207415
0.164526
0.063987
0.228448
0.112501
0.102762
0.352180
0.191041
0.375876
0.338429
0.082332
0.232612
0.198547
0.107069
0.326045
0.149467
0.160565
0.136007
0.075146
0.276827
0.065081
0.111440
0.426801
0.188612
0.304041
0.253180
0.164856
0.383689
0.053110
0.115051
0.215077
0.147995
0.101278
0.144327
0.143632
0.279487
0.112185
0.282925
0.455988
0.133557
0.332321
0.192958
0.198883
0.397667
0.053286
0.078885
0.229728
0.204706
0.098775
0.090402
0.229811
0.266111
0.124100
0.339903
0.383069
0.138160
0.340465
0.184520
0.198599
0.336618
0.052150
0.024157
0.199226
0.230495
0.178251
0.080562
0.218525
0.261965
0.161476
0.229442
0.256110
0.073194
0.287857
0.230754
0.241173
0.259705
0.075624
0.062381
0.168912
0.262016
0.160334
0.104036
0.151026
0.188523
0.226732
0.098967
0.139765
0.034181
0.237258
0.180846
0.154671
0.223850
0.074519
0.098211
0.177240
0.306596
0.098761
0.177701
0.095716
0.017704
0.203773
0.035472
0.058309
0.111023
0.274542
0.082315
0.144467
0.136336
0.185729
0.065055
0.171982
0.240975
0.297969
0.247469
0.088870
0.155751
0.145357
0.012080
0.100192
0.123373
0.215492
0.052203
0.117915
0.055206
0.291841
0.099638
0.133850
0.146628
0.414131
0.233575
0.160601
0.220928
0.099674
0.037282
0.145420
0.108454
0.206982
0.067952
0.105222
0.110697
0.255604
0.175175
0.101825
0.140906
0.432429
0.117766
0.157774
0.302150
0.061906
0.136636
0.222269
0.130165
0.185922
0.039878
0.086634
0.172983
0.166160
0.260334
0.096025
0.175645
0.468565
0.121625
0.049492
0.287721
0.064577
0.242254
0.269480
0.090824
0.079688
0.080464
0.133312
0.183350
0.158775
0.281263
0.173508
0.153349
0.413535
0.118889
0.116543
0.169906
0.187071
0.267393
0.182716
0.063713
0.059690
0.089097
0.109355
0.204455
0.259711
0.227200
0.252282
0.090076
0.199936
0.030907
0.263459
0.091656
0.230681
0.194589
0.083025
0.138304
0.063059
0.084801
0.078085
0.201993
0.384138
0.149979
0.268259
0.131565
0.198861
0.041010
0.308915
0.146447
0.163372
0.097449
0.088348
0.175421
0.009554
0.112876
0.155610
0.215491
0.409177
0.165510
0.259924
0.243062
0.319408
0.148216
0.301592
0.257496
0.125233
0.024468
0.113849
0.116695
0.115179
0.172338
0.205011
0.187918
0.403090
0.241691
0.310405
0.317129
0.268009
0.202273
0.281170
0.288578
0.153653
0.051802
0.032392
0.020599
0.282058
0.327316
0.206694
0.143644
0.422295
0.205947
0.358302
0.398323
0.224251
0.203628
0.204013
0.274764
0.066241
0.064337
0.128290
0.070547
0.409157
0.298576
0.216335
0.099802
0.348315
0.130494
0.345479
0.363269
0.207628
0.160360
0.081574
0.251937
0.180814
0.058565
0.247211
0.171262
0.428592
0.146879
0.200053
0.049586
0.221944
0.180406
0.299017
0.216227
0.386037
0.245335
0.063967
0.234030
0.232706
0.171177
0.286939
0.248333
0.392250
0.203908
0.112147
0.059105
0.229400
0.180441
0.139424
0.145479
0.522367
0.234392
0.135241
0.141323
0.183837
0.362896
0.326616
0.266129
0.290101
0.196418
0.062924
0.025673
0.351460
0.165220
0.016031
0.124717
0.522237
0.248007
0.193888
0.139729
0.096624
0.409974
0.184833
0.264679
0.098282
0.142769
0.078966
0.110086
0.427808
0.207109
0.084839
0.112735
0.397836
0.267198
0.179857
0.169549
0.178220
0.330735
0.183602
0.167135
0.097085
0.122484
0.036603
0.180461
0.402847
0.261669
0.109112
0.113684
0.417316
0.251380
0.054888
0.178053
0.282047
0.256027
0.372055
0.107378
0.222057
0.151469
0.103989
0.224934
0.363478
0.202438
0.109818
0.122322
0.340053
0.195987
0.153823
0.192274
0.249443
0.192289
0.374639
0.135298
0.301555
0.186905
0.289150
0.189892
0.243403
0.165863
0.074022
0.150430
0.233610
0.155993
0.195919
0.158194
0.244945
0.155698
0.349564
0.107008
0.168312
0.174143
0.403461
0.134383
0.120783
0.145747
0.185900
0.202312
0.143357
0.108743
0.190521
0.203553
0.187519
0.180586
0.268750
0.127280
0.005449
0.219429
0.377934
0.075703
0.093697
0.193063
0.290972
0.265414
0.050226
0.076900
0.142151
0.242210
0.168471
0.212115
0.135066
0.159607
0.116273
0.246135
0.277319
0.049279
0.090475
0.230559
0.354332
0.250432
0.071715
0.259537
0.062982
0.228659
0.215766
0.254589
0.014447
0.140977
0.155918
0.245333
0.237836
0.124454
0.044121
0.148238
0.267576
0.211651
0.197428
0.385501
0.124010
0.169262
0.319648
0.347926
0.076504
0.026175
0.181336
0.165450
0.178678
0.074473
0.185273
0.086274
0.135673
0.150445
0.279504
0.397102
0.100600
0.159068
0.348701
0.308893
0.172778
0.170840
0.134391
0.093995
0.095715
0.016010
0.256478
0.132387
0.158336
0.157377
0.350522
0.281326
0.135785
0.195749
0.203986
0.230816
0.249765
0.214782
0.045830
0.095506
0.272500
0.071984
0.267134
0.066429
0.249325
0.127882
0.357053
0.187594
0.097226
0.182113
0.097187
0.164937
0.238369
0.204114
0.044926
0.118087
0.435093
0.112305
0.252529
0.060781
0.282496
0.035475
0.268935
0.080642
0.187937
0.078882
0.214422
0.030794
0.166269
0.136895
0.105905
0.057504
0.474829
0.186607
0.286419
0.092566
0.245263
0.116106
0.177074
0.123749
0.196063
0.040380
0.323102
0.104154
0.102789
0.078054
0.227626
0.146402
0.396144
0.204692
0.237207
0.144276
0.192310
0.238702
0.224148
0.194737
0.090357
0.080909
0.353784
0.125379
0.103964
0.014989
0.367968
0.241710
0.254962
0.214580
0.183246
0.175952
0.130613
0.231520
0.248605
0.162611
0.111723
0.111059
0.369232
0.086853
0.109189
0.111631
0.432790
0.239037
0.218726
0.154750
0.150430
0.156496
0.191930
0.133658
0.185913
0.200471
0.130594
0.167955
0.382329
0.037371
0.210938
0.123327
0.415018
0.332807
0.222176
0.109788
0.103522
0.142787
0.176436
0.209869
0.205952
0.254242
0.120183
0.178256
0.238654
0.153154
0.285939
0.098254
0.319909
0.361462
0.313991
0.098331
0.252909
0.147505
0.137499
0.267357
0.237516
0.183683
0.107265
0.150340
0.036626
0.199179
0.268642
0.094655
0.172130
0.275480
0.319681
0.032054
0.346871
0.102640
0.211327
0.289231
0.255115
0.122141
0.173303
0.141949
0.093281
0.162226
0.171684
0.099949
0.118477
0.124665
0.266721
0.090578
0.349670
0.125529
0.244443
0.330201
0.238564
0.078492
0.092115
0.101326
0.146555
0.161181
0.132442
0.129573
0.321593
0.031616
0.110793
0.162196
0.298773
0.119222
0.140290
0.286779
0.134815
0.086548
0.037403
0.117145
0.165257
0.209130
0.068026
0.146381
0.334013
0.075456
0.099302
0.175401
0.300588
0.060889
0.025458
0.102649
0.117379
0.126396
0.124859
0.144308
0.148034
0.221634
0.174037
0.133156
0.246784
0.137617
0.186271
0.136819
0.242676
0.058209
0.120169
0.121525
0.246079
0.110147
0.263991
0.136491
0.124542
0.265453
0.259575
0.179686
0.170572
0.134983
0.219971
0.081071
0.168151
0.091903
0.099495
0.245067
0.211869
0.028105
0.312021
0.081579
0.165206
0.260737
0.273086
0.231569
0.080876
0.130147
0.245010
0.063786
0.140097
0.132778
0.100502
0.328973
0.137940
0.141709
0.184144
0.038346
0.241214
0.181332
0.334135
0.284932
0.180177
0.211870
0.182768
0.138830
0.233304
0.139073
0.103525
0.404500
0.074130
0.202596
0.226356
0.090125
0.292109
0.142089
0.362990
0.260346
0.189271
0.216954
0.153047
0.191694
0.280969
0.132932
0.117959
0.447469
0.201000
0.204854
0.216804
0.144508
0.383241
0.107682
0.340705
0.195792
0.066664
0.180481
0.105636
0.108626
0.230559
0.119924
0.145116
0.351403
0.257536
0.222912
0.144366
0.120339
0.388818
0.118265
0.267558
