# G_5, p = 2.0000 GPa (dir_20000.0_bar).
# 6MR distortion Gamma = (1/2)(max - min) over the three opposite-O diagonals.
# 40 rings x 51 frames = 2040 samples.
# Column: per-6MR Gamma [A]
0.002714
0.002111
0.002654
0.002054
0.002702
0.002153
0.002809
0.002259
0.002476
0.001874
0.002573
0.001887
0.002750
0.002109
0.002572
0.002127
0.000842
0.001021
0.000807
0.000909
0.001036
0.001131
0.001105
0.001170
0.001522
0.001570
0.001232
0.001353
0.001534
0.001600
0.001752
0.001743
0.001580
0.001620
0.001562
0.001361
0.001571
0.001691
0.001576
0.001395
0.287100
0.180746
0.071694
0.118677
0.065725
0.059814
0.055682
0.035486
0.178550
0.294051
0.153086
0.230448
0.198440
0.181520
0.350231
0.158816
0.162606
0.095012
0.065642
0.059613
0.086572
0.069190
0.050090
0.037077
0.115886
0.160748
0.189051
0.193063
0.243780
0.132262
0.130400
0.320460
0.158006
0.296350
0.010192
0.186857
0.080468
0.108650
0.120326
0.022215
0.211243
0.157845
0.167151
0.224102
0.202650
0.152031
0.255077
0.234475
0.251235
0.314771
0.140208
0.169654
0.094737
0.034567
0.156027
0.123036
0.013699
0.131096
0.133349
0.049168
0.053877
0.098205
0.098957
0.209133
0.014483
0.429961
0.196502
0.226313
0.190591
0.090669
0.362016
0.460639
0.119172
0.265392
0.102905
0.060470
0.077815
0.327280
0.167139
0.158881
0.225777
0.114043
0.246801
0.115946
0.172821
0.126794
0.244824
0.277494
0.137175
0.215612
0.090335
0.086906
0.115174
0.175953
0.125174
0.260925
0.269242
0.176210
0.045185
0.060578
0.178161
0.314730
0.062913
0.203338
0.138129
0.521287
0.059587
0.211693
0.236996
0.070297
0.241207
0.348682
0.322931
0.100130
0.084843
0.133753
0.236126
0.200673
0.232692
0.166525
0.020329
0.082496
0.051467
0.093449
0.262365
0.220425
0.030857
0.119784
0.127112
0.202698
0.260994
0.211615
0.014873
0.307471
0.125110
0.019180
0.099073
0.123894
0.243550
0.132348
0.182826
0.164851
0.040889
0.026609
0.208169
0.156299
0.027763
0.127469
0.154301
0.254841
0.060868
0.130893
0.317869
0.075205
0.202059
0.114408
0.365369
0.157102
0.206675
0.278970
0.147025
0.066489
0.168822
0.149922
0.069062
0.212444
0.042803
0.153270
0.221894
0.037110
0.041706
0.113430
0.091019
0.185707
0.308420
0.195991
0.143445
0.094445
0.111606
0.052909
0.209179
0.119218
0.182141
0.212021
0.097362
0.292995
0.244245
0.144328
0.083541
0.101812
0.125234
0.072904
0.225327
0.195024
0.293076
0.164429
0.562533
0.154793
0.138039
0.107768
0.242453
0.209895
0.148630
0.222563
0.297021
0.068540
0.099855
0.163448
0.217783
0.163649
0.243316
0.151763
0.065616
0.218338
0.179353
0.089815
0.222667
0.223966
0.023893
0.218681
0.170898
0.223502
0.120786
0.195621
0.053592
0.195686
0.065497
0.325679
0.089472
0.077777
0.105486
0.132933
0.145290
0.225915
0.189146
0.016832
0.341468
0.156144
0.155374
0.480277
0.238597
0.106680
0.340369
0.120181
0.250029
0.097383
0.110632
0.211315
0.228848
0.201583
0.297888
0.165351
0.088533
0.249726
0.019897
0.065436
0.161183
0.062488
0.096150
0.200864
0.131958
0.115298
0.075683
0.212758
0.124103
0.348852
0.117676
0.257556
0.211174
0.295508
0.206221
0.153408
0.369948
0.137643
0.107629
0.205694
0.157101
0.141818
0.232839
0.656246
0.118349
0.164052
0.168705
0.246548
0.251760
0.040861
0.144331
0.141080
0.131834
0.209298
0.272177
0.311077
0.050680
0.410650
0.207531
0.168351
0.196990
0.119696
0.250815
0.082704
0.322197
0.135389
0.125186
0.061489
0.173753
0.090464
0.200074
0.139483
0.080361
0.388341
0.126375
0.151402
0.414112
0.262110
0.108092
0.244082
0.159391
0.221638
0.115253
0.659760
0.263556
0.179734
0.125346
0.174943
0.034481
0.105342
0.165201
0.115802
0.168204
0.204209
0.204846
0.192569
0.038905
0.358470
0.087601
0.104518
0.185556
0.189658
0.203373
0.292191
0.257953
0.044046
0.284199
0.138620
0.195512
0.294397
0.137734
0.061910
0.264673
0.224113
0.223899
0.178122
0.426013
0.412193
0.070626
0.220358
0.062932
0.110310
0.206992
0.248455
0.120010
0.121589
0.199186
0.116018
0.127333
0.111121
0.076246
0.086626
0.070826
0.155311
0.089872
0.127406
0.115432
0.233534
0.125152
0.127235
0.464652
0.177518
0.102666
0.525652
0.102067
0.143104
0.092038
0.182288
0.104060
0.166203
0.080224
0.041860
0.317020
0.257260
0.124993
0.136235
0.373586
0.167294
0.158973
0.144269
0.128776
0.181497
0.138315
0.087424
0.042216
0.105778
0.140457
0.311402
0.102556
0.261279
0.041745
0.153159
0.178591
0.122685
0.293889
0.110659
0.320892
0.029903
0.162147
0.102400
0.179662
0.103894
0.193826
0.466275
0.175078
0.047448
0.190436
0.372357
0.159228
0.235138
0.106305
0.019382
0.243600
0.176506
0.066434
0.219133
0.277604
0.067237
0.019665
0.119572
0.149986
0.251003
0.053440
0.278152
0.256080
0.182953
0.059196
0.174620
0.105396
0.032082
0.301006
0.210846
0.290704
0.153388
0.119954
0.119557
0.254801
0.166937
0.063405
0.055316
0.117733
0.201144
0.218301
0.228577
0.351457
0.207927
0.213765
0.259174
0.316240
0.385039
0.125732
0.093202
0.147891
0.324494
0.197616
0.060501
0.069386
0.184043
0.065114
0.080424
0.039701
0.370267
0.167425
0.119919
0.261323
0.194362
0.290409
0.064012
0.063414
0.239725
0.261225
0.310291
0.277545
0.153685
0.115946
0.161186
0.110249
0.267077
0.099804
0.141654
0.233226
0.213848
0.354278
0.093821
0.136158
0.148438
0.184105
0.233058
0.274623
0.389975
0.171262
0.153954
0.131305
0.068593
0.036483
0.046353
0.148934
0.162445
0.112419
0.188222
0.177937
0.245076
0.096074
0.165932
0.179106
0.190532
0.341278
0.180669
0.071850
0.305827
0.343540
0.188152
0.055456
0.410099
0.048017
0.261097
0.127638
0.168906
0.144514
0.170787
0.164920
0.166256
0.447420
0.171166
0.029279
0.180716
0.266517
0.398624
0.350129
0.251056
0.072822
0.160240
0.082670
0.192821
0.143460
0.180910
0.285688
0.037093
0.097040
0.330200
0.128452
0.090756
0.074429
0.288167
0.150269
0.058802
0.186726
0.033023
0.078773
0.422000
0.054597
0.109648
0.139335
0.237021
0.301070
0.161489
0.026452
0.097682
0.201570
0.222191
0.199455
0.137954
0.271313
0.161765
0.119165
0.151969
0.228472
0.284963
0.171126
0.138430
0.153285
0.097568
0.094260
0.121336
0.244491
0.107537
0.075339
0.092222
0.147971
0.226366
0.107316
0.137363
0.327906
0.218663
0.074284
0.102083
0.058951
0.035689
0.071690
0.187327
0.362919
0.180698
0.375103
0.252868
0.397186
0.107987
0.130259
0.086730
0.043996
0.169426
0.346241
0.186700
0.140046
0.322441
0.067894
0.279741
0.203765
0.266794
0.201809
0.063493
0.248666
0.147577
0.163855
0.075757
0.105272
0.196403
0.132757
0.121112
0.268680
0.176826
0.069541
0.371055
0.196437
0.035217
0.060605
0.180752
0.162402
0.221349
0.226351
0.186754
0.265922
0.098711
0.094301
0.151508
0.105530
0.134544
0.166405
0.083842
0.091438
0.216670
0.266878
0.220128
0.139961
0.163305
0.113221
0.300968
0.136587
0.031751
0.130906
0.043048
0.086729
0.250761
0.205920
0.042253
0.131752
0.122366
0.055068
0.253857
0.187360
0.168782
0.145252
0.373049
0.180553
0.159502
0.146562
0.121042
0.099505
0.055546
0.134077
0.282692
0.015953
0.157885
0.143610
0.107415
0.099600
0.189774
0.125177
0.207745
0.169842
0.057664
0.204103
0.088319
0.026240
0.126770
0.184587
0.279037
0.165374
0.232312
0.090035
0.138823
0.141695
0.186284
0.262529
0.277516
0.158241
0.220175
0.236113
0.043437
0.202350
0.176862
0.078677
0.231588
0.134966
0.159272
0.215686
0.031811
0.285574
0.146691
0.063322
0.096207
0.093638
0.062063
0.234101
0.205064
0.241442
0.097643
0.090567
0.143085
0.178409
0.110276
0.160763
0.184112
0.134454
0.276202
0.100728
0.182451
0.078290
0.229609
0.142961
0.207158
0.228475
0.225251
0.342119
0.196732
0.163316
0.255630
0.097546
0.173318
0.209450
0.297185
0.095303
0.086935
0.183130
0.043951
0.182650
0.101366
0.121257
0.264837
0.227729
0.327153
0.206272
0.291743
0.256419
0.088962
0.151262
0.219155
0.217489
0.345520
0.220481
0.105237
0.372851
0.172444
0.205755
0.258328
0.132219
0.122432
0.040552
0.287647
0.111206
0.045879
0.045580
0.202231
0.091374
0.076917
0.075033
0.112081
0.155928
0.104885
0.129707
0.282907
0.007113
0.160014
0.302150
0.193249
0.094867
0.272283
0.135403
0.210393
0.115592
0.279125
0.162778
0.186926
0.282238
0.140666
0.085654
0.111966
0.440233
0.135684
0.125900
0.108577
0.210986
0.110336
0.307554
0.118916
0.111946
0.141662
0.090277
0.227550
0.124415
0.026961
0.137524
0.251258
0.117849
0.211169
0.080306
0.319294
0.195329
0.082870
0.099365
0.232474
0.228579
0.212680
0.113299
0.080172
0.166650
0.411656
0.162256
0.130506
0.012780
0.084718
0.104505
0.253949
0.072654
0.151653
0.168169
0.118595
0.227172
0.061892
0.136010
0.281491
0.157064
0.162723
0.182535
0.070174
0.201624
0.122506
0.225596
0.071606
0.199837
0.232415
0.219403
0.219451
0.152943
0.225722
0.227911
0.299836
0.123865
0.034536
0.237300
0.088045
0.177714
0.151489
0.352058
0.162818
0.241033
0.231371
0.297605
0.154881
0.102320
0.257704
0.127882
0.189035
0.229659
0.088735
0.159540
0.110309
0.188463
0.168444
0.105121
0.168036
0.124575
0.216611
0.054839
0.200652
0.228475
0.055126
0.211684
0.172675
0.128280
0.160001
0.037665
0.065378
0.148565
0.169847
0.193952
0.074508
0.087371
0.155991
0.161316
0.087987
0.180012
0.136286
0.406281
0.107287
0.142812
0.287966
0.186755
0.109499
0.124813
0.293357
0.102736
0.223529
0.138695
0.065920
0.074789
0.249588
0.086919
0.166518
0.117911
0.145551
0.162112
0.257270
0.100868
0.153522
0.251564
0.167779
0.116264
0.109919
0.052101
0.044589
0.083542
0.171249
0.254191
0.105864
0.211518
0.096231
0.165154
0.130609
0.148575
0.047740
0.126816
0.202839
0.228304
0.093967
0.133753
0.020965
0.165082
0.233602
0.114135
0.192690
0.097737
0.315112
0.140672
0.110618
0.183943
0.100859
0.090456
0.228697
0.068298
0.207180
0.192290
0.012691
0.080973
0.150079
0.081339
0.127414
0.035002
0.070139
0.116550
0.034599
0.171870
0.223702
0.212439
0.129712
0.175041
0.124172
0.325936
0.140747
0.127107
0.259998
0.063336
0.255958
0.218692
0.021335
0.109869
0.272774
0.116309
0.154988
0.263545
0.189113
0.086517
0.246066
0.123511
0.122781
0.226447
0.162158
0.166066
0.150968
0.171037
0.065098
0.130401
0.029259
0.136483
0.166953
0.219516
0.010049
0.338910
0.134095
0.164912
0.065763
0.206342
0.306743
0.105504
0.180355
0.038763
0.247211
0.423385
0.066560
0.198799
0.141557
0.259921
0.111705
0.300277
0.076527
0.159526
0.370502
0.025476
0.209683
0.268155
0.155365
0.171412
0.070710
0.119044
0.035941
0.090466
0.220511
0.060740
0.125591
0.098279
0.247862
0.117455
0.212364
0.137501
0.096408
0.277276
0.257064
0.381783
0.106140
0.087073
0.077110
0.118840
0.109372
0.170443
0.156390
0.088960
0.066188
0.012632
0.252668
0.224527
0.088149
0.156457
0.141236
0.302426
0.168798
0.128742
0.205564
0.088508
0.318276
0.102975
0.043923
0.360491
0.055373
0.025771
0.193669
0.202446
0.079624
0.139628
0.269922
0.272914
0.021915
0.109283
0.173646
0.179615
0.069977
0.120473
0.059937
0.145576
0.276705
0.238221
0.207061
0.127367
0.210122
0.070259
0.153075
0.103840
0.229030
0.265535
0.058783
0.298778
0.230248
0.148059
0.086892
0.215888
0.237296
0.116271
0.059014
0.121077
0.051802
0.176135
0.179198
0.240824
0.372926
0.021329
0.164876
0.335732
0.231254
0.186951
0.298894
0.094357
0.068663
0.102545
0.204022
0.113477
0.127511
0.324936
0.168923
0.067108
0.319946
0.184257
0.211073
0.120725
0.268619
0.055379
0.059957
0.187309
0.172460
0.297812
0.171717
0.255786
0.303419
0.124471
0.119158
0.197537
0.174411
0.075164
0.255283
0.212990
0.039199
0.211941
0.290860
0.278793
0.223386
0.089964
0.157998
0.196456
0.281483
0.184852
0.047388
0.121682
0.159050
0.059467
0.133682
0.064813
0.137398
0.074295
0.045638
0.244314
0.353457
0.171678
0.289749
0.165275
0.099743
0.182296
0.141024
0.183262
0.122912
0.139927
0.171310
0.077281
0.146575
0.132090
0.087600
0.236290
0.020777
0.175946
0.104998
0.230997
0.200842
0.356648
0.274264
0.304700
0.244845
0.116580
0.061935
0.077886
0.120125
0.108358
0.294676
0.134484
0.019629
0.145357
0.291642
0.130326
0.179484
0.123370
0.210667
0.245766
0.225584
0.156905
0.192201
0.045620
0.083151
0.255339
0.052422
0.098045
0.107620
0.183412
0.103722
0.170603
0.041910
0.157528
0.047551
0.147458
0.050602
0.253942
0.259561
0.135591
0.336060
0.190604
0.251709
0.189190
0.151148
0.017997
0.232772
0.203949
0.078050
0.233255
0.340582
0.124963
0.293018
0.221180
0.335215
0.337723
0.015812
0.136053
0.088877
0.209516
0.051001
0.369495
0.213702
0.108995
0.090789
0.244926
0.177678
0.066975
0.016755
0.174785
0.060942
0.087984
0.330870
0.194811
0.116257
0.172340
0.153045
0.189078
0.132018
0.085698
0.096665
0.075928
0.193506
0.060918
0.209807
0.113252
0.204737
0.206676
0.159531
0.278930
0.150801
0.129613
0.241416
0.144585
0.266680
0.221429
0.085259
0.019115
0.035784
0.091861
0.118533
0.200684
0.067832
0.077844
0.110540
0.191718
0.105804
0.123099
0.256742
0.066089
0.100802
0.188592
0.204604
0.155068
0.164012
0.148069
0.122882
0.200450
0.102310
0.134644
0.218115
0.082626
0.084311
0.163428
0.375405
0.126849
0.088365
0.086730
0.088697
0.102519
0.285032
0.125156
0.172480
0.156010
0.048408
0.205636
0.254010
0.094949
0.103423
0.171295
0.201696
0.111237
0.155196
0.116005
0.153048
0.251615
0.098318
0.184104
0.235862
0.126222
0.127113
0.271409
0.081470
0.097447
0.163514
0.121879
0.163921
0.225499
0.127788
0.320669
0.119385
0.288379
0.076957
0.253354
0.286034
0.118756
0.117507
0.138809
0.160989
0.109213
0.143408
0.132893
0.043615
0.034150
0.206083
0.293403
0.137482
0.137636
0.149807
0.261384
0.190519
0.153172
0.178979
0.139416
0.066467
0.332982
0.058164
0.371387
0.047062
0.080473
0.174061
0.343739
0.300783
0.196511
0.132767
0.187399
0.069503
0.162213
0.237076
0.030848
0.219260
0.169487
0.141301
0.307955
0.187558
0.193196
0.171396
0.109316
0.106889
0.173345
0.274173
0.077986
0.096685
0.172989
0.263356
0.183299
0.083601
0.160530
0.104387
0.216363
0.352417
0.088476
0.084909
0.093911
0.152621
0.168841
0.185916
0.254661
0.164179
0.069062
0.066042
0.230223
0.219921
0.302940
0.275597
0.292649
0.107375
0.105544
0.076854
0.107023
0.319128
0.096081
0.171543
0.086549
0.202577
0.116541
0.190088
0.184209
0.045845
0.192772
0.147714
0.342652
0.129568
0.267310
0.315338
0.076823
0.152455
0.197427
0.369517
0.177376
0.173652
0.048725
0.060816
0.026485
0.238631
0.078495
0.382338
0.370304
0.115559
0.218085
0.242431
0.137433
0.159287
0.177535
0.193430
0.021067
0.226930
0.116574
0.199181
0.068506
0.101458
0.134447
0.129243
0.240600
0.288083
0.023936
0.122330
0.096170
0.110338
0.329285
0.037018
0.203221
0.171760
0.126949
0.165625
0.333709
0.166754
0.204222
0.339070
0.173113
0.163253
0.121860
0.104414
0.068479
0.188615
0.197191
0.291465
0.384776
0.105581
0.024714
0.229002
0.220087
0.254101
0.078853
0.092262
0.080802
0.123695
0.133044
0.172118
0.117622
0.077519
0.168881
0.150161
0.263726
0.123309
0.311610
0.149509
0.032683
0.159465
0.093829
0.274969
0.117632
0.261129
0.315621
0.294541
0.492228
0.307408
0.047852
0.205060
0.233499
0.073193
0.131517
0.311387
0.126701
0.328688
0.087894
0.183838
0.279766
0.046994
0.029582
0.072758
0.247653
0.312056
0.373979
0.062732
0.197384
0.122024
0.040241
0.110640
0.269678
0.078217
0.192967
0.126078
0.167775
0.180206
0.259718
0.140636
0.183835
0.038015
0.023051
0.160161
0.113421
0.074533
0.356831
0.107997
0.213618
0.157000
0.073773
0.136065
0.095796
0.166745
0.044892
0.213822
0.233421
0.255340
0.147672
0.143926
0.305360
0.061659
0.153474
0.068959
0.153205
0.244543
0.280704
0.142756
0.100582
0.035100
0.074609
0.152594
0.300612
0.038987
0.289377
0.063316
0.243488
0.225315
0.224849
0.146773
0.144972
0.107073
0.191807
0.187029
0.049211
0.028352
0.261757
0.068793
0.156047
0.082548
0.127801
0.100359
0.056329
0.194242
0.017460
0.087005
0.090321
0.366902
0.237435
0.137093
0.277911
0.047706
0.228684
0.192643
0.067386
0.277157
0.187521
0.093467
0.076031
0.218623
0.066359
0.155020
0.192708
0.276276
0.272654
0.073402
0.242704
0.168271
0.125246
0.155432
0.066607
0.146934
0.181857
0.184588
0.124594
0.080247
0.227879
0.128092
0.147291
0.159851
0.179017
0.305547
0.295682
0.279705
0.028928
0.265477
0.191461
0.041120
0.090588
0.122586
0.240916
0.136461
0.276623
0.274794
0.339066
0.346271
0.133671
0.071373
0.108396
0.166390
0.089458
0.174986
0.114614
0.054791
0.212414
0.110329
0.094193
0.111656
0.206128
0.261990
0.163162
0.101554
0.176607
0.212184
0.076957
0.215764
0.275420
0.333651
0.385449
0.042810
0.186987
0.231108
0.145414
0.174295
0.073577
0.173011
0.035982
0.259157
0.108499
0.121400
0.014778
0.110618
0.157507
0.157380
0.287195
0.211533
0.364061
0.091846
0.232999
0.182430
0.135436
0.226255
0.238017
0.136427
0.251502
0.141808
0.171444
0.055387
0.110316
0.208562
0.228989
0.069722
0.049735
0.088327
0.053754
0.116943
0.352868
0.210393
0.264423
0.075064
0.159324
0.070236
0.245707
0.073319
0.157237
0.046736
0.158256
0.311628
0.131179
0.130841
0.184179
0.137520
0.094552
0.160900
0.096367
0.376556
0.296122
0.125794
0.238017
0.171409
0.096112
0.282798
0.076616
0.156561
0.338567
0.103124
0.174224
0.119930
0.236484
0.156980
0.057587
0.074349
0.103522
0.164088
0.214509
0.179288
0.158559
0.245615
0.073657
0.232263
0.045824
0.370724
0.162983
0.149448
0.231226
0.289579
0.188732
0.252363
0.175537
0.130926
0.130324
0.240286
0.279679
0.115756
0.172558
0.218634
0.275998
0.095802
0.174031
0.209182
0.052844
0.203987
0.173602
0.103548
0.308873
0.175754
0.071371
0.179249
0.068519
0.085167
0.004237
0.306345
0.184313
0.178168
0.285163
0.033535
0.167045
0.287498
0.125214
0.085633
0.124186
0.213636
0.143407
0.151289
0.064288
0.327279
0.105680
0.140945
0.246121
0.040770
0.060646
0.161483
0.172745
0.215641
0.095755
0.018523
0.078894
0.047021
0.090792
0.212913
0.209052
0.205064
0.160488
0.183424
0.110791
0.167308
0.074930
0.112061
0.286374
0.200075
0.110451
0.477876
0.018858
0.325695
0.218015
0.012769
0.285166
0.073387
0.026443
0.068375
0.143090
0.207685
0.145173
0.105072
0.074224
0.221262
0.139897
0.334947
0.180517
0.225819
0.194344
0.089939
0.109006
0.187391
0.133828
0.097046
0.188372
0.121462
0.082486
0.182750
0.065617
0.231885
0.352969
0.178265
0.102311
0.063028
0.240427
0.083109
0.102130
0.023062
0.249953
0.203313
0.203085
0.196115
0.132392
0.077039
0.208831
0.282997
0.075710
0.040020
0.246936
0.290645
0.076344
0.188447
0.091961
0.211695
0.252762
0.272844
0.138552
0.268630
0.163657
0.289704
0.054390
0.251837
0.039643
0.290880
0.224005
0.164020
0.074910
0.244897
0.063804
0.111113
0.286779
0.192815
0.041695
0.318061
0.065767
0.104685
0.133578
0.142838
0.087518
0.122588
0.094314
0.172024
0.133547
0.162334
0.102266
0.289267
0.178237
0.072798
0.326381
0.325792
0.123085
0.147783
0.097296
0.062462
0.316185
0.175331
0.110539
0.169868
0.123265
0.380348
0.160687
0.362064
0.197415
0.331538
0.182212
0.054850
0.124452
0.130882
0.111128
0.270700
0.146907
0.073644
0.298058
0.164146
0.255980
0.059455
0.149267
0.184690
0.093755
0.189467
0.142592
0.196473
0.075095
0.214989
0.240214
0.060154
0.008814
0.021789
0.264794
0.108362
0.049702
0.237596
0.118280
0.231360
0.170858
0.168084
0.033380
0.055855
0.282464
0.310045
0.210561
0.147067
0.252262
0.224001
0.279491
0.052739
0.194447
0.246037
