# G_4, p = 2.0000 GPa (dir_20000.0_bar).
# 6MR distortion Gamma = (1/2)(max - min) over the three opposite-O diagonals.
# 32 rings x 101 frames = 3232 samples.
# Column: per-6MR Gamma [A]
0.000313
0.000250
0.000320
0.000230
0.000333
0.000250
0.000343
0.000270
0.000333
0.000266
0.000341
0.000260
0.000313
0.000245
0.000329
0.000255
0.000205
0.000239
0.000185
0.000219
0.000149
0.000203
0.000169
0.000199
0.000199
0.000229
0.000191
0.000245
0.000144
0.000203
0.000168
0.000224
0.136361
0.149301
0.082592
0.083100
0.088307
0.100971
0.145148
0.071823
0.099915
0.070990
0.117701
0.017906
0.096623
0.120225
0.123790
0.080907
0.207526
0.130253
0.135459
0.080805
0.064923
0.306788
0.027233
0.036737
0.063423
0.113791
0.066289
0.040991
0.091934
0.077014
0.098499
0.083108
0.329870
0.337684
0.256247
0.173946
0.200087
0.157507
0.241707
0.108904
0.083397
0.094677
0.151804
0.028223
0.144700
0.124249
0.230812
0.116002
0.287222
0.238007
0.324250
0.163233
0.123522
0.480614
0.087043
0.090590
0.022451
0.198548
0.047214
0.086079
0.130304
0.079565
0.135588
0.314366
0.456622
0.358998
0.358080
0.300636
0.203996
0.296058
0.303550
0.186334
0.078548
0.062579
0.109037
0.083679
0.205338
0.124803
0.233183
0.163201
0.274621
0.172700
0.438306
0.097510
0.050146
0.395837
0.175189
0.237369
0.079236
0.215374
0.049742
0.230856
0.176369
0.100263
0.190778
0.386306
0.370063
0.294416
0.297015
0.308142
0.203003
0.430372
0.247401
0.141727
0.076057
0.199835
0.119444
0.156022
0.220142
0.123467
0.222992
0.224559
0.263749
0.206518
0.460279
0.089495
0.059786
0.321417
0.172250
0.353366
0.059226
0.217081
0.084543
0.329889
0.219681
0.108725
0.250181
0.300612
0.201843
0.375912
0.103537
0.272339
0.239971
0.477316
0.176439
0.141827
0.127444
0.252735
0.074771
0.324008
0.170147
0.179699
0.287328
0.311599
0.147815
0.351576
0.376024
0.126244
0.181279
0.235671
0.141655
0.381860
0.067653
0.112613
0.068568
0.298692
0.243440
0.113014
0.304479
0.268794
0.092490
0.416035
0.066252
0.391570
0.264576
0.366960
0.133908
0.159701
0.170675
0.245047
0.076060
0.461271
0.100136
0.125521
0.232077
0.357993
0.226635
0.407809
0.263735
0.162117
0.164178
0.082922
0.117608
0.283723
0.082907
0.046586
0.057908
0.259745
0.107576
0.154356
0.336655
0.262494
0.114379
0.339728
0.248691
0.435446
0.172058
0.251065
0.046081
0.185964
0.164072
0.209559
0.119645
0.345304
0.079031
0.211895
0.194012
0.437215
0.396967
0.337244
0.176773
0.061823
0.098702
0.236164
0.189292
0.143805
0.207472
0.105897
0.107127
0.217767
0.108844
0.164110
0.273556
0.144355
0.295081
0.228137
0.223949
0.327372
0.130983
0.082339
0.177405
0.132841
0.093408
0.224110
0.073692
0.232628
0.057563
0.285936
0.169329
0.334530
0.422789
0.249882
0.076791
0.087280
0.103369
0.397177
0.222499
0.081335
0.242820
0.152415
0.140026
0.103597
0.147713
0.064848
0.196081
0.025379
0.341020
0.163648
0.125299
0.228881
0.196677
0.157562
0.162092
0.033705
0.052278
0.247278
0.060989
0.225154
0.089134
0.298983
0.185860
0.192563
0.457499
0.239579
0.163474
0.098086
0.014263
0.416055
0.128015
0.055888
0.231141
0.138065
0.124113
0.157341
0.171807
0.092520
0.126940
0.153307
0.282813
0.115474
0.059963
0.215566
0.139531
0.406624
0.142057
0.158239
0.081272
0.251742
0.101351
0.197002
0.114513
0.325059
0.240445
0.038957
0.430279
0.317937
0.278105
0.048892
0.077368
0.359177
0.039702
0.085048
0.260645
0.169012
0.148662
0.174062
0.177656
0.122299
0.105158
0.182612
0.192062
0.177837
0.040807
0.228367
0.080157
0.556138
0.130459
0.294356
0.145445
0.274992
0.136553
0.045130
0.120678
0.363446
0.235023
0.227147
0.322089
0.397629
0.260336
0.171826
0.083361
0.266527
0.086462
0.076220
0.218232
0.235142
0.159415
0.179221
0.154174
0.089535
0.089083
0.239986
0.100769
0.194632
0.059014
0.143949
0.190811
0.557603
0.132777
0.227175
0.185276
0.277179
0.085680
0.186162
0.178965
0.342637
0.226584
0.303714
0.307261
0.264558
0.149863
0.195587
0.132661
0.151999
0.111951
0.144991
0.245209
0.203565
0.123197
0.186922
0.079903
0.121338
0.222004
0.235557
0.073888
0.134555
0.224187
0.056953
0.154806
0.422827
0.091544
0.106527
0.108397
0.208378
0.089097
0.196795
0.246118
0.347345
0.191097
0.291084
0.243286
0.304318
0.186224
0.137863
0.245046
0.097870
0.115611
0.185979
0.271168
0.067798
0.134275
0.246232
0.046068
0.237359
0.171313
0.163041
0.102653
0.132670
0.202944
0.060913
0.118332
0.154664
0.079968
0.023858
0.058752
0.103193
0.072250
0.142867
0.205704
0.284966
0.112429
0.333015
0.156680
0.273750
0.185393
0.029191
0.327895
0.214695
0.044897
0.211726
0.197916
0.027961
0.193425
0.231305
0.114301
0.321669
0.069222
0.116356
0.185681
0.230240
0.143373
0.089734
0.131126
0.061277
0.129481
0.111329
0.113451
0.034105
0.033901
0.135110
0.182938
0.250079
0.101685
0.322091
0.116178
0.093908
0.058018
0.132707
0.301443
0.300168
0.109955
0.227825
0.134881
0.007734
0.139727
0.246572
0.141617
0.261938
0.072181
0.084885
0.236251
0.248225
0.129530
0.073563
0.108547
0.060737
0.115004
0.103339
0.107853
0.200126
0.017092
0.104560
0.096923
0.122641
0.035132
0.237976
0.248726
0.035710
0.128870
0.260119
0.219797
0.268404
0.136193
0.279653
0.233933
0.009249
0.072450
0.283853
0.144459
0.156261
0.221949
0.115427
0.189769
0.295645
0.130421
0.192405
0.106556
0.050971
0.064927
0.164447
0.141023
0.203298
0.109075
0.086484
0.099162
0.154141
0.057573
0.108663
0.261162
0.088561
0.280006
0.271943
0.118769
0.173505
0.082285
0.203071
0.357353
0.075227
0.042404
0.259205
0.102136
0.118927
0.266730
0.157048
0.131702
0.268814
0.292948
0.273582
0.135162
0.109935
0.119105
0.249536
0.155908
0.216670
0.201692
0.068771
0.135195
0.159779
0.048576
0.253362
0.198328
0.150863
0.234520
0.258787
0.113090
0.134367
0.121299
0.056835
0.346675
0.152043
0.139422
0.125799
0.114077
0.119744
0.226590
0.194474
0.080258
0.230545
0.335510
0.297542
0.093204
0.210101
0.249422
0.292144
0.072480
0.153553
0.251615
0.141385
0.182374
0.138058
0.037981
0.367861
0.160997
0.172092
0.208495
0.233619
0.139449
0.180269
0.158435
0.091042
0.366346
0.134060
0.212167
0.157293
0.140041
0.080383
0.261288
0.224873
0.173645
0.159766
0.220608
0.164306
0.100393
0.204620
0.268384
0.353358
0.083551
0.106939
0.293252
0.284132
0.168647
0.201603
0.058201
0.403364
0.061267
0.222260
0.256512
0.277926
0.145967
0.211244
0.117404
0.188196
0.419409
0.108906
0.160267
0.135320
0.102508
0.163077
0.205514
0.176196
0.115498
0.188876
0.166838
0.118836
0.104445
0.085884
0.119114
0.335912
0.196861
0.148403
0.226601
0.348738
0.149921
0.331648
0.146317
0.329288
0.055444
0.234042
0.295805
0.227997
0.153384
0.282969
0.034397
0.269228
0.422428
0.235226
0.172307
0.124251
0.027107
0.180104
0.177855
0.119685
0.087866
0.206661
0.189818
0.233161
0.045205
0.062466
0.150995
0.173043
0.133405
0.181858
0.117082
0.259773
0.124638
0.312070
0.172466
0.254272
0.101211
0.145383
0.314532
0.146228
0.217937
0.260406
0.096804
0.313468
0.269789
0.348916
0.230976
0.276382
0.165451
0.219949
0.175503
0.124735
0.056387
0.294809
0.097278
0.099935
0.050959
0.084040
0.155575
0.109925
0.081035
0.105521
0.073672
0.112147
0.181856
0.233878
0.165148
0.206248
0.049068
0.050538
0.299683
0.066434
0.292955
0.238956
0.208509
0.350552
0.143123
0.279955
0.098516
0.287558
0.181295
0.260909
0.226575
0.163426
0.030755
0.281538
0.051136
0.270380
0.100271
0.212849
0.183932
0.202678
0.067949
0.114341
0.029026
0.049815
0.134073
0.161560
0.126610
0.107265
0.127758
0.032573
0.214924
0.056944
0.306857
0.205406
0.174338
0.376212
0.148296
0.367926
0.081118
0.331900
0.154949
0.204704
0.175350
0.088624
0.082058
0.186106
0.137584
0.331435
0.097103
0.210355
0.240081
0.211254
0.058407
0.189884
0.131621
0.111145
0.004561
0.042556
0.075153
0.049562
0.253912
0.048067
0.170919
0.085146
0.301573
0.083363
0.125427
0.291768
0.303508
0.379011
0.246178
0.270645
0.162012
0.190555
0.140712
0.144728
0.130156
0.182147
0.173577
0.183275
0.087233
0.184791
0.176707
0.156744
0.042244
0.254904
0.170670
0.175649
0.089430
0.063634
0.084165
0.227326
0.315456
0.110548
0.190926
0.183880
0.206987
0.169016
0.167400
0.211002
0.342548
0.308326
0.272548
0.146139
0.184880
0.197979
0.163414
0.238898
0.025006
0.177517
0.211945
0.076854
0.110330
0.214402
0.040903
0.143403
0.122957
0.256312
0.144849
0.351782
0.150781
0.012871
0.151365
0.445700
0.320179
0.069836
0.270463
0.161061
0.132964
0.278585
0.160588
0.219607
0.197669
0.304429
0.238998
0.066229
0.184110
0.128198
0.156712
0.283451
0.077103
0.060269
0.182720
0.104243
0.071646
0.362521
0.172430
0.168968
0.188529
0.171487
0.084139
0.352227
0.056169
0.104042
0.172575
0.555038
0.209189
0.023595
0.321489
0.167157
0.116917
0.285295
0.193314
0.218888
0.098704
0.284377
0.153885
0.122845
0.182240
0.092031
0.181773
0.282135
0.107836
0.093582
0.083192
0.228167
0.122905
0.379612
0.177297
0.215287
0.095852
0.063627
0.109223
0.307902
0.027424
0.136399
0.069090
0.540966
0.053837
0.076579
0.204918
0.290799
0.080855
0.253957
0.339578
0.222519
0.062133
0.128670
0.152226
0.283985
0.167509
0.049548
0.079505
0.179639
0.229303
0.087337
0.085370
0.273998
0.239482
0.292592
0.083326
0.242185
0.005529
0.158967
0.066156
0.254045
0.094441
0.193063
0.209346
0.421333
0.203992
0.183005
0.096664
0.464907
0.094618
0.126957
0.345339
0.139893
0.149238
0.103885
0.187895
0.359758
0.059846
0.095057
0.031149
0.083828
0.379719
0.221850
0.159956
0.281943
0.325543
0.251963
0.042110
0.215797
0.127474
0.117715
0.075936
0.198794
0.105499
0.150678
0.147757
0.282553
0.289614
0.241724
0.073929
0.416738
0.106599
0.154276
0.265847
0.147907
0.177683
0.069842
0.092875
0.283459
0.086978
0.188093
0.092638
0.033887
0.351045
0.223496
0.177373
0.239195
0.345761
0.285631
0.094559
0.116409
0.149453
0.135258
0.212085
0.077068
0.148120
0.236708
0.108860
0.152675
0.297216
0.219858
0.036664
0.287774
0.129286
0.094103
0.110802
0.225581
0.144945
0.126759
0.157699
0.242074
0.141375
0.173241
0.057004
0.175088
0.211509
0.146404
0.300491
0.210762
0.257698
0.184286
0.118167
0.073809
0.219547
0.191465
0.211260
0.037583
0.123180
0.320374
0.074015
0.115924
0.276332
0.186069
0.017873
0.229100
0.058009
0.065529
0.064163
0.207749
0.138836
0.178133
0.248837
0.241095
0.093852
0.121847
0.287340
0.263588
0.152982
0.099704
0.275178
0.149485
0.281331
0.188329
0.059326
0.157452
0.214243
0.281907
0.095266
0.068633
0.030124
0.181607
0.056475
0.233087
0.194066
0.207941
0.104106
0.137789
0.131573
0.061073
0.188149
0.205437
0.178488
0.218591
0.261185
0.210403
0.043688
0.034192
0.393105
0.287451
0.051523
0.111681
0.253996
0.083106
0.196596
0.236488
0.145928
0.306491
0.153386
0.259049
0.125905
0.096845
0.039965
0.079951
0.127710
0.217774
0.120605
0.189500
0.087610
0.172280
0.093567
0.093496
0.214456
0.131708
0.277366
0.288100
0.266487
0.271914
0.107867
0.150555
0.246032
0.285720
0.129850
0.239936
0.217750
0.150906
0.036630
0.188691
0.072650
0.396424
0.244852
0.151472
0.152647
0.204920
0.052742
0.073520
0.196945
0.086637
0.231506
0.195168
0.020773
0.221062
0.077355
0.129824
0.171295
0.082557
0.191340
0.270406
0.277562
0.272295
0.163066
0.270962
0.077953
0.322857
0.241470
0.348472
0.074466
0.233463
0.185107
0.049385
0.046271
0.406045
0.263568
0.244539
0.145530
0.268460
0.083634
0.144695
0.190917
0.086021
0.285272
0.207786
0.029071
0.154462
0.146309
0.256393
0.076500
0.083491
0.039591
0.312754
0.237037
0.164803
0.160727
0.267080
0.066413
0.339252
0.172938
0.290166
0.100581
0.285123
0.315198
0.007374
0.008826
0.382835
0.113610
0.102581
0.070760
0.234837
0.046448
0.200896
0.138403
0.096869
0.221370
0.123632
0.059422
0.140142
0.106671
0.296224
0.075403
0.094853
0.051987
0.136789
0.098693
0.129559
0.077318
0.179509
0.098335
0.163354
0.121502
0.161642
0.252759
0.227715
0.381322
0.020556
0.131109
0.310531
0.132001
0.038025
0.071862
0.149181
0.078179
0.186086
0.170097
0.123197
0.131969
0.092757
0.167079
0.181490
0.177334
0.224024
0.023506
0.099797
0.043898
0.055150
0.065889
0.091352
0.061677
0.135364
0.081791
0.150042
0.130765
0.161639
0.355912
0.157019
0.335373
0.077490
0.167462
0.226578
0.100268
0.088728
0.106537
0.128726
0.045558
0.157620
0.175435
0.167719
0.210966
0.112507
0.219360
0.111939
0.127714
0.166948
0.125386
0.120083
0.102743
0.076222
0.024382
0.172383
0.162485
0.131582
0.239982
0.229735
0.128205
0.187868
0.270551
0.179054
0.333544
0.141834
0.141160
0.127350
0.014948
0.220076
0.165846
0.112653
0.057874
0.108951
0.105642
0.178692
0.231581
0.096991
0.259306
0.102260
0.147058
0.185465
0.217360
0.181957
0.219510
0.087957
0.120579
0.200003
0.232623
0.059535
0.308254
0.223794
0.137501
0.299095
0.206125
0.236633
0.309527
0.120310
0.099672
0.164008
0.138339
0.297377
0.121201
0.088964
0.102876
0.141345
0.153570
0.189253
0.130102
0.166283
0.234049
0.166569
0.124965
0.154608
0.104085
0.127026
0.179398
0.082902
0.149506
0.142560
0.158305
0.042402
0.325762
0.157812
0.131669
0.362505
0.226970
0.234443
0.194331
0.058992
0.137078
0.212754
0.194357
0.310975
0.170860
0.132090
0.168820
0.200335
0.215099
0.329875
0.176034
0.220168
0.238430
0.190855
0.131138
0.231807
0.096903
0.174439
0.131473
0.102793
0.162845
0.115133
0.067802
0.064252
0.419225
0.195412
0.168109
0.332927
0.233240
0.120324
0.133055
0.106252
0.224705
0.208592
0.088455
0.171719
0.064444
0.182190
0.194301
0.254869
0.201019
0.446227
0.242641
0.183417
0.145041
0.159079
0.079610
0.277993
0.190015
0.323270
0.171532
0.077145
0.083381
0.168089
0.173049
0.055202
0.321258
0.123514
0.238789
0.189928
0.190825
0.073674
0.121946
0.097798
0.176400
0.274732
0.021555
0.100776
0.066397
0.191205
0.279093
0.265099
0.190481
0.393704
0.235532
0.105279
0.005135
0.193475
0.076721
0.349855
0.151201
0.329864
0.190207
0.108828
0.106363
0.109764
0.283330
0.143931
0.081675
0.094855
0.233286
0.199661
0.144673
0.067102
0.125517
0.072723
0.198563
0.311174
0.070236
0.224062
0.042333
0.217020
0.311741
0.179819
0.240619
0.298086
0.184099
0.101016
0.145113
0.207974
0.095185
0.350082
0.188184
0.111640
0.089802
0.254874
0.155548
0.088355
0.312237
0.213626
0.100732
0.152126
0.172535
0.317168
0.125338
0.133448
0.203906
0.101132
0.160690
0.219306
0.120256
0.267134
0.060752
0.143311
0.229088
0.025129
0.193753
0.207392
0.175055
0.145222
0.159004
0.169209
0.170847
0.203849
0.205414
0.206024
0.078527
0.234853
0.065880
0.129613
0.306414
0.233199
0.106885
0.257340
0.200363
0.287224
0.104583
0.231114
0.301888
0.160885
0.157732
0.093285
0.061719
0.293367
0.105591
0.110685
0.026520
0.106495
0.132322
0.230883
0.265291
0.247406
0.124602
0.138788
0.158224
0.131018
0.160271
0.253200
0.038106
0.141994
0.227883
0.201429
0.199080
0.255294
0.125665
0.305972
0.214897
0.265813
0.041810
0.164699
0.294423
0.115743
0.129171
0.146167
0.075738
0.320991
0.067539
0.117066
0.088553
0.194811
0.098226
0.317519
0.424046
0.308940
0.136933
0.161855
0.193022
0.242933
0.113632
0.128965
0.136728
0.033056
0.287258
0.165533
0.083787
0.243162
0.127804
0.250692
0.108106
0.214947
0.219642
0.171513
0.253244
0.037457
0.062945
0.325329
0.152998
0.288285
0.160032
0.178080
0.152466
0.202333
0.040422
0.275532
0.400423
0.306879
0.124984
0.088920
0.204905
0.242293
0.107184
0.123312
0.214405
0.110027
0.190005
0.033519
0.156320
0.119148
0.096209
0.096099
0.042686
0.145580
0.271518
0.204458
0.253084
0.079283
0.047687
0.325657
0.190197
0.123529
0.131502
0.127611
0.220984
0.202823
0.063734
0.320877
0.184447
0.273528
0.113825
0.086871
0.171914
0.234699
0.074537
0.278364
0.170913
0.205911
0.150624
0.205597
0.181905
0.128592
0.064196
0.105796
0.091933
0.168182
0.206490
0.177872
0.254026
0.090049
0.110839
0.202939
0.129059
0.201249
0.081947
0.235695
0.297783
0.182925
0.086714
0.272847
0.029062
0.275149
0.042828
0.080730
0.114796
0.264307
0.122558
0.232110
0.141272
0.182883
0.140312
0.282113
0.122069
0.165680
0.123060
0.198725
0.119050
0.278222
0.083307
0.169349
0.191808
0.146675
0.162493
0.118423
0.090313
0.225371
0.127709
0.258335
0.224447
0.177250
0.175685
0.208065
0.133587
0.270072
0.151830
0.076770
0.050396
0.193718
0.148608
0.106310
0.180666
0.099905
0.136018
0.279985
0.176504
0.213574
0.022659
0.087445
0.121839
0.271567
0.071669
0.282466
0.092160
0.221584
0.193312
0.140016
0.156149
0.224983
0.100482
0.103096
0.146945
0.214183
0.214229
0.190510
0.195149
0.192236
0.254844
0.043534
0.013006
0.168100
0.268311
0.099196
0.197279
0.122316
0.223686
0.245451
0.194595
0.298659
0.201866
0.089169
0.226483
0.181223
0.099781
0.243544
0.167464
0.224872
0.200990
0.231362
0.104789
0.178490
0.091991
0.098272
0.105272
0.208981
0.221757
0.100356
0.052703
0.076753
0.159733
0.115557
0.107399
0.206123
0.313340
0.085547
0.160740
0.062559
0.253020
0.191380
0.152876
0.419377
0.293871
0.158421
0.308924
0.137277
0.206760
0.137720
0.097845
0.205991
0.188976
0.235080
0.205224
0.030718
0.140419
0.048571
0.113613
0.098450
0.191794
0.149185
0.053041
0.132773
0.146507
0.215996
0.211766
0.239334
0.240262
0.184981
0.090517
0.156449
0.209581
0.097812
0.108726
0.366888
0.309327
0.187344
0.269715
0.133392
0.221652
0.087100
0.063007
0.132589
0.153668
0.123402
0.338369
0.134727
0.123667
0.042070
0.097512
0.247953
0.159489
0.111118
0.079449
0.230090
0.143075
0.170578
0.165181
0.221003
0.081598
0.260255
0.049408
0.166214
0.167495
0.061334
0.112863
0.325685
0.252927
0.063662
0.140641
0.079407
0.147053
0.125222
0.164718
0.119913
0.067459
0.120606
0.400369
0.255324
0.060268
0.163703
0.171604
0.320106
0.089093
0.133786
0.090072
0.192284
0.134374
0.158062
0.022885
0.142300
0.055751
0.295815
0.179703
0.205157
0.095712
0.164325
0.012595
0.216614
0.142257
0.103059
0.044973
0.009360
0.078300
0.202203
0.091062
0.164011
0.054283
0.330678
0.296906
0.249846
0.036517
0.231649
0.206463
0.348177
0.114060
0.277686
0.139889
0.151466
0.133080
0.205105
0.214948
0.032778
0.118911
0.176482
0.174846
0.219930
0.122128
0.175058
0.097509
0.174340
0.171858
0.097467
0.139822
0.086798
0.055907
0.203055
0.043016
0.175193
0.123879
0.302854
0.253046
0.161134
0.161552
0.080948
0.168285
0.347041
0.244926
0.381968
0.276742
0.153444
0.176597
0.251236
0.264476
0.101429
0.110163
0.033864
0.163985
0.163446
0.245260
0.139863
0.067112
0.153282
0.219234
0.100984
0.228580
0.056428
0.140341
0.185827
0.154518
0.106484
0.267838
0.209885
0.261564
0.083808
0.160107
0.154160
0.052184
0.277957
0.346810
0.350993
0.268683
0.126152
0.172702
0.225779
0.312421
0.085435
0.028250
0.078005
0.145624
0.112970
0.339466
0.049021
0.093345
0.163189
0.231255
0.178023
0.259153
0.028376
0.091660
0.188709
0.246880
0.075511
0.299392
0.278534
0.191746
0.064074
0.127668
0.131758
0.077897
0.204237
0.317139
0.140831
0.194122
0.109077
0.127426
0.198022
0.251730
0.089918
0.081358
0.169568
0.095586
0.063293
0.357709
0.182951
0.190879
0.189017
0.158204
0.254372
0.205628
0.097354
0.032792
0.157064
0.289369
0.210451
0.258696
0.344197
0.046194
0.133800
0.250140
0.104879
0.132201
0.114556
0.144487
0.046596
0.161767
0.074548
0.046064
0.136952
0.072608
0.122133
0.188212
0.196097
0.130083
0.120063
0.300179
0.307934
0.107606
0.295236
0.017651
0.228321
0.256659
0.121786
0.087193
0.110660
0.196806
0.181476
0.285206
0.297146
0.123557
0.240730
0.272858
0.077576
0.107614
0.096651
0.077911
0.115950
0.191193
0.114920
0.138012
0.078039
0.100242
0.157037
0.256929
0.132304
0.115887
0.310561
0.385792
0.293730
0.037367
0.345922
0.071729
0.303847
0.259242
0.087096
0.218582
0.053663
0.129923
0.103699
0.262362
0.137384
0.186790
0.277863
0.100388
0.045923
0.130973
0.204770
0.029663
0.190152
0.199224
0.143446
0.166951
0.123507
0.202339
0.133354
0.225580
0.208315
0.039533
0.346499
0.423528
0.284169
0.116396
0.243956
0.125781
0.238447
0.201352
0.143248
0.241317
0.146430
0.145868
0.074188
0.244016
0.065673
0.135740
0.162205
0.114238
0.073323
0.120201
0.456792
0.127316
0.217940
0.286878
0.067125
0.169200
0.076688
0.191583
0.061707
0.178468
0.235002
0.068269
0.273248
0.366424
0.290890
0.139700
0.186180
0.128982
0.069353
0.198541
0.109193
0.157462
0.123374
0.126305
0.057108
0.305916
0.037388
0.150723
0.201018
0.147940
0.139024
0.061246
0.460721
0.118132
0.170614
0.270066
0.003429
0.153521
0.067201
0.143121
0.096018
0.258723
0.248089
0.064330
0.185311
0.229173
0.334287
0.177825
0.155906
0.118195
0.201770
0.252977
0.057470
0.161056
0.147849
0.050404
0.160315
0.273341
0.120647
0.101349
0.204486
0.122290
0.237137
0.021104
0.367843
0.128574
0.122779
0.238418
0.092927
0.183222
0.123498
0.158177
0.168327
0.264112
0.220589
0.103117
0.150490
0.107438
0.148019
0.273673
0.212435
0.126226
0.310141
0.175783
0.144228
0.106637
0.247374
0.162705
0.168725
0.226491
0.215226
0.106090
0.156920
0.126091
0.226679
0.056202
0.309782
0.049173
0.068414
0.252224
0.213268
0.328055
0.124607
0.118822
0.073415
0.139500
0.170561
0.156689
0.029680
0.038052
0.071165
0.193073
0.115633
0.103370
0.253316
0.092620
0.270143
0.083365
0.267762
0.220725
0.121105
0.202090
0.250123
0.142962
0.109169
0.097636
0.177760
0.130412
0.257514
0.131912
0.113325
0.149185
0.246828
0.298950
0.210746
0.065827
0.061547
0.085727
0.051733
0.294951
0.209817
0.038263
0.132684
0.126518
0.045418
0.088934
0.207685
0.035132
0.316878
0.198325
0.195292
0.298277
0.142761
0.136051
0.234322
0.255582
0.043221
0.043772
0.298666
0.235372
0.169753
0.223283
0.089074
0.047072
0.295209
0.199068
0.199500
0.008196
0.052643
0.086472
0.152190
0.359598
0.234803
0.144905
0.134658
0.168110
0.090770
0.182477
0.216023
0.084779
0.229007
0.208929
0.123310
0.292678
0.110963
0.123211
0.117152
0.152523
0.122535
0.151005
0.281016
0.225612
0.038123
0.212431
0.029891
0.047345
0.295430
0.064162
0.129204
0.113898
0.048492
0.117384
0.118927
0.286166
0.220256
0.047343
0.115404
0.145725
0.081584
0.181429
0.109338
0.046262
0.095458
0.297864
0.082885
0.121477
0.039475
0.110499
0.103505
0.048118
0.148189
0.110086
0.067540
0.215030
0.167108
0.128410
0.084143
0.080140
0.243267
0.082044
0.182536
0.148273
0.062914
0.170238
0.151801
0.188340
0.223644
0.069821
0.088472
0.099231
0.116697
0.088991
0.070525
0.103518
0.138132
0.324113
0.133041
0.042503
0.177204
0.157571
0.121415
0.059703
0.019747
0.024299
0.084017
0.224934
0.089400
0.055351
0.053648
0.083314
0.161716
0.205362
0.147187
0.131139
0.080197
0.182969
0.147187
0.106578
0.248392
0.054354
0.103954
0.088867
0.092119
0.118255
0.130213
0.140942
0.156987
0.257929
0.188101
0.072848
0.252050
0.244110
0.248561
0.013539
0.077639
0.076191
0.158703
0.184826
0.159503
0.053377
0.053166
0.052468
0.064517
0.225576
0.060885
0.101874
0.074741
0.151822
0.084801
0.073389
0.113997
0.060928
0.066955
0.277465
0.048007
0.209015
0.167229
0.080713
0.101189
0.127469
0.183152
0.189877
0.239320
0.279447
0.301315
0.023290
0.111267
0.141756
0.184968
0.063270
0.138935
0.154081
0.105999
0.086781
0.079344
0.233054
0.125303
0.101457
0.062192
0.214234
0.051529
0.123372
0.143079
0.051224
0.086537
0.416901
0.092440
0.186195
0.202950
0.160983
0.121734
0.097189
0.138588
0.241195
0.205094
0.221186
0.184498
0.083076
0.027870
0.226645
0.302616
0.069153
0.100637
0.152373
0.155950
0.079383
0.109474
0.064803
0.186117
0.109696
0.025951
0.225476
0.018983
0.188320
0.272223
0.090289
0.030369
0.257937
0.090390
0.150278
0.233609
0.060313
0.233327
0.135359
0.108110
0.124610
0.227347
0.197440
0.027726
0.133523
0.187777
0.246399
0.296034
0.087011
0.150054
0.149263
0.101980
0.102713
0.191971
0.150802
0.222203
0.226015
0.059838
0.139979
0.130841
0.156408
0.384943
0.068096
0.098306
0.175391
0.155472
0.139787
0.177694
0.043340
0.253135
0.080266
0.077106
0.021192
0.285062
0.072627
0.086870
0.249469
0.200189
0.169070
0.200624
0.093517
0.209842
0.136598
0.097523
0.140920
0.264757
0.197874
0.214006
0.260590
0.051403
0.027235
0.282663
0.129209
0.273882
0.152098
0.104866
0.113418
0.177737
0.280509
0.100738
0.131291
0.235410
0.063039
0.073104
0.120648
0.217006
0.185776
0.172718
0.233986
0.140966
0.120959
0.165436
0.131544
0.162203
0.153637
0.237550
0.214239
0.244514
0.082894
0.205921
0.195377
0.037627
0.112063
0.264014
0.140767
0.142104
0.107665
0.054715
0.113909
0.194172
0.142784
0.094666
0.162443
0.162103
0.078296
0.116182
0.207701
0.141170
0.196985
0.217886
0.252129
0.109617
0.127410
0.185855
0.126136
0.147587
0.258760
0.273233
0.249998
0.163457
0.097434
0.226375
0.111597
0.033077
0.102020
0.080280
0.035754
0.066991
0.076500
0.118719
0.155713
0.306791
0.032979
0.120423
0.125808
0.055302
0.021214
0.115461
0.270014
0.163911
0.339680
0.115513
0.255664
0.061471
0.092118
0.158227
0.164878
0.186484
0.313605
0.189930
0.089396
0.038328
0.228544
0.212940
0.091394
0.025471
0.083528
0.089153
0.073585
0.045029
0.115854
0.146135
0.191904
0.294594
0.063180
0.064993
0.148253
0.018538
0.045126
0.219911
0.302034
0.203530
0.220947
0.050043
0.194430
0.048744
0.002361
0.270111
0.235690
0.127038
0.217139
0.160842
0.150906
0.092945
0.331602
0.234723
0.201521
0.134141
0.048330
0.218847
0.086797
0.178343
0.249122
0.181325
0.183581
0.298680
0.113382
0.171632
0.283071
0.082868
0.105014
0.277144
0.217525
0.174692
0.034162
0.100487
0.119054
0.131844
0.183853
0.275131
0.194624
0.123592
0.234887
0.187922
0.242144
0.150660
0.331630
0.219433
0.170451
0.104993
0.113714
0.342143
0.146048
0.219533
0.256211
0.201087
0.136347
0.302150
0.142225
0.154152
0.312189
0.012493
0.030638
0.304470
0.131417
0.080153
0.091921
0.250092
0.090267
0.061535
0.225223
0.188115
0.074276
0.164330
0.286499
0.109652
0.339733
0.134634
0.258073
0.239611
0.145868
0.118398
0.071827
0.374659
0.196952
0.282026
0.220062
0.108431
0.114864
0.278255
0.083008
0.030551
0.169414
0.039317
0.117855
0.206855
0.113945
0.024472
0.032672
0.315758
0.059238
0.102566
0.068760
0.150120
0.146031
0.117868
0.176963
0.100684
0.389678
0.141737
0.106674
0.184963
0.125687
0.174641
0.010187
0.292061
0.130260
0.218334
0.148630
0.062752
0.156566
0.214193
0.084346
0.126200
0.112120
0.045719
0.089366
0.163359
0.261335
0.054814
0.143585
0.309031
0.105926
0.175030
0.083192
0.156377
0.252429
0.123211
0.109619
0.078922
0.317636
0.119223
0.136285
0.219365
0.200823
0.161418
0.025477
0.261473
0.133574
0.047545
0.125565
0.126373
0.209037
0.141103
0.156740
0.075536
0.152865
0.134024
0.082705
0.127749
0.273018
0.068696
0.182097
0.225004
0.085781
0.119633
0.092604
0.211829
0.147363
0.142620
0.302562
0.064896
0.178920
0.204313
0.201716
0.380253
0.228012
0.086196
0.054566
0.179605
0.170464
0.025684
0.070931
0.132802
0.196394
0.047404
0.175653
0.132325
0.249535
0.164593
0.079616
0.035125
0.192482
0.136853
0.100398
0.163557
0.189034
0.062511
0.103284
0.093010
0.101463
0.131925
0.283130
0.119668
0.096059
0.194799
0.251543
0.374083
0.259582
0.039222
0.020505
0.108272
0.079333
0.025900
0.067515
0.164236
0.190426
0.113801
0.184599
0.063856
0.264472
0.112898
0.113006
0.057863
0.172226
0.174753
0.136564
0.183325
0.319508
0.132579
0.154600
0.086104
0.065767
0.181630
0.281020
0.197272
0.079919
0.235144
0.129574
0.319081
0.305227
0.113462
0.036273
0.156317
0.047509
0.085284
0.147771
0.221495
0.250535
0.185493
0.164863
0.063054
0.292822
0.072867
0.073875
0.044998
0.281640
0.255081
0.186701
0.141744
0.167116
0.081106
0.074858
0.127147
0.053053
0.228919
0.274114
0.274134
0.251128
0.183054
0.132968
0.338034
0.311382
0.228424
0.069960
0.152938
0.054687
0.218012
0.177839
0.181309
0.235584
0.200370
0.103299
0.157809
0.255673
0.071969
0.060679
0.015649
0.217805
0.251712
0.207849
0.069174
0.198257
0.051096
0.053784
0.172740
0.047747
0.185316
0.249308
0.165001
0.349334
0.156078
0.228464
0.359912
0.323425
0.308222
0.158682
0.123082
0.090978
0.256514
0.192064
0.092976
0.193911
0.224713
0.151417
0.264404
0.203824
0.116838
0.093175
0.001926
0.090555
0.128907
0.132291
0.105190
0.200081
0.120578
0.137260
0.327493
0.080822
0.132571
0.276769
0.064736
0.348435
0.138099
0.240577
0.291412
0.145286
0.273842
0.175448
0.237592
0.163987
0.181856
0.066196
0.113336
0.177925
0.274759
0.117690
0.206111
0.160184
0.164012
0.102078
0.101540
0.080613
0.163399
0.104212
0.261415
0.102919
0.165199
0.244311
0.463033
0.101173
0.065303
0.113167
0.102341
0.230549
0.130363
0.132470
0.198003
0.011193
0.341171
0.184321
0.268348
0.148954
0.148047
0.091216
0.099245
0.217824
0.313910
0.083821
0.044449
0.130592
0.215926
0.068112
0.152345
0.071008
0.234431
0.208241
0.267595
0.111704
0.170292
0.133585
0.316678
0.142272
0.021279
0.149658
0.100054
0.248552
0.094960
0.043098
0.169700
0.056357
0.306762
0.225050
0.211245
0.145520
0.211642
0.148229
0.131997
0.271279
0.228878
0.087168
0.105508
0.121139
0.182411
0.169874
0.266285
0.102770
0.256191
0.226416
0.256163
0.049840
0.132901
0.202745
0.193133
0.184415
0.025800
0.073829
0.141854
0.169717
0.066394
0.057405
0.145220
0.159577
0.127404
0.155886
0.113898
0.208908
0.212681
0.202250
0.172899
0.262663
0.057220
0.068815
0.151734
0.175921
0.161940
0.225397
0.201595
0.146222
0.321883
0.189985
0.228985
0.069613
0.125083
0.299980
0.225839
0.160026
0.092162
0.146663
0.185705
0.135102
0.111965
0.039450
0.214935
0.137037
0.062442
0.075935
0.062232
0.207039
0.259350
0.198074
0.101230
0.217652
0.297381
0.206551
0.162667
0.195103
0.131055
0.202708
0.077637
0.133337
0.318454
0.200688
0.106655
0.092964
0.080513
0.280337
0.280430
0.140982
0.133892
0.212046
0.186846
0.128296
0.104746
0.084687
0.316517
0.101705
0.134067
0.045970
0.151969
0.131809
0.267144
0.221324
0.238501
0.163464
0.422060
0.326579
0.083415
0.208273
0.043079
0.026807
0.166283
0.164296
0.241180
0.241320
0.096764
0.063864
0.189496
0.238597
0.250666
0.058497
0.167957
0.208734
0.252828
0.183297
0.243676
0.100624
0.401372
0.096820
0.136103
0.203982
0.127460
0.138094
0.255552
0.221829
0.352844
0.188925
0.346292
0.303482
0.102240
0.189997
0.071090
0.107374
0.161732
0.217732
0.155228
0.282003
0.162957
0.227040
0.149366
0.159543
0.223089
0.077311
0.115090
0.184196
0.322179
0.128859
0.388366
0.213986
0.332401
0.212154
0.115393
0.272820
0.147543
0.109108
0.184580
0.213680
0.346252
0.226824
0.288855
0.239276
0.175749
