# G_5, p = 1.0000 GPa (dir_10000.0_bar).
# D8R-only: 60 rings x 101 frames = 6060 samples.
# Column: per-D8R Delta [A]
1.455898
1.386904
1.257500
1.138217
1.423871
1.455879
1.386905
1.257511
1.138195
1.423850
1.455898
1.386904
1.257481
1.138217
1.423852
1.455902
1.386913
1.257494
1.138195
1.423833
1.455887
1.386959
1.257499
1.138235
1.423832
1.455878
1.386948
1.257501
1.138217
1.423817
1.455887
1.386977
1.257443
1.138235
1.423832
1.455874
1.386951
1.257482
1.138218
1.423802
1.455880
1.386910
1.257525
1.138185
1.423859
1.455893
1.386901
1.257510
1.138178
1.423851
1.455899
1.386910
1.257525
1.138185
1.423840
1.455895
1.386893
1.257528
1.138178
1.423851
1.400955
1.190837
1.231318
1.160810
1.393532
1.530901
1.455824
1.325865
1.132343
1.419071
1.559908
1.389173
1.327639
1.011781
1.320840
1.472776
1.365392
1.235159
1.096327
1.442070
1.523743
1.253966
1.230656
1.176628
1.466516
1.340954
1.286653
1.145473
1.119674
1.429665
1.429507
1.461897
1.143898
1.165742
1.518894
1.426064
1.339076
1.122478
1.234391
1.472096
1.385086
1.545271
1.359208
1.130480
1.502550
1.355001
1.430803
1.190157
1.112058
1.457423
1.456999
1.414538
1.378079
1.222651
1.378572
1.501684
1.304691
1.220885
1.118761
1.428607
1.250272
1.119326
1.347332
1.128352
1.363507
1.552101
1.492527
1.334590
1.024304
1.407506
1.627724
1.308850
1.352946
1.120534
1.272335
1.410119
1.400875
1.196456
1.067319
1.398135
1.518864
1.139271
1.166491
1.175067
1.550737
1.376201
1.302251
1.136151
1.073960
1.376576
1.314581
1.595470
1.014505
1.195310
1.503399
1.349765
1.486760
1.077032
1.332146
1.318179
1.404568
1.574613
1.363973
1.121696
1.604577
1.388147
1.389751
1.036977
1.020978
1.403858
1.483012
1.466361
1.358603
1.335052
1.373872
1.486484
1.183612
1.217557
1.097991
1.407859
1.108028
1.110244
1.525787
0.992443
1.314054
1.436989
1.362713
1.306502
0.987014
1.258213
1.612526
1.373296
1.351366
1.373434
1.412478
1.344311
1.439096
1.269794
1.045823
1.439612
1.510371
1.123323
1.131948
1.174830
1.547522
1.450648
1.384479
1.192995
1.078065
1.290450
1.261323
1.616041
1.019481
1.270317
1.490680
1.269092
1.688221
1.175340
1.368196
1.199477
1.388622
1.522326
1.369987
1.160275
1.604127
1.474484
1.360349
0.930084
1.017220
1.330648
1.352926
1.522657
1.227146
1.394798
1.449800
1.400743
1.174886
1.228609
1.072574
1.349379
1.096860
1.110140
1.568674
0.842087
1.236648
1.313714
1.224368
1.280282
1.008634
1.170582
1.548836
1.572358
1.391053
1.494629
1.500297
1.284545
1.392362
1.350636
1.005388
1.522388
1.597220
1.157899
1.141848
1.160442
1.366116
1.515210
1.441787
1.069420
1.206997
1.192675
1.236285
1.608750
1.092087
1.382424
1.517053
1.217638
1.777941
1.228713
1.302635
1.289728
1.311726
1.453731
1.370268
1.173602
1.671884
1.430622
1.378550
1.034222
1.010196
1.354718
1.238550
1.458180
1.098202
1.444413
1.531569
1.317120
1.236942
1.266657
1.006940
1.306505
1.118712
1.169018
1.552608
0.809054
1.171726
1.277691
1.106184
1.268116
1.003889
1.111497
1.561224
1.637990
1.462426
1.409464
1.555980
1.271974
1.366474
1.432835
1.009449
1.603647
1.604554
1.210516
1.100339
1.161321
1.361417
1.491695
1.466749
0.976048
1.380073
1.223226
1.280962
1.676891
1.124935
1.454160
1.511708
1.191827
1.732916
1.241549
1.136442
1.315640
1.287114
1.430211
1.341790
1.098525
1.792811
1.464638
1.396393
1.169296
1.055881
1.398398
1.185619
1.368431
1.092135
1.444443
1.447452
1.350975
1.337601
1.266072
1.002381
1.298547
1.113359
1.233976
1.545177
0.889238
1.178946
1.298134
1.072831
1.245805
0.876847
1.073865
1.628214
1.430006
1.460598
1.251808
1.521226
1.260830
1.471786
1.513828
1.015115
1.529828
1.546637
1.250793
1.060948
1.144162
1.444504
1.447707
1.583181
1.161775
1.361107
1.284912
1.312348
1.629756
1.140454
1.406522
1.468556
1.283554
1.646142
1.257282
1.098106
1.170639
1.320261
1.430866
1.333210
1.006662
1.756149
1.486941
1.293384
1.094694
1.134430
1.438878
1.142989
1.328113
1.117659
1.360752
1.386433
1.409996
1.394054
1.223139
1.075038
1.369054
1.089206
1.313426
1.605364
0.945078
1.264819
1.312142
1.145083
1.264891
0.754934
1.130055
1.636715
1.232762
1.518281
1.180267
1.576188
1.286500
1.392501
1.537886
0.961536
1.377306
1.649079
1.224597
1.109781
1.182402
1.359408
1.441276
1.604335
1.439029
1.248089
1.355088
1.303887
1.471312
1.146536
1.389613
1.418623
1.338856
1.429867
1.301131
1.216510
1.087927
1.324726
1.442304
1.406829
0.960914
1.615616
1.342867
1.194195
1.065795
1.158657
1.328895
1.084641
1.299582
1.204648
1.343489
1.396277
1.406014
1.477276
1.239011
1.187311
1.416093
1.034937
1.262361
1.472717
0.891124
1.338588
1.296800
1.167067
1.310970
0.754875
1.241594
1.561586
1.056425
1.590864
1.179736
1.672473
1.237071
1.286924
1.549098
0.870753
1.440673
1.749804
1.108628
1.172987
1.282397
1.189636
1.456880
1.405465
1.458333
1.184586
1.399857
1.303529
1.302504
1.131516
1.388993
1.426259
1.281725
1.246112
1.294941
1.335262
1.128354
1.291846
1.415817
1.437260
0.906084
1.481542
1.193753
1.164071
1.087208
1.055037
1.345103
1.156389
1.278902
1.265778
1.375991
1.325514
1.344069
1.506523
1.240534
1.212564
1.344875
0.981233
1.260195
1.428771
0.895535
1.226427
1.409300
1.216979
1.313736
0.852280
1.254221
1.539217
0.937397
1.551322
1.208456
1.721129
1.252735
1.216220
1.504779
0.912321
1.570789
1.701562
1.101082
1.215066
1.319781
1.148866
1.499822
1.222846
1.275598
1.230906
1.471536
1.345611
1.290942
1.177684
1.329436
1.400138
1.211303
1.221450
1.213280
1.286079
1.193203
1.247823
1.414270
1.384696
0.855250
1.508986
1.170255
1.181611
1.145397
0.947794
1.526721
1.243405
1.365864
1.207671
1.398900
1.165617
1.340784
1.472992
1.294339
1.151201
1.239154
1.056433
1.280740
1.458561
0.937384
1.203447
1.415365
1.238861
1.266603
0.917325
1.141203
1.528820
0.958857
1.376497
1.183168
1.677008
1.299477
1.212310
1.439631
0.971805
1.620747
1.607145
1.168283
1.270245
1.254429
1.147135
1.476886
1.159897
1.191117
1.229833
1.362186
1.432193
1.243129
1.229556
1.207684
1.327215
1.156525
1.300642
1.138396
1.121536
1.267091
1.217934
1.324533
1.256075
0.835500
1.461990
1.282717
1.250756
1.109003
0.956416
1.660534
1.245452
1.294965
1.184176
1.269702
1.147354
1.315878
1.446399
1.241275
1.156313
1.263091
1.196053
1.369655
1.452640
0.961164
1.227290
1.252375
1.157760
1.269420
0.908494
1.017981
1.357981
1.150398
1.209119
1.149924
1.619713
1.258825
1.229795
1.307541
1.001443
1.565440
1.535579
1.253441
1.286415
1.144424
1.145750
1.356650
1.188766
1.118874
1.143782
1.260924
1.443118
1.188086
1.227384
1.073431
1.247218
1.148504
1.275860
1.127574
1.022401
1.340881
1.230411
1.197819
1.179467
0.902855
1.364410
1.352959
1.264283
1.172613
1.091815
1.665693
1.241626
1.203374
1.192498
1.084407
1.208585
1.259476
1.325475
1.238997
1.236408
1.294188
1.288607
1.373829
1.284820
0.956839
1.261214
1.167155
1.088848
1.349998
0.848741
1.012661
1.070155
1.165341
1.171422
1.154235
1.456922
1.063851
1.238632
1.115395
1.021146
1.425118
1.402492
1.223935
1.162064
1.057513
1.093524
1.285701
1.142118
0.959817
1.091582
1.306224
1.416188
1.099289
1.119130
0.944435
1.199515
1.099148
1.216122
1.153873
0.997792
1.251496
1.220944
1.183726
1.059234
0.971252
1.232476
1.294975
1.237195
1.245183
1.141606
1.571092
1.329610
1.054069
1.216828
0.993412
1.154787
1.234558
1.179313
1.218289
1.240153
1.304883
1.321959
1.305824
1.123185
1.041762
1.273252
1.221927
1.147908
1.432015
0.870675
1.104983
0.960044
1.087494
1.162227
1.235193
1.308828
1.069108
1.219425
0.976260
1.079956
1.282724
1.216084
1.149406
1.017709
1.026020
1.092292
1.291382
1.140858
0.893390
1.086066
1.478893
1.327836
0.984994
0.991704
0.856420
1.253179
1.115664
1.109649
1.054618
0.977973
1.151180
1.187770
1.222358
1.027472
1.026408
1.138315
1.220675
1.250479
1.235413
1.080933
1.520404
1.335727
0.992387
1.260916
0.896662
1.017807
1.250786
1.099857
1.158587
1.114319
1.291394
1.424659
1.176296
0.969608
1.129895
1.356202
1.244907
1.408340
1.415823
0.902806
1.276518
0.991868
1.044879
1.049264
1.200121
1.168124
1.186538
1.207511
0.881876
1.127902
1.098881
1.161653
1.093028
1.040235
1.010613
1.154050
1.291119
1.200051
0.967910
1.002926
1.406600
1.233622
0.867229
1.011090
0.735916
1.363304
1.265294
1.022508
0.939921
0.961926
1.151709
1.067589
1.227360
1.046664
1.044567
1.093260
1.181554
1.194797
1.215902
1.012743
1.439882
1.351207
1.048534
1.263264
0.728970
1.042576
1.312207
1.018578
1.139694
1.048598
1.368523
1.512381
1.125931
0.890133
1.147198
1.387769
1.217058
1.473725
1.349138
0.888520
1.336471
1.076922
1.029519
0.854341
0.970411
1.030683
1.313576
1.148879
0.871243
1.150945
0.998081
1.136395
1.151813
1.072110
0.986223
1.262738
1.247468
1.133961
0.909689
0.933564
1.255661
1.198189
0.856855
1.055028
0.613933
1.361459
1.433977
0.950374
0.881315
0.982774
1.271546
1.070240
1.199587
0.891998
1.114309
1.091134
1.164783
1.164330
1.254217
0.934491
1.290278
1.355149
1.164035
1.223437
0.607021
1.052650
1.410293
0.992070
1.127759
1.102722
1.355421
1.545592
1.084408
0.915182
1.128918
1.265330
1.233473
1.384466
1.201815
0.870027
1.256476
1.055802
1.064717
0.699914
0.761945
0.875605
1.397907
1.142413
0.796974
1.118177
0.970642
1.016726
1.202043
1.002089
0.884766
1.346190
1.237329
0.952099
0.774791
0.958698
1.183556
1.193404
1.038549
1.083457
0.566370
1.160009
1.475828
0.962009
0.831384
0.918424
1.285540
1.211358
1.199508
0.640024
1.105855
1.095358
1.272598
1.178584
1.277722
0.803891
1.220398
1.450369
1.127082
1.171990
0.566082
1.052106
1.365694
1.011180
1.041656
1.046534
1.253345
1.478001
1.064440
0.913191
1.093063
1.042523
1.249983
1.242179
1.098774
0.938992
1.226820
0.953652
1.153437
0.604446
0.612799
0.807678
1.428337
1.089135
0.710780
1.118705
1.002320
0.934991
1.151093
0.885471
0.763965
1.286100
1.149167
0.839763
0.745923
0.997464
1.182097
1.195853
1.152227
1.129822
0.534561
0.974621
1.447478
0.857765
0.910924
0.765587
1.281381
1.277021
1.196696
0.613140
1.030574
1.122841
1.403122
1.192484
1.137267
0.671122
1.220832
1.467383
0.962025
1.086211
0.643012
1.116384
1.247413
0.985996
0.921630
0.851935
1.179340
1.383956
1.142735
0.803699
0.952918
0.987945
1.119435
1.170921
0.978348
1.001965
1.353285
0.803197
1.201167
0.470714
0.527160
0.849727
1.409159
1.072385
0.703067
1.073808
0.986864
0.979401
1.096566
0.864863
0.722418
1.250023
1.114079
0.882736
0.865326
0.870218
1.126008
1.193074
1.090941
1.156928
0.550513
0.952339
1.416688
0.762840
1.032207
0.647639
1.315119
1.220696
1.086127
0.709066
0.993554
1.214199
1.478558
1.119179
1.016314
0.678369
1.073882
1.337680
0.882763
1.020297
0.620737
1.298794
1.080804
0.951689
0.841212
0.757289
1.162717
1.326533
1.184667
0.714499
0.815506
1.070471
1.058067
1.146802
0.801970
1.028262
1.446948
0.797551
1.102325
0.370882
0.436768
0.904980
1.313494
1.144619
0.784658
0.886494
0.864702
0.977306
1.052833
0.892103
0.686870
1.255703
1.144960
0.996771
0.979280
0.702815
1.093009
1.119221
1.004263
1.086218
0.604766
0.982325
1.387244
0.720283
1.036492
0.699706
1.286690
1.167328
1.009420
0.703549
0.937314
1.233603
1.469853
1.023297
1.042311
0.710759
0.931309
1.218904
0.964378
0.939398
0.549175
1.374815
1.022482
0.909271
0.778218
0.806619
1.189639
1.313336
1.076357
0.715007
0.837130
1.152584
1.185769
1.105972
0.678311
1.027252
1.378779
0.929775
0.948135
0.470503
0.344396
0.892604
1.159738
1.145462
0.810998
0.768698
0.741589
0.855956
0.976199
0.927653
0.659070
1.278460
1.181200
1.051129
1.070747
0.594933
1.010012
1.208560
1.040045
1.106534
0.679808
1.029127
1.302833
0.792410
0.850433
0.742863
1.202501
1.108466
1.079475
0.612451
0.803851
1.112501
1.427369
0.938421
1.152019
0.717799
0.802906
1.231819
1.091735
0.879725
0.590871
1.296130
1.076220
0.912270
0.660025
0.777020
1.144863
1.237227
0.854978
0.635870
0.917579
1.047999
1.167539
1.021760
0.647573
1.084708
1.315684
1.068146
0.875138
0.645883
0.368964
0.902622
1.121531
1.100410
0.765061
0.675175
0.792873
0.861590
0.864254
0.915865
0.617991
1.239286
1.107125
1.044306
1.164210
0.542035
0.934123
1.292359
1.047720
1.062527
0.645057
1.095459
1.184148
0.909231
0.821614
0.712181
1.184940
1.035265
1.095218
0.560831
0.664618
0.953702
1.272011
0.848719
1.185757
0.666191
0.680722
1.273342
1.135069
0.879175
0.768967
1.194608
1.166600
0.921895
0.482051
0.672454
1.095600
1.180242
0.845436
0.498584
0.808344
0.933507
1.026655
1.015681
0.612993
1.090586
1.282205
1.027069
0.859432
0.716328
0.438109
1.092118
1.244469
0.936473
0.725742
0.529827
0.856796
0.918355
0.787990
0.880263
0.589585
1.328449
1.001778
0.946528
1.107581
0.529199
0.903391
1.315226
0.999154
0.969440
0.690770
1.175540
1.030588
1.017385
0.954384
0.618778
1.261559
0.926712
0.853352
0.560252
0.547820
0.936119
1.200196
0.820907
1.116810
0.723129
0.591850
1.365003
1.114043
0.857599
0.861676
1.225150
1.234660
0.950552
0.403483
0.617119
1.157476
1.150917
0.946552
0.460893
0.656025
0.778994
0.924105
1.016481
0.517808
0.998510
1.160262
0.971757
0.895399
0.811584
0.438495
1.156553
1.382767
0.795871
0.699987
0.366949
0.958447
1.006808
0.863838
0.832661
0.557706
1.417979
0.968686
0.883383
0.923637
0.544928
1.006665
1.283751
0.998702
0.923515
0.701859
1.100150
0.978985
1.123636
0.973137
0.554554
1.221404
0.914247
0.654731
0.502990
0.484556
1.006828
1.160771
0.900185
0.986115
0.794122
0.706327
1.374005
1.162156
0.822239
0.800606
1.234902
1.260565
0.932061
0.426524
0.708142
1.186181
1.149423
0.984237
0.582061
0.636948
0.613148
0.965002
1.012673
0.426125
0.829372
1.093609
1.099993
0.969826
0.934427
0.426761
1.139211
1.432705
0.764024
0.641117
0.358146
1.058826
1.031658
0.994970
0.751006
0.490856
1.335169
1.010584
0.913052
0.761186
0.572188
0.966046
1.361083
1.110327
0.857151
0.676637
1.014784
0.969110
1.181715
0.809793
0.462965
1.071587
0.960615
0.686714
0.516438
0.472140
1.057777
1.240717
0.959376
0.929817
0.735358
0.863581
1.251046
1.196135
0.833986
0.779856
1.181898
1.152945
0.893450
0.559599
0.704608
1.116178
1.153510
0.810158
0.617692
0.649899
0.627086
0.993152
0.981966
0.411308
0.770341
1.167608
1.295238
1.062834
0.931697
0.511338
1.102341
1.317690
0.778733
0.647388
0.416001
1.060013
1.121524
0.927558
0.631627
0.349312
1.077863
1.054505
0.982673
0.690189
0.524672
0.829546
1.405953
1.111749
0.709011
0.634668
0.955785
0.928812
1.248854
0.707623
0.374346
0.965216
0.967154
0.745535
0.641865
0.432157
1.016481
1.216918
0.923657
0.808448
0.592917
0.903425
1.055253
1.183819
0.743916
0.801996
1.097361
1.034569
0.867608
0.546724
0.557358
0.956868
1.057901
0.642656
0.519541
0.545796
0.810576
1.015836
1.017534
0.438710
0.820454
1.089546
1.377090
1.039359
0.816378
0.670107
1.166221
1.182076
0.739768
0.739554
0.401816
0.953273
1.148810
0.791101
0.587086
0.226860
1.012464
1.124416
1.021856
0.706476
0.378639
0.754176
1.383830
1.064889
0.522771
0.637874
0.892389
0.895205
1.303127
0.679257
0.362330
0.888580
0.975790
0.654152
0.735755
0.397670
0.998322
1.133585
0.870910
0.642635
0.564973
0.830023
0.972614
1.162070
0.607658
0.755429
1.064684
1.013527
0.919094
0.493413
0.434727
0.839215
0.903694
0.626493
0.519112
0.413436
1.010820
1.048692
0.985091
0.514527
0.811543
0.814147
1.327444
0.847924
0.818034
0.787421
1.144320
1.054921
0.705936
0.876151
0.351544
0.876940
1.150177
0.752871
0.647227
0.214801
1.006499
1.193101
0.982111
0.802829
0.307837
0.843726
1.346405
0.929982
0.454192
0.765791
0.871044
0.989572
1.302671
0.645361
0.359840
0.862855
0.911954
0.573528
0.746367
0.389231
0.946681
1.064665
0.968720
0.504157
0.571837
0.837153
0.952698
1.157605
0.578389
0.623490
1.099479
1.059678
0.973741
0.473944
0.403645
0.860565
0.797153
0.721758
0.625714
0.367504
1.063180
1.011560
0.962557
0.507727
0.745195
0.696160
1.256952
0.645150
0.860599
0.845640
1.087235
0.977807
0.681770
0.958303
0.385422
1.006647
1.087829
0.840430
0.717317
0.240170
0.873803
1.236889
0.909104
0.800406
0.367877
0.923810
1.355174
0.808524
0.454980
0.855574
0.883360
1.102929
1.169355
0.595639
0.339673
1.001997
0.863258
0.647842
0.747409
0.469990
0.925813
1.092530
0.984176
0.476931
0.560905
0.893806
0.923688
1.135343
0.626593
0.534525
1.129041
1.069998
0.982089
0.544467
0.408860
0.863016
0.686214
0.814821
0.664844
0.368885
0.928142
0.955314
0.939236
0.474339
0.604006
0.759823
1.290774
0.625883
0.873597
0.780366
1.015091
0.905397
0.678210
0.906508
0.575282
1.161561
1.163812
0.982261
0.661485
0.319884
0.743295
1.163206
0.840193
0.774231
0.495986
0.942025
1.196662
0.689352
0.502767
0.743616
0.982535
1.057419
1.072489
0.649744
0.320755
1.200058
0.903428
0.805615
0.787644
0.513445
0.932319
1.117264
0.938636
0.448639
0.503916
0.935211
0.933765
1.047465
0.570653
0.498593
1.105173
1.008356
0.919277
0.541642
0.401397
0.853118
0.569483
0.807241
0.794358
0.306919
0.808007
0.904304
0.935651
0.474551
0.429452
0.922888
1.400824
0.651616
0.850249
0.694691
0.967742
0.884907
0.553082
0.832113
0.545102
1.195076
1.169290
1.032472
0.553557
0.439568
0.774638
1.128786
0.772474
0.716413
0.618587
0.852608
1.096853
0.716213
0.456908
0.624482
1.023304
0.993734
1.078682
0.671032
0.304058
1.190872
1.034050
0.842339
0.742632
0.510147
1.006674
1.121651
0.896307
0.393519
0.543075
0.914124
0.969333
0.978339
0.437547
0.503217
1.110964
0.975732
0.956087
0.537632
0.397581
0.798792
0.571335
0.751553
1.018460
0.238938
0.856360
0.954386
0.876497
0.559390
0.293258
0.957218
1.457034
0.728023
0.840608
0.662684
0.932040
0.886094
0.493299
0.784212
0.365433
1.183792
1.131846
1.083153
0.528163
0.556399
0.790233
1.205702
0.796223
0.775909
0.702695
0.875023
0.980476
0.881681
0.489832
0.577748
1.023519
1.024662
1.049656
0.578164
0.416584
0.976169
1.105380
0.879999
0.697769
0.450279
1.014638
1.145742
0.940050
0.362367
0.558412
0.937296
0.933809
0.979360
0.407342
0.528513
1.165349
1.008674
0.970708
0.601502
0.387379
0.741549
0.667462
0.726900
1.089800
0.220143
1.084595
1.073746
0.733394
0.758584
0.284309
0.988782
1.397837
0.787287
0.735420
0.667405
0.920396
0.798947
0.488639
0.730185
0.320054
1.157142
1.028633
1.137017
0.614705
0.630521
0.690736
1.269053
0.862036
0.766432
0.728612
0.930681
0.967490
1.005947
0.567237
0.679386
1.092098
1.076405
0.948890
0.431675
0.521956
0.859094
1.069999
0.999966
0.766342
0.501945
1.005148
1.157894
0.865957
0.421081
0.503594
0.908592
0.895337
0.950575
0.525804
0.550802
1.051272
1.104666
0.945511
0.780463
0.409952
0.750386
0.896854
0.822519
0.985011
0.253479
1.230023
1.229296
0.663301
0.852840
0.350983
1.071345
1.262557
0.765554
0.654537
0.652593
0.902850
0.743542
0.573419
0.692785
0.376644
1.064166
1.051434
1.170038
0.620540
0.690542
0.667515
1.210972
0.887881
0.684170
0.672089
0.943056
0.882002
1.011229
0.559570
0.731524
1.221546
1.063879
0.930529
0.354774
0.575384
0.939153
1.038826
1.037547
0.892724
0.573033
0.947939
1.030269
0.785752
0.483208
0.464355
0.928910
1.023195
0.937518
0.625379
0.509669
0.928176
1.199079
0.954123
0.836955
0.503566
0.846612
1.015432
0.913260
0.911872
0.257226
1.302764
1.201303
0.680430
0.799093
0.408409
1.047496
1.222662
0.748909
0.609909
0.625056
0.941867
0.771429
0.629852
0.699338
0.386023
0.924130
1.165361
1.129710
0.607278
0.707759
0.805418
1.118716
0.905629
0.643162
0.609323
0.937301
0.914227
0.883429
0.515937
0.692681
1.236771
1.024535
0.833177
0.332427
0.580453
0.924327
1.062218
1.005178
0.839597
0.616842
0.887373
0.842343
0.849029
0.416709
0.595028
0.966507
1.127398
0.928140
0.663971
0.419812
0.976958
1.218632
1.036280
0.814533
0.554317
0.890776
1.031819
1.026177
0.888470
0.295744
1.368041
1.043662
0.601591
0.846592
0.309894
0.958889
1.184842
0.844312
0.734651
0.618536
0.933157
0.857374
0.725654
0.703363
0.407828
0.857632
1.255974
1.083889
0.696171
0.707153
0.886817
1.110648
0.934133
0.673697
0.557512
0.947876
0.960102
0.772627
0.491835
0.641603
1.083875
1.077040
0.704165
0.377317
0.670351
0.871588
1.069620
1.043859
0.772281
0.693258
0.878713
0.769105
0.875355
0.440228
0.733623
1.032583
1.115542
0.901658
0.718923
0.420518
0.980624
1.139299
0.975492
0.761019
0.529814
0.806852
0.924378
1.092407
0.796649
0.368046
1.377064
0.911919
0.446435
0.922829
0.264381
0.970834
1.119322
1.043354
0.858799
0.590917
0.896820
0.986953
0.902853
0.683814
0.504008
0.816272
1.196687
1.073887
0.753139
0.757954
0.771604
1.001229
0.917945
0.615723
0.546557
1.043679
0.892635
0.798309
0.559285
0.664426
0.877956
1.093845
0.639113
0.493895
0.888334
0.871189
1.018709
1.099368
0.759432
0.826489
0.887333
0.892413
0.841362
0.525794
0.630325
1.037036
0.965947
0.822498
0.743627
0.476058
0.861490
1.081855
0.930121
0.812354
0.500971
0.765270
0.991510
1.138977
0.686849
0.424221
1.254223
1.003344
0.419486
0.903129
0.359844
1.057905
1.036423
1.158365
0.917021
0.506352
0.813880
1.118328
1.044697
0.686884
0.659442
0.736077
1.033087
1.021722
0.705835
0.923654
0.755203
0.925271
0.899985
0.462412
0.591445
1.008873
0.723224
0.938757
0.619380
0.633355
0.842333
1.108747
0.704982
0.613961
1.003811
0.867791
1.036461
1.045190
0.798048
0.840195
0.866783
0.910423
0.904462
0.523336
0.464044
1.071452
0.826003
0.784336
0.732366
0.469590
0.710566
1.009142
0.947927
0.903523
0.594918
0.870063
1.124780
1.087334
0.646919
0.543696
1.082278
1.034423
0.537588
0.814308
0.436516
1.079901
0.991118
1.170788
0.848389
0.556083
0.868423
1.126730
1.103716
0.649677
0.753070
0.736783
0.930215
1.017877
0.687528
1.059702
0.900377
0.849767
0.918547
0.398581
0.636482
0.951078
0.736373
0.993251
0.577071
0.502235
0.910172
1.141157
0.702478
0.667285
0.918220
0.823567
1.136089
0.975344
0.847008
0.796519
0.891646
0.811829
0.944981
0.460893
0.526158
1.116504
0.725837
0.704347
0.756088
0.490609
0.719582
0.869855
0.916826
1.012397
0.710671
1.031311
1.217669
0.992295
0.628599
0.708419
0.971029
1.014243
0.671804
0.812114
0.418338
0.996144
0.869821
1.090828
0.794419
0.736312
1.081149
1.077853
1.223065
0.604949
0.757312
0.785156
0.930910
1.050200
0.752318
0.977857
1.063522
0.772654
0.920828
0.552840
0.595300
1.010002
0.719664
0.876544
0.575507
0.393307
0.985670
1.214439
0.594934
0.712502
0.864573
0.858016
1.108131
1.039744
0.944573
0.803051
0.930409
0.784944
0.902050
0.474381
0.603066
1.191632
0.801246
0.583291
0.814871
0.603197
0.799745
0.769411
0.796661
1.001348
0.662269
1.056915
1.201333
0.905329
0.618139
0.851067
1.001015
0.997312
0.710899
0.874983
0.430106
0.900177
0.767277
1.002125
0.656151
0.920082
1.072976
0.957072
1.386376
0.566399
0.774948
0.770734
0.863894
0.989341
0.794631
0.783116
1.170884
0.678955
0.964883
0.638094
0.607676
1.277011
0.670522
0.830675
0.624802
0.412445
0.978303
1.136306
0.506588
0.808197
0.916951
0.944966
1.060773
1.205795
0.961606
0.845992
0.918133
0.910500
0.802326
0.526071
0.562322
1.210169
0.928830
0.622115
0.848179
0.655966
0.817791
0.758036
0.734246
0.964851
0.591785
0.980328
1.207924
0.901449
0.659376
1.004295
1.108244
1.145011
0.714600
0.924868
0.600863
0.869526
0.719232
0.988939
0.669669
0.854400
0.867809
0.914302
1.357567
0.614622
0.793109
0.859229
0.894908
0.892464
0.793806
0.701163
1.176197
0.682650
0.953014
0.673022
0.675857
1.329255
0.627447
0.898915
0.770024
0.504641
0.985144
1.046388
0.633922
0.852652
0.948862
0.895350
1.096731
1.263285
0.875922
0.850674
0.874747
0.990372
0.763418
0.646980
0.476498
1.259359
0.963710
0.884294
0.835600
0.678985
0.755048
0.832183
0.826661
0.973857
0.631088
1.048276
1.134977
0.952635
0.757953
1.116420
1.112705
1.186147
0.757293
1.009056
0.747460
0.866166
0.829119
1.022476
0.749905
0.806773
0.735005
0.900963
1.250839
0.669412
0.862698
0.989059
0.957751
0.861534
0.872225
0.749115
1.127656
0.807186
0.934775
0.642124
0.744656
1.178530
0.715423
1.074192
0.852303
0.557760
0.924690
1.079464
0.754842
0.809999
0.848135
0.839217
1.246936
1.175451
0.833394
0.817878
0.868647
0.969534
0.799198
0.750225
0.592154
1.235408
0.915096
0.993388
0.839615
0.751518
0.838549
0.802248
0.912190
1.039431
0.814529
1.109745
1.089887
0.991233
0.742656
1.120340
1.046083
1.063560
0.872781
1.211012
0.715015
0.849788
0.813763
1.031894
0.869397
0.837972
0.740812
0.961309
1.229393
0.706193
1.010285
1.116427
0.968610
0.895787
0.907242
0.619213
1.213364
0.832924
0.938136
0.650662
0.751442
1.028294
0.728655
1.111753
0.948486
0.576403
0.869759
1.082356
0.762540
0.803511
0.771055
0.895067
1.413157
1.150159
0.863567
0.840978
0.986102
0.958338
0.807695
0.924093
0.734108
1.235519
0.965393
0.894969
0.799729
0.854838
0.997317
0.780356
0.885744
0.981379
0.920093
1.100465
1.076334
0.883504
0.683535
1.052025
0.930149
1.027479
1.004591
1.292062
0.697327
0.686598
0.720547
1.022955
0.875295
0.924489
0.755304
0.982755
1.363282
0.761915
1.137230
1.128568
0.972045
0.923112
0.878113
0.594503
1.266498
0.818722
0.939182
0.697774
0.748932
1.005636
0.727786
1.124165
1.045058
0.610788
0.826872
1.127681
0.813696
0.871771
0.791422
0.960969
1.442637
1.198569
0.958924
0.784962
1.086424
1.024468
0.819735
1.050550
0.638959
1.188377
1.097697
0.770206
0.749783
0.847364
1.183129
0.788198
0.820871
0.889760
0.885618
1.088193
1.048632
0.836569
0.670040
0.996828
0.914902
1.199269
1.181038
1.138244
0.753459
0.630564
0.657359
1.024038
0.902075
0.917913
0.757302
0.976540
1.340550
0.738641
1.073494
1.075277
0.997401
0.889670
0.906125
0.684343
1.247616
0.874245
0.868432
0.857295
0.782994
0.966869
0.864177
1.127686
1.075827
0.642729
0.893324
1.192415
1.025173
0.982839
0.762602
0.890286
1.301088
1.148073
1.102117
0.710153
1.153113
1.068076
0.933185
1.107352
0.567765
1.124795
1.171308
0.820024
0.793226
0.791289
1.215826
0.870378
0.812175
0.888728
0.910156
0.994846
0.893853
0.944026
0.694739
0.938413
0.933935
1.284199
1.179514
0.958428
0.892940
0.623430
0.695299
1.021495
0.897803
0.909535
0.865005
0.902968
1.253104
0.712725
0.933959
0.997954
1.025571
0.878597
1.100265
0.771822
1.166065
0.980478
1.005249
0.981009
0.793290
0.911265
1.048129
1.097838
1.119694
0.632250
0.924150
1.261066
1.167114
1.065634
0.634823
0.821613
1.167347
1.084089
1.081655
0.693962
1.215032
1.086377
1.104879
1.133357
0.621851
1.125917
1.240358
0.838318
0.946261
0.787237
1.140468
0.997869
0.793710
0.983564
1.032605
1.046737
0.826745
1.043440
0.770853
0.850073
0.935770
1.185293
1.074541
0.841331
0.905862
0.644282
0.731185
1.006196
0.930244
0.947643
1.055042
0.930815
1.177297
0.713184
0.882497
0.980141
1.224554
0.883721
1.224633
0.725770
1.148539
1.063115
1.139066
1.031790
0.720736
0.938877
1.103195
1.050218
1.158560
0.638760
0.889620
1.238122
1.204088
1.158197
0.613072
0.804734
1.102318
1.106964
0.998139
0.711339
1.230465
1.029458
1.124082
1.177140
0.777159
1.175851
1.369272
0.829037
0.869780
0.897808
1.056074
1.160342
0.745123
0.999951
1.122613
1.186159
0.917208
1.170332
0.848501
0.796549
0.937230
1.015769
1.097097
0.788304
0.886503
0.649177
0.811511
1.034386
1.010416
0.909564
1.144359
1.033268
1.122123
0.803602
0.884441
1.035431
1.351059
0.878217
1.214947
0.768965
1.055644
1.205180
1.148150
0.920662
0.730867
1.051604
1.230719
0.986830
1.095044
0.677699
0.888782
1.152351
1.123207
1.230280
0.718927
0.834499
1.066700
1.067323
0.885420
0.728724
1.164827
0.977291
1.158287
1.086062
0.849643
1.148703
1.418166
0.868036
0.772016
0.989524
1.082361
1.292349
0.788136
0.862038
1.089024
1.206903
0.902659
1.352459
0.910238
0.834846
0.977649
1.047105
1.274592
0.729787
0.944453
0.668415
0.929161
1.129111
1.160803
0.701101
1.149146
1.129745
1.068138
0.783187
0.816313
1.152779
1.294866
0.924648
1.144666
0.921032
0.958545
1.440569
1.118830
0.958750
0.771278
1.102712
1.362288
0.913882
1.015991
0.766672
0.980532
1.119420
1.180234
1.279563
0.811886
0.860569
1.139709
0.996299
0.899856
0.674217
1.233912
0.857642
1.178427
0.954861
0.855607
1.112400
1.288474
0.945662
0.809398
0.951202
1.077961
1.344745
0.906498
0.736747
0.976806
1.155224
0.777841
1.507399
0.939374
0.793053
0.959497
1.090039
1.420756
0.699514
1.052608
0.684304
1.057745
1.215559
1.172253
0.543486
1.145357
1.203555
1.054890
0.654293
0.760100
1.170646
1.123505
1.033433
0.986975
1.041192
0.947517
1.503648
1.174859
1.131968
0.813184
1.107209
1.340110
0.977737
0.988453
0.839715
1.150980
1.246956
1.242766
1.295296
0.781406
1.090826
1.266511
0.874205
0.974040
0.660490
1.478103
0.878973
1.110673
0.887314
0.907669
1.164270
1.213026
0.989883
0.997028
0.881263
0.984392
1.414331
1.073504
0.783399
0.890962
1.287744
0.813073
1.471863
0.986532
0.725601
0.978503
1.174649
1.484440
0.736583
1.036012
0.752801
1.163350
1.251902
1.180117
0.542598
1.249371
1.223119
1.034372
0.644904
0.830451
1.113452
1.189872
1.084547
0.919694
0.985000
1.104338
1.460543
1.223950
1.250828
0.805982
1.163346
1.260769
1.044151
1.056327
0.871186
1.349438
1.261802
1.328734
1.287757
0.708101
1.299118
1.310471
0.742579
0.902934
0.746795
1.648060
1.039895
1.091844
0.929433
0.966363
1.297728
1.236311
0.983735
1.152874
0.950312
1.001076
1.514179
1.198857
0.767938
0.882536
1.357526
1.129185
1.361437
1.053562
0.677742
1.073173
1.213668
1.431352
0.850924
1.010825
0.896519
1.321160
1.227549
1.155492
0.648593
1.288704
1.237390
0.981800
0.763659
0.871609
1.162573
1.375713
1.071019
1.011594
0.957840
1.211456
1.412344
1.328732
1.278167
0.821216
1.249077
1.289819
1.112483
1.038255
1.010001
1.468715
1.230125
1.371433
1.218067
0.719179
1.354149
1.263305
0.660331
0.820423
0.892908
1.542883
1.177795
1.222622
1.043944
0.965117
1.394238
1.345099
1.006789
1.271034
1.002945
1.087255
1.540919
1.286398
0.751709
0.869461
1.237996
1.315831
1.323968
1.216628
0.723928
1.211729
1.272188
1.363546
0.954731
1.012690
1.152682
1.540596
1.216156
1.069532
0.687879
1.354354
1.328014
0.844087
0.977947
0.785866
1.278681
1.434814
1.037494
1.045056
0.924816
1.192539
1.432534
1.319004
1.361215
0.843083
1.350281
1.367710
1.101619
0.947282
1.155850
1.423093
1.217615
1.389794
1.160229
0.768005
1.386817
1.265289
0.872475
0.767357
0.993059
1.358058
1.179923
1.343045
1.071823
0.874540
1.373348
1.475999
1.188852
1.298881
1.007596
1.110443
1.440966
1.342774
0.717607
0.806283
1.084033
1.352314
1.314157
1.265103
0.771130
1.379671
1.326268
1.403735
0.958454
0.987328
1.284051
1.724344
1.261008
0.966378
0.606000
1.409989
1.423792
0.834477
1.073198
0.656692
1.321383
1.348726
1.010011
0.966172
0.849391
1.168130
1.499900
1.323907
1.372479
0.897611
1.366011
1.376142
1.139088
0.960155
1.160116
1.309406
1.220599
1.343736
1.099931
0.818955
1.453294
1.369201
1.081549
0.732953
1.006275
1.277193
1.230693
1.288987
1.027063
0.885968
1.339892
1.572792
1.419084
1.216563
0.996822
1.132550
1.378087
1.409433
0.766024
0.759912
1.112618
1.467712
1.312561
1.207691
0.778192
1.529325
1.377660
1.303715
0.925732
0.863806
1.447022
1.753699
1.392411
0.978748
0.607626
1.415382
1.438633
0.905516
1.023295
0.678350
1.267070
1.393411
1.059825
0.921827
0.800784
1.226538
1.497325
1.239457
1.299368
0.879041
1.315394
1.387097
1.128281
1.042793
1.090961
1.295652
1.222963
1.301741
1.043204
0.765634
1.535889
1.487554
1.166836
0.765217
0.975306
1.241298
1.208662
1.170902
0.990441
1.040231
1.283027
1.459854
1.451446
1.156028
1.023780
1.287603
1.463597
1.394947
0.870610
0.747225
1.278428
1.630917
1.305686
1.206984
0.881780
1.666743
1.394114
1.106971
1.008541
0.893571
1.538923
1.699381
1.409809
1.029398
0.689473
1.312224
1.436320
0.962316
0.909211
0.703549
1.283064
1.400604
1.127758
1.031284
0.839799
1.229589
1.460800
1.158863
1.159027
0.889655
1.303821
1.411844
1.162357
1.020755
1.092852
1.397189
1.306971
1.167802
0.929535
0.779978
1.538942
1.568659
1.128451
0.862037
0.997337
1.108626
1.239221
1.289875
1.028118
1.149112
1.176667
1.321632
1.366906
1.200302
0.942278
1.487479
1.516413
1.377887
1.056128
0.738719
1.275961
1.639208
1.272076
1.292468
1.074695
1.659832
1.347653
1.008563
1.108017
1.042109
1.529453
1.708516
1.301327
1.052108
0.764730
1.295171
1.496944
1.015233
0.858551
0.651141
1.316708
1.291630
1.243592
1.133595
0.901640
1.223991
1.461863
1.174150
1.088027
0.869305
1.359592
1.341396
1.260731
0.890068
1.072806
1.545606
1.394169
1.054498
0.928066
0.852481
1.530336
1.543722
1.218489
0.959894
1.076281
1.002906
1.373375
1.430772
1.018541
1.155331
1.164870
1.340482
1.287106
1.347761
0.784913
1.527574
1.461642
1.302834
1.184354
0.760308
1.217903
1.571993
1.238676
1.351367
1.202360
1.668051
1.352698
1.078873
1.199504
1.060496
1.469118
1.704703
1.199216
1.103707
0.870913
1.403658
1.538980
1.033752
0.956917
0.633893
1.428820
1.320650
1.388321
1.044832
0.906643
1.301238
1.539442
1.182922
1.067993
0.823411
1.394283
1.255118
1.386660
0.817563
1.035223
1.638956
1.457933
1.106655
0.910015
0.941544
1.541000
1.455456
1.358310
0.964648
1.063390
0.981815
1.400691
1.418873
1.021310
1.074168
1.257965
1.474808
1.301793
1.434841
0.697486
1.449865
1.466240
1.322313
1.228657
0.789725
1.219066
1.524087
1.190378
1.321827
1.256160
1.678934
1.354157
1.140676
1.227186
0.934622
1.461077
1.578830
1.259322
1.245036
1.085279
1.562901
1.487266
1.084476
1.172375
0.708528
1.501025
1.411757
1.549554
0.995117
0.896317
1.321454
1.632642
1.172910
0.985270
0.804941
1.453578
1.318981
1.393723
0.798188
0.978552
1.733688
1.542293
1.186645
0.864025
0.926087
1.488026
1.327633
1.414417
0.907919
1.015673
1.056187
1.354102
1.340958
0.977817
1.066692
1.264811
1.492379
1.414347
1.347355
0.764041
1.537647
1.423491
1.406561
1.206550
0.857213
1.296176
1.448529
1.242964
1.145466
1.295723
1.622090
1.301259
1.056652
1.213960
0.850114
1.511598
1.336067
1.211304
1.222919
1.179823
1.495943
1.441445
1.120609
1.404579
0.799678
1.496252
1.400472
1.596227
1.056967
0.926605
1.379847
1.606885
1.216330
0.922965
0.802912
1.514300
1.397733
1.440459
0.804750
0.916101
1.749369
1.558213
1.050023
0.865677
0.984344
1.432384
1.307551
1.431020
0.988252
1.008939
1.173860
1.379408
1.379262
0.949246
1.103766
1.227004
1.480828
1.542397
1.186349
0.910053
1.570240
1.323320
1.585619
1.255616
0.912203
1.371982
1.474878
1.199378
0.978768
1.346743
1.480132
1.383507
0.971686
1.115589
0.884606
1.553609
1.275798
1.027281
1.109886
1.100958
1.376560
1.321546
1.234345
1.550497
0.812759
1.462494
1.411921
1.567371
1.021532
1.039078
1.514193
1.493339
1.247321
0.992007
0.827674
1.541425
1.379829
1.492382
0.886924
0.854956
1.580715
1.541378
0.940292
0.938085
1.057586
1.426820
1.414003
1.430576
1.181966
1.111376
1.243293
1.482430
1.431658
1.030968
1.120614
1.255181
1.529679
1.582237
1.151818
0.965920
1.492929
1.302003
1.636093
1.346064
0.930056
1.468639
1.614683
1.232944
0.932318
1.287129
1.422582
1.445041
1.055841
1.069280
0.850292
1.537380
1.318513
0.984089
1.053894
1.068955
1.318204
1.263979
1.403315
1.558634
0.889929
1.392680
1.470035
1.520411
1.024470
1.105812
1.663456
1.379252
1.159712
0.990559
0.977001
1.493812
1.539952
1.540465
1.018534
0.882816
1.273743
1.494802
1.001293
1.065257
1.101978
1.400604
1.550068
1.378693
1.328206
1.094369
1.360594
1.591739
1.323952
1.204137
1.100198
1.380885
1.437491
1.513232
1.147708
0.994554
1.500664
1.276739
1.478817
1.435745
0.872128
1.532587
1.711528
1.220198
0.996514
1.245116
1.387684
1.409375
1.109302
1.152307
0.830186
1.581694
1.245360
1.036176
1.146974
1.081253
1.308215
1.310258
1.419407
1.517809
1.093468
1.323519
1.406292
1.406284
1.144980
1.130336
1.594280
1.343142
1.177393
0.904303
1.096822
1.440789
1.781728
1.488240
1.137139
0.947530
1.097388
1.489374
1.049044
1.187682
1.054692
1.331878
1.592625
1.417606
1.378832
1.056966
1.404512
1.521462
1.298174
1.256669
1.070607
1.493603
1.252883
1.382248
1.036399
1.012345
1.568589
1.288822
1.285193
1.408151
0.835477
1.580978
1.597489
1.222425
1.011892
1.210780
1.421416
1.343707
0.983479
1.264251
0.772734
1.644077
1.169303
1.064460
1.164484
1.040757
1.351565
1.480447
1.459217
1.514021
1.239283
1.289085
1.305649
1.314334
1.187515
1.065473
1.496579
1.287211
1.219601
0.842089
1.134278
1.360700
1.703127
1.364057
1.243290
1.034603
1.014685
1.544196
1.129532
1.083226
1.100463
1.375980
1.653878
1.425997
1.422876
1.054013
1.368084
1.547378
1.383359
1.302349
0.958384
1.518663
1.257674
1.389007
0.894789
0.980947
1.510133
1.210512
1.300614
1.396656
0.879865
1.528248
1.514243
1.293271
0.986758
1.223604
1.472001
1.338670
1.002007
1.331632
0.803996
1.534159
1.281174
1.113257
1.142859
1.076791
1.398241
1.654969
1.495220
1.450713
1.210337
1.286167
1.273218
1.268528
1.075249
0.946661
1.501789
1.185391
1.296419
0.930887
1.083048
1.332971
1.568466
1.107832
1.266080
1.095629
0.986946
1.551923
1.234446
1.019400
1.148111
1.404352
1.606333
1.362547
1.431597
1.172160
1.299904
1.598695
1.455983
1.340395
0.894144
1.504072
1.413186
1.426531
0.890853
1.009921
1.374628
1.117629
1.338945
1.243023
1.014031
1.483494
1.414805
1.402636
0.993722
1.227473
1.476325
1.374850
1.214963
1.388500
0.950739
1.398324
1.374600
1.124448
1.241047
1.129357
1.406863
1.588598
1.473704
1.349095
1.092015
1.301775
1.337260
1.272070
1.115375
1.029319
1.500740
1.137077
1.253938
1.053101
1.089496
1.286615
1.561556
0.923310
1.235199
1.099606
1.009400
1.461886
1.461213
1.078174
1.188349
1.343380
1.426401
1.289234
1.428046
1.267825
1.267608
1.488731
1.347923
1.412769
0.845240
1.456815
1.423647
1.378706
0.947691
1.131222
1.255662
1.139317
1.235831
1.187937
1.161154
1.540239
1.324689
1.409804
1.102529
1.235926
1.272591
1.430035
1.450333
1.476521
1.101482
1.424958
1.305539
1.163677
1.313596
1.213476
1.429243
1.557779
1.417618
1.191164
1.062340
1.331313
1.232215
1.252880
1.207347
1.109824
1.408430
1.171404
1.133622
1.114902
1.173874
1.279851
1.604970
0.894059
1.273157
1.016226
1.021664
1.340558
1.547808
1.227955
1.209716
1.364028
1.190028
1.265964
1.403620
1.244777
1.280414
1.372353
1.273870
1.345281
0.901878
1.292248
1.279549
1.270188
0.952102
1.235185
1.181889
1.226151
1.133729
1.285037
1.140725
1.652442
1.349982
1.413233
1.076051
1.159751
1.170895
1.492052
1.505303
1.379115
1.136360
1.611293
1.189514
1.168291
1.239148
1.240199
1.415783
1.548728
1.440720
1.058265
1.105743
1.385007
1.143341
1.178188
1.224397
1.008247
1.307747
1.241473
1.149313
1.118597
1.240828
1.254387
1.541470
0.964717
1.393514
0.973571
0.923866
1.341566
1.557394
1.314491
1.224373
1.427476
1.083507
1.225516
1.334668
1.066354
1.265875
1.308679
1.240102
1.236670
0.939002
1.229452
1.262593
1.283244
0.991089
1.270176
1.107229
1.314689
1.102438
1.325141
1.107320
1.599389
1.318724
1.342345
0.975691
1.007455
1.254223
1.546712
1.483107
1.145715
1.160641
1.520439
1.251305
1.220816
1.241973
1.232013
1.473391
1.504114
1.515491
0.975527
1.154172
1.388507
1.210454
1.234772
1.152108
0.995723
1.186851
1.221305
1.280411
1.115560
1.252781
1.267631
1.503918
1.029129
1.460603
0.966452
0.944600
1.443695
1.499050
1.300603
1.154600
1.384885
1.006851
1.223794
1.214320
0.961846
1.275664
1.240255
1.283540
1.244756
0.972423
1.328368
1.253493
1.434354
1.134397
1.229553
1.111487
1.291270
1.104520
1.216020
1.110036
1.518472
1.133503
1.213435
1.028199
0.888290
1.322665
1.385104
1.372885
1.112582
1.176993
1.367259
1.286731
1.262253
1.283407
1.235204
1.415213
1.551898
1.561187
0.941899
1.262087
1.404082
1.319889
1.305316
1.235916
1.100857
1.101130
1.198148
1.285537
1.093722
1.272745
1.237811
1.554932
0.972211
1.303332
1.042354
1.109919
1.543469
1.486440
1.298126
1.028732
1.330700
0.884881
1.276140
1.055571
0.977948
1.395784
1.251625
1.343069
1.218125
0.994618
1.455116
1.156273
1.438900
1.285491
1.085336
1.205282
1.260472
1.023630
1.144720
1.122500
1.474317
1.000151
1.130551
1.211515
0.893704
1.245066
1.264513
1.246333
1.141533
1.151895
1.304115
1.351690
1.270992
1.226702
1.128794
1.388460
1.539924
1.582655
0.922416
1.291290
1.290482
1.427180
1.194101
1.333921
1.148645
1.164643
1.289547
1.346246
1.117110
1.218772
1.193451
1.478460
1.003665
1.168958
1.037407
1.274291
1.387728
1.427882
1.285632
0.974880
1.250220
0.752996
1.251879
1.009892
0.940357
1.491578
1.359146
1.297696
1.097375
1.007699
1.560710
1.202865
1.313977
1.203130
0.972197
1.281280
1.348253
0.991738
1.073797
1.158494
1.360266
0.932305
1.086723
1.162229
0.862273
1.209076
1.272067
1.174754
1.006369
1.038658
1.204252
1.506303
1.316610
1.112955
1.038808
1.417387
1.460700
1.436950
0.994113
1.207695
1.203926
1.506185
1.105199
1.288183
1.156494
1.310771
1.371489
1.380231
1.240676
1.126986
1.181014
1.252989
1.105097
1.251438
1.025487
1.341676
1.346165
1.411435
1.175541
1.003530
1.254226
0.764574
1.127196
1.058252
0.813810
1.527293
1.388894
1.185318
1.025086
1.016258
1.547625
1.368657
1.186272
1.109484
0.961577
1.210884
1.441169
1.116361
0.950009
1.203556
1.092991
0.937461
1.028379
1.055066
0.787219
1.264839
1.384157
1.271296
0.868615
1.007041
1.011751
1.593065
1.369965
1.067202
0.971239
1.332324
1.416223
1.225157
1.120740
1.195231
1.251494
1.487639
1.193117
1.253419
1.171470
1.326438
1.391463
1.437681
1.361264
0.993500
1.233220
1.216289
1.207883
1.303111
1.052047
1.465146
1.354955
1.367131
1.043033
0.898892
1.155042
0.878647
1.037507
1.071507
0.787082
1.492256
1.209836
1.173647
1.011622
1.087788
1.444504
1.496430
1.199824
1.159277
1.018018
1.202161
1.380374
1.219368
0.887696
1.217107
0.916605
0.916828
0.973839
1.032978
0.714953
1.261912
1.470997
1.345920
0.840069
1.079333
0.981989
1.614623
1.397703
1.023610
0.936449
1.208494
1.295850
1.102821
1.163457
1.201420
1.230380
1.330943
1.317016
1.238492
1.169880
1.199702
1.379137
1.484811
1.366951
0.998680
1.204840
1.213738
1.266613
1.182878
1.031477
1.577564
1.289913
1.303813
0.949984
0.801091
1.087144
1.006238
1.160955
1.005707
0.817557
1.356206
1.075807
1.145900
1.099407
1.120144
1.312793
1.531420
1.211539
1.184343
1.014491
1.339217
1.353585
1.250551
1.017836
1.127210
0.922891
0.924048
0.860370
1.180112
0.677064
1.172687
1.401868
1.271663
0.926129
1.129088
1.124672
1.590684
1.345361
0.963212
0.872462
1.140167
1.115932
1.043057
0.996309
1.173928
1.133412
1.367398
1.343328
1.177691
1.030497
1.172203
1.332904
1.430003
1.291475
1.035556
1.206135
1.101066
1.311648
1.075019
0.885661
1.509706
1.110209
1.174438
0.914296
0.813045
1.124712
1.090689
1.416013
0.887252
0.807499
1.275578
1.057747
1.101864
1.071216
1.195620
1.204715
1.465676
1.122877
1.125849
1.037571
1.401721
1.406937
1.261446
1.207140
1.048405
0.959641
0.938387
0.781726
1.299760
0.634742
1.165043
1.250117
1.247521
1.026926
1.051899
1.179972
1.492937
1.370630
0.929132
0.863852
1.108201
1.034699
0.941196
0.845011
1.069177
1.110249
1.491963
1.246389
1.068919
0.983300
1.122836
1.325950
1.374990
1.302314
1.003302
1.218427
1.032225
1.283991
0.963509
0.846958
1.522519
1.036363
1.122618
0.936489
0.872661
1.042324
1.231880
1.469555
0.821029
0.751378
1.199289
1.104318
1.132416
1.024612
1.162130
1.168983
1.385348
1.076802
1.109044
1.029520
1.390103
1.426442
1.257310
1.223337
1.019745
1.008696
0.956339
0.724609
1.294564
0.643332
1.162402
1.076859
1.262520
0.996838
0.982677
1.029619
1.343388
1.410023
0.947893
0.828725
1.052438
1.019502
0.880248
0.843681
1.076524
1.091747
1.573696
1.178431
0.952137
0.966450
1.072490
1.297881
1.362207
1.290790
0.821338
1.285905
1.053459
1.242032
0.894862
0.856078
1.515911
0.974177
0.985956
0.976201
0.864059
0.911556
1.347649
1.421519
0.839005
0.673582
1.163075
1.183859
1.314053
1.029627
1.110765
1.156248
1.376810
1.165728
1.242526
1.022238
1.404415
1.345851
1.235314
1.072684
0.932520
1.009284
1.054215
0.703980
1.220432
0.739007
1.070569
0.954223
1.161719
0.953204
0.881689
0.967742
1.134154
1.352124
0.899947
0.781018
1.026965
1.000541
0.982942
0.879793
1.123996
1.045085
1.530215
1.079471
0.875701
0.785628
1.115609
1.382431
1.305248
1.211143
0.598586
1.138760
1.067814
1.255015
0.837211
0.870681
1.485750
0.838108
0.841536
0.993508
0.860997
0.974584
1.388704
1.422888
0.801899
0.646430
1.195030
1.314919
1.389357
1.065031
1.064456
1.060302
1.420719
1.123627
1.267527
0.947309
1.329874
1.311974
1.284948
0.955839
0.864142
1.038124
1.172366
0.762181
1.119732
0.783505
0.994831
1.001317
1.120644
0.969324
0.798739
1.013578
0.959911
1.275566
0.902054
0.747843
1.090149
0.909359
1.148394
0.895848
1.075378
0.980127
1.550785
1.086360
0.840849
0.542071
1.192112
1.427816
1.226263
1.099410
0.508885
0.976125
0.988985
1.297024
0.919359
0.754304
1.446965
0.653730
0.738095
0.950773
0.913285
1.113517
1.328904
1.366279
0.740274
0.679571
1.282961
1.331078
1.271796
1.096509
1.015373
1.099806
1.466447
0.978243
1.154458
0.954785
1.149302
1.319310
1.291450
0.830162
0.832426
1.131738
1.276617
0.903230
1.101744
0.827860
0.997200
1.191042
1.142066
0.991300
0.836781
1.069589
0.852507
1.192578
0.930650
0.763258
1.013623
0.869280
1.097641
0.941759
0.970264
1.017920
1.502705
1.094812
0.846016
0.517310
1.166712
1.309461
1.211711
1.055057
0.592065
1.086034
0.927094
1.195223
0.984707
0.646200
1.469433
0.615949
0.737893
1.068022
0.992910
1.183418
1.289453
1.410372
0.734454
0.721176
1.341647
1.163244
1.158146
1.071428
0.925951
1.116513
1.326550
0.929378
0.997800
0.980432
0.964068
1.344039
1.327149
0.711982
0.845152
1.171967
1.304004
0.982775
1.099631
0.884401
0.975069
1.258674
1.106018
0.904345
0.907788
1.076096
0.783525
1.063861
0.970344
0.794421
0.961174
0.937396
0.995314
0.993134
0.897426
1.007176
1.328553
1.047499
0.874897
0.663770
1.113062
1.128071
1.212244
0.991080
0.704266
1.224105
1.008466
1.177651
0.873329
0.666664
1.409898
0.714593
0.807109
1.229226
1.042772
1.118727
1.209690
1.430953
0.763422
0.803182
1.300421
1.082795
1.124936
1.050260
0.808306
1.126910
1.152862
1.065313
0.912236
0.983480
0.937960
1.285497
1.330228
0.665654
0.827775
1.063738
1.321884
1.021486
1.066072
0.895946
0.977181
1.218780
1.009852
0.811593
0.866406
1.139910
0.796129
0.954149
0.900061
0.702898
1.015262
0.990928
1.058740
0.951053
0.897589
0.985506
1.189787
0.907738
0.943361
0.655461
1.158793
1.039644
1.140799
0.958487
0.768227
1.199155
1.089000
1.172773
0.754222
0.752539
1.243987
0.774702
0.903441
1.234159
1.037741
1.150567
1.157227
1.345766
0.767501
0.885654
1.144201
1.158879
1.059861
1.037309
0.637691
1.116510
1.092559
1.030335
0.962394
0.886613
0.921884
1.249408
1.259140
0.788663
0.774836
0.926489
1.402018
1.056656
0.979044
0.812549
0.936637
1.161525
0.988483
0.839750
0.732285
1.215171
0.804507
1.030689
0.910006
0.610325
1.053386
0.924054
1.128012
0.901002
0.838792
0.966437
1.173281
0.978885
1.020479
0.543151
1.212067
1.095072
1.032465
0.931541
0.787222
1.113460
1.165926
1.087559
0.734873
0.837568
1.044510
0.849823
0.893062
1.049172
0.985002
1.179245
1.188141
1.229120
0.831449
0.890306
1.170865
1.198303
0.952453
1.017340
0.586675
1.111201
1.016704
0.888370
1.022848
0.864587
0.746856
1.170913
1.100544
0.834050
0.754117
0.920039
1.559659
1.103076
0.959233
0.826441
0.882256
1.126965
1.021261
0.937658
0.621343
1.179667
0.843102
1.099836
0.914832
0.575364
0.982257
0.895379
1.142209
0.842648
0.754019
1.055258
1.165479
1.114366
0.949215
0.552907
1.146466
1.157928
1.031309
0.942964
0.824651
1.043346
1.110450
1.066707
0.742329
0.852208
0.995292
0.887654
0.903267
0.940719
0.889143
1.141206
1.227912
1.191968
0.936083
0.891047
1.305455
1.275605
0.956639
0.938030
0.641235
0.974832
0.777310
0.887744
0.994754
0.827927
0.628609
1.042952
0.891432
0.816441
0.719194
0.982181
1.576183
1.088605
0.852990
0.943407
0.816207
1.110838
0.905840
0.920047
0.583400
1.137004
0.917415
1.002989
0.844813
0.532246
0.927542
0.929437
1.185250
0.832931
0.609425
1.211682
1.091978
1.096238
0.877175
0.647269
1.104979
1.151725
1.076263
0.837020
0.744006
1.039337
1.064345
1.157581
0.675470
0.832148
0.904764
0.974787
0.842730
0.997774
0.756999
1.121976
1.223223
1.168355
0.944868
0.904485
1.317047
1.368066
1.029249
0.855438
0.733543
0.850164
0.579552
1.044247
0.877214
0.759449
0.744862
0.952083
0.778681
0.849034
0.706961
1.045241
1.502274
1.121318
0.668462
1.011291
0.847852
1.151925
0.837026
0.844743
0.500633
1.240293
1.028982
0.900388
0.652845
0.509067
0.969241
0.931380
1.172417
0.831379
0.518984
1.332091
1.121590
0.937197
0.869427
0.602792
1.128163
1.049970
0.984015
0.760292
0.688766
1.077166
1.080231
1.239944
0.705044
0.786335
0.770462
0.989245
0.828301
1.100762
0.725611
1.195683
1.156052
1.077496
0.749604
0.976645
1.235684
1.401534
0.911650
0.855099
0.654865
0.787670
0.594454
1.129077
0.835895
0.597627
0.847677
1.005356
0.722912
0.870511
0.722805
1.154672
1.388404
1.207924
0.533800
0.927412
0.975607
1.181836
0.981742
0.830292
0.446304
1.272447
1.013296
0.834484
0.675327
0.510744
0.995547
0.846693
1.055263
0.890418
0.482281
1.349520
1.118516
0.855725
0.906628
0.564474
1.061587
0.903044
0.782066
0.678310
0.663277
1.156551
1.220106
1.181862
0.789592
0.729332
0.652343
1.143829
0.908655
1.054290
0.721771
1.245717
1.137091
0.923540
0.643075
0.970060
1.191267
1.352655
0.840792
0.850487
0.596292
0.833793
0.750747
1.201007
0.892326
0.487922
0.846379
1.092268
0.639673
0.800601
0.794038
1.211727
1.264923
1.386614
0.559522
0.824466
1.027508
1.150775
1.100900
0.796846
0.520700
1.217904
0.858217
0.841508
0.771333
0.548086
0.968683
0.869760
1.020208
0.921322
0.577328
1.248257
1.020816
0.855599
0.870714
0.733338
1.061232
0.803732
0.729545
0.678377
0.750114
1.273116
1.351520
1.127500
0.734869
0.729458
0.669977
1.216354
0.956588
0.990473
0.614802
1.284544
1.159918
0.807505
0.819758
0.829942
1.217802
1.287827
0.916707
0.767448
0.657654
0.884933
0.848848
1.219744
0.882059
0.460315
0.891255
1.162157
0.646925
0.717558
0.835272
1.162855
1.183665
1.420206
0.630485
0.756744
1.093857
1.031132
1.108332
0.718289
0.681845
1.106854
0.775918
0.865600
0.869100
0.673677
0.961905
1.010456
1.112978
0.812102
0.695362
1.199762
0.984576
0.820534
0.846210
0.866377
1.096192
0.779978
0.719133
0.653200
0.773966
1.297401
1.427719
1.057338
0.563014
0.752909
0.662757
1.308324
1.041104
0.896194
0.475994
1.229949
1.186619
0.772218
0.973102
0.689938
1.208079
1.316041
1.007692
0.724591
0.769564
0.875148
0.966452
1.159954
0.803528
0.477366
1.065658
1.171341
0.754923
0.702116
0.784521
1.084547
1.162709
1.324410
0.687428
0.773332
1.198679
1.022392
1.095957
0.770166
0.678368
1.046557
0.891866
0.875923
0.858488
0.774228
1.007820
1.231331
1.193863
0.622812
0.696120
1.255932
1.122108
0.854631
0.840566
0.837823
1.056279
0.677770
0.683742
0.616309
0.718298
1.280143
1.346276
0.967878
0.561115
0.783119
0.677502
1.317997
0.972668
0.703513
0.491006
1.167366
1.211490
0.744163
0.877554
0.689495
1.222182
1.389857
0.960525
0.659541
0.776495
0.899202
1.070941
1.063978
0.731521
0.398253
1.155961
1.092817
0.837116
0.825331
0.686439
1.068150
1.211849
1.203729
0.719944
0.789990
1.322208
1.139581
1.192948
0.936324
0.564882
1.052583
1.083265
0.880282
0.743292
0.797256
1.111541
1.340157
1.199463
0.624071
0.592998
1.237547
1.180305
0.951805
0.839225
0.774680
0.969194
0.675147
0.636477
0.500922
0.633235
1.201361
1.246646
0.843324
0.670510
0.796757
0.689341
1.306254
0.902716
0.529588
0.480309
1.086449
1.241872
0.718740
0.755599
0.727636
1.173988
1.309374
0.875247
0.601729
0.718872
1.031675
1.134876
1.022777
0.626940
0.430928
1.233703
0.998653
0.918088
0.850265
0.662281
1.054057
1.233679
1.215864
0.769659
0.820019
1.326684
1.248697
1.223002
1.039460
0.553723
1.083503
1.244001
0.888522
0.577557
0.746915
1.118414
1.367268
1.209987
0.647333
0.567302
1.097696
1.169080
1.008932
0.768625
0.835047
0.984592
0.762927
0.682472
0.429274
0.673247
1.050943
1.182990
0.862159
0.821423
0.780350
0.835950
1.334420
0.951799
0.620747
0.396764
1.138029
1.166999
0.816326
0.843903
0.645063
1.021689
1.226929
0.882571
0.552472
0.672235
1.116785
1.172352
1.064062
0.665850
0.542151
1.285451
0.917319
1.042941
0.777140
0.645721
0.974539
1.176682
1.209880
0.774032
0.776205
1.308686
1.288032
1.194325
0.956799
0.691280
1.068632
1.351197
0.892263
0.560378
0.713881
1.028136
1.332413
1.189387
0.716095
0.549053
1.079660
1.170687
0.933356
0.676181
0.804535
1.051483
0.899382
0.825961
0.423655
0.647460
0.958875
1.187093
0.899645
0.879605
0.792056
1.027239
1.377435
0.991084
0.703380
0.418584
1.206314
1.037777
0.863592
0.967403
0.536692
0.770915
1.177873
0.996235
0.544767
0.750114
1.103816
1.235855
1.031837
0.744580
0.613676
1.327748
1.016226
1.137251
0.674585
0.581810
0.925271
1.043801
1.169767
0.770852
0.677189
1.266160
1.330863
1.235927
0.830176
0.853567
0.988815
1.366131
0.868849
0.672866
0.746783
0.947751
1.357685
1.055279
0.743098
0.510840
1.139969
1.114628
0.889985
0.608198
0.593933
1.092010
1.019277
0.935318
0.543898
0.558389
0.969105
1.123872
0.849897
0.998120
0.781304
1.125150
1.402939
0.961967
0.596744
0.553445
1.267655
0.972641
0.701799
1.011704
0.609963
0.611642
1.172584
1.044701
0.649263
0.816769
1.115182
1.298967
0.928823
0.817025
0.553120
1.322665
1.113652
1.103689
0.607709
0.516615
1.018101
1.034644
1.130487
0.760023
0.596467
1.143568
1.329772
1.299977
0.788784
0.925444
0.993681
1.263381
0.841843
0.746287
0.777023
0.907959
1.347828
0.922022
0.807527
0.469107
1.037869
0.979120
0.911973
0.662872
0.512827
1.212230
1.039145
0.920168
0.697290
0.479831
0.937164
1.004528
0.764299
1.052527
0.806766
1.011280
1.390950
0.993069
0.479364
0.651420
1.217333
1.071816
0.554233
1.041812
0.738806
0.613911
1.151189
0.973105
0.667038
0.809812
1.174227
1.360739
0.833986
0.770687
0.527771
1.362856
1.095858
1.071624
0.578828
0.543497
1.117795
1.017153
1.053161
0.765770
0.526275
1.047437
1.302351
1.310461
0.882477
0.887252
1.014644
1.207709
0.845226
0.719624
0.776433
0.996661
1.322875
0.832033
0.899421
0.530426
0.904357
0.903617
0.893704
0.681503
0.679708
1.276758
1.054176
0.893903
0.889201
0.551701
0.961549
0.962409
0.803536
1.063260
0.774793
0.990670
1.377906
1.122005
0.435609
0.567939
1.161400
1.198238
0.645273
1.046007
0.712573
0.619190
1.126378
0.834744
0.608753
0.757023
1.257805
1.330781
0.845002
0.727498
0.675717
1.456944
1.082532
1.135191
0.705975
0.525850
1.138447
0.956990
0.930386
0.830239
0.463784
1.041286
1.248874
1.233288
0.948164
0.842894
1.079568
1.249989
0.921488
0.697259
0.753338
1.050964
1.348778
0.733261
0.957236
0.595641
0.935055
0.968827
0.949089
0.729152
0.785815
1.151020
1.084403
0.994361
1.033439
0.678726
0.969741
1.034373
0.918166
1.046592
0.717817
1.025680
1.406927
1.170042
0.487303
0.573313
1.076067
1.222460
0.866762
0.973930
0.654345
0.557639
1.150057
0.836637
0.557817
0.728385
1.131303
1.181595
0.944363
0.673002
0.774102
1.514076
1.216464
1.191227
0.847116
0.371122
1.095189
0.851228
0.914439
0.858258
0.437659
1.053616
1.229595
1.072890
0.927890
0.780263
1.084471
1.206671
0.975932
0.756698
0.804445
1.065896
1.348558
0.615325
0.980304
0.622573
1.055266
1.081003
1.097121
0.726591
0.647960
0.995147
1.118925
1.080850
1.090821
0.708003
0.936174
1.037444
1.066053
0.990122
0.684698
1.151275
1.355922
1.075448
0.580382
0.702349
1.036953
1.187537
0.938356
0.927951
0.711651
0.661169
1.252242
0.970857
0.685772
0.737904
1.086376
1.045057
1.028492
0.660422
0.769515
1.424201
1.312127
1.118106
0.938774
0.290096
1.087054
0.802765
0.905141
0.879171
0.505764
1.048598
1.201670
1.028548
0.880461
0.681107
1.074024
1.182226
0.942562
0.874866
0.882314
1.052450
1.253176
0.582042
0.908049
0.605800
1.008522
1.092093
1.176132
0.821103
0.533400
1.094053
1.183151
1.157080
1.099539
0.640270
0.882575
1.001562
1.123153
0.986516
0.667311
1.292483
1.229715
1.073812
0.783349
0.828053
1.021109
1.198566
0.900345
0.987875
0.798091
0.889750
1.307236
1.104653
0.756965
0.725676
1.132589
1.129041
1.068976
0.631595
0.786530
1.305090
1.322812
1.030132
1.017588
0.470271
1.054670
0.809947
0.921145
0.877604
0.578862
1.077524
1.164361
1.093277
0.790689
0.632892
1.057795
1.232188
1.030464
0.921806
0.927010
0.968711
1.185656
0.657160
0.789874
0.583479
0.946988
1.015010
1.258287
0.903350
0.645254
1.194533
1.307382
1.179261
1.136207
0.590333
0.859171
1.136945
0.973584
1.005283
0.483239
1.369189
1.179040
1.094761
1.050889
0.814666
0.919862
1.259372
0.959923
1.096072
0.716782
0.948761
1.291422
1.086233
0.854404
0.664127
1.179281
1.293150
1.117588
0.723548
0.862187
1.242267
1.309881
1.069782
1.084391
0.794877
1.047866
