# G_2, p = 2.0000 GPa (dir_20000.0_bar).
# Isolated-8MR (not in any D8R): 48 rings x 101 frames = 4848 samples.
# Column: per-isolated-8MR Delta [A]
1.904892
1.890227
1.904891
1.890224
1.904899
1.890223
1.904903
1.890225
1.904900
1.890223
1.904895
1.890224
1.904907
1.890224
1.904910
1.890224
1.905098
1.891715
1.905097
1.891710
1.905084
1.891704
1.905081
1.891701
1.905074
1.891696
1.905076
1.891693
1.905081
1.891710
1.905083
1.891710
1.905709
1.891490
1.905709
1.891485
1.905714
1.891488
1.905715
1.891485
1.905709
1.891479
1.905708
1.891477
1.905714
1.891501
1.905711
1.891501
1.892794
1.910056
1.921699
1.938843
1.891060
1.904067
2.052395
1.913630
1.893221
1.923418
1.989104
1.696618
1.841941
1.942485
2.032807
1.806569
1.825276
1.827015
1.764273
1.743887
1.849979
1.998953
2.023790
1.836645
1.846036
1.780657
2.116238
2.007187
1.899363
1.924293
1.796445
1.848212
1.843132
1.917056
1.941397
2.005455
2.008911
1.843904
1.959401
1.877891
1.743131
1.906458
1.954895
1.806024
1.995444
1.852965
1.897135
1.783584
1.780031
1.863527
1.892170
1.917175
1.995208
1.819572
2.066405
1.938976
1.984642
1.961070
2.094517
1.446529
1.696215
1.944926
1.988237
1.694265
1.916651
1.721951
1.787557
1.687093
1.988389
1.975035
2.065598
1.916204
1.830629
1.602458
2.118820
1.985693
1.859571
2.074728
1.643001
1.869140
1.805322
1.890727
1.963468
2.023053
2.186817
1.714822
1.833843
1.884863
1.669365
1.879477
1.836653
1.815964
1.958740
1.895226
1.817760
1.805922
1.715780
1.825716
1.995473
1.917922
1.998526
1.827279
1.974738
1.914130
2.014823
1.934185
2.032649
1.348054
1.582618
1.847331
2.067705
1.721628
2.015189
1.750382
1.918696
1.714919
2.146304
1.992180
2.077316
1.984951
1.829464
1.623993
1.992705
2.061874
1.823786
2.138279
1.657180
1.956736
1.816104
1.972673
2.018184
1.960305
2.133052
1.629212
1.812322
1.929279
1.616362
1.816889
1.856462
1.863294
2.027108
1.909956
1.783065
1.783802
1.739489
1.906956
2.032336
1.973409
1.932076
1.874521
1.966190
1.828638
2.008121
1.905998
2.094889
1.295899
1.647805
1.764026
2.145231
1.753142
1.959583
1.841013
1.946122
1.669735
2.074553
1.967009
2.090716
1.947057
1.873606
1.631423
1.941713
2.190109
1.856489
2.113513
1.695139
1.974354
1.869903
2.143529
1.925964
1.832744
1.981216
1.637269
1.951600
1.981556
1.579010
1.795504
1.990667
1.808494
2.084926
1.910048
1.700028
1.702706
1.756580
1.846232
1.877967
1.943148
1.961993
1.761780
1.965356
1.727838
1.964691
1.889676
2.185282
1.161510
1.585343
1.738143
2.151128
1.771542
1.974727
1.894365
1.988020
1.571379
2.019126
1.985457
2.068046
1.976019
1.923181
1.637369
1.890822
2.234768
1.851557
2.052234
1.759340
2.025654
1.835956
2.197757
1.840678
1.876988
1.920680
1.597391
1.980066
1.881447
1.613153
1.854173
1.912142
1.806274
2.035192
1.796797
1.532390
1.718187
1.746075
1.818404
1.758110
1.921902
2.038690
1.784057
1.939324
1.760171
2.027024
1.927534
2.161255
1.102131
1.405013
1.772855
2.092316
1.801707
2.018194
1.864781
1.977919
1.531107
2.053455
2.098906
2.111446
2.021551
1.918346
1.544503
1.913615
2.262569
1.870659
1.998552
1.889954
1.953230
1.726448
2.187037
1.888808
1.972362
1.920917
1.505055
1.854819
1.773383
1.679876
1.953309
1.821012
1.857110
2.014538
1.797226
1.482997
1.810886
1.681082
1.889570
1.749431
1.845947
1.990917
1.972110
1.901169
1.805573
2.029766
2.025374
2.170689
1.221519
1.386897
1.944537
2.084199
1.879228
2.002420
1.781466
1.845761
1.547365
2.013289
2.196334
2.078747
1.953542
1.954232
1.541739
1.832869
2.284845
1.875760
1.903386
2.015964
1.811251
1.788215
2.179071
2.017790
1.924884
1.836797
1.497540
1.873858
1.738287
1.639400
2.009142
1.795202
1.803197
2.070668
1.788267
1.562836
1.762242
1.706723
1.960574
1.788628
1.885160
2.030147
1.966435
2.020349
1.821616
1.847467
2.140855
2.067276
1.472838
1.419710
1.909253
2.110084
1.901647
1.979051
1.803392
1.745312
1.591035
1.943215
2.122798
2.083071
1.897854
2.018828
1.578355
1.712803
2.241448
1.774552
1.832077
2.016506
1.795566
1.967675
2.157222
2.090340
1.802106
1.804375
1.673810
1.952861
1.814900
1.661890
1.992987
1.717687
1.889496
2.109510
1.744109
1.710260
1.737805
1.629852
1.990537
1.793067
1.914855
1.990461
1.828767
1.969094
1.788512
1.675625
2.119380
1.997591
1.579974
1.405073
1.786295
1.961122
1.772717
2.052899
1.931856
1.739462
1.579622
1.811568
2.006727
1.863881
1.852093
2.007813
1.622634
1.705223
2.204313
1.697353
1.780945
1.880091
1.809258
1.951290
2.090626
1.981405
1.849642
1.853467
1.872079
1.847708
1.847792
1.765765
1.974115
1.632128
1.998678
1.924436
1.681812
1.800587
1.780722
1.496338
2.007483
1.783187
1.857550
1.934895
1.681516
1.783743
1.865338
1.610703
2.011800
2.108215
1.707382
1.433581
1.694282
1.763923
1.716308
1.958671
1.957181
1.800168
1.623850
1.721313
1.981798
1.786022
1.686962
1.940341
1.701066
1.743693
2.194448
1.709472
1.845215
1.825472
1.764500
1.894405
2.025538
1.993668
1.986729
1.966398
1.855689
1.817302
1.803836
1.857276
1.953745
1.811264
2.038789
1.903571
1.674681
1.984074
1.799221
1.532479
2.008295
1.925727
1.721181
1.898355
1.643430
1.750198
1.923335
1.597618
1.952266
2.090656
1.824820
1.465960
1.807997
1.741673
1.790185
1.827490
1.959780
1.738779
1.692308
1.658961
1.980975
1.803013
1.428364
1.931395
1.742066
1.820074
2.156334
1.808680
1.774220
1.913666
1.712597
1.850500
1.980133
1.943846
1.943605
2.026535
1.668445
1.861342
1.714856
1.865918
1.867310
1.944915
1.910668
1.985677
1.726585
1.988796
1.818117
1.651463
1.935148
1.958158
1.647669
1.904450
1.641345
1.740086
1.926697
1.661683
1.969390
1.952345
1.974530
1.506376
1.804916
1.858650
1.798226
1.827570
1.973318
1.711711
1.796064
1.590013
2.037739
1.798598
1.266482
1.920920
1.777941
1.784551
2.035932
1.843703
1.700154
1.939460
1.743639
1.767419
1.895909
1.755750
1.665613
1.943433
1.729317
1.855668
1.634470
1.868204
1.817531
1.873099
1.817292
1.944291
1.883430
1.898393
1.888456
1.702593
1.949194
1.975286
1.615077
1.865544
1.672269
1.675644
1.839077
1.675753
1.898471
1.931702
2.068017
1.566349
1.743670
1.766537
1.776910
1.799079
1.932697
1.840120
1.821157
1.681465
2.029560
1.801340
1.271719
1.801871
1.905909
1.775438
1.934748
1.858000
1.693062
2.009674
1.777291
1.604345
1.717002
1.700786
1.537857
1.877815
1.996545
1.836595
1.558189
1.837100
1.747612
1.680112
1.795728
1.919700
1.833370
1.825593
1.931640
1.712046
1.848802
2.039627
1.563763
1.870922
1.646149
1.632494
1.794598
1.621409
1.819992
2.022991
2.057372
1.750221
1.779906
1.612388
1.800743
1.622575
1.882839
1.921319
1.844645
1.805656
1.932206
1.696554
1.284096
1.623610
2.012986
1.764171
1.826184
1.940437
1.674341
1.980030
1.740805
1.667883
1.592470
1.731861
1.605577
1.709276
2.111218
1.990124
1.442466
1.777365
1.736249
1.635289
1.788219
2.008327
1.760063
1.667415
1.865807
1.791795
1.783102
1.971851
1.597923
1.920396
1.508194
1.663062
1.711125
1.608663
1.664709
2.002955
1.980723
1.853424
1.902723
1.610880
1.810591
1.515369
1.834550
1.908953
1.977708
1.845285
1.858344
1.701397
1.380644
1.579230
1.954172
1.687577
1.793643
1.979881
1.618857
1.828990
1.777111
1.863767
1.525716
1.709930
1.684177
1.687139
1.876227
2.062271
1.414437
1.801977
1.750929
1.662354
1.664830
1.936542
1.716591
1.537056
1.867198
1.806366
1.723848
1.843878
1.753352
2.049102
1.478562
1.607261
1.710318
1.758159
1.530578
2.015415
1.945676
1.880185
1.870500
1.749383
1.899942
1.538314
1.853821
1.910888
2.027944
1.815907
1.899755
1.674352
1.415394
1.601724
1.860921
1.649611
1.702056
1.689708
1.533528
1.754522
1.781701
1.845800
1.594484
1.637885
1.598424
1.624953
1.690319
2.042862
1.439594
1.868122
1.757665
1.678722
1.583695
1.859263
1.673400
1.530945
1.890493
1.796664
1.721263
1.861056
1.776215
2.036447
1.588037
1.516350
1.783878
1.783828
1.497283
1.892694
1.943610
1.959458
1.939822
1.757578
1.956240
1.554710
1.811661
1.915907
1.934021
1.745611
1.907025
1.614591
1.457482
1.661159
1.878187
1.656629
1.557505
1.443050
1.548134
1.572829
1.768150
1.779360
1.633554
1.654386
1.586216
1.594174
1.730549
1.977018
1.649482
1.956910
1.686195
1.800716
1.625992
1.779261
1.695423
1.561694
1.837797
1.735093
1.650077
1.847964
1.815818
1.905376
1.724142
1.550849
1.811755
1.736706
1.537997
1.758564
1.971773
2.082501
2.029846
1.634991
1.775925
1.500683
1.706213
1.879033
1.924527
1.810215
1.908871
1.615448
1.556908
1.646619
1.928574
1.626219
1.478652
1.536642
1.663440
1.545072
1.835651
1.774074
1.635015
1.708467
1.733601
1.635606
1.801904
1.891973
1.829241
1.822060
1.586155
1.863691
1.749625
1.756303
1.645338
1.590392
1.758956
1.738391
1.620378
1.801276
1.796706
1.781801
1.608630
1.708057
1.862643
1.758277
1.619001
1.650539
1.794605
2.153468
1.890892
1.598266
1.543426
1.513566
1.630793
1.817389
1.972742
1.912089
1.786130
1.748594
1.717721
1.689982
1.852769
1.711762
1.408483
1.684388
1.607257
1.589730
1.786313
1.632808
1.551898
1.663416
1.818315
1.736404
1.801028
1.853851
1.802132
1.763284
1.589743
1.796888
1.807490
1.730829
1.596398
1.605319
1.784706
1.743822
1.632949
1.665139
1.816294
1.701670
1.610753
1.728862
1.897469
1.865812
1.652279
1.500530
1.706119
2.016677
1.711632
1.654944
1.511201
1.634858
1.552581
1.813206
1.972827
1.891350
1.666410
1.815973
1.780165
1.828482
1.778614
1.699002
1.434470
1.615921
1.514488
1.583769
1.734331
1.576779
1.508950
1.639892
1.750751
1.736739
1.710150
1.899622
1.815946
1.814750
1.677789
1.820142
1.809496
1.713670
1.619799
1.802424
1.815253
1.734912
1.584502
1.600046
1.779533
1.577899
1.704565
1.703720
1.878462
1.944433
1.578145
1.264280
1.730608
1.929658
1.638669
1.607854
1.612019
1.742059
1.457831
1.844717
1.837948
1.778781
1.517604
1.818553
1.853670
1.884078
1.702936
1.637184
1.423466
1.651233
1.581679
1.522730
1.729088
1.639100
1.436774
1.744546
1.813456
1.684393
1.555984
1.843443
1.848864
1.774282
1.660237
1.841411
1.742584
1.653671
1.621401
1.947009
1.736160
1.758832
1.544000
1.573175
1.682958
1.541514
1.772673
1.724045
1.834335
2.000522
1.491791
1.210383
1.654366
1.892667
1.600246
1.578932
1.696346
1.842182
1.374307
1.899882
1.707746
1.705722
1.431055
1.779286
2.009063
1.917036
1.630651
1.693515
1.455744
1.711387
1.705914
1.640996
1.806896
1.751414
1.422259
1.781296
1.931619
1.668019
1.620262
1.823355
1.867235
1.789224
1.604577
1.835030
1.660025
1.614079
1.630516
1.859269
1.647989
1.770372
1.558448
1.513270
1.618216
1.539167
1.807989
1.654603
1.722307
1.905410
1.423929
1.294115
1.521271
1.803029
1.457785
1.606980
1.708629
1.896767
1.372589
1.855946
1.593531
1.753044
1.382374
1.936928
2.164034
1.904447
1.699202
1.778869
1.564723
1.578280
1.788483
1.761300
1.798205
1.815524
1.513933
1.673265
1.893819
1.607103
1.624223
1.728442
1.834967
1.694934
1.672808
1.748032
1.561010
1.562968
1.661933
1.661299
1.588132
1.844456
1.593285
1.511578
1.748566
1.547262
1.858689
1.630322
1.659266
1.809167
1.475465
1.353739
1.524253
1.874939
1.446260
1.637401
1.649397
1.907331
1.424755
1.626534
1.537129
1.782714
1.351249
1.949413
2.164049
1.850023
1.745010
1.755834
1.654128
1.606067
1.811230
1.789029
1.810416
1.867786
1.640008
1.711560
1.814030
1.505311
1.558080
1.636393
1.948911
1.634656
1.769122
1.820083
1.568822
1.627569
1.772104
1.636858
1.584169
1.911803
1.547645
1.522706
1.786704
1.572681
1.941634
1.772528
1.598405
1.705017
1.608830
1.369552
1.536762
1.980963
1.555903
1.696513
1.584511
1.782896
1.429559
1.547485
1.570961
1.702470
1.247861
1.725790
2.119408
1.816749
1.689632
1.712043
1.574081
1.760367
1.833652
1.762963
1.771340
1.780355
1.686880
1.877452
1.843465
1.471412
1.493847
1.599268
1.990988
1.725693
1.805943
1.819541
1.629283
1.756304
1.806552
1.684532
1.564657
1.925365
1.577154
1.469524
1.789690
1.638256
2.038764
1.917588
1.612494
1.695066
1.608843
1.390685
1.650237
1.898490
1.613595
1.810569
1.610447
1.747101
1.515459
1.586134
1.583603
1.644552
1.270162
1.642929
2.141541
1.617194
1.572785
1.721601
1.533982
1.883807
1.812196
1.702304
1.685038
1.701148
1.767849
1.861474
1.829304
1.591126
1.527899
1.559225
1.884079
1.775747
1.791150
1.621204
1.665496
1.705449
1.856064
1.697947
1.526850
1.929469
1.511843
1.442306
1.755625
1.661719
2.070882
1.887881
1.583698
1.709860
1.617147
1.478316
1.788897
1.719236
1.531210
1.928571
1.743062
1.868545
1.680467
1.515820
1.545173
1.586795
1.301113
1.640939
2.150787
1.548714
1.498207
1.813223
1.575806
1.874818
1.759293
1.653881
1.658919
1.713281
1.787552
1.827037
1.684466
1.672008
1.547683
1.532073
1.822379
1.674507
1.676158
1.570946
1.639074
1.648890
1.914028
1.782024
1.472409
1.995549
1.381923
1.585024
1.697495
1.691465
2.000096
1.847157
1.570122
1.730399
1.786447
1.493490
1.985455
1.592366
1.459630
1.956481
1.761665
1.958167
1.816048
1.524956
1.667572
1.539949
1.326672
1.643812
2.007130
1.687236
1.458532
1.848249
1.651601
1.862194
1.736542
1.720189
1.596498
1.789404
1.745748
1.872165
1.644309
1.671162
1.623069
1.442565
1.903644
1.584020
1.541616
1.661031
1.733365
1.622962
1.919662
1.931374
1.436212
1.929893
1.389054
1.594498
1.711569
1.702874
1.967307
1.888184
1.625232
1.774008
1.938523
1.563739
1.921747
1.523281
1.441606
2.013023
1.714254
1.881027
1.833404
1.518146
1.805186
1.528329
1.288937
1.577323
1.812128
1.678204
1.477512
1.844655
1.670393
1.851967
1.772023
1.815586
1.550182
1.786574
1.651548
1.885073
1.686925
1.725134
1.654154
1.281733
1.899540
1.616587
1.527759
1.694310
1.783935
1.573954
1.812231
1.909498
1.482227
1.775913
1.587150
1.566838
1.738626
1.611639
1.907019
1.915344
1.642798
1.845876
1.921012
1.608239
1.854863
1.512566
1.539734
2.015897
1.725547
1.744315
1.781184
1.576260
1.737346
1.581707
1.356553
1.597275
1.806574
1.625653
1.519313
1.846636
1.668138
1.841807
1.711894
1.798427
1.555686
1.658015
1.566224
1.781612
1.634068
1.882916
1.704505
1.150078
1.839718
1.722736
1.453503
1.716380
1.641594
1.517041
1.894325
1.921937
1.586559
1.786819
1.685393
1.627328
1.698866
1.556294
1.889293
1.871905
1.623298
1.891895
1.897117
1.693808
1.911973
1.575293
1.531482
1.892461
1.774739
1.725512
1.945243
1.539950
1.563096
1.628199
1.389703
1.622601
1.837477
1.723166
1.550752
1.824073
1.770293
1.871268
1.634502
1.794590
1.454925
1.618298
1.661886
1.826776
1.658471
1.935595
1.738933
1.147888
1.821125
1.696333
1.365571
1.784897
1.693700
1.567909
2.017223
1.898661
1.676389
1.840761
1.606126
1.791979
1.579577
1.452684
1.892067
1.821414
1.470467
1.761855
1.952397
1.611023
2.058257
1.625129
1.543788
1.806155
1.765987
1.765052
2.076849
1.524144
1.569280
1.639996
1.401386
1.647913
1.780428
1.870811
1.497926
1.853723
1.875467
1.930682
1.729503
1.839375
1.417340
1.659620
1.657347
1.844807
1.752540
1.955624
1.816280
1.246085
1.804268
1.686454
1.424124
1.840182
1.828484
1.604175
2.035180
1.864404
1.660134
1.900731
1.505175
1.797884
1.661745
1.449776
1.861586
1.842944
1.349484
1.749535
1.973917
1.618183
2.080356
1.600731
1.614836
1.896785
1.733173
1.839908
1.982873
1.626335
1.643669
1.712887
1.536693
1.651121
1.676088
1.815390
1.533997
1.910580
1.833869
1.935710
1.857385
1.901692
1.449466
1.620274
1.567518
1.763021
1.840808
2.022563
1.920924
1.433216
1.748455
1.694731
1.547342
1.928902
1.852896
1.638016
2.007525
1.740735
1.612307
1.937856
1.535397
1.789222
1.689186
1.534847
1.691344
1.966464
1.282135
1.803127
1.843630
1.569146
1.900557
1.524423
1.653199
1.904799
1.694562
1.830286
1.986507
1.644652
1.749627
1.738089
1.756974
1.696103
1.639688
1.741501
1.683290
1.849005
1.810356
1.771856
1.767971
2.000650
1.553174
1.559365
1.569739
1.594781
1.765080
2.039252
1.985996
1.687421
1.697040
1.794235
1.688115
1.922384
1.811919
1.680090
1.953179
1.755662
1.721176
1.926270
1.702194
1.816441
1.671794
1.575151
1.573181
1.985774
1.339777
1.777483
1.758024
1.636224
1.733608
1.582639
1.676725
1.816223
1.656530
1.871668
2.156895
1.621276
1.881322
1.688575
1.938242
1.709815
1.634930
1.866491
1.868222
1.740016
1.833323
1.718079
1.742705
1.948736
1.726670
1.661448
1.688816
1.584351
1.595007
2.034139
1.976426
1.816598
1.797514
1.917062
1.784256
1.978607
1.793939
1.673208
1.888795
1.823351
1.877459
1.817806
1.860688
1.934430
1.540654
1.645927
1.568416
2.034781
1.505748
1.663642
1.695217
1.719554
1.695456
1.703520
1.802407
1.855689
1.639377
1.919782
2.179569
1.633012
1.862493
1.765866
2.081710
1.721975
1.677895
1.871896
2.005070
1.772091
1.790434
1.732682
1.821702
1.949472
1.834395
1.746288
1.895978
1.581526
1.555525
2.157209
1.939655
1.904611
1.957035
1.896589
1.848421
1.910920
1.846240
1.604726
1.803519
1.841071
1.947295
1.624309
1.870145
2.009808
1.516822
1.706968
1.550250
1.997183
1.681338
1.605401
1.666783
1.829412
1.674706
1.811972
1.998693
1.889892
1.638410
1.957682
2.039870
1.716041
1.803001
1.919804
2.139466
1.728076
1.708071
1.750898
2.010348
1.801386
1.766522
1.798335
1.929637
1.914345
1.923843
1.753530
2.040672
1.521563
1.607401
2.068252
1.848259
1.963483
2.023598
1.860774
1.895546
1.884535
1.807257
1.692391
1.685140
1.852260
2.012028
1.558102
1.890842
2.068613
1.623245
1.715506
1.542062
2.009865
1.879556
1.656569
1.756438
2.011533
1.597774
2.076852
2.108061
1.886401
1.662164
1.921471
1.858766
1.901741
1.927838
1.942645
2.170611
1.802507
1.763212
1.745569
2.068905
1.758053
1.752757
1.922895
1.977914
1.936838
1.927380
1.767637
1.962372
1.654486
1.761628
1.921799
1.765882
2.004631
1.972068
1.930300
1.918562
1.961377
1.767788
1.791404
1.638423
1.890026
2.056058
1.701193
2.004861
2.152949
1.738251
1.818339
1.487974
1.967455
2.032220
1.595541
1.792504
2.159414
1.500479
2.091113
2.015461
1.866922
1.623892
1.798849
1.864883
2.001729
2.038997
1.904644
2.056290
1.921405
1.629336
1.795123
2.195681
1.709200
1.757749
2.006232
1.870432
1.901402
1.887713
1.837228
1.954907
1.765623
1.802275
1.826630
1.738122
2.080978
1.846116
1.977389
1.900278
1.939235
1.798746
1.838716
1.652391
1.999590
2.056452
1.811824
2.133742
2.023296
1.841103
1.976004
1.616811
1.880929
2.056752
1.607596
1.680851
2.169966
1.524560
2.010697
2.069963
1.887215
1.663752
1.687855
1.734189
2.038748
1.958954
1.916128
2.005585
2.069045
1.633751
1.829836
2.241011
1.802827
1.780568
2.013918
1.829903
1.892620
1.833305
1.874894
2.067213
1.609498
1.878777
1.730756
1.645983
2.245770
1.779373
2.040822
1.897245
1.892503
1.784452
1.918855
1.639709
1.976722
2.032044
1.752076
2.117053
2.031618
1.915471
2.056051
1.784068
1.790515
2.043889
1.736616
1.641077
2.166800
1.643905
2.006287
2.151378
1.790790
1.732909
1.685504
1.620353
2.017225
1.880094
1.946755
2.014125
2.125019
1.541622
1.835702
2.059434
1.922196
1.796603
2.041290
1.866677
1.801657
1.879191
1.857572
2.150261
1.529180
2.097988
1.729142
1.640005
2.102962
1.763477
1.921449
1.972460
1.850636
1.743698
1.942113
1.629228
1.882139
1.825018
1.701759
2.023941
2.084733
1.983208
2.062921
1.854014
1.841054
2.135799
1.872434
1.742089
2.231500
1.665010
2.107460
2.153767
1.725494
1.804193
1.805873
1.583803
2.048049
1.883475
2.060723
1.993086
2.135150
1.536919
1.834890
2.006035
1.847290
1.782214
1.988729
1.864902
1.739035
1.992788
1.795256
2.151175
1.733028
2.138025
1.745430
1.687781
2.108002
1.776287
1.831649
2.122801
1.736353
1.730469
2.069593
1.599471
1.826366
1.770200
1.720035
2.053873
2.063745
1.973577
2.149207
1.886550
1.896464
2.239803
1.898602
1.944756
2.290563
1.606950
2.077076
2.072484
1.756098
1.862891
1.832669
1.530890
2.132918
1.886623
2.100721
2.013618
2.107713
1.653889
1.862334
1.956611
1.773814
1.741193
1.861129
1.778643
1.717457
2.005299
1.820342
2.028156
1.926433
2.070035
1.756032
1.800159
2.150323
1.702625
1.857778
2.211346
1.603957
1.713787
2.157873
1.631124
1.825765
1.896272
1.773481
2.083608
1.907039
1.991476
2.275465
1.913803
1.911418
2.177133
2.002976
1.887000
2.236989
1.544008
1.953629
1.949293
1.703064
1.907283
1.902641
1.526154
2.019841
1.824925
2.082212
2.024507
2.046127
1.690308
1.806204
1.883033
1.852417
1.917148
1.740190
1.772617
1.731438
1.950526
1.937487
1.864770
1.971389
2.084801
1.716064
1.847955
2.078404
1.590468
1.808307
2.108164
1.680573
1.746282
2.115229
1.614841
1.826287
1.946927
1.754639
2.094863
1.799236
1.937182
2.255373
1.828073
1.935938
2.125775
2.169181
1.845336
2.174360
1.636122
1.804510
1.926946
1.659346
2.033931
1.862512
1.636290
1.914353
1.728700
2.044066
1.947620
2.033076
1.623994
1.836155
1.927944
1.859658
2.136568
1.676884
1.893977
1.743105
2.006634
1.990358
1.876035
2.000186
2.049817
1.775298
1.869683
1.939313
1.642981
1.789106
2.011283
1.886963
1.796524
2.022065
1.623468
1.837618
1.930505
1.679302
2.046717
1.701244
1.900528
2.128622
1.859658
1.781144
2.136984
2.240891
1.836968
2.110827
1.868186
1.715138
1.922004
1.801999
2.113511
1.886892
1.838328
1.948534
1.774277
2.013047
2.055352
2.014497
1.694803
1.917286
2.046606
1.878510
2.139342
1.724314
1.955748
1.852308
2.126027
1.908961
1.856682
2.094638
1.902087
1.830527
1.882148
1.862422
1.693830
1.739978
1.956274
1.923104
1.833254
1.991634
1.691224
1.802166
1.867602
1.697356
1.982814
1.724222
1.979095
2.066630
1.894404
1.681174
1.939607
2.207555
1.813773
1.952841
2.025650
1.721528
1.897222
1.957388
2.049877
1.915766
1.848714
2.044285
1.902705
1.924379
2.167403
1.922536
1.879811
1.998770
1.970053
1.927186
2.102337
1.738664
1.825417
1.931495
1.989111
1.821221
1.797893
2.161059
1.939096
1.849623
1.847043
1.932788
1.719658
1.685539
1.949179
1.882265
1.870338
2.035465
1.878760
1.796065
1.776751
1.830926
1.872047
1.778579
2.088927
2.129117
1.873315
1.733761
1.821650
2.210852
1.900102
1.823643
1.960221
1.635721
1.883738
1.937240
1.906781
1.864405
1.755827
2.058181
1.937558
1.848216
2.121412
1.927870
1.854756
2.059483
1.805936
1.802401
2.180978
1.641158
1.840935
1.843990
1.878229
1.798436
1.796351
2.118660
1.923066
1.842296
1.863332
1.923268
1.723137
1.630653
1.924349
1.861899
1.899417
2.076497
1.954601
1.845180
1.696219
1.858133
1.760957
1.874376
2.028168
2.122657
1.883968
1.676270
1.833341
2.098483
1.965332
1.764371
1.929150
1.609524
1.804100
1.974698
1.872092
1.876816
1.844609
2.080989
1.884741
1.868228
2.075985
1.994505
1.799763
1.974428
1.745913
1.700833
2.217308
1.637189
1.921557
1.943227
1.896617
1.916742
1.801197
2.114145
1.855863
1.928547
1.888478
1.995600
1.780012
1.700069
1.910514
1.955849
1.898976
2.109176
2.079815
1.831003
1.698245
1.828770
1.683578
1.803667
1.993584
2.144802
1.871469
1.478008
1.775898
2.049983
1.903003
1.788792
1.974380
1.692248
1.729454
2.107153
1.948353
1.959917
1.944977
2.009583
1.887248
1.890482
2.081790
2.102220
1.948016
1.865505
1.734985
1.684300
2.047302
1.850086
1.986123
1.946181
1.893504
1.896576
1.744316
1.979061
1.728633
1.963319
1.977417
2.075129
1.823703
1.729292
1.911035
1.920115
1.954164
2.178597
2.129503
1.703666
1.869617
1.823118
1.654235
1.766240
2.093521
2.151706
1.912688
1.395364
1.650750
2.104528
1.961812
1.801801
1.973335
1.714456
1.635171
2.068374
2.016014
1.870039
1.981859
2.005635
1.968230
1.901161
2.058550
1.995259
2.106585
1.923584
1.604109
1.795176
2.035213
1.968435
1.997212
1.994114
1.833827
1.771421
1.755910
1.888044
1.708695
1.920438
2.078086
2.004961
1.856295
1.759039
1.776143
1.895450
2.015785
2.141920
2.113697
1.618858
1.962490
1.830564
1.571110
1.847674
2.147271
2.183991
1.969929
1.517224
1.691904
2.009834
2.074103
1.698225
1.916539
1.738048
1.762122
1.957298
1.957958
1.787913
2.029985
2.002019
2.007662
1.852215
1.897785
1.917458
1.984537
1.936249
1.447574
1.776469
2.090990
1.875505
1.897915
1.959605
1.717997
1.775798
1.772666
1.955476
1.757290
1.851215
2.049115
1.840156
1.818118
1.772337
1.660689
1.969340
2.029262
2.105604
2.012866
1.632963
1.822232
1.954291
1.563599
1.904458
2.085413
2.255993
2.043348
1.757926
1.773360
1.951144
2.056092
1.624602
2.026090
1.753829
1.871338
1.946887
1.885929
1.824101
2.009851
2.033872
1.952729
1.890088
1.643154
1.873049
1.908750
1.906606
1.338930
1.720239
2.108134
1.829961
1.847317
1.956002
1.659838
1.933362
1.850803
1.905960
1.781529
1.835333
1.849874
1.878089
1.845528
1.822528
1.711488
1.904728
2.003933
2.021412
2.053249
1.639410
1.711282
1.919275
1.651072
1.917982
1.939356
2.130559
2.022176
1.731174
1.760884
1.866083
2.014577
1.662858
2.150237
1.896626
1.874575
1.988942
1.880775
1.833569
1.929632
1.898383
1.931339
1.875667
1.625615
1.820418
1.970501
1.956074
1.298915
1.780893
2.052911
1.967327
1.884128
1.896509
1.651594
1.969778
1.875368
1.811034
1.853262
1.828678
1.721542
1.924763
1.929686
1.924956
1.804274
1.835685
1.895023
1.865502
2.100327
1.751946
1.796680
1.958482
1.709060
1.951301
1.847021
1.935597
1.952839
1.776534
1.673672
1.841739
1.994597
1.731628
2.054097
2.042126
1.845837
1.973943
1.857604
1.797352
1.772697
1.761649
1.968665
1.803532
1.573160
1.827028
1.948336
2.058204
1.384608
1.877952
1.877041
2.061938
1.891055
1.958846
1.723362
1.865062
1.780057
1.801101
1.980428
1.878257
1.754243
1.735188
2.038552
1.990478
1.759655
2.015466
1.757624
1.739169
2.049074
1.707366
1.829932
1.990751
1.723349
1.926091
1.710200
1.906406
1.923228
1.901765
1.842263
1.881620
1.940761
1.707370
1.981635
1.944579
1.831050
1.860212
1.735139
1.842803
1.651319
1.757119
2.010114
1.825214
1.481123
1.907851
1.856412
2.035222
1.569272
1.848517
1.765259
2.057343
1.832363
1.961290
1.861097
1.913216
1.804618
1.906563
1.998310
1.949593
1.855653
1.672238
2.007404
2.096086
1.708654
2.025325
1.809626
1.579518
1.915796
1.612249
1.750526
1.969407
1.734589
1.885009
1.638918
1.917873
1.879241
1.962839
1.974016
1.880136
1.825233
1.702983
1.985815
1.822311
1.741852
1.742186
1.649189
1.810389
1.665513
1.893556
2.006162
1.847986
1.430908
1.922114
1.857699
1.929793
1.603315
1.797108
1.758056
1.961224
1.801842
1.859056
1.928364
1.988284
1.856285
1.954244
1.970643
1.814998
1.846241
1.597296
1.885189
2.142488
1.740865
1.905541
1.868120
1.578239
1.725789
1.639749
1.772901
1.962060
1.750457
1.887695
1.646849
1.819479
1.778007
2.026017
1.865974
1.679473
1.744082
1.771317
1.925117
1.881651
1.742910
1.741067
1.638064
1.777579
1.704760
1.872647
1.911424
1.743726
1.444402
1.862482
1.926321
1.883251
1.621725
1.775396
1.727603
2.032656
1.814981
1.808839
1.898217
1.959793
1.894991
1.850140
1.919027
1.750239
1.738836
1.646504
1.862624
2.133263
1.708269
1.842514
1.797145
1.610727
1.698077
1.778343
1.835619
2.002883
1.733548
1.822438
1.695084
1.716453
1.713194
2.038864
1.795107
1.475675
1.653739
1.810362
1.761808
1.926670
1.727470
1.708649
1.598463
1.695576
1.799720
1.874766
1.817852
1.713658
1.492662
1.726731
1.819164
1.813440
1.820014
1.818403
1.654983
1.904194
1.760547
1.753058
1.928363
1.916501
1.996411
1.828637
1.878915
1.814010
1.707038
1.764176
1.911601
2.080491
1.770211
1.893914
1.741025
1.644111
1.823444
1.896010
1.859958
1.906934
1.786927
1.744804
1.689092
1.693440
1.786745
1.907990
1.830024
1.478469
1.676511
1.796692
1.621655
1.864412
1.563475
1.777361
1.642486
1.744739
1.793119
1.864246
1.763696
1.783524
1.541330
1.660850
1.763577
1.752079
2.070022
1.828890
1.606169
1.816897
1.601765
1.730747
1.985718
1.886491
1.943687
1.875146
1.802046
1.749732
1.769049
1.872754
1.872950
2.002406
1.799743
1.738442
1.768110
1.783490
1.772980
1.841941
1.852806
1.928617
1.854313
1.766868
1.711947
1.535243
1.773186
1.901809
1.776540
1.609206
1.732082
1.819740
1.601135
1.840032
1.552882
1.740017
1.740233
1.880266
1.757371
1.851877
1.690751
1.859606
1.590833
1.739308
1.783390
1.723094
2.062820
1.783117
1.569004
1.690624
1.692282
1.715088
1.988601
2.004428
1.756064
1.714091
1.831256
1.691049
1.878684
1.830743
1.809304
1.826395
1.775704
1.703122
1.804299
1.804904
1.621699
1.899196
1.821678
1.894440
1.888415
1.679166
1.624090
1.349012
1.688963
1.924044
1.680714
1.594938
1.729568
1.734613
1.496177
1.838600
1.631798
1.760965
1.703026
1.841126
1.784486
1.754402
1.634475
1.795807
1.641186
1.691136
1.760918
1.758019
2.033028
1.842912
1.560561
1.695028
1.777213
1.721732
1.952679
2.006809
1.529800
1.560015
1.782702
1.736277
1.897177
1.784161
1.741291
1.691168
1.718479
1.734960
1.786728
1.678744
1.577051
1.960294
1.723732
1.776612
1.859492
1.577666
1.595779
1.327987
1.631641
1.854608
1.774967
1.661501
1.679846
1.741290
1.541077
1.909488
1.654718
1.710223
1.746802
1.833698
1.830010
1.749958
1.646903
1.787473
1.638534
1.679170
1.729754
1.740804
2.149997
1.880053
1.547756
1.748530
1.833605
1.708085
1.819925
1.855244
1.434200
1.621366
1.697853
1.887891
1.942682
1.672817
1.644121
1.520215
1.734826
1.828645
1.766276
1.633469
1.600764
1.907087
1.683366
1.645308
1.829764
1.541569
1.546550
1.414001
1.678043
1.846439
1.818009
1.724264
1.597063
1.777659
1.616087
1.988026
1.559522
1.639292
1.743897
1.846122
1.833323
1.692651
1.640731
1.964166
1.717497
1.671285
1.748638
1.662525
2.211404
1.835707
1.528191
1.762803
1.811043
1.527546
1.629216
1.697366
1.471820
1.631705
1.659603
1.863345
1.900472
1.527001
1.637753
1.449901
1.676074
1.810406
1.797201
1.600750
1.566541
1.874179
1.698663
1.598695
1.802706
1.610168
1.526383
1.372102
1.695743
1.977740
1.907483
1.723741
1.625031
1.823221
1.669835
1.974829
1.542917
1.567199
1.714835
1.767412
1.843407
1.626729
1.626953
1.956940
1.815629
1.689835
1.814832
1.606459
2.205033
1.864198
1.537367
1.761872
1.698629
1.461703
1.563432
1.532644
1.542338
1.551515
1.687718
1.853233
1.894203
1.485514
1.640173
1.440392
1.542880
1.722242
1.796061
1.569164
1.677415
1.974642
1.785010
1.610664
1.822336
1.662335
1.599321
1.339913
1.772566
2.079013
1.819758
1.668273
1.585904
1.845227
1.681256
1.964146
1.684807
1.588666
1.675568
1.790113
1.767150
1.588778
1.643133
1.778312
1.819335
1.706419
1.834136
1.555527
2.078964
1.913817
1.506323
1.665920
1.568853
1.627407
1.486232
1.561028
1.561860
1.548660
1.630096
1.894391
1.735457
1.497802
1.636181
1.540149
1.379311
1.712908
1.729266
1.600541
1.733203
1.890942
1.803343
1.688201
1.830369
1.853490
1.639116
1.468436
1.761729
2.040844
1.673270
1.793646
1.624415
2.020477
1.704109
1.950249
1.859057
1.617130
1.661060
1.856523
1.744032
1.615985
1.609128
1.721813
1.830982
1.789516
1.731030
1.601070
1.910046
1.921041
1.524504
1.647864
1.588989
1.788507
1.424342
1.693862
1.549869
1.568307
1.591051
1.786990
1.604430
1.498369
1.520492
1.655467
1.406289
1.678503
1.689857
1.593304
1.708498
1.864231
1.808984
1.671827
1.737877
1.952147
1.720383
1.543344
1.732438
1.987251
1.426367
1.842728
1.746856
2.002658
1.597840
1.770261
1.873369
1.578218
1.761870
1.867065
1.867715
1.655606
1.504709
1.700941
1.880996
1.721851
1.703805
1.666066
1.744205
1.864615
1.568556
1.747311
1.700496
1.912975
1.420708
1.678245
1.494754
1.574099
1.532352
1.639589
1.570890
1.517235
1.459384
1.660776
1.612435
1.655510
1.612247
1.614536
1.675527
1.913666
1.816076
1.739712
1.725910
1.864840
1.783940
1.453776
1.653521
1.872157
1.383732
1.710696
1.741262
1.817439
1.569789
1.684060
1.871593
1.612559
1.751764
1.848054
1.965199
1.572099
1.480001
1.645233
1.970097
1.650213
1.714274
1.737505
1.619548
1.826340
1.589407
1.750053
1.812727
1.936452
1.460561
1.542460
1.689050
1.607560
1.486174
1.660939
1.576157
1.504940
1.491559
1.667951
1.755841
1.640100
1.628026
1.521928
1.725023
1.986485
1.712216
1.871848
1.747674
1.672135
1.756004
1.428307
1.663248
1.840740
1.435660
1.570269
1.761913
1.712296
1.677007
1.633248
1.762626
1.716989
1.685220
1.873876
1.880336
1.437604
1.534318
1.610970
2.002881
1.702054
1.725721
1.675992
1.607294
1.859607
1.696326
1.724410
1.846210
1.905017
1.435388
1.580946
1.809539
1.715164
1.430933
1.739642
1.520406
1.609447
1.572956
1.767668
1.768399
1.619581
1.584343
1.554761
1.836607
1.882639
1.620889
1.964012
1.716296
1.744963
1.696568
1.507127
1.645041
1.781549
1.399742
1.545376
1.761757
1.710102
1.767602
1.594588
1.731680
1.759215
1.740969
1.845871
1.807814
1.475642
1.506093
1.728234
2.013445
1.744905
1.826605
1.577788
1.571612
1.860997
1.830165
1.771295
1.865705
1.881467
1.515943
1.578720
1.817998
1.792556
1.446621
1.756492
1.561619
1.706787
1.729731
1.763010
1.711342
1.719056
1.610074
1.664622
1.842491
1.820455
1.569011
1.931653
1.670669
1.932598
1.637265
1.613512
1.619675
1.712971
1.385185
1.539339
1.751355
1.698532
1.644059
1.486455
1.758220
1.881671
1.823593
1.928400
1.854589
1.594764
1.430375
1.769585
1.879273
1.803064
1.878457
1.602352
1.532587
1.911045
1.851769
1.792148
1.763024
1.978239
1.567036
1.626811
1.808000
1.730196
1.491058
1.843438
1.583992
1.694677
1.801040
1.702015
1.724873
1.826232
1.735213
1.688874
1.797258
1.903685
1.575083
1.957370
1.686301
1.910305
1.739836
1.735404
1.655239
1.706899
1.525082
1.651227
1.702536
1.694272
1.538961
1.465974
1.790279
2.026883
1.799117
1.859762
1.830140
1.495759
1.500709
1.739412
1.726655
1.855144
1.933138
1.712102
1.588974
1.978239
1.787653
1.824230
1.703759
2.009122
1.570632
1.662537
1.879894
1.668478
1.511850
1.793375
1.527734
1.694346
1.824064
1.687917
1.738149
1.691923
1.741250
1.719352
1.764439
1.900781
1.609774
1.991144
1.632323
1.850518
1.871269
1.852571
1.750534
1.662105
1.592263
1.867110
1.780290
1.649015
1.623284
1.498902
1.799935
2.077500
1.774168
1.759024
1.790147
1.374481
1.769016
1.626820
1.735750
1.832327
1.943277
1.726809
1.589950
1.803845
1.837601
1.825524
1.784707
1.981276
1.550576
1.637254
1.893548
1.764590
1.656281
1.748610
1.549214
1.776962
1.760094
1.733471
1.732970
1.668067
1.597596
1.757913
1.728584
1.769902
1.645779
1.937068
1.604304
1.892393
1.786241
1.933579
1.812696
1.635216
1.573201
2.014191
1.831658
1.613528
1.740145
1.536617
1.814404
2.077024
1.805969
1.662232
1.798826
1.548245
1.835722
1.546592
1.706325
1.736645
1.942296
1.859376
1.568905
1.566304
1.857230
1.833235
1.919602
1.891227
1.589459
1.551346
1.959915
1.857039
1.802115
1.671207
1.651090
1.927660
1.683629
1.659717
1.754206
1.761708
1.550038
1.698588
1.834813
1.656008
1.586000
1.879640
1.633057
1.898289
1.635044
2.028037
1.771270
1.648837
1.577748
1.989608
1.743866
1.520394
1.745873
1.536344
1.794297
2.038470
1.811540
1.628260
1.883734
1.728571
1.767160
1.521716
1.633921
1.530354
1.808091
1.813919
1.579557
1.570649
1.852689
1.861829
1.944910
1.856014
1.716416
1.602063
1.940324
1.870626
1.863951
1.711654
1.776843
2.014566
1.574366
1.686495
1.731802
1.774759
1.656490
1.747017
1.948622
1.720961
1.528659
1.905261
1.703939
1.785025
1.710432
2.214356
1.778746
1.686802
1.700006
1.979208
1.684775
1.476751
1.708977
1.540140
1.790258
2.031410
1.873418
1.684449
1.803889
1.721988
1.720906
1.589559
1.557229
1.454775
1.746470
1.787851
1.532281
1.786297
1.833625
1.870170
1.932120
1.850702
1.823416
1.633842
1.881916
1.913961
1.812947
1.703063
1.734840
2.000829
1.643165
1.790001
1.627881
1.798379
1.729907
1.807935
1.847567
1.683334
1.505849
1.893378
1.771126
1.665579
1.877391
2.210309
1.875848
1.614379
1.805383
2.056403
1.717562
1.534236
1.768635
1.558753
1.859071
1.907397
1.815680
1.709379
1.688025
1.707359
1.750187
1.687244
1.472884
1.581674
1.638796
1.857576
1.523461
1.826947
1.781794
1.847501
1.938291
1.861534
1.894065
1.643909
1.725896
1.943343
1.763146
1.718201
1.605669
1.973579
1.800794
1.766438
1.625832
1.863114
1.769763
1.818385
1.729358
1.673923
1.557660
1.824576
1.827337
1.663664
1.975563
2.167918
1.944398
1.645246
1.913744
2.036453
1.698120
1.741434
1.822006
1.626749
2.012646
1.669219
1.814939
1.705601
1.681362
1.845213
1.804247
1.724338
1.496657
1.635857
1.618619
1.956759
1.574527
1.826558
1.811954
1.851034
1.901951
1.836216
1.972149
1.628337
1.736399
1.877068
1.908793
1.789120
1.718072
1.947131
1.852378
1.725616
1.669415
1.910642
1.724112
1.904507
1.767505
1.712735
1.638093
1.652839
1.784362
1.661681
1.920817
2.130078
1.841143
1.680990
2.032156
1.898945
1.681581
1.832057
1.793333
1.714818
1.957151
1.498873
1.827047
1.705664
1.642064
1.887006
1.831272
1.692459
1.590509
1.669749
1.585367
1.876646
1.710087
1.670704
1.767586
1.748853
1.814967
1.897587
1.972091
1.630388
1.828456
1.844020
2.099403
1.832634
1.778850
1.985329
1.808327
1.833878
1.823589
1.788456
1.684358
2.043624
1.851942
1.742967
1.703538
1.630533
1.844824
1.722135
1.891136
2.121004
1.707365
1.677999
2.079964
1.855280
1.725829
1.874730
1.597925
1.822261
1.895060
1.595917
1.771426
1.768997
1.546382
1.946766
1.876132
1.792179
1.688609
1.785183
1.634042
1.763150
1.749128
1.529008
1.776096
1.762853
1.859153
1.908688
1.954218
1.750168
1.805130
1.906275
2.166793
1.755652
1.895990
2.041031
1.921536
1.778217
2.005815
1.758803
1.690068
2.107213
1.860377
1.671271
1.798106
1.567748
1.740109
1.775383
1.848734
2.149290
1.679152
1.598319
2.038965
1.956737
1.715952
1.898595
1.584631
1.834848
1.847549
1.745229
1.715354
1.747693
1.449111
2.120758
1.942866
1.889582
1.762494
1.886503
1.623092
1.749344
1.765050
1.597935
1.820131
1.849216
1.880295
1.761246
1.922352
1.755461
1.767484
1.972456
2.118667
1.791738
1.941072
2.118532
2.068690
1.705290
2.004281
1.825156
1.835216
2.053528
1.759314
1.723185
1.850644
1.577464
1.690216
1.825551
1.845383
2.132606
1.705033
1.656323
1.949638
2.013426
1.672141
1.997316
1.812176
1.880911
1.822483
1.762952
1.817154
1.815185
1.467740
2.213083
2.049192
2.030105
1.824777
2.062647
1.675063
1.804509
1.936503
1.684068
1.841669
1.837891
1.734375
1.702118
2.003697
1.776127
1.791507
1.951111
2.149599
1.845081
1.952750
2.112434
1.957541
1.785950
1.838096
1.886179
2.035473
2.021741
1.763794
1.707639
1.859814
1.592873
1.812676
1.857720
1.931954
2.149214
1.758211
1.652675
1.921648
2.030194
1.743849
2.019435
1.913363
1.978024
1.750069
1.784034
1.864772
1.802701
1.469606
2.159015
2.039058
2.094444
1.948070
2.150407
1.690029
1.907385
1.975002
1.615291
1.853633
1.826627
1.593036
1.731376
2.098079
1.900533
1.848108
1.836781
2.101516
1.734451
1.915431
2.050091
1.782578
1.913120
1.799586
1.676784
2.071168
2.077813
1.840906
1.713408
1.893251
1.580064
1.959662
1.889739
1.845921
2.144938
1.814751
1.662788
1.998784
2.005619
1.905408
2.012017
1.852706
1.958873
1.740767
1.900895
1.805712
1.743250
1.402756
2.219438
2.086795
2.047253
1.979512
2.215666
1.714995
1.982764
1.817829
1.564402
1.810532
1.859179
1.589356
1.729652
2.040363
1.958278
1.757300
1.756294
2.045104
1.744182
1.995096
2.050936
1.772855
1.968296
1.946567
1.694829
1.985463
2.070761
1.910701
1.722325
1.993765
1.645563
2.045779
1.968508
1.849890
2.157205
1.840864
1.646788
1.969761
2.008676
1.926096
1.940130
1.914512
1.958117
1.811132
1.903359
1.714425
1.770567
1.473453
2.108474
1.993741
2.089077
1.991227
2.221777
1.828697
1.928767
1.904582
1.646649
1.822839
1.818038
1.620464
1.705664
1.980014
2.054097
1.811381
1.804131
1.945850
1.864147
2.034045
2.070363
1.862885
1.964059
2.065658
1.775130
1.954804
2.081385
1.845955
1.692661
2.167948
1.738188
1.992818
1.890670
1.940469
2.158355
1.848742
1.683738
1.920301
1.819487
1.976721
1.977561
2.043467
2.049406
1.815975
1.886873
1.807606
1.790656
1.608362
2.018120
1.946761
2.132051
2.073895
2.073174
1.837944
1.919401
2.008198
1.809827
1.894940
1.733682
1.663394
1.748841
1.955711
2.099721
1.779783
1.842387
1.940109
1.882946
1.880595
1.938360
1.773393
1.963198
2.116224
1.750198
1.898600
2.157700
1.782467
1.739204
2.115361
1.781474
1.904464
1.778824
1.997545
2.107028
1.844148
1.812167
1.907549
1.798982
1.977893
2.102069
2.094221
2.168801
1.748957
1.987771
1.988883
1.731792
1.734229
2.131496
1.862268
2.166249
2.198087
1.991765
1.732247
2.069290
1.930008
1.808618
1.923457
1.683146
1.714188
1.859363
1.990896
2.146212
1.733020
1.884044
1.890276
1.789939
1.899540
1.829115
1.720632
2.018379
2.199835
1.866514
1.851548
2.161112
1.840793
1.843377
2.144020
1.791417
1.966696
1.810219
1.869711
1.978640
1.822447
1.891073
1.932984
1.856509
1.930364
2.168539
2.050808
2.120722
1.752999
2.064497
2.082258
1.751882
1.867382
2.104321
1.890474
2.090715
2.166687
2.002383
1.634059
2.136517
1.808677
1.843673
1.897640
1.779475
1.737919
1.882580
1.889232
2.195841
1.745300
1.918988
1.809697
1.734491
2.010322
1.749273
1.680091
1.984306
2.130980
2.043101
1.804977
1.962159
1.850170
1.937122
2.219912
1.928121
1.892839
2.013461
1.891231
1.951085
1.863272
1.870112
1.933543
1.827866
1.939828
2.199035
2.077747
2.027505
1.799165
2.017474
2.108058
1.833804
2.062445
1.961148
1.936766
2.041018
2.109967
2.078339
1.685369
2.054472
1.830557
2.076084
1.970840
1.891679
1.705400
1.876253
1.857968
2.227038
1.908817
2.016406
1.787201
1.837172
2.006160
1.716893
1.751470
1.857860
1.974043
2.063958
1.926910
1.883484
1.799360
1.871719
2.171138
2.137030
1.822578
2.065922
1.895444
1.961062
1.938558
1.914766
1.924931
1.779069
2.024580
2.229029
2.062902
2.035486
1.813579
2.010704
2.028349
1.850057
2.134638
1.949278
1.891758
2.028662
2.024266
2.094587
1.765564
1.980822
1.896231
2.142060
2.020529
1.920016
1.763307
1.891783
1.963031
2.057631
1.940170
2.080942
1.797890
1.999852
1.946080
1.676829
1.878035
1.772000
1.869311
2.169024
1.995873
1.900983
1.863570
1.825666
2.040517
2.200850
1.869287
2.049612
1.850631
1.929068
1.944642
1.976980
1.938783
1.776468
2.021953
2.095414
2.039978
2.010498
1.816718
1.983492
1.953591
1.864938
2.077850
2.044119
1.815834
2.019591
2.077326
2.023286
1.807388
2.014054
1.794301
2.112080
2.077777
1.863911
1.851606
1.867257
1.878168
2.007939
1.909315
1.950544
1.781677
2.077951
1.898588
1.572341
2.005427
1.730016
1.863870
2.196117
1.968922
1.759635
1.936522
1.903263
1.986312
2.143051
1.955324
2.024896
1.832167
1.806495
1.896265
2.024226
1.878319
1.796198
2.014506
1.833051
1.985242
1.880489
1.795211
1.889896
1.986341
1.922728
2.145718
2.062346
1.838027
1.985504
2.086202
1.992835
1.841084
2.036450
1.765508
2.131406
2.099638
1.925998
1.923145
1.762600
1.805384
1.990212
1.975935
1.934661
1.818812
2.010470
1.902053
1.589776
2.029421
1.801734
1.927721
2.205806
1.905392
1.728984
1.980356
1.948252
1.955859
2.112757
1.872374
1.939099
1.826254
1.758047
1.950068
2.125249
1.825741
1.754021
2.061475
1.625150
1.874097
1.821931
1.771540
1.838300
1.995688
2.067079
2.238148
1.922172
1.782853
2.013312
1.909975
2.047968
1.909729
1.992189
1.886572
2.162653
2.142543
1.947391
2.007432
1.874882
1.834969
1.979405
2.059405
1.937205
1.791762
2.027572
1.932662
1.730403
1.907043
1.841198
1.851778
2.195063
1.889071
1.785286
1.963227
1.882983
1.831530
2.136879
1.818011
1.918101
1.778029
1.703420
1.959622
2.081002
1.822643
1.696030
2.017581
1.570880
1.871167
1.752779
1.726808
1.885582
1.924234
2.167895
2.223326
1.905944
1.787612
1.935645
1.754531
1.964114
2.003992
2.009226
1.945213
2.153774
2.028667
1.908524
2.049531
1.954453
1.857108
1.825408
2.041279
1.870285
1.744763
1.995346
1.975426
1.832140
1.920838
1.837004
1.719705
2.161109
1.914573
1.877881
1.911699
1.826017
1.669023
2.009750
1.757428
1.971668
1.672908
1.670283
1.893342
2.054206
1.727991
1.725885
2.044135
1.656035
1.766807
1.684069
1.721937
1.808563
1.811511
2.214521
2.117071
1.824616
1.805254
1.824111
1.629303
1.831272
2.061320
1.940579
1.854847
2.140265
1.904699
1.884076
2.096649
1.950335
1.858683
1.807866
2.005738
1.770351
1.734214
1.963814
1.980567
1.920726
2.017714
1.848214
1.651542
2.120441
1.894919
1.952565
1.891336
1.949237
1.709700
1.931512
1.809467
1.991967
1.624636
1.620959
1.946588
2.041069
1.605656
1.839630
2.060950
1.773791
1.769541
1.759436
1.843608
1.750994
1.863780
2.218839
2.013619
1.683828
1.669023
1.744009
1.581363
1.869438
2.031097
1.750574
1.833697
2.075357
1.796486
1.894482
2.111979
2.035946
1.932397
1.847479
2.009777
1.846907
1.709891
1.908372
1.846557
1.973523
2.047279
1.894625
1.695092
1.946240
2.031507
1.914131
1.821004
2.082896
1.813668
1.999373
1.884371
1.989539
1.693258
1.521453
2.061844
2.108662
1.656866
1.858545
2.018497
1.861891
1.825600
1.812582
1.946908
1.749120
1.983802
2.160822
2.058287
1.606003
1.528606
1.697763
1.563430
1.885355
1.952240
1.623432
1.979148
1.953238
1.819625
1.875950
2.056486
2.075793
1.945239
1.875652
1.937616
1.873623
1.823181
1.999168
1.798502
1.964878
1.951672
1.883317
1.785395
1.868821
1.980461
1.762971
1.881159
2.073438
1.818733
2.011430
1.913361
1.783818
1.781490
1.475430
1.979282
2.212802
1.812310
1.882209
1.858520
1.847046
1.812427
1.746812
1.913082
1.759016
1.970522
2.143417
2.053063
1.578510
1.505304
1.742681
1.619703
1.814870
2.009394
1.591994
2.063111
1.965879
1.797661
1.893750
1.984448
2.047138
1.981898
1.735163
1.859826
1.705593
1.739421
2.030652
1.877560
1.939271
1.886220
1.787220
1.805383
1.948423
1.845350
1.731757
1.880558
1.907006
1.707627
2.019831
1.957649
1.628340
1.818673
1.519030
1.789047
2.266807
1.841690
1.911789
1.746201
1.800871
1.756939
1.769008
1.854317
1.774505
1.785195
2.101187
1.920623
1.499169
1.651461
1.761843
1.662801
1.804644
2.085241
1.636840
1.986669
2.037938
1.716614
1.787320
2.073586
1.979089
1.957787
1.760534
1.860298
1.671951
1.749234
1.920857
1.789763
1.973028
1.907455
1.739377
1.826182
1.894123
1.857131
1.705222
1.873972
1.930507
1.720045
