# G_3, p = 2.0000 GPa (dir_20000.0_bar).
# D8R-only: 36 rings x 101 frames = 3636 samples.
# Column: per-D8R Delta [A]
2.028436
1.956230
1.880348
2.028426
1.956230
1.880352
2.028437
1.956235
1.880350
2.028437
1.956218
1.880340
2.028363
1.956048
1.880106
2.028365
1.956032
1.880075
2.028344
1.956076
1.880114
2.028365
1.956067
1.880110
2.028325
1.955980
1.880005
2.028331
1.955975
1.880019
2.028324
1.955987
1.880012
2.028331
1.955999
1.880019
1.968985
1.941274
1.926057
1.965780
1.914790
1.906872
1.916290
1.939126
1.735865
1.963809
2.083920
1.844745
1.902836
1.967901
1.893454
1.932097
2.009989
1.987924
2.119927
2.049362
2.066470
1.999422
2.015185
1.777598
2.121509
1.864440
1.806147
2.025357
1.906948
1.913151
2.014995
2.094871
1.762256
2.070694
1.916237
2.076313
1.865173
2.004679
1.831718
1.941282
1.913262
1.929881
1.805888
1.973029
1.660126
1.944518
1.954774
1.776592
1.779192
1.924780
2.010969
1.912302
1.990018
1.913282
2.070372
2.141388
2.000498
1.889841
2.096245
1.834259
2.042808
1.769148
1.811450
1.943754
1.890409
1.819164
2.080948
2.062483
1.774666
2.079605
1.939336
2.119330
1.812879
2.020414
1.789945
1.919160
1.937027
1.954163
1.755551
1.939760
1.677319
1.955313
1.743949
1.764226
1.676129
1.847999
2.095619
2.069277
2.063216
1.882923
2.022837
2.053307
1.868708
1.826691
2.009174
2.008859
1.924868
1.779170
1.900222
1.885344
1.845347
1.738883
2.114002
2.060019
1.822688
2.183929
2.000844
2.118926
1.900964
1.994148
1.874439
1.994366
1.994765
1.961391
1.696516
1.808229
1.740767
1.872488
1.658599
1.755178
1.641663
1.797226
2.035290
2.148427
2.156662
1.854030
1.996326
2.008862
1.785249
1.904633
1.781064
2.023849
1.923694
1.709974
1.957829
1.766392
1.870634
1.728114
2.086884
2.058677
1.826491
2.285871
1.958504
2.201551
1.945641
1.962806
1.883671
2.017804
1.971240
1.837475
1.741909
1.759801
1.751180
1.870237
1.705896
1.692632
1.568821
1.703168
1.961468
2.153876
2.070040
1.787357
1.905513
1.973126
1.881857
2.013671
1.696184
1.973887
2.007321
1.580939
1.842817
1.724447
1.953359
1.713013
2.133818
1.930408
1.859384
2.265372
1.836398
2.277792
1.859006
1.971076
1.732555
1.899686
1.940326
1.801425
1.834671
1.856518
1.706985
1.924423
1.640442
1.662579
1.514469
1.633714
2.000987
2.072105
1.882422
1.738160
1.778846
1.952766
1.988186
2.001715
1.713311
1.856061
2.115889
1.491637
1.734824
1.758025
1.969460
1.776108
2.083017
1.787200
1.868553
2.083236
1.734024
2.238541
1.811996
1.940167
1.660353
1.765004
1.908271
1.998814
1.867180
1.963898
1.762434
1.882795
1.506107
1.597692
1.545703
1.646482
2.113636
2.113544
1.949697
1.758858
1.752602
1.886870
1.846624
2.035282
1.826918
1.733802
2.088395
1.557190
1.709885
1.908112
1.904275
1.810804
1.985049
1.784223
1.930801
2.006984
1.656895
2.226247
1.766964
1.733994
1.712997
1.706879
1.928248
2.122667
1.813826
1.952217
1.906732
1.888771
1.513702
1.613578
1.719782
1.771076
2.076761
2.088976
1.952873
1.805434
1.788466
1.753636
1.635180
2.074346
1.852814
1.692537
2.021831
1.718226
1.630608
1.921069
1.797709
1.873959
1.905011
1.895946
1.928042
1.940008
1.626169
2.205548
1.719193
1.570351
1.656370
1.785493
1.969401
1.983816
1.805544
1.944765
1.933568
1.895359
1.631957
1.654885
1.946376
1.820445
1.965554
2.081156
1.920985
1.794345
1.772573
1.732640
1.490941
2.023602
1.731619
1.772549
1.971601
1.804579
1.361739
1.840668
1.851705
1.732013
1.960633
1.840527
1.916074
1.927875
1.626627
2.051043
1.796130
1.535994
1.497198
1.778374
2.025127
1.875182
1.857539
1.951880
1.781726
1.914515
1.719548
1.736953
2.096697
1.783442
1.885093
1.951285
1.992920
1.783329
1.884239
1.793311
1.548204
1.901951
1.646981
1.833268
1.795294
1.803766
1.245785
1.838510
1.915924
1.653769
1.998615
1.693746
1.935863
1.885035
1.592099
1.959411
1.997961
1.474589
1.502676
1.688309
2.023652
1.780114
1.880519
1.835743
1.626794
1.971637
1.709617
1.727566
2.101879
1.670730
1.728575
1.878282
2.127022
1.763679
1.995086
1.744082
1.551191
1.913324
1.760667
1.865971
1.768232
1.764121
1.354369
1.820516
1.904165
1.530053
2.018304
1.784904
1.846325
1.866138
1.603143
1.966717
1.988980
1.391655
1.603234
1.761361
1.996927
1.635323
1.869808
1.715939
1.573415
1.990289
1.764628
1.684957
2.019164
1.560805
1.591702
1.692743
1.976179
1.788780
1.980545
1.601627
1.464434
2.049032
1.985042
1.934982
1.853165
1.843616
1.513600
1.767281
1.854177
1.429264
1.993397
1.879563
1.790405
1.798936
1.674310
1.885607
2.016046
1.369000
1.537935
1.784800
1.907726
1.535771
1.905782
1.810969
1.508570
2.017675
1.807076
1.619397
1.969945
1.457364
1.521293
1.537308
1.765764
1.938868
1.921653
1.496263
1.411694
2.094970
1.999002
1.987755
1.981064
1.917119
1.457070
1.882967
1.802796
1.473139
1.934052
1.816809
1.788781
1.776083
1.753635
1.821316
2.051656
1.367147
1.435732
1.649216
1.879946
1.477595
1.939961
1.906232
1.395525
2.053873
1.767863
1.616402
1.907899
1.437436
1.470896
1.562582
1.737521
1.925388
1.868969
1.558638
1.393820
2.050839
1.914603
1.941454
2.046943
1.910978
1.368242
1.965266
1.809367
1.666215
1.782953
1.803773
1.704676
1.786726
1.809267
1.780372
2.012752
1.437645
1.482692
1.571030
1.874654
1.505122
1.883467
1.841730
1.335050
2.014032
1.764787
1.673761
1.838333
1.476621
1.419000
1.677018
1.730734
1.833189
1.879605
1.673604
1.451469
2.064257
1.852600
1.923742
1.966373
1.823343
1.399899
1.965547
1.843743
1.778648
1.787152
1.812969
1.557024
1.720410
1.742653
1.660699
1.903339
1.544940
1.602835
1.630314
1.923269
1.518855
1.787698
1.733664
1.387106
1.908186
1.666792
1.707328
1.893201
1.608819
1.327896
1.719465
1.664822
1.766269
1.764636
1.723721
1.559715
2.146586
1.707520
1.877463
1.903449
1.736945
1.517970
1.865528
1.974336
1.768249
1.759629
1.723765
1.462440
1.753753
1.735047
1.372252
1.871095
1.590332
1.623332
1.658918
2.027471
1.538624
1.785303
1.796338
1.460347
1.844415
1.508032
1.615559
1.932082
1.667835
1.296828
1.751749
1.629348
1.768643
1.727157
1.671067
1.633025
2.070033
1.575555
1.806903
1.995673
1.726293
1.640885
1.912301
1.953072
1.738214
1.717227
1.665908
1.430810
1.812588
1.752247
1.168663
1.922388
1.714020
1.562714
1.685610
1.935824
1.628062
1.762688
1.835946
1.482935
1.902008
1.483717
1.603159
1.799652
1.706850
1.366810
1.843677
1.688268
1.727450
1.757577
1.701880
1.744459
1.999713
1.650814
1.636682
2.065202
1.690537
1.774483
1.931961
1.758931
1.878695
1.743368
1.694055
1.402535
1.738284
1.756782
1.186356
1.983960
1.857167
1.494521
1.804928
1.793205
1.608103
1.750377
1.730143
1.552495
1.894723
1.594649
1.673765
1.681887
1.816177
1.454860
1.890003
1.681787
1.710322
1.802373
1.766714
1.734724
1.953947
1.645306
1.536359
2.033120
1.658440
1.818300
1.876179
1.689782
1.933593
1.838025
1.769978
1.267599
1.648918
1.755539
1.218600
2.076300
1.883653
1.510089
1.879314
1.762662
1.576774
1.887967
1.730242
1.647912
1.864844
1.683661
1.648775
1.715133
1.860136
1.524968
1.929380
1.689500
1.722458
1.779271
1.766472
1.730345
1.892282
1.532430
1.403805
1.937389
1.802569
1.761740
1.757942
1.719441
1.874381
1.780142
1.717727
1.185426
1.665951
1.820008
1.180176
2.100160
1.852789
1.583509
1.866341
1.716446
1.628712
1.972330
1.922034
1.621602
1.934001
1.683353
1.622167
1.788333
1.944833
1.486792
1.953609
1.750752
1.617889
1.732518
1.727664
1.748075
1.813727
1.563394
1.375274
1.870883
1.902229
1.877310
1.754960
1.745792
1.750759
1.672210
1.666785
1.353779
1.690938
1.955390
1.156912
2.050807
1.912401
1.650472
1.959391
1.573946
1.647042
1.984713
1.953143
1.674257
1.996263
1.783523
1.724701
1.840909
1.985281
1.393073
2.014845
1.876806
1.420501
1.804055
1.840445
1.626161
1.737368
1.677670
1.398709
1.763259
1.877468
1.973518
1.763189
1.827089
1.707786
1.726779
1.685803
1.498434
1.726448
2.088820
1.270974
1.996293
1.928596
1.670821
2.096773
1.457331
1.618695
1.932051
1.879289
1.827070
1.974137
1.893353
1.863719
1.796988
2.016450
1.342145
1.976013
1.796176
1.378487
1.892091
1.957976
1.606579
1.735380
1.656946
1.407059
1.645260
1.732261
1.881978
1.850038
1.768978
1.785069
1.839684
1.738629
1.436725
1.861939
2.069127
1.538564
2.023150
1.871724
1.751601
2.113304
1.512756
1.645185
1.936356
1.845172
1.851338
1.956033
1.922122
1.819915
1.812185
2.123769
1.389704
1.948276
1.710261
1.460096
1.911420
2.031467
1.735583
1.724735
1.674693
1.401467
1.653540
1.631506
1.806514
1.899648
1.705919
1.654033
1.879322
1.749539
1.411607
2.074375
2.047045
1.710741
1.919234
1.860157
1.836906
2.013536
1.682063
1.622636
1.824363
1.837248
1.682408
2.006217
1.917430
1.743270
1.765008
2.023425
1.497552
2.012035
1.684203
1.484203
1.989215
1.941084
1.902445
1.797106
1.863423
1.457698
1.710818
1.616784
1.898956
1.913073
1.676634
1.472752
1.909330
1.691733
1.650798
2.073378
1.892317
1.734475
1.839733
1.877544
1.889376
2.007724
1.764238
1.656012
1.751419
1.782087
1.618939
2.040738
1.927160
1.720134
1.803607
1.935477
1.603112
2.118582
1.736713
1.521863
2.035862
1.879283
1.976447
1.838044
1.958455
1.503294
1.721866
1.604485
1.970522
1.909171
1.739576
1.298111
2.037921
1.636602
1.821894
2.070701
1.741516
1.746183
1.817354
1.814051
1.840727
2.101864
1.762366
1.601366
1.826500
1.721739
1.697748
1.891036
1.912485
1.697396
1.825888
1.911549
1.656606
2.154256
1.630877
1.606318
2.088074
1.882011
1.881149
1.726446
1.798708
1.559051
1.718117
1.693086
1.860768
1.827348
1.788221
1.203535
2.109922
1.677977
1.845250
2.092009
1.721008
1.861947
1.853076
1.768949
1.905680
2.056484
1.795949
1.548473
1.967355
1.740913
1.777965
1.799908
1.921619
1.725870
1.950957
1.974125
1.651770
2.041660
1.554087
1.674417
2.134970
1.925998
1.787428
1.588696
1.687639
1.607113
1.864016
1.813595
1.781544
1.831356
1.790435
1.206148
2.155936
1.828658
1.978275
2.127026
1.663343
1.980852
1.802537
1.788907
2.033346
1.981124
1.876863
1.548265
2.042079
1.809489
1.783671
1.707872
1.979923
1.760291
2.013060
1.984826
1.594580
1.974678
1.620211
1.610003
2.095996
1.837140
1.809580
1.574164
1.767147
1.631222
1.858475
1.898207
1.767060
1.927693
1.770211
1.288311
2.208446
1.860152
2.240241
2.017226
1.690221
2.055238
1.835852
1.796605
1.940883
1.911102
1.906370
1.676264
2.010727
1.829080
1.784641
1.614367
1.955097
1.699317
2.047745
1.981217
1.725147
1.865223
1.831529
1.657001
2.022222
1.702688
1.906669
1.688435
1.908113
1.628954
1.795743
1.986690
1.785170
1.969856
1.807053
1.411008
2.217919
1.874864
2.210623
1.951532
1.653233
2.176522
1.880861
1.813472
1.877716
1.852514
1.890674
1.730439
2.008204
1.828867
1.871072
1.663103
1.936982
1.674121
2.145306
2.021785
1.949919
1.792267
1.894956
1.871759
2.006959
1.706169
1.937848
1.848129
2.009930
1.705984
1.867923
2.085330
1.780944
1.933816
1.802253
1.521316
2.106991
1.977598
2.082449
2.048565
1.663539
2.204144
1.915385
1.969973
1.998407
1.873746
1.924758
1.699794
1.912103
1.877326
1.937504
1.702225
1.992125
1.717666
2.305700
2.038171
2.154850
1.827988
1.873329
1.983962
1.904132
1.855910
1.928212
1.914936
1.992544
1.778495
2.044134
2.073684
1.719181
1.988632
1.829232
1.647251
2.032174
1.951786
2.047606
2.082494
1.662536
2.173365
1.964965
2.154419
2.001048
1.848677
1.928156
1.725494
1.875666
1.788922
1.899698
1.731086
2.050412
1.785761
2.309107
1.957881
2.155397
1.772470
1.932154
1.967963
1.867551
1.949676
1.931462
2.011863
1.895805
1.811735
2.120890
2.096407
1.714411
2.078105
1.969280
1.772365
1.894827
1.778267
2.036765
1.983878
1.779081
2.114630
2.070382
2.153601
1.962453
1.890105
1.845578
1.847451
1.954167
1.667282
1.812884
1.734447
1.982532
1.880402
2.280990
1.941028
2.086595
1.653605
2.081419
1.967575
1.875355
1.932276
1.949409
2.051845
1.935548
1.861199
1.971373
2.160937
1.758594
2.121255
2.018231
1.818699
1.894957
1.826869
1.950575
1.955917
1.901135
2.014108
2.088025
2.143332
2.076247
1.961803
1.838883
1.896381
1.987488
1.672996
1.782282
1.830628
1.977704
1.816414
2.213585
1.884407
2.013637
1.546346
2.097100
1.931011
2.002032
1.922284
1.792767
1.989280
2.046387
2.003448
2.003333
2.143698
1.821685
2.187412
1.794322
1.948668
1.857250
1.914255
1.911085
2.017419
1.947297
1.956374
2.001156
2.238747
2.148346
1.997490
1.791074
1.858139
1.925805
1.729851
1.832656
2.002977
2.003841
1.734101
2.151613
1.808910
1.970363
1.445257
1.964853
1.981600
1.965893
1.886847
1.686065
1.998165
2.022493
2.057798
2.084500
1.979511
1.841632
2.224490
1.713610
2.091985
1.746365
1.952789
1.860300
2.059618
1.990753
1.912919
1.982200
2.191208
1.970379
2.054471
1.754590
1.802154
1.889507
1.733773
1.832478
2.061520
1.873195
1.759933
2.038245
1.708083
2.062858
1.512767
1.896969
1.937332
1.991099
1.865398
1.796260
2.085661
1.901495
1.980233
2.114684
1.922992
1.730285
2.152165
1.694655
2.109411
1.704268
1.947898
1.785761
2.092270
2.057955
1.848905
2.038404
2.060595
1.858679
2.111153
1.693828
1.783230
1.927390
1.757419
1.765817
2.044873
1.803299
1.810197
1.925345
1.766417
2.080863
1.774238
1.810563
1.845552
2.089228
1.945675
1.926714
2.198629
1.895763
1.973854
2.167598
1.842136
1.708230
2.074563
1.677861
2.047270
1.748766
1.962055
1.729269
2.073177
2.170436
1.799844
2.028759
2.070954
1.819376
2.174218
1.625179
1.795163
2.005375
1.760724
1.828832
2.080780
1.905228
1.831006
1.873804
1.817402
1.928345
2.018049
1.651206
1.751235
2.101251
1.988500
1.829186
2.137991
1.921700
2.038598
2.178498
1.859414
1.800746
1.966242
1.674982
2.058927
1.834627
1.968671
1.617577
2.043876
2.112784
1.682421
2.085693
2.103525
1.769280
2.091979
1.602341
1.798754
2.098433
1.807576
1.915804
2.176830
2.042005
1.746221
1.843759
1.842139
1.783590
2.080723
1.681380
1.763120
2.102643
1.927690
1.827248
2.065806
1.889195
2.043783
2.117061
1.898981
1.930515
1.919858
1.743206
2.229096
1.810889
1.946906
1.631142
1.934252
2.052807
1.643720
2.109923
1.967011
1.729287
2.026073
1.629916
1.781825
2.186477
1.893426
1.852060
2.182069
2.051065
1.747168
1.895461
1.895418
1.847772
2.106631
1.819613
1.774333
2.127758
1.895749
1.856398
2.094468
1.937512
1.934953
2.059743
1.930032
1.936899
1.960512
1.891935
2.161933
1.889767
1.960774
1.702274
1.888568
2.145067
1.616244
2.052954
1.922254
1.805978
2.049611
1.664025
1.782046
2.245213
1.919437
1.707961
2.094523
2.082135
1.888393
1.933502
2.010438
2.000220
2.164635
1.885626
1.756856
2.150805
1.897948
1.760083
2.072417
1.963008
1.932011
1.965845
1.907231
1.828958
2.065328
2.007020
2.110895
1.985459
2.049720
1.717608
1.884647
2.314789
1.578058
1.936362
1.829640
1.880323
2.040432
1.734228
1.814821
2.282643
1.956344
1.770510
2.037852
2.188606
1.935438
1.906997
2.197941
2.024391
2.235104
1.866475
1.812768
2.089154
1.858905
1.686546
2.117561
1.924109
1.848569
1.951062
1.945409
1.826811
2.057983
2.021802
2.208958
1.954826
2.082061
1.630316
1.885065
2.203493
1.627743
1.943252
1.723429
1.743936
2.046807
1.859683
1.912684
2.181717
2.012126
1.878492
1.951460
2.109801
1.873666
1.858294
2.185245
1.894500
2.340049
1.815452
1.825879
2.058148
1.807378
1.761025
2.158960
1.851003
1.805474
1.955253
1.978578
1.886651
1.981681
1.996352
2.087350
1.851672
2.124612
1.533042
1.840066
2.106980
1.673557
1.903696
1.633541
1.592426
2.072644
1.995865
1.910596
2.153094
2.067948
1.885157
1.970029
1.987617
1.944713
1.838612
2.022234
1.842087
2.461890
1.900820
1.603828
2.122423
1.765926
1.860683
2.086974
1.828518
1.808757
2.032828
1.958075
1.793641
2.001348
1.921660
1.886188
1.922045
2.064360
1.476062
1.914848
2.000284
1.627928
1.785053
1.623870
1.624200
2.067794
2.042360
1.906231
2.126611
2.069351
1.822963
2.055943
1.940458
1.939492
1.853100
1.940826
1.695200
2.279688
1.891049
1.436333
2.055224
1.854824
1.735628
1.972546
1.817730
1.723489
1.993488
1.805030
1.704130
2.081089
2.021355
1.747051
2.177432
1.884957
1.566740
1.945311
1.862376
1.607906
1.815286
1.597258
1.671294
2.050020
2.042933
1.928097
2.106509
1.942011
1.804268
1.997784
1.904452
1.830778
1.885626
1.852658
1.546061
2.107557
1.967978
1.472034
1.962878
1.916112
1.526718
1.871427
1.765892
1.625062
1.999088
1.731753
1.683450
1.984724
2.059932
1.659868
2.254406
1.767519
1.574970
1.968404
1.686990
1.708979
1.897802
1.608990
1.685329
1.992406
2.118173
2.005861
2.046477
1.842134
1.775873
1.921673
1.821774
1.763329
1.893895
1.767137
1.492674
2.064534
2.020365
1.645267
1.977586
1.760013
1.521860
1.886984
1.837382
1.708036
2.023156
1.718605
1.692363
1.898609
2.017004
1.517466
2.135396
1.670776
1.671628
1.974643
1.578907
1.785413
1.922743
1.683088
1.752479
1.962497
2.110944
2.016945
1.991008
1.883016
1.716782
2.019285
1.758332
1.879694
1.976761
1.691065
1.524438
1.921711
2.069263
1.783043
1.951722
1.604228
1.605223
1.825149
1.910315
1.765755
1.919320
1.718196
1.682492
1.885247
2.156612
1.371629
2.138415
1.538175
1.731925
1.999700
1.481745
1.857538
1.844328
1.758065
1.699383
1.889993
2.070507
1.979533
1.924570
1.831053
1.703834
2.030494
1.665569
1.828818
1.949137
1.703635
1.463878
1.744872
2.072956
1.820742
1.948550
1.656885
1.595460
1.835817
1.860465
1.709222
1.736573
1.731644
1.719291
1.941418
2.200074
1.421795
2.179654
1.496503
1.815312
2.008755
1.436959
1.940683
1.844327
1.845509
1.644531
1.892303
2.014192
1.901437
1.936399
1.737340
1.702942
1.920668
1.677410
1.717044
1.996434
1.739748
1.458829
1.792252
2.063678
1.869876
1.871220
1.812090
1.613978
1.844520
1.802770
1.601375
1.693782
1.746805
1.715758
1.892953
2.062915
1.523026
2.055120
1.600050
1.917034
2.047390
1.467415
2.061072
1.862689
1.986366
1.542822
1.871448
1.999390
1.835793
1.736115
1.774951
1.660484
1.791967
1.722932
1.752631
2.121975
1.711790
1.541178
1.902128
2.039392
1.827781
1.753693
1.849884
1.616542
1.821501
1.906320
1.589087
1.809058
1.724002
1.708937
1.923909
1.899190
1.509363
1.985459
1.720634
2.038045
2.048493
1.574206
2.003011
1.950735
2.037630
1.484300
1.774812
1.935549
1.765999
1.618484
1.860494
1.709631
1.857533
1.721067
1.795745
2.118184
1.604924
1.518758
1.829006
2.010009
1.849141
1.573551
1.770724
1.578585
1.819283
2.008223
1.600926
1.971961
1.676183
1.788656
1.970952
1.828994
1.541828
1.995999
1.798826
2.079029
1.990325
1.677539
1.816163
1.981478
1.907377
1.516487
1.730518
1.946486
1.817347
1.678438
1.869108
1.798083
1.904061
1.757934
1.705708
2.020845
1.555537
1.480106
1.837141
1.952747
1.840724
1.561038
1.753591
1.597039
2.017689
2.037709
1.572700
2.021851
1.581896
1.916454
1.887830
1.846713
1.634633
2.032796
1.904021
1.994697
1.979187
1.734900
1.730331
1.979193
1.811172
1.580916
1.793948
1.977658
1.856343
1.678247
1.871172
1.793825
1.921020
1.713683
1.504777
1.960285
1.536171
1.669275
1.933105
1.875076
1.863809
1.692626
1.889990
1.706812
2.122725
1.909937
1.587151
2.120971
1.571187
1.791843
1.735587
1.788921
1.718956
1.912355
1.904546
1.855616
1.902304
1.790425
1.709397
1.910292
1.774925
1.574728
1.884180
1.925229
1.839507
1.684716
1.925249
1.703084
1.987665
1.613043
1.562355
1.860789
1.562349
1.938338
1.979274
1.775686
1.995753
1.754575
1.913682
1.836502
2.167870
1.819331
1.572230
2.144646
1.628757
1.558403
1.738257
1.744808
1.743757
1.845533
1.833740
1.848811
1.736220
1.831214
1.640543
1.963718
1.767242
1.561589
1.864904
1.835300
1.790973
1.735241
1.969226
1.597393
2.071052
1.557772
1.648322
1.697363
1.664978
1.900084
1.822486
1.705441
2.037428
1.767557
1.851137
1.863967
2.247358
1.777984
1.625341
1.916898
1.609013
1.516493
1.862491
1.654922
1.763294
1.823787
1.852511
1.855186
1.576498
1.833266
1.627192
2.026027
1.770155
1.637123
1.797612
1.919050
1.783986
1.808300
1.814940
1.642659
1.977489
1.659595
1.593678
1.752444
1.725954
1.825778
1.800080
1.630420
1.904626
1.763759
1.828980
1.809859
2.222965
1.850400
1.697300
1.811571
1.613457
1.589597
1.883797
1.549422
1.879919
1.675779
1.978233
1.842515
1.633153
1.940400
1.613152
1.924054
1.770288
1.668804
1.821640
1.991773
1.706242
1.835509
1.816457
1.624045
1.975408
1.782981
1.465352
1.867681
1.781196
1.834689
1.755090
1.531270
1.802072
1.813589
1.799299
1.824667
2.050017
1.825355
1.772874
1.909985
1.667185
1.578750
1.927798
1.565524
1.828189
1.561927
2.028065
1.735765
1.738446
1.989464
1.610969
1.825600
1.528821
1.684428
1.832325
1.927135
1.491133
1.844609
1.804431
1.581220
2.024466
1.820329
1.520745
1.783539
1.703578
1.821151
1.667178
1.547616
1.873328
1.858389
1.822671
1.808318
1.912081
1.704692
1.711101
1.879875
1.676373
1.413563
1.968099
1.609319
1.701704
1.545949
1.941587
1.695670
1.750900
1.996621
1.592840
1.838441
1.383875
1.781256
1.817196
1.789904
1.434012
1.894249
1.751418
1.647454
1.931963
1.811752
1.556344
1.720124
1.687688
1.678583
1.693146
1.579329
1.934047
1.885642
1.853492
1.805355
1.942392
1.662552
1.609994
1.737497
1.756372
1.303988
1.957945
1.633654
1.615437
1.679037
1.950037
1.795470
1.695530
2.000067
1.645844
1.879857
1.432229
1.936853
1.902345
1.733735
1.531123
1.862698
1.778986
1.726512
1.802942
1.903097
1.547107
1.684272
1.744053
1.507604
1.833986
1.630941
1.851222
1.997108
1.867258
1.833324
1.878001
1.606649
1.722198
1.660105
1.923513
1.371856
1.885434
1.568925
1.680390
1.866808
1.969292
1.824541
1.721444
1.921483
1.692311
1.847797
1.592685
1.900433
2.059953
1.731809
1.509729
1.858102
1.874152
1.630054
1.866899
1.899484
1.624847
1.766102
1.825826
1.481046
1.835881
1.727510
1.844456
2.072201
1.823686
1.858885
1.737527
1.563104
1.833043
1.759285
2.218245
1.469856
1.923379
1.681633
1.795110
2.028248
1.897763
1.740863
1.776118
1.778360
1.648759
1.946229
1.704555
1.815121
1.984045
1.766598
1.449743
1.920157
1.958161
1.505017
1.909557
1.739250
1.725329
1.893114
1.801493
1.495348
1.792590
1.819390
1.884343
2.026356
1.713914
1.886452
1.640980
1.584300
1.779210
1.782109
2.220897
1.522116
1.891901
1.853338
1.785454
2.001821
1.796759
1.600100
1.896226
1.696107
1.636049
1.995771
1.853853
1.882192
1.871159
1.887136
1.457853
1.988569
1.937723
1.575460
1.836924
1.735195
1.740725
1.969928
2.000532
1.465785
1.921183
1.854805
1.794518
2.088190
1.712731
1.891587
1.581685
1.695166
1.708035
1.818252
2.027238
1.637180
1.797508
1.889060
1.809218
1.942508
1.789747
1.561667
2.042613
1.713407
1.605041
1.939985
1.906276
1.951205
1.963175
1.978235
1.545554
1.927662
1.855035
1.697625
1.784133
1.748838
1.808569
1.981979
2.110042
1.577882
2.090970
1.777887
1.634356
2.080571
1.815531
1.822292
1.548380
1.762541
1.712286
1.895687
1.900350
1.725585
1.707198
1.853541
1.815867
1.886484
1.819649
1.521413
2.022073
1.736778
1.552689
1.927948
1.842603
1.897199
2.000518
1.973227
1.589325
1.981190
1.798857
1.785114
1.837358
1.844080
1.917901
2.007310
2.013425
1.771673
2.155599
1.768354
1.535084
2.048058
1.801636
1.743953
1.613587
1.779955
1.844005
1.982104
1.870024
1.763190
1.814051
1.785877
1.824325
1.903793
1.820797
1.467215
1.883908
1.771775
1.517996
2.005332
1.790235
1.940417
1.883226
1.927301
1.695475
1.957261
1.782440
1.852253
1.811849
1.841107
1.944240
2.097789
1.918066
1.847154
2.102158
1.743661
1.459386
2.002561
1.822510
1.804841
1.790786
1.842467
1.874393
1.981732
1.920824
1.822017
1.879322
1.748502
1.772383
1.964031
1.687337
1.418103
1.938977
1.706633
1.519220
1.950255
1.960823
1.914115
1.867919
1.806435
1.798562
1.882585
1.750811
1.856603
1.782286
1.808795
1.917906
2.187443
1.935217
1.829442
1.986292
1.789821
1.354555
1.998636
1.906892
1.973085
1.890639
1.894990
1.833559
1.962668
1.959626
1.986132
1.900974
1.786255
1.708405
2.091967
1.552307
1.424126
2.032055
1.618107
1.568863
1.875189
1.994440
1.801000
1.928861
1.760830
1.681637
1.869967
1.807871
1.811160
1.904641
1.829315
1.796697
2.162890
1.968783
1.835806
1.937573
1.902217
1.269433
2.052429
1.946120
1.928955
1.945206
1.840874
1.838784
1.951454
1.901285
2.105586
1.893717
1.725553
1.729343
2.059793
1.561983
1.407154
2.037004
1.631839
1.582173
2.012370
2.034036
1.712259
1.848318
1.765418
1.564309
1.922448
1.875917
1.783771
1.912718
1.811763
1.796945
2.120728
1.984919
1.902460
1.927110
1.960672
1.349521
1.973194
1.819820
1.700834
2.010251
1.868085
1.870824
1.966399
1.902038
2.117985
1.898771
1.751424
1.743379
1.874559
1.698508
1.394905
2.066418
1.802107
1.658219
2.205819
2.130637
1.800781
1.896012
1.787225
1.654070
1.882442
1.920783
1.932578
1.801053
1.830352
1.821129
2.130147
2.066947
1.949141
1.967186
1.933575
1.436311
1.905420
1.865544
1.624518
2.099373
1.924527
1.839652
1.926231
1.957686
2.038053
1.970714
1.874312
1.709584
1.839879
1.787897
1.415414
2.096666
1.947447
1.722201
2.256190
2.128491
1.823049
2.030236
1.725911
1.678037
1.890840
1.775494
2.167694
1.854081
1.902849
1.731447
2.084736
2.099799
1.999399
1.991655
1.973386
1.568069
2.026424
2.024899
1.620154
2.089344
1.948222
1.735693
1.846749
1.869818
2.010362
1.993037
1.828476
1.742001
1.960734
1.789206
1.541279
2.070020
2.002846
1.761541
2.203055
2.011622
1.697180
2.089210
1.679151
1.655397
1.877817
1.799640
2.096804
1.929531
1.923965
1.593469
2.141967
2.091695
2.012588
2.023102
2.035640
1.584426
2.028347
2.091257
1.567173
2.178881
1.873287
1.662578
1.813228
1.837035
1.941445
2.068314
1.753349
1.700432
2.075930
1.741004
1.714736
2.031308
1.956645
1.862619
2.174566
2.002015
1.727059
2.060821
1.783406
1.664627
1.896315
1.789018
1.909006
1.983181
1.940518
1.589053
2.126009
1.977076
2.025191
1.937117
1.942919
1.628207
1.941637
2.022175
1.517658
2.193868
1.872333
1.800979
1.890337
1.855522
1.904931
2.120473
1.806617
1.592396
2.033943
1.830680
1.941124
2.072299
1.992096
2.024795
2.153955
2.021745
1.796600
2.086750
1.776445
1.814351
1.848718
1.859630
1.769976
2.110131
2.021093
1.664267
2.050517
1.988353
1.979183
1.803326
1.783742
1.722521
1.981092
1.979186
1.513159
2.204984
1.993013
1.949776
1.862489
1.820161
1.899084
2.072432
1.835677
1.584356
1.967367
1.899049
2.076720
2.111202
2.046042
1.954347
2.076877
1.887384
1.714649
2.188796
1.817957
1.918720
1.819777
1.885668
1.759041
2.178980
2.084547
1.649289
2.091088
2.015170
1.922758
1.755085
1.785295
1.743526
2.041876
1.955775
1.513160
2.109031
2.062724
1.871705
1.874958
1.759409
1.973417
2.049751
1.838652
1.652775
1.927323
1.863369
2.011266
2.026643
2.069129
1.912483
1.965676
1.816744
1.695152
2.131944
1.889400
1.900122
1.846390
1.881143
1.816226
2.071837
2.095901
1.606099
2.073079
1.924988
1.967603
1.776888
1.757132
1.718551
2.040956
1.917388
1.562535
1.973627
2.045445
1.770361
1.931068
1.811905
1.971056
2.088081
1.875181
1.745905
1.938586
1.850096
1.872410
2.004640
2.102583
1.949577
1.977417
1.839588
1.843525
2.050884
1.851362
1.904058
1.836669
1.990965
1.782205
1.973599
1.984033
1.634072
1.948624
1.958602
2.056376
1.744650
1.777839
1.738809
2.046294
2.034548
1.657307
1.972454
2.034162
1.760591
1.982129
2.025930
1.940712
2.158062
1.962113
1.681209
1.938516
1.923220
1.883657
2.052370
2.136394
2.022401
1.890455
1.861388
1.994128
1.978351
1.759325
1.858867
1.872667
2.003477
1.732681
2.045584
1.939604
1.742146
1.878054
1.884143
2.150316
1.867788
1.817030
1.851562
2.100078
2.050366
1.702185
2.006091
1.882093
1.736810
1.979197
2.096994
1.863279
2.141427
1.975272
1.665405
1.908322
1.865903
1.915638
2.015060
2.020570
2.031446
1.797247
1.961687
1.986700
1.870851
1.775754
1.934341
2.035552
1.998333
1.696569
2.120583
1.998263
1.820031
1.969640
1.827114
2.160609
1.906910
1.884423
1.937798
2.176739
1.985973
1.665456
1.999492
1.808968
1.734068
1.998186
2.032870
1.841381
2.180108
2.018998
1.875512
1.952497
1.806646
1.940866
2.070617
1.927500
2.123276
1.753212
2.071496
2.018986
1.828757
1.741585
2.010591
2.173492
2.011624
1.556096
1.967053
2.055661
1.912500
1.938288
1.925230
2.042229
1.869708
1.980414
1.948597
2.054919
1.854298
1.777123
1.942080
1.878521
1.756687
2.040560
1.950852
1.770586
2.276158
2.076508
1.950427
1.981505
1.934833
1.932564
2.025442
1.872636
2.252800
1.718996
2.181045
1.990940
1.900646
1.635477
2.019146
2.198649
1.926170
1.484442
1.973015
2.048505
2.023534
1.873858
1.889451
2.025248
1.881713
1.992059
2.029404
2.043024
1.867486
1.994106
1.897898
1.886827
1.829976
2.104450
1.935425
1.651672
2.233571
2.142125
1.830931
2.028926
2.063963
1.976301
1.957868
1.941591
2.166341
1.818799
2.126492
1.963752
1.962234
1.623791
2.059119
2.160898
1.744026
1.520566
2.006823
1.987726
2.047824
1.874967
1.710538
1.922110
2.000157
1.943120
2.117752
2.083216
1.795173
1.993186
1.927033
1.903353
1.853516
2.097988
1.885050
1.627416
2.062926
2.017155
1.857222
2.070385
1.972551
2.012850
1.793463
1.878602
2.006413
1.865474
1.972370
1.956738
1.978291
1.728612
2.073769
2.240918
1.712649
1.660381
1.853344
1.917250
2.037731
1.811690
1.711128
1.777303
2.092410
1.886683
2.097870
1.993219
1.735030
1.891594
1.880013
2.070276
1.765699
2.065186
1.949415
1.585683
2.020323
1.981404
1.985710
2.034667
2.006652
1.962960
1.781923
1.759610
1.960220
1.882325
1.952987
1.876950
1.970246
1.799930
2.009958
2.370542
1.768889
1.778438
1.770107
1.884807
1.951806
1.706899
1.707628
1.761791
2.072916
1.922196
2.081329
1.922670
1.844610
1.938053
1.809697
2.114950
1.790448
2.058139
2.041870
1.566903
2.032046
2.002114
1.917987
1.994411
1.975904
1.912739
1.900522
1.778688
1.897820
1.810716
1.943440
1.736038
2.006642
1.873195
2.010065
2.317246
1.791334
1.705348
1.763044
1.834084
1.867611
1.810035
1.714257
1.775581
2.047776
1.954474
2.017135
2.013851
1.779958
2.047150
1.773242
2.022811
1.858375
2.176505
1.927855
1.502690
1.943334
1.890857
1.903126
2.039464
1.848003
1.875269
1.950829
1.858026
1.758604
1.796242
1.948619
1.672149
1.936340
2.028701
2.046639
2.192850
1.752641
1.676156
1.800187
1.811479
1.890392
1.943927
1.669497
1.703721
2.105603
1.921569
1.899091
1.972975
1.617510
2.010136
1.806708
1.991325
1.912807
2.152045
1.719253
1.504731
1.856933
1.759159
2.029886
2.112029
1.804672
1.932266
1.995228
1.946187
1.686382
1.803892
1.949051
1.691486
1.985863
2.038099
2.003092
2.188816
1.792237
1.702854
1.892422
1.854911
1.915622
1.935665
1.766768
1.578524
2.123562
1.850357
1.819221
1.860244
1.548618
1.903972
1.849316
1.998017
1.935021
1.936703
1.679829
1.507879
1.883492
1.734676
2.096089
2.053781
1.852892
2.031889
2.027091
1.935520
1.679535
1.931027
1.935819
1.742679
2.206453
2.032619
1.933217
2.146103
1.916499
1.751313
2.034524
1.888469
1.893950
1.914314
1.918970
1.518405
2.127319
1.846608
1.893959
1.925608
1.597776
1.871222
1.994387
1.942060
1.866888
1.857838
1.739814
1.618772
1.919264
1.737729
1.974070
1.973128
1.876811
1.996542
1.838432
1.878918
1.557346
2.071961
1.879993
1.678458
2.212398
2.131917
1.920150
1.917984
1.858612
1.793384
2.041853
1.926510
1.846310
1.985728
1.863235
1.554605
2.095688
1.827439
1.893120
2.060021
1.610533
1.839254
2.083037
1.883682
1.767111
1.827006
1.767117
1.638487
1.800973
1.792491
1.913545
1.872270
1.825614
1.872552
1.730500
1.865711
1.372697
2.006351
1.859881
1.634614
2.064419
2.090832
1.858618
1.814448
1.798380
1.859616
2.031874
1.940286
1.799063
2.028974
1.845311
1.493620
2.081902
1.800594
1.847191
2.020283
1.782703
1.841438
2.109368
1.936609
1.794895
1.784409
1.806233
1.675671
1.836297
1.816451
1.894705
1.803962
1.786361
1.759682
1.850737
1.771174
1.401710
1.902016
1.793298
1.646810
1.999473
1.829506
1.689047
1.829802
1.860222
1.882047
2.096592
1.955906
1.781898
1.927298
1.970542
1.373297
2.023887
1.879059
1.834165
1.890210
1.914401
1.825572
2.031364
1.900623
1.887987
1.911094
1.838282
1.715971
1.902875
1.793785
1.873903
1.753778
1.772695
1.695193
1.951411
1.773941
1.540611
1.913057
1.674315
1.541162
1.993936
1.743928
1.647769
1.819891
1.990263
1.848325
2.085686
1.935691
1.680562
1.915238
1.885746
1.317318
1.921427
1.969238
1.798334
1.833816
1.898322
1.770000
2.024653
1.724963
1.944751
2.041388
1.753668
1.809611
1.874213
1.802960
1.770240
1.740625
1.701659
1.653874
1.857301
1.879813
1.551445
2.050437
1.601675
1.403337
1.896625
1.921478
1.725662
1.765997
2.012996
1.825103
1.987695
1.810126
1.650652
2.013283
1.813971
1.341185
1.822560
1.940225
1.737058
1.835612
1.928927
1.749206
1.983645
1.669783
1.900049
2.022171
1.693382
1.881834
1.859520
1.925854
1.879884
1.871714
1.750004
1.650650
1.831351
1.959984
1.539580
2.023469
1.515332
1.432561
1.853296
1.850445
1.674297
1.735401
1.962763
1.859610
1.991479
1.709584
1.606979
1.891161
1.870828
1.475266
1.746570
1.843446
1.683812
1.875162
2.077328
1.761995
2.003039
1.661106
1.740734
1.918882
1.688097
1.910683
1.992306
2.015220
1.851690
2.057149
1.868233
1.609222
1.961417
1.933170
1.536057
1.910938
1.458588
1.602166
1.974729
1.793045
1.550044
1.824990
1.835487
1.920647
2.031463
1.630602
1.535080
1.847328
1.949379
1.505894
1.728059
1.774848
1.648269
1.905328
2.086073
1.702444
2.102668
1.636805
1.703905
1.917897
1.705596
1.837080
2.011155
2.068917
1.577638
2.029755
1.993421
1.570651
2.020406
1.801383
1.601806
1.859864
1.504895
1.733569
2.019433
1.880188
1.591460
1.895200
1.653823
1.849105
1.954766
1.621396
1.481825
1.915775
1.840193
1.452980
1.845922
1.744878
1.662265
1.903094
2.027930
1.527256
2.143534
1.705340
1.663580
1.828403
1.599626
1.718152
1.977493
1.993491
1.517072
1.908024
2.044653
1.614370
1.921416
1.661623
1.609567
1.880658
1.543511
1.767714
1.968134
1.953991
1.536783
1.891881
1.655930
1.793656
1.869484
1.687683
1.462807
1.830313
1.760355
1.552095
1.893018
1.800957
1.674041
1.811551
2.021595
1.459731
2.119558
1.766876
1.619191
1.723095
1.640142
1.743908
2.035571
1.883295
1.675671
1.905941
2.087336
1.575536
1.999016
1.683435
1.585873
1.855606
1.640437
1.731873
1.950347
1.843276
1.445453
1.844144
1.773238
1.782378
1.918671
1.728385
1.508170
1.767145
1.799390
1.693693
1.910187
1.834572
1.751189
1.785473
1.959556
1.482801
2.061410
1.684928
1.589015
1.703257
1.722558
1.869350
1.941960
1.854116
1.646864
1.981182
2.011189
1.511794
2.086836
1.616021
1.617092
