# G_1, p = 1.0000 GPa (dir_10000.0_bar).
# D8R-only: 96 rings x 101 frames = 9696 samples.
# Column: per-D8R Delta [A]
0.363822
0.536392
0.054828
0.060417
0.098388
0.467501
0.703336
0.452312
0.460300
0.160204
0.268304
0.465194
0.382200
0.645248
0.531963
0.386574
0.208611
0.284598
0.438300
0.155146
0.228236
0.241167
0.262107
0.299683
0.615816
0.292391
0.229130
0.317619
0.299581
0.410352
0.116374
0.266611
0.456691
0.155639
0.384474
0.306185
0.091577
0.373197
0.151008
0.374123
0.480864
0.371747
0.302397
0.450761
0.646656
0.221174
0.387134
0.422887
0.216586
0.124263
0.234987
0.412806
0.290809
0.195428
0.431717
0.362732
0.494395
0.167696
0.369941
0.363591
0.149518
0.154407
0.233286
0.124769
0.148648
0.238554
0.614227
0.620918
0.314220
0.334924
0.638609
0.282793
0.311894
0.143622
0.155391
0.235678
0.127455
0.269172
0.431655
0.179969
0.186929
0.152650
0.422389
0.283188
0.326292
0.606656
0.321576
0.347272
0.580542
0.344697
0.493257
0.167568
0.590021
0.239402
0.090769
0.271943
0.310913
0.432646
0.037802
0.119917
0.115522
0.573337
0.659842
0.350592
0.496783
0.195587
0.137177
0.400064
0.345731
0.675716
0.504293
0.320924
0.270477
0.289667
0.466048
0.252207
0.247475
0.119959
0.181041
0.370018
0.730892
0.284988
0.334152
0.310280
0.283497
0.313709
0.086637
0.263072
0.596822
0.125757
0.330510
0.398660
0.130004
0.405267
0.172215
0.457779
0.482801
0.473273
0.329801
0.417281
0.521615
0.280111
0.391913
0.524624
0.273060
0.225000
0.260522
0.570719
0.227000
0.231393
0.405945
0.425137
0.435756
0.139706
0.314232
0.472835
0.170176
0.292057
0.157749
0.314817
0.218959
0.214340
0.561175
0.507943
0.371990
0.370761
0.467319
0.237190
0.392144
0.144648
0.134560
0.295863
0.106952
0.391172
0.299236
0.100216
0.165137
0.217004
0.497404
0.316330
0.347675
0.535931
0.291295
0.207681
0.449157
0.252412
0.450875
0.165775
0.612908
0.207711
0.124488
0.251555
0.242552
0.269917
0.032978
0.236515
0.085793
0.605398
0.503800
0.351412
0.513507
0.249268
0.042608
0.366520
0.204590
0.601485
0.443004
0.271203
0.381285
0.314202
0.433828
0.141408
0.309868
0.109951
0.276356
0.301390
0.577072
0.264536
0.390956
0.300222
0.272280
0.236798
0.078472
0.386649
0.600461
0.127787
0.337628
0.328731
0.181956
0.501601
0.209561
0.468171
0.358879
0.575743
0.295033
0.356502
0.348926
0.175067
0.380210
0.421758
0.305175
0.348073
0.263310
0.707859
0.230042
0.298716
0.407205
0.394023
0.406774
0.104899
0.305802
0.474153
0.279749
0.267026
0.118068
0.371962
0.439621
0.218287
0.543602
0.319361
0.355483
0.475078
0.286566
0.322938
0.391926
0.175465
0.156603
0.359964
0.214041
0.476487
0.246253
0.078511
0.205790
0.251710
0.531819
0.337204
0.429048
0.441879
0.281357
0.191065
0.300811
0.354285
0.419288
0.187615
0.638534
0.253705
0.172248
0.378763
0.166048
0.244974
0.025438
0.216725
0.220255
0.548552
0.335687
0.451131
0.547131
0.323673
0.164927
0.328332
0.242656
0.458964
0.362822
0.253730
0.487388
0.258338
0.402970
0.206762
0.403324
0.204863
0.357540
0.109276
0.347895
0.309559
0.341747
0.259886
0.337943
0.325771
0.060781
0.371960
0.540836
0.026668
0.364309
0.153099
0.154246
0.483226
0.116463
0.423708
0.269458
0.591983
0.257495
0.280469
0.226080
0.117902
0.479998
0.292156
0.274322
0.453219
0.226764
0.718429
0.181041
0.366367
0.464004
0.344858
0.459265
0.087554
0.343793
0.417333
0.231879
0.309471
0.124492
0.356825
0.546339
0.248805
0.553097
0.292351
0.459823
0.653493
0.208773
0.316344
0.460154
0.294383
0.230262
0.360725
0.255194
0.519484
0.226059
0.130494
0.215856
0.288258
0.474408
0.392713
0.436562
0.350420
0.295991
0.185853
0.272002
0.370988
0.428856
0.237634
0.562954
0.359124
0.228386
0.472631
0.126231
0.248576
0.171507
0.178338
0.321200
0.454602
0.248474
0.531725
0.317242
0.337443
0.287986
0.304187
0.221711
0.322345
0.367737
0.204764
0.474568
0.204585
0.427418
0.249781
0.404907
0.418001
0.356071
0.127947
0.271181
0.325399
0.287320
0.120476
0.312128
0.576018
0.096084
0.163999
0.420485
0.143460
0.372472
0.122699
0.038855
0.565442
0.075888
0.345154
0.288302
0.576263
0.208179
0.289227
0.123516
0.057328
0.603458
0.278072
0.271758
0.516883
0.280274
0.690196
0.093251
0.390355
0.516408
0.316765
0.395590
0.118833
0.375964
0.426151
0.239792
0.454447
0.177165
0.409115
0.458816
0.257846
0.529283
0.331065
0.455584
0.795931
0.218376
0.144186
0.516490
0.435873
0.333077
0.329767
0.174283
0.573523
0.303391
0.052223
0.199620
0.249533
0.374997
0.416105
0.317473
0.353530
0.290593
0.097380
0.356710
0.336364
0.390475
0.325467
0.465570
0.353296
0.244765
0.450182
0.044759
0.182401
0.321472
0.277356
0.298922
0.430311
0.152879
0.524629
0.224008
0.246819
0.219324
0.250476
0.372394
0.228087
0.404872
0.132393
0.408585
0.144345
0.479356
0.274629
0.377005
0.567879
0.329641
0.273899
0.223723
0.307079
0.334752
0.126300
0.263763
0.593390
0.107811
0.230668
0.385983
0.084046
0.416558
0.161206
0.072844
0.648655
0.139604
0.268187
0.309749
0.549901
0.104314
0.296448
0.069092
0.116619
0.569650
0.292262
0.334023
0.440829
0.388662
0.715757
0.160215
0.438021
0.548033
0.332164
0.280708
0.141355
0.420674
0.360443
0.311255
0.522492
0.177307
0.380631
0.399339
0.144886
0.469494
0.363772
0.582682
0.800361
0.289051
0.039395
0.469230
0.487348
0.352138
0.341698
0.185111
0.598959
0.246934
0.078706
0.208272
0.150782
0.338000
0.375769
0.237882
0.323477
0.274248
0.047939
0.384092
0.326453
0.356147
0.282067
0.298177
0.226377
0.344356
0.363430
0.074552
0.169812
0.421944
0.469424
0.379685
0.407910
0.114899
0.483280
0.289742
0.212144
0.303862
0.259443
0.453366
0.147529
0.379318
0.187551
0.410107
0.042855
0.496029
0.466295
0.297431
0.495561
0.381226
0.366583
0.265248
0.193882
0.378414
0.180590
0.254410
0.442345
0.072624
0.337525
0.332099
0.032738
0.449549
0.147665
0.129496
0.593237
0.136407
0.256664
0.221476
0.635517
0.100205
0.268664
0.028323
0.231295
0.394751
0.193915
0.477967
0.388730
0.421974
0.646453
0.130414
0.422048
0.533464
0.383329
0.233356
0.083319
0.505848
0.296117
0.328256
0.499568
0.064739
0.310796
0.393828
0.115686
0.478503
0.340973
0.541788
0.668183
0.250224
0.088878
0.384507
0.404696
0.299800
0.436796
0.281634
0.659927
0.208148
0.102934
0.270360
0.092479
0.413277
0.312870
0.191562
0.256783
0.294166
0.101101
0.327868
0.280283
0.338988
0.342977
0.252721
0.212407
0.399834
0.187992
0.089004
0.213622
0.443838
0.587418
0.487765
0.283342
0.159712
0.373848
0.226027
0.338349
0.475068
0.308073
0.323264
0.218485
0.302623
0.277350
0.531110
0.028176
0.428158
0.637347
0.274399
0.462205
0.442010
0.381519
0.177697
0.129916
0.422607
0.086850
0.333267
0.308521
0.100142
0.368031
0.319960
0.113356
0.481962
0.030431
0.186292
0.398565
0.154768
0.333808
0.147394
0.653400
0.093316
0.281118
0.093346
0.271193
0.243835
0.152881
0.587548
0.397250
0.404966
0.430942
0.150090
0.294982
0.375452
0.347987
0.266705
0.103904
0.574113
0.419940
0.408377
0.463138
0.073091
0.342539
0.372467
0.177502
0.421722
0.326953
0.506293
0.559938
0.316034
0.116219
0.353290
0.351413
0.323615
0.446225
0.450579
0.624696
0.254844
0.192017
0.356242
0.104087
0.466851
0.277763
0.216846
0.181490
0.346961
0.223342
0.243781
0.219382
0.266439
0.590405
0.188623
0.266857
0.261698
0.317569
0.074386
0.209809
0.573273
0.630040
0.536612
0.135331
0.176723
0.265736
0.184501
0.519164
0.485708
0.302357
0.303021
0.262379
0.224481
0.323910
0.564999
0.113801
0.270999
0.688431
0.273922
0.540718
0.441616
0.325331
0.212420
0.122621
0.335207
0.067809
0.357792
0.342350
0.189587
0.404669
0.335756
0.105626
0.405830
0.122675
0.239498
0.311182
0.250988
0.351281
0.144595
0.567703
0.016478
0.199549
0.139969
0.297754
0.172565
0.156288
0.594693
0.380623
0.406727
0.317927
0.181586
0.180282
0.346054
0.324174
0.242150
0.238385
0.591078
0.463983
0.503284
0.521146
0.210809
0.422021
0.326776
0.269565
0.247745
0.239424
0.463173
0.502107
0.359286
0.197199
0.389301
0.366133
0.372320
0.377555
0.484557
0.533122
0.254565
0.244504
0.433645
0.094346
0.349243
0.229179
0.078214
0.118751
0.372562
0.277916
0.224472
0.073360
0.181374
0.750966
0.187970
0.296367
0.181898
0.319698
0.284035
0.137859
0.652515
0.541193
0.484980
0.086007
0.253910
0.127188
0.321203
0.477642
0.444231
0.292358
0.244178
0.195535
0.154577
0.287287
0.481332
0.208862
0.144475
0.591912
0.219448
0.579299
0.360362
0.282140
0.381078
0.092066
0.338180
0.124253
0.323176
0.386407
0.290231
0.509009
0.356457
0.041273
0.360353
0.211363
0.322591
0.347431
0.297089
0.278566
0.082905
0.413036
0.131624
0.257495
0.213121
0.320069
0.111536
0.184135
0.579885
0.284675
0.462715
0.332073
0.237984
0.084828
0.301555
0.320911
0.189195
0.331704
0.507234
0.456531
0.578415
0.621280
0.149630
0.392579
0.348251
0.305207
0.158109
0.156319
0.402495
0.363706
0.271477
0.223690
0.366870
0.344494
0.407040
0.332539
0.439710
0.439316
0.132246
0.291124
0.409079
0.157671
0.199370
0.213318
0.075220
0.031115
0.328234
0.282315
0.230245
0.127922
0.230863
0.708156
0.246543
0.242661
0.218652
0.224924
0.350982
0.111106
0.540033
0.508804
0.490074
0.070606
0.389232
0.198946
0.510308
0.395880
0.430356
0.359809
0.194326
0.171364
0.167850
0.256374
0.297630
0.318073
0.081889
0.493856
0.078421
0.407105
0.269702
0.312081
0.276146
0.228785
0.290112
0.172051
0.366104
0.374044
0.424560
0.585571
0.246662
0.113712
0.334975
0.351587
0.344338
0.310945
0.301648
0.182475
0.102735
0.360539
0.287337
0.218844
0.377407
0.348125
0.034222
0.244419
0.521457
0.234830
0.460837
0.303771
0.292953
0.157537
0.235252
0.266510
0.222767
0.429254
0.337892
0.437649
0.510147
0.623502
0.257576
0.288877
0.453421
0.309278
0.155958
0.137463
0.296276
0.187932
0.195896
0.248686
0.241701
0.290485
0.328148
0.344473
0.512920
0.473343
0.077041
0.377732
0.321459
0.182847
0.132330
0.282702
0.110683
0.054833
0.238844
0.256489
0.160210
0.295728
0.274210
0.661401
0.222217
0.262496
0.318925
0.221194
0.273900
0.036909
0.369444
0.476144
0.549056
0.165966
0.360340
0.238389
0.633620
0.350752
0.431272
0.414174
0.270413
0.159033
0.149199
0.221362
0.079695
0.270874
0.062927
0.455731
0.036704
0.334514
0.296698
0.356652
0.149323
0.252437
0.244543
0.121276
0.457877
0.236212
0.512126
0.654126
0.260765
0.141755
0.305713
0.359568
0.309053
0.184817
0.297986
0.101882
0.189937
0.383550
0.371473
0.127631
0.417218
0.404903
0.020481
0.412133
0.531867
0.321824
0.319011
0.333247
0.425283
0.179996
0.214022
0.163045
0.266670
0.501805
0.218210
0.378113
0.453162
0.504447
0.409136
0.215783
0.396936
0.345240
0.227095
0.140621
0.198246
0.091520
0.301077
0.304842
0.222780
0.271841
0.302651
0.243719
0.632944
0.475239
0.150690
0.482865
0.235251
0.130905
0.133224
0.316619
0.180298
0.101879
0.249045
0.166138
0.132516
0.253685
0.292881
0.641088
0.275363
0.273677
0.269592
0.315486
0.151457
0.269822
0.327076
0.408494
0.562244
0.235745
0.244277
0.167048
0.628943
0.343479
0.360181
0.323661
0.366411
0.099952
0.140041
0.155085
0.146315
0.179487
0.273741
0.421519
0.097917
0.297829
0.312024
0.350110
0.189277
0.255595
0.157512
0.106957
0.496668
0.134251
0.481981
0.612102
0.290948
0.194159
0.222606
0.353686
0.308140
0.136279
0.318066
0.050615
0.094792
0.386343
0.328025
0.119656
0.375443
0.423311
0.077898
0.397535
0.524628
0.307505
0.155137
0.241681
0.440255
0.129779
0.233527
0.058904
0.156333
0.505130
0.266427
0.381741
0.425044
0.308289
0.558646
0.175874
0.216592
0.393073
0.230522
0.272434
0.185776
0.049993
0.367047
0.406838
0.213070
0.304101
0.362929
0.111710
0.665565
0.362666
0.274813
0.504253
0.152147
0.138634
0.202038
0.282599
0.188459
0.158932
0.209042
0.158349
0.124453
0.071714
0.189961
0.578235
0.248269
0.169552
0.229529
0.242342
0.168969
0.390660
0.359879
0.321999
0.435572
0.280150
0.214772
0.188927
0.596262
0.216599
0.201913
0.375693
0.361928
0.048041
0.241015
0.119049
0.167730
0.129846
0.299973
0.319237
0.035332
0.142394
0.221580
0.312157
0.168283
0.229768
0.074999
0.211808
0.459786
0.126637
0.536207
0.537488
0.260497
0.284324
0.145268
0.350165
0.422209
0.095052
0.404524
0.196673
0.222367
0.336893
0.285319
0.298108
0.397931
0.383477
0.182233
0.278500
0.441457
0.104079
0.132963
0.233817
0.458850
0.129995
0.311398
0.066130
0.134901
0.565583
0.265150
0.357636
0.395929
0.066434
0.591381
0.188427
0.138033
0.471886
0.154153
0.347686
0.333248
0.102378
0.352544
0.546770
0.276705
0.284298
0.408258
0.067847
0.598033
0.165031
0.245632
0.393120
0.110217
0.106454
0.226906
0.155982
0.276035
0.086970
0.228940
0.259863
0.204386
0.070919
0.124365
0.455456
0.252207
0.075681
0.260259
0.286706
0.240759
0.373506
0.308024
0.211548
0.271904
0.375035
0.222406
0.290370
0.531636
0.188676
0.054576
0.405790
0.307732
0.171236
0.230938
0.121344
0.173652
0.219717
0.223554
0.264468
0.054939
0.055981
0.130402
0.352995
0.167023
0.235118
0.085869
0.281335
0.428368
0.185117
0.591783
0.313137
0.329146
0.380523
0.130948
0.419746
0.482609
0.143570
0.433746
0.253542
0.262539
0.322060
0.229373
0.408924
0.473898
0.451255
0.201638
0.262812
0.233112
0.053303
0.260046
0.213903
0.529519
0.156899
0.319314
0.218120
0.212181
0.730838
0.103074
0.394406
0.336755
0.099689
0.611148
0.180456
0.154833
0.435555
0.104874
0.289473
0.325815
0.228494
0.381531
0.589803
0.349473
0.227405
0.362846
0.091065
0.443680
0.109302
0.175391
0.206501
0.137194
0.138490
0.182664
0.188131
0.369856
0.032750
0.286207
0.339078
0.193262
0.176905
0.107189
0.341011
0.117277
0.045260
0.239252
0.264475
0.222083
0.368142
0.205557
0.145760
0.102191
0.403913
0.176774
0.180521
0.448364
0.266556
0.088973
0.332743
0.246490
0.319116
0.166427
0.134319
0.212432
0.346220
0.369091
0.206349
0.127605
0.089198
0.115364
0.143686
0.245110
0.253419
0.217562
0.371950
0.348406
0.203052
0.529576
0.111279
0.220351
0.399926
0.284374
0.511367
0.555250
0.193165
0.367639
0.181213
0.320401
0.277942
0.212667
0.379794
0.481635
0.585228
0.250969
0.338196
0.125672
0.077104
0.245253
0.170688
0.577304
0.153140
0.295907
0.309799
0.174213
0.827514
0.123655
0.425536
0.215957
0.117587
0.616231
0.241776
0.160042
0.367807
0.060638
0.234846
0.245210
0.255343
0.442929
0.547727
0.280932
0.263077
0.277595
0.131794
0.386689
0.101370
0.199142
0.180446
0.160058
0.241340
0.152986
0.163682
0.336439
0.112162
0.236610
0.364336
0.070893
0.433989
0.119749
0.203829
0.077035
0.075186
0.238208
0.170380
0.156187
0.473511
0.136672
0.141747
0.213481
0.310657
0.279213
0.188221
0.302559
0.289607
0.205774
0.418680
0.235401
0.414994
0.190209
0.030321
0.268971
0.359242
0.436542
0.184736
0.173171
0.180152
0.119370
0.124879
0.280393
0.297541
0.237817
0.479845
0.258649
0.055234
0.395362
0.027277
0.235047
0.427704
0.319929
0.544003
0.682428
0.254412
0.249183
0.178553
0.364632
0.288036
0.243768
0.361688
0.349081
0.528409
0.235037
0.428441
0.040227
0.196160
0.126330
0.133213
0.475653
0.192597
0.357225
0.336849
0.073221
0.667293
0.190387
0.392986
0.154666
0.059783
0.637524
0.297551
0.122455
0.280154
0.118117
0.206601
0.234096
0.199548
0.340675
0.503196
0.315419
0.140602
0.297868
0.101782
0.363197
0.070444
0.254611
0.257539
0.116905
0.309667
0.149445
0.089095
0.438050
0.174274
0.040462
0.334988
0.044118
0.686685
0.112496
0.133105
0.130186
0.143737
0.171440
0.141661
0.141285
0.567455
0.078744
0.162821
0.278248
0.332394
0.338427
0.073167
0.124405
0.256761
0.214605
0.562828
0.210099
0.419725
0.233480
0.093791
0.140478
0.215364
0.474896
0.178669
0.131509
0.196328
0.085508
0.151236
0.370077
0.312918
0.288487
0.486162
0.188711
0.050919
0.349401
0.077339
0.221197
0.465175
0.320088
0.444966
0.668681
0.299626
0.280781
0.322907
0.359609
0.225752
0.280035
0.405930
0.217704
0.391417
0.227284
0.378989
0.047012
0.209370
0.049720
0.142855
0.318302
0.173696
0.353968
0.311000
0.104834
0.496279
0.197670
0.382271
0.183048
0.052326
0.552226
0.284603
0.123152
0.234453
0.207149
0.289751
0.393169
0.225710
0.146840
0.450343
0.278928
0.104735
0.339461
0.130440
0.253237
0.139028
0.254066
0.330564
0.170400
0.348807
0.049032
0.152034
0.458449
0.170148
0.102326
0.267375
0.045314
0.743957
0.113879
0.180399
0.148685
0.076484
0.177624
0.205977
0.171192
0.517687
0.191792
0.096741
0.208619
0.286807
0.337181
0.129265
0.016127
0.230187
0.269442
0.502914
0.203666
0.452836
0.206878
0.093936
0.133098
0.206179
0.477870
0.136727
0.159549
0.135882
0.068885
0.235582
0.373457
0.326194
0.355661
0.344689
0.117942
0.090358
0.323877
0.054730
0.206706
0.532337
0.423690
0.341728
0.593393
0.302267
0.327190
0.290727
0.290941
0.254575
0.186442
0.414059
0.133426
0.358528
0.344042
0.307536
0.210786
0.206135
0.159958
0.158510
0.180105
0.200891
0.337386
0.354117
0.111567
0.454101
0.262495
0.408077
0.299429
0.053060
0.392454
0.255988
0.194458
0.136807
0.400877
0.360268
0.314481
0.131351
0.070642
0.283958
0.146702
0.287570
0.265222
0.196812
0.132044
0.136118
0.138532
0.227146
0.116245
0.346297
0.143313
0.142495
0.268685
0.156011
0.076810
0.194846
0.193274
0.602086
0.133797
0.180726
0.290583
0.117049
0.299169
0.226303
0.139104
0.386707
0.231940
0.157793
0.273727
0.233695
0.256748
0.132771
0.142975
0.147125
0.288340
0.409663
0.206301
0.469079
0.150267
0.047273
0.320868
0.245798
0.494858
0.098079
0.243399
0.087750
0.027250
0.271928
0.206641
0.339457
0.376843
0.306859
0.044418
0.115856
0.207008
0.089019
0.203694
0.502191
0.427873
0.323330
0.474518
0.293584
0.338955
0.189688
0.237034
0.329685
0.140758
0.323034
0.062098
0.378931
0.266019
0.295470
0.193292
0.223924
0.243666
0.149023
0.058924
0.269442
0.398231
0.242146
0.087504
0.356841
0.257869
0.336117
0.282576
0.041978
0.251866
0.231373
0.258667
0.032755
0.439684
0.297544
0.176572
0.222411
0.042105
0.124366
0.062978
0.258637
0.100216
0.178294
0.229333
0.190314
0.061501
0.117300
0.142202
0.311746
0.224823
0.107999
0.142942
0.233082
0.038938
0.140160
0.255967
0.515017
0.069103
0.068713
0.323259
0.195363
0.201880
0.156438
0.099343
0.324167
0.174475
0.130958
0.378349
0.171224
0.306142
0.133731
0.255392
0.122108
0.228102
0.318760
0.166446
0.398346
0.240348
0.138521
0.398502
0.306831
0.476014
0.045984
0.351845
0.213032
0.029124
0.248090
0.190360
0.313088
0.433261
0.235203
0.171936
0.147900
0.063192
0.168741
0.234776
0.398386
0.287238
0.355539
0.406437
0.251415
0.326721
0.205562
0.215767
0.296561
0.128103
0.168964
0.030635
0.250830
0.205894
0.315799
0.079246
0.271863
0.171115
0.296831
0.139538
0.306114
0.381133
0.218939
0.113704
0.154214
0.134568
0.291216
0.239545
0.186856
0.075637
0.196480
0.172544
0.034633
0.305837
0.212230
0.132075
0.307320
0.133195
0.082219
0.068459
0.100308
0.025774
0.195423
0.291962
0.142252
0.061184
0.103538
0.334859
0.289604
0.356431
0.181555
0.152355
0.308922
0.075430
0.260396
0.216639
0.581636
0.157575
0.216858
0.347607
0.162446
0.113229
0.160202
0.167326
0.316659
0.172737
0.031924
0.290914
0.202424
0.389678
0.122693
0.335927
0.115755
0.139718
0.217571
0.267516
0.226706
0.099334
0.277750
0.359411
0.187141
0.426956
0.109564
0.376265
0.312224
0.041752
0.210570
0.245873
0.180841
0.390874
0.162938
0.159201
0.187935
0.069060
0.151362
0.138233
0.307159
0.194653
0.261899
0.365501
0.195853
0.191414
0.321981
0.272310
0.229474
0.069883
0.049275
0.032089
0.246981
0.105244
0.216637
0.098013
0.285406
0.165944
0.360078
0.260317
0.325030
0.453545
0.152093
0.179606
0.014951
0.068026
0.209022
0.244826
0.096011
0.150166
0.227409
0.021163
0.081047
0.267455
0.213187
0.127914
0.448527
0.181111
0.126752
0.077881
0.048981
0.060898
0.320605
0.278903
0.088250
0.088273
0.173151
0.437793
0.331343
0.403479
0.209059
0.186405
0.324665
0.130289
0.339991
0.372449
0.575381
0.156336
0.232814
0.385061
0.157272
0.150761
0.021428
0.288091
0.265029
0.183625
0.105242
0.170544
0.270162
0.386249
0.322616
0.357518
0.061334
0.124896
0.330648
0.274710
0.054915
0.105897
0.336507
0.273886
0.149490
0.297794
0.147626
0.338555
0.298704
0.099749
0.200543
0.221207
0.080612
0.339075
0.150617
0.093870
0.275133
0.079739
0.389293
0.144986
0.262575
0.265389
0.144724
0.322807
0.093547
0.146869
0.426147
0.338754
0.279064
0.182360
0.068139
0.094404
0.333362
0.176310
0.127935
0.016780
0.241894
0.270913
0.299050
0.230134
0.339353
0.524773
0.093750
0.164264
0.153171
0.159968
0.149964
0.263356
0.195910
0.290346
0.276720
0.053974
0.118424
0.263612
0.194773
0.137400
0.601360
0.119335
0.220530
0.086362
0.045135
0.061573
0.437444
0.315015
0.108924
0.178297
0.202424
0.394541
0.323331
0.292776
0.298943
0.163565
0.319891
0.205086
0.269668
0.442749
0.451319
0.143267
0.253563
0.346098
0.196453
0.197832
0.032390
0.312890
0.057974
0.271357
0.114405
0.188458
0.235481
0.325134
0.378601
0.311207
0.211514
0.171246
0.442558
0.269334
0.014431
0.266422
0.325002
0.209547
0.186363
0.218809
0.200373
0.333872
0.313549
0.175981
0.276742
0.149776
0.084504
0.247933
0.119291
0.125695
0.402641
0.089112
0.449305
0.121196
0.088216
0.282777
0.138987
0.186552
0.016581
0.234132
0.441177
0.321456
0.286731
0.261220
0.068188
0.104970
0.287734
0.190852
0.120260
0.030895
0.257627
0.313180
0.223875
0.198617
0.337245
0.507810
0.131647
0.196075
0.306742
0.244368
0.111088
0.248068
0.269209
0.338666
0.195405
0.077425
0.144801
0.258768
0.211158
0.058199
0.674863
0.103404
0.271380
0.246656
0.090864
0.168633
0.481385
0.352222
0.162486
0.213352
0.230454
0.278376
0.414930
0.194229
0.305347
0.086247
0.424405
0.287212
0.147442
0.331997
0.326240
0.191608
0.163284
0.255269
0.303939
0.218095
0.024358
0.255495
0.065683
0.242287
0.089658
0.198226
0.153363
0.260718
0.279456
0.235488
0.281153
0.067161
0.442581
0.193973
0.144152
0.268279
0.276923
0.187577
0.232591
0.118455
0.299184
0.263427
0.319533
0.188780
0.189992
0.239504
0.117861
0.203183
0.126933
0.170787
0.363100
0.225363
0.323372
0.071391
0.121421
0.287863
0.171930
0.060369
0.181235
0.305048
0.379801
0.298347
0.157237
0.225506
0.039944
0.072086
0.291955
0.355808
0.119419
0.068000
0.308731
0.268610
0.190189
0.197565
0.301571
0.399068
0.216756
0.095733
0.427091
0.163323
0.056269
0.192726
0.268986
0.312163
0.097498
0.132432
0.139048
0.352054
0.272584
0.041588
0.651432
0.072632
0.264003
0.259818
0.190144
0.241651
0.427291
0.291212
0.148765
0.239537
0.222124
0.249656
0.462338
0.193277
0.203997
0.136190
0.542743
0.287670
0.159171
0.157571
0.296854
0.164892
0.076409
0.284781
0.382487
0.197859
0.062178
0.204643
0.116950
0.221332
0.085169
0.216807
0.036633
0.265724
0.219567
0.095899
0.161659
0.126289
0.400375
0.171512
0.081935
0.300447
0.266824
0.113474
0.232315
0.094512
0.401265
0.252819
0.384720
0.118758
0.185337
0.401916
0.033893
0.165127
0.136264
0.185257
0.328556
0.203774
0.232209
0.025698
0.172178
0.239404
0.267604
0.145881
0.310818
0.294204
0.390329
0.211306
0.068424
0.194623
0.077531
0.038029
0.402895
0.533138
0.024626
0.196712
0.372001
0.233314
0.203963
0.255201
0.299343
0.275894
0.167026
0.266881
0.487184
0.297409
0.065343
0.188415
0.212748
0.222229
0.060272
0.252220
0.150936
0.322171
0.280589
0.025733
0.560180
0.062797
0.244063
0.183947
0.128242
0.289970
0.279096
0.169361
0.192998
0.196486
0.157212
0.341966
0.331684
0.271998
0.169790
0.092091
0.534921
0.260583
0.171892
0.204351
0.118979
0.224405
0.086637
0.339161
0.349106
0.134812
0.167988
0.207245
0.210604
0.235128
0.130029
0.442576
0.079966
0.217150
0.242407
0.092561
0.029466
0.219342
0.273612
0.287960
0.257780
0.383334
0.265977
0.073370
0.224549
0.128771
0.368180
0.244715
0.354294
0.106870
0.138501
0.299284
0.146154
0.160041
0.169879
0.229398
0.310228
0.057191
0.197109
0.141208
0.226103
0.135048
0.284555
0.194516
0.377720
0.337816
0.420585
0.167131
0.081384
0.244831
0.230927
0.055169
0.367080
0.601870
0.139592
0.157419
0.321011
0.155367
0.180882
0.196523
0.321627
0.217889
0.209021
0.293782
0.463424
0.326361
0.062000
0.044894
0.192548
0.059638
0.080196
0.357106
0.111772
0.228200
0.252854
0.210335
0.441282
0.086570
0.204692
0.169433
0.213492
0.311558
0.115120
0.150221
0.244576
0.254731
0.074888
0.293237
0.082167
0.284294
0.161764
0.091535
0.426390
0.287134
0.222682
0.186013
0.347583
0.272535
0.122172
0.333796
0.328288
0.046629
0.218889
0.282019
0.221349
0.242331
0.086535
0.334743
0.159700
0.119772
0.346050
0.172418
0.062742
0.136630
0.185455
0.394490
0.387669
0.306254
0.232507
0.032840
0.377381
0.092767
0.299040
0.231071
0.246044
0.177658
0.211503
0.267625
0.187124
0.116282
0.189587
0.178190
0.392167
0.032963
0.242089
0.213553
0.280677
0.133336
0.217322
0.214893
0.302679
0.288295
0.360771
0.150002
0.088514
0.222803
0.308021
0.073097
0.267359
0.407883
0.211502
0.165420
0.176184
0.053025
0.177009
0.081700
0.293013
0.152854
0.296121
0.229324
0.437471
0.380739
0.026271
0.058615
0.188583
0.049470
0.055607
0.345165
0.123750
0.204313
0.264910
0.295579
0.301387
0.095595
0.106691
0.231131
0.360673
0.270029
0.070811
0.189048
0.182419
0.302290
0.028115
0.154484
0.084274
0.154483
0.199476
0.076046
0.321285
0.321327
0.198026
0.205576
0.352007
0.267727
0.189479
0.285626
0.363370
0.099758
0.243664
0.194433
0.198353
0.116795
0.035648
0.110112
0.035777
0.146110
0.387336
0.139698
0.104248
0.107886
0.126375
0.263370
0.323995
0.190403
0.222678
0.021456
0.386635
0.139669
0.248807
0.155028
0.230268
0.255013
0.273185
0.288852
0.126258
0.139919
0.224559
0.191211
0.458288
0.107649
0.387364
0.244975
0.297054
0.033807
0.190345
0.223622
0.269136
0.235203
0.281737
0.140984
0.162643
0.143719
0.253067
0.147888
0.356179
0.360490
0.156069
0.228579
0.106958
0.055774
0.160946
0.121778
0.136924
0.149210
0.259793
0.235922
0.451946
0.448487
0.057537
0.059254
0.125625
0.100280
0.069820
0.257001
0.124796
0.161396
0.281433
0.267682
0.277674
0.074559
0.115601
0.228505
0.466132
0.171199
0.111849
0.193522
0.132212
0.331147
0.128292
0.085734
0.041082
0.136969
0.195044
0.028405
0.356767
0.301915
0.178497
0.144307
0.348671
0.289492
0.244322
0.242736
0.362519
0.221551
0.230836
0.091414
0.161813
0.058916
0.045101
0.180940
0.188606
0.207207
0.321403
0.101179
0.092559
0.200553
0.167118
0.130067
0.141231
0.120490
0.256690
0.061927
0.223231
0.292224
0.173388
0.178271
0.308379
0.201431
0.259149
0.190893
0.119585
0.169712
0.225335
0.181933
0.316143
0.163516
0.299650
0.244166
0.238568
0.032765
0.181369
0.238034
0.229639
0.150960
0.265193
0.102796
0.311157
0.053446
0.192704
0.218874
0.265141
0.415703
0.114667
0.248762
0.087575
0.053949
0.047197
0.150295
0.028022
0.249733
0.253403
0.352617
0.365903
0.353776
0.074116
0.088990
0.136854
0.151670
0.147819
0.165245
0.076537
0.153917
0.177930
0.226377
0.361026
0.084633
0.162142
0.237543
0.439818
0.169603
0.207124
0.266474
0.098933
0.460810
0.201466
0.078252
0.081872
0.127182
0.121458
0.151160
0.295171
0.323056
0.192974
0.122463
0.360180
0.312546
0.114983
0.185070
0.238696
0.207929
0.184528
0.100822
0.198645
0.095760
0.049478
0.211403
0.327367
0.167929
0.171766
0.082971
0.148411
0.225392
0.206957
0.160922
0.154049
0.078088
0.251907
0.115558
0.188004
0.353756
0.058708
0.165263
0.251065
0.095943
0.269299
0.111501
0.138851
0.228790
0.306688
0.023932
0.115733
0.121532
0.223034
0.228641
0.240870
0.078499
0.167169
0.258771
0.242300
0.064596
0.196800
0.104275
0.376935
0.129628
0.273652
0.282976
0.110742
0.347893
0.170025
0.199954
0.071035
0.068836
0.054304
0.239717
0.062771
0.155525
0.313305
0.353984
0.294925
0.233084
0.084982
0.209690
0.100182
0.286346
0.222378
0.020909
0.070599
0.167436
0.163393
0.247815
0.347977
0.104267
0.194006
0.170930
0.341179
0.252037
0.245504
0.228719
0.056975
0.471154
0.216126
0.063833
0.144363
0.156863
0.089466
0.195070
0.152754
0.246392
0.187423
0.183136
0.227750
0.209132
0.178846
0.109784
0.104295
0.233915
0.183886
0.140269
0.160236
0.190918
0.134991
0.156650
0.285289
0.061434
0.025311
0.138511
0.209211
0.207930
0.152420
0.132186
0.251654
0.141568
0.174471
0.042049
0.188203
0.381964
0.129413
0.086051
0.079708
0.094351
0.250750
0.042736
0.120818
0.230617
0.313771
0.146440
0.116545
0.155106
0.313942
0.130497
0.160785
0.132586
0.122913
0.282036
0.144020
0.196627
0.173251
0.101087
0.325368
0.204357
0.212136
0.179212
0.174006
0.245063
0.249141
0.179702
0.188732
0.073687
0.113776
0.231415
0.157240
0.147239
0.316040
0.262541
0.251772
0.292988
0.098517
0.292674
0.187304
0.357760
0.258665
0.120612
0.138587
0.147733
0.121178
0.236650
0.333629
0.060354
0.197604
0.036520
0.287592
0.295690
0.255236
0.214591
0.067198
0.433327
0.235065
0.083513
0.214531
0.158315
0.158693
0.194448
0.156174
0.156640
0.211031
0.208902
0.035409
0.145248
0.333612
0.058284
0.130540
0.261631
0.157576
0.147315
0.082490
0.295371
0.183187
0.108746
0.178001
0.065611
0.078841
0.080544
0.232919
0.115856
0.217394
0.078391
0.288907
0.262596
0.258591
0.059093
0.107736
0.353336
0.197201
0.057290
0.191881
0.187158
0.139118
0.026507
0.071179
0.231626
0.200619
0.179680
0.106952
0.159654
0.353620
0.058598
0.039857
0.117641
0.226233
0.174200
0.106855
0.336448
0.344467
0.110455
0.269881
0.295385
0.110504
0.038070
0.169158
0.307574
0.210900
0.174616
0.149552
0.216766
0.137990
0.124595
0.208159
0.188152
0.194645
0.163352
0.239803
0.354013
0.191016
0.279091
0.149798
0.303700
0.373141
0.035819
0.259800
0.138478
0.066268
0.232996
0.302670
0.027328
0.109040
0.102693
0.152895
0.250447
0.210423
0.278227
0.132930
0.408919
0.340487
0.182221
0.264725
0.214163
0.154183
0.316283
0.100113
0.114131
0.197727
0.232094
0.040386
0.129053
0.356454
0.040605
0.129106
0.266376
0.252630
0.245600
0.074666
0.353528
0.229816
0.033452
0.114976
0.139254
0.055801
0.061597
0.287638
0.120587
0.204132
0.160665
0.232319
0.221397
0.188206
0.137993
0.318000
0.273254
0.215420
0.126050
0.156929
0.131597
0.095615
0.191804
0.073311
0.184692
0.054248
0.168114
0.203730
0.159382
0.352151
0.058724
0.057642
0.110836
0.192318
0.197524
0.170034
0.379973
0.429408
0.203285
0.217108
0.285958
0.176689
0.057727
0.173062
0.305297
0.182017
0.107889
0.063855
0.312803
0.139771
0.155543
0.175205
0.209333
0.011273
0.102201
0.184887
0.277626
0.302479
0.265082
0.190432
0.249447
0.454876
0.113008
0.306065
0.207804
0.234452
0.196289
0.359592
0.028447
0.055515
0.174019
0.073379
0.259888
0.233318
0.174819
0.134875
0.359443
0.347964
0.244168
0.386651
0.269349
0.074990
0.389193
0.191026
0.096560
0.265950
0.198374
0.041383
0.015173
0.365788
0.070382
0.023815
0.168686
0.199603
0.283835
0.054039
0.350194
0.128845
0.186176
0.250892
0.163167
0.010377
0.041099
0.291097
0.133187
0.227647
0.134295
0.154084
0.145181
0.017788
0.088174
0.395641
0.225072
0.220417
0.073319
0.179137
0.118984
0.265422
0.282487
0.118977
0.117104
0.136467
0.208400
0.290162
0.146289
0.351604
0.131204
0.020962
0.121600
0.091908
0.157021
0.118646
0.379464
0.407355
0.273257
0.145999
0.247581
0.120905
0.012926
0.227659
0.209681
0.194598
0.158436
0.071477
0.327357
0.080480
0.248154
0.153765
0.231730
0.091822
0.074078
0.078992
0.076297
0.284788
0.324167
0.228025
0.241175
0.369131
0.101173
0.204666
0.168223
0.167319
0.259421
0.360717
0.033608
0.100425
0.241082
0.064953
0.218565
0.241663
0.165321
0.069774
0.239182
0.261833
0.273162
0.444462
0.290474
0.044994
0.299401
0.327158
0.156799
0.235342
0.206583
0.019539
0.133446
0.477538
0.184227
0.146632
0.118542
0.130921
0.385556
0.023553
0.225873
0.142851
0.355775
0.213033
0.144195
0.050384
0.080481
0.290489
0.167232
0.296943
0.033162
0.114621
0.112104
0.123009
0.170311
0.425976
0.244646
0.237542
0.070540
0.239529
0.110992
0.198208
0.222899
0.220453
0.125619
0.168735
0.310501
0.292043
0.140736
0.329170
0.176686
0.055656
0.138132
0.136356
0.132471
0.100248
0.407166
0.325570
0.291276
0.072428
0.252614
0.094371
0.007531
0.175941
0.135465
0.235040
0.180525
0.053003
0.313126
0.077708
0.252940
0.176988
0.336066
0.122064
0.068806
0.078140
0.141637
0.269718
0.288914
0.075589
0.210081
0.145076
0.084226
0.154126
0.168739
0.198667
0.306391
0.318147
0.032940
0.114248
0.241688
0.159950
0.095124
0.223998
0.214338
0.054115
0.129015
0.165513
0.295194
0.232200
0.355888
0.102457
0.445273
0.346800
0.204877
0.133651
0.182442
0.038580
0.170575
0.529496
0.271195
0.162801
0.146127
0.070859
0.525820
0.139561
0.174605
0.084825
0.338410
0.115055
0.147929
0.079847
0.097781
0.219865
0.166741
0.341350
0.064883
0.057513
0.126815
0.198769
0.169176
0.446902
0.243419
0.198999
0.057240
0.260673
0.088603
0.256381
0.272813
0.240636
0.164503
0.173527
0.330560
0.270476
0.128878
0.245856
0.146751
0.222129
0.176174
0.117761
0.192636
0.243126
0.364112
0.263534
0.307558
0.125480
0.307471
0.181802
0.076618
0.049152
0.100126
0.132129
0.181851
0.108515
0.247129
0.158184
0.200342
0.251468
0.350396
0.102437
0.139083
0.101899
0.108638
0.316472
0.226558
0.100842
0.102053
0.137823
0.098198
0.141131
0.125369
0.200127
0.296288
0.321346
0.094418
0.129899
0.162457
0.184074
0.009580
0.236095
0.187186
0.039611
0.010378
0.073467
0.240413
0.001478
0.419019
0.154918
0.361779
0.249217
0.191809
0.152971
0.149875
0.078874
0.103856
0.377042
0.308721
0.149765
0.199477
0.047307
0.487217
0.174292
0.267439
0.021800
0.303091
0.241068
0.173041
0.070659
0.090934
0.135334
0.170605
0.317636
0.160524
0.073842
0.064162
0.186327
0.190819
0.333771
0.074866
0.137087
0.091204
0.239846
0.076476
0.410023
0.375790
0.211749
0.212326
0.179979
0.230322
0.296618
0.078988
0.128695
0.148279
0.156261
0.250146
0.114151
0.229230
0.259189
0.476857
0.245201
0.239899
0.071382
0.233750
0.354059
0.065550
0.124906
0.129082
0.229058
0.214902
0.137882
0.126502
0.156425
0.233710
0.298718
0.267204
0.084307
0.220226
0.186461
0.116887
0.336547
0.140346
0.040358
0.098248
0.180657
0.099254
0.093718
0.117229
0.188530
0.221038
0.310277
0.072955
0.097936
0.099623
0.201709
0.038337
0.159975
0.103847
0.153096
0.101510
0.026152
0.162352
0.075082
0.326882
0.157334
0.187000
0.141375
0.225638
0.138704
0.139081
0.090293
0.142132
0.166205
0.222467
0.242444
0.199439
0.071075
0.347534
0.246967
0.126953
0.075294
0.363551
0.251641
0.233636
0.122362
0.061392
0.072173
0.079718
0.265306
0.123452
0.050694
0.100166
0.171896
0.250443
0.282756
0.122764
0.189983
0.166529
0.217785
0.135467
0.364373
0.341131
0.312140
0.179639
0.120435
0.215756
0.181450
0.071531
0.087909
0.130857
0.206646
0.266057
0.072768
0.187186
0.226825
0.423119
0.135502
0.147138
0.062707
0.072197
0.352374
0.131936
0.223539
0.244848
0.255697
0.232659
0.077334
0.108114
0.051603
0.169796
0.202943
0.152135
0.153775
0.229472
0.049371
0.217130
0.292726
0.105706
0.085103
0.201132
0.352089
0.090155
0.180753
0.139805
0.123707
0.216003
0.305020
0.141829
0.027301
0.096090
0.229904
0.117760
0.063230
0.143018
0.257822
0.209317
0.033606
0.180753
0.075291
0.184509
0.251145
0.130221
0.100948
0.285790
0.127473
0.132294
0.109701
0.168548
0.112519
0.196236
0.293485
0.185983
0.206567
0.173302
0.118680
0.194643
0.165511
0.438518
0.246863
0.239864
0.151191
0.081354
0.111476
0.082682
0.180394
0.086297
0.084801
0.077120
0.194097
0.301489
0.241104
0.156820
0.224662
0.182617
0.246587
0.305009
0.256428
0.209478
0.183532
0.135064
0.124531
0.160691
0.159390
0.092282
0.035393
0.113535
0.211760
0.233115
0.023839
0.175118
0.292105
0.372801
0.043030
0.047642
0.147824
0.111594
0.361371
0.124312
0.226438
0.317325
0.179711
0.096352
0.051566
0.152053
0.229542
0.199651
0.089515
0.168830
0.188126
0.140979
0.117571
0.362055
0.140040
0.103993
0.251363
0.310456
0.482860
0.038015
0.237085
0.161345
0.115518
0.156220
0.273550
0.165695
0.060959
0.084801
0.249980
0.216266
0.104055
0.091745
0.364728
0.227189
0.073819
0.208390
0.027089
0.134003
0.333182
0.138841
0.113931
0.315871
0.109399
0.058257
0.113322
0.124332
0.109858
0.221647
0.300939
0.180169
0.316280
0.139870
0.107090
0.207439
0.176361
0.452627
0.452395
0.259971
0.114400
0.235156
0.068476
0.127517
0.035009
0.177456
0.069591
0.065792
0.221472
0.237387
0.139417
0.146773
0.195200
0.079925
0.300384
0.398068
0.165933
0.127889
0.049878
0.086658
0.187217
0.110001
0.158849
0.141921
0.029522
0.206749
0.239829
0.217013
0.118406
0.184817
0.311621
0.440968
0.158141
0.144744
0.188311
0.058541
0.243673
0.070553
0.138138
0.370920
0.220750
0.147176
0.045556
0.135200
0.166979
0.156198
0.101018
0.126640
0.268787
0.130169
0.019339
0.364015
0.002579
0.084441
0.261950
0.400561
0.497259
0.050510
0.271763
0.144047
0.156703
0.182417
0.210882
0.119424
0.037713
0.125640
0.251865
0.201693
0.122180
0.109609
0.224900
0.187915
0.105230
0.156996
0.141821
0.151429
0.350031
0.101735
0.112969
0.269064
0.069923
0.049965
0.296469
0.103499
0.146317
0.233680
0.281612
0.153468
0.309832
0.133320
0.081994
0.227530
0.101754
0.385831
0.496238
0.252616
0.153647
0.269288
0.149095
0.212589
0.259514
0.150471
0.099463
0.162815
0.165969
0.058618
0.130789
0.233339
0.133633
0.146854
0.265276
0.475371
0.153544
0.214665
0.058044
0.077759
0.300611
0.244358
0.105485
0.194617
0.136422
0.252439
0.172094
0.178201
0.142191
0.221552
0.186621
0.481816
0.097977
0.289336
0.215726
0.103390
0.098323
0.018171
0.152524
0.438974
0.201334
0.150894
0.023310
0.158396
0.082701
0.279115
0.225370
0.051712
0.316291
0.143419
0.199777
0.336651
0.077615
0.107925
0.198186
0.373696
0.506434
0.061395
0.261857
0.085809
0.190683
0.204284
0.101394
0.022226
0.086197
0.136486
0.146154
0.169233
0.142513
0.219812
0.088280
0.245996
0.125181
0.235037
0.246573
0.258649
0.360485
0.077500
0.059725
0.316031
0.118079
0.139361
0.238836
0.080404
0.277031
0.146285
0.288469
0.222216
0.205581
0.103391
0.081759
0.226839
0.119225
0.371073
0.319354
0.222424
0.131870
0.288159
0.155928
0.379532
0.295676
0.149387
0.084514
0.233438
0.024250
0.137067
0.056123
0.372842
0.063662
0.224498
0.199924
0.505382
0.151946
0.177764
0.014974
0.036287
0.320464
0.310738
0.134497
0.230775
0.289613
0.242162
0.172324
0.148906
0.110885
0.160329
0.132622
0.390678
0.170094
0.368255
0.148827
0.336419
0.061323
0.121262
0.315225
0.489456
0.204803
0.085290
0.071516
0.167810
0.237367
0.308697
0.248840
0.079541
0.247471
0.128568
0.140474
0.268942
0.188649
0.215950
0.265188
0.252905
0.529623
0.073911
0.281643
0.165974
0.217430
0.348964
0.051021
0.183647
0.093562
0.135260
0.188751
0.155030
0.173084
0.259878
0.128565
0.342910
0.170033
0.346380
0.181011
0.329064
0.357434
0.062285
0.057903
0.396373
0.071072
0.415355
0.128912
0.214297
0.385214
0.139914
0.184975
0.242264
0.183054
0.094742
0.047073
0.225238
0.165702
0.269957
0.101825
0.098346
0.214473
0.279128
0.161608
0.431355
0.211112
0.205781
0.039108
0.248191
0.089319
0.188534
0.079887
0.340557
0.073188
0.240936
0.128811
0.509465
0.132360
0.172356
0.073092
0.055727
0.223250
0.385850
0.226014
0.252642
0.303132
0.255317
0.144670
0.125750
0.117330
0.122952
0.084781
0.256833
0.267834
0.356938
0.118652
0.433221
0.159584
0.193836
0.304353
0.432452
0.149557
0.115498
0.041414
0.113243
0.361866
0.262793
0.121808
0.084907
0.170929
0.087681
0.085565
0.291865
0.283589
0.174420
0.277475
0.179965
0.439697
0.065452
0.280884
0.313471
0.236828
0.332056
0.111498
0.292345
0.105355
0.135131
0.276636
0.125406
0.303095
0.221838
0.074883
0.347946
0.172616
0.500616
0.135242
0.265028
0.349866
0.193234
0.041020
0.356696
0.095598
0.534713
0.065834
0.240539
0.512884
0.182320
0.067705
0.356033
0.295622
0.122980
0.100916
0.241335
0.301235
0.348919
0.084859
0.126633
0.259982
0.338703
0.153018
0.421825
0.251626
0.254055
0.062273
0.294263
0.130421
0.251680
0.169155
0.280517
0.026058
0.177585
0.043553
0.490168
0.118254
0.309552
0.221144
0.137634
0.187605
0.510906
0.287175
0.372607
0.278391
0.265166
0.091293
0.253778
0.126095
0.220465
0.072886
0.176361
0.164236
0.275039
0.106818
0.367887
0.203162
0.194898
0.243616
0.257855
0.128253
0.169761
0.124386
0.224629
0.368689
0.299338
0.084585
0.050301
0.120700
0.035928
0.263809
0.305515
0.269984
0.102293
0.162158
0.138389
0.235519
0.050648
0.263242
0.306199
0.215438
0.221948
0.152830
0.347325
0.083314
0.129396
0.213050
0.065974
0.311661
0.109788
0.161506
0.323463
0.241444
0.462117
0.052178
0.245044
0.315047
0.326290
0.036881
0.227184
0.085175
0.361363
0.083571
0.157312
0.696270
0.127708
0.047242
0.386011
0.246511
0.191955
0.225428
0.198539
0.340315
0.257809
0.163440
0.176832
0.271233
0.272248
0.154403
0.440629
0.315059
0.254064
0.138992
0.263126
0.030987
0.363310
0.153712
0.322187
0.090616
0.096076
0.053429
0.480306
0.033669
0.292208
0.212635
0.250811
0.161001
0.600011
0.314154
0.391810
0.204590
0.244877
0.211140
0.329007
0.026698
0.288568
0.144986
0.130579
0.089606
0.285954
0.235756
0.385663
0.107441
0.152232
0.168281
0.285846
0.075138
0.157145
0.153041
0.117804
0.476724
0.340626
0.032152
0.085783
0.102260
0.093309
0.389521
0.243390
0.254438
0.106531
0.195223
0.199083
0.062797
0.080503
0.287495
0.281526
0.207026
0.243279
0.252441
0.366152
0.142585
0.105974
0.228286
0.065109
0.260934
0.077245
0.210437
0.307143
0.308281
0.356150
0.098228
0.273984
0.243078
0.330401
0.114668
0.085073
0.048436
0.229935
0.151837
0.142820
0.763718
0.028162
0.056782
0.314020
0.116028
0.252365
0.314108
0.225184
0.288319
0.199106
0.039546
0.135818
0.245698
0.173940
0.171882
0.496333
0.193772
0.219878
0.093690
0.186565
0.118965
0.444547
0.136112
0.322821
0.051805
0.122849
0.103946
0.410972
0.143851
0.259789
0.090840
0.183933
0.135700
0.574149
0.251299
0.350204
0.173250
0.220280
0.360218
0.165460
0.060546
0.240357
0.233155
0.160580
0.071641
0.403581
0.334864
0.312853
0.073454
0.076861
0.066328
0.379065
0.106838
0.141769
0.145487
0.084615
0.421747
0.374620
0.155353
0.066681
0.173262
0.150603
0.285056
0.151373
0.265569
0.111980
0.228727
0.168283
0.046277
0.054932
0.249612
0.298682
0.120128
0.319069
0.251469
0.329554
0.113729
0.079577
0.380677
0.032983
0.363823
0.188767
0.164007
0.300627
0.311197
0.243064
0.229218
0.179356
0.198895
0.269458
0.116310
0.130937
0.115040
0.226630
0.141549
0.175696
0.625684
0.077525
0.063152
0.381669
0.061789
0.229575
0.343048
0.299809
0.255744
0.301293
0.079382
0.113445
0.302435
0.212971
0.125205
0.443354
0.131815
0.243010
0.050069
0.239576
0.168911
0.405459
0.146995
0.177370
0.213667
0.148564
0.058354
0.208865
0.247637
0.363811
0.042509
0.112004
0.232124
0.563189
0.216869
0.311119
0.172448
0.327312
0.403495
0.158075
0.041558
0.184042
0.244725
0.156570
0.112559
0.340159
0.207723
0.175206
0.098307
0.085781
0.137493
0.363541
0.159796
0.179843
0.010952
0.172082
0.399434
0.256790
0.235005
0.036015
0.212042
0.120447
0.252228
0.104624
0.320191
0.206416
0.228811
0.184784
0.162399
0.078775
0.125635
0.213267
0.076249
0.338572
0.266436
0.297823
0.058962
0.120022
0.473012
0.107849
0.432502
0.216938
0.170856
0.173225
0.322267
0.229823
0.271704
0.145757
0.218064
0.256277
0.158702
0.123457
0.209576
0.153476
0.150907
0.261843
0.462557
0.114151
0.046495
0.465475
0.195453
0.229626
0.389466
0.376511
0.300475
0.309246
0.179455
0.101109
0.378376
0.165373
0.172441
0.364390
0.165353
0.360580
0.087306
0.238747
0.136916
0.524159
0.171871
0.058761
0.316651
0.032666
0.063444
0.189558
0.295209
0.369035
0.023428
0.161221
0.358621
0.515767
0.229383
0.305653
0.200727
0.431552
0.259892
0.237300
0.033460
0.200824
0.249854
0.230035
0.098550
0.259704
0.086261
0.216948
0.187919
0.144093
0.234211
0.242463
0.217257
0.347030
0.131107
0.217835
0.365702
0.114029
0.153811
0.090532
0.268023
0.272512
0.402423
0.131664
0.305464
0.182634
0.196083
0.155344
0.327727
0.135240
0.064033
0.163469
0.265077
0.275976
0.278540
0.288205
0.102831
0.079095
0.395016
0.246782
0.325430
0.216969
0.204085
0.154215
0.242129
0.211057
0.221852
0.270265
0.219963
0.217145
0.167460
0.120547
0.265182
0.046368
0.130829
0.319278
0.366514
0.094762
0.134283
0.414848
0.257844
0.157799
0.385041
0.392805
0.315615
0.146519
0.090081
0.101983
0.339715
0.012924
0.230494
0.252617
0.205007
0.305520
0.241477
0.170479
0.100826
0.574102
0.066082
0.029303
0.255669
0.154679
0.047604
0.196154
0.292767
0.322198
0.111978
0.148941
0.363670
0.335679
0.254920
0.234538
0.215707
0.530977
0.119486
0.249565
0.122910
0.124028
0.254852
0.297235
0.158502
0.135396
0.116640
0.198072
0.186878
0.227762
0.259544
0.231977
0.197464
0.286064
0.091173
0.213874
0.316782
0.068590
0.124396
0.094657
0.360644
0.409427
0.387080
0.067168
0.222816
0.237523
0.202318
0.112859
0.362040
0.121628
0.039416
0.224623
0.288500
0.251030
0.348770
0.240800
0.101997
0.098731
0.257697
0.387691
0.076024
0.239987
0.073754
0.217847
0.154166
0.091771
0.061600
0.307959
0.187288
0.141371
0.103105
0.190958
0.266537
0.159330
0.047595
0.314246
0.343324
0.146590
0.102983
0.294770
0.175815
0.125959
0.305485
0.295716
0.164515
0.138723
0.101862
0.128297
0.266044
0.076202
0.295931
0.274831
0.280849
0.255575
0.344424
0.067601
0.140785
0.494452
0.129101
0.070426
0.225671
0.104265
0.066816
0.268432
0.240324
0.251957
0.118239
0.176867
0.344664
0.115074
0.228965
0.273915
0.246273
0.433805
0.075896
0.207270
0.196069
0.041847
0.177123
0.294080
0.211765
0.146594
0.129252
0.106785
0.150882
0.215009
0.258391
0.341270
0.203095
0.282532
0.139735
0.119600
0.256935
0.126360
0.119449
0.148361
0.375296
0.423295
0.233078
0.050240
0.269041
0.182953
0.218395
0.058557
0.305922
0.069797
0.107139
0.148620
0.285031
0.247112
0.341602
0.175906
0.144741
0.121065
0.269841
0.349307
0.083534
0.183601
0.123249
0.175985
0.158941
0.071350
0.065976
0.186535
0.127499
0.163465
0.089222
0.212650
0.259014
0.233818
0.041641
0.211851
0.250169
0.234076
0.111825
0.306122
0.192936
0.060413
0.286151
0.145907
0.112078
0.061615
0.035009
0.163883
0.220550
0.166800
0.320583
0.292934
0.251599
0.264559
0.418967
0.151381
0.175689
0.340033
0.247967
0.131302
0.291582
0.068328
0.048991
0.366325
0.197754
0.143421
0.141029
0.208245
0.215146
0.040010
0.163459
0.272750
0.209289
0.239942
0.115528
0.250451
0.208547
0.102231
0.040742
0.261336
0.254236
0.112652
0.053464
0.058761
0.166482
0.195406
0.159530
0.505386
0.228403
0.238389
0.151515
0.098396
0.207287
0.123398
0.091192
0.120156
0.244475
0.316412
0.188384
0.029805
0.379202
0.177097
0.263104
0.044316
0.234770
0.062437
0.218923
0.106677
0.384898
0.203561
0.227860
0.108761
0.205058
0.100134
0.254969
0.229308
0.203641
0.179115
0.243067
0.321863
0.156875
0.027257
0.045626
0.178390
0.097340
0.167162
0.195638
0.262378
0.228476
0.390036
0.175937
0.183019
0.143003
0.306623
0.128849
0.304089
0.135675
0.077420
0.337115
0.175609
0.025211
0.015788
0.028893
0.058313
0.082803
0.160928
0.173107
0.375269
0.196603
0.320474
0.433512
0.172656
0.172972
0.269034
0.246776
0.151484
0.319282
0.134599
0.140328
0.379615
0.197881
0.053305
0.317023
0.223683
0.119313
0.133821
0.209883
0.279876
0.195800
0.131331
0.160259
0.296384
0.022050
0.225466
0.090805
0.289856
0.284330
0.082158
0.198072
0.165485
0.223291
0.177714
0.147656
0.571936
0.283721
0.180289
0.100278
0.122194
0.253963
0.129776
0.194608
0.212272
0.222313
0.308788
0.167574
0.194907
0.320436
0.114436
0.329229
0.012635
0.254676
0.019290
0.238196
0.247352
0.521695
0.154579
0.122603
0.141225
0.217863
0.096354
0.178810
0.128330
0.373220
0.178564
0.356401
0.400983
0.028325
0.087753
0.177998
0.247010
0.155267
0.100089
0.277873
0.240585
0.156438
0.601914
0.228968
0.240254
0.087749
0.397088
0.248743
0.132156
0.121194
0.198671
0.323475
0.205742
0.130563
0.159932
0.164372
0.196452
0.081582
0.132381
0.106867
0.375577
0.205177
0.187203
0.390554
0.204630
0.161092
0.182483
0.312439
0.226448
0.274127
0.078028
0.083885
0.433352
0.244300
0.155244
0.338890
0.084962
0.247102
0.156945
0.149555
0.266650
0.165419
0.060662
0.099103
0.217089
0.113910
0.317314
0.195920
0.272252
0.280166
0.136153
0.224169
0.139574
0.223124
0.112538
0.155170
0.499610
0.324716
0.266225
0.102239
0.095409
0.363393
0.166269
0.265595
0.265518
0.189000
0.274462
0.017019
0.199132
0.187422
0.048691
0.393494
0.095348
0.241299
0.114670
0.268019
0.296410
0.554548
0.155036
0.045612
0.256141
0.140204
0.100122
0.227501
0.226983
0.578296
0.125875
0.281185
0.220620
0.133940
0.058894
0.257038
0.239612
0.201598
0.160895
0.296216
0.142328
0.138095
0.626957
0.317748
0.261089
0.177900
0.458346
0.338568
0.129736
0.082735
0.333661
0.178099
0.185240
0.130660
0.333091
0.354139
0.377494
0.141542
0.164066
0.184851
0.249448
0.254569
0.166624
0.373135
0.242877
0.170072
0.181106
0.477785
0.334998
0.217101
0.112489
0.095044
0.504154
0.288677
0.174809
0.244582
0.056436
0.264368
0.229229
0.170925
0.201124
0.129010
0.025630
0.094903
0.222068
0.146763
0.323822
0.374108
0.189754
0.217734
0.102929
0.357534
0.138787
0.312958
0.091352
0.161017
0.419522
0.279507
0.188391
0.109755
0.015975
0.401748
0.134914
0.330237
0.299501
0.150776
0.171774
0.108269
0.121285
0.146879
0.030574
0.361500
0.179649
0.236310
0.229646
0.348030
0.315769
0.486472
0.114943
0.148722
0.298812
0.056549
0.147184
0.146801
0.242969
0.610452
0.032816
0.094166
0.097303
0.163577
0.169161
0.170057
0.162564
0.182505
0.280278
0.263245
0.181396
0.181868
0.563173
0.397096
0.141870
0.298168
0.418303
0.157843
0.175010
0.131744
0.420331
0.145542
0.097797
0.054822
0.250972
0.325274
0.476931
0.212540
0.211188
0.251138
0.177970
0.269078
0.134658
0.375966
0.235762
0.185479
0.094711
0.551740
0.337347
0.260483
0.188902
0.184000
0.479778
0.263688
0.195121
0.269615
0.058972
0.250770
0.229479
0.152830
0.156071
0.180078
0.040129
0.113710
0.230483
0.187473
0.292720
0.513723
0.154348
0.132206
0.116233
0.465439
0.093123
0.361202
0.193029
0.130712
0.401484
0.284933
0.237930
0.099665
0.083843
0.408552
0.148869
0.286874
0.296281
0.135777
0.147603
0.253735
0.208102
0.192644
0.102046
0.238417
0.130164
0.216823
0.391064
0.279088
0.386472
0.412910
0.039892
0.229469
0.263969
0.197537
0.220425
0.236950
0.156733
0.490432
0.057958
0.114251
0.111170
0.137917
0.123867
0.038325
0.208971
0.181931
0.332925
0.285886
0.191373
0.210401
0.439052
0.472823
0.142080
0.396384
0.331924
0.224830
0.158586
0.225608
0.319411
0.150217
0.117741
0.059417
0.095078
0.370793
0.542171
0.236694
0.207750
0.280446
0.119481
0.248721
0.169256
0.354018
0.192588
0.165047
0.084812
0.513911
0.252874
0.300503
0.163198
0.222096
0.283240
0.227537
0.291141
0.331802
0.038374
0.223946
0.242173
0.111260
0.142582
0.273085
0.060531
0.133657
0.238909
0.192626
0.308010
0.557338
0.237405
0.049053
0.326989
0.433346
0.131134
0.258653
0.325985
0.101432
0.358300
0.336132
0.281864
0.112785
0.227792
0.402765
0.088225
0.199300
0.187652
0.131941
0.318249
0.241516
0.266207
0.260999
0.110630
0.118108
0.055897
0.253952
0.475941
0.212351
0.434721
0.366669
0.087454
0.325472
0.212295
0.331687
0.196091
0.370625
0.059666
0.386033
0.127784
0.277206
0.134806
0.201821
0.105813
0.112806
0.283606
0.243064
0.292085
0.218192
0.237155
0.147296
0.316028
0.436417
0.130231
0.457597
0.264492
0.158266
0.206363
0.224226
0.169592
0.198371
0.136956
0.120375
0.022886
0.352800
0.604463
0.280278
0.249450
0.230844
0.105574
0.176260
0.170229
0.300351
0.192305
0.127689
0.148926
0.460568
0.123040
0.283599
0.113663
0.251658
0.140422
0.237675
0.449709
0.323936
0.074558
0.302724
0.204624
0.137244
0.115354
0.246300
0.044357
0.259113
0.217635
0.394878
0.363026
0.546515
0.183455
0.046988
0.411427
0.360658
0.053220
0.252107
0.312624
0.175392
0.260359
0.262028
0.283584
0.101637
0.385871
0.366169
0.144682
0.130152
0.057392
0.228779
0.336497
0.224103
0.263725
0.197129
0.292299
0.095102
0.079488
0.272639
0.466309
0.200183
0.391342
0.255939
0.073405
0.409757
0.247513
0.277722
0.176274
0.236088
0.140945
0.401664
0.166945
0.305158
0.270987
0.168563
0.211363
0.258134
0.165576
0.200810
0.182195
0.221437
0.274071
0.071518
0.259015
0.360939
0.083561
0.436627
0.263502
0.015767
0.296783
0.225374
0.113888
0.136822
0.164926
0.242609
0.125226
0.392120
0.696592
0.269362
0.170915
0.282518
0.218053
0.145871
0.238244
0.251994
0.086554
0.155238
0.191759
0.477216
0.082668
0.182675
0.164592
0.319235
0.198387
0.214770
0.390569
0.217732
0.034466
0.476532
0.152637
0.241427
0.086609
0.243057
0.077697
0.231961
0.120995
0.535211
0.394473
0.521400
0.069522
0.062360
0.423195
0.404913
0.055572
0.248330
0.174165
0.205532
0.209842
0.198390
0.243807
0.070468
0.328438
0.322555
0.260928
0.072167
0.101624
0.273121
0.323958
0.262225
0.229541
0.192533
0.448275
0.014005
0.235156
0.269556
0.449071
0.167957
0.324400
0.161277
0.109689
0.474555
0.197535
0.160924
0.265733
0.241867
0.294937
0.450578
0.159124
0.445615
0.262377
0.240284
0.117625
0.341492
0.025656
0.246201
0.096701
0.237250
0.256880
0.034945
0.283714
0.289669
0.160082
0.364294
0.263096
0.015380
0.300861
0.328251
0.097051
0.114188
0.197335
0.354905
0.220550
0.405112
0.594909
0.184657
0.187128
0.260366
0.271641
0.015318
0.170200
0.260827
0.041623
0.257359
0.132971
0.382743
0.099526
0.096720
0.250444
0.334693
0.409475
0.294807
0.357554
0.235283
0.105732
0.546097
0.223065
0.292467
0.052621
0.204304
0.092377
0.174442
0.105805
0.562337
0.376796
0.502300
0.253547
0.102323
0.499049
0.531522
0.116450
0.231256
0.124274
0.174010
0.192200
0.246459
0.278948
0.114358
0.284135
0.276971
0.343880
0.151539
0.223237
0.272829
0.319231
0.352200
0.260920
0.100703
0.431253
0.063986
0.341225
0.231231
0.454366
0.166037
0.254656
0.106529
0.225725
0.464372
0.149210
0.103269
0.327131
0.287874
0.324687
0.435355
0.265857
0.625948
0.235887
0.362257
0.127519
0.236756
0.057655
0.133057
0.203882
0.281227
0.343156
0.048001
0.265033
0.217151
0.204870
0.258219
0.355384
0.057059
0.225579
0.404245
0.186919
0.077491
0.082336
0.398693
0.128412
0.352300
0.340015
0.225207
0.178593
0.139512
0.302668
0.107144
0.176653
0.232724
0.091131
0.285700
0.145976
0.166617
0.182218
0.062644
0.265603
0.184485
0.546899
0.133838
0.401929
0.396606
0.255604
0.422734
0.212335
0.261382
0.028275
0.206638
0.031578
0.242407
0.210528
0.572414
0.323842
0.437617
0.228854
0.076311
0.577071
0.506199
0.093090
0.267000
0.154374
0.123539
0.114764
0.238605
0.258174
0.145429
0.282743
0.403242
0.407450
0.141743
0.310858
0.302602
0.251861
0.410158
0.269240
0.032975
0.398135
0.097154
0.334140
0.227578
0.412633
0.126643
0.172904
0.069659
0.220014
0.507630
0.186611
0.101997
0.368295
0.246166
0.204579
0.339999
0.437933
0.595812
0.136986
0.400064
0.243665
0.174486
0.156568
0.179138
0.255373
0.169556
0.452637
0.037855
0.131204
0.137979
0.255051
0.149654
0.386055
0.098913
0.182095
0.334645
0.204964
0.106338
0.164904
0.315592
0.342213
0.285759
0.159239
0.164893
0.170120
0.173557
0.409368
0.146311
0.139168
0.324583
0.156367
0.236350
0.221148
0.014178
0.250020
0.087274
0.360203
0.147575
0.598313
0.149487
0.338518
0.482287
0.366723
0.259059
0.295452
0.314018
0.061548
0.176603
0.105749
0.124695
0.258826
0.589855
0.318574
0.418459
0.152971
0.050108
0.578056
0.311477
0.114974
0.178307
0.221326
0.184710
0.092127
0.233000
0.320188
0.232159
0.242183
0.448540
0.391513
0.115984
0.298091
0.272060
0.134653
0.283335
0.214403
0.115996
0.421765
0.139837
0.314420
0.253910
0.313798
0.221689
0.089441
0.109395
0.164441
0.546641
0.264289
0.232335
0.324943
0.142498
0.193691
0.294800
0.448499
0.582663
0.200737
0.257500
0.227495
0.261395
0.088594
0.273231
0.216161
0.072440
0.464953
0.111804
0.153940
0.074725
0.363651
0.044948
0.324418
0.144843
0.171720
0.285435
0.183345
0.122658
0.406329
0.288146
0.487005
0.218778
0.080055
0.130663
0.257140
0.337348
0.421606
0.181073
0.023133
0.440608
0.196530
0.219541
0.268204
0.023524
0.252355
0.137703
0.478192
0.115614
0.641432
0.158642
0.205901
0.342526
0.369543
0.140800
0.353832
0.408541
0.171707
0.186924
0.237754
0.156620
0.175629
0.509117
0.298119
0.329292
0.063740
0.089461
0.492268
0.123083
0.301505
0.185367
0.198010
0.155694
0.161842
0.110135
0.249827
0.288576
0.284380
0.322554
0.475138
0.192446
0.211453
0.119371
0.204235
0.212931
0.260774
0.207991
0.422267
0.199376
0.327157
0.337182
0.242685
0.293303
0.135346
0.178762
0.165366
0.501965
0.241473
0.239909
0.259646
0.167543
0.257024
0.356676
0.385569
0.684420
0.193281
0.166542
0.176988
0.403321
0.175311
0.372044
0.149159
0.090905
0.397263
0.167139
0.171701
0.027762
0.378711
0.065941
0.160360
0.094476
0.134304
0.342266
0.205618
0.097866
0.476804
0.260618
0.607732
0.154231
0.093555
0.103401
0.363845
0.411986
0.418354
0.200066
0.091576
0.328674
0.242662
0.202372
0.349270
0.066384
0.226916
0.126210
0.402846
0.092964
0.635976
0.148768
0.158713
0.169062
0.364989
0.316953
0.331901
0.393947
0.243204
0.293546
0.202649
0.242412
0.157751
0.330522
0.291971
0.199618
0.041472
0.085843
0.412410
0.123661
0.374790
0.225111
0.225123
0.210764
0.233117
0.125576
0.297854
0.253495
0.428446
0.117587
0.541333
0.189474
0.167597
0.082065
0.269921
0.291118
0.317458
0.297551
0.292417
0.210912
0.376091
0.323203
0.159325
0.275406
0.260779
0.281039
0.231172
0.364811
0.132326
0.173562
0.245891
0.127220
0.267865
0.382586
0.369184
0.748668
0.158080
0.210709
0.220851
0.446348
0.199575
0.361696
0.164507
0.117555
0.333675
0.306766
0.322528
0.096419
0.262920
0.240191
0.103598
0.206714
0.129095
0.320202
0.291590
0.083932
0.495898
0.351189
0.631850
0.129956
0.156300
0.066827
0.408973
0.363783
0.527431
0.166598
0.192040
0.156798
0.244201
0.135730
0.333376
0.094008
0.213064
0.103455
0.140596
0.126868
0.600342
0.164116
0.213069
0.157570
0.371292
0.386173
0.341716
0.341263
0.279690
0.396378
0.066240
0.266052
0.215349
0.289831
0.237643
0.214975
0.016947
0.058710
0.391853
0.075423
0.383446
0.189398
0.227272
0.232064
0.324304
0.268339
0.277613
0.186366
0.480081
0.190577
0.492372
0.123458
0.207810
0.102998
0.306303
0.381135
0.110852
0.360093
0.386638
0.173755
0.405832
0.237533
0.116175
0.253499
0.208320
0.258533
0.315313
0.237513
0.110544
0.211205
0.268296
0.283983
0.188115
0.261001
0.407166
0.642189
0.208954
0.289355
0.306507
0.351975
0.130255
0.324433
0.142073
0.116169
0.333460
0.327000
0.255313
0.090189
0.266497
0.461660
0.069980
0.212596
0.237088
0.176940
0.376920
0.080741
0.479571
0.342910
0.669102
0.109841
0.234256
0.169154
0.385851
0.363691
0.584645
0.113731
0.173737
0.134990
0.138574
0.110054
0.331831
0.109020
0.231808
0.180768
0.121447
0.054350
0.542431
0.247453
0.269726
0.251426
0.395143
0.265513
0.502468
0.361760
0.365102
0.425705
0.053947
0.275517
0.312828
0.362559
0.208636
0.227704
0.077156
0.223586
0.332986
0.106488
0.370664
0.099992
0.154294
0.272742
0.296677
0.236723
0.279919
0.132558
0.423440
0.225577
0.390295
0.175319
0.192471
0.062553
0.271301
0.400800
0.116574
0.427505
0.366791
0.195321
0.407328
0.138533
0.130675
0.252859
0.083998
0.210919
0.302762
0.197366
0.199786
0.219314
0.284427
0.427340
0.166546
0.203304
0.399066
0.426770
0.332874
0.253089
0.206461
0.359449
0.210922
0.352499
0.155443
0.042865
0.384715
0.305735
0.127343
0.078591
0.296249
0.633090
0.156440
0.165076
0.322380
0.093523
0.435374
0.199169
0.504049
0.302226
0.559053
0.116085
0.195163
0.042532
0.324147
0.480917
0.518203
0.035055
0.259089
0.129238
0.057962
0.087814
0.459480
0.140884
0.238679
0.218690
0.170001
0.144802
0.486929
0.279664
0.282168
0.269115
0.344710
0.248431
0.596098
0.373275
0.485793
0.385426
0.192450
0.291328
0.373951
0.377275
0.219862
0.224427
0.128240
0.436152
0.253250
0.178612
0.337468
0.101715
0.058008
0.271521
0.242009
0.112238
0.368330
0.130941
0.297196
0.230098
0.348304
0.247106
0.319582
0.070491
0.309761
0.486327
0.061860
0.487925
0.229180
0.205999
0.344036
0.129621
0.202276
0.359901
0.052605
0.201161
0.239290
0.191765
0.207446
0.197168
0.345837
0.401588
0.158416
0.205861
0.330283
0.285541
0.442099
0.142511
0.152896
0.271025
0.168308
0.453972
0.078048
0.101372
0.431336
0.301297
0.068385
0.231735
0.355588
0.677544
0.299590
0.189555
0.334591
0.107303
0.421925
0.253856
0.464611
0.258009
0.454089
0.084924
0.120094
0.147692
0.280055
0.625668
0.443509
0.152799
0.153316
0.178821
0.134024
0.032135
0.340187
0.148965
0.227334
0.146598
0.258971
0.126471
0.443621
0.247849
0.285838
0.184011
0.212823
0.290768
0.567649
0.217875
0.451820
0.308987
0.335631
0.332188
0.368014
0.282171
0.236417
0.237197
0.215786
0.428942
0.203070
0.169483
0.407809
0.129524
0.129223
0.228541
0.227919
0.174080
0.395584
0.183028
0.265314
0.203734
0.382799
0.333878
0.422089
0.021199
0.314133
0.498266
0.120183
0.506364
0.115036
0.214139
0.239349
0.133636
0.196571
0.453320
0.088939
0.294685
0.216137
0.127620
0.114875
0.132932
0.381137
0.328855
0.162010
0.155277
0.266731
0.231635
0.354219
0.066412
0.215673
0.231117
0.271865
0.559457
0.038491
0.062614
0.349863
0.362832
0.170446
0.353072
0.386101
0.670916
0.387125
0.265096
0.327615
0.133276
0.389949
0.202283
0.340076
0.278614
0.368793
0.079577
0.145064
0.219484
0.242656
0.669507
0.431635
0.310988
0.294723
0.202943
0.242220
0.178964
0.162223
0.132849
0.271662
0.062091
0.234097
0.249785
0.356555
0.249786
0.300370
0.181962
0.029917
0.178287
0.466262
0.144026
0.317803
0.212735
0.399366
0.469611
0.249540
0.388430
0.226054
0.269358
0.228622
0.213523
0.205932
0.049792
0.348820
0.091957
0.237398
0.273216
0.205283
0.264045
0.213071
0.230511
0.258580
0.235579
0.428498
0.354323
0.450533
0.113759
0.316415
0.455645
0.169714
0.503170
0.055006
0.186980
0.191285
0.318332
0.182619
0.408526
0.158997
0.350783
0.208767
0.123370
0.066006
0.223704
0.372525
0.382852
0.196566
0.107163
0.226668
0.162175
0.127042
0.070720
0.326898
0.188936
0.401209
0.479253
0.151837
0.168412
0.312309
0.476176
0.103069
0.389902
0.377278
0.698704
0.388349
0.270691
0.411467
0.056051
0.413082
0.294510
0.301174
0.216295
0.263287
0.137032
0.107585
0.197912
0.195094
0.654216
0.343161
0.342724
0.374932
0.201778
0.280531
0.274738
0.199529
0.148952
0.308924
0.132754
0.192491
0.427425
0.308314
0.250436
0.329305
0.195995
0.078187
0.015960
0.504258
0.117324
0.238768
0.093960
0.354800
0.556057
0.193254
0.289771
0.219064
0.298843
0.290633
0.189401
0.311800
0.087718
0.385621
0.076540
0.237555
0.406201
0.144966
0.291876
0.042924
0.217863
0.318936
0.208558
0.393523
0.361457
0.440510
0.154654
0.291360
0.473253
0.214839
0.454479
0.043918
0.109963
0.177379
0.423560
0.204914
0.316873
0.259666
0.290912
0.344860
0.133257
0.181989
0.380228
0.373818
0.511575
0.315182
0.097343
0.195035
0.081710
0.188906
0.050052
0.459251
0.176192
0.393401
0.330014
0.310930
0.129065
0.194477
0.600441
0.191916
0.318659
0.456801
0.622234
0.250066
0.270298
0.500955
0.114615
0.403704
0.404511
0.171018
0.112457
0.083731
0.144394
0.124786
0.300316
0.099410
0.501175
0.254239
0.329710
0.336669
0.269179
0.302037
0.329726
0.348867
0.153869
0.314847
0.294006
0.100943
0.443487
0.257406
0.199467
0.391532
0.185342
0.167238
0.034575
0.530874
0.136427
0.241928
0.173106
0.340946
0.565908
0.189424
0.220675
0.202483
0.283063
0.397160
0.333642
0.329338
0.118859
0.315761
0.110048
0.214356
0.472269
0.249026
0.284634
0.114927
0.306263
0.378947
0.164331
0.234758
0.317195
0.398098
0.181799
0.236037
0.532040
0.261163
0.422566
0.006331
0.087003
0.107765
0.382514
0.225297
0.300929
0.381326
0.178974
0.442286
0.172676
0.270850
0.405488
0.356805
0.481760
0.351107
0.104708
0.130989
0.077972
0.197359
0.133455
0.381539
0.215590
0.332301
0.230638
0.169406
0.152425
0.044994
0.543930
0.269305
0.191996
0.458880
0.366660
0.192217
0.187199
0.394325
0.344373
0.273941
0.462216
0.070823
0.114300
0.101317
0.120795
0.230820
0.527852
0.040053
0.304385
0.251671
0.379962
0.256587
0.357427
0.435939
0.245101
0.385116
0.177264
0.420601
0.385184
0.153681
0.400065
0.224995
0.148762
0.413480
0.109496
0.180749
0.099935
0.405042
0.125394
0.168932
0.183619
0.531545
0.496752
0.230203
0.189978
0.138417
0.230371
0.439371
0.348539
0.224583
0.225938
0.249425
0.217673
0.274062
0.376036
0.398761
0.312397
0.144629
0.320315
0.385056
0.170709
0.082194
0.289000
0.366550
0.036060
0.195685
0.442699
0.247448
0.368184
0.058083
0.110245
0.081576
0.346074
0.250146
0.308374
0.467353
0.133010
0.396650
0.092216
0.288493
0.286887
0.243229
0.333825
0.285458
0.131447
0.054508
0.176527
0.085542
0.224332
0.322046
0.325603
0.407872
0.188954
0.086688
0.226351
0.062590
0.373931
0.275897
0.170437
0.483313
0.203880
0.179282
0.164710
0.228659
0.414621
0.205572
0.497248
0.008829
0.209559
0.205632
0.171787
0.310957
0.602875
0.161872
0.114811
0.154458
0.531350
0.295565
0.290413
0.589378
0.281017
0.303360
0.175942
0.435895
0.364862
0.210292
0.358574
0.189615
0.216261
0.401875
0.105871
0.067607
0.278454
0.212882
0.105323
0.104062
0.161713
0.638207
0.429430
0.154524
0.201863
0.063469
0.118705
0.358070
0.275436
0.128169
0.421057
0.250070
0.228975
0.310288
0.223820
0.470623
0.311427
0.080057
0.242181
0.309567
0.145697
0.122055
0.328381
0.295859
0.066932
0.219133
0.282838
0.293419
0.224595
0.077538
0.116160
0.114244
0.401182
0.228324
0.294806
0.487593
0.195887
0.193539
0.050412
0.219739
0.202120
0.236476
0.255201
0.242683
0.102592
0.072861
0.134382
0.119083
0.247326
0.336445
0.241826
0.513928
0.128084
0.120258
0.241622
0.193582
0.239364
0.282404
0.182955
0.447511
0.235354
0.222821
0.159842
0.275487
0.256956
0.151961
0.515576
0.160485
0.192492
0.206172
0.272109
0.360770
0.452764
0.232619
0.088468
0.025689
0.599061
0.325744
0.465903
0.602851
0.244727
0.241878
0.246968
0.460161
0.310040
0.181330
0.315732
0.182468
0.140215
0.398440
0.199256
0.032367
0.381257
0.205093
0.027520
0.148069
0.059585
0.459977
0.365721
0.098895
0.141085
0.071495
0.261355
0.276948
0.405456
0.141021
0.441054
0.319741
0.224040
0.288702
0.228219
0.517249
0.300377
0.075861
0.356258
0.310963
0.188721
0.151082
0.341541
0.270789
0.083015
0.223421
0.188237
0.254389
0.086426
0.089144
0.213402
0.102443
0.422877
0.234787
0.251095
0.444385
0.232352
0.121720
0.082073
0.213135
0.238393
0.296848
0.227784
0.304984
0.074591
0.196506
0.089713
0.187275
0.200245
0.325920
0.123042
0.548677
0.082640
0.275871
0.255826
0.211584
0.201427
0.333050
0.315928
0.371595
0.241774
0.323093
0.184709
0.441247
0.150563
0.217000
0.495181
0.175722
0.141724
0.133122
0.358897
0.424282
0.296283
0.201312
0.141345
0.068994
0.521102
0.323845
0.567419
0.443972
0.235400
0.255154
0.353430
0.598994
0.236174
0.266334
0.253836
0.171706
0.103925
0.380775
0.325270
0.061526
0.488797
0.197508
0.053231
0.170434
0.108109
0.308557
0.300865
0.113573
0.152072
0.170617
0.310562
0.258519
0.513233
0.066248
0.372830
0.196787
0.232204
0.336525
0.267342
0.500187
0.296625
0.108748
0.440313
0.277802
0.361262
0.115456
0.310763
0.275121
0.122550
0.221936
0.140292
0.182985
0.056416
0.090459
0.278110
0.100465
0.271455
0.138425
0.223494
0.428129
0.157969
0.137042
0.125960
0.229713
0.228270
0.293472
0.163094
0.326956
0.129208
0.256893
0.159570
0.294479
0.194797
0.347548
0.150273
0.507885
0.236029
0.277258
0.205413
0.141929
0.167605
0.359867
0.409056
0.188083
0.159563
0.404632
0.207796
0.458216
0.258394
0.280433
0.520374
0.069201
0.160537
0.182060
0.403262
0.402025
0.314432
0.206147
0.052866
0.112887
0.457270
0.284757
0.546925
0.352265
0.260885
0.288352
0.411782
0.710797
0.171948
0.222390
0.204222
0.174647
0.055751
0.281575
0.336259
0.162748
0.562184
0.029568
0.021152
0.167916
0.209144
0.343047
0.217036
0.119804
0.166966
0.271064
0.485133
0.224213
0.461142
0.046660
0.417966
0.054686
0.334017
0.468750
0.236523
0.495359
0.285575
0.234409
0.403135
0.283466
0.415677
0.061763
0.310459
0.271262
0.215101
0.164593
0.019297
0.241552
0.144140
0.118721
0.288876
0.228119
0.129533
0.038625
0.174519
0.439071
0.121036
0.119215
0.193824
0.256029
0.155935
0.207775
0.162836
0.229384
0.239945
0.219531
0.230243
0.328090
0.216259
0.286335
0.153588
0.462205
0.279516
0.281635
0.215916
0.202596
0.066831
0.353749
0.404909
0.028986
0.114568
0.486508
0.370840
0.329431
0.388344
0.217530
0.571659
0.156088
0.191835
0.197654
0.303598
0.421047
0.398082
0.223243
0.133145
0.234010
0.485377
0.303860
0.526218
0.281108
0.214729
0.256881
0.452287
0.696900
0.102599
0.310499
0.249661
0.186388
0.138211
0.159542
0.256443
0.244587
0.658887
0.144101
0.157440
0.164292
0.189983
0.342568
0.182662
0.065042
0.210651
0.319506
0.584004
0.173993
0.302948
0.094472
0.343780
0.083718
0.424941
0.464117
0.158878
0.522553
0.207214
0.297580
0.372316
0.326708
0.352051
0.080105
0.356927
0.231453
0.323318
0.207294
0.168534
0.399473
0.199055
0.082984
0.277142
0.214789
0.170819
0.049531
0.118240
0.522979
0.235424
0.056824
0.239412
0.225625
0.140981
0.233372
0.104307
0.122207
0.252050
0.169852
0.223142
0.338725
0.180927
0.230820
0.250166
0.354056
0.282601
0.411202
0.289981
0.249058
0.064315
0.430545
0.394991
0.119459
0.145681
0.473760
0.477829
0.211377
0.374481
0.140074
0.556281
0.200575
0.184177
0.173272
0.326519
0.534821
0.410299
0.313072
0.197872
0.293393
0.474960
0.250194
0.542923
0.189863
0.335111
0.238364
0.448751
0.472915
0.013668
0.309533
0.264961
0.105977
0.231534
0.149622
0.176578
0.272054
0.669755
0.129520
0.329909
0.172638
0.147695
0.170738
0.148176
0.057725
0.336617
0.322629
0.502147
0.255466
0.256234
0.147196
0.407795
0.187135
0.381764
0.339799
0.115080
0.557544
0.159496
0.287648
0.357893
0.364067
0.319435
0.070660
0.329440
0.159785
0.362559
0.263722
0.118645
0.454940
0.137468
0.220493
0.275433
0.141606
0.145137
0.042686
0.100234
0.525341
0.330042
0.106897
0.374777
0.226705
0.230732
0.118630
0.121728
0.140673
0.184822
0.136305
0.154350
0.423314
0.181375
0.212580
0.261983
0.322412
0.284044
0.518606
0.399703
0.258417
0.295371
0.583711
0.432499
0.213677
0.180898
0.470101
0.462207
0.230829
0.205345
0.135804
0.383545
0.332042
0.342886
0.117659
0.287256
0.606283
0.374820
0.375384
0.068564
0.351190
0.405381
0.194104
0.570481
0.149319
0.390707
0.292149
0.412721
0.337138
0.112468
0.190049
0.186991
0.150478
0.268470
0.102954
0.126882
0.351085
0.465750
0.189999
0.344477
0.116820
0.260963
0.117534
0.092746
0.172047
0.383533
0.261672
0.371138
0.388173
0.298010
0.105833
0.444119
0.145490
0.221922
0.282555
0.052394
0.407558
0.223506
0.242160
0.336087
0.277544
0.330395
0.088341
0.233539
0.075008
0.355475
0.306891
0.119795
0.406651
0.129149
0.306417
0.301084
0.150043
0.121095
0.116275
0.083530
0.411347
0.280839
0.230826
0.528142
0.221202
0.342878
0.090135
0.121356
0.231022
0.162076
0.151124
0.122200
0.449611
0.205520
0.265767
0.260265
0.292229
0.214982
0.472127
0.472077
0.227473
0.276446
0.628854
0.479932
0.220455
0.127283
0.409991
0.303458
0.269762
0.251766
0.226928
0.160606
0.464858
0.394965
0.266664
0.261040
0.523628
0.367439
0.410029
0.020160
0.407646
0.413180
0.274763
0.587180
0.109023
0.341654
0.266924
0.409101
0.315731
0.037270
0.121593
0.188458
0.239841
0.243934
0.125859
0.108210
0.467341
0.321761
0.262247
0.333613
0.129118
0.406038
0.048107
0.023572
0.338235
0.408351
0.304316
0.355064
0.329775
0.334424
0.170290
0.400291
0.097922
0.188852
0.356492
0.050491
0.329427
0.206022
0.345581
0.315147
0.105334
0.368355
0.104428
0.118888
0.118590
0.371048
0.292830
0.221223
0.367848
0.121353
0.312351
0.261657
0.167492
0.106756
0.213638
0.111544
0.368371
0.244126
0.307556
0.528262
0.289690
0.290387
0.073693
0.112549
0.302123
0.243119
0.130957
0.147681
0.380128
0.250952
0.326187
0.302565
0.231391
0.199375
0.460993
0.483480
0.263873
0.259938
0.521417
0.421257
0.172983
0.162397
0.380691
0.328569
0.251085
0.323729
0.291262
0.182897
0.495182
0.409128
0.540801
0.219323
0.319477
0.345108
0.362093
0.055156
0.390989
0.369240
0.261156
0.521267
0.212810
0.298055
0.225412
0.442827
0.316089
0.151874
0.246724
0.326810
0.246725
0.233292
0.078491
0.105567
0.479068
0.328316
0.276772
0.373030
0.035676
0.424736
0.058381
0.057947
0.447878
0.315270
0.335526
0.390435
0.200009
0.275188
0.276793
0.344131
0.078962
0.285178
0.415888
0.111317
0.342261
0.200848
0.367404
0.358684
0.043972
0.397121
0.177416
0.078211
0.242463
0.451991
0.269730
0.391340
0.480345
0.203982
0.406603
0.270892
0.131274
0.087739
0.271638
0.089316
0.278801
0.265715
0.212784
0.377344
0.299077
0.142445
0.075913
0.143548
0.277706
0.374959
0.100994
0.314833
0.296600
0.279413
0.359690
0.283774
0.133499
0.180125
0.387323
0.469169
0.364000
0.237428
0.330013
0.340624
0.272571
0.231235
0.305939
0.424771
0.174507
0.288142
0.254717
0.258932
0.402530
0.393296
0.638789
0.220771
0.166254
0.250110
0.286508
0.099507
0.367170
0.225597
0.182863
0.292510
0.195598
0.299613
0.189223
0.429682
0.296213
0.296018
0.380021
0.336197
0.207950
0.236085
0.073353
0.095605
0.386878
0.455035
0.244723
0.424020
0.074506
0.402078
0.142381
0.146202
0.417815
0.195087
0.347187
0.318241
0.155692
0.150001
0.424129
0.368916
0.161108
0.356635
0.328587
0.233724
0.240609
0.284032
0.360432
0.378366
0.159574
0.441356
0.216065
0.103405
0.330351
0.490867
0.331433
0.421931
0.575677
0.229992
0.506453
0.331613
0.099676
0.034765
0.341150
0.180072
0.192849
0.294391
0.123876
0.316462
0.280478
0.156110
0.140649
0.244430
0.280704
0.361677
0.078448
0.334745
0.338810
0.252408
0.348777
0.367072
0.101694
0.128379
0.231409
0.495577
0.328960
0.120097
0.250073
0.300592
0.383393
0.215663
0.196081
0.429919
0.151399
0.278120
0.277345
0.304339
0.432898
0.369724
0.576761
0.207108
0.066133
0.160360
0.260619
0.123774
0.286780
0.093596
0.147360
0.094430
0.198586
0.269500
0.279929
0.316188
0.248924
0.150328
0.351188
0.371640
0.130526
0.235133
0.057530
0.109218
0.371838
0.431131
0.234595
0.425104
0.083127
0.442391
0.145347
0.218987
0.294181
0.086310
0.238366
0.200047
0.232199
0.083719
0.373192
0.421219
0.157460
0.265769
0.183645
0.253516
0.223446
0.384835
0.291921
0.385389
0.127562
0.503899
0.314876
0.146156
0.460834
0.530077
0.366299
0.371061
0.522866
0.154542
0.577171
0.370946
0.250969
0.067418
0.302923
0.191627
0.094516
0.261599
0.141694
0.373271
0.324581
0.165797
0.124762
0.374750
0.276673
0.243565
0.105214
0.297198
0.307071
0.364426
0.305732
0.456709
0.152894
0.176735
0.139830
0.601641
0.203221
0.043814
0.331074
0.350615
0.338978
0.118762
0.122585
0.314108
0.201955
0.247307
0.292700
0.335592
0.519800
0.313278
0.506286
0.236420
0.014139
0.146752
0.235897
0.167607
0.343235
0.165926
0.147895
0.049432
0.250232
0.292351
0.360802
0.209631
0.146882
0.056790
0.305046
0.375418
0.083302
0.232727
0.114831
0.120289
0.437345
0.286127
0.211895
0.418686
0.071299
0.459470
0.213046
0.204272
0.294090
0.075131
0.260574
0.192560
0.240492
0.167435
0.305791
0.447632
0.100251
0.174163
0.096070
0.274551
0.205006
0.419109
0.272956
0.361005
0.085291
0.527210
0.382006
0.245023
0.434006
0.594834
0.375733
0.388356
0.381764
0.151537
0.582280
0.366077
0.332045
0.110271
0.294007
0.103541
0.157347
0.190817
0.257731
0.428706
0.388316
0.232639
0.086613
0.507925
0.229877
0.186933
0.233523
0.307973
0.205663
0.446091
0.297703
0.384327
0.267450
0.118739
0.182039
0.663650
0.106022
0.115606
0.334717
0.398237
0.213307
0.077334
0.166874
0.214406
0.222923
0.301708
0.296167
0.316960
0.554726
0.268379
0.512263
0.210405
0.159992
0.156612
0.199532
0.130066
0.432543
0.108307
0.191006
0.181660
0.218699
0.344888
0.352924
0.137598
0.129793
0.143353
0.331780
0.381381
0.129577
0.281713
0.212150
0.082000
0.447587
0.166269
0.224999
0.383712
0.164318
0.331477
0.186206
0.206816
0.422416
0.151002
0.282842
0.192845
0.267934
0.266068
0.381681
0.466730
0.158686
0.164260
0.071430
0.308639
0.216719
0.326415
0.296523
0.258125
0.107987
0.414194
0.406753
0.271999
0.368520
0.522429
0.292348
0.263201
0.325244
0.208219
0.563701
0.280765
0.301968
0.146509
0.287843
0.178824
0.232480
0.181310
0.307882
0.406350
0.362354
0.216111
0.193593
0.528887
0.140968
0.223763
0.371294
0.381814
0.166019
0.435200
0.189917
0.330756
0.361331
0.174183
0.249490
0.638166
0.127767
0.232039
0.215474
0.370997
0.170914
0.144777
0.160664
0.150830
0.132322
0.297448
0.299342
0.162628
0.411653
0.267705
0.435575
0.187686
0.236324
0.157520
0.283677
0.107783
0.442504
0.059558
0.183688
0.124679
0.223260
0.281224
0.277743
0.105991
0.147507
0.376294
0.358185
0.298447
0.157423
0.303821
0.145306
0.093538
0.370469
0.103660
0.246108
0.272647
0.268709
0.268657
0.137341
0.211354
0.516589
0.243519
0.263214
0.104226
0.339139
0.291317
0.460489
0.418754
0.289678
0.239789
0.106038
0.321114
0.208126
0.187259
0.371167
0.168549
0.016581
0.221741
0.428741
0.367869
0.271350
0.291830
0.183152
0.259800
0.348892
0.161691
0.479710
0.251890
0.252129
0.158892
0.291896
0.327876
0.155858
0.180239
0.239714
0.260098
0.249846
0.188526
0.244709
0.374646
0.254217
0.207394
0.424320
0.381873
0.317276
0.348047
0.085920
0.395007
0.345885
0.146452
0.222027
0.521348
0.195422
0.349290
0.195361
0.214345
0.105459
0.133465
0.103194
0.105246
0.222083
0.335236
0.275866
0.181445
0.293146
0.268323
0.274069
0.309736
0.147423
0.209939
0.344460
0.201808
0.430364
0.144950
0.193347
0.211987
0.091730
0.208900
0.227479
0.144588
0.081159
0.392128
0.273039
0.258703
0.244224
0.289237
0.303121
0.230430
0.313445
0.105277
0.240853
0.134446
0.435089
0.286076
0.112295
0.217846
0.412914
0.272953
0.174692
0.075624
0.421517
0.215224
0.444223
0.295024
0.321946
0.244568
0.130172
0.226476
0.148415
0.059943
0.285043
0.209498
0.035256
0.173289
0.453583
0.498476
0.185230
0.110051
0.044101
0.364102
0.360606
0.130618
0.398449
0.308324
0.301866
0.174553
0.237522
0.458204
0.027779
0.154541
0.173213
0.088579
0.141973
0.053948
0.183994
0.209422
0.333418
0.285252
0.451021
0.391963
0.415297
0.358442
0.146995
0.442959
0.274150
0.171804
0.180409
0.390732
0.225350
0.413591
0.245436
0.153728
0.088194
0.172204
0.141499
0.049508
0.318353
0.360930
0.281928
0.185977
0.161637
0.151359
0.331397
0.422626
0.191244
0.244266
0.316097
0.328843
0.433750
0.229633
0.188755
0.300837
0.134292
0.193766
0.063827
0.146363
0.119861
0.348827
0.180387
0.176820
0.391733
0.245217
0.454469
0.272163
0.383405
0.168562
0.263742
0.071324
0.535684
0.340335
0.154465
0.279601
0.313188
0.298375
0.119511
0.099726
0.369884
0.171767
0.372025
0.160838
0.210482
0.148781
0.073006
0.183086
0.148737
0.051890
0.260416
0.238392
0.117099
0.229490
0.516863
0.427452
0.211898
0.090364
0.033544
0.312677
0.285611
0.230283
0.351986
0.410394
0.384345
0.234948
0.249391
0.471982
0.090732
0.192138
0.222204
0.020104
0.164439
0.017377
0.235268
0.160651
0.236287
0.207288
0.462997
0.431319
0.380137
0.467258
0.180223
0.325938
0.292005
0.244374
0.180062
0.265339
0.187445
0.384472
0.332056
0.152580
0.085532
0.248248
0.185353
0.116730
0.228215
0.289137
0.208981
0.160821
0.121452
0.082374
0.366160
0.337178
0.289113
0.187824
0.340175
0.396693
0.328790
0.184403
0.342116
0.279797
0.100643
0.141506
0.056323
0.086007
0.215679
0.392378
0.158489
0.094196
0.482006
0.239336
0.465507
0.349852
0.389264
0.143262
0.262662
0.008867
0.548857
0.303336
0.174184
0.353690
0.288762
0.455805
0.116019
0.158194
0.339514
0.096733
0.331050
0.134815
0.130780
0.145467
0.079828
0.279920
0.118808
0.061405
0.211317
0.247105
0.078266
0.173407
0.535099
0.294931
0.288343
0.050509
0.065315
0.147533
0.245451
0.326431
0.280757
0.453038
0.409787
0.354230
0.185522
0.487272
0.011747
0.177047
0.365681
0.048375
0.140834
0.107425
0.234352
0.173429
0.167424
0.117450
0.456232
0.441730
0.311282
0.436254
0.211819
0.222800
0.240846
0.317864
0.127091
0.222788
0.119758
0.351670
0.409826
0.157665
0.052652
0.284370
0.208198
0.119005
0.297510
0.244301
0.110358
0.264679
0.124792
0.159284
0.367354
0.310281
0.161972
0.074326
0.412084
0.365143
0.168242
0.065622
0.418618
0.259079
0.037645
0.053130
0.092617
0.164316
0.268415
0.433418
0.171871
0.215204
0.488779
0.179984
0.502649
0.364165
0.274725
0.198113
0.288426
0.049826
0.500314
0.340996
0.303533
0.416404
0.317199
0.661424
0.217212
0.209474
0.372850
0.059452
0.304174
0.184793
0.254484
0.217989
0.137925
0.383542
0.098333
0.208108
0.213864
0.281778
0.065593
0.084774
0.460092
0.235342
0.343370
0.118264
0.154849
0.092355
0.216766
0.372316
0.207897
0.441344
0.461248
0.475644
0.155162
0.496146
0.066291
0.166308
0.433852
0.030957
0.136673
0.198008
0.204291
0.126928
0.231281
0.150177
0.374530
0.417731
0.254086
0.291501
0.232737
0.259467
0.169678
0.368866
0.053711
0.321660
0.151354
0.319386
0.345186
0.106154
0.194239
0.191027
0.094308
0.030922
0.192658
0.268542
0.099378
0.400142
0.064427
0.208314
0.404640
0.319945
0.034368
0.126016
0.411618
0.306124
0.137678
0.131704
0.296775
0.375151
0.037910
0.203361
0.067562
0.258928
0.285864
0.272337
0.219564
0.291658
0.431850
0.191200
0.518771
0.317995
0.150610
0.208192
0.403864
0.068750
0.457520
0.390345
0.318352
0.450144
0.184438
0.685425
0.287762
0.287097
0.409086
0.062428
0.369507
0.229200
0.392703
0.280327
0.117244
0.371671
0.211036
0.211386
0.144349
0.286979
0.041315
0.238883
0.423859
0.305751
0.322239
0.151682
0.192035
0.151247
0.247603
0.364361
0.143067
0.391119
0.466367
0.505156
0.205520
0.489143
0.069359
0.156271
0.419430
0.042209
0.054368
0.143449
0.249881
0.242687
0.371448
0.156029
0.311679
0.355910
0.220083
0.117671
0.213958
0.335925
0.144155
0.478435
0.081996
0.315725
0.255590
0.313181
0.357489
0.082114
0.258279
0.103527
0.079149
0.087370
0.112131
0.323821
0.039482
0.458311
0.074356
0.173506
0.432184
0.298290
0.138600
0.228824
0.267831
0.351048
0.224674
0.080336
0.225204
0.416665
0.105930
0.268158
0.090944
0.307532
0.216365
0.219025
0.183618
0.259035
0.374910
0.204142
0.452935
0.232564
0.117184
0.215298
0.515939
0.139729
0.363411
0.337176
0.301230
0.479655
0.085926
0.549392
0.220994
0.368575
0.245977
0.060278
0.433960
0.177736
0.380709
0.291569
0.126682
0.351856
0.318386
0.079358
0.051412
0.232803
0.154188
0.240212
0.399355
0.193269
0.288370
0.110347
0.143189
0.186824
0.349248
0.336707
0.052900
0.264468
0.416615
0.601309
0.299496
0.439140
0.087076
0.193327
0.408853
0.028725
0.173165
0.196942
0.406717
0.130918
0.387563
0.114442
0.310995
0.285668
0.199472
0.056713
0.131497
0.283160
0.159350
0.555361
0.239895
0.251244
0.288140
0.330985
0.275010
0.051123
0.347084
0.152602
0.067323
0.111945
0.234342
0.252376
0.149610
0.468808
0.104705
0.100501
0.378397
0.246402
0.279516
0.227100
0.200948
0.397405
0.164631
0.049607
0.382736
0.356375
0.136563
0.187578
0.069028
0.246546
0.205291
0.061515
0.114447
0.195270
0.410967
0.237189
0.246016
0.199733
0.125070
0.179649
0.450988
0.067091
0.317632
0.177332
0.227057
0.443439
0.091004
0.432680
0.336063
0.327372
0.216859
0.112122
0.328634
0.175952
0.253632
0.265598
0.126671
0.361775
0.271540
0.050268
0.023265
0.274601
0.271027
0.202068
0.417060
0.131263
0.193750
0.160281
0.214008
0.374571
0.344934
0.378856
0.087752
0.087865
0.360896
0.707463
0.343096
0.377033
0.136280
0.201068
0.384140
0.169662
0.273490
0.086655
0.521504
0.056924
0.321599
0.055405
0.203433
0.230345
0.136098
0.020019
0.028548
0.191901
0.144683
0.390424
0.324285
0.203360
0.268016
0.330380
0.184645
0.033301
0.324539
0.082843
0.035805
0.104904
0.237091
0.094654
0.303751
0.481325
0.109017
0.092854
0.243211
0.166975
0.329425
0.162735
0.194712
0.471470
0.298221
0.104095
0.518778
0.276148
0.167226
0.236381
0.132686
0.078017
0.223603
0.053109
0.131996
0.147402
0.422525
0.185195
0.088755
0.176775
0.122011
0.164601
0.381790
0.076864
0.203747
0.062343
0.221031
0.274868
0.139144
0.424837
0.320007
0.228006
0.226839
0.252162
0.226187
0.067594
0.183668
0.265245
0.224213
0.349649
0.241663
0.131438
0.105668
0.201433
0.346179
0.215241
0.334380
0.072348
0.137618
0.189867
0.293132
0.290012
0.184958
0.462929
0.074879
0.088711
0.330440
0.721896
0.369599
0.365821
0.220954
0.166308
0.364703
0.211613
0.296783
0.208111
0.411871
0.081415
0.258706
0.052574
0.167283
0.148136
0.130043
0.146225
0.175454
0.211738
0.112760
0.243766
0.194943
0.118932
0.187407
0.244868
0.159034
0.045115
0.269586
0.073635
0.094030
0.143287
0.104562
0.047242
0.345420
0.475872
0.106290
0.163235
0.229805
0.159069
0.307543
0.167308
0.129851
0.386147
0.431125
0.237340
0.474461
0.298532
0.134747
0.243474
0.203058
0.128457
0.156962
0.049692
0.255826
0.039373
0.334535
0.190704
0.081658
0.198310
0.143014
0.155053
0.343237
0.099708
0.147638
0.073549
0.278082
0.152738
0.260440
0.374814
0.106987
0.195372
0.102799
0.363986
0.073257
0.045821
0.164986
0.253332
0.239703
0.242674
0.262159
0.175474
0.126136
0.015730
0.319260
0.166711
0.209975
0.089796
0.127754
0.167171
0.276252
0.256404
0.069559
0.498484
0.086524
0.152580
0.307765
0.601674
0.440770
0.392345
0.276537
0.114429
0.278274
0.148541
0.238149
0.264987
0.287047
0.077993
0.229767
0.115283
0.109878
0.095116
0.133947
0.225386
0.155247
0.282679
0.090369
0.234400
0.091903
0.112426
0.191996
0.302048
0.334762
0.190809
0.276238
0.111161
0.139595
0.103564
0.052619
0.036624
0.284888
0.320062
0.182271
0.216977
0.214503
0.043714
0.228405
0.184214
0.094522
0.258658
0.337480
0.245324
0.341266
0.257652
0.100721
0.235706
0.208378
0.247988
0.049387
0.159269
0.292586
0.111069
0.207522
0.188554
0.095496
0.188692
0.092773
0.168910
0.350740
0.154133
0.189006
0.158708
0.350655
0.122840
0.236635
0.244283
0.206226
0.201780
0.120851
0.411147
0.076657
0.053104
0.125880
0.271526
0.186741
0.180087
0.322171
0.144827
0.145553
0.144578
0.410532
0.147987
0.071015
0.260912
0.196856
0.156991
0.329062
0.317755
0.123037
0.419151
0.270270
0.282644
0.281009
0.509433
0.560245
0.404986
0.267847
0.092033
0.155103
0.159566
0.155990
0.141555
0.275030
0.110468
0.167505
0.332597
0.073461
0.048256
0.018157
0.258176
0.131465
0.131833
0.113998
0.210908
0.046939
0.031100
0.195515
0.215910
0.418583
0.213036
0.256561
0.129853
0.004142
0.048412
0.094675
0.159466
0.218404
0.125923
0.198217
0.170615
0.214168
0.102537
0.110275
0.095013
0.048525
0.114382
0.268258
0.230347
0.329764
0.223865
0.180327
0.297341
0.192901
0.306226
0.097076
0.157086
0.154714
0.235023
0.238557
0.212289
0.036701
0.233481
0.070323
0.181809
0.317350
0.239993
0.191160
0.281872
0.335610
0.096134
0.149617
0.076385
0.229912
0.266996
0.171559
0.446486
0.167835
0.096796
0.210561
0.225428
0.183461
0.269904
0.312233
0.207513
0.229166
0.285289
0.461238
0.097925
0.007404
0.356292
0.233019
0.089369
0.349252
0.323577
0.206709
0.315748
0.417595
0.264330
0.272798
0.478116
0.457523
0.288159
0.219930
0.137316
0.159019
0.235837
0.040970
0.249074
0.328197
0.129097
0.113195
0.287944
0.119699
0.074709
0.090039
0.191956
0.208381
0.100127
0.190592
0.135240
0.126053
0.073153
0.195887
0.184255
0.300160
0.115818
0.220317
0.181715
0.109473
0.153077
0.050259
0.220814
0.350542
0.119997
0.080666
0.154433
0.159415
0.101833
0.087965
0.107027
0.116554
0.051151
0.253387
0.239401
0.285678
0.165767
0.217229
0.255069
0.280204
0.294012
0.150656
0.120409
0.090174
0.221099
0.353310
0.147628
0.219039
0.245769
0.017691
0.101401
0.224899
0.279278
0.378989
0.238213
0.262675
0.072016
0.118043
0.094444
0.238420
0.260643
0.133352
0.535920
0.181047
0.180236
0.255360
0.130412
0.253759
0.267471
0.313802
0.243374
0.297066
0.341294
0.448031
0.064789
0.074743
0.248059
0.300420
0.121733
0.213049
0.299998
0.248163
0.271101
0.462301
0.246700
0.194640
0.410113
0.260240
0.160863
0.262101
0.139514
0.059427
0.227335
0.069421
0.346322
0.227171
0.043768
0.128748
0.316499
0.081303
0.028260
0.217728
0.232274
0.313110
0.178378
0.222843
0.112832
0.240071
0.177518
0.085295
0.208265
0.364266
0.112427
0.148625
0.204954
0.098606
0.231376
0.075493
0.114984
0.408240
0.140008
0.128334
0.201801
0.197466
0.084492
0.102007
0.182880
0.349724
0.160733
0.167288
0.246499
0.191732
0.207931
0.119648
0.214286
0.389259
0.289614
0.245191
0.158232
0.095466
0.153512
0.329424
0.058323
0.247128
0.211551
0.052045
0.025450
0.115239
0.211557
0.447234
0.168731
0.224264
0.093984
0.174157
0.100434
0.277641
0.144431
0.071656
0.560499
0.225295
0.213749
0.265765
0.181123
0.337158
0.098561
0.300483
0.235786
0.244685
0.386735
0.370896
0.122095
0.156501
0.377510
0.310310
0.209615
0.082619
0.277882
0.178525
0.192339
0.448908
0.238169
0.086167
0.284171
0.216730
0.178536
0.354803
0.135607
0.127210
0.131188
0.069527
0.390431
0.129799
0.035413
0.125918
0.340374
0.153803
0.051797
0.299788
0.216014
0.372150
0.190149
0.128821
0.262235
0.346349
0.225862
0.028075
0.196313
0.369152
0.167690
0.015315
0.149415
0.126583
0.222603
0.053058
0.057136
0.318881
0.173830
0.215242
0.250420
0.222553
0.021578
0.196195
0.128701
0.479870
0.094980
0.120298
0.181161
0.177699
0.306416
0.162649
0.270971
0.396422
0.301588
0.225411
0.096006
0.160878
0.178562
0.213545
0.079265
0.122674
0.148530
0.173849
0.143615
0.145953
0.231353
0.371699
0.116000
0.244865
0.119169
0.166776
0.059191
0.324482
0.127874
0.045788
0.454093
0.347879
0.166752
0.166622
0.038671
0.310801
0.099199
0.217111
0.235290
0.242362
0.461047
0.327374
0.201632
0.215967
0.338355
0.301902
0.177928
0.112863
0.323903
0.115714
0.093493
0.474611
0.074048
0.062001
0.294919
0.206161
0.294907
0.498014
0.085689
0.229517
0.096308
0.146306
0.461701
0.058833
0.082580
0.087540
0.348485
0.282328
0.104076
0.251133
0.149878
0.426813
0.073840
0.181735
0.346220
0.455479
0.178737
0.129055
0.188400
0.422292
0.080717
0.084451
0.150566
0.203064
0.153168
0.064305
0.160546
0.188428
0.210484
0.170715
0.277733
0.264950
0.122737
0.244011
0.030323
0.327651
0.141858
0.114202
0.193647
0.207899
0.298587
0.295609
0.250388
0.488840
0.266853
0.227592
0.084099
0.125056
0.228567
0.243078
0.017704
0.092590
0.136407
0.160961
0.206040
0.273923
0.258059
0.471775
0.082812
0.141126
0.054927
0.302423
0.097659
0.374204
0.125944
0.086225
0.326089
0.420183
0.136621
0.126131
0.011134
0.158956
0.029884
0.107163
0.266406
0.222723
0.426495
0.235051
0.215080
0.223735
0.269492
0.230137
0.222665
0.058253
0.336981
0.106086
0.075999
0.421491
0.062355
0.100688
0.321090
0.171618
0.280655
0.488136
0.142694
0.361705
0.091652
0.140653
0.542439
0.084474
0.064426
0.044058
0.385298
0.233656
0.112494
0.105850
0.191314
0.403512
0.035840
0.177573
0.338299
0.524944
0.251763
0.179039
0.221975
0.359098
0.141128
0.133629
0.123673
0.135159
0.163023
0.132666
0.174876
