# G_1, p = 0.6000 GPa (dir_6000.0_bar).
# 6MR distortion Gamma = (1/2)(max - min) over the three opposite-O diagonals.
# 64 rings x 101 frames = 6464 samples.
# Column: per-6MR Gamma [A]
0.001335
0.001307
0.001322
0.001294
0.001331
0.001364
0.001302
0.001297
0.001305
0.001322
0.001343
0.001348
0.001290
0.001328
0.001315
0.001297
0.001307
0.001346
0.001266
0.001274
0.001362
0.001325
0.001309
0.001337
0.001325
0.001333
0.001322
0.001348
0.001325
0.001305
0.001335
0.001274
0.001327
0.001318
0.001298
0.001277
0.001348
0.001332
0.001301
0.001299
0.001330
0.001333
0.001315
0.001286
0.001322
0.001334
0.001294
0.001322
0.001320
0.001325
0.001302
0.001342
0.001317
0.001332
0.001320
0.001317
0.001315
0.001343
0.001291
0.001297
0.001340
0.001323
0.001330
0.001307
0.130693
0.057973
0.046379
0.055129
0.060783
0.025575
0.124519
0.126769
0.156548
0.101608
0.251974
0.060142
0.038084
0.060615
0.236655
0.087760
0.150288
0.064099
0.091008
0.052571
0.096015
0.174202
0.206927
0.148582
0.162038
0.169167
0.099336
0.072100
0.117601
0.164471
0.139380
0.182664
0.202638
0.050139
0.186593
0.120529
0.104090
0.065791
0.115283
0.106833
0.052731
0.241352
0.046043
0.102087
0.078360
0.037368
0.061487
0.120890
0.097713
0.105830
0.054120
0.173996
0.091973
0.035607
0.028332
0.057217
0.089555
0.054617
0.217625
0.054025
0.061954
0.046213
0.173995
0.202608
0.369483
0.144918
0.071094
0.160994
0.059971
0.080590
0.229452
0.350372
0.324280
0.205255
0.467195
0.191190
0.033315
0.180904
0.382596
0.164953
0.305679
0.101705
0.179409
0.104429
0.131995
0.266146
0.242128
0.356428
0.322086
0.174750
0.114066
0.126643
0.273026
0.291221
0.288801
0.236477
0.396145
0.069707
0.268640
0.314518
0.169093
0.099677
0.280694
0.144219
0.107175
0.357761
0.104327
0.202843
0.159883
0.048888
0.139347
0.216490
0.217087
0.216469
0.157352
0.358084
0.210524
0.179913
0.105464
0.100722
0.212216
0.129602
0.393274
0.110278
0.054247
0.054031
0.278069
0.312215
0.535190
0.183782
0.120287
0.285557
0.089553
0.234299
0.288685
0.526469
0.434081
0.149491
0.472977
0.324864
0.126247
0.250571
0.411066
0.218982
0.395335
0.103636
0.227256
0.177902
0.188873
0.313467
0.081947
0.415162
0.367090
0.060349
0.089519
0.165257
0.309685
0.228965
0.456261
0.321330
0.427052
0.134327
0.217665
0.490019
0.156497
0.056496
0.369950
0.157272
0.210462
0.348205
0.237168
0.295015
0.167438
0.043741
0.214867
0.331445
0.214262
0.221347
0.303545
0.338404
0.317427
0.392132
0.173583
0.115757
0.387264
0.224266
0.445440
0.154206
0.014062
0.191033
0.247567
0.364832
0.512378
0.144619
0.239060
0.335948
0.179902
0.424878
0.357223
0.602568
0.500690
0.112052
0.408719
0.459962
0.213890
0.158009
0.375358
0.273746
0.414925
0.233188
0.297757
0.255271
0.225722
0.242816
0.093578
0.292631
0.255319
0.033986
0.021932
0.148327
0.152181
0.090122
0.466462
0.346547
0.359700
0.224024
0.181570
0.505718
0.219753
0.098664
0.343970
0.293013
0.275464
0.377701
0.309176
0.352249
0.123107
0.112168
0.246524
0.400273
0.085423
0.180839
0.433189
0.275850
0.417502
0.471112
0.117731
0.105438
0.502056
0.252626
0.440873
0.205556
0.041827
0.185511
0.181281
0.389342
0.479073
0.080514
0.304307
0.333881
0.208739
0.518821
0.309694
0.585321
0.446666
0.138120
0.288868
0.478414
0.222892
0.082534
0.439217
0.300086
0.304551
0.325167
0.318195
0.285335
0.265649
0.110423
0.166977
0.185827
0.197539
0.045477
0.086342
0.165256
0.056124
0.069577
0.350603
0.325290
0.296324
0.238718
0.112163
0.412584
0.256504
0.276413
0.287273
0.408508
0.336810
0.348479
0.232537
0.301124
0.126956
0.223087
0.358223
0.321204
0.208452
0.242637
0.468121
0.158583
0.388190
0.362785
0.135369
0.080223
0.485405
0.230225
0.416827
0.263583
0.109595
0.073918
0.128200
0.404506
0.513667
0.131396
0.266301
0.325977
0.164264
0.469057
0.236688
0.408427
0.396983
0.108582
0.086969
0.417851
0.129620
0.186808
0.481512
0.403931
0.143709
0.270022
0.303508
0.246515
0.188146
0.077509
0.176245
0.185729
0.207015
0.071467
0.149328
0.154885
0.235485
0.225029
0.146608
0.180405
0.182985
0.229297
0.076817
0.264924
0.368831
0.425508
0.188257
0.378205
0.279977
0.192077
0.108099
0.164659
0.242185
0.223895
0.355800
0.113984
0.313875
0.236427
0.334332
0.269173
0.201285
0.141309
0.145445
0.095913
0.350276
0.072258
0.388153
0.242756
0.203706
0.074566
0.165831
0.354403
0.366045
0.277870
0.305966
0.276720
0.180554
0.355949
0.269125
0.313147
0.424014
0.123218
0.071826
0.324170
0.060130
0.270932
0.456195
0.373012
0.043478
0.114651
0.288822
0.198154
0.123215
0.154206
0.198079
0.199828
0.319121
0.053776
0.245614
0.063830
0.371039
0.370382
0.131650
0.090719
0.088473
0.255461
0.061195
0.169039
0.340673
0.311867
0.107616
0.273641
0.167015
0.078256
0.191257
0.023158
0.258046
0.189486
0.374654
0.074144
0.343202
0.212972
0.200764
0.303210
0.048535
0.136475
0.045188
0.115278
0.157024
0.091124
0.349803
0.167447
0.248672
0.026535
0.198714
0.250947
0.207419
0.327564
0.329367
0.185152
0.249377
0.169219
0.280771
0.222435
0.327077
0.163524
0.162245
0.214522
0.153826
0.364549
0.342071
0.255907
0.066326
0.010173
0.242098
0.232142
0.132416
0.152609
0.165237
0.282301
0.337342
0.029505
0.305672
0.140406
0.366698
0.403594
0.259747
0.209761
0.197091
0.298251
0.132748
0.113966
0.257254
0.231071
0.059112
0.170022
0.139226
0.157332
0.244843
0.182680
0.267099
0.179317
0.302493
0.121999
0.284905
0.166087
0.120416
0.355585
0.144222
0.200696
0.080786
0.059286
0.147924
0.241308
0.235493
0.153840
0.208002
0.142243
0.200758
0.142329
0.391527
0.267899
0.198529
0.173257
0.262225
0.112395
0.251638
0.153108
0.111521
0.144021
0.298465
0.185820
0.172546
0.327729
0.211684
0.137580
0.100742
0.113901
0.155063
0.187589
0.124735
0.069643
0.088161
0.365546
0.215937
0.196822
0.278633
0.154306
0.238381
0.363896
0.359195
0.323351
0.230529
0.253373
0.304874
0.101755
0.163824
0.317935
0.135970
0.206464
0.189089
0.286521
0.304076
0.121787
0.299718
0.204275
0.215490
0.177959
0.143977
0.015725
0.221233
0.339619
0.142652
0.297704
0.114136
0.064841
0.206006
0.376822
0.055910
0.119683
0.216044
0.214774
0.187218
0.122911
0.472958
0.182313
0.154814
0.146848
0.224267
0.232301
0.238775
0.234566
0.209074
0.136510
0.333596
0.257548
0.175216
0.309685
0.148778
0.034268
0.216422
0.152563
0.074169
0.120272
0.114403
0.117346
0.341742
0.279556
0.204633
0.224393
0.171234
0.151139
0.183220
0.196710
0.418294
0.375466
0.267224
0.166565
0.442199
0.068772
0.050126
0.370869
0.265523
0.263057
0.221575
0.403045
0.273988
0.200085
0.333866
0.118419
0.143974
0.210502
0.066780
0.176318
0.310248
0.308287
0.103630
0.375266
0.161911
0.084320
0.229737
0.320841
0.293130
0.172263
0.173662
0.207903
0.100992
0.107475
0.311207
0.140200
0.297959
0.107116
0.223044
0.223611
0.356752
0.302846
0.363869
0.323705
0.302299
0.364698
0.198230
0.306121
0.253166
0.302810
0.306984
0.087729
0.118157
0.041699
0.159148
0.150018
0.403798
0.111872
0.243207
0.187240
0.164121
0.200109
0.213932
0.072967
0.379818
0.381545
0.238903
0.180151
0.462115
0.119570
0.140901
0.396347
0.304674
0.224274
0.247516
0.463301
0.115954
0.368559
0.376832
0.063967
0.028602
0.225742
0.107300
0.250048
0.327683
0.249980
0.103623
0.262619
0.274900
0.091575
0.189905
0.189496
0.397722
0.261952
0.161481
0.195402
0.015015
0.119761
0.105351
0.045001
0.451678
0.103075
0.171365
0.116953
0.387759
0.267984
0.331601
0.444269
0.263647
0.442940
0.147603
0.196814
0.415924
0.482020
0.196800
0.071839
0.196321
0.126047
0.132619
0.194611
0.352604
0.075338
0.230453
0.147530
0.256556
0.192736
0.276504
0.127123
0.253135
0.390796
0.177995
0.149076
0.385560
0.208678
0.256629
0.320884
0.296673
0.136358
0.202839
0.383396
0.156723
0.382676
0.342485
0.236303
0.055716
0.252307
0.148273
0.245564
0.308309
0.200790
0.167108
0.123982
0.384880
0.147981
0.119571
0.121113
0.298861
0.228277
0.129124
0.171466
0.150012
0.159990
0.164783
0.059140
0.553436
0.221708
0.040204
0.038924
0.371715
0.257383
0.255442
0.362488
0.169843
0.503418
0.122716
0.062660
0.410238
0.479095
0.038528
0.156557
0.113603
0.152149
0.053683
0.231798
0.254065
0.158172
0.302643
0.088431
0.320354
0.147814
0.272378
0.212807
0.080919
0.363909
0.102332
0.113217
0.307609
0.276909
0.252111
0.126293
0.175702
0.181568
0.144746
0.222089
0.210132
0.292028
0.219863
0.319692
0.117541
0.328734
0.154013
0.219702
0.240433
0.205801
0.177403
0.128762
0.465413
0.280476
0.081841
0.054438
0.189341
0.181537
0.140787
0.212930
0.246961
0.153275
0.292740
0.086076
0.466454
0.310939
0.179254
0.038163
0.342946
0.364630
0.225583
0.337646
0.081304
0.469778
0.217051
0.170069
0.375780
0.421380
0.189790
0.144461
0.046456
0.130847
0.163680
0.236761
0.115811
0.108406
0.349289
0.086644
0.281401
0.080792
0.348631
0.264218
0.135097
0.309070
0.081169
0.079132
0.206020
0.271779
0.309947
0.076003
0.129892
0.221821
0.137279
0.180221
0.182931
0.177752
0.015921
0.391762
0.227182
0.324881
0.115951
0.163074
0.204635
0.263828
0.190447
0.085679
0.382171
0.336154
0.051789
0.094732
0.118594
0.144022
0.083289
0.296291
0.241204
0.171610
0.283842
0.199517
0.158187
0.305169
0.277429
0.073259
0.276611
0.415158
0.263425
0.216180
0.205456
0.366341
0.236299
0.192616
0.302042
0.369145
0.261748
0.169378
0.095786
0.093843
0.138424
0.155563
0.061961
0.139357
0.257242
0.234347
0.382798
0.103232
0.365458
0.353987
0.282474
0.288036
0.173721
0.073013
0.155220
0.345126
0.324451
0.255463
0.194941
0.149483
0.250463
0.296413
0.298122
0.066652
0.311539
0.536086
0.332080
0.212361
0.025247
0.166545
0.143379
0.325260
0.233230
0.091174
0.327620
0.284493
0.094007
0.177785
0.092595
0.080912
0.056957
0.255201
0.235136
0.226151
0.224511
0.275152
0.129059
0.187461
0.335708
0.162433
0.173007
0.334490
0.242408
0.126173
0.360737
0.305090
0.292466
0.271095
0.231721
0.222510
0.342320
0.198500
0.024371
0.063462
0.063345
0.041849
0.199667
0.214927
0.152344
0.271125
0.399038
0.146321
0.355591
0.425764
0.353774
0.258609
0.254794
0.113005
0.179852
0.390929
0.258566
0.422697
0.339393
0.061548
0.279203
0.318360
0.364039
0.032625
0.455512
0.593039
0.266003
0.091171
0.055214
0.157990
0.082023
0.347260
0.230690
0.063073
0.261091
0.226961
0.121444
0.256826
0.058243
0.063201
0.097818
0.145832
0.127709
0.160381
0.203474
0.279962
0.262688
0.063571
0.351367
0.188560
0.092459
0.215952
0.226823
0.034916
0.385604
0.261511
0.359187
0.263351
0.199204
0.142135
0.279653
0.226364
0.116391
0.134589
0.014323
0.159228
0.264183
0.228084
0.107030
0.266269
0.270277
0.230667
0.228994
0.404158
0.298607
0.101297
0.220530
0.338421
0.132241
0.303002
0.180725
0.449588
0.352180
0.073741
0.219677
0.220967
0.312002
0.020941
0.343326
0.364334
0.102803
0.071156
0.163154
0.147284
0.036623
0.420010
0.228547
0.098981
0.119779
0.213274
0.217016
0.319296
0.066155
0.101465
0.179386
0.083722
0.086696
0.069818
0.209083
0.172697
0.302522
0.033107
0.302339
0.134519
0.046904
0.243675
0.200650
0.076849
0.280929
0.166514
0.390730
0.247756
0.232725
0.245716
0.185388
0.216616
0.060741
0.225074
0.127387
0.200587
0.238717
0.147871
0.061769
0.263317
0.097723
0.249996
0.207149
0.234535
0.243340
0.222915
0.118520
0.385518
0.212645
0.149061
0.119385
0.390296
0.242336
0.025402
0.172969
0.110587
0.167955
0.043048
0.117883
0.129886
0.104961
0.071458
0.157217
0.106239
0.130044
0.340588
0.218232
0.295369
0.168064
0.184299
0.334106
0.281946
0.230832
0.088719
0.248946
0.029300
0.125479
0.037395
0.143159
0.069300
0.250897
0.028004
0.226752
0.132329
0.106943
0.244202
0.147420
0.142179
0.142783
0.172953
0.370886
0.166952
0.247670
0.311224
0.380966
0.197243
0.081112
0.260480
0.284840
0.327460
0.095522
0.115590
0.007227
0.123537
0.100494
0.208738
0.205273
0.116388
0.204720
0.346445
0.183503
0.261679
0.268431
0.061101
0.103597
0.330817
0.197540
0.083925
0.140187
0.074044
0.047300
0.081676
0.131414
0.124766
0.102539
0.042696
0.002840
0.127329
0.212779
0.155851
0.119927
0.428267
0.385600
0.178610
0.296180
0.208148
0.406189
0.166401
0.362838
0.192897
0.096468
0.159641
0.122391
0.071158
0.145363
0.045052
0.147011
0.055967
0.104599
0.246304
0.162595
0.213623
0.205191
0.276315
0.205084
0.264265
0.288064
0.480720
0.435101
0.260405
0.138396
0.177285
0.359906
0.382603
0.002862
0.103976
0.061568
0.101471
0.165844
0.084387
0.215418
0.317887
0.134497
0.288818
0.219211
0.171774
0.247928
0.155134
0.039559
0.196765
0.197496
0.040894
0.029271
0.198744
0.275895
0.148939
0.129833
0.057838
0.069127
0.050685
0.148665
0.168786
0.222316
0.100326
0.117705
0.323960
0.423198
0.136340
0.199025
0.104692
0.442319
0.175211
0.331177
0.319605
0.178485
0.171100
0.103689
0.242700
0.092472
0.067479
0.068787
0.018579
0.117653
0.218346
0.233094
0.249917
0.234206
0.309119
0.185353
0.376641
0.274930
0.583786
0.400804
0.300218
0.181476
0.122896
0.258846
0.253135
0.046938
0.112917
0.242551
0.242304
0.243414
0.100178
0.188991
0.430315
0.068128
0.313131
0.201537
0.316127
0.202208
0.177659
0.050368
0.087492
0.152272
0.155296
0.149265
0.323502
0.344461
0.233901
0.156314
0.085629
0.126175
0.038477
0.160555
0.264139
0.196796
0.175346
0.190944
0.098097
0.349256
0.067494
0.145658
0.042791
0.204158
0.081256
0.119319
0.389992
0.299275
0.108549
0.183796
0.332156
0.156081
0.067909
0.118584
0.059453
0.162820
0.292494
0.188632
0.227402
0.194708
0.362982
0.137839
0.387782
0.172945
0.511967
0.378106
0.229969
0.247177
0.102495
0.125422
0.157499
0.118459
0.150406
0.371152
0.250753
0.299660
0.209019
0.124342
0.293544
0.066348
0.361212
0.144824
0.379606
0.216414
0.176753
0.030567
0.240107
0.167083
0.284662
0.299524
0.345501
0.295323
0.353551
0.134772
0.177631
0.153795
0.053935
0.134300
0.336513
0.180799
0.150851
0.177699
0.188939
0.290523
0.224649
0.144010
0.037694
0.047778
0.072209
0.062891
0.361734
0.258771
0.184367
0.309604
0.240804
0.106755
0.278848
0.127154
0.123905
0.172325
0.274950
0.383345
0.191859
0.135169
0.356037
0.055214
0.377948
0.080760
0.321467
0.302570
0.157432
0.271374
0.123399
0.116872
0.072013
0.211286
0.226979
0.271012
0.233938
0.245270
0.234375
0.078323
0.158581
0.075082
0.349679
0.086176
0.398993
0.203361
0.157658
0.099507
0.297826
0.156521
0.268467
0.355103
0.246004
0.240008
0.434324
0.052571
0.264204
0.108132
0.155012
0.180896
0.306911
0.147674
0.154118
0.110275
0.301155
0.274400
0.276449
0.142919
0.042027
0.090309
0.159090
0.166152
0.194439
0.142874
0.186360
0.250309
0.070966
0.055690
0.415840
0.085159
0.196046
0.147017
0.166934
0.562915
0.168775
0.135241
0.254809
0.097688
0.363665
0.093404
0.284174
0.146973
0.094621
0.211513
0.176993
0.140732
0.204515
0.225916
0.222747
0.165545
0.220298
0.132207
0.209603
0.211724
0.264961
0.181886
0.320400
0.105277
0.377931
0.134314
0.143389
0.088804
0.316757
0.111340
0.237275
0.273047
0.106975
0.125015
0.340632
0.147316
0.344418
0.056065
0.191011
0.209482
0.165347
0.115684
0.175929
0.132046
0.328230
0.236427
0.246092
0.118225
0.028157
0.111946
0.194391
0.207062
0.029379
0.111285
0.134933
0.103826
0.080462
0.148848
0.424069
0.105572
0.210467
0.117185
0.206566
0.529884
0.197339
0.301516
0.174873
0.150740
0.335271
0.122992
0.218480
0.029612
0.067276
0.281064
0.168895
0.044384
0.232944
0.140253
0.152506
0.165134
0.147469
0.152116
0.212350
0.200224
0.295682
0.273321
0.382058
0.210914
0.306108
0.108567
0.183310
0.025993
0.357831
0.130724
0.164408
0.162495
0.026214
0.150573
0.198245
0.242130
0.425683
0.134101
0.168952
0.162925
0.109880
0.111602
0.094689
0.350792
0.438288
0.105066
0.212056
0.184340
0.083186
0.157017
0.238195
0.192268
0.061017
0.180695
0.108991
0.054446
0.194134
0.239777
0.316870
0.128739
0.211374
0.200545
0.352117
0.389458
0.140723
0.346179
0.193263
0.091506
0.216883
0.056172
0.214640
0.183367
0.273280
0.383264
0.060793
0.183076
0.310681
0.123848
0.177145
0.180473
0.037681
0.228180
0.100260
0.094253
0.267781
0.231740
0.225303
0.305198
0.146382
0.137705
0.238304
0.096811
0.261150
0.140746
0.115260
0.070543
0.145605
0.374515
0.079365
0.246302
0.437557
0.084688
0.117289
0.114032
0.147950
0.088165
0.053132
0.424155
0.407959
0.055935
0.198294
0.296590
0.112820
0.175433
0.339619
0.164638
0.022732
0.269711
0.052763
0.202207
0.218402
0.323682
0.238017
0.193326
0.215211
0.267908
0.385186
0.238604
0.070581
0.342000
0.134404
0.073085
0.147564
0.160069
0.261945
0.361710
0.354544
0.346514
0.089002
0.272369
0.197083
0.255429
0.180067
0.078509
0.116866
0.200758
0.064000
0.111196
0.248896
0.168058
0.104304
0.369444
0.050116
0.182379
0.230705
0.092146
0.205540
0.193809
0.195014
0.042602
0.221914
0.281170
0.266316
0.209984
0.316752
0.091399
0.086708
0.064571
0.223008
0.114719
0.030149
0.355853
0.345555
0.176241
0.170731
0.321501
0.130754
0.260885
0.461680
0.210479
0.061672
0.310989
0.025128
0.262527
0.125002
0.302804
0.130979
0.200746
0.290377
0.163165
0.252222
0.015681
0.181358
0.305859
0.062291
0.146029
0.206487
0.224045
0.239458
0.418954
0.275641
0.244589
0.162502
0.241410
0.065442
0.343988
0.250980
0.053286
0.234508
0.120144
0.112595
0.178792
0.288880
0.186881
0.246212
0.411360
0.121884
0.169221
0.119509
0.042583
0.310817
0.195020
0.227475
0.154124
0.242527
0.058146
0.336424
0.294556
0.174644
0.152158
0.150440
0.159006
0.372897
0.204922
0.063600
0.271232
0.259751
0.316213
0.203699
0.349270
0.151304
0.312593
0.482302
0.256813
0.212208
0.241106
0.067149
0.235250
0.034529
0.144948
0.291957
0.190278
0.314337
0.045524
0.154526
0.210317
0.261217
0.219273
0.119331
0.279870
0.306150
0.255419
0.300219
0.401299
0.224090
0.161023
0.206324
0.187593
0.123070
0.263405
0.286560
0.160961
0.316676
0.125915
0.135661
0.203442
0.249854
0.158644
0.334168
0.385936
0.146717
0.013212
0.153832
0.112424
0.413313
0.147131
0.147485
0.302063
0.235219
0.124669
0.245465
0.428854
0.225179
0.189384
0.277757
0.263978
0.434624
0.209959
0.151417
0.203530
0.345569
0.387523
0.290620
0.329782
0.121351
0.329771
0.417656
0.182673
0.290469
0.129851
0.070150
0.166905
0.137390
0.013314
0.427936
0.145287
0.234518
0.066435
0.164825
0.228589
0.278855
0.125507
0.128466
0.346003
0.355510
0.225006
0.363179
0.348663
0.180616
0.118070
0.221852
0.153917
0.065829
0.124625
0.234966
0.220230
0.199249
0.266667
0.168297
0.207755
0.099820
0.168262
0.306152
0.428675
0.224010
0.187612
0.283416
0.094361
0.352600
0.078674
0.138834
0.329831
0.174077
0.217402
0.212806
0.274884
0.341707
0.073442
0.196072
0.293235
0.385962
0.215271
0.158308
0.091677
0.376123
0.314569
0.283071
0.319917
0.085916
0.300319
0.305931
0.198120
0.197417
0.099856
0.101071
0.174279
0.143742
0.131837
0.492616
0.105978
0.201850
0.166339
0.198689
0.222242
0.225381
0.082237
0.032701
0.246781
0.306172
0.058482
0.213497
0.240925
0.209086
0.132764
0.150985
0.139791
0.115795
0.150018
0.131068
0.211263
0.107882
0.257172
0.172838
0.214593
0.089642
0.028708
0.246118
0.201886
0.267361
0.248808
0.326310
0.120875
0.299825
0.062753
0.113635
0.314859
0.126384
0.301810
0.271343
0.077630
0.313299
0.111658
0.053900
0.246366
0.272487
0.237229
0.066385
0.071415
0.325543
0.269488
0.185583
0.245547
0.066991
0.160910
0.208137
0.339627
0.104717
0.154316
0.148118
0.263945
0.083075
0.148057
0.446019
0.139248
0.258728
0.273248
0.185843
0.193955
0.086392
0.085218
0.242857
0.108167
0.250760
0.115403
0.052862
0.195976
0.271786
0.086484
0.138947
0.082476
0.098784
0.173812
0.036963
0.225364
0.147896
0.181518
0.131006
0.154917
0.234912
0.168476
0.155723
0.214469
0.211490
0.209210
0.180202
0.118501
0.292636
0.147981
0.066124
0.360730
0.139448
0.241452
0.256090
0.202326
0.232122
0.173276
0.134046
0.241922
0.172593
0.298229
0.061537
0.228259
0.205058
0.150652
0.050587
0.147866
0.213985
0.137007
0.119154
0.229188
0.098060
0.166143
0.226585
0.283272
0.203698
0.161138
0.332828
0.123894
0.265614
0.250502
0.223087
0.146630
0.042199
0.078773
0.365994
0.099321
0.181058
0.230584
0.205313
0.269503
0.280434
0.046440
0.293674
0.061880
0.084277
0.050779
0.059625
0.218148
0.130446
0.194425
0.068940
0.238090
0.443268
0.312893
0.089680
0.285740
0.153797
0.167810
0.159983
0.030465
0.232995
0.287517
0.184215
0.348947
0.063323
0.197837
0.089602
0.200848
0.130322
0.225900
0.238751
0.211429
0.116279
0.288972
0.053521
0.360543
0.054609
0.052344
0.175373
0.097309
0.231169
0.356257
0.220505
0.068571
0.197298
0.159647
0.246384
0.181474
0.232794
0.223508
0.202453
0.128210
0.206528
0.186322
0.201781
0.155056
0.093245
0.156110
0.353864
0.026729
0.083943
0.283479
0.294490
0.239627
0.173683
0.127913
0.380079
0.032314
0.205434
0.160985
0.076570
0.223960
0.029133
0.272730
0.013723
0.418401
0.506391
0.338886
0.050848
0.369916
0.170648
0.134324
0.124222
0.111175
0.128712
0.356283
0.231929
0.196684
0.074269
0.251383
0.092487
0.221331
0.068325
0.254365
0.370070
0.105918
0.070432
0.238046
0.080724
0.467190
0.110097
0.185917
0.207784
0.094274
0.090907
0.379360
0.345390
0.231251
0.306008
0.120356
0.226873
0.015240
0.127800
0.258433
0.109600
0.069835
0.194055
0.186432
0.195937
0.199108
0.188961
0.253361
0.314532
0.151297
0.030230
0.255113
0.310224
0.284360
0.104149
0.181238
0.359640
0.171525
0.212690
0.246643
0.177071
0.202393
0.119949
0.310746
0.051898
0.456411
0.411048
0.270476
0.256366
0.395740
0.108634
0.123744
0.012128
0.051027
0.065041
0.313243
0.218900
0.055815
0.174799
0.279028
0.222664
0.188314
0.103640
0.268175
0.418464
0.081688
0.205938
0.153221
0.217233
0.474235
0.164977
0.240165
0.093806
0.103001
0.161480
0.290683
0.446937
0.311684
0.309198
0.124662
0.224710
0.218619
0.112277
0.271780
0.062233
0.117733
0.182692
0.159470
0.126648
0.225864
0.228753
0.320492
0.277159
0.122487
0.053025
0.118743
0.269899
0.241772
0.055175
0.160236
0.218536
0.177893
0.231984
0.158025
0.310417
0.128930
0.213035
0.260823
0.083232
0.323272
0.286863
0.181067
0.348846
0.335124
0.054278
0.141689
0.101797
0.052023
0.162108
0.332243
0.194310
0.174815
0.244839
0.314412
0.374375
0.050044
0.175799
0.165322
0.375568
0.191121
0.306516
0.037679
0.301450
0.330141
0.207400
0.215872
0.230249
0.151123
0.148938
0.270616
0.481553
0.227830
0.258948
0.169124
0.132492
0.429916
0.129216
0.246204
0.144786
0.308598
0.205565
0.150992
0.039707
0.192629
0.210912
0.300147
0.188376
0.062933
0.060580
0.100581
0.235814
0.164674
0.082333
0.085117
0.075630
0.142697
0.217277
0.096880
0.298611
0.024705
0.236080
0.257297
0.119666
0.256729
0.266172
0.094726
0.204761
0.215727
0.068376
0.094327
0.094096
0.098363
0.268792
0.373211
0.128307
0.172215
0.325278
0.320066
0.451199
0.061394
0.247454
0.151821
0.288110
0.341834
0.300209
0.087152
0.368977
0.149871
0.215647
0.153537
0.280308
0.313219
0.046621
0.302720
0.421878
0.114483
0.206696
0.249360
0.019580
0.580695
0.261307
0.211503
0.286778
0.321739
0.225773
0.138772
0.223910
0.086163
0.106766
0.182410
0.109673
0.114840
0.058285
0.219538
0.203611
0.127512
0.119468
0.059571
0.112955
0.124823
0.235892
0.114661
0.227322
0.160958
0.220826
0.259243
0.207131
0.215928
0.335186
0.286826
0.046850
0.100513
0.167955
0.027579
0.049489
0.270398
0.319627
0.221155
0.174519
0.144849
0.379018
0.232945
0.349660
0.093618
0.336742
0.164953
0.162068
0.477558
0.261161
0.235927
0.312306
0.228416
0.215084
0.115792
0.135821
0.318940
0.011543
0.209014
0.289484
0.243167
0.130522
0.310798
0.045910
0.543957
0.270929
0.254622
0.339211
0.271746
0.100903
0.172977
0.338299
0.146448
0.098185
0.088424
0.178878
0.264633
0.076820
0.288565
0.138190
0.134667
0.252911
0.099632
0.210663
0.318261
0.297819
0.080342
0.259091
0.286435
0.220783
0.266246
0.285634
0.064290
0.354863
0.339635
0.099847
0.048899
0.158171
0.032189
0.007700
0.228072
0.308920
0.146323
0.134036
0.134444
0.354560
0.159160
0.177320
0.157470
0.302648
0.163597
0.100744
0.508815
0.138838
0.315018
0.086787
0.437148
0.230683
0.095652
0.095672
0.253891
0.053267
0.094173
0.233190
0.315407
0.124429
0.242437
0.045624
0.401626
0.179063
0.311565
0.277828
0.284765
0.170052
0.254207
0.308197
0.320160
0.190831
0.021375
0.291808
0.267200
0.063280
0.418969
0.056756
0.093871
0.347325
0.118091
0.199689
0.381013
0.334567
0.099531
0.254629
0.320542
0.214295
0.244783
0.260022
0.091338
0.438628
0.190175
0.142759
0.012232
0.047190
0.087886
0.005159
0.093609
0.226827
0.239746
0.124740
0.104973
0.323900
0.129847
0.068902
0.085689
0.221633
0.173476
0.324312
0.450264
0.036765
0.256054
0.078836
0.594036
0.225263
0.112887
0.274521
0.229280
0.099649
0.004106
0.178495
0.335664
0.190809
0.052863
0.076516
0.257621
0.156515
0.347781
0.187354
0.204098
0.354376
0.284516
0.217748
0.327275
0.258095
0.161001
0.263192
0.127488
0.068660
0.419449
0.075102
0.186221
0.295832
0.151661
0.171022
0.261522
0.226120
0.178132
0.188742
0.322523
0.155091
0.170903
0.222280
0.139706
0.427548
0.207115
0.166046
0.087561
0.090588
0.115929
0.058313
0.087829
0.218497
0.319280
0.148712
0.053755
0.245262
0.149868
0.048054
0.148084
0.194822
0.210558
0.443312
0.336359
0.142303
0.122040
0.207539
0.593223
0.151113
0.098643
0.365988
0.224403
0.159346
0.119599
0.156453
0.304826
0.198487
0.162387
0.124224
0.081239
0.144489
0.330642
0.088858
0.120279
0.360946
0.246191
0.075836
0.224790
0.296366
0.250103
0.102178
0.019528
0.171374
0.301289
0.148825
0.365866
0.282425
0.176975
0.084574
0.132427
0.149801
0.174426
0.155179
0.217590
0.181317
0.153964
0.213205
0.104970
0.323564
0.321268
0.200910
0.166791
0.155688
0.081200
0.128641
0.294033
0.264511
0.396230
0.075849
0.065989
0.122716
0.136623
0.217438
0.172499
0.189280
0.158154
0.387254
0.173523
0.153976
0.074950
0.301691
0.483948
0.115557
0.108758
0.314378
0.260082
0.242685
0.305022
0.281140
0.334417
0.184211
0.296628
0.238300
0.159111
0.181977
0.193530
0.029499
0.165325
0.262791
0.154776
0.087248
0.060782
0.364374
0.194702
0.030425
0.101280
0.231501
0.164064
0.205831
0.390618
0.188294
0.180531
0.141040
0.093767
0.165937
0.151196
0.090374
0.161192
0.240358
0.287953
0.107215
0.076015
0.181114
0.206707
0.154932
0.184414
0.160772
0.024504
0.146726
0.466437
0.253934
0.408457
0.061149
0.091058
0.084820
0.275591
0.344181
0.060995
0.135752
0.101915
0.294467
0.032681
0.171628
0.234973
0.251005
0.282050
0.188942
0.225835
0.263843
0.227755
0.275841
0.395588
0.296586
0.253935
0.198216
0.283911
0.332782
0.323132
0.228188
0.198760
0.057805
0.190027
0.177321
0.147286
0.223223
0.091024
0.339893
0.105147
0.060135
0.170368
0.155913
0.111032
0.292494
0.273358
0.010173
0.168650
0.215242
0.312091
0.207197
0.187770
0.121752
0.203196
0.265698
0.372609
0.018758
0.189130
0.013992
0.058332
0.112832
0.133500
0.150777
0.085630
0.058516
0.504665
0.204371
0.287191
0.115419
0.200199
0.111888
0.417088
0.402353
0.071342
0.253821
0.052961
0.175110
0.075006
0.217237
0.271524
0.214679
0.236515
0.198330
0.243501
0.239707
0.142451
0.237120
0.336576
0.174559
0.180040
0.208094
0.184561
0.320449
0.406674
0.169158
0.293867
0.037717
0.284257
0.179863
0.204926
0.311666
0.262683
0.236896
0.260889
0.034846
0.175479
0.045306
0.153755
0.199499
0.183890
0.148282
0.231229
0.185735
0.430087
0.197377
0.273254
0.290645
0.282120
0.227031
0.291080
0.077545
0.268003
0.166369
0.077935
0.169544
0.070687
0.133592
0.058295
0.102138
0.458948
0.126094
0.212156
0.136423
0.342410
0.134095
0.425292
0.362262
0.165333
0.400994
0.028471
0.132278
0.080569
0.213645
0.211042
0.186717
0.393495
0.252235
0.284723
0.283549
0.065991
0.129955
0.264594
0.186996
0.014657
0.127202
0.174790
0.152193
0.461644
0.111114
0.322282
0.129513
0.424832
0.221940
0.241443
0.344411
0.348404
0.194210
0.340587
0.075031
0.251692
0.103486
0.266403
0.041505
0.072456
0.170879
0.236879
0.121532
0.392278
0.112254
0.335250
0.293225
0.367395
0.154823
0.263861
0.069830
0.181816
0.260509
0.113030
0.296200
0.154622
0.119286
0.121537
0.235287
0.428101
0.054679
0.197208
0.084740
0.345266
0.208299
0.280968
0.194994
0.220523
0.371843
0.129574
0.151428
0.153165
0.195403
0.270635
0.216545
0.493290
0.217378
0.326231
0.271257
0.017515
0.071319
0.301165
0.300002
0.269403
0.048925
0.174893
0.061315
0.479508
0.214656
0.257686
0.231426
0.419474
0.194460
0.152069
0.390796
0.247353
0.152103
0.307095
0.275704
0.220106
0.201444
0.281622
0.110014
0.102301
0.069852
0.187382
0.065851
0.369173
0.115937
0.314296
0.198942
0.363708
0.169919
0.286683
0.236939
0.174915
0.216965
0.086746
0.327043
0.238051
0.127437
0.141562
0.264153
0.304018
0.315989
0.066434
0.049926
0.340408
0.300317
0.101715
0.111867
0.219584
0.257386
0.348182
0.053610
0.289285
0.249880
0.429578
0.203012
0.616674
0.146540
0.331755
0.253625
0.032626
0.079368
0.361771
0.323019
0.449380
0.144286
0.167282
0.131244
0.424615
0.194844
0.227206
0.244900
0.277037
0.148925
0.067168
0.460412
0.055602
0.114945
0.265771
0.445041
0.140536
0.261331
0.119509
0.181252
0.192563
0.165403
0.197941
0.071481
0.510482
0.228042
0.225750
0.219835
0.251306
0.202223
0.369128
0.336927
0.215116
0.127691
0.053126
0.235800
0.350345
0.106141
0.122819
0.228264
0.158477
0.473387
0.129010
0.083841
0.258283
0.284383
0.175503
0.176969
0.270281
0.213150
0.435659
0.083664
0.365066
0.139979
0.350785
0.187939
0.540814
0.200123
0.289573
0.203558
0.039282
0.120213
0.320485
0.290123
0.472630
0.223615
0.139841
0.163148
0.174938
0.154369
0.199596
0.259103
0.136613
0.208371
0.028428
0.395743
0.100309
0.252611
0.210976
0.516029
0.143957
0.267868
0.050623
0.247039
0.197478
0.072682
0.218926
0.086846
0.511012
0.238355
0.202408
0.284416
0.076294
0.182916
0.358848
0.301703
0.192435
0.100751
0.140043
0.216345
0.447751
0.037286
0.167376
0.145174
0.081873
0.442031
0.234065
0.084988
0.278981
0.262061
0.275584
0.221157
0.332394
0.247177
0.300770
0.152114
0.304910
0.098260
0.227649
0.187561
0.252530
0.310333
0.277392
0.234145
0.063455
0.234946
0.233084
0.224156
0.408560
0.097419
0.099173
0.224333
0.139981
0.256531
0.200817
0.277514
0.110913
0.318019
0.053179
0.270542
0.157272
0.366871
0.213836
0.462250
0.144117
0.228422
0.122336
0.215983
0.226809
0.066490
0.255912
0.044658
0.453908
0.209016
0.269121
0.321635
0.057729
0.111460
0.339548
0.277556
0.129619
0.133204
0.129354
0.228235
0.464081
0.131060
0.167680
0.051331
0.044131
0.328389
0.291601
0.051552
0.243887
0.282845
0.348656
0.227824
0.258702
0.236916
0.163566
0.136670
0.219691
0.282069
0.219240
0.079667
0.064562
0.454936
0.278542
0.308299
0.196787
0.382085
0.116441
0.113227
0.302119
0.128997
0.177959
0.215360
0.332826
0.235953
0.196113
0.271866
0.282060
0.408360
0.048008
0.234958
0.168189
0.349169
0.184294
0.207043
0.238011
0.248963
0.074016
0.112842
0.257851
0.187088
0.252319
0.166270
0.304411
0.146478
0.243254
0.273353
0.111838
0.089236
0.309450
0.270757
0.117458
0.219490
0.105111
0.207552
0.329747
0.129881
0.151250
0.139877
0.171747
0.200560
0.364026
0.047047
0.142216
0.265118
0.398338
0.176015
0.173142
0.193886
0.139285
0.146769
0.228435
0.327313
0.175862
0.077281
0.123602
0.418573
0.189162
0.343891
0.301313
0.425402
0.144065
0.024042
0.182251
0.191315
0.236699
0.151222
0.310755
0.121575
0.104591
0.196950
0.361905
0.374693
0.097675
0.355222
0.197077
0.143971
0.107164
0.144837
0.284363
0.287087
0.074873
0.097367
0.222158
0.229628
0.191840
0.320780
0.145095
0.109830
0.093228
0.118763
0.087466
0.088332
0.219559
0.121930
0.164737
0.288207
0.175551
0.155829
0.204633
0.075539
0.186935
0.173527
0.282827
0.165560
0.275246
0.076842
0.045084
0.215342
0.403044
0.202318
0.121244
0.128094
0.080941
0.116050
0.176270
0.313231
0.174721
0.024467
0.171419
0.263223
0.185905
0.322944
0.264539
0.366074
0.211547
0.142795
0.072100
0.149252
0.254443
0.086913
0.238530
0.020391
0.073004
0.099127
0.353390
0.274930
0.052776
0.395720
0.107487
0.121638
0.045339
0.202149
0.314236
0.328745
0.104651
0.052184
0.142215
0.152760
0.056280
0.327716
0.230704
0.166857
0.226177
0.161600
0.067631
0.135469
0.173460
0.058030
0.248282
0.235392
0.204555
0.154178
0.122199
0.109208
0.153358
0.186388
0.201730
0.298890
0.245190
0.138737
0.057461
0.190829
0.291107
0.285169
0.104491
0.293597
0.052944
0.123753
0.170067
0.362379
0.140453
0.171334
0.207443
0.105702
0.254451
0.260579
0.241647
0.221756
0.226003
0.260581
0.101760
0.130347
0.202396
0.073179
0.143359
0.128484
0.084922
0.070582
0.284791
0.239011
0.147308
0.380155
0.110146
0.180340
0.071882
0.188916
0.288746
0.340820
0.104562
0.034769
0.075828
0.126989
0.112246
0.305018
0.329785
0.239064
0.363472
0.233954
0.078647
0.194712
0.110350
0.075200
0.234953
0.167989
0.217547
0.249866
0.124688
0.160996
0.088148
0.149552
0.072225
0.391994
0.214906
0.138853
0.148144
0.101727
0.410083
0.288953
0.269685
0.371741
0.136434
0.184851
0.225841
0.391610
0.067558
0.336234
0.255994
0.135657
0.334625
0.145055
0.258608
0.120047
0.205315
0.303655
0.194187
0.129139
0.087705
0.060322
0.039244
0.183848
0.170927
0.229777
0.108540
0.309349
0.225764
0.302842
0.206985
0.117432
0.083265
0.147503
0.118094
0.234205
0.103935
0.066326
0.209034
0.194383
0.294879
0.198107
0.489430
0.266205
0.313849
0.260628
0.130947
0.238077
0.077616
0.066578
0.144625
0.059473
0.203366
0.235150
0.261337
0.163616
0.094765
0.125907
0.098176
0.353756
0.059169
0.134321
0.257709
0.086082
0.456663
0.165630
0.288323
0.292761
0.217796
0.245672
0.217826
0.282178
0.098183
0.447492
0.253751
0.275680
0.392213
0.154558
0.301314
0.162872
0.100557
0.308132
0.231179
0.158539
0.090127
0.041099
0.130124
0.099647
0.200907
0.238418
0.158494
0.270841
0.278205
0.310877
0.193889
0.063712
0.125117
0.186649
0.078237
0.170908
0.206732
0.183358
0.282886
0.141449
0.438642
0.126248
0.696337
0.263252
0.175484
0.244645
0.186333
0.132461
0.066656
0.085228
0.097490
0.075890
0.121296
0.133574
0.293035
0.181834
0.062587
0.143497
0.137236
0.201279
0.103584
0.156270
0.314944
0.165192
0.432473
0.033532
0.121860
0.169578
0.232148
0.284898
0.189344
0.180688
0.047324
0.460705
0.222943
0.190921
0.330932
0.255036
0.276503
0.369972
0.125903
0.296504
0.221724
0.230703
0.071534
0.049006
0.149351
0.051938
0.262859
0.156197
0.271307
0.203016
0.310601
0.339394
0.187341
0.054498
0.142280
0.157222
0.230492
0.087432
0.231478
0.292485
0.308785
0.213708
0.448308
0.145665
0.736422
0.221281
0.104827
0.117980
0.265547
0.118498
0.256850
0.070510
0.077867
0.107690
0.057423
0.109440
0.251772
0.219295
0.016123
0.170887
0.240928
0.145016
0.145929
0.173236
0.314365
0.212555
0.407846
0.150586
0.243563
0.109723
0.179175
0.279234
0.160445
0.177670
0.071022
0.337783
0.272164
0.111805
0.300437
0.317919
0.230633
0.483805
0.290307
0.223898
0.310345
0.217043
0.033725
0.148376
0.073783
0.162276
0.267185
0.158338
0.198081
0.165945
0.273312
0.487852
0.199270
0.034136
0.046403
0.142438
0.356883
0.075961
0.167443
0.377971
0.225292
0.363569
0.315383
0.102674
0.603399
0.063520
0.306580
0.037303
0.324950
0.263091
0.433275
0.081317
0.079966
0.088547
0.105752
0.194650
0.234927
0.213618
0.061943
0.228418
0.329072
0.213027
0.174728
0.190849
0.242034
0.219115
0.430698
0.165701
0.326543
0.110229
0.122586
0.138799
0.124215
0.198003
0.113176
0.238387
0.190004
0.083630
0.307337
0.303839
0.212153
0.541284
0.411861
0.062952
0.426367
0.168164
0.075372
0.243120
0.167878
0.149799
0.301451
0.238642
0.089248
0.236450
0.205822
0.384083
0.267620
0.174965
0.079120
0.076962
0.403174
0.146983
0.198104
0.315459
0.223566
0.406895
0.137717
0.016388
0.397206
0.159693
0.329741
0.082415
0.319951
0.309905
0.500926
0.157628
0.112143
0.086923
0.105890
0.152236
0.225383
0.130247
0.159488
0.252247
0.453584
0.196954
0.141623
0.192962
0.104974
0.241659
0.310004
0.095846
0.245549
0.257281
0.054073
0.191026
0.058273
0.198222
0.135643
0.175977
0.032400
0.008196
0.239086
0.214206
0.307061
0.502052
0.361019
0.092560
0.290756
0.161404
0.010213
0.237355
0.208701
0.105318
0.305124
0.184561
0.131804
0.323111
0.339639
0.109344
0.265827
0.272260
0.133750
0.090124
0.377264
0.154146
0.225093
0.192570
0.187380
0.354258
0.035172
0.084999
0.185101
0.229094
0.311815
0.125405
0.302918
0.361995
0.397572
0.195267
0.135679
0.168926
0.098449
0.070577
0.249672
0.146957
0.293351
0.188812
0.426603
0.217209
0.143010
0.181456
0.041226
0.221787
0.141501
0.214164
0.208947
0.393922
0.026881
0.405134
0.086596
0.233911
0.103486
0.224320
0.112191
0.042144
0.240602
0.264241
0.388871
0.417903
0.237215
0.155094
0.150077
0.115930
0.098096
0.110030
0.130378
0.270771
0.205641
0.103150
0.122300
0.285612
0.366337
0.128547
0.238090
0.280924
0.154187
0.149897
0.307774
0.217047
0.225672
0.025946
0.167535
0.253738
0.056914
0.133603
0.041920
0.122448
0.170405
0.148350
0.251598
0.414834
0.239268
0.192269
0.090454
0.212500
0.123366
0.166211
0.279342
0.246180
0.411420
0.157294
0.363252
0.313874
0.094766
0.179445
0.013833
0.175431
0.185070
0.385466
0.151287
0.382458
0.106723
0.451801
0.072303
0.202969
0.076348
0.378444
0.149332
0.152092
0.279999
0.364115
0.386311
0.312462
0.251957
0.118723
0.224481
0.069349
0.171824
0.053728
0.032465
0.295961
0.235470
0.258877
0.029626
0.170450
0.391587
0.250283
0.214455
0.278433
0.144258
0.062631
0.309724
0.283421
0.276820
0.179949
0.115324
0.112231
0.128012
0.074849
0.061268
0.164201
0.062812
0.153554
0.204359
0.352960
0.180501
0.135912
0.087210
0.253223
0.135428
0.326367
0.221276
0.260966
0.418996
0.215131
0.383354
0.331200
0.150958
0.172965
0.034514
0.148077
0.228513
0.417527
0.052859
0.292458
0.142588
0.383201
0.075145
0.089621
0.059348
0.380573
0.176500
0.124642
0.257271
0.425453
0.257041
0.158841
0.194220
0.039747
0.372680
0.094737
0.162850
0.157543
0.118866
0.066978
0.251423
0.301132
0.101833
0.036401
0.387833
0.265847
0.165320
0.342113
0.144237
0.203628
0.299166
0.200993
0.224820
0.321304
0.076538
0.173649
0.216062
0.123905
0.174502
0.193352
0.088280
0.098504
0.139089
0.237876
0.237214
0.092515
0.036880
0.240969
0.123750
0.398483
0.100756
0.244886
0.263691
0.178313
0.334320
0.283700
0.253242
0.145227
0.021556
0.038493
0.224523
0.303235
0.038277
0.257547
0.143279
0.286703
0.089002
0.110993
0.096436
0.225442
0.174531
0.079866
0.305054
0.380395
0.141285
0.126556
0.125404
0.095977
0.419879
0.056293
0.133358
0.187985
0.130832
0.244776
0.197739
0.191336
0.214926
0.127371
0.338675
0.237741
0.094496
0.343948
0.128945
0.270884
0.120382
0.102889
0.148348
0.348144
0.066759
0.301115
0.291143
0.121302
0.299734
0.163759
0.157841
0.085607
0.087813
0.144552
0.182376
0.172322
0.097898
0.151362
0.076340
0.363077
0.125376
0.147218
0.056359
0.211419
0.195423
0.147620
0.270651
0.180020
0.055990
0.098401
0.181231
0.178743
0.077485
0.189507
0.156003
0.174986
0.097866
0.128255
0.204314
0.141462
0.119317
0.177415
0.313869
0.209898
0.188638
0.255699
0.203673
0.165291
0.385532
0.052992
0.058343
0.129540
0.144727
0.396424
0.254471
0.035559
0.324745
0.179833
0.358623
0.101220
0.247147
0.285716
0.148175
0.285140
0.189989
0.051734
0.195428
0.276961
0.124387
0.397001
0.364582
0.123709
0.374805
0.108709
0.273923
0.100512
0.073640
0.187404
0.145882
0.326338
0.044105
0.075667
0.140497
0.200930
0.184541
0.030514
0.127043
0.257045
0.010891
0.111668
0.291338
0.226267
0.132938
0.179900
0.154344
0.097784
0.120252
0.146102
0.149181
0.290499
0.044437
0.132295
0.298770
0.085098
0.064175
0.315073
0.184860
0.177773
0.185923
0.346637
0.218688
0.165133
0.335915
0.079662
0.040096
0.156972
0.114076
0.399078
0.223599
0.139452
0.351617
0.167851
0.416906
0.017359
0.354722
0.245942
0.179340
0.318589
0.347685
0.169409
0.181782
0.131224
0.230713
0.404984
0.255730
0.081343
0.360002
0.056475
0.313397
0.191947
0.109900
0.192786
0.170939
0.381353
0.069332
0.041421
0.172091
0.033615
0.157717
0.044321
0.242268
0.261924
0.158911
0.123232
0.236870
0.243244
0.215998
0.274236
0.125788
0.214757
0.214541
0.153028
0.137954
0.323905
0.103217
0.115919
0.284027
0.206281
0.058099
0.353753
0.173917
0.294609
0.033265
0.398553
0.272440
0.059453
0.244794
0.139752
0.024810
0.228520
0.074910
0.340255
0.172646
0.225291
0.311464
0.064622
0.307839
0.060940
0.374270
0.202220
0.200217
0.289388
0.429376
0.343102
0.138576
0.072543
0.232460
0.357139
0.149789
0.020878
0.311598
0.109021
0.243890
0.276139
0.104981
0.171725
0.220120
0.233421
0.139820
0.053781
0.119046
0.076569
0.114112
0.081903
0.303553
0.301031
0.275305
0.161364
0.230086
0.179407
0.167805
0.277008
0.075145
0.240091
0.250041
0.121695
0.195290
0.349876
0.185683
0.068210
0.149418
0.337344
0.131630
0.290893
0.303943
0.281873
0.111447
0.411489
0.307327
0.093959
0.183593
0.063616
0.029279
0.198275
0.095424
0.275201
0.236147
0.203259
0.233534
0.031299
0.097617
0.114046
0.349088
0.139823
0.250988
0.192828
0.513759
0.323008
0.106422
0.107833
0.143124
0.274269
0.092902
0.045669
0.114044
0.217562
0.154766
0.281163
0.221666
0.129370
0.301713
0.101273
0.181829
0.028770
0.038185
0.136922
0.092659
0.144062
0.335751
0.208379
0.406212
0.196059
0.211206
0.123284
0.072693
0.208176
0.136668
0.189022
0.159342
0.103550
0.251697
0.245074
0.160198
0.059613
0.108089
0.379395
0.159264
0.147021
0.250396
0.221473
0.149769
0.313583
0.310682
0.163693
0.210597
0.079461
0.061212
0.170091
0.120372
0.177776
0.320679
0.180322
0.162709
0.085830
0.197280
0.203567
0.344519
0.135056
0.284002
0.165802
0.485968
0.242207
0.051318
0.143182
0.101217
0.114181
0.038718
0.029584
0.063268
0.257157
0.092633
0.272972
0.421926
0.181358
0.272009
0.214906
0.203891
0.084549
0.033767
0.154860
0.038420
0.214272
0.344770
0.110082
0.383610
0.137749
0.199581
0.055394
0.050848
0.108103
0.264257
0.167308
0.096657
0.152508
0.195362
0.136726
0.058499
0.071416
0.202552
0.324279
0.116293
0.144665
0.141626
0.171948
0.145442
0.202927
0.207238
0.207581
0.184320
0.176908
0.119623
0.181732
0.098429
0.114691
0.368570
0.154975
0.060745
0.108118
0.254800
0.294843
0.305910
0.168292
0.134135
0.110860
0.327557
0.233844
0.152675
0.114097
0.137991
0.117581
0.177913
0.088426
0.074238
0.174606
0.061414
0.344620
0.609975
0.192075
0.198777
0.279594
0.168919
0.044350
0.029771
0.232365
0.124939
0.227751
0.330195
0.160640
0.143938
0.139393
0.185009
0.175019
0.084139
0.125928
0.245584
0.265047
0.138007
0.287750
0.214342
0.216372
0.186228
0.036421
0.200089
0.312298
0.116180
0.253733
0.165001
0.124767
0.223856
0.148096
0.151308
0.185735
0.136377
0.196484
0.191079
0.146935
0.050935
0.107319
0.391226
0.208990
0.107723
0.182153
0.402782
0.350789
0.153885
0.342180
0.060799
0.079814
0.192258
0.335088
0.209034
0.190243
0.185689
0.246498
0.357653
0.041013
0.031827
0.013506
0.028009
0.340088
0.593034
0.207018
0.185930
0.279426
0.096441
0.115959
0.040924
0.275823
0.233049
0.195361
0.303802
0.081209
0.123434
0.165485
0.214910
0.260842
0.133641
0.169969
0.177848
0.277474
0.200515
0.329667
0.224680
0.285035
0.250252
0.170874
0.236191
0.232921
0.191009
0.277623
0.289732
0.046296
0.206665
0.141668
0.095132
0.165404
0.231339
0.138114
0.160493
0.049067
0.185939
0.125462
0.294283
0.282749
0.153661
0.299160
0.451255
0.363850
0.077648
0.506014
0.235398
0.075820
0.162738
0.340213
0.229274
0.295088
0.143449
0.384485
0.458543
0.131194
0.030724
0.185309
0.131936
0.247239
0.405823
0.254467
0.129368
0.333718
0.035814
0.235211
0.066092
0.165257
0.252799
0.059410
0.255301
0.230137
0.117893
0.134689
0.379364
0.247340
0.076163
0.131204
0.118444
0.209388
0.189394
0.299952
0.168926
0.297447
0.146494
0.286417
0.180674
0.136612
0.161906
0.253591
0.436459
0.134649
0.053220
0.220058
0.045949
0.074443
0.369232
0.138664
0.108082
0.291445
0.293972
0.252588
0.193435
0.302959
0.102129
0.284445
0.276086
0.244366
0.198445
0.479440
0.306671
0.176745
0.206604
0.238226
0.203509
0.293741
0.082611
0.431048
0.452921
0.146774
0.051779
0.324255
0.282302
0.256801
0.246442
0.230784
0.087866
0.274760
0.114878
0.251625
0.089473
0.082365
0.142258
0.154698
0.138630
0.445921
0.056895
0.184843
0.369353
0.123380
0.115632
0.102613
0.048199
0.113790
0.131696
0.223089
0.162505
0.225060
0.135914
0.310658
0.156517
0.016882
0.090439
0.228946
0.458161
0.154436
0.099427
0.268782
0.123141
0.105607
0.437763
0.218208
0.050213
0.334390
0.317570
0.372509
0.194625
0.290881
0.155295
0.203362
0.162637
0.122336
0.236632
0.330478
0.244881
0.304391
0.232274
0.197624
0.126571
0.243571
0.084279
0.375651
0.350768
0.128554
0.092523
0.291155
0.381656
0.199616
0.025930
0.216363
0.123298
0.146875
0.175268
0.127281
0.148128
0.093018
0.069509
0.250948
0.058356
0.478716
0.228975
0.226974
0.235988
0.024390
0.220618
0.165162
0.138177
0.166507
0.086718
0.096858
0.168175
0.189760
0.247026
0.209046
0.144340
0.139902
0.076825
0.186331
0.294678
0.159529
0.192360
0.196456
0.290358
0.269389
0.428765
0.228604
0.071546
0.245460
0.253274
0.305544
0.248372
0.287463
0.367867
0.199925
0.160732
0.184203
0.276570
0.287599
0.174719
0.420184
0.280587
0.199007
0.088006
0.144171
0.196271
0.281622
0.293682
0.150190
0.114007
0.155445
0.444826
0.100421
0.127518
0.179938
0.092335
0.033883
0.110511
0.172486
0.206816
0.126036
0.119150
0.246624
0.121235
0.319195
0.281591
0.332501
0.103717
0.020182
0.263921
0.208768
0.207258
0.315105
0.029206
0.004534
0.139616
0.188183
0.253764
0.190963
0.160441
0.214487
0.141413
0.101365
0.288768
0.135043
0.169731
0.048417
0.440133
0.383620
0.391927
0.173007
0.103039
0.198854
0.123650
0.168119
0.310799
0.202724
0.453911
0.231431
0.115184
0.265541
0.313982
0.259438
0.196943
0.424702
0.290698
0.229712
0.212577
0.161717
0.213852
0.208127
0.195861
0.112505
0.188828
0.088730
0.411590
0.075681
0.191232
0.127857
0.272635
0.031834
0.033940
0.219537
0.225871
0.177378
0.095297
0.249956
0.120670
0.153267
0.210327
0.417675
0.132063
0.092149
0.198000
0.249791
0.202587
0.359893
0.092484
0.097865
0.095481
0.149540
0.238595
0.173018
0.215160
0.255528
0.144662
0.127183
0.243529
0.046244
0.070583
0.088533
0.369876
0.391098
0.296575
0.170169
0.116011
0.216745
0.028808
0.201753
0.320240
0.088736
0.429711
0.258883
0.084745
0.298386
0.311319
0.235130
0.223005
0.467494
0.244263
0.114964
0.206156
0.170720
0.123202
0.114993
0.133039
0.100066
0.256538
0.113526
0.286458
0.070646
0.257353
0.070805
0.384106
0.068423
0.048896
0.146253
0.207758
0.198756
0.083042
0.234238
0.165438
0.124862
0.065453
0.387093
0.163798
0.141422
0.110786
0.222823
0.174248
0.286283
0.175416
0.203577
0.085523
0.062864
0.250741
0.167908
0.175620
0.219309
0.184996
0.137938
0.167145
0.155404
0.117376
0.100244
0.086901
0.342276
0.129676
0.226158
0.249176
0.178154
0.044644
0.210055
0.340096
0.122169
0.321919
0.276322
0.233968
0.364704
0.181583
0.196669
0.162042
0.391193
0.059640
0.109534
0.178919
0.183484
0.146717
0.082999
0.125387
0.146982
0.290804
0.132788
0.207721
0.099600
0.307553
0.059425
0.464163
0.187835
0.152254
0.086907
0.178738
0.165470
0.165211
0.111602
0.288080
0.149695
0.195618
0.217631
0.132527
0.201525
0.091025
0.090607
0.201187
0.181360
0.224298
0.255751
0.087181
0.086805
0.274776
0.135035
0.121004
0.172128
0.200563
0.162290
0.183198
0.175198
0.223304
0.068495
0.173264
0.267205
0.081954
0.208834
0.388236
0.140649
0.041796
0.191603
0.331726
0.147327
0.147950
0.249802
0.322200
0.417253
0.033480
0.092941
0.124728
0.355906
0.279506
0.092514
0.127524
0.096380
0.180616
0.144518
0.086095
0.192872
0.252063
0.072655
0.176912
0.077041
0.240718
0.065070
0.448324
0.247392
0.227105
0.131506
0.221172
0.135874
0.193682
0.099989
0.236217
0.257908
0.263966
0.242493
0.147343
0.281439
0.013259
0.044225
0.195961
0.160748
0.276599
0.185895
0.079372
0.135336
0.306106
0.104899
0.150907
0.127507
0.199701
0.246062
0.248059
0.134768
0.252926
0.051233
0.295356
0.136534
0.058608
0.180421
0.429910
0.112204
0.071150
0.140570
0.324968
0.215855
0.085392
0.175495
0.351093
0.447194
0.225414
0.013236
0.202321
0.205362
0.227979
0.038783
0.067606
0.112550
0.154822
0.211226
0.083007
0.247574
0.237426
0.092995
0.322418
0.079143
0.193180
0.062913
0.295808
0.184139
0.225320
0.178617
0.206942
0.140084
0.208648
0.197604
0.120572
0.247927
0.236366
0.193736
0.097374
0.260101
0.201808
0.071947
0.099017
0.296443
0.341694
0.077738
0.173666
0.192986
0.311259
0.111042
0.189552
0.079696
0.124509
0.197628
0.415229
0.218292
0.231752
0.025487
0.311154
0.051863
0.032699
0.169152
0.333513
0.082550
0.152667
0.058003
0.262047
0.265399
0.138818
0.151783
0.204883
0.368843
0.257457
0.041188
0.261340
0.076220
0.093107
0.092670
0.081117
0.308608
0.108518
0.243179
0.222145
0.200145
0.218608
0.114390
0.414919
0.060934
0.190874
0.147071
0.059784
0.182112
0.182897
0.232027
0.240051
0.101567
0.180715
0.247819
0.077016
0.192392
0.195796
0.062671
0.079485
0.107212
0.405651
0.047906
0.074047
0.268902
0.389416
0.077604
0.232576
0.201050
0.206248
0.166628
0.257443
0.082005
0.082157
0.074404
0.595570
0.231241
0.146631
0.090054
0.199697
0.189987
0.020898
0.108893
0.133677
0.184165
0.227530
0.021472
0.143642
0.205996
0.145858
0.155000
0.057538
0.222355
0.313461
0.076091
0.275979
0.084840
0.081535
0.166878
0.156243
0.351348
0.047905
0.255993
0.345162
0.130022
0.202896
0.203628
0.471726
0.104035
0.173455
0.115402
0.213986
0.177780
0.125333
0.221403
0.266166
0.034410
0.114362
0.209668
0.077925
0.163689
0.230414
0.267922
0.101005
0.059621
0.466000
0.103913
0.160455
0.148469
0.344758
0.087654
0.159076
0.137853
0.094104
0.251522
0.201532
0.137362
0.103445
0.047188
0.596681
0.151332
0.155496
0.187732
0.102077
0.269733
0.074784
0.145180
0.057930
0.253133
0.317598
0.139863
0.106658
0.135617
0.105514
0.226872
0.156461
0.249029
0.401429
0.149252
0.233407
0.188882
0.091804
0.155001
0.194428
0.310000
0.056391
0.180679
0.401093
0.129044
0.187519
0.180218
0.478385
0.179287
0.192015
0.052350
0.358546
0.189211
0.234648
0.149972
0.148860
0.059806
0.094812
0.103013
0.103608
0.049647
0.228880
0.391417
0.033681
0.143666
0.268023
0.273348
0.218487
0.082509
0.175089
0.022859
0.113036
0.122449
0.199051
0.277394
0.101357
0.169083
0.212914
0.144208
0.397105
0.104976
0.244499
0.192028
0.132750
0.335578
0.154352
0.197433
0.245995
0.313188
0.331950
0.244506
0.261880
0.114155
0.106926
0.294461
0.126236
0.347933
0.341244
0.136992
0.172004
0.259447
0.033658
0.118164
0.188291
0.249132
0.040959
0.117946
0.453014
0.081263
0.149616
0.043620
0.404445
0.145072
0.287400
0.070591
0.386884
0.232006
0.333012
0.157301
0.112606
0.155163
0.143927
0.174133
0.124854
0.096644
0.217371
0.340332
0.192503
0.158372
0.118748
0.301119
0.301955
0.132293
0.133239
0.069034
0.078063
0.103681
0.214867
0.230325
0.137882
0.089044
0.352310
0.227440
0.241834
0.144770
0.147106
0.047213
0.104039
0.382600
0.078124
0.180110
0.350070
0.315444
0.296462
0.264330
0.360254
0.114032
0.088465
0.266863
0.102643
0.343365
0.134829
0.117840
0.164305
0.218229
0.020708
0.050806
0.131733
0.158312
0.078759
0.085786
0.435027
0.070508
0.207815
0.063913
0.191802
0.028411
0.203238
0.076323
0.362455
0.190968
0.316448
0.236543
0.267512
0.247394
0.164519
0.288646
0.100816
0.190438
0.202233
0.190892
0.262950
0.230387
0.130720
0.219546
0.333623
0.242259
0.336776
0.062449
0.023211
0.078448
0.163175
0.118675
0.177691
0.140270
0.399744
0.270948
0.258075
0.183936
0.111651
0.132520
0.043319
0.319428
0.094496
0.134057
0.323467
0.160615
0.181146
0.291149
0.390642
0.138455
0.133999
0.182246
0.116538
0.384207
0.063161
0.169390
0.112874
0.135872
0.115204
0.050284
0.043910
0.207361
0.203012
0.062583
0.339439
0.259027
0.267811
0.085071
0.029868
0.141250
0.137201
0.098571
0.339530
0.099076
0.315639
0.326197
0.238755
0.339744
0.140188
0.284075
0.099379
0.294196
0.144494
0.063952
0.249014
0.297997
0.102120
0.112480
0.283636
0.297427
0.390020
0.103254
0.038849
0.083907
0.260466
0.144473
0.172385
0.105816
0.297096
0.230195
0.298625
0.050336
0.099365
0.184436
0.075787
0.279410
0.262736
0.189643
0.252538
0.173757
0.071208
0.267120
0.389018
0.140465
0.238559
0.055066
0.168933
0.365063
0.160285
0.139105
0.043040
0.133795
0.241926
0.042515
0.175236
0.241723
0.313037
0.098299
0.210120
0.369449
0.192942
0.079677
0.130605
0.209719
0.165166
0.082543
0.290212
0.081391
0.301572
0.361194
0.193746
0.275824
0.252067
0.334410
0.156056
0.337869
0.041358
0.022718
0.222963
0.272282
0.194318
0.045695
0.221500
0.223671
0.364949
0.165957
0.101944
0.055300
0.381747
0.250261
0.112500
0.107352
0.135945
0.104263
0.203523
0.154605
0.054884
0.057850
0.136103
0.203505
0.354511
0.157575
0.250567
0.328902
0.210298
0.194568
0.384761
0.084790
0.225873
0.108328
0.262612
0.317036
0.221969
0.126415
0.132694
0.214988
0.384901
0.084922
0.299573
0.318729
0.370984
0.061671
0.144017
0.397915
0.151062
0.135850
0.189867
0.113571
0.217956
0.037089
0.182370
0.128246
0.187434
0.312582
0.100638
0.178138
0.336521
0.251630
0.135647
0.303250
0.113026
0.030743
0.136943
0.215219
0.264624
0.088513
0.138294
0.114923
0.416993
0.211516
0.192295
0.019135
0.382616
0.311512
0.071673
0.199042
0.028168
0.072682
0.238577
0.290194
0.072958
0.108057
0.089365
0.092141
0.369174
0.136061
0.240167
0.323126
0.291436
0.161548
0.346361
0.119454
0.102413
0.269307
0.329713
0.323945
0.286595
0.071908
0.178124
0.243535
0.410477
0.058940
0.273658
0.351081
0.359930
0.144365
0.097172
0.345187
0.185815
0.082364
0.134414
0.089734
0.259543
0.051182
0.053067
0.094758
0.093000
0.218444
0.112497
0.165510
0.408901
0.126389
0.023573
0.174053
0.215293
0.076893
0.098843
0.251918
0.213750
0.137498
0.082873
0.093542
0.546958
0.221199
0.234685
0.045002
0.308445
0.241409
0.096331
0.159777
0.206874
0.072889
0.272231
0.281240
0.147241
0.157532
0.020890
0.196891
0.317553
0.209064
0.114368
0.256133
0.408624
0.162533
0.168172
0.267751
0.054799
0.388590
0.328674
0.376164
0.268040
0.061731
0.228853
0.202977
0.230550
0.055731
0.279589
0.273711
0.293585
0.185525
0.117240
0.207003
0.164689
0.106296
0.070943
0.227230
0.274266
0.095489
0.208854
0.131358
0.242334
0.174522
0.098141
0.187843
0.434227
0.318690
0.090493
0.091930
0.242735
0.087340
0.118674
0.158482
0.088817
0.130876
0.158333
0.191635
0.478604
0.171919
0.229815
0.060983
0.227436
0.180705
0.223329
0.137309
0.309002
0.106444
0.256842
0.136016
0.217464
0.135420
0.073765
0.308005
0.191445
0.239856
0.085191
0.210263
0.453220
0.169161
0.039459
0.261820
0.072628
0.313167
0.234318
0.355117
0.273115
0.037502
0.350434
0.177115
0.037651
0.142697
0.306514
0.184685
0.168191
0.123661
0.153597
0.101590
0.230283
0.222317
0.075881
0.235755
0.259556
0.088817
0.402227
0.156087
0.278219
0.164477
0.043065
0.214174
0.331368
0.297764
0.210539
0.108033
0.267234
0.103455
0.027207
0.059116
0.029551
0.082074
0.227786
0.138529
0.272491
0.110335
0.151254
0.089445
0.061751
0.212104
0.205194
0.131636
0.280887
0.185277
0.202480
0.012784
0.254614
0.107532
0.165396
0.378703
0.200175
0.132917
0.126690
0.161729
0.427440
0.203565
0.013189
0.098117
0.043894
0.118273
0.100580
0.265170
0.236711
0.059698
0.430756
0.112290
0.243108
0.179045
0.324883
0.136252
0.132237
0.045452
0.172372
0.084646
0.234908
0.195198
0.134822
0.257721
0.195905
0.051796
0.412415
0.151612
0.289490
0.103536
0.079582
0.191318
0.227900
0.156173
0.316722
0.151188
0.188762
0.218699
0.179048
0.134007
0.063888
0.093197
0.251359
0.139061
0.226933
0.107772
0.074068
0.113523
0.120657
0.232089
0.096260
0.101050
0.239656
0.217548
0.203131
0.032189
0.202126
0.122498
0.245900
0.364403
0.163648
0.063722
0.124912
0.115620
0.409363
0.260973
0.092603
0.205351
0.047471
0.073316
0.113371
0.118064
0.106200
0.143804
0.278362
0.175542
0.264751
0.148240
0.280084
0.091484
0.089011
0.032437
0.204378
0.120974
0.274955
0.082845
0.121947
0.264827
0.079814
0.055807
0.305645
0.130496
0.277432
0.133438
0.108005
0.181465
0.214192
0.234906
0.223081
0.156758
0.120391
0.342269
0.335125
0.182443
0.185339
0.144551
0.221791
0.195432
0.303149
0.176381
0.109418
0.130769
0.147731
0.166124
0.099858
0.083549
0.275685
0.230714
0.216283
0.104772
0.133473
0.120505
0.161106
0.325626
0.210973
0.102182
0.155560
0.069921
0.324571
0.336259
0.246350
0.292844
0.018855
0.119920
0.195305
0.076316
0.139254
0.142604
0.090470
0.272245
0.206522
0.103626
0.149291
0.161422
0.087659
0.054704
0.053285
0.084827
0.287775
0.195479
0.054973
0.121434
0.150573
0.057278
0.160908
0.130753
0.295993
0.265050
0.068688
0.082996
0.154839
0.219639
0.018989
0.135793
0.141813
0.340381
0.373104
0.195201
0.252107
0.096148
0.192317
0.214744
0.367725
0.082971
0.157863
0.126986
0.062011
0.107887
0.125149
0.150784
0.266085
0.116461
0.166906
0.155293
0.236769
0.098441
0.090374
0.250447
0.312516
0.131260
0.171148
0.026297
0.172687
0.235306
0.351856
0.198838
0.066067
0.056404
0.169256
0.256198
0.203259
0.196243
0.113173
0.294036
0.168219
0.081953
0.049068
0.200928
0.076977
0.091522
0.211932
0.174765
0.230331
0.251356
0.126840
0.143572
0.142241
0.096600
0.065000
0.118632
0.245552
0.326665
0.107317
0.111676
0.026618
0.149592
0.113883
0.073704
0.119890
0.266474
0.316860
0.110549
0.227687
0.043816
0.160086
0.182139
0.258686
0.060542
0.143126
0.033610
0.081931
0.062163
0.084136
0.222950
0.181322
0.075122
0.267482
0.148023
0.314277
0.064662
0.075408
0.146011
0.300708
0.164068
0.155681
0.105125
0.224370
0.186080
0.328134
0.068949
0.146940
0.046821
0.141562
0.313553
0.257855
0.258767
0.167497
0.305855
0.163939
0.086856
0.088863
0.133486
0.113758
0.144804
0.221609
0.213638
0.175794
0.206150
0.254747
0.231865
0.154169
0.199693
0.066128
0.128659
0.132696
0.387164
0.137292
0.228313
0.204111
0.134356
0.194569
0.044622
0.049285
0.212386
0.195271
0.183125
0.155035
0.240509
0.193748
0.148183
0.153563
0.126885
0.154451
0.181499
0.205918
0.120086
0.024185
0.199732
0.163512
0.092399
0.258693
0.050716
0.324265
0.079982
0.196978
0.112573
0.266491
0.177179
0.160816
0.167094
0.362318
0.337068
0.200545
0.194169
0.263930
0.101943
0.117543
0.317504
0.283912
0.261744
0.148361
0.311755
0.200808
0.196598
0.176729
0.107676
0.226605
0.109782
0.142108
0.175598
0.059827
0.120742
0.322250
0.244396
0.227405
0.304408
0.119769
0.092778
0.324211
0.393250
0.089690
0.183252
0.346863
0.190044
0.244984
0.117682
0.109277
0.128125
0.026092
0.297850
0.121007
0.398092
0.170591
0.095912
0.090960
0.095154
0.260971
0.310847
0.298671
0.214827
0.125990
0.156581
0.153258
0.160582
0.168050
0.118240
0.201631
0.052191
0.205597
0.174119
0.131812
0.131736
0.176738
0.128811
0.439722
0.442688
0.134538
0.194709
0.372818
0.058611
0.048626
0.197456
0.195383
0.153710
0.139584
0.281149
0.320348
0.296870
0.234650
0.107483
0.350283
0.213388
0.132142
0.147728
0.176236
0.121796
0.290157
0.252365
0.225231
0.362838
0.186139
0.053871
0.351134
0.381512
0.116817
0.098083
0.389710
0.274999
0.247892
0.080063
0.180244
0.103710
0.208104
0.247097
0.134516
0.412065
0.117902
0.229302
0.038073
0.026010
0.319134
0.211605
0.288107
0.104438
0.258825
0.163346
0.193227
0.182715
0.107683
0.214244
0.060123
0.035106
0.166720
0.185308
0.025660
0.048731
0.172548
0.099836
0.401685
0.473140
0.150686
0.180344
0.358013
0.048529
0.150335
0.139860
0.130237
0.116260
0.323920
0.166206
0.342409
0.376449
0.218055
0.125921
0.443747
0.297406
0.102003
0.109315
0.326731
0.178057
0.211214
0.216879
0.157648
0.283339
0.200783
0.048620
0.265873
0.384197
0.259990
0.107964
0.361366
0.279838
0.117237
0.090214
0.243346
0.040749
0.287023
0.149583
0.106116
0.330530
0.029552
0.274603
0.091427
0.123138
0.298688
0.101190
0.233393
0.145125
0.259496
0.126357
0.322933
0.190059
0.192558
0.175657
0.170411
0.050387
0.109374
0.210544
0.058726
0.095760
0.157935
0.386236
0.298857
0.412810
0.151057
0.221739
0.274587
0.111520
0.375775
0.222284
0.232900
0.123182
0.388812
0.037950
0.190090
0.320212
0.188287
0.143415
0.398635
0.392163
0.018784
0.197791
0.234917
0.161950
0.117457
0.162454
0.039852
0.260031
0.167124
0.062159
0.262549
0.347545
0.302249
0.104383
0.310781
0.258853
0.030790
0.165561
0.266141
0.053221
0.202481
0.063252
0.074779
0.228697
0.184378
0.275508
0.115637
0.184142
0.228054
0.181583
0.215822
0.287577
0.199640
0.071501
0.368106
0.133682
0.241788
0.083502
0.224896
0.044775
0.107146
0.268410
0.048472
0.201163
0.093761
0.500859
