# G_3, p = 0.8000 GPa (dir_8000.0_bar).
# D8R-only: 36 rings x 101 frames = 3636 samples.
# Column: per-D8R Delta [A]
1.094669
0.974842
0.867710
1.094673
0.974849
0.867710
1.094669
0.974837
0.867713
1.094685
0.974837
0.867722
1.094624
0.975134
0.867900
1.094630
0.975136
0.867906
1.094613
0.975130
0.867911
1.094630
0.975136
0.867906
1.094688
0.974796
0.867678
1.094680
0.974797
0.867682
1.094686
0.974785
0.867677
1.094680
0.974797
0.867682
1.021517
0.932070
0.915076
1.000072
0.929887
0.894910
0.971432
0.956187
0.702382
1.026372
1.116717
0.842607
0.942599
0.981880
0.876239
0.985603
1.025089
0.989248
1.187275
1.058440
1.075278
1.052204
1.004993
0.736348
1.204238
0.887415
0.800821
1.072800
0.917887
0.935072
1.052702
1.102595
0.723879
1.135459
0.936545
1.087714
0.883892
0.983214
0.830508
0.929598
0.898170
0.909158
0.840146
0.977975
0.535641
0.966799
1.002555
0.752977
0.774335
0.946117
1.018401
1.019041
0.985418
0.978784
1.162445
1.152819
1.039816
0.985182
1.040973
0.811552
1.208653
0.804099
0.815124
0.975401
0.887222
0.860361
1.086748
1.159276
0.727666
1.180590
0.995700
1.235305
0.811385
1.086316
0.778291
0.895561
0.936237
0.926301
0.753611
0.964814
0.512218
0.973687
0.784201
0.740447
0.713189
0.887667
1.175503
1.191316
1.032308
0.933670
1.109921
1.105487
0.861355
0.918183
0.943512
1.027618
1.075425
0.832059
0.907821
0.889987
0.826005
0.713278
1.156184
1.212155
0.840021
1.295301
1.091444
1.281387
0.882474
1.111906
0.845062
0.926842
0.943805
0.902536
0.645128
0.894984
0.632733
0.974856
0.675131
0.809934
0.738852
0.826241
1.168181
1.298640
1.142792
0.896954
1.061802
1.054608
0.786494
0.942807
0.718943
1.022906
0.983825
0.736885
0.975001
0.775026
0.846926
0.639025
1.212035
1.205768
0.910351
1.380309
1.076031
1.341143
0.949242
1.087313
0.917072
0.977293
0.921379
0.810183
0.623697
0.829493
0.705755
0.958545
0.741295
0.807929
0.707009
0.781182
1.061157
1.238831
1.156904
0.833540
0.943453
1.032329
0.935066
0.998332
0.599272
0.881616
1.078071
0.578329
0.887802
0.702479
0.927761
0.629825
1.275993
1.105672
0.962760
1.390812
0.983913
1.442731
0.855614
1.049125
0.810263
0.937488
0.842635
0.804592
0.743084
0.843050
0.640100
0.871750
0.717314
0.731774
0.595897
0.727019
1.043763
1.133847
1.002436
0.796040
0.777535
1.044069
1.029160
1.022784
0.597188
0.766408
1.242481
0.484145
0.794129
0.625299
0.951556
0.657642
1.232954
1.015051
0.982323
1.258609
0.879037
1.398080
0.712062
1.101233
0.693396
0.742847
0.734961
0.976423
0.911730
0.943125
0.651384
0.780579
0.619200
0.627732
0.528918
0.710941
1.151418
1.165587
1.023718
0.864759
0.732058
0.975959
0.863173
1.057860
0.711766
0.734602
1.245056
0.598655
0.783195
0.661242
0.890600
0.661961
1.138709
1.010894
0.998207
1.171755
0.740458
1.351895
0.591074
1.003989
0.654101
0.631179
0.666914
1.085287
0.960270
0.961824
0.782737
0.775990
0.598408
0.641767
0.684454
0.712810
1.129790
1.143882
1.070291
0.884433
0.751750
0.821838
0.605473
1.052546
0.772038
0.691987
1.106298
0.754176
0.722272
0.656380
0.767971
0.714246
1.013673
1.061298
0.982140
1.072124
0.609741
1.297913
0.553162
0.823942
0.637287
0.755095
0.643565
0.967516
0.929075
0.929350
0.901985
0.777672
0.678796
0.743262
0.915831
0.765815
0.905138
1.081092
1.083824
0.792335
0.653028
0.727135
0.482307
1.000621
0.688496
0.672878
1.038311
0.809561
0.463869
0.622141
0.793704
0.774486
0.935313
0.993084
0.957977
1.035145
0.578244
1.154799
0.600727
0.692264
0.528516
0.841384
0.673010
0.850800
0.939246
0.889335
0.807621
0.809344
0.724261
0.824092
1.070281
0.809241
0.663061
0.896182
1.084489
0.718555
0.585114
0.742079
0.518314
0.874607
0.566700
0.748229
0.902623
0.772850
0.293720
0.629367
0.902040
0.786648
0.898038
0.796016
0.982923
0.962688
0.555330
0.883787
0.766624
0.687643
0.497869
0.711436
0.733378
0.825762
0.995809
0.789160
0.693830
0.917402
0.666031
0.802432
1.078362
0.798439
0.528999
0.779111
1.158914
0.754133
0.632953
0.751635
0.482784
0.834575
0.578972
0.843350
0.816635
0.673260
0.377846
0.626907
0.961502
0.659851
0.889303
0.733177
0.909445
0.923680
0.509174
0.715954
0.840455
0.598434
0.572815
0.726756
0.774513
0.759023
1.036884
0.676870
0.620612
0.916255
0.585753
0.714189
1.033778
0.716216
0.474835
0.659302
1.045923
0.755206
0.716691
0.682177
0.322027
0.870725
0.714659
0.899622
0.853630
0.576987
0.591907
0.543830
0.917278
0.549305
0.837564
0.751300
0.774014
0.848349
0.482860
0.619070
0.919040
0.452979
0.557593
0.850168
0.706906
0.622543
1.044915
0.695701
0.573790
0.798156
0.646878
0.609690
0.954760
0.530089
0.531642
0.525902
0.765516
0.740363
0.693163
0.566155
0.265451
0.970774
0.742447
0.882835
0.940750
0.592304
0.574341
0.521134
0.869375
0.578981
0.796762
0.660562
0.634493
0.738382
0.497215
0.582797
0.969517
0.317419
0.471383
0.866449
0.587934
0.578860
1.006180
0.728085
0.473154
0.759826
0.696882
0.508568
0.942227
0.418336
0.505985
0.493640
0.564196
0.741736
0.588149
0.530530
0.354178
0.995349
0.603971
0.848412
0.987359
0.718936
0.451798
0.561679
0.872727
0.731204
0.683174
0.546137
0.491503
0.611923
0.528931
0.512744
0.960091
0.316518
0.453549
0.791147
0.512697
0.605570
0.951909
0.624443
0.363577
0.801155
0.713243
0.502764
0.921467
0.393801
0.424253
0.555913
0.561445
0.716522
0.538245
0.540759
0.416581
0.959629
0.576147
0.796017
0.870610
0.751752
0.415081
0.670053
0.809486
0.751570
0.571531
0.485662
0.355059
0.504501
0.475112
0.475096
0.895012
0.328522
0.515480
0.807833
0.523895
0.576048
0.802964
0.436117
0.304326
0.798376
0.584367
0.548218
0.946722
0.345967
0.312171
0.625217
0.541934
0.548726
0.524136
0.555448
0.393854
0.999553
0.572594
0.744451
0.746216
0.567978
0.453566
0.723942
0.736224
0.713973
0.427008
0.424417
0.234183
0.515260
0.415430
0.327629
0.869154
0.261662
0.478309
0.771978
0.583820
0.457497
0.634102
0.406382
0.266642
0.704277
0.442505
0.543290
0.927391
0.315544
0.447118
0.553590
0.430820
0.331621
0.521022
0.490434
0.362202
1.030089
0.578078
0.629609
0.728608
0.417111
0.408683
0.812545
0.746862
0.611185
0.373848
0.336156
0.125843
0.558965
0.404624
0.179440
0.790348
0.222798
0.400481
0.715864
0.602234
0.399773
0.538712
0.466548
0.393378
0.714459
0.397081
0.458304
0.824511
0.339788
0.439209
0.456713
0.274251
0.298231
0.523584
0.480407
0.452416
0.938830
0.597243
0.429184
0.696964
0.431272
0.365678
0.846400
0.741425
0.579004
0.382856
0.270110
0.010847
0.458140
0.451852
0.263383
0.758224
0.356769
0.372658
0.730853
0.650797
0.412061
0.641570
0.437222
0.360434
0.761034
0.524576
0.403634
0.673602
0.318721
0.317312
0.450354
0.172120
0.397131
0.575450
0.492931
0.497311
0.800530
0.596818
0.187733
0.618157
0.492136
0.426358
0.807380
0.630335
0.560051
0.435389
0.306634
0.114101
0.266857
0.464961
0.282966
0.750682
0.472959
0.373456
0.796884
0.687642
0.381693
0.618787
0.322628
0.298902
0.668378
0.664263
0.323359
0.617455
0.187833
0.261624
0.591001
0.210261
0.428794
0.582483
0.467438
0.444816
0.730518
0.541038
0.194113
0.480048
0.557507
0.501657
0.750837
0.418233
0.523525
0.426932
0.373463
0.171918
0.226907
0.556431
0.302599
0.818507
0.444112
0.297577
0.772243
0.692517
0.379677
0.559145
0.325629
0.350945
0.575462
0.716097
0.200862
0.648118
0.117392
0.242996
0.712943
0.317469
0.291646
0.532908
0.425067
0.496114
0.711599
0.542588
0.311497
0.463078
0.662958
0.457601
0.745736
0.295496
0.391294
0.446545
0.484683
0.090942
0.278446
0.664900
0.173348
0.796796
0.359073
0.274658
0.556653
0.585340
0.372783
0.613300
0.387015
0.349312
0.617412
0.633651
0.190450
0.650608
0.295009
0.274309
0.756651
0.457744
0.160586
0.449047
0.428923
0.590572
0.552439
0.642262
0.356988
0.514349
0.730261
0.361277
0.695744
0.324998
0.295516
0.432891
0.494339
0.068741
0.289174
0.789940
0.095207
0.635049
0.410709
0.334240
0.358035
0.462258
0.313324
0.560676
0.393685
0.362360
0.711344
0.535539
0.363895
0.578880
0.484996
0.223594
0.623958
0.407522
0.194821
0.462017
0.532342
0.605314
0.394763
0.624577
0.278814
0.514507
0.634527
0.310401
0.639019
0.367925
0.309222
0.432971
0.447070
0.056484
0.248781
0.764738
0.209808
0.500518
0.551777
0.381330
0.201906
0.342994
0.212862
0.434578
0.335647
0.442079
0.606115
0.404660
0.509813
0.457655
0.608706
0.111171
0.448851
0.203150
0.419395
0.558552
0.660668
0.478644
0.294056
0.452644
0.197047
0.405755
0.494729
0.357550
0.541733
0.229821
0.321404
0.394113
0.418667
0.123894
0.348389
0.741621
0.320898
0.448626
0.559290
0.311880
0.143490
0.328672
0.268816
0.285019
0.301178
0.482618
0.459061
0.380179
0.452001
0.304579
0.519776
0.089123
0.378218
0.053120
0.560240
0.703251
0.604976
0.412599
0.237458
0.304252
0.185147
0.316712
0.435254
0.417849
0.532811
0.210751
0.157865
0.468768
0.530755
0.235865
0.520133
0.649652
0.359117
0.409773
0.478694
0.270920
0.082399
0.336802
0.228674
0.155490
0.226036
0.428740
0.371884
0.440901
0.425796
0.184369
0.484709
0.303943
0.463611
0.060071
0.439470
0.643511
0.355263
0.438389
0.091903
0.199417
0.383785
0.242355
0.418614
0.500767
0.562762
0.259141
0.070664
0.601563
0.523929
0.395194
0.569485
0.540490
0.266668
0.289779
0.490980
0.330747
0.076555
0.320138
0.180516
0.141052
0.201100
0.362440
0.363178
0.482146
0.371110
0.098832
0.496668
0.452929
0.467543
0.141941
0.213054
0.506820
0.165978
0.464056
0.112777
0.118917
0.481989
0.137513
0.342683
0.546904
0.487784
0.388305
0.179524
0.647808
0.418578
0.436871
0.559615
0.497303
0.316919
0.137210
0.569130
0.450200
0.044721
0.220224
0.234114
0.287916
0.235575
0.409455
0.470825
0.440793
0.352707
0.063182
0.514458
0.427099
0.402676
0.192569
0.118669
0.451014
0.168014
0.378058
0.097017
0.083168
0.444816
0.092254
0.288266
0.556197
0.306543
0.401087
0.138949
0.518838
0.246502
0.452493
0.640674
0.545468
0.463098
0.078880
0.519023
0.506410
0.114666
0.105128
0.249284
0.340555
0.237092
0.476871
0.580905
0.387468
0.383951
0.098604
0.525752
0.299556
0.340852
0.177545
0.135939
0.484136
0.169424
0.360075
0.067096
0.078632
0.423991
0.190219
0.279991
0.580463
0.269377
0.178515
0.059847
0.392586
0.260983
0.547557
0.681847
0.553605
0.534902
0.007527
0.415764
0.450078
0.206629
0.037052
0.126404
0.383019
0.187160
0.459675
0.507033
0.366953
0.358430
0.115652
0.583327
0.268468
0.354313
0.219168
0.130982
0.514312
0.133678
0.389266
0.118685
0.087022
0.454086
0.232961
0.316281
0.503409
0.339054
0.103877
0.133042
0.418011
0.261502
0.623493
0.623427
0.413618
0.547946
0.054051
0.363374
0.402266
0.184433
0.041217
0.184953
0.353409
0.180908
0.377141
0.340001
0.320327
0.336151
0.184342
0.639451
0.371106
0.313266
0.270915
0.167180
0.557574
0.121405
0.336477
0.262798
0.111218
0.495070
0.089674
0.310246
0.313910
0.343078
0.135183
0.130236
0.435226
0.224282
0.559938
0.523169
0.296926
0.525739
0.175347
0.313100
0.374389
0.068464
0.039019
0.192484
0.301914
0.280340
0.326726
0.284626
0.216762
0.251588
0.229184
0.652673
0.539610
0.329674
0.199657
0.174617
0.586775
0.120603
0.219524
0.229755
0.212242
0.453378
0.207606
0.324418
0.181319
0.244452
0.249346
0.118606
0.382157
0.188779
0.404771
0.472401
0.344192
0.464205
0.323582
0.271389
0.329521
0.106371
0.041684
0.094010
0.241592
0.340088
0.305371
0.246519
0.090394
0.132538
0.192235
0.564279
0.622361
0.376338
0.144088
0.161550
0.508971
0.023648
0.260438
0.123791
0.193499
0.417194
0.291319
0.291028
0.131724
0.183714
0.305054
0.224506
0.326122
0.090719
0.296607
0.416615
0.390332
0.368420
0.339665
0.229621
0.316162
0.218479
0.046769
0.132897
0.266687
0.309131
0.289855
0.190612
0.046913
0.228445
0.258180
0.545629
0.495242
0.373555
0.084449
0.152302
0.350912
0.097152
0.386562
0.064262
0.092022
0.315664
0.369848
0.170991
0.128504
0.076525
0.220712
0.333334
0.316907
0.172663
0.387379
0.307316
0.297486
0.262431
0.308569
0.172104
0.330106
0.233673
0.060828
0.186123
0.294920
0.276979
0.340141
0.222456
0.105589
0.273567
0.357967
0.514624
0.337702
0.270221
0.151704
0.136396
0.283581
0.100412
0.364347
0.027461
0.050375
0.171477
0.463051
0.077839
0.002137
0.095763
0.156589
0.449619
0.347170
0.096771
0.387042
0.201311
0.168111
0.209508
0.228367
0.108639
0.295347
0.192699
0.091931
0.216507
0.278016
0.240366
0.211957
0.267291
0.144959
0.218518
0.423910
0.450122
0.253722
0.162942
0.136069
0.183270
0.336860
0.042869
0.141407
0.036354
0.115686
0.196407
0.452579
0.089616
0.151430
0.170065
0.157099
0.494795
0.423606
0.033064
0.318139
0.227859
0.142261
0.160004
0.312831
0.079152
0.244545
0.169992
0.146592
0.315076
0.281609
0.232865
0.213035
0.126373
0.134878
0.157362
0.331700
0.340450
0.176119
0.161353
0.103697
0.125356
0.425480
0.138488
0.114135
0.066741
0.136824
0.264603
0.289313
0.084361
0.293332
0.132129
0.190281
0.423064
0.419819
0.122967
0.312447
0.172714
0.114182
0.202435
0.349651
0.063611
0.338148
0.252421
0.189876
0.414669
0.257246
0.323348
0.275431
0.135036
0.149624
0.168539
0.262302
0.248405
0.198211
0.219372
0.120587
0.206907
0.384574
0.197813
0.058630
0.060727
0.209217
0.238112
0.186496
0.094276
0.325804
0.133915
0.136916
0.293711
0.436183
0.113543
0.278626
0.242240
0.082289
0.112290
0.334201
0.085256
0.395092
0.342460
0.193522
0.382125
0.242441
0.506854
0.348160
0.101412
0.091266
0.177615
0.265000
0.149294
0.215479
0.258613
0.100944
0.247170
0.274975
0.170742
0.150205
0.066221
0.217656
0.256490
0.142712
0.069700
0.307930
0.105168
0.177465
0.189087
0.301939
0.031051
0.073427
0.268763
0.084508
0.087030
0.328039
0.041826
0.370895
0.447550
0.236526
0.342250
0.326267
0.682051
0.365139
0.098865
0.067002
0.094557
0.312486
0.037935
0.228889
0.376123
0.168236
0.182078
0.167574
0.167344
0.061783
0.140668
0.226179
0.294229
0.105813
0.067998
0.229037
0.064124
0.244439
0.146288
0.088212
0.055067
0.152426
0.206162
0.236024
0.087486
0.407949
0.069945
0.387497
0.499858
0.232356
0.325960
0.413787
0.722593
0.318157
0.087561
0.136281
0.102985
0.248387
0.161909
0.242736
0.403558
0.134626
0.224794
0.139768
0.112210
0.199973
0.121022
0.294718
0.278695
0.044266
0.048179
0.116797
0.144301
0.313654
0.069357
0.080797
0.219844
0.263864
0.199546
0.386112
0.166137
0.371708
0.165070
0.374292
0.494953
0.193964
0.282219
0.442534
0.589869
0.317825
0.063765
0.205359
0.192140
0.166618
0.162597
0.305065
0.328804
0.228358
0.337354
0.175025
0.071076
0.283963
0.026514
0.230315
0.248209
0.068649
0.048703
0.137888
0.171473
0.339753
0.054184
0.051649
0.300021
0.137695
0.238280
0.356812
0.217383
0.273515
0.229660
0.270883
0.417052
0.110121
0.191946
0.370806
0.571566
0.253116
0.131235
0.083224
0.214819
0.102405
0.105428
0.372872
0.265165
0.485652
0.370285
0.195520
0.036946
0.226757
0.029569
0.118812
0.307423
0.175644
0.045828
0.297110
0.232857
0.310659
0.173072
0.263254
0.187248
0.098973
0.223066
0.271956
0.239448
0.192839
0.131245
0.118825
0.409820
0.145143
0.161768
0.369153
0.527867
0.236395
0.170965
0.134785
0.237135
0.063929
0.110381
0.386849
0.314120
0.400205
0.233952
0.242494
0.079617
0.335664
0.120463
0.239431
0.343841
0.214044
0.105098
0.322886
0.337657
0.348153
0.227542
0.373780
0.116248
0.053090
0.205243
0.100458
0.222620
0.091648
0.096664
0.107146
0.407689
0.120018
0.169453
0.275636
0.418205
0.219860
0.269206
0.138739
0.287366
0.050488
0.254617
0.383855
0.196180
0.101469
0.085364
0.328533
0.136325
0.437312
0.077127
0.171829
0.235251
0.168613
0.207969
0.218594
0.401567
0.333380
0.238824
0.231058
0.108791
0.265730
0.184550
0.060943
0.154618
0.164785
0.149536
0.253141
0.354405
0.181730
0.164662
0.198336
0.262711
0.276568
0.286774
0.090001
0.342951
0.091156
0.402082
0.328224
0.041666
0.132681
0.090587
0.441521
0.095980
0.467469
0.142189
0.114898
0.238692
0.084727
0.186691
0.136914
0.268018
0.188390
0.236342
0.152098
0.079112
0.406896
0.137622
0.095298
0.055427
0.416590
0.250010
0.248530
0.257404
0.212822
0.131991
0.153466
0.225450
0.342256
0.246796
0.079159
0.386566
0.176612
0.587189
0.286807
0.081790
0.126962
0.038253
0.444063
0.065934
0.381257
0.189984
0.151682
0.311309
0.108341
0.114221
0.138379
0.164614
0.038933
0.115636
0.143719
0.199072
0.375610
0.085080
0.081669
0.177229
0.424613
0.325144
0.125905
0.210302
0.179132
0.071401
0.128588
0.144955
0.243722
0.212100
0.062912
0.358291
0.270407
0.597042
0.244214
0.150421
0.053899
0.224640
0.426561
0.144798
0.352123
0.069608
0.221242
0.306264
0.125220
0.134309
0.090409
0.163270
0.180839
0.046281
0.075369
0.120856
0.351265
0.028791
0.024207
0.215327
0.368343
0.330694
0.098244
0.198190
0.257328
0.032412
0.128539
0.181740
0.103907
0.230068
0.043223
0.308373
0.343143
0.541231
0.287424
0.221063
0.011862
0.561825
0.507407
0.292326
0.263943
0.081861
0.149211
0.255136
0.118885
0.200498
0.033987
0.253996
0.156969
0.132988
0.313969
0.098888
0.442730
0.113772
0.078938
0.135526
0.382013
0.248858
0.232868
0.304971
0.164030
0.147787
0.240561
0.245654
0.244610
0.186960
0.043635
0.247055
0.356581
0.395022
0.239082
0.207123
0.141676
0.681470
0.644122
0.287490
0.086363
0.204631
0.045637
0.216654
0.169321
0.231728
0.088176
0.283422
0.092308
0.186375
0.356725
0.077363
0.541458
0.135903
0.170559
0.054936
0.460535
0.173987
0.258941
0.410665
0.007757
0.133908
0.260609
0.312034
0.256194
0.282580
0.101836
0.232388
0.365437
0.372396
0.132000
0.198254
0.188312
0.524411
0.644542
0.090019
0.075432
0.180048
0.138079
0.174268
0.096340
0.224224
0.082429
0.263195
0.058691
0.157791
0.303767
0.113378
0.456760
0.085604
0.187179
0.074527
0.443530
0.146024
0.164305
0.443675
0.067780
0.210991
0.237052
0.576996
0.152563
0.370322
0.122256
0.196990
0.261897
0.475293
0.106209
0.170077
0.249589
0.323645
0.560673
0.057976
0.102704
0.291854
0.194176
0.149649
0.114949
0.250295
0.075618
0.206351
0.161191
0.207542
0.255400
0.199703
0.319460
0.074037
0.184902
0.119497
0.406575
0.140997
0.133080
0.484016
0.088346
0.258241
0.221928
0.776819
0.233412
0.302169
0.063256
0.054310
0.107373
0.503203
0.175157
0.204200
0.313056
0.208262
0.447044
0.168486
0.139476
0.276630
0.192719
0.138993
0.217538
0.301508
0.049192
0.237186
0.194829
0.169361
0.172009
0.121595
0.245819
0.170337
0.180630
0.092968
0.412439
0.084757
0.213534
0.499094
0.213554
0.298272
0.267680
0.691744
0.344260
0.252229
0.084662
0.095831
0.082141
0.335389
0.191867
0.294869
0.163123
0.211283
0.480134
0.126223
0.146656
0.194981
0.172463
0.101580
0.262995
0.242129
0.075416
0.339486
0.202403
0.100713
0.040712
0.102664
0.087915
0.107501
0.168722
0.158120
0.379578
0.226311
0.250065
0.526436
0.328934
0.294404
0.345713
0.586652
0.495186
0.193044
0.149485
0.198591
0.134168
0.127367
0.121109
0.329195
0.220471
0.244138
0.612562
0.190283
0.106454
0.117787
0.180302
0.045228
0.339048
0.171299
0.140265
0.342902
0.195553
0.134587
0.136693
0.188980
0.057938
0.108393
0.125925
0.099221
0.362407
0.342268
0.293507
0.465164
0.397139
0.276378
0.379112
0.739311
0.563350
0.145237
0.209519
0.167962
0.109701
0.104226
0.078654
0.372280
0.154802
0.190241
0.637627
0.312297
0.048452
0.167324
0.323529
0.073664
0.413342
0.210596
0.126183
0.232886
0.311024
0.285530
0.244136
0.253183
0.058221
0.166395
0.146772
0.210018
0.369232
0.283557
0.385371
0.506519
0.492682
0.308054
0.344819
0.775608
0.526900
0.248461
0.236685
0.102981
0.142009
0.056078
0.261965
0.399186
0.162570
0.088431
0.438483
0.196530
0.086475
0.094934
0.414649
0.062673
0.412494
0.273916
0.151368
0.152536
0.376203
0.405497
0.253906
0.236423
0.211119
0.170328
0.194159
0.132516
0.451048
0.151940
0.410336
0.546372
0.489567
0.381326
0.412564
0.617658
0.498172
0.117464
0.291539
0.110297
0.062119
0.067340
0.229099
0.401397
0.217420
0.020094
0.327842
0.164500
0.069700
0.115339
0.465832
0.213941
0.303501
0.300138
0.168070
0.181374
0.371099
0.422578
0.348628
0.215722
0.246170
0.289696
0.148675
0.193409
0.403760
0.142853
0.322761
0.555243
0.399392
0.427768
0.452333
0.474186
0.481346
0.209702
0.270351
0.121008
0.125202
0.080826
0.265994
0.544361
0.359392
0.067585
0.384073
0.265074
0.064574
0.072185
0.512379
0.287409
0.281485
0.313718
0.308332
0.197520
0.344841
0.391854
0.380468
0.313300
0.161852
0.355990
0.116161
0.234568
0.314093
0.142453
0.200732
0.503120
0.289036
0.420751
0.390384
0.433736
0.412437
0.279750
0.240989
0.070076
0.183070
0.138053
0.225861
0.651727
0.445496
0.117322
0.426580
0.431816
0.175838
0.244408
0.508800
0.262896
0.406801
0.347334
0.323698
0.166680
0.437587
0.345713
0.483930
0.393501
0.198049
0.317652
0.070214
0.218189
0.302042
0.084000
0.153810
0.473024
0.360747
0.352900
0.362001
0.312006
0.318668
0.249285
0.356373
0.037174
0.124108
0.200000
0.268846
0.681369
0.367169
0.144795
0.312316
0.405279
0.297619
0.278392
0.476176
0.208171
0.408171
0.337407
0.245673
0.285646
0.543408
0.305841
0.566725
0.274036
0.298165
0.305342
0.236072
0.137026
0.299268
0.061627
0.097777
0.364472
0.549477
0.371672
0.417717
0.271026
0.190946
0.255713
0.478931
0.106615
0.095072
0.222005
0.276037
0.618860
0.417919
0.187568
0.325037
0.372955
0.363447
0.317101
0.482657
0.239599
0.331292
0.285293
0.063537
0.385152
0.582864
0.332636
0.620705
0.246721
0.240950
0.521697
0.423026
0.162875
0.257877
0.131319
0.147074
0.190348
0.543188
0.438908
0.502229
0.318221
0.107144
0.313792
0.558613
0.090430
0.263268
0.145432
0.256075
0.597616
0.602875
0.253983
0.435418
0.378569
0.386342
0.451416
0.524868
0.263452
0.279756
0.267584
0.027575
0.365504
0.541098
0.242458
0.670310
0.382032
0.363378
0.731281
0.442139
0.320122
0.278731
0.146993
0.215913
0.153754
0.400394
0.555299
0.474727
0.355600
0.063105
0.327910
0.480008
0.329398
0.487721
0.068779
0.249032
0.591995
0.577466
0.428924
0.498820
0.364048
0.453444
0.605151
0.530260
0.272426
0.295207
0.269139
0.142536
0.318286
0.475360
0.292412
0.702404
0.482848
0.374230
0.911594
0.272026
0.443885
0.279514
0.378224
0.249878
0.194300
0.379986
0.513907
0.365301
0.269915
0.203644
0.264980
0.365701
0.470235
0.674944
0.235697
0.178637
0.561257
0.439678
0.497983
0.422875
0.335817
0.513375
0.660665
0.529967
0.285828
0.322436
0.253074
0.299754
0.433400
0.413134
0.390113
0.668217
0.341300
0.229261
1.033823
0.127586
0.507056
0.378954
0.429247
0.240784
0.218639
0.426324
0.456485
0.340806
0.354797
0.365243
0.203049
0.365966
0.464845
0.746723
0.307442
0.070383
0.432557
0.365215
0.583388
0.457024
0.381811
0.474428
0.611463
0.478607
0.349362
0.428669
0.244112
0.420323
0.545820
0.426430
0.367723
0.582583
0.234963
0.218334
1.071915
0.189891
0.509590
0.310692
0.376926
0.212344
0.224760
0.403374
0.398180
0.346637
0.319279
0.563641
0.280539
0.543490
0.400835
0.694608
0.267160
0.157196
0.328032
0.396654
0.730351
0.582853
0.483915
0.354127
0.594934
0.487773
0.389137
0.435635
0.241491
0.455597
0.487464
0.471110
0.371261
0.506260
0.325791
0.425923
1.058859
0.403875
0.537829
0.348909
0.420107
0.225185
0.251191
0.352481
0.436139
0.409197
0.324463
0.747530
0.369249
0.742839
0.369785
0.653941
0.257493
0.078485
0.346469
0.356256
0.840525
0.605109
0.502224
0.408973
0.689482
0.515375
0.481275
0.412676
0.264688
0.465501
0.381358
0.488148
0.299764
0.545854
0.311802
0.591008
1.013138
0.574349
0.550868
0.498321
0.570649
0.260044
0.392661
0.423608
0.463077
0.495855
0.408633
0.873654
0.521355
0.806966
0.449653
0.679823
0.401920
0.139635
0.373755
0.270745
0.868296
0.545442
0.428679
0.585632
0.845157
0.477871
0.517612
0.464963
0.311285
0.558889
0.414527
0.472247
0.250657
0.585121
0.331181
0.663447
0.973174
0.637399
0.574751
0.620960
0.763058
0.303474
0.547660
0.483603
0.473089
0.608492
0.494068
0.885912
0.664326
0.765231
0.513100
0.725878
0.503767
0.129729
0.435652
0.314892
0.789363
0.490361
0.465189
0.665126
0.930719
0.367058
0.513306
0.603643
0.473257
0.635913
0.393003
0.444831
0.228940
0.559120
0.352809
0.725159
0.966924
0.569021
0.573881
0.670504
0.910630
0.325946
0.626973
0.500020
0.444464
0.677074
0.557944
0.945511
0.837261
0.745785
0.508996
0.830235
0.524105
0.202464
0.536274
0.498070
0.723076
0.476445
0.542342
0.608069
0.946399
0.392495
0.449173
0.662485
0.566180
0.664736
0.323581
0.396116
0.224269
0.477898
0.498230
0.701363
0.861142
0.496060
0.664878
0.736374
0.984464
0.413268
0.665870
0.494411
0.526060
0.726828
0.587621
1.040728
0.885273
0.697689
0.484385
0.904453
0.609531
0.353284
0.565701
0.575651
0.725914
0.398720
0.568629
0.545461
0.891609
0.379085
0.525684
0.665435
0.503390
0.653188
0.300423
0.353301
0.270214
0.472696
0.645138
0.585828
0.657124
0.660087
0.846210
0.866789
0.947144
0.500523
0.752214
0.510347
0.576784
0.832270
0.535255
1.024968
0.856482
0.676230
0.521310
0.903476
0.739497
0.537620
0.518904
0.565857
0.684011
0.348979
0.600956
0.606825
0.828085
0.323403
0.654376
0.741082
0.496831
0.714510
0.487004
0.323886
0.400347
0.498303
0.703619
0.477142
0.526110
0.873742
0.937675
0.873840
0.888716
0.566484
0.828648
0.474338
0.523713
0.916975
0.506959
0.956218
0.885506
0.694614
0.511572
0.797268
0.745926
0.735555
0.517862
0.523143
0.524340
0.383449
0.694698
0.753869
0.730476
0.321070
0.756924
0.892337
0.610399
0.800264
0.682894
0.328021
0.506247
0.506070
0.704624
0.419451
0.526549
0.926278
0.839684
0.746436
0.850402
0.592723
0.841243
0.381736
0.406851
0.974212
0.582241
0.821907
0.916072
0.726194
0.501515
0.697048
0.666543
0.941994
0.600368
0.610189
0.287373
0.503417
0.745298
0.860270
0.710061
0.316950
0.769088
0.935686
0.723727
0.846005
0.739545
0.328684
0.549603
0.551100
0.617808
0.361069
0.579194
0.781876
0.676015
0.705668
0.879505
0.647896
0.818602
0.363017
0.381989
1.025915
0.676478
0.734443
0.821737
0.718416
0.563101
0.656673
0.665941
1.109289
0.643931
0.662390
0.134190
0.585049
0.640746
0.796894
0.646125
0.270615
0.820786
0.942474
0.743596
0.732436
0.733900
0.381254
0.537105
0.611157
0.556381
0.238060
0.596943
0.759980
0.537306
0.770286
0.801819
0.756481
0.857325
0.486965
0.383530
1.117125
0.757095
0.650120
0.776762
0.654409
0.726269
0.769607
0.806004
1.194647
0.559412
0.604205
0.151921
0.635787
0.560681
0.650407
0.654673
0.150594
0.833356
0.929214
0.677558
0.651587
0.742525
0.544312
0.587758
0.649041
0.602660
0.212259
0.468496
0.831303
0.507910
0.897578
0.707619
0.836465
0.897080
0.625013
0.391366
1.148073
0.764220
0.496264
0.813824
0.660444
0.893926
0.935021
0.873860
1.144961
0.595153
0.523796
0.109647
0.770809
0.672157
0.477134
0.746768
0.242238
0.830033
0.963039
0.729986
0.748785
0.737606
0.651115
0.679417
0.680677
0.650985
0.263537
0.364059
0.865557
0.560258
0.950985
0.731136
0.826956
0.902963
0.658691
0.403483
1.193858
0.790718
0.406330
0.840378
0.712984
0.877885
1.022976
0.778332
1.072437
0.843581
0.640423
0.117656
0.873820
0.845054
0.314019
0.803438
0.373264
0.778114
0.991534
0.910456
0.873499
0.762119
0.643742
0.768385
0.674972
0.785720
0.302285
0.346059
0.802378
0.574960
0.938532
0.816491
0.815977
0.852116
0.661577
0.479273
1.174377
0.832922
0.413431
0.803767
0.761612
0.807385
0.985513
0.668837
0.898835
0.945535
0.832700
0.164497
0.923396
0.843328
0.185498
0.816635
0.378709
0.752144
1.106424
1.077322
0.900529
0.829659
0.630880
0.818622
0.684220
0.951677
0.300424
0.500965
0.755298
0.429282
0.941402
0.787152
0.858618
0.892369
0.768725
0.561827
1.005353
0.906949
0.380442
0.760994
0.697064
0.770544
0.881052
0.717566
0.774793
0.873510
0.943276
0.245238
0.906664
0.739280
0.090783
0.793491
0.421667
0.742491
1.177924
1.129633
0.707262
0.889487
0.738067
0.832225
0.840954
1.109638
0.465371
0.649604
0.708890
0.323363
0.944254
0.728491
0.847042
0.940747
0.909633
0.618315
0.791978
0.945079
0.315766
0.746714
0.634084
0.790961
0.810959
0.834909
0.720797
0.919941
0.927730
0.435325
0.882540
0.782209
0.147954
0.886265
0.714701
0.815479
1.135732
1.055527
0.635411
0.917238
0.858038
0.842013
1.000355
1.113911
0.770969
0.750565
0.661974
0.293779
0.891149
0.747102
0.780293
0.910292
0.913413
0.618890
0.737200
0.856178
0.297474
0.755971
0.660906
0.765974
0.892311
0.894429
0.725461
1.093295
0.958225
0.552702
0.850547
0.818991
0.371914
0.969054
1.039388
0.770903
1.017760
1.022832
0.733431
0.984630
0.857602
0.813108
1.110405
1.005216
1.012962
0.865684
0.652908
0.260676
0.755331
0.765995
0.757451
0.836692
0.807484
0.552853
0.732003
0.865893
0.440101
0.838722
0.719476
0.697513
0.963888
0.779419
0.632824
1.094925
0.947463
0.544194
0.858207
0.824378
0.619322
0.958493
1.056194
0.724044
0.939756
1.015010
0.765477
1.096315
0.866793
0.737485
1.085515
0.935570
0.957991
0.964539
0.737864
0.192378
0.724766
0.605536
0.768176
0.857118
0.817930
0.504805
0.648049
0.973657
0.482324
0.864652
0.705873
0.609449
1.057157
0.681824
0.513578
0.993592
0.870252
0.581988
0.815766
0.840409
0.719153
0.909638
0.920929
0.660244
0.849308
0.978848
0.647653
1.217944
0.927236
0.710268
0.988783
0.932279
0.878260
0.968529
0.772692
0.254617
0.787945
0.493164
0.753670
0.877492
0.856639
0.646788
0.559539
1.017517
0.421440
0.848676
0.693661
0.580110
1.080891
0.677416
0.569262
0.967480
0.822988
0.791097
0.766800
0.957662
0.708472
0.884043
0.907078
0.687728
0.805966
0.912436
0.563404
1.198670
1.051992
0.745216
0.850671
0.910433
0.826339
0.984248
0.694807
0.530999
0.841006
0.619891
0.796068
0.892864
0.828023
0.913853
0.576638
0.934538
0.436482
0.827485
0.740675
0.558333
1.094153
0.734372
0.639286
0.964807
0.881940
0.968629
0.884385
1.028732
0.787218
0.788273
1.021558
0.676484
0.844937
0.962161
0.516277
1.144186
1.103233
0.808752
0.837156
0.856158
0.822155
1.097110
0.661801
0.807620
0.853847
0.766972
0.900945
0.927644
0.820348
1.014781
0.643840
0.898740
0.654214
0.933073
0.894966
0.576919
0.989080
0.818701
0.656222
0.858308
0.846324
0.951277
1.073943
0.992393
1.014537
0.786827
1.137905
0.618260
0.950412
0.943090
0.467963
1.082907
1.066647
0.824797
0.916124
0.787267
0.848324
1.197776
0.762532
0.898498
0.909025
0.814394
0.951288
0.967383
0.882402
0.880445
0.633614
0.990469
0.906667
1.053572
0.911851
0.621697
0.945563
0.929942
0.637569
0.875572
0.719528
0.951210
1.148043
0.971613
1.108162
0.900393
1.173539
0.482458
1.004567
0.886826
0.400438
0.986330
0.983964
0.790318
1.094853
0.763850
0.872445
1.190488
0.897193
0.949618
1.014490
0.856278
0.876839
0.974560
0.976775
0.755805
0.728262
1.015265
0.973653
1.096831
0.904911
0.751008
1.059840
0.932909
0.636312
0.978481
0.693733
1.058406
1.117033
0.869693
1.106811
1.026219
1.164734
0.370130
0.923376
0.786317
0.411114
0.868759
0.899434
0.716320
1.176866
0.756922
0.871282
1.101468
0.938546
1.019101
1.084302
0.990727
0.862885
0.923799
0.987985
0.841086
0.817585
0.956336
0.998857
1.168447
0.969624
0.815055
1.151447
0.915066
0.677506
1.019126
0.860362
1.132387
1.109564
0.833197
1.066393
1.044581
1.154195
0.296473
0.909136
0.702592
0.349789
0.814047
0.869821
0.660557
1.079849
0.808608
0.897278
1.059976
0.873841
1.176226
1.117552
0.986536
0.830374
0.914275
0.881904
0.970327
0.924656
0.906307
1.040103
1.305431
1.030448
0.789755
1.080835
0.863634
0.720841
0.933711
0.975000
1.090124
1.183851
0.915821
1.129994
1.028410
1.131133
0.397647
0.960239
0.626745
0.301272
0.847204
0.911097
0.669293
0.969765
0.891770
0.995811
1.157451
0.822226
1.240243
1.172943
0.824539
0.717992
0.997814
0.844028
1.000592
0.949210
0.885183
1.044031
1.287672
1.046839
0.724444
1.000720
0.817697
0.700518
1.016558
0.993043
1.096756
1.198927
0.992913
1.160533
1.064657
1.123645
0.533310
0.939657
0.596783
0.366896
1.010437
0.954901
0.698275
1.039812
0.886418
1.059715
1.207474
0.875023
1.182152
1.170654
0.693086
0.613287
1.061848
0.913672
0.953853
0.966448
0.761625
0.978650
1.174583
0.979683
0.766743
1.034012
0.782618
0.622124
1.227204
1.008334
1.147239
1.150735
0.910636
1.002232
1.045623
1.009055
0.665434
0.823504
0.589586
0.600265
1.081720
0.909016
0.652807
1.210924
0.798882
1.066746
1.135503
0.939836
1.162548
1.185145
0.738981
0.582694
1.036157
0.943191
1.053186
1.037230
0.578449
0.918102
1.172031
0.858932
0.795540
1.033485
0.834131
0.605342
1.248236
1.045357
1.113210
1.198333
0.814402
0.804087
1.026346
0.917935
0.659765
0.668520
0.555916
0.668265
1.049749
0.804518
0.624628
1.324613
0.735782
1.051999
1.030021
0.904136
1.187251
1.135690
0.720017
0.559876
1.026661
0.915844
1.089175
1.184051
0.577594
0.886725
1.242200
0.770362
0.782198
0.934375
0.946784
0.735103
1.157222
0.987137
1.074878
1.276397
0.767217
0.773190
1.059666
0.785567
0.660966
0.655337
0.519575
0.724058
0.897998
0.815246
0.662819
1.259532
0.760971
1.103781
0.973595
0.874249
1.095484
1.030989
0.702978
0.501534
1.091161
0.920372
1.060001
1.331388
0.627527
0.868718
1.159684
0.749014
0.794788
0.826329
1.045820
0.849551
1.176512
0.948748
1.078829
1.221265
0.802971
0.889060
1.080112
0.775926
0.727938
0.793012
0.674125
0.885129
0.886105
0.863384
0.768434
1.226532
0.815813
1.081754
0.933109
0.833515
0.919720
0.909231
0.718495
0.456968
1.155667
1.014471
0.925208
1.437698
0.687595
0.886635
1.031929
0.792405
0.801647
0.904428
0.992162
0.881720
1.086505
0.967360
1.069500
0.966489
0.772572
0.916526
1.034876
0.745507
0.834141
0.956256
0.815319
1.050575
0.944121
0.874928
0.766349
1.241464
0.863692
0.958366
0.838706
0.873655
0.760537
0.939599
0.817746
0.482711
1.224943
1.008791
0.855521
1.437625
0.752556
0.834659
0.959768
0.817282
0.736288
0.947731
0.928317
0.850503
1.054209
0.953630
0.929526
0.817470
0.794850
0.770524
0.865558
0.761444
0.865400
0.957680
0.825482
0.903717
1.044827
0.876686
0.738598
1.191545
0.806630
0.865991
0.772565
0.919348
0.609579
0.970516
0.772362
0.551489
1.171688
0.979344
0.804969
1.416052
0.818375
0.798449
0.829664
0.922321
0.702447
0.944885
0.850164
0.790029
1.033796
0.838033
0.812491
0.819198
0.851940
0.590283
0.791262
0.619669
0.891910
0.960950
0.803814
0.844516
1.002383
0.910896
0.842198
1.113374
0.793855
0.704546
0.791047
1.001733
0.462272
