# G_1, p = 2.0000 GPa (dir_20000.0_bar).
# D8R-only: 96 rings x 101 frames = 9696 samples.
# Column: per-D8R Delta [A]
2.324094
2.324079
2.324089
2.324079
2.324084
2.324089
2.324079
2.324094
2.324075
2.324089
2.324080
2.324089
2.324094
2.324089
2.324098
2.324098
2.324080
2.324098
2.324094
2.324094
2.324094
2.324079
2.324089
2.324098
2.324075
2.324098
2.324098
2.324094
2.324094
2.324084
2.324089
2.324079
2.324089
2.324080
2.324075
2.324094
2.324079
2.324089
2.324084
2.324089
2.324079
2.324094
2.324098
2.324098
2.324094
2.324098
2.324079
2.324094
2.324089
2.324098
2.324098
2.324080
2.324094
2.324094
2.324084
2.324094
2.324094
2.324089
2.324098
2.324075
2.324079
2.324089
2.324079
2.324089
2.324098
2.324098
2.324079
2.324089
2.324079
2.324089
2.324098
2.324098
2.324079
2.324089
2.324079
2.324089
2.324098
2.324098
2.324079
2.324089
2.324079
2.324089
2.324098
2.324098
2.324079
2.324089
2.324079
2.324089
2.324098
2.324098
2.324079
2.324089
2.324079
2.324089
2.324098
2.324098
2.155311
2.275270
2.454594
2.271289
2.328958
2.368390
2.276118
2.250233
2.253898
2.398083
2.268912
2.317320
2.448087
2.283393
2.385645
2.239033
2.276252
2.228647
2.163061
2.374123
2.278391
2.325590
2.304881
2.272872
2.417360
2.279713
2.360792
2.190837
2.337749
2.369048
2.291559
2.285526
2.218214
2.273126
2.141960
2.308005
2.398710
2.193647
2.235116
2.312709
2.294799
2.250903
2.289738
2.391535
2.433121
2.330885
2.329740
2.473308
2.345889
2.337179
2.297560
2.221718
2.228728
2.196215
2.276447
2.404836
2.300164
2.252256
2.417237
2.222387
2.331265
2.190030
2.342969
2.350834
2.387494
2.394770
2.347236
2.351658
2.336778
2.346344
2.303761
2.253002
2.295447
2.435573
2.414798
2.376636
2.360990
2.373315
2.449368
2.324920
2.177369
2.295089
2.269130
2.265279
2.330176
2.367630
2.296344
2.302567
2.325493
2.354193
2.146246
2.377778
2.183597
2.302982
2.297251
2.256434
2.077397
2.150265
2.414876
2.205181
2.345155
2.393796
2.168534
2.144412
2.358245
2.316118
2.236037
2.192462
2.350959
2.297834
2.488193
2.215838
2.211028
2.282019
2.192295
2.208867
2.188633
2.282301
2.411093
2.333329
2.589918
2.410555
2.345557
2.143128
2.383819
2.333383
2.405156
2.201454
2.129282
2.279281
2.122970
2.430960
2.458964
2.256746
2.156751
2.145059
2.336780
2.249545
2.410707
2.295198
2.489630
2.440976
2.306657
2.444837
2.254251
2.249944
2.256514
2.168547
2.244486
2.251795
2.178957
2.215238
2.258810
2.235342
2.342235
2.157181
2.248555
2.016942
2.349796
2.441530
2.446857
2.397602
2.311616
2.317054
2.444578
2.207030
2.332563
2.295900
2.310590
2.317424
2.402202
2.307360
2.436237
2.329358
2.332341
2.372321
2.209094
2.098296
2.281420
2.322984
2.318338
2.445228
2.270344
2.185677
2.238454
2.264398
2.226102
2.307998
2.139082
2.241963
2.258802
2.259255
2.118047
2.152485
2.443123
2.187277
2.375814
2.418306
2.149660
2.084121
2.426483
2.269104
2.199775
2.202670
2.376761
2.316205
2.523129
2.283000
2.100894
2.335663
2.312639
2.083868
2.235432
2.287150
2.432202
2.447350
2.601028
2.436779
2.420438
2.121695
2.403795
2.244235
2.539585
2.139853
2.128140
2.316886
2.055367
2.593768
2.563091
2.349147
2.224258
2.065074
2.285205
2.283457
2.591055
2.227094
2.525080
2.496330
2.322374
2.369290
2.222894
2.236761
2.241006
2.094091
2.188340
2.277070
2.141039
2.186262
2.230798
2.286827
2.243702
2.140525
2.362425
1.892144
2.353572
2.470428
2.508032
2.239365
2.289996
2.348952
2.595282
2.071472
2.350941
2.293001
2.338382
2.224539
2.338859
2.215208
2.411015
2.314610
2.344486
2.396018
2.258716
1.960596
2.271791
2.506267
2.300395
2.385342
2.390141
2.156425
2.120438
2.221475
2.275401
2.349850
2.161327
2.212632
2.312914
2.332922
2.125770
2.216691
2.582125
2.098425
2.352101
2.349611
2.231559
2.123381
2.350510
2.255838
2.345692
2.225684
2.432850
2.384055
2.492818
2.285960
1.958192
2.345972
2.336583
2.174166
2.212942
2.376212
2.354341
2.424342
2.491246
2.417420
2.412852
2.074498
2.399208
2.124990
2.606094
2.255499
2.218303
2.350145
1.987728
2.496623
2.724999
2.353346
2.236327
2.022114
2.272569
2.244266
2.521827
2.137187
2.550299
2.346624
2.367496
2.350926
2.297494
2.267210
2.268150
1.992855
1.968970
2.174428
2.198000
2.308738
2.230190
2.290821
2.233406
2.119615
2.495579
1.833176
2.293930
2.458092
2.456757
2.129792
2.275425
2.393922
2.616857
2.162361
2.283544
2.184678
2.350874
2.390967
2.301278
2.167933
2.299359
2.396252
2.459302
2.398671
2.209267
1.872713
2.193944
2.401853
2.317866
2.218241
2.418148
2.231609
2.130833
2.177807
2.127386
2.358866
2.166948
2.290311
2.334244
2.334575
2.186292
2.200555
2.589313
2.067721
2.195277
2.334816
2.379292
2.151515
2.276210
2.177545
2.418720
2.243195
2.386140
2.404821
2.493166
2.242602
1.977222
2.338724
2.432873
2.159846
2.094177
2.375880
2.319062
2.332617
2.522405
2.360503
2.500628
2.074538
2.348887
2.169357
2.602786
2.309031
2.242798
2.364659
2.014405
2.465337
2.659493
2.304207
2.059458
2.053658
2.367881
2.226915
2.412523
1.963193
2.445775
2.279642
2.438725
2.337975
2.410280
2.302839
2.256514
1.897252
1.962558
2.215072
2.243256
2.205944
2.146107
2.267040
2.262264
2.081245
2.422418
1.888574
2.349360
2.525658
2.426086
2.030940
2.239292
2.379079
2.600847
2.213491
2.284073
2.186059
2.315621
2.474992
2.328389
2.032431
2.337986
2.409855
2.480946
2.358309
2.350344
1.862862
2.186033
2.370235
2.351785
2.177731
2.476807
2.320915
2.086140
2.208664
2.253519
2.230919
2.108756
2.235759
2.246053
2.293987
2.320397
2.214285
2.468182
2.088632
2.077743
2.373113
2.313465
2.183003
2.306885
2.162422
2.332641
2.317607
2.346756
2.388377
2.527538
2.269028
2.183774
2.412494
2.428881
2.155981
2.089927
2.306830
2.415855
2.392583
2.624539
2.295258
2.495622
2.107056
2.271931
2.300185
2.636794
2.317786
2.279333
2.418066
2.068850
2.464846
2.604203
2.377188
1.868867
2.189209
2.377587
2.191372
2.330345
1.900984
2.325948
2.314830
2.544817
2.297982
2.422005
2.227810
2.289722
1.962013
2.112969
2.358570
2.292710
2.037296
2.134701
2.262101
2.267759
2.096332
2.215048
1.975319
2.350181
2.529537
2.443952
1.975036
2.282218
2.256853
2.578710
2.125282
2.360605
2.332739
2.295487
2.428735
2.366493
1.972727
2.482009
2.394841
2.449193
2.294913
2.459256
1.879447
2.230646
2.427915
2.388783
2.233054
2.538862
2.345722
2.039992
2.254006
2.485676
2.216327
2.173076
2.174733
2.197932
2.258236
2.391172
2.384359
2.446347
2.086381
2.130303
2.406277
2.194724
2.209938
2.291390
2.179368
2.292374
2.410763
2.336047
2.477401
2.409373
2.263087
2.287949
2.373993
2.287592
2.327288
2.208577
2.330304
2.407632
2.357330
2.462084
2.233355
2.354233
2.173276
2.302315
2.324007
2.706187
2.278899
2.347119
2.335631
2.039281
2.287089
2.556563
2.441976
1.895552
2.188587
2.326058
2.136480
2.357096
1.848045
2.255386
2.330477
2.622872
2.332767
2.337676
2.197616
2.383097
1.990368
2.226031
2.392009
2.252310
2.021912
2.140682
2.274963
2.216865
2.114499
2.171606
2.113210
2.221870
2.398971
2.314926
1.975646
2.387585
2.154978
2.534426
2.176371
2.399502
2.307864
2.306404
2.405950
2.375588
2.104196
2.364494
2.385300
2.483872
2.281952
2.438496
1.939131
2.277037
2.413621
2.471204
2.284629
2.642750
2.291042
2.093371
2.328726
2.467381
2.271155
2.292700
2.206386
2.262314
2.241496
2.392797
2.394416
2.476300
2.096064
2.153897
2.421281
2.169810
2.219078
2.288112
2.199253
2.410329
2.455233
2.322671
2.560290
2.372718
2.260706
2.402704
2.304927
2.126695
2.582217
2.230398
2.394746
2.216077
2.311113
2.350432
2.141798
2.323078
2.236320
2.365107
2.285222
2.574179
2.331562
2.329670
2.277993
1.960227
2.187579
2.359147
2.443149
1.872038
2.278440
2.246195
2.144009
2.332432
1.901655
2.243202
2.307050
2.570960
2.405700
2.325979
2.281076
2.371955
2.060313
2.231955
2.345684
2.326670
2.125423
2.053477
2.291398
2.250895
2.159088
2.152076
2.233718
2.131549
2.335431
2.170825
1.901141
2.337676
2.174170
2.430164
2.292299
2.341609
2.330237
2.315646
2.395936
2.263356
2.142699
2.216241
2.382503
2.445461
2.200499
2.458489
2.008420
2.194843
2.393229
2.437577
2.314264
2.600643
2.227367
2.235928
2.361974
2.390284
2.254126
2.279124
2.208046
2.302624
2.277799
2.467080
2.205480
2.451304
2.170155
2.101884
2.358882
2.276715
2.193918
2.254510
2.176496
2.350331
2.452370
2.270508
2.581383
2.424347
2.233055
2.434264
2.299112
2.093569
2.549522
2.151912
2.465155
2.149954
2.208634
2.446765
2.157148
2.275670
2.339710
2.344604
2.305661
2.438658
2.343641
2.254629
2.194582
1.995535
2.210277
2.173702
2.412134
1.770957
2.418581
2.238882
2.150940
2.173938
1.946215
2.295040
2.310163
2.456846
2.338488
2.408880
2.293305
2.373096
2.136354
2.166051
2.361475
2.487158
2.185689
2.014857
2.200548
2.332450
2.120456
2.109620
2.234248
2.286385
2.261207
2.118882
1.872147
2.248886
2.151768
2.285558
2.351024
2.361169
2.388241
2.345679
2.259464
2.196623
2.049334
2.284137
2.330596
2.253884
2.144182
2.439859
2.031447
2.085644
2.333659
2.311276
2.294607
2.459885
2.205212
2.319245
2.290564
2.434572
2.091771
2.255398
2.108579
2.146950
2.287891
2.346345
2.143957
2.485843
2.300467
2.050190
2.426780
2.387890
2.166479
2.203720
2.222537
2.220315
2.333830
2.271160
2.498433
2.433496
2.237016
2.368794
2.419307
2.176459
2.400690
2.187280
2.463301
2.230978
2.090245
2.506415
2.254082
2.224550
2.371231
2.382663
2.376081
2.455667
2.303817
2.255138
2.186665
2.024605
2.225621
2.105722
2.318581
1.802972
2.425499
2.349918
2.069132
2.008234
2.141168
2.415357
2.395638
2.371842
2.215199
2.354647
2.272163
2.415825
2.133008
2.145208
2.349003
2.495798
2.220313
2.132521
2.179069
2.391512
2.096621
2.130116
2.262407
2.331878
2.127192
2.156380
2.046386
2.342906
2.201734
2.217141
2.324965
2.387820
2.483442
2.370839
2.307661
2.219033
2.043704
2.337657
2.315363
1.971655
2.221676
2.330433
2.068268
2.085121
2.225321
2.353158
2.306467
2.354345
2.185055
2.290068
2.191870
2.287443
2.051231
2.390832
2.189437
2.102592
2.257116
2.229613
2.172251
2.508775
2.378875
2.051171
2.432587
2.473121
2.154984
2.228809
2.277652
2.086612
2.320869
2.398849
2.461562
2.441588
2.252923
2.339802
2.362942
2.175692
2.382802
2.222746
2.420171
2.111597
1.973632
2.374187
2.306441
2.263485
2.311683
2.396972
2.328210
2.396178
2.337740
2.212068
2.042095
2.000649
2.063634
2.088214
2.246790
1.936337
2.306232
2.238101
2.074468
1.971668
2.348665
2.504406
2.380443
2.386849
2.217731
2.243036
2.256591
2.392591
2.056964
2.136381
2.291003
2.339372
2.234467
2.193412
2.198041
2.445159
2.177241
2.249154
2.332752
2.291145
2.043068
2.241496
2.211137
2.344450
2.331982
2.113002
2.381182
2.346497
2.509815
2.497755
2.426772
2.161694
2.073750
2.195970
2.301114
1.878983
2.230663
2.162226
2.082738
2.030369
2.118236
2.455708
2.332655
2.269448
2.145279
2.277444
2.118127
2.125922
2.139122
2.374674
2.315579
2.091660
2.281705
2.238191
2.042154
2.442512
2.338076
2.128930
2.331115
2.435625
2.015246
2.359935
2.360361
2.170452
2.250079
2.367719
2.386421
2.380671
2.223872
2.267682
2.389345
2.140998
2.383713
2.119454
2.407316
2.064740
2.006448
2.296136
2.427113
2.154334
2.278371
2.285042
2.330319
2.392085
2.312523
2.113042
1.908151
2.094702
1.955764
1.993617
2.253630
1.991743
2.254206
2.168308
2.224207
2.056888
2.411140
2.509379
2.350463
2.339295
2.163660
2.162487
2.265830
2.191900
2.058742
2.173406
2.185702
2.212818
2.297260
2.106513
2.242222
2.435117
2.353425
2.247813
2.189849
2.241020
2.084476
2.236534
2.209785
2.346726
2.258756
1.999911
2.419482
2.271679
2.516365
2.593386
2.421529
2.126818
2.028676
2.163742
2.180149
1.936149
2.100480
2.161544
2.089475
2.024742
2.119992
2.378651
2.357532
2.267482
2.144157
2.268691
2.060816
2.078757
2.102267
2.234389
2.352949
2.088206
2.346331
2.252146
2.040203
2.393886
2.347660
2.153143
2.252164
2.346123
1.907240
2.374463
2.377887
2.177202
2.145476
2.272625
2.232350
2.340888
2.164130
2.185350
2.473343
2.162955
2.250576
2.160922
2.388537
2.191279
2.212220
2.295164
2.421199
2.119925
2.362755
2.265524
2.376031
2.414200
2.235353
2.028449
1.822517
2.301909
2.019953
2.045693
2.339404
2.083239
2.332764
2.132625
2.229634
2.065365
2.373750
2.507326
2.452683
2.198308
2.132956
2.112502
2.243624
2.018779
2.089181
2.216654
2.164446
2.166611
2.410686
2.085440
2.311605
2.419030
2.401288
2.240484
2.034090
2.181556
2.113522
2.135289
2.223968
2.477807
2.161818
1.956595
2.343124
2.182161
2.546652
2.504580
2.355490
2.243286
2.047597
2.180641
2.072965
2.020860
2.025105
2.182099
2.096172
2.055606
2.225698
2.151698
2.287143
2.334503
2.076325
2.208904
1.969204
2.109230
2.059799
2.176818
2.367377
2.140446
2.426482
2.245057
2.165372
2.457750
2.406586
2.182471
2.199685
2.271177
1.856824
2.323705
2.372337
2.157814
2.108773
2.319331
2.117634
2.304814
2.101380
2.240055
2.442806
2.123471
2.088913
2.195383
2.396585
2.232582
2.176877
2.234798
2.362522
2.159339
2.260192
2.152244
2.399538
2.369907
2.197761
1.954306
1.771758
2.427315
1.917242
2.145476
2.367924
2.214871
2.317595
2.181200
2.122778
2.031040
2.395423
2.476886
2.465964
2.156359
2.205552
2.119108
2.192663
1.972949
2.105494
2.295664
2.196885
2.181999
2.547676
2.091529
2.323835
2.439928
2.311728
2.290736
2.089676
2.049623
2.126693
2.012441
2.265439
2.415538
2.184354
1.925032
2.285744
2.064519
2.424790
2.328084
2.341776
2.236512
2.224410
2.228583
2.055032
2.023464
2.084630
2.140649
2.188076
2.158379
2.304738
2.082452
2.276883
2.335447
2.061972
2.264821
1.869307
2.081522
2.123754
2.175588
2.461365
2.134481
2.286339
2.174538
2.210984
2.488130
2.436930
2.280866
2.079627
2.219904
1.927855
2.424357
2.271415
2.272851
2.253768
2.402642
2.008135
2.304193
2.052017
2.293935
2.372960
2.116221
2.034546
2.227225
2.345721
2.139844
2.125820
2.062760
2.359190
2.147341
2.216715
2.025671
2.352628
2.290655
2.228380
1.979599
1.895369
2.449839
1.839392
2.114090
2.381302
2.348993
2.230799
2.229883
2.147751
2.084495
2.302520
2.416986
2.300537
2.142868
2.247299
1.997901
2.241147
1.943093
2.125836
2.306820
2.201839
2.113492
2.456199
2.055016
2.285859
2.330887
2.210750
2.295143
2.283876
2.032282
2.113667
2.022642
2.222177
2.331309
2.131692
1.957686
2.384386
1.930037
2.371723
2.327484
2.386110
2.089933
2.309132
2.302123
2.088343
1.977681
2.271981
2.094597
2.309659
2.102363
2.349214
2.039070
2.361043
2.274320
2.092022
2.376229
1.783166
2.067681
2.180965
2.175520
2.486452
2.107411
2.272926
2.051618
2.198886
2.384878
2.495729
2.330487
1.992915
2.157339
1.938144
2.485368
2.158572
2.341036
2.462447
2.304991
1.967879
2.300233
2.130422
2.209747
2.283391
2.214272
2.034245
2.176555
2.269839
2.156061
2.196370
1.953064
2.336694
2.024713
2.272965
1.973805
2.344715
2.209830
2.236489
2.087963
2.033085
2.422369
1.955871
2.088911
2.355975
2.391778
2.167330
2.289547
2.225923
2.118786
2.164737
2.244457
2.161224
2.062546
2.125814
1.891842
2.386892
1.866314
2.242321
2.219561
2.171427
2.088264
2.305056
1.954714
2.162969
2.149810
2.190330
2.270227
2.396501
2.089881
2.122253
2.138610
2.084076
2.299179
2.045501
1.997748
2.390781
1.966379
2.382405
2.334830
2.302241
2.112940
2.355952
2.319116
2.039929
2.062636
2.194010
2.000032
2.522073
2.039511
2.379072
1.821717
2.331831
2.210710
2.027458
2.281639
1.830966
2.127389
2.151017
2.106441
2.461836
2.135866
2.191968
2.015958
2.366011
2.263282
2.421303
2.265989
2.103501
2.117718
2.023118
2.417708
2.128682
2.321140
2.375744
2.241379
1.941811
2.249481
2.221476
2.071946
2.161948
2.271799
2.050154
2.272875
2.212587
2.283755
2.269492
2.107747
2.366912
2.000803
2.249223
1.990229
2.274152
2.253759
2.185969
2.114228
2.078124
2.468675
2.060623
2.149704
2.330110
2.333555
2.232419
2.287923
2.171604
2.031927
2.221808
2.219791
2.133491
2.043794
2.097131
1.839382
2.451380
1.827827
2.403247
2.142237
2.102216
2.104214
2.288888
1.928587
2.119336
2.004097
2.156796
2.199488
2.371009
2.111935
2.231590
2.130625
2.028647
2.312870
1.956533
2.095239
2.371548
2.059903
2.235626
2.157498
2.197783
2.189318
2.420010
2.317297
2.020061
2.178184
2.045223
2.034995
2.558002
2.186434
2.350820
1.658950
2.167023
2.233522
1.964281
2.282375
1.932198
2.149367
2.231222
2.068188
2.593834
2.204925
2.220133
1.976691
2.459102
2.281324
2.275733
2.302881
2.151732
2.044778
2.129394
2.369379
2.084795
2.339858
2.188833
2.266085
2.013711
2.176321
2.189686
2.119670
1.979875
2.263994
2.105577
2.325738
2.195800
2.272827
2.271346
2.168219
2.232489
2.189264
2.227041
2.041385
2.216047
2.273925
2.135172
2.197392
2.097718
2.479736
2.038159
2.124316
2.284078
2.421152
2.218006
2.285544
2.136448
2.020090
2.182522
2.180982
2.009866
2.082525
2.189636
1.989295
2.512256
1.902218
2.413307
2.200109
2.134340
2.047926
2.259479
1.938331
2.110603
2.028782
2.091352
2.195531
2.465969
2.022413
2.249865
2.152040
2.110294
2.198590
2.024397
2.213512
2.434958
2.156897
2.147583
2.158645
2.192431
2.112190
2.341840
2.293546
2.088091
2.191003
2.003389
2.148511
2.500936
2.341196
2.323503
1.822630
2.195231
2.214019
1.985530
2.300688
1.978833
2.156091
2.411998
2.068081
2.659978
2.321587
2.203163
1.986130
2.321737
2.180669
2.163823
2.295254
2.097638
2.033933
2.254844
2.303777
1.995217
2.421187
2.269165
2.302883
2.077681
2.086530
2.181022
2.151151
1.959214
2.253709
2.217376
2.248504
2.260099
2.147586
2.307987
2.102940
2.192221
2.263498
2.206196
2.022072
2.173885
2.241405
2.085168
2.244276
2.237585
2.475418
1.995216
2.107112
2.304245
2.465303
2.144620
2.228908
2.191961
2.062626
2.047061
2.125156
1.854099
2.038861
2.155839
2.143165
2.454340
1.993656
2.357614
2.207985
2.205813
1.934375
2.181008
2.017814
2.083489
2.071643
2.119226
2.271163
2.503579
2.008846
2.151225
2.246478
2.242073
2.068950
2.056795
2.229272
2.425446
2.241651
2.131871
2.225127
2.213431
2.064696
2.262656
2.348101
2.180487
2.197749
2.009911
2.132151
2.429191
2.271413
2.267234
2.051355
2.186843
2.137153
2.145727
2.243933
2.049389
2.159419
2.445928
2.115895
2.418751
2.344909
2.205028
2.015069
2.226105
2.007308
2.216141
2.254983
2.163137
2.076380
2.283663
2.129118
1.940243
2.399064
2.411216
2.235927
2.006058
1.973439
2.159942
2.080322
1.994485
2.284197
2.174845
2.226978
2.340403
2.107309
2.276093
2.012875
2.245054
2.230163
2.075919
2.066520
2.135232
2.256262
1.999098
2.279829
2.340208
2.338869
2.000380
2.106733
2.235111
2.508947
2.160718
2.188236
2.326563
2.123897
2.155058
2.076727
1.818499
2.012792
2.157503
2.162264
2.318705
2.077356
2.300589
2.184071
2.256426
1.850701
2.208955
2.147982
2.070352
1.976568
2.226543
2.198627
2.502708
2.102633
2.111477
2.385511
2.317774
2.118303
2.025289
2.127049
2.281552
2.421900
2.077955
2.185118
2.164188
2.208714
2.385307
2.402853
2.175517
2.341340
2.052980
2.029934
2.483823
2.270452
2.221487
2.102150
2.101057
2.100385
2.120510
2.034977
2.245485
2.147540
2.350110
2.179876
2.289819
2.345016
2.154079
2.003766
2.313315
1.925061
2.241921
2.192843
2.189424
2.068219
2.361147
2.011807
2.073759
2.298741
2.402198
2.089935
1.946843
1.973226
2.142623
2.011312
1.925438
2.265271
2.059119
2.186381
2.328741
2.213006
2.245780
2.029531
2.191062
2.306611
2.033958
2.165867
2.086628
2.176753
1.961974
2.242388
2.386387
2.217020
2.047497
2.003281
2.138677
2.446895
2.332097
2.223584
2.271150
2.237309
2.323903
1.982724
1.909760
2.028226
2.158337
2.109310
2.279974
2.133211
2.346540
2.243477
2.260859
1.919998
2.145833
2.239552
2.153478
2.029731
2.217866
2.076797
2.438292
2.200934
2.141724
2.298128
2.347546
2.122706
1.989931
2.078243
2.219576
2.455151
2.043236
2.137492
2.101523
2.241028
2.449972
2.269859
2.213270
2.377959
2.069840
2.057150
2.492843
2.329837
2.122937
2.153127
2.111253
2.018909
2.020046
2.024623
2.351563
2.115727
2.351542
2.198419
2.241867
2.376607
2.104170
1.998366
2.232851
2.043379
2.061800
2.173416
2.078984
2.078370
2.442672
1.990886
2.156661
2.308543
2.159149
2.066332
1.953506
1.988338
2.209878
2.023180
1.915453
2.173590
2.041156
2.154834
2.348957
2.150468
2.331802
2.023895
2.047499
2.333211
2.105907
2.210555
2.149758
2.024647
2.006930
2.211529
2.363643
2.161314
2.121087
1.984603
2.033111
2.365720
2.322494
2.113678
2.210147
2.272768
2.263291
1.945034
2.075586
1.976234
2.150611
2.114210
2.276211
2.106361
2.459831
2.363251
2.264312
2.168220
2.190754
2.224420
2.282540
2.168226
2.238827
2.146597
2.330002
2.256682
2.127017
2.132770
2.287450
2.026954
1.992358
2.119673
2.218043
2.355038
2.048201
2.243813
2.078901
2.226853
2.324630
2.127564
2.151536
2.283182
2.049137
2.164265
2.396462
2.289221
1.992317
2.291315
2.142498
1.879732
2.059632
2.105946
2.238208
2.068693
2.437658
2.197857
2.154414
2.382932
2.121006
2.027883
2.138335
2.168265
2.011698
2.190183
2.078915
2.074829
2.450113
2.041414
2.132762
2.306015
1.999563
2.049211
1.971767
1.922034
2.262929
2.027319
2.000826
2.194284
2.063715
2.097132
2.376608
2.051783
2.385387
1.955280
2.006050
2.276494
2.154789
2.248786
2.153285
1.960703
2.073890
2.169362
2.347110
2.237484
2.232903
2.025223
2.002051
2.286786
2.218780
1.996450
2.259259
2.226733
2.067291
2.043235
2.184737
1.910748
1.997726
2.079049
2.207411
2.116562
2.338531
2.297827
2.246874
2.242629
2.237140
2.247977
2.232564
2.163729
2.306459
2.314025
2.271913
2.245067
2.114356
2.148740
2.302541
2.036178
2.067657
2.146367
2.102126
2.285519
1.939348
2.168590
2.071285
2.275482
2.253835
2.050325
2.056045
2.232109
2.052119
2.267194
2.345040
2.183922
1.948034
2.422488
2.103802
1.899304
2.185406
2.007275
2.285256
2.018608
2.416489
2.191620
2.061264
2.320577
2.183910
2.196698
2.162846
2.154199
1.947480
2.220606
2.176047
2.124688
2.329972
2.079278
2.084203
2.215179
1.873507
1.985116
2.018925
1.872142
2.213259
1.974634
2.064715
2.205422
1.967546
2.064148
2.266113
1.946523
2.256443
2.049512
1.981926
2.207261
2.157839
2.224369
2.086544
1.956972
2.063300
2.047584
2.257973
2.225113
2.250858
2.013371
2.030712
2.263771
2.228514
2.077372
2.280492
2.092910
2.067580
2.196829
2.253218
1.892463
1.942818
2.072592
2.151242
2.145475
2.241187
2.277781
2.282286
2.133676
2.164739
2.364972
2.101148
2.144682
2.365926
2.277085
2.240398
2.187425
2.137779
2.186796
2.333366
2.147265
2.218769
2.168195
2.011160
2.285064
1.847389
2.095842
2.045696
2.315176
2.276546
2.046626
2.126838
2.110016
2.014476
2.257750
2.284604
2.124988
1.976845
2.422184
2.091220
1.997347
2.253505
1.876296
2.391746
2.124758
2.315077
2.126473
2.083931
2.269677
2.171190
2.292027
2.133684
2.108061
1.933558
2.350224
2.266624
2.116258
2.309293
2.050393
2.101060
2.124589
1.849426
1.972456
2.052882
1.898596
2.215538
2.008714
2.120972
2.241682
1.884725
2.120357
2.059256
1.968125
2.134506
2.222658
1.969515
2.252932
2.166464
2.248907
2.090459
1.979918
2.154368
2.101056
2.301605
2.134761
2.234969
1.981435
1.940205
2.156457
2.174732
2.222963
2.224325
2.111857
2.182177
2.341343
2.173993
2.044328
1.970877
2.164245
2.077408
2.233391
2.153063
2.397220
2.220898
2.106152
2.039733
2.324382
2.073472
2.231813
2.377289
2.186801
2.195630
2.279402
2.240478
2.182380
2.227185
2.124506
2.333302
2.279024
1.922881
2.119320
1.876707
2.102246
1.991020
2.300913
2.257780
2.079919
2.302268
2.121741
2.050540
2.301668
2.236333
2.252037
1.932356
2.341594
2.199713
2.012509
2.255624
1.882643
2.374630
2.261208
2.316066
2.171816
2.100302
2.189660
2.135510
2.263763
2.023663
2.206502
1.901553
2.319319
2.208467
2.042406
2.271582
2.059605
2.081546
2.035481
1.885856
1.969669
2.088128
1.976957
2.199774
2.013227
2.284579
2.090909
2.150403
2.139684
1.981364
2.004709
2.166638
2.173288
2.044186
2.187027
2.287854
2.262317
2.140109
1.987448
2.269733
2.212782
2.376343
2.130154
2.366891
2.106718
1.894603
2.043048
2.000871
2.128441
2.100722
2.120404
2.114007
2.320700
2.044322
2.119385
1.994149
2.247528
1.894571
2.238929
2.141989
2.447243
2.167346
2.072483
1.974444
2.316719
2.183249
2.208302
2.319656
2.270942
2.186682
2.330197
2.171103
2.085722
2.161480
2.064638
2.348921
2.308897
1.795473
1.907735
1.946419
2.123433
1.975017
2.225226
2.075636
1.991604
2.377341
2.162606
2.019995
2.216729
2.179192
2.371526
1.885175
2.203836
2.170679
1.947928
2.240441
2.009234
2.320777
2.281484
2.209822
2.261272
1.972575
2.069049
2.039637
2.333573
2.059927
2.208377
1.924334
2.270486
2.190979
1.974274
2.270709
2.119373
2.095431
2.069668
2.022679
1.954609
2.135979
2.117974
2.132348
1.961159
2.382122
2.141415
2.342378
2.104642
1.972136
2.141651
2.179453
2.114597
2.117922
2.105225
2.335080
2.201769
2.220552
2.064890
2.270191
2.206946
2.355630
2.183062
2.480891
2.186073
1.985312
1.978114
1.919333
2.154300
2.077201
2.072031
2.036456
2.272574
2.169561
2.111679
2.068695
2.436725
1.804764
2.236382
2.158814
2.331674
2.179836
2.154495
1.991383
2.336218
2.225594
2.190895
2.260671
2.279667
2.168786
2.350512
2.043767
2.002954
2.267892
2.100754
2.317631
2.312751
1.835171
1.862601
1.994258
2.038529
1.973863
2.122668
1.925058
1.945069
2.384148
2.217522
2.044932
2.275534
2.097641
2.432132
2.036535
2.157658
2.049820
2.011694
2.328902
2.102298
2.346218
2.307401
2.080091
2.339834
1.942950
2.038388
2.072657
2.298424
2.098605
2.082911
1.936200
2.274458
2.189513
2.057976
2.319735
2.137015
2.128572
1.995378
2.060060
2.002924
2.129640
2.189029
2.029708
2.020286
2.381246
2.227462
2.288108
2.088663
1.850012
2.282952
2.051110
2.078121
2.108285
2.057231
2.318933
2.115470
2.237580
2.237975
2.316592
2.159688
2.426338
2.074523
2.398211
2.188363
2.099338
1.990053
2.007168
2.209005
2.115779
2.067883
2.129432
2.260590
2.295138
2.154921
2.134808
2.479816
1.801467
2.275325
2.140753
2.189106
2.250615
2.321478
2.044310
2.335693
2.208149
2.197857
2.058817
2.049388
2.183967
2.365675
2.011554
1.993534
2.325388
2.054071
2.337539
2.341121
1.894137
1.910481
2.020416
2.066469
1.993381
2.075456
1.889971
1.990324
2.340320
2.176529
2.133703
2.303476
2.001282
2.332359
2.185165
2.110914
2.099867
2.059893
2.369981
2.227926
2.363966
2.384550
2.041443
2.338590
1.993864
2.053665
2.129338
2.255900
1.980102
2.078862
2.009361
2.268891
2.158618
2.194431
2.291497
2.036885
2.182925
1.995474
2.078052
2.033031
2.299282
2.241489
2.089585
2.223540
2.294122
2.259419
2.244741
2.176861
1.701485
2.287911
1.925231
2.011990
2.089981
2.113327
2.370296
2.191672
2.260825
2.330428
2.380970
2.259226
2.444122
2.033899
2.254477
2.242205
2.150547
1.988916
2.078234
2.266030
2.138338
2.096527
2.157144
2.166135
2.242510
2.118195
2.187277
2.433103
1.874581
2.319367
2.131152
2.241951
2.266237
2.468159
2.129794
2.438180
2.146737
2.268623
1.824257
2.009006
2.190867
2.482269
2.049706
2.010412
2.292257
2.217953
2.336554
2.442971
1.966823
1.953408
2.077141
2.038436
2.138871
2.105960
1.991614
2.098081
2.373139
2.203025
2.221659
2.239077
2.039311
2.288766
2.104467
2.086333
2.220666
2.046668
2.367811
2.240505
2.253853
2.390105
2.064711
2.402692
1.970266
2.031863
2.073979
2.264950
1.875457
2.109350
2.097426
2.196177
2.194820
2.233053
2.225987
2.098108
2.231757
2.044392
2.095332
2.054561
2.444532
2.231679
2.198203
2.294256
2.252698
2.300948
2.306585
2.160495
1.679613
2.216439
1.895764
1.933766
2.142147
2.059614
2.333912
2.312231
2.223912
2.305184
2.399311
2.365305
2.394324
2.033959
2.146907
2.392752
2.145417
1.886274
1.994790
2.207636
2.178899
2.106256
2.235349
2.069018
2.183030
2.178676
2.281394
2.332078
1.941618
2.427216
2.149569
2.247646
2.268650
2.439003
2.257280
2.497264
2.079003
2.275923
1.747536
2.092981
2.089668
2.409394
2.104511
2.152024
2.265032
2.339735
2.377276
2.360817
1.920622
2.087037
2.094308
2.046942
2.226913
2.133626
2.077716
2.117433
2.380079
2.306030
2.281346
2.168099
2.031582
2.330904
2.021183
2.006145
2.252229
2.020780
2.317000
2.275299
2.191166
2.274950
1.977433
2.409747
1.889753
2.025893
2.026216
2.265692
1.997368
1.976753
2.081097
2.073454
2.303580
2.276778
2.259327
2.246638
2.266174
2.129297
2.020819
2.101266
2.454179
2.184242
2.250581
2.317905
2.143540
2.324427
2.203025
2.056516
1.754283
2.198791
1.908152
1.919346
2.135077
1.978413
2.274016
2.313752
2.140060
2.194947
2.386335
2.317043
2.397725
2.042520
2.101075
2.295397
2.192428
1.930737
1.912456
2.222055
2.273758
2.161181
2.303705
2.132641
2.232713
2.248776
2.376310
2.241849
1.950764
2.533966
2.171297
2.306042
2.368660
2.339689
2.213187
2.413489
2.044995
2.235545
1.880546
2.167813
1.945698
2.352762
2.168309
2.220400
2.280347
2.280342
2.348988
2.234684
1.998353
2.251759
2.081685
2.079562
2.147278
2.122752
2.027688
2.065915
2.377313
2.287140
2.381086
2.155751
2.044362
2.294953
2.146905
2.000697
2.305722
2.146265
2.255699
2.289268
2.269864
2.317066
1.980389
2.371830
1.815594
2.196041
2.098546
2.202857
2.125213
1.917924
2.043940
2.106960
2.260458
2.338622
2.391514
2.142498
2.259519
2.171471
1.954089
2.252581
2.386163
2.160974
2.251416
2.377452
2.159440
2.197988
2.251981
2.107033
1.802313
2.177250
2.003830
2.084097
2.150868
2.040147
2.272754
2.270585
2.129507
2.125290
2.326805
2.354362
2.482006
2.135665
2.190257
2.183326
2.273256
2.138695
1.981808
2.295658
2.340871
2.315104
2.241608
2.270850
2.241198
2.262827
2.423121
2.259231
1.964408
2.552159
2.181794
2.378543
2.363856
2.328977
2.234298
2.410879
2.074188
2.237053
1.901452
2.218673
1.855156
2.292892
2.240266
2.180833
2.271465
2.212820
2.292058
2.237468
2.155121
2.340265
2.222387
2.107940
2.136390
2.266777
2.029388
1.963919
2.380627
2.264254
2.413587
2.112590
2.072243
2.331246
2.368846
2.085990
2.340704
2.251499
2.213524
2.174549
2.281374
2.371489
2.037869
2.361294
1.875932
2.344468
2.111121
2.047105
2.157733
1.924850
2.224478
2.210571
2.167414
2.437325
2.410679
1.907034
2.258001
2.127353
2.064475
2.296254
2.281538
2.168658
2.358524
2.547919
2.145213
2.144174
2.293175
2.318284
1.836605
2.089358
2.053607
2.181648
2.189918
2.121833
2.230852
2.256181
2.070173
2.118039
2.275701
2.380081
2.367518
2.108542
2.301864
2.199982
2.253109
2.215444
2.100856
2.176596
2.310359
2.270498
2.277676
2.290384
2.181810
2.296100
2.362320
2.174681
1.960227
2.485524
2.088868
2.213787
2.250396
2.379552
2.289541
2.370442
2.081010
2.207053
1.882766
2.223354
1.901075
2.202496
2.170719
2.207185
2.221149
2.225280
2.216652
2.192074
2.158910
2.327975
2.279677
2.081818
2.175319
2.315975
2.105704
2.033805
2.282101
2.265445
2.380360
1.990500
1.960698
2.326724
2.288614
2.153059
2.247397
2.323534
2.148397
2.083953
2.109108
2.259781
2.059094
2.341938
2.014815
2.319650
2.028125
2.116580
2.218740
1.942639
2.357343
2.238103
2.136115
2.531981
2.319439
1.934062
2.225233
2.163083
2.217549
2.266317
2.221393
2.218140
2.456201
2.488003
2.122005
2.229760
2.263305
2.321523
1.953587
2.152699
2.028352
2.192648
2.202527
2.113190
2.098844
2.133407
2.020937
2.240274
2.239311
2.282231
2.106331
2.093751
2.290646
2.272483
2.195303
2.241888
2.266204
2.151567
2.277461
2.267150
2.361450
2.152355
2.227747
2.368708
2.238249
2.079701
2.008735
2.389370
2.104608
2.090784
2.062996
2.443955
2.162440
2.308466
2.087347
2.138415
2.032543
2.207006
2.025243
2.067254
2.198907
2.247308
2.323852
2.176512
2.246904
2.093386
2.146075
2.439732
2.203813
2.014388
2.190846
2.204869
2.188023
2.119802
2.179605
2.183760
2.447325
1.992619
1.922086
2.283405
2.215119
2.247183
2.228774
2.382602
2.149185
2.117668
2.060016
2.160130
2.000803
2.216551
2.171766
2.302388
2.003493
2.284272
2.311676
1.948195
2.225225
2.137203
2.024284
2.532901
2.267065
1.968259
2.209620
2.215569
2.236025
2.188422
2.178706
2.166740
2.373391
2.355239
2.079436
2.329701
2.120631
2.249588
2.025679
2.182477
2.212662
2.216091
2.005535
2.229074
2.064485
2.001575
2.039194
2.170553
2.190751
2.213133
1.910689
2.221661
2.240673
2.312485
2.231768
2.291389
2.359160
2.186725
2.299828
2.342238
2.436694
2.115639
2.219603
2.340320
2.154298
2.136840
2.108250
2.237274
2.144641
2.047828
1.978278
2.439071
2.078026
2.172131
2.013218
2.093367
2.072127
2.165264
1.967268
2.013870
2.246652
2.184357
2.266904
2.206109
2.288367
2.090495
2.230325
2.466406
2.206041
2.083681
2.181550
2.144981
2.135533
2.130293
2.078025
2.077564
2.525019
2.074598
1.966971
2.182960
2.217181
2.373254
2.227696
2.286242
2.203921
2.200226
2.148983
2.173108
2.051060
2.122106
2.269439
2.356395
2.045814
2.386103
2.331525
2.048973
2.126240
2.140074
1.984829
2.401539
2.308951
1.883469
2.290824
2.222504
2.240698
2.214540
2.117803
2.116041
2.288498
2.380747
2.133697
2.267572
2.062805
2.322052
2.171619
2.255434
2.470355
2.359657
1.947165
2.272825
2.062629
1.974340
2.163685
1.961950
2.189034
2.247918
1.884880
2.330767
2.264497
2.418793
2.268919
2.347697
2.337421
2.171975
2.304015
2.416652
2.439996
2.185801
2.159959
2.391086
2.177816
2.285154
2.243509
2.117759
2.199070
2.005656
1.981292
2.413491
2.143618
2.142801
2.073611
2.189631
2.187189
2.221422
2.008630
1.962784
2.312226
2.194492
2.085863
2.231018
2.353322
2.162783
2.355532
2.300425
2.257248
2.100932
2.286186
2.240657
2.162192
2.123924
1.978717
2.118174
2.431839
2.038586
2.125095
2.176730
2.246422
2.374669
2.217182
2.181235
2.178906
2.203167
2.241908
2.261666
2.257518
2.151962
2.343254
2.374928
1.996398
2.378874
2.324588
2.099483
2.262978
2.113521
2.012720
2.290268
2.333790
1.964653
2.311497
2.210655
2.250012
2.275102
2.173460
2.140040
2.226397
2.439414
2.247244
2.249315
2.078196
2.423566
2.265478
2.223063
2.447905
2.513600
2.002360
2.230578
2.025740
2.006825
2.197788
1.852691
2.009744
2.268345
1.921014
2.263355
2.278172
2.525136
2.378570
2.337566
2.279914
2.122402
2.210679
2.346532
2.431922
2.184231
2.204318
2.431713
2.297061
2.302282
2.435632
2.006054
2.252586
2.035069
2.002778
2.287265
2.217539
2.146170
2.179297
2.247626
2.332947
2.192785
2.158992
1.936753
2.224243
2.157554
1.970173
2.197112
2.311042
2.220022
2.317322
2.179088
2.248381
1.988544
2.368799
2.128802
2.210783
2.086980
1.921407
2.148501
2.402496
2.061766
2.152257
2.219651
2.260067
2.339484
2.199529
2.241576
2.084739
2.162927
2.206303
2.202015
2.315829
2.154474
2.367467
2.315126
2.085570
2.375688
2.414623
2.177613
2.379142
2.069993
2.121461
2.222072
2.328327
2.147570
2.293947
2.198785
2.262085
2.322081
2.213804
2.198508
2.272446
2.368862
2.217422
2.271051
2.108647
2.311337
2.209616
2.193407
2.372295
2.579014
2.033983
2.173393
2.011535
1.989673
2.271646
1.868085
1.970201
2.290909
1.862483
2.246779
2.303099
2.423402
2.349308
2.354886
2.324484
2.132356
2.243797
2.309120
2.390973
2.075359
2.137660
2.490958
2.369647
2.277688
2.481866
1.964896
2.289081
2.090161
2.092716
2.266749
2.127170
2.196630
2.239382
2.318790
2.471927
2.154315
2.195389
1.945028
2.166649
2.217008
1.997293
2.057375
2.282882
2.197151
2.348249
2.158230
2.224234
2.011108
2.315448
2.155711
2.215995
2.235579
1.906985
2.169341
2.402476
2.071323
2.213432
2.274238
2.260900
2.383373
2.204008
2.269274
2.225505
2.204895
2.290546
2.248939
2.244828
2.059174
2.391035
2.202072
2.186186
2.372795
2.431283
2.343475
2.291524
1.964698
2.210403
2.135668
2.345769
2.272561
2.272956
2.187302
2.252211
2.444510
2.310045
2.253930
2.324513
2.390511
2.210205
2.179183
2.114106
2.270583
2.361409
2.240145
2.543382
2.558467
2.083685
2.279108
2.105240
2.090978
2.276482
1.893743
2.073263
2.252587
1.895246
2.213319
2.336558
2.414671
2.247351
2.437703
2.384776
2.116219
2.205178
2.341970
2.312456
2.133441
2.083742
2.445104
2.430041
2.273047
2.488986
1.965910
2.333799
2.035947
2.140905
2.264765
2.140485
2.295701
2.280330
2.343904
2.478283
2.176155
2.156077
1.981412
2.202921
2.238373
2.115497
2.110130
2.314443
2.212360
2.384232
2.224132
2.278463
2.192546
2.332599
2.310212
2.246329
2.448568
1.961416
2.265024
2.449620
2.039975
2.345977
2.227352
2.287730
2.407091
2.168302
2.220751
2.340354
2.278784
2.336807
2.279945
2.314394
2.052744
2.351353
2.139892
2.255105
2.218443
2.341307
2.463948
2.334777
2.017266
2.193694
2.033788
2.326022
2.235458
2.270976
2.202642
2.159066
2.341898
2.406884
2.310449
2.407932
2.501181
2.181422
2.189467
2.171168
2.452083
2.533081
2.286286
2.551983
2.534127
2.116519
2.456220
2.133591
2.235213
2.232859
1.945318
2.193942
2.244931
1.982573
2.277696
2.332229
2.376969
2.162709
2.421951
2.349792
2.121170
2.071608
2.283461
2.331603
2.182484
2.174711
2.475288
2.493310
2.402412
2.556726
2.020260
2.419638
2.028578
2.180224
2.206339
2.242232
2.223848
2.351059
2.276694
2.386757
2.195481
2.234274
1.961536
2.234838
2.321394
2.160898
2.234473
2.342341
2.303666
2.440454
2.311821
2.350267
2.309605
2.378248
2.320820
2.314655
2.353918
2.053207
2.336030
2.477103
2.010508
2.349562
2.146835
2.251617
2.386952
2.087395
2.247344
2.256650
2.339273
2.257558
2.193372
2.299861
2.027698
2.362872
2.158634
2.247664
2.227486
2.351558
2.335037
2.457648
2.156869
2.290299
2.065082
2.260650
2.315910
2.318458
2.261038
2.111619
2.250962
2.436509
2.438974
2.357392
2.514231
2.157631
2.165905
2.256851
2.476073
2.482871
2.343940
2.421029
2.574569
2.254788
2.379995
2.082563
2.286888
2.234551
2.161010
2.223137
2.265733
2.043435
2.284421
2.420898
2.312389
2.202189
2.365026
2.328531
2.137206
2.037499
2.242879
2.368609
2.096783
2.365089
2.510963
2.469744
2.437468
2.501307
2.122639
2.578727
2.185694
2.190393
2.222221
2.284838
2.125307
2.414657
2.298390
2.346808
2.194642
2.337896
2.108331
2.313932
2.414786
2.169777
2.251857
2.251231
2.317561
2.435898
2.265155
2.392109
2.442721
2.368730
2.158278
2.350187
2.253960
2.244010
2.275674
2.454094
2.082846
2.259530
2.038552
2.311617
2.381172
2.179889
2.370137
2.187097
2.422954
2.230682
2.222405
2.241107
2.034490
2.369147
2.239546
2.372592
2.248145
2.344556
2.234482
2.481962
2.292728
2.359668
2.106099
2.249809
2.413932
2.374467
2.222843
2.130956
2.296230
2.383395
2.466012
2.271292
2.454964
2.217154
2.147170
2.246640
2.379082
2.343954
2.413914
2.324132
2.498115
2.374231
2.251102
2.033789
2.367883
2.246236
2.352934
2.203142
2.272243
2.124669
2.275261
2.473947
2.264700
2.309492
2.356243
2.243536
2.225819
2.183354
2.297451
2.323364
2.044481
2.388140
2.367206
2.426282
2.368109
2.300894
2.141776
2.527516
2.362225
2.132395
2.239974
2.360987
2.100197
2.430017
2.309404
2.438864
2.239519
2.338742
2.183560
2.364414
2.408974
2.161830
2.237849
2.173658
2.353703
2.469122
2.240054
2.425644
2.509397
2.364519
2.140722
2.429670
2.293738
2.271173
2.249489
2.372167
2.153419
2.259334
1.938447
2.385139
2.405813
2.322463
2.382334
2.261929
2.382572
2.241733
2.292723
2.260694
2.103959
2.341390
2.178146
2.430076
2.143809
2.320339
2.298324
2.549416
2.335913
2.453615
2.113507
2.197626
2.459856
2.421907
2.156397
2.277519
2.295338
2.350652
2.458730
2.236831
2.517253
2.347326
2.213610
2.214602
2.273007
2.311988
2.480440
2.216242
2.468790
2.458126
2.366825
2.166701
2.450849
2.243669
2.336112
2.205266
2.182018
2.276995
2.236938
2.473717
2.222256
2.367439
2.369802
2.170981
2.386309
2.277095
2.429818
2.244081
2.107940
2.299956
2.317587
2.285950
2.388319
2.187291
2.326195
2.447036
2.306743
2.138202
2.122239
2.405665
2.134932
2.403846
2.212354
2.381734
2.291816
2.298134
2.230011
2.436974
2.421249
2.131022
2.397261
2.297941
2.338395
2.491199
2.300859
2.449917
2.453516
2.359247
2.201867
2.554548
2.303942
2.257523
2.218886
2.298747
2.246658
2.333862
1.980335
2.308408
2.337871
2.431067
2.288647
2.443180
2.422800
2.322855
2.366933
2.338086
2.246084
2.258100
2.113198
2.405794
2.093051
2.253827
2.354351
2.593840
2.470387
2.438063
2.184017
2.199289
2.467825
2.349674
2.184148
2.308663
2.257098
2.372001
2.534256
2.240755
2.430576
2.319953
2.265717
2.140969
2.179627
2.431275
2.452832
2.062890
2.463110
2.466165
2.367133
2.326693
2.456585
2.216397
2.379216
2.257099
2.159265
2.298779
2.247977
2.343551
2.224654
2.274311
2.216396
2.089466
2.391321
2.353639
2.405365
2.274369
2.178349
2.257810
2.432877
2.249890
2.391127
2.138484
2.494328
2.415574
2.252884
2.150722
2.043119
2.348492
2.214161
2.346204
2.186590
2.422782
2.262883
2.396752
2.288457
2.461155
2.425883
2.160803
2.470425
2.406564
2.208056
2.436564
2.361059
2.385233
2.400036
2.307559
2.219606
2.520624
2.283299
2.228989
2.225062
2.332755
2.318452
2.326808
2.110358
2.267580
2.311066
2.412024
2.301737
2.438229
2.392560
2.197339
2.393321
2.396398
2.207761
2.223036
2.136244
2.356746
2.127414
2.232533
2.364563
2.569877
2.533457
2.342841
2.230390
2.128898
2.466170
2.318123
2.161087
2.330935
2.272998
2.353475
2.557219
2.148905
2.286869
2.410076
2.255186
2.155961
1.981951
2.439825
2.458771
2.090716
2.352733
2.418871
2.310769
2.328963
2.363841
2.195942
2.411596
2.323315
2.337964
2.295756
2.350096
2.370983
2.159261
2.213876
2.185667
2.044916
2.335553
2.340781
2.323240
2.158899
2.269912
2.259140
2.337281
2.180476
2.203464
2.103211
2.479136
2.213838
2.310076
2.098434
2.055637
2.250249
2.202343
2.247121
2.260534
2.433333
2.158231
2.412693
2.431219
2.530071
2.229492
2.181905
2.427276
2.305848
2.167063
2.323651
2.266538
2.527514
2.376441
2.248278
2.311325
2.498039
2.254703
2.187855
2.236767
2.360206
2.430299
2.268088
2.200090
2.342824
2.261800
2.265108
2.336162
2.329185
2.308766
2.126612
2.336507
2.356834
2.196014
2.299722
2.195683
2.395435
2.269491
2.342216
2.428299
2.685363
2.484897
2.370599
2.277707
2.228283
2.468313
2.344120
2.134529
2.300455
2.354182
2.323424
2.527167
2.139405
2.174701
2.464783
2.245979
2.337468
1.969138
2.445563
2.412609
2.251771
2.164051
2.456769
2.246774
2.360660
2.434789
2.251575
2.384278
2.445427
2.442367
2.320124
2.420415
2.466106
2.183928
2.176092
2.265214
2.194814
2.413066
2.352583
2.241295
2.037702
2.340420
2.307977
2.122054
2.127607
2.172828
2.035831
2.505648
2.117080
2.300077
2.179114
2.223427
2.200221
2.212757
2.289346
2.248068
2.278293
2.132710
2.273735
2.446440
2.491350
2.147050
2.224546
2.323503
2.276005
2.217278
2.245240
2.149689
2.603350
2.358492
2.198484
2.453643
2.602479
2.263824
2.156323
2.213433
2.273253
2.501817
2.225345
2.211404
2.379109
2.217100
2.169050
2.339084
2.414958
2.300459
2.167997
2.382290
2.398386
2.299703
2.397387
2.304085
2.391056
2.385090
2.468771
2.507039
2.642720
2.586232
2.401126
2.273292
2.298831
2.456179
2.328480
2.075288
2.369146
2.392446
2.337261
2.504841
2.161091
2.143288
2.380439
2.330439
2.357432
2.147686
2.441038
2.351716
2.106660
2.148329
2.434841
2.235734
2.369889
2.431001
2.324707
2.405660
2.450938
2.414836
2.372479
2.442508
2.287380
2.200363
2.271907
2.233950
2.260829
2.461303
2.311028
2.216285
1.952846
2.314032
2.371070
2.066793
2.114644
2.285946
2.059788
2.569353
2.075535
2.190830
2.346153
2.301834
2.161440
2.180594
2.353986
2.182602
2.188555
2.234016
2.281644
2.446165
2.399383
2.213335
2.339878
2.213870
2.335421
2.217656
2.166643
2.139315
2.475120
2.274097
2.137411
2.317491
2.537702
2.323171
2.197835
2.198160
2.205404
2.443446
2.097252
2.342746
2.350765
2.090257
2.219031
2.272444
2.466824
2.297727
2.181278
2.390071
2.405291
2.353868
2.303525
2.325270
2.374780
2.411354
2.459969
2.511005
2.466193
2.649403
2.421434
2.356028
2.261238
2.550994
2.315857
1.998159
2.459316
2.344231
2.377391
2.412303
2.181080
2.039740
2.291894
2.378873
2.328988
2.172848
2.467876
2.336789
2.125983
2.116106
2.310100
2.231752
2.366577
2.411525
2.409655
2.427986
2.347674
2.381402
2.354868
2.448669
2.086133
2.273298
2.366294
2.123052
2.194634
2.422786
2.269925
2.244259
2.009676
2.215541
2.309664
2.048599
2.209586
2.384251
2.081316
2.517034
2.001684
2.212677
2.500347
2.155125
2.143525
2.270548
2.451022
2.128938
2.271602
2.342347
2.363325
2.572617
2.411244
2.261937
2.380951
2.223697
2.380695
2.108327
2.096659
2.221136
2.405163
2.240882
2.096431
2.285280
2.532165
2.414249
2.325273
2.251157
2.252351
2.425420
2.094441
2.495907
2.255012
2.171202
2.185906
2.325479
2.521346
2.325485
2.229544
2.360579
2.426751
2.361785
2.165013
2.271231
2.456918
2.478915
2.365906
2.443135
2.278240
2.376542
2.408286
2.292869
2.193828
2.587556
2.356010
2.122635
2.504047
2.318701
2.466642
2.401444
2.156276
1.876111
2.324818
2.418512
2.429779
2.025181
2.429832
2.467533
2.340802
2.131363
2.298017
2.256420
2.349383
2.355635
2.548177
2.359143
2.289816
2.410430
2.341410
2.420070
2.191617
2.274560
2.385271
2.167551
2.221793
2.394578
2.201167
2.190421
2.114416
2.155110
2.349625
1.976118
2.276214
2.349196
2.106429
2.419938
2.058081
2.198775
2.456534
2.111774
2.206246
2.369754
2.455636
2.176855
2.387301
2.358094
2.280189
2.674921
2.293682
2.273151
2.215140
2.218173
2.377844
2.071438
2.101306
2.222001
2.449135
2.190240
2.073334
2.387586
2.513057
2.502471
2.375947
2.300656
2.194408
2.415162
2.135589
2.584903
2.200867
2.297642
2.142627
2.367645
2.471365
2.246121
2.267823
2.346044
2.525865
2.423293
2.140472
2.219582
2.469655
2.613117
2.363399
2.387089
2.275872
2.276673
2.387136
2.242753
2.297530
2.552845
2.456729
2.261621
2.392739
2.285750
2.452385
2.396341
2.221765
1.873798
2.328500
2.463765
2.473138
2.077436
2.483366
2.461626
2.417690
2.151357
2.466704
2.347546
2.380342
2.411566
2.555311
2.368135
2.331403
2.276558
2.491004
2.347947
2.230637
2.324515
2.406849
2.198374
2.401303
2.476806
2.088088
2.159524
2.130996
2.215618
2.488268
2.040051
2.397801
2.444869
2.180721
2.402832
2.169408
2.188723
2.595742
2.103147
2.288647
2.333392
2.397442
2.275051
2.356867
2.371954
2.280536
2.655955
2.240567
2.371659
2.317402
2.176077
2.371297
2.190162
2.089829
2.203452
2.358295
2.265368
2.065387
2.468460
2.477131
2.475372
2.383411
2.353010
2.119522
2.431530
2.104497
2.515975
2.321278
2.389673
2.120293
2.304599
2.416507
2.212615
2.226513
2.351229
2.608590
2.535916
2.206204
2.255446
2.498234
2.591581
2.287336
2.362448
2.301822
2.421973
2.344388
2.324921
2.325632
2.523437
2.524082
2.302812
2.409757
2.219011
2.381699
2.350839
2.266912
2.004492
2.261508
2.387114
2.475314
2.306714
2.406942
2.343655
2.397619
2.235764
2.553031
2.373417
2.307926
2.407114
2.488930
2.450754
2.314973
2.202059
2.506097
2.358640
2.205342
2.264330
2.369631
2.155783
2.443190
2.426128
2.126441
2.286960
2.060133
2.324955
2.506085
2.170703
2.428222
2.694868
2.288518
2.339809
2.170642
2.277084
2.694239
2.122982
2.237981
2.391297
2.340904
2.378363
2.228969
2.376079
2.360825
2.667352
2.140753
2.469156
2.432314
2.302929
2.358975
2.300582
2.163612
2.193321
2.296513
2.395618
2.100850
2.382904
2.323499
2.422506
2.450481
2.422150
2.094880
2.459715
2.227832
2.428100
2.362003
2.341828
2.227889
2.231827
2.342169
2.353965
2.180174
2.335475
2.540913
2.543421
2.258340
2.344775
2.532561
2.445930
2.218085
2.366760
2.193381
2.426159
2.311502
2.380648
2.338393
2.422550
2.408903
2.342738
2.537314
2.264195
2.268961
2.270749
2.305117
2.013722
2.179545
2.277985
2.487042
2.420539
2.355043
2.290991
2.516793
2.330259
2.512422
2.364913
2.195286
2.355399
2.406240
2.507019
2.239627
2.198612
2.319697
2.360355
2.259759
2.321785
2.370274
2.150467
2.296977
2.248577
2.234037
2.348778
2.082968
2.372334
2.433505
2.275964
2.348146
2.634732
2.362766
2.241193
2.187402
2.399518
2.543968
2.250264
2.172718
2.554503
2.434146
2.367689
2.160049
2.422585
2.437080
2.661702
2.126020
2.361609
2.427518
2.463547
2.322628
2.332679
2.173970
2.260219
2.275866
2.401929
2.215706
2.351215
2.228010
2.493864
2.558833
2.472561
2.118012
2.426600
2.295244
2.389455
2.324543
2.346915
2.310725
2.237440
2.219241
2.345749
2.153528
2.381277
2.523752
2.470064
2.242244
2.381063
2.531681
2.287974
2.215213
2.352580
2.149341
2.265677
2.350607
2.312827
2.300035
2.372478
2.284271
2.530897
2.458218
2.274397
2.218136
2.255737
2.360665
2.054571
2.131409
2.329188
2.440273
2.331497
2.275334
2.383183
2.500817
2.323538
2.491845
2.436295
2.201922
2.339040
2.377847
2.396748
2.283725
2.214669
2.321101
2.297976
2.292460
2.361265
2.379717
2.271840
2.255774
2.278964
2.234586
2.319225
2.234562
2.429777
2.460669
2.182576
2.291521
2.583232
2.455533
2.200149
2.256939
2.369902
2.421619
2.298078
2.218646
2.507045
2.517180
2.306732
2.153854
2.426977
2.401223
2.533528
2.297699
2.371820
2.425768
2.407347
2.340764
2.427404
2.188247
2.326411
2.139201
2.357823
2.305387
2.417958
2.271575
2.598211
2.579603
2.486173
2.184698
2.390258
2.264687
2.330440
2.317937
2.333134
2.327917
2.360399
2.194384
2.285038
2.268730
2.443190
2.490132
2.491588
2.196965
2.342028
2.511096
2.139765
2.254129
2.276300
2.164029
2.260153
2.344236
2.176280
2.357689
2.320704
2.254416
2.615299
2.307110
2.245442
2.196201
2.276308
2.339503
2.058211
2.091010
2.306725
2.395004
2.337284
2.228140
2.414226
2.498377
2.318006
2.471677
2.466238
2.139871
2.483965
2.394868
2.351336
2.280980
2.147070
2.366621
2.287422
2.303268
2.341054
2.465363
2.304404
2.255466
2.334880
2.307503
2.352873
2.386801
2.364089
2.417336
2.166670
2.249695
2.634801
2.486543
2.168254
2.261040
2.415763
2.327147
2.230051
2.278382
2.398222
2.485494
2.350900
2.197149
2.453771
2.398112
2.348433
2.407508
2.421579
2.344047
2.426371
2.302554
2.505616
2.234235
2.255127
2.099122
2.443139
2.277534
2.418682
2.270884
2.496800
2.573981
2.469552
2.098098
2.377387
2.303823
2.316408
2.298548
2.337051
2.423307
2.388854
2.171644
2.260438
2.344811
2.405399
2.437280
2.563166
2.187196
2.340613
2.398009
2.092824
2.259653
2.264170
2.162672
2.351887
2.251134
2.186079
2.426324
2.256584
2.262553
2.613144
2.376700
2.165593
2.246662
2.214847
2.246972
2.111803
2.263137
2.230844
2.324004
2.445713
2.166822
2.405638
2.512941
2.398380
2.326022
2.380956
2.133319
2.516000
2.285403
2.322317
2.246079
2.234914
2.350081
2.282331
2.257059
2.319570
2.682054
2.322432
2.177507
2.187877
2.450033
2.293923
2.392851
2.367189
2.291917
2.250181
2.100073
2.460059
2.436273
2.034031
2.227156
2.556485
2.269909
2.209345
2.324126
2.290283
2.426623
2.267611
2.290510
2.476518
2.466683
2.300557
2.377622
2.366846
2.211711
2.410131
2.195408
2.508468
2.214153
2.337907
2.204554
2.525163
2.382491
2.388252
2.168306
2.482894
2.371114
2.452574
2.059761
2.406817
2.432171
2.277253
2.350273
2.413332
2.433602
2.384996
2.100776
2.179476
2.348269
2.355633
2.356925
2.453377
2.258718
2.377792
2.360138
2.089101
2.272657
2.232527
2.218226
2.244547
2.250514
2.201007
2.400287
2.193973
2.157126
2.510528
2.499147
2.217865
2.291491
2.187502
2.247285
2.182940
2.364489
2.274256
2.239318
2.373422
2.112662
2.409773
2.454667
2.353964
2.282585
2.339714
2.342720
2.407598
2.154394
2.146952
2.166474
2.132952
2.353820
2.276868
2.150392
2.178568
2.583751
2.418152
2.121046
2.161490
2.507723
2.158284
2.275750
2.482970
2.225430
2.257025
2.017124
2.213056
2.392913
1.985478
2.220313
2.535937
2.193874
2.309428
2.299082
2.202156
2.439108
2.239352
2.213078
2.379217
2.425128
2.244429
2.322476
2.363602
2.152528
2.385217
2.195640
2.531577
2.203052
2.359054
2.249823
2.412402
2.445776
2.356585
2.112880
2.480338
2.173357
2.301670
2.105055
2.533423
2.469924
2.209899
2.453933
2.418185
2.423157
2.412788
2.059217
2.111513
2.350241
2.332257
2.308033
2.314746
2.238660
2.413324
2.347441
2.134885
2.307265
2.297808
2.142524
2.135376
2.281708
2.248977
2.379770
2.172129
2.128079
2.466570
2.398769
2.313546
2.296936
2.218508
2.294378
2.201670
2.366995
2.330215
2.189631
2.205264
2.169484
2.327918
2.241948
2.260002
2.258719
2.390917
2.504495
2.228095
2.184337
2.164316
2.114793
2.103643
2.288982
2.265505
2.030388
2.030428
2.408615
2.390715
2.193363
2.276999
2.507181
2.211923
2.457069
2.437410
2.225721
2.270657
2.132928
2.080539
2.385143
1.954050
2.382724
2.469521
2.121767
2.343241
2.409228
2.214096
2.348041
2.345040
2.221124
2.325694
2.393186
2.165434
2.291756
2.217068
2.302649
2.291435
2.202322
2.437600
2.256583
2.342545
2.228471
2.337020
2.468960
2.308454
2.058866
2.301129
2.131755
2.173476
2.186550
2.438151
2.400488
2.130306
2.455789
2.340316
2.421239
2.412621
2.048901
2.139255
2.390220
2.280407
2.226995
2.236642
2.201033
2.387885
2.302706
2.170740
2.409805
2.404147
2.102340
2.154796
2.347325
2.344302
2.381579
2.128039
2.174865
2.425552
2.272215
2.223534
2.214654
2.224776
2.351533
2.254080
2.438594
2.277642
2.124336
2.239407
2.118115
2.236876
2.108200
2.259232
2.210167
2.315070
2.499998
2.220725
2.298922
2.191938
2.147627
2.168671
2.100357
2.311583
1.981076
2.085998
2.322403
2.341425
2.273296
2.285002
2.443037
2.330659
2.569116
2.336866
2.100816
2.271256
2.217556
2.040590
2.406016
1.967019
2.316726
2.503735
2.124983
2.364427
2.512415
2.341367
2.161751
2.479327
2.335438
2.310544
2.444247
2.164395
2.370983
2.179169
2.449515
2.264253
2.140858
2.287522
2.393240
2.307935
2.220796
2.376354
2.461294
2.310031
2.107856
2.166626
2.207132
2.173148
2.185421
2.339694
2.371363
2.150179
2.328929
2.306687
2.253529
2.360811
2.068497
2.199446
2.497001
2.212730
2.112542
2.145192
2.230939
2.355924
2.196881
2.164773
2.362169
2.254514
2.121417
2.188326
2.298087
2.401125
2.343145
2.143997
2.124506
2.321661
2.260444
2.157724
2.216262
2.183626
2.277745
2.332977
2.436659
2.300248
2.105183
2.300543
2.066151
2.177683
2.126364
2.279692
2.242060
2.160402
2.470464
2.306884
2.278008
2.123490
2.195601
2.140705
2.053894
2.325447
2.123689
2.123244
2.217710
2.411346
2.338136
2.243448
2.265080
2.277680
2.559220
2.335159
2.021296
2.287847
2.254888
1.860629
2.380056
1.978848
2.204979
2.412113
2.188805
2.331557
2.529244
2.219355
2.102871
2.368984
2.342627
2.228742
2.465994
2.095763
2.212127
2.209606
2.376206
2.315704
2.124983
2.202027
2.439572
2.346645
2.325678
2.263734
2.470585
2.276415
2.238475
2.130167
2.188897
2.153378
2.216960
2.289820
2.348875
2.163387
2.252196
2.364002
2.084901
2.280627
2.112254
2.257758
2.512524
2.110546
1.979943
2.107123
2.433269
2.471502
2.185521
2.237521
2.303799
2.155146
2.135424
2.238603
2.308897
2.364632
2.277486
2.179177
2.149600
2.362335
2.220548
2.334878
2.193831
2.167721
2.319188
2.487702
2.437809
2.447057
2.165176
2.335763
2.176294
2.064671
2.109734
2.203219
2.269974
2.148014
2.503515
2.264404
2.263272
2.203120
2.231757
2.040035
2.043459
2.366219
2.234912
2.113282
2.042819
2.497223
2.429059
2.228118
2.172143
2.143158
2.594496
2.384779
2.259101
2.334066
2.278614
1.814509
2.423748
2.124201
2.352523
2.256974
2.296390
2.303784
2.538881
2.075431
2.144437
2.359392
2.324672
2.209135
2.458994
2.003314
2.056423
2.190249
2.394227
2.334307
2.207468
2.203282
2.398795
2.337779
2.353203
2.148406
2.453445
2.195631
2.184648
2.019580
2.091378
2.242761
2.305446
2.197236
2.350967
2.204164
2.346433
2.370542
2.214525
2.221145
2.171215
2.316402
2.372998
2.073610
2.009739
2.183058
2.584111
2.426200
2.175327
2.216477
2.257566
2.228380
2.107311
2.201042
2.257008
2.353026
2.173283
2.221241
2.267244
2.362184
2.219775
2.485357
2.124247
2.058966
2.343903
2.634004
2.444404
2.379365
2.307919
2.418756
2.314164
2.027168
2.022252
2.093340
2.129141
2.083955
2.445647
2.158748
2.397687
2.305329
2.280393
2.102545
2.039018
2.291070
2.095315
2.126752
1.952815
2.464923
2.480082
2.296673
2.318879
2.136068
2.484237
2.444143
2.215635
2.334554
2.271892
1.933814
2.356814
2.191459
2.508881
2.267408
2.325405
2.336378
2.506997
2.046342
2.227359
2.470467
2.334604
2.255707
2.352568
2.010145
2.094965
2.242879
2.493748
2.321893
2.273859
2.218430
2.306932
2.338182
2.282084
2.182052
2.398122
2.192156
2.050859
1.927241
2.088771
2.269782
2.314680
2.047548
2.457882
2.194920
2.300881
2.292193
2.372746
2.109257
2.179089
2.293808
2.222019
2.067524
2.058644
2.298459
2.521395
2.308006
2.151599
2.204158
2.178929
2.343490
2.100910
2.050482
2.169402
2.394755
2.191306
2.273851
2.350452
2.348153
2.292698
2.454262
2.216609
2.017151
2.382613
2.696775
2.381113
2.228088
2.386237
2.456202
2.291032
2.128169
2.037661
2.192685
2.016368
2.038703
2.380086
2.166018
2.414159
2.344700
2.376988
2.239739
2.072540
2.299886
2.111041
2.161217
2.149373
2.480690
2.585617
2.238651
2.350126
2.203157
2.360511
2.483528
2.089646
2.258639
2.278283
1.999773
2.389467
2.099076
2.461482
2.257379
2.319164
2.455141
2.294902
2.187044
2.161056
2.351696
2.314452
2.163520
2.337506
2.021984
2.138607
2.309348
2.264915
2.438322
2.270550
2.154738
2.339045
2.412761
2.336282
2.258592
2.394944
2.178505
1.956752
1.937953
2.264402
2.278884
2.314649
2.105927
2.463203
2.259639
2.088810
2.220347
2.444158
2.139541
2.181786
2.377141
2.255795
2.052606
2.098997
2.288888
2.477249
2.275462
2.128378
2.204821
2.162707
2.292459
2.153910
1.860121
2.174420
2.358724
2.189542
2.318139
2.254922
2.328919
2.244780
2.299629
2.205592
2.034608
2.411173
2.562667
2.283808
2.232002
2.427635
2.256115
2.246126
2.030852
2.011748
2.295100
2.116389
1.977261
2.431810
2.162117
2.315415
2.387055
2.493544
2.283537
2.256692
2.206158
2.215216
2.238584
2.236248
2.472253
2.520637
2.198172
2.194842
2.254811
2.324558
2.460012
2.125071
2.303638
2.349947
1.882680
2.380009
2.110782
2.504111
2.238697
2.306852
2.517878
2.170323
2.139996
2.099084
2.241003
2.274142
2.063068
2.293033
2.004074
2.151175
2.381425
2.113551
2.441035
2.230156
2.058575
2.330915
2.487456
2.385189
2.238241
2.392258
2.202194
1.980208
1.995720
2.278377
2.260014
2.327706
2.225919
2.332775
2.268619
2.054476
2.091227
2.437932
2.181854
2.203354
2.441289
2.318833
2.048752
2.059969
2.188013
2.595288
2.312455
2.088828
2.195691
2.202062
2.180761
2.129986
1.835038
2.212789
2.253092
2.200504
2.337152
2.279213
2.292420
2.120243
2.309792
2.150726
2.060494
2.351884
2.568734
2.313509
2.308453
2.351978
2.177205
2.340613
1.795725
1.975258
2.154220
2.222937
1.958757
2.436522
2.080183
2.209833
2.410719
2.506210
2.308553
2.296382
2.204206
2.168893
2.337142
2.159110
2.429404
2.498122
2.225381
2.184533
2.306452
2.410466
2.509002
2.289245
2.356071
2.340849
1.871043
2.402325
2.199516
2.563502
2.308512
2.238594
2.529148
2.234168
2.031964
2.107711
2.283854
2.226451
2.125816
2.237774
2.014399
2.176018
2.289541
2.141589
2.411052
2.194816
2.128922
2.263575
2.364171
2.255575
2.305003
2.331743
2.188500
2.068998
2.021335
2.258350
2.293572
2.371226
2.198699
2.341832
2.337330
2.044523
1.961478
2.500396
2.128690
2.228987
2.402955
2.130611
2.081412
2.086703
2.219386
2.550956
2.314229
2.026965
2.287578
2.073512
2.293587
2.051953
1.979757
2.144452
2.285199
2.184943
2.326565
2.353033
2.229820
2.192210
2.399797
2.099087
2.126642
2.332181
2.516753
2.410518
2.188268
2.432440
2.165857
2.448206
1.774749
2.080929
2.149079
2.209929
1.952871
2.338721
1.984269
2.186984
2.407939
2.435716
2.371744
2.217448
2.194580
2.170722
2.422934
2.145198
2.352931
2.525754
2.247779
2.313007
2.345423
2.249138
2.475121
2.330902
2.323097
2.225717
1.939629
2.383277
2.267280
2.447101
2.365990
2.122912
2.531718
2.276531
2.134097
2.239584
2.239563
2.203081
2.238418
2.323115
2.041665
2.193694
2.139636
2.216762
2.355366
2.176423
2.155847
2.279084
2.253151
2.161767
2.323814
2.245545
2.107144
2.015567
2.042785
2.360358
2.252019
2.250296
2.124673
2.443354
2.512144
1.937151
1.878673
2.500971
2.110170
2.262745
2.414246
2.084616
2.173297
2.075205
2.205408
2.414649
2.305751
2.029649
2.315641
1.993209
2.280103
2.034544
2.056208
2.020073
2.324351
2.126117
2.265391
2.247389
2.152543
2.298022
2.354082
2.092913
2.206220
2.325829
2.369654
2.268290
2.201837
2.395139
2.161728
2.280021
1.874732
2.114710
2.187922
2.218617
2.011694
2.338836
2.000729
2.161647
2.359255
2.339147
2.299351
2.283748
2.230646
2.204922
2.447700
2.077823
2.287094
2.477540
2.192445
2.240040
2.266756
2.150824
2.435110
2.250703
2.279343
2.113295
2.043325
2.298279
2.269642
2.308563
2.231771
2.172285
2.411548
2.199582
2.242779
2.267128
2.175531
2.191113
2.174481
2.271949
1.974552
2.213521
2.111736
2.200415
2.305082
2.218034
2.156458
2.345209
2.262819
2.111546
2.223652
2.235316
2.028308
1.946380
2.058258
2.347800
2.109028
2.169949
2.033886
2.358702
2.542278
1.892951
1.994081
2.419042
2.192358
2.320464
2.356584
2.235178
2.251389
2.065601
2.117621
2.389780
2.347321
2.046948
2.292736
2.034244
2.144369
2.024582
2.100054
2.033873
2.288303
2.025520
2.232441
2.175615
2.144897
2.249987
2.271798
2.052239
2.213592
2.228315
2.192696
2.118450
2.267329
2.343924
1.999590
2.181501
1.977843
2.142421
2.176137
2.243299
2.078143
2.330809
2.013427
2.209737
2.401700
2.379872
2.249151
2.413399
2.245054
2.185512
2.324334
2.023327
2.194212
2.355862
2.253892
2.130171
2.368710
2.316897
2.287144
2.179890
2.344135
2.178463
2.174044
2.233392
2.342262
2.306806
2.261133
2.271868
2.209133
2.302328
2.243136
2.080564
2.154836
2.196308
2.133831
2.172005
1.902182
2.294345
2.112518
2.249761
2.282703
2.247296
2.139092
2.362183
2.261033
2.032235
2.203315
2.263361
2.070175
2.006730
2.068733
2.281809
2.065907
2.186334
2.043790
2.249465
2.480182
1.975346
2.187552
2.396432
2.270751
2.385947
2.308552
2.388242
2.200722
2.222314
2.091851
2.289599
2.273838
2.060435
2.315088
2.141858
2.189073
1.937302
2.191679
2.119385
2.256333
2.010543
2.192314
2.190863
2.129174
2.136812
2.103423
2.000226
2.164459
2.203538
2.112672
2.261775
2.177102
2.317110
1.874164
2.198083
2.017444
2.072769
2.019292
2.166600
2.155942
2.303577
2.041123
2.184872
2.395755
2.319944
2.255311
2.395815
2.187575
2.189248
2.270525
2.045346
2.101708
2.276336
2.245955
2.123483
2.374825
2.371204
2.219234
2.153451
2.396605
2.169003
2.181875
2.217786
2.423927
2.267334
2.279985
2.245414
2.131721
2.389232
2.211279
1.862502
2.153564
2.195487
2.246248
2.184802
1.942540
2.339040
1.996624
2.271267
2.237334
2.169862
2.182115
2.293059
2.094583
1.993039
2.250183
2.259669
2.150150
2.044718
2.103548
2.271207
2.233091
2.219234
2.000789
2.155827
2.465989
2.080363
2.278614
2.262459
2.290054
2.420938
2.230620
2.356833
2.169912
2.240779
2.011514
2.204554
2.209480
1.964836
2.355179
2.098233
2.257206
1.928532
2.308137
2.138521
2.279181
2.156962
2.139063
2.220964
2.225016
2.099316
2.068426
2.089147
2.275709
2.270554
2.065984
2.387707
2.125968
2.270004
1.988869
2.117663
2.088617
2.002590
1.960638
2.089269
2.207125
2.241696
2.095222
2.175576
2.283727
2.246889
2.240971
2.436741
2.136296
2.300269
2.314919
2.025296
1.999749
2.242942
2.216906
2.104174
2.282645
2.126889
2.355706
2.171906
2.374405
2.238428
2.136208
2.164461
2.337877
2.158623
2.151739
2.238517
2.199345
2.423160
2.176127
1.824578
2.050545
2.123908
2.310564
2.256540
2.054875
2.233332
2.053925
2.220477
2.163774
2.214516
2.289483
2.261448
2.053064
2.001341
2.173114
2.193663
2.188778
2.010564
2.116917
2.277636
2.289166
2.249728
1.940172
2.165528
2.489081
2.141354
2.234523
2.028434
2.224548
2.413765
2.121318
2.231720
2.210137
2.097213
2.015846
2.261103
2.207810
1.964117
2.309603
1.996017
2.216133
2.077124
2.312136
2.194693
2.285432
2.214863
2.084012
2.138434
2.217481
2.026559
2.060296
2.240799
2.400341
2.179275
2.092678
2.274756
2.282969
2.162630
2.041325
2.085221
2.071043
2.049818
2.035604
2.121276
2.217520
2.283447
2.173382
2.142912
2.166879
2.198590
2.209970
2.622726
2.066783
2.378248
2.226025
1.981405
1.965870
2.219956
2.238032
2.045422
2.251163
2.108876
2.286627
2.231518
2.327328
2.325355
2.143573
2.066808
2.298407
2.114819
2.113512
2.315147
2.220357
2.313654
2.098623
1.900783
2.014395
2.059319
2.266724
2.219220
2.191557
2.179553
2.029964
2.330627
2.041315
2.266459
2.398473
2.190106
2.119541
1.955233
2.158313
2.184603
2.139639
2.039754
2.074086
2.252580
2.227724
2.235289
1.953399
2.202199
2.308330
2.172253
2.314228
1.932829
2.256226
2.327551
2.093089
2.171819
2.197163
2.030393
2.139383
2.183143
2.195928
2.045442
2.189973
2.011107
2.295226
2.047182
2.288337
2.377460
2.151319
2.080420
2.046044
1.958295
2.146510
1.891504
2.068965
2.275211
2.342175
2.081034
2.120436
2.156177
2.384299
2.178009
2.056557
2.148336
2.153313
2.277643
2.079554
2.096712
2.223677
2.250238
2.228414
2.187098
2.174270
2.137209
2.276135
2.501176
2.018129
2.357920
2.147732
2.043321
2.001882
2.149078
2.266376
2.092423
2.192745
2.204246
2.160349
2.145306
2.229438
2.358508
2.149198
2.024186
2.264895
2.150047
2.262215
2.325532
2.255745
2.231129
2.102023
1.952381
2.192440
2.141876
2.206252
2.068471
2.316213
2.164514
1.972012
2.401404
1.914808
2.203259
2.344657
2.238548
2.189276
1.991189
2.161674
2.220376
2.174310
2.168246
2.070130
2.220041
2.309918
2.196217
2.076551
2.234766
2.140005
2.198157
2.426654
2.008521
2.184800
2.260351
2.004337
2.231112
2.258067
2.054035
2.175184
2.069561
2.034983
2.029091
2.140856
2.155181
2.343559
1.943106
2.239955
2.455356
2.081776
2.171314
2.128357
1.896374
2.179017
1.898172
1.975841
2.247446
2.214805
2.190085
1.968067
2.148061
2.269951
2.226288
2.099056
2.247422
2.280113
2.305025
2.050428
2.119859
2.275196
2.162153
2.251699
2.271498
2.214365
2.059823
2.244179
2.343366
2.062615
2.303001
2.151011
2.239544
2.045667
2.097743
2.219446
2.092049
2.210286
2.197445
2.148096
2.005463
2.158788
2.223972
2.204216
2.044451
2.242928
2.216395
2.285804
2.246138
2.222754
2.274284
2.167249
2.041535
2.304695
2.248156
2.182295
1.983896
2.372072
2.225246
2.028435
2.302076
1.935750
2.158884
2.281610
2.166007
2.134818
2.015449
2.117573
2.220366
2.239586
2.221605
2.108368
2.274075
2.342281
2.275662
2.162661
2.233600
2.113670
2.164683
2.469990
1.997576
2.062008
2.234444
1.971887
2.318337
2.344034
2.196077
2.189850
1.978642
2.012434
2.015853
2.203178
2.163348
2.267184
2.000610
2.231712
2.374095
2.161508
2.189801
2.180809
1.915982
2.282433
1.930638
1.939442
2.305320
2.241453
2.207323
1.782295
2.127374
2.099262
2.220405
2.147300
2.150089
2.351539
2.206464
2.147705
2.157735
2.270535
2.047639
2.260962
2.314573
2.291401
2.127715
2.265598
2.346481
2.182056
2.330508
2.210639
2.270656
2.030637
2.046036
2.034851
2.156006
2.176600
2.063014
2.139206
2.035824
2.135316
2.199226
2.302074
1.988627
2.222012
2.160521
2.149387
2.233229
2.137196
2.212905
2.245631
2.103085
2.219995
2.306480
2.109925
2.054064
2.306926
2.150014
2.171033
2.303381
2.052421
2.188656
2.334396
2.178932
2.112383
2.092858
2.158133
2.114992
2.245155
2.170826
2.142696
2.279478
2.318692
2.350230
2.226585
2.170864
2.115884
2.145373
2.384644
1.952592
2.110123
2.169962
2.016996
2.250407
2.313609
2.255184
2.180024
2.110959
1.983058
2.059754
2.136303
2.188684
2.226301
2.183067
2.262016
2.335167
2.198298
2.163230
2.065998
1.965469
2.278808
2.086570
2.075979
2.271739
2.219759
2.051497
1.865731
2.054363
2.145815
2.220034
2.181355
2.191840
2.407237
2.269945
2.324102
2.083979
2.283319
2.029531
2.254813
2.234634
2.329662
2.174240
2.344119
2.322669
2.193397
2.349638
2.173790
2.292337
2.116579
2.107267
1.982429
2.254262
2.178889
1.979785
2.056236
2.131865
2.099463
2.249802
2.284617
2.039366
2.225015
2.073799
2.232928
2.153275
2.237419
2.190445
2.277997
2.191034
2.216991
2.221206
2.110880
2.193123
2.333762
2.026899
2.253047
2.358359
2.138279
2.154201
2.357305
2.272369
2.171791
2.207538
2.236842
2.003030
2.219392
2.187433
2.259026
2.184036
2.172639
2.303808
2.276680
2.185544
2.016612
2.266321
2.294084
2.048393
2.146752
2.129811
2.004617
2.203720
2.362302
2.262334
2.229412
2.064893
1.934759
2.159706
2.051712
2.206535
2.283008
2.253582
2.297051
2.292598
2.120157
2.105667
1.928173
2.010551
2.186004
2.200307
2.185961
2.169840
2.115058
2.072180
2.001594
2.057216
2.244130
2.160484
2.309009
2.282611
2.483322
2.345467
2.339534
2.032399
2.266057
2.035124
2.198762
2.176820
2.319479
2.114952
2.388032
2.178924
2.054052
2.338110
2.123259
2.489663
2.264351
2.176510
1.909347
2.221521
2.249098
1.906437
2.099555
2.064297
1.980580
2.189158
2.331485
2.111790
2.141009
2.073440
2.274900
2.103103
2.309928
2.189572
2.369733
2.397264
2.131781
2.214267
2.188611
2.228155
2.411321
1.998598
2.310166
2.233372
2.097668
2.179527
2.262347
2.271089
2.089801
2.293561
2.312874
2.021760
2.216119
2.194453
2.255900
2.128617
2.072332
2.225673
2.372377
2.314408
1.871866
2.295428
2.253211
2.158116
2.153836
2.181494
1.971513
2.170564
2.407277
2.287985
2.312699
2.010132
1.899845
2.234451
2.016486
2.221122
2.249706
2.300548
2.284227
2.280474
2.091054
2.146574
1.903404
1.965558
2.063596
2.277178
2.165431
2.125571
2.169496
2.215834
2.030174
2.048380
2.210984
2.159662
2.314924
2.238869
2.589199
2.283728
2.329926
2.053969
2.318916
2.092334
2.169475
2.151662
2.293618
2.129575
2.309133
2.164357
2.046107
2.302056
2.162851
2.591629
2.220981
2.077852
1.922077
2.198689
2.209019
1.922508
2.092827
2.151011
1.968292
2.165191
2.359327
2.126466
2.066147
2.085305
2.137760
2.095098
2.279931
2.131213
2.449315
2.453829
2.081320
2.182104
2.130459
2.097095
2.403128
2.068904
2.437591
2.113669
2.186514
2.268861
2.178671
2.232115
2.005513
2.372364
2.257808
2.019204
2.242864
2.210990
2.183938
2.101444
2.041935
2.115506
2.425917
2.327830
1.888502
2.303171
2.141410
2.256625
2.060368
2.193955
2.044647
2.143229
2.402529
2.332910
2.373687
2.044342
1.986980
2.296479
2.043027
2.198349
2.153475
2.318091
2.306424
2.199424
2.139380
2.234352
2.020221
1.975325
2.062310
2.321026
2.281852
2.126917
2.230579
2.154035
1.955919
2.016313
2.124073
2.109315
2.269338
2.149773
2.577831
2.184528
2.428255
2.150945
2.301797
2.089699
2.096970
2.114400
2.210881
2.212425
2.303713
2.143666
2.256420
2.089124
2.227728
2.523970
2.092732
1.949617
1.927378
2.205936
2.106591
2.117363
2.048601
2.283458
2.016146
2.263718
2.367357
2.105732
2.114019
2.027637
2.065910
2.101512
2.179966
2.024988
2.294197
2.440174
2.121548
2.129306
2.126209
2.121400
2.333445
2.076886
2.454691
2.094851
2.267342
2.185976
2.114339
2.113860
2.077302
2.284776
2.220032
2.036248
2.342083
2.339510
2.256765
2.039757
1.991226
1.951678
2.438902
2.219446
1.922878
2.287755
2.034722
2.239394
2.104518
2.171658
2.100135
2.046167
2.379678
2.330654
2.363950
2.093608
1.999784
2.354217
2.137719
2.272932
2.098318
2.354407
2.201176
2.212601
2.127142
2.266407
2.039656
2.059971
2.110273
2.422609
2.396603
2.144471
2.183630
2.135997
1.966097
1.937973
2.066612
2.066819
2.156528
2.150803
2.549539
2.266730
2.522158
2.238802
2.307215
2.169708
2.000363
2.054301
2.029302
2.188670
2.237764
2.010296
2.391757
2.046267
2.250630
2.455277
2.115998
1.960996
2.009600
2.192984
2.047983
2.099871
2.057378
2.341045
2.067754
2.219498
2.279989
2.184117
2.289067
1.943783
2.141499
2.115996
2.155240
1.984615
2.254413
2.434429
2.192230
2.194698
2.195825
2.284707
2.188125
2.104876
2.300136
2.119827
2.316007
2.089751
2.069878
2.014620
2.201850
2.279699
2.202171
2.123724
2.356231
2.498609
2.377411
1.938332
2.042426
1.934382
2.483518
2.230392
2.102920
2.225133
1.942437
2.284536
2.194965
2.154196
2.107800
1.981144
2.414688
2.338734
2.376572
2.026070
2.048121
2.416195
2.224182
2.421833
2.102940
2.411149
2.132743
2.183907
2.110185
2.289503
2.035297
2.239727
2.100671
2.457583
2.251580
2.193302
2.118440
2.221324
1.976810
1.937062
1.968089
1.961840
2.174593
2.231883
2.499273
2.291716
2.431983
2.262767
2.414721
2.254032
1.957007
2.066020
1.971580
2.127957
2.017962
1.897837
2.467863
2.074908
2.197681
2.402706
2.091217
2.076004
2.129720
2.120988
1.972495
1.997358
2.093587
2.342084
2.112226
2.033932
2.207448
2.243561
2.290824
2.019933
2.091567
2.215511
2.099994
2.027039
2.283761
2.364920
2.264391
2.199849
2.234380
2.270164
2.102879
2.091935
2.268666
2.143160
2.281034
2.118216
2.074069
1.985516
2.087902
2.295518
2.106023
2.077766
2.330728
2.413145
2.352647
1.892383
2.091303
1.944139
2.412023
2.240317
2.120264
2.238473
1.907236
2.293072
2.206156
2.111793
2.093607
1.988334
2.388426
2.267186
2.383680
2.078039
2.210534
2.400590
2.266178
2.387117
2.058670
2.540635
2.123924
2.088246
2.117021
2.312288
2.179187
2.327942
2.109198
2.410315
2.188494
2.196485
2.200718
2.159972
2.023926
2.055677
2.064923
1.830763
2.245597
2.254983
2.392520
2.215931
2.338743
2.176627
2.332641
2.172433
2.051922
2.108499
1.928288
2.214661
1.817039
1.822691
2.524402
1.937593
2.166353
2.264143
1.956879
2.036814
2.290156
2.117322
1.928912
2.069409
2.129882
2.299379
2.104860
1.970425
2.230782
2.237267
2.294633
2.054382
2.039364
2.323193
1.958410
1.999126
2.309396
2.177045
2.247259
2.069791
2.111901
2.122716
2.157853
2.138245
2.348620
2.165058
2.281711
2.131572
1.981777
1.970160
1.995208
2.293685
1.963927
2.101441
2.217132
2.348674
2.304492
2.023162
2.029616
1.969295
2.285554
2.198606
2.056534
2.288969
1.987931
2.312047
2.258858
2.062537
2.187365
2.007491
2.220451
2.213091
2.430819
2.086733
2.272915
2.486997
2.250603
2.328090
2.039215
2.595495
2.257792
1.979043
2.196322
2.312640
2.349334
2.312319
2.068010
2.447727
2.246500
2.216720
2.188252
1.962903
2.073114
2.225972
2.193411
1.803155
2.260109
2.209943
2.277529
2.200544
2.267802
2.153877
2.194737
2.057183
2.114197
2.060880
1.823550
2.330174
1.898409
1.904075
2.522553
1.880494
2.147068
2.231784
1.983979
1.987373
2.309250
2.191940
2.062260
2.216164
2.107943
2.252445
2.102528
2.076091
2.258434
2.188183
2.332182
2.088774
2.143895
2.275321
1.882050
1.940233
2.309804
2.097290
2.217302
2.025768
2.052603
2.115135
2.269664
2.132240
2.211477
2.148791
2.303282
2.086931
1.893986
2.123296
2.068207
2.390986
2.066057
2.378597
2.151403
2.495966
2.346084
2.099597
2.026052
2.089326
2.211797
2.104272
2.125755
2.249731
2.006439
2.299017
2.320286
1.990071
2.283894
1.956997
2.198085
2.193179
2.351091
2.211610
2.238032
2.586114
2.220016
2.359791
2.044509
2.586183
2.335382
2.017028
2.209258
2.241517
2.360744
2.335360
2.061415
2.334753
2.189609
2.190017
2.230975
2.026910
2.148862
2.256352
2.253734
1.929061
2.206805
2.218933
2.234252
2.238723
2.157052
2.174440
2.212057
2.008615
2.099497
2.095371
1.828852
2.318711
2.002846
2.031060
2.403824
1.945505
2.164048
2.344143
2.150380
2.027719
2.321937
2.166844
2.076415
2.207410
2.106511
2.282584
2.141307
2.148420
2.211140
2.238732
2.242965
2.128011
2.177191
2.182936
1.929870
2.032806
2.234478
2.104032
2.233981
2.011232
2.101678
2.202165
2.309936
2.215098
2.104862
2.068512
2.297464
2.127582
1.960535
2.217340
2.073307
2.317751
2.194980
2.500428
2.091665
2.498723
2.423137
2.024534
2.182886
2.158267
2.152708
2.060470
2.286923
2.262834
1.915650
2.288839
2.223388
1.888608
2.315264
1.839354
2.202108
2.239175
2.244589
2.265937
2.235898
2.544671
2.193612
2.373594
2.059047
2.595298
2.423314
2.004326
2.173962
2.164779
2.413243
2.360919
2.131570
2.230079
2.149222
2.282614
2.388873
2.257109
2.168543
2.214605
2.183094
2.058581
2.300592
2.120590
2.183964
2.157629
2.172312
2.277104
2.256163
2.037599
2.215597
2.152963
1.982853
2.288503
1.939927
2.152210
2.346676
2.035609
2.273091
2.286663
2.214561
2.109423
2.503478
2.208851
2.065463
2.192037
2.125385
2.330079
2.192249
2.099112
2.264455
2.257572
2.104018
2.061238
2.110232
2.209200
2.034458
2.071239
2.111474
2.137653
2.320905
1.956569
2.132603
2.239082
2.334693
2.323706
2.216319
2.039639
2.274305
2.247950
2.100647
2.239042
2.054788
2.301801
2.126957
2.391890
2.018211
2.473785
2.358341
2.017752
2.195163
2.125163
2.002609
2.078293
2.228476
2.320525
1.884413
2.174340
2.195727
1.916638
2.416613
1.709795
2.120179
2.381583
2.331983
2.280693
2.252506
2.431071
2.116200
2.314540
2.123513
2.582428
2.463616
1.994264
2.096308
2.148552
2.539947
2.382332
2.182925
2.262312
2.253346
2.375034
2.368126
2.199079
2.206820
2.249416
2.164969
2.106068
2.400839
2.052915
2.178231
2.103604
2.309643
2.314158
2.176120
1.967201
2.413365
2.179693
2.112028
2.283669
1.913291
2.050859
2.349232
2.128667
2.314733
2.207323
2.217519
2.147407
2.513290
2.238174
2.073158
2.202163
2.140912
2.267253
2.194513
2.144978
2.390649
2.343253
2.072894
1.958642
2.185027
2.281434
2.089733
2.060242
1.977837
2.159620
2.283983
1.988292
2.149680
2.254427
2.300175
2.312353
2.307799
1.943505
2.283132
2.269190
2.001635
2.340322
2.087948
2.389203
1.949947
2.228389
2.027387
2.384104
2.289007
2.226482
2.159334
2.141212
1.954075
2.118014
2.154473
2.335736
1.909168
2.192745
2.171118
2.086282
2.440341
1.752725
2.123794
2.277300
2.319276
2.293795
2.245832
2.359878
2.086852
2.290356
2.158278
2.556056
2.393279
2.082266
1.997876
2.171273
2.585654
2.351097
2.229692
2.298631
2.293039
2.255670
2.260462
2.098672
2.300780
2.180392
2.144976
2.124702
2.409665
2.180194
2.234996
2.160918
2.314249
2.353262
2.159950
2.034618
2.406104
2.147343
2.169669
2.255443
2.021707
1.925704
2.266410
2.167185
2.180030
2.246669
2.330076
2.243907
2.511262
2.175006
2.168690
2.228526
2.087394
2.223262
2.207948
2.280558
2.449121
2.385853
2.230679
2.104124
2.284009
2.225192
2.094644
2.068726
2.075934
2.238392
2.283381
2.086233
2.177235
2.244510
2.256275
2.368323
2.253324
1.979830
2.212405
2.186819
1.938525
2.406733
2.182889
2.372626
1.956438
2.264291
2.098536
2.411423
2.281185
2.277475
2.259789
2.297175
2.109772
2.126612
2.137677
2.335323
2.082027
2.218285
2.163894
2.176630
2.444092
2.061046
2.218409
2.240179
2.169748
2.361783
2.271909
2.325397
2.072832
2.394390
2.092241
2.556311
2.262775
2.216831
2.082248
2.184777
2.492901
2.296733
2.310341
2.193249
2.220611
2.253451
2.276924
2.245474
2.389071
2.216576
2.130614
2.192251
2.327579
2.340908
2.257116
2.293279
2.153108
2.331631
2.279129
2.101122
2.411645
2.143966
2.288969
2.231156
2.144499
1.916170
2.141961
2.244678
2.089411
2.242469
2.454743
2.255378
2.450846
2.168184
2.279761
2.246632
2.032539
2.294656
2.351798
2.306058
2.489039
2.355693
2.281065
2.215234
2.171056
2.187182
2.053032
2.102069
2.240241
2.282180
2.153713
2.280936
2.214209
2.083533
2.240018
2.455888
2.295081
2.108329
2.168894
2.314099
2.060903
2.356664
2.204317
2.359494
2.132192
2.386292
2.195240
2.424032
2.251599
2.256391
2.396609
2.497777
2.140028
2.204183
2.162727
2.300763
2.223754
2.286976
2.086116
2.111198
2.537126
2.188432
2.299668
2.316196
2.041235
2.303630
2.403147
2.201924
2.009861
2.363696
2.128071
2.393229
2.205708
2.165144
2.261798
2.248225
2.424168
2.324508
2.309418
2.179220
2.198111
2.299490
2.433204
2.314668
2.443334
2.237772
2.113706
2.290771
2.225752
2.379431
2.334188
2.297735
2.244509
2.254490
2.278504
2.070060
2.479947
2.190019
2.398584
2.196246
2.183534
1.938607
2.203752
2.262966
2.079901
2.083982
2.445196
2.246414
2.319722
2.148423
2.316896
2.237133
1.978546
2.323456
2.395576
2.377930
2.421428
2.356786
2.113178
2.057501
2.161749
2.223240
2.030062
2.128181
2.215718
2.302177
2.063223
2.374065
2.382865
1.988789
2.270826
2.462938
2.339769
2.150620
2.279445
2.408345
2.220386
2.395117
2.210828
2.344736
2.298889
2.349039
2.141787
2.298560
2.294704
2.361220
2.291355
2.525470
2.083101
2.273671
2.100850
2.298760
2.319294
2.239656
2.149956
2.144763
2.522055
2.157283
2.231869
2.401723
2.006126
2.176518
2.341003
2.069346
2.107105
2.307752
2.146923
2.219289
2.224732
2.170059
2.314295
2.267220
2.308502
2.383393
2.211347
2.223982
2.179107
2.312359
2.452482
2.212124
2.555288
2.299829
2.217234
2.241669
2.195302
2.387066
2.385172
2.363981
2.357710
2.274574
2.224855
2.066279
2.426942
2.229930
2.255184
2.111940
2.228156
1.978601
2.273801
2.251515
2.150333
2.098804
2.430900
2.336477
2.200302
2.114080
2.252108
2.180172
2.084329
2.225188
2.460951
2.428778
2.345371
2.359580
2.124769
2.038189
2.135035
2.233965
2.162693
2.134001
2.207996
2.478130
2.080799
2.359126
2.499731
2.062723
2.315390
2.351969
2.306749
1.988917
2.256132
2.421559
2.158868
2.357603
2.315900
2.445405
2.384840
2.303861
2.248199
2.157891
2.356416
2.300009
2.130301
2.533889
2.121344
2.232375
2.102142
2.227947
2.432246
2.175361
2.310019
2.302518
2.310928
2.178197
2.190608
2.322563
1.888852
2.210444
2.284054
2.158425
2.286772
2.304497
2.164665
2.133696
2.246129
2.332350
2.273617
2.261605
2.175042
2.372095
2.289041
2.170815
2.090600
2.356508
2.431597
2.169372
2.624951
2.316252
2.275449
2.249848
2.192985
2.437874
2.329228
2.371376
2.317589
2.358237
2.315338
2.115922
2.287284
2.200683
2.139462
2.058354
2.196807
2.101944
2.109981
2.324531
2.132166
2.184730
2.357909
2.342081
2.292806
2.115532
2.365948
2.178683
2.064609
2.254799
2.527474
2.405947
2.292806
2.296175
2.190879
2.211633
2.100327
2.181866
2.269733
2.266303
2.287830
2.502866
2.131900
2.460280
2.354460
2.114448
2.267192
2.283267
2.307458
1.994551
2.211941
2.407988
2.158590
2.254671
2.378411
2.372650
2.458157
2.274579
2.362107
2.106517
2.273013
2.149839
2.174845
2.585202
2.174855
2.210044
2.087399
2.266439
2.576258
2.157002
2.242027
2.346168
2.159250
2.362796
2.176726
2.313336
1.860513
2.342260
2.334004
2.169331
2.311775
2.300735
2.198981
2.070532
2.219327
2.471446
2.333874
2.221775
2.200355
2.260321
2.454730
2.086321
2.101106
2.280548
2.610534
2.273817
2.623330
2.349837
2.229807
2.293415
2.176926
2.407039
2.331516
2.393445
2.300905
2.269879
2.372279
2.150454
2.305668
2.220838
2.164645
2.053512
2.239541
2.108063
1.941410
2.411629
2.234921
2.208525
2.227608
2.211692
2.335488
2.202335
2.419789
2.248377
2.006386
2.336612
2.504548
2.276395
2.302194
2.187914
2.313975
2.361350
2.022670
2.111515
2.214196
2.360866
2.247865
2.452222
2.197967
2.568395
2.283355
2.028940
2.322531
2.270409
2.218175
2.193304
2.145864
2.388031
2.309529
2.034886
2.376880
2.204023
2.475925
2.263136
2.386197
2.233481
2.242179
2.081339
2.304466
2.404391
2.149240
2.171724
1.979957
2.359810
2.601167
2.184928
2.155013
2.399466
2.199997
2.405970
2.199961
2.446298
1.872804
2.295638
2.336510
2.129891
2.271308
2.151379
2.181944
1.966172
2.160687
2.412832
2.364276
2.287385
2.249908
2.307642
2.404909
2.023952
2.141572
2.254438
2.587260
2.296233
2.665932
2.410745
2.170828
2.283275
2.192214
2.329557
2.360862
2.370647
2.525001
2.193410
2.329658
2.160912
2.452779
2.171899
2.172772
2.116849
2.323010
2.163798
1.969527
2.462462
2.330349
2.081811
2.031458
2.129238
2.209404
2.186283
2.413553
2.161027
2.106236
2.260874
2.496748
2.231117
2.282720
2.125209
2.360806
2.322492
2.130472
2.136160
2.223136
2.278602
2.210363
2.486699
2.197877
2.523304
2.325757
2.043238
2.344690
2.246802
2.193806
2.204511
2.148756
2.382906
2.417550
1.969482
2.419995
2.204251
2.437553
2.172256
2.208853
2.296993
2.402387
2.169950
2.359163
2.300885
2.188980
2.105571
2.034633
2.229480
2.460782
2.174699
2.236047
2.446740
2.256822
2.456979
2.239522
2.422835
1.991709
2.154229
2.257104
2.186519
2.283424
2.059039
2.282969
1.943200
2.116552
2.409781
2.360340
2.360132
2.223872
2.431274
2.229730
2.126796
2.178714
2.246673
2.342147
2.279403
2.612584
2.375374
2.077842
2.347054
2.172544
2.396840
2.288040
2.282680
2.506964
2.210245
2.278559
2.203078
2.393103
2.163414
2.174172
2.205650
2.347233
2.269859
2.021678
2.482865
2.275210
2.084675
1.953402
2.247006
2.216164
2.079936
2.491007
2.118821
2.284599
2.247782
2.534171
2.222583
2.379351
2.078141
2.369677
2.349312
2.208075
2.157990
2.237550
2.147069
2.257728
2.462567
2.168859
2.467653
2.365917
2.178793
2.297146
2.265382
2.152556
2.142355
2.176435
2.416048
2.416961
2.098842
2.348256
2.271059
2.407757
2.086638
2.105555
2.249058
2.469992
2.249519
2.354489
2.335121
2.307913
2.126382
2.164446
2.109503
2.405048
2.209528
2.401876
2.454859
2.276534
2.538747
2.313568
2.280020
2.010979
2.195932
2.255481
2.285521
2.413125
2.117636
2.412353
2.081188
2.171277
2.524767
2.282616
2.340845
2.233391
2.454419
2.127965
2.099888
2.310335
2.302686
2.319272
2.278478
2.438485
2.349526
2.032470
2.478425
2.212933
2.444008
2.251237
2.265341
2.319430
2.262840
2.321687
2.325191
2.347287
2.252359
2.308749
2.280528
2.298097
2.352712
2.041718
2.590601
2.309420
2.064880
1.977211
2.278741
2.321568
2.161713
2.507058
2.192185
2.348725
2.361341
2.419903
2.172321
2.396940
2.023665
2.470773
2.420088
2.178665
2.130342
2.239837
2.201272
2.287741
2.311023
2.186045
2.398075
2.192660
2.274100
2.244529
2.349082
2.158057
2.181849
2.263326
2.363155
2.548623
2.226822
2.398445
2.269761
2.288222
2.151033
2.180761
2.274356
2.261454
2.325831
2.342689
2.351396
2.339562
2.124580
2.165639
2.256175
2.415368
2.198437
2.422234
2.479157
2.215347
2.457322
2.294873
2.328779
2.060570
2.258851
2.284031
2.214103
2.493253
2.266350
2.461521
2.191390
2.307729
2.366014
2.219147
2.294414
2.323683
2.281672
2.197628
2.168764
2.447835
2.332563
2.325552
2.274940
2.279576
2.397241
2.095432
2.437935
2.284685
2.362942
2.323672
2.150403
2.303565
2.261203
2.244603
2.383655
2.403110
2.376693
2.422800
2.332931
2.431588
2.391571
1.961204
2.574616
2.350670
2.106444
2.062260
2.251520
2.315643
2.344274
2.523182
2.132848
2.423453
2.385980
2.354115
2.145382
2.367834
2.072062
2.541459
2.320628
2.151621
2.118805
2.299289
2.266167
2.181390
2.307074
2.148178
2.311769
2.115565
2.190759
2.191112
2.335622
2.184624
2.203370
2.299209
2.277449
2.573423
2.237113
2.375740
2.211101
2.237057
2.227858
2.302370
2.381244
2.222874
2.459802
2.248034
2.393890
2.274906
1.986544
2.085541
2.370991
2.277534
2.166304
2.417244
2.602508
2.220350
2.403876
2.321297
2.387754
2.193507
2.225489
2.220620
2.131969
2.614427
2.217898
2.416602
2.217405
2.437132
2.283208
2.298965
2.340196
2.281312
2.342413
2.212864
2.314067
2.339325
2.317251
2.179851
2.293191
2.267894
2.484412
2.221042
2.484895
2.322111
2.280010
2.313468
2.145821
2.408897
2.249784
2.145818
2.329341
2.418652
2.431234
2.424908
2.294169
2.614408
2.397665
2.073066
2.376969
2.412140
2.243948
2.172946
2.337235
2.201456
2.332507
2.573119
2.092640
2.530252
2.348478
2.356958
2.173813
2.358300
2.147336
2.511183
2.276700
2.252581
2.209349
2.492207
2.268785
2.176464
2.383742
2.218618
2.187922
2.173783
2.203579
2.176359
2.336984
2.208915
2.131067
2.308984
2.371000
2.484408
2.244380
2.283402
2.127564
2.323260
2.310888
2.345170
2.334987
2.310471
2.548126
2.316408
2.504340
2.324104
2.010021
2.192473
2.284985
2.157730
2.105384
2.427602
2.538528
2.211055
2.434628
2.373382
2.331041
2.357940
2.308789
2.097248
2.144231
2.588772
2.182564
2.395034
2.207219
2.443540
2.330578
2.414714
2.354284
2.258831
2.446001
2.277976
2.368262
2.269629
2.337201
2.057988
2.310158
2.258538
2.436550
2.221321
2.551000
2.366665
2.208938
2.242853
2.185810
2.311923
2.317697
2.154034
2.275023
2.393816
2.419057
2.362238
2.239888
2.607596
2.476989
2.143789
2.253061
2.493926
2.267006
2.310346
2.444946
2.189291
2.409991
2.519981
2.216730
2.506986
2.393097
2.307178
2.253648
2.336580
2.198572
2.415309
2.376985
2.393404
2.249054
2.611875
2.294746
2.225837
2.336578
2.332071
2.025054
2.314426
2.252204
2.136862
2.406139
2.292559
2.271281
2.287661
2.487131
2.403594
2.399609
2.219112
2.090851
2.375920
2.303748
2.345387
2.242430
2.228560
2.330459
2.341947
2.464831
2.386343
2.222959
2.360300
2.240788
2.166423
2.147139
2.424904
2.356669
2.274404
2.417748
2.361177
2.321277
2.475599
2.380602
2.179665
2.216551
2.558945
2.203918
2.413204
2.243394
2.410906
2.267885
2.447171
2.393984
2.275238
2.467295
2.372347
2.307545
2.378905
2.377766
2.084137
2.378065
2.172902
2.410378
2.212628
2.455437
2.373393
2.062535
2.280580
2.139643
2.238066
2.305279
2.254168
2.357439
2.410172
2.370173
2.408392
2.326173
2.492275
2.433986
2.148474
2.178549
2.391691
2.353729
2.331237
2.421157
2.223858
2.547438
2.452249
2.317210
2.443408
2.401996
2.137022
2.383499
2.319329
2.253949
2.304988
2.309622
2.414642
2.393006
2.563742
2.381323
2.312941
2.179244
2.257781
2.093019
2.408309
2.340559
2.261837
2.452113
2.286886
2.395170
2.405012
2.421501
2.401138
2.431467
2.237794
2.145899
2.395104
2.264291
2.433631
2.228988
2.077733
2.365180
2.336891
2.298577
2.416667
2.399722
2.517382
2.267979
2.251660
2.261139
2.404694
2.321331
2.238944
2.370699
2.309685
2.300353
2.546759
2.234156
2.357817
2.167375
2.499710
2.248825
2.364271
2.295404
2.328925
2.151075
2.451725
2.367400
2.226750
2.374143
2.360542
2.417248
2.386148
2.377084
2.202774
2.382337
2.107863
2.401777
2.278007
2.325556
2.367872
2.049943
2.278531
2.173656
2.322880
2.313613
2.258381
2.495982
2.381234
2.330365
2.350492
2.389914
2.604564
2.310442
2.276308
2.277049
2.319011
2.445417
2.438008
2.279696
2.327254
2.626497
2.344460
2.364218
2.442891
2.432029
2.018420
2.506484
2.271259
2.301722
2.266402
2.235256
2.397749
2.427243
2.554264
2.498310
2.406663
2.198193
2.271587
2.239713
2.357169
2.417373
2.359087
2.397683
2.223423
2.409911
2.382262
2.252502
2.399245
2.349922
2.235968
2.293836
2.346969
2.315787
2.488521
2.268938
2.139862
2.521031
2.291016
2.253788
2.436939
2.338569
2.519622
2.285377
2.288976
2.345919
2.374755
2.340935
2.191511
2.381249
2.315510
2.201610
2.606829
2.115941
2.417632
2.122049
2.468245
2.204953
2.398387
2.381471
2.252072
2.063910
2.523420
2.396796
2.090467
2.301317
2.333179
2.491608
2.270388
2.525730
2.166115
2.309631
2.058086
2.345016
2.414645
2.212232
2.337829
2.225869
2.124043
2.277251
2.178514
2.364228
2.214920
2.468193
2.281282
2.299027
2.358879
2.413268
2.601426
2.399576
2.383131
2.314384
2.323706
2.361415
2.473511
2.180715
2.258257
2.468004
2.292717
2.515107
2.489205
2.387901
2.037153
2.545684
2.155736
2.329669
2.250289
2.392811
2.396198
2.296759
2.510627
2.481882
2.532713
2.221233
2.448521
2.203920
2.303536
2.461007
2.313645
2.349606
2.215130
2.484887
2.360720
2.261638
2.352515
2.329510
2.225099
2.234727
2.279031
2.265986
2.494476
2.273927
2.297452
2.422285
2.237808
2.221649
2.379388
2.293762
2.491885
2.241044
2.456339
2.352358
2.312207
2.332532
2.179395
2.388904
2.302825
2.006892
2.575538
2.136281
2.362443
2.220359
2.486705
2.248703
2.415263
2.440816
2.204459
2.073479
2.551215
2.455273
2.018348
2.261729
2.390900
2.413062
2.375104
2.498480
2.159488
2.314851
2.117505
2.270424
2.450168
2.217045
2.367128
2.222295
2.110704
2.383811
2.067769
2.407559
2.183832
2.465809
2.170919
2.372106
2.432157
2.519594
2.484264
2.560281
2.455181
2.278706
2.254419
2.301014
2.389247
2.243175
2.239176
2.561848
2.248361
2.618087
2.466370
2.282222
2.125174
2.452112
2.225932
2.426639
2.257768
2.541495
2.394178
2.240085
2.485542
2.449062
2.502105
2.123143
2.421957
2.201428
2.275457
2.454172
2.278920
2.409160
2.261014
2.729020
2.470544
2.228018
2.403779
2.346150
2.368720
2.221753
2.264247
2.175879
2.425951
2.356593
2.216740
2.351655
2.336132
2.157178
2.425494
2.391324
2.612983
2.304179
2.459734
2.307428
2.364134
2.227797
2.164269
2.381885
2.193325
2.040552
2.537344
2.145840
2.326392
2.364231
