# G_3, p = 0.4000 GPa (dir_4000.0_bar).
# 6MR distortion Gamma = (1/2)(max - min) over the three opposite-O diagonals.
# 24 rings x 101 frames = 2424 samples.
# Column: per-6MR Gamma [A]
0.005091
0.005100
0.005060
0.005066
0.005075
0.005071
0.005087
0.005081
0.006276
0.006280
0.006311
0.006294
0.006281
0.006282
0.006286
0.006292
0.004924
0.004835
0.004904
0.004859
0.004835
0.004933
0.004912
0.004859
0.074236
0.221943
0.089798
0.063824
0.131157
0.069840
0.079025
0.134062
0.066545
0.079634
0.009569
0.128196
0.065950
0.231329
0.157789
0.069397
0.058944
0.197231
0.113163
0.165497
0.091710
0.084236
0.055024
0.050885
0.037595
0.214181
0.133617
0.047548
0.266460
0.220869
0.134194
0.205196
0.226735
0.109228
0.023472
0.255842
0.031051
0.444495
0.304838
0.099769
0.202993
0.334206
0.240066
0.283446
0.152099
0.092578
0.136152
0.023400
0.085833
0.173311
0.139336
0.094674
0.446374
0.302824
0.153876
0.262167
0.274157
0.099325
0.074269
0.238014
0.113021
0.487961
0.231649
0.143927
0.287414
0.420637
0.242514
0.335010
0.253825
0.053178
0.178237
0.032537
0.072193
0.307921
0.211450
0.081928
0.552094
0.181727
0.150621
0.228473
0.171519
0.106478
0.184948
0.140392
0.051999
0.453687
0.090451
0.185521
0.227186
0.408412
0.145558
0.304812
0.359797
0.210038
0.275008
0.146069
0.148280
0.318907
0.368822
0.028357
0.508467
0.046669
0.209121
0.289856
0.051037
0.170816
0.251451
0.095777
0.051758
0.380021
0.017610
0.182822
0.143159
0.335365
0.031443
0.195838
0.276911
0.335239
0.316368
0.227373
0.228721
0.202657
0.348131
0.045614
0.401326
0.092621
0.212336
0.400865
0.048633
0.154185
0.270755
0.142253
0.099771
0.247848
0.068166
0.160455
0.087936
0.197404
0.157863
0.073006
0.174885
0.352481
0.288702
0.151896
0.243128
0.239400
0.300807
0.079794
0.314797
0.125196
0.202690
0.426624
0.045074
0.179845
0.229509
0.156051
0.200673
0.150667
0.091498
0.167626
0.053516
0.051397
0.261526
0.089326
0.196934
0.276406
0.199928
0.057574
0.281065
0.266685
0.199183
0.158855
0.190175
0.139991
0.186476
0.347542
0.091819
0.215300
0.152029
0.127526
0.244947
0.135651
0.174615
0.174212
0.066161
0.118414
0.273163
0.130767
0.208759
0.142428
0.170508
0.305656
0.287110
0.172171
0.224954
0.178790
0.361538
0.181489
0.212987
0.224377
0.114238
0.231250
0.222101
0.069843
0.236869
0.248021
0.233824
0.158271
0.116723
0.181418
0.241899
0.119706
0.225574
0.210053
0.062020
0.418101
0.320865
0.093889
0.350560
0.254796
0.464936
0.242797
0.201954
0.239676
0.218523
0.206430
0.247200
0.050001
0.167567
0.200431
0.287122
0.114845
0.102724
0.230177
0.195492
0.209875
0.308808
0.229024
0.134837
0.368939
0.357407
0.209415
0.364673
0.223080
0.388457
0.303674
0.132166
0.273601
0.326556
0.132651
0.093019
0.063965
0.153389
0.099625
0.285122
0.088273
0.184010
0.201771
0.130714
0.284959
0.391025
0.183187
0.242820
0.259154
0.304860
0.228756
0.357428
0.190433
0.202870
0.243344
0.133876
0.204541
0.288327
0.069251
0.046708
0.170525
0.159487
0.171220
0.232169
0.113252
0.226243
0.114990
0.091244
0.278385
0.349534
0.073755
0.193690
0.174626
0.238218
0.299544
0.370369
0.151034
0.173471
0.128303
0.199863
0.115138
0.104716
0.059335
0.051881
0.237525
0.185323
0.143866
0.205545
0.134505
0.065555
0.177931
0.177098
0.215562
0.191252
0.083376
0.028300
0.197618
0.283967
0.249351
0.397928
0.092272
0.237824
0.116207
0.142498
0.102048
0.061506
0.142327
0.050607
0.280368
0.241652
0.079121
0.232704
0.086862
0.056405
0.150018
0.262888
0.173789
0.190423
0.133905
0.108953
0.238799
0.362780
0.143331
0.321589
0.069060
0.163474
0.104980
0.092384
0.128055
0.127257
0.141713
0.169019
0.220107
0.272535
0.233375
0.133939
0.094361
0.125054
0.011359
0.348785
0.174082
0.276850
0.093906
0.191760
0.235131
0.346496
0.076157
0.392192
0.089986
0.084625
0.127385
0.128900
0.114908
0.203658
0.105582
0.330291
0.072190
0.244125
0.252283
0.089122
0.252894
0.212236
0.111707
0.411331
0.254774
0.260335
0.104801
0.260039
0.129456
0.346970
0.055617
0.338403
0.154653
0.097433
0.138266
0.115095
0.051907
0.285656
0.075769
0.404685
0.164601
0.148046
0.117972
0.111592
0.367448
0.287007
0.224240
0.341435
0.196489
0.307467
0.218858
0.247824
0.077084
0.288136
0.104194
0.257380
0.260344
0.132581
0.176615
0.090228
0.218475
0.334519
0.159132
0.375859
0.190278
0.018670
0.096041
0.129266
0.348849
0.195911
0.229812
0.236593
0.097714
0.297667
0.237350
0.186340
0.082951
0.384084
0.118132
0.249312
0.329536
0.129905
0.167760
0.118698
0.290100
0.315201
0.250247
0.267186
0.223566
0.052151
0.088270
0.050742
0.258200
0.023408
0.115132
0.063706
0.173856
0.278260
0.150200
0.155054
0.011486
0.421465
0.016321
0.279370
0.319103
0.099706
0.116305
0.183931
0.248665
0.319117
0.259469
0.134597
0.257227
0.051869
0.028034
0.105187
0.130934
0.092480
0.158723
0.089234
0.148068
0.199609
0.021721
0.095320
0.054582
0.474893
0.181517
0.253922
0.255130
0.042022
0.043913
0.209613
0.129870
0.238535
0.224030
0.034848
0.273646
0.178636
0.073381
0.191589
0.089752
0.193868
0.276029
0.192521
0.151071
0.148078
0.052778
0.065478
0.082994
0.451989
0.273638
0.232536
0.247487
0.100696
0.033708
0.157990
0.196638
0.142029
0.172294
0.121072
0.307268
0.291820
0.223119
0.264454
0.102629
0.200898
0.225714
0.276305
0.117297
0.096811
0.050805
0.072490
0.159219
0.347817
0.280146
0.161767
0.195201
0.177249
0.137122
0.098436
0.294013
0.081291
0.103732
0.192543
0.276275
0.285794
0.375262
0.305306
0.072914
0.097368
0.184375
0.321771
0.009990
0.036972
0.111530
0.020331
0.336341
0.248937
0.289363
0.103110
0.119959
0.126767
0.221977
0.129156
0.233125
0.105506
0.041560
0.241125
0.139043
0.271217
0.349679
0.252600
0.049760
0.133478
0.181177
0.303574
0.143498
0.156379
0.118762
0.141763
0.400957
0.213534
0.244354
0.166876
0.154334
0.032029
0.253917
0.167940
0.060723
0.348117
0.127996
0.289071
0.187708
0.196565
0.281378
0.108527
0.051463
0.196389
0.233613
0.153698
0.196731
0.192359
0.112469
0.298485
0.342121
0.266292
0.184270
0.297122
0.109166
0.174796
0.169721
0.179183
0.163671
0.476804
0.176687
0.399861
0.315197
0.117439
0.163860
0.038449
0.168190
0.144398
0.231551
0.059274
0.178524
0.145687
0.158002
0.336189
0.289986
0.279624
0.158524
0.330370
0.163643
0.290545
0.108672
0.186950
0.271871
0.440449
0.161581
0.412696
0.501791
0.060801
0.117938
0.079314
0.212407
0.094259
0.139421
0.245112
0.102838
0.162864
0.156541
0.247339
0.163957
0.171546
0.161449
0.307885
0.286215
0.308347
0.226568
0.260165
0.325987
0.401638
0.217137
0.326032
0.592952
0.056000
0.123776
0.252462
0.184333
0.132351
0.003542
0.374837
0.148774
0.097653
0.119799
0.141226
0.048164
0.113097
0.177043
0.279361
0.305489
0.167142
0.236747
0.285853
0.235871
0.345798
0.323524
0.217399
0.459527
0.049724
0.159765
0.343252
0.164294
0.039113
0.081894
0.362861
0.249383
0.067327
0.068582
0.132042
0.114785
0.149920
0.193369
0.230133
0.232941
0.050870
0.352728
0.213649
0.115869
0.254239
0.376924
0.086170
0.248153
0.114727
0.147715
0.319715
0.096645
0.049648
0.118363
0.288726
0.268226
0.135381
0.072518
0.104001
0.168257
0.216634
0.197239
0.163066
0.146351
0.151998
0.408672
0.142387
0.095429
0.256147
0.396299
0.087777
0.168402
0.164116
0.155951
0.282734
0.038724
0.191655
0.120020
0.191560
0.241156
0.085740
0.059357
0.234459
0.293759
0.290968
0.205308
0.137244
0.075065
0.194931
0.384015
0.083992
0.121527
0.314458
0.328384
0.122908
0.249475
0.177060
0.175032
0.268217
0.029936
0.255969
0.094680
0.091141
0.153781
0.031264
0.162841
0.246092
0.365621
0.266973
0.133630
0.136807
0.089832
0.157423
0.412020
0.132514
0.158165
0.302521
0.201320
0.084809
0.230008
0.135569
0.209215
0.242277
0.007164
0.111711
0.119259
0.095188
0.098593
0.040905
0.282761
0.219107
0.305024
0.167356
0.098424
0.164908
0.020862
0.088782
0.526219
0.223523
0.228015
0.222916
0.202622
0.102446
0.205953
0.032533
0.303906
0.149926
0.075210
0.079012
0.141921
0.155001
0.061684
0.066375
0.270398
0.187375
0.165755
0.178391
0.098697
0.084733
0.051999
0.129555
0.589888
0.277605
0.222944
0.183583
0.221826
0.214795
0.304474
0.097315
0.332351
0.130832
0.068544
0.124344
0.189719
0.161046
0.077000
0.159950
0.220797
0.116331
0.139662
0.055841
0.046001
0.081597
0.067136
0.201801
0.451369
0.270638
0.299568
0.217395
0.182136
0.351395
0.380480
0.037847
0.326869
0.304977
0.237821
0.049268
0.237625
0.117383
0.214757
0.186043
0.263169
0.066268
0.287239
0.113855
0.165015
0.164079
0.061503
0.253912
0.203243
0.239046
0.409522
0.223622
0.104892
0.369020
0.347266
0.107404
0.214339
0.358371
0.350642
0.023671
0.193051
0.116210
0.353961
0.250509
0.108676
0.154263
0.304512
0.159331
0.272758
0.140120
0.065348
0.321031
0.047032
0.253661
0.385356
0.239018
0.190230
0.293554
0.204087
0.133868
0.125920
0.310730
0.323157
0.054947
0.101684
0.087490
0.396990
0.263596
0.173469
0.101178
0.180308
0.178111
0.266393
0.129285
0.170269
0.294465
0.094502
0.249543
0.298379
0.182612
0.248370
0.243259
0.121208
0.139631
0.277202
0.190253
0.326463
0.062765
0.066893
0.104443
0.367887
0.211175
0.175145
0.089536
0.094771
0.231441
0.160562
0.164733
0.240817
0.231204
0.215943
0.218205
0.140346
0.043150
0.287785
0.145047
0.124611
0.170874
0.325105
0.114775
0.206089
0.015939
0.012976
0.129011
0.228035
0.116818
0.186442
0.143497
0.062537
0.233386
0.077013
0.187923
0.157629
0.137900
0.355468
0.146482
0.012570
0.161776
0.275911
0.061524
0.140265
0.177973
0.303235
0.020370
0.097808
0.117961
0.026093
0.133266
0.045179
0.215259
0.211264
0.145859
0.077819
0.267936
0.216228
0.200490
0.095623
0.074212
0.360210
0.004358
0.090273
0.234954
0.165521
0.231902
0.092616
0.103904
0.206111
0.171660
0.200272
0.213874
0.054049
0.101251
0.067451
0.253312
0.171636
0.046357
0.243731
0.203894
0.304054
0.122915
0.183570
0.077008
0.240079
0.136694
0.084483
0.225071
0.050914
0.255767
0.037551
0.076140
0.120358
0.243497
0.266370
0.241737
0.124357
0.034683
0.067165
0.242238
0.140343
0.071609
0.310083
0.106326
0.240587
0.038888
0.304356
0.198853
0.241811
0.203540
0.037258
0.156983
0.181531
0.220860
0.168418
0.108563
0.043912
0.156381
0.276234
0.270215
0.163410
0.055435
0.116619
0.291614
0.141315
0.068964
0.259597
0.053910
0.068766
0.121005
0.317376
0.266078
0.248199
0.312823
0.069573
0.068667
0.312387
0.157757
0.186421
0.041695
0.029007
0.152704
0.307703
0.303861
0.212012
0.090029
0.210041
0.226286
0.134106
0.144175
0.290235
0.034059
0.126190
0.117234
0.290350
0.232816
0.198729
0.337425
0.114981
0.027107
0.226367
0.194756
0.179138
0.030950
0.087866
0.278030
0.295481
0.220429
0.233041
0.057618
0.284112
0.124433
0.187243
0.208093
0.392543
0.080101
0.220384
0.057660
0.267446
0.145734
0.084993
0.298605
0.172925
0.114265
0.111960
0.199009
0.171541
0.168857
0.164598
0.292572
0.186070
0.141878
0.201916
0.118623
0.284707
0.025742
0.134803
0.149071
0.352389
0.193336
0.257773
0.046823
0.072133
0.162201
0.059048
0.254729
0.248684
0.113100
0.060183
0.153880
0.217371
0.172522
0.218105
0.224891
0.022012
0.264821
0.102971
0.205679
0.209334
0.053337
0.039931
0.010148
0.126139
0.310887
0.372224
0.035464
0.131167
0.114949
0.176884
0.212644
0.319614
0.070094
0.055092
0.151472
0.277043
0.056156
0.230535
0.165919
0.271312
0.341651
0.039844
0.211865
0.148816
0.073156
0.145907
0.059032
0.220690
0.374382
0.380347
0.028822
0.292529
0.132930
0.261275
0.174494
0.340012
0.097715
0.050682
0.198953
0.320964
0.062552
0.229573
0.116596
0.364775
0.400200
0.171780
0.142408
0.096503
0.141789
0.294152
0.084887
0.352587
0.292428
0.297166
0.143652
0.309537
0.186251
0.226469
0.066041
0.234779
0.098515
0.006729
0.197398
0.348777
0.085855
0.181821
0.101783
0.258146
0.388087
0.195206
0.088886
0.177083
0.138138
0.396676
0.088429
0.418431
0.213818
0.254322
0.227274
0.273781
0.229509
0.118066
0.177780
0.178881
0.148474
0.069762
0.142440
0.445826
0.102385
0.149205
0.117734
0.132455
0.293248
0.179397
0.026565
0.248764
0.229818
0.432037
0.093598
0.330318
0.301743
0.199756
0.242487
0.195615
0.279200
0.166897
0.288797
0.242040
0.134090
0.087284
0.059356
0.470857
0.185262
0.073521
0.150122
0.174744
0.188515
0.114315
0.092088
0.263736
0.269685
0.300000
0.050813
0.172165
0.256878
0.126671
0.219988
0.112060
0.296956
0.268775
0.322011
0.316845
0.112171
0.093933
0.092503
0.323036
0.187122
0.039841
0.090300
0.296979
0.126796
0.063433
0.150953
0.260220
0.291626
0.122224
0.068408
0.114667
0.154403
0.123427
0.149011
0.067725
0.353290
0.265918
0.308641
0.285000
0.061018
0.060178
0.126684
0.219278
0.133122
0.048013
0.041628
0.358531
0.093567
0.028871
0.216845
0.282222
0.264585
0.115612
0.136574
0.075192
0.093855
0.073390
0.143904
0.216515
0.313412
0.146690
0.282222
0.118982
0.108410
0.074479
0.159376
0.523307
0.195818
0.049850
0.132662
0.353416
0.166471
0.146415
0.314856
0.308871
0.309534
0.106948
0.074141
0.152290
0.033492
0.135366
0.171319
0.286992
0.226043
0.101323
0.192005
0.057342
0.205291
0.156384
0.205568
0.587446
0.257909
0.090419
0.225274
0.355281
0.270610
0.292890
0.399872
0.202596
0.237264
0.041969
0.055397
0.211803
0.152446
0.195461
0.146263
0.275900
0.096009
0.120688
0.164067
0.090052
0.207342
0.140794
0.173018
0.528468
0.244987
0.070090
0.260852
0.339926
0.377599
0.285737
0.361668
0.061284
0.111605
0.073279
0.087286
0.198560
0.275836
0.218168
0.103030
0.270455
0.040876
0.120455
0.159637
0.049668
0.132286
0.210763
0.132453
0.416742
0.218649
0.133747
0.249913
0.209129
0.368880
0.166721
0.268787
0.112735
0.105003
0.084034
0.126703
0.235494
0.320742
0.157471
0.128449
0.274757
0.117551
0.088028
0.178198
0.193913
0.076669
0.247732
0.200074
0.270903
0.181029
0.132406
0.162849
0.077246
0.245844
0.080463
0.210754
0.208153
0.117741
0.117389
0.145793
0.222694
0.351925
0.066376
0.256471
0.237750
0.201272
0.133950
0.198225
0.254214
0.093315
0.156988
0.197838
0.078195
0.057093
0.063767
0.128670
0.074824
0.060096
0.090678
0.198950
0.262129
0.187408
0.065477
0.078372
0.155841
0.390698
0.008465
0.298272
0.167797
0.186386
0.163382
0.093682
0.161429
0.199469
0.007902
0.126160
0.076948
0.366183
0.037670
0.152228
0.106410
0.124211
0.152027
0.164304
0.198098
0.242021
0.060791
0.049103
0.056933
0.368971
0.035094
0.208212
0.051981
0.084006
0.176487
0.098147
0.057486
0.326701
0.029570
0.061058
0.182468
0.455952
0.100010
0.163255
0.224626
0.158945
0.126301
0.182065
0.114749
0.247106
0.093876
0.125697
0.065766
0.222171
0.135484
0.208548
0.085213
0.087476
0.190468
0.174564
0.110959
0.286127
0.073454
0.028205
0.243153
0.390069
0.199978
0.158139
0.349507
0.139781
0.087007
0.250470
0.148146
0.216601
0.164839
0.100222
0.097156
0.042352
0.195768
0.178061
0.091054
0.160480
0.227113
0.177219
0.144505
0.145567
0.182078
0.029959
0.259074
0.249139
0.196572
0.169031
0.344816
0.132778
0.184573
0.199842
0.144389
0.172166
0.174760
0.079026
0.120193
0.065725
0.180022
0.106173
0.030431
0.184892
0.328295
0.229341
0.189476
0.064709
0.253603
0.047273
0.289137
0.182269
0.124154
0.220066
0.274026
0.184107
0.214150
0.141012
0.073367
0.210476
0.111333
0.210769
0.052968
0.140331
0.178204
0.206729
0.075421
0.206036
0.375476
0.278024
0.287016
0.078570
0.278341
0.155131
0.306367
0.070493
0.079320
0.190958
0.231851
0.192977
0.158181
0.141896
0.152123
0.174691
0.078358
0.295566
0.057797
0.249116
0.155544
0.202158
0.145810
0.131694
0.244021
0.285724
0.198518
0.172668
0.222258
0.306873
0.291645
0.156176
0.058813
0.181089
0.172862
0.154688
0.110159
0.151528
0.135714
0.091797
0.256993
0.288173
0.049290
0.315162
0.142074
0.134522
0.240773
0.047617
0.126084
0.290582
0.026169
0.122121
0.137098
0.322586
0.298212
0.401501
0.023284
0.174021
0.152574
0.131089
0.079671
0.264062
0.129922
0.083158
0.361747
0.185705
0.071595
0.343026
0.138398
0.122892
0.237440
0.212055
0.086759
0.236074
0.143846
0.066051
0.072701
0.266973
0.248146
0.553804
0.046559
0.254798
0.147920
0.135366
0.088277
0.338359
0.129646
0.075778
0.342512
0.081702
0.094385
0.306367
0.103576
0.210931
0.236410
0.328103
0.032646
0.185338
0.254328
0.211013
0.069801
0.221816
0.129632
0.450095
0.062763
0.322336
0.200114
0.138137
0.157250
0.302902
0.076068
0.116149
0.323244
0.135977
0.074931
0.272202
0.095527
0.336680
0.287484
0.308301
0.124567
0.208149
0.307367
0.205371
0.062284
0.092719
0.159929
0.189216
0.091099
0.330188
0.226147
0.084887
0.233648
0.254703
0.192175
0.221230
0.272817
0.127478
0.127593
0.255617
0.122193
0.374479
0.269419
0.241959
0.111699
0.267801
0.289381
0.088787
0.111495
0.168025
0.339654
0.144532
0.208793
0.303653
0.189959
0.113217
0.288939
0.216560
0.236560
0.239282
0.232160
0.162315
0.082247
0.201130
0.184113
0.302763
0.257141
0.146799
0.100841
0.318367
0.196659
0.035413
0.188306
0.270248
0.431274
0.238796
0.243031
0.245838
0.145023
0.224970
0.248690
0.160354
0.140255
0.150265
0.212915
0.113763
0.157904
0.078813
0.191277
0.216641
0.226434
0.146586
0.096109
0.297516
0.147259
0.143947
0.150746
0.302544
0.502053
0.289791
0.192037
0.223959
0.101944
0.314916
0.121338
0.173848
0.073258
0.039072
0.139526
0.066434
0.177361
0.110245
0.243892
0.259575
0.155296
0.219657
0.117169
0.343988
0.149339
0.250263
0.109279
0.322021
0.516388
0.342885
0.187939
0.249721
0.154208
0.344251
0.040359
0.229939
0.094572
0.026952
0.085996
0.141310
0.208495
0.071601
0.344268
0.353340
0.082134
0.226541
0.141435
0.425353
0.132105
0.300047
0.069749
0.310866
0.393400
0.214866
0.090738
0.224808
0.170232
0.214586
0.045482
0.225646
0.051921
0.006585
0.254437
0.187736
0.145801
0.073415
0.384720
0.408566
0.034424
0.173276
0.146533
0.338201
0.094253
0.331106
0.168004
0.263844
0.153033
0.068372
0.118105
0.077280
0.180037
0.082609
0.082247
0.210433
0.044858
0.077406
0.326684
0.244834
0.103725
0.169117
0.396582
0.314424
0.137289
0.080732
0.220992
0.221974
0.033391
0.315777
0.199891
0.226083
0.078887
0.090932
0.264329
0.131131
0.086841
0.061088
0.134035
0.120739
0.045576
0.193628
0.286018
0.137995
0.193181
0.185596
0.338136
0.215617
0.218949
0.063426
0.308904
0.097853
0.087131
0.268579
0.197268
0.176365
0.229555
0.070344
0.310527
0.178047
0.173419
0.008647
0.041199
0.131383
0.046334
0.322584
0.197354
0.021118
0.288581
0.227404
0.218235
0.228111
0.173280
0.214755
0.408808
0.088293
0.144503
0.247325
0.207244
0.147183
0.316186
0.124608
0.229262
0.213739
0.292345
0.073764
0.117162
0.264798
0.174930
0.375613
0.131315
0.050165
0.328310
0.190612
0.112267
0.298688
0.042708
0.339391
0.378491
0.121054
0.158159
0.150267
0.199325
0.141188
0.299872
0.211723
0.214216
0.239334
0.195916
0.115155
0.220132
0.236989
0.172016
0.307244
0.125365
0.078417
0.236606
0.185057
0.108965
0.306497
0.082717
0.350949
0.333836
0.134396
0.185417
0.115230
0.155349
0.250400
0.332095
0.289815
0.265363
0.187275
0.043425
0.119401
0.312936
0.196782
0.080074
0.150424
0.162086
0.072871
0.092211
0.194524
0.116016
0.323363
0.058380
0.223598
0.256436
0.108301
0.230491
0.258292
0.107751
0.304419
0.363748
0.298689
0.250993
0.095071
0.101783
0.195744
0.383174
0.224209
0.202692
0.121349
0.168688
0.123189
0.059294
0.165369
0.159057
0.312695
0.033490
0.067508
0.129568
0.092273
0.217535
0.370128
0.147151
0.265919
0.310646
0.185232
0.214644
0.097411
0.189494
0.246094
0.428386
0.165273
0.221207
0.139941
0.195969
0.178229
0.030493
0.122462
0.222137
0.234359
0.087541
0.161872
0.015344
0.146673
0.170657
0.344980
0.145813
0.208528
0.108891
0.127736
0.153192
0.212911
0.180474
0.162472
0.411915
0.223200
0.182151
0.140569
0.202741
0.247800
0.101665
0.058051
0.283435
0.251515
0.045903
0.280842
0.077136
0.138623
0.146168
0.181215
0.119362
0.158491
0.068467
0.213851
0.140488
0.258845
0.090745
0.088108
0.325572
0.179082
0.121206
0.153678
0.234022
0.254643
0.302899
0.119242
0.374299
0.238093
0.076909
0.314304
0.144688
0.084297
0.197725
0.088383
0.121977
0.119582
0.160315
0.228527
0.298151
0.253465
0.192875
0.166555
0.266178
0.111271
0.153205
0.164461
0.199739
0.178658
0.343898
0.150689
0.372019
0.124420
0.085964
0.340552
0.243231
0.149778
0.263019
0.157919
0.080453
0.175290
0.244684
0.198122
0.282028
0.227907
0.187921
0.281758
0.306844
0.094247
0.214450
0.261286
0.118781
0.031088
0.233862
0.170469
0.264392
0.070955
0.088674
0.272897
0.240007
0.125261
0.326079
0.278298
0.145613
0.269511
0.358717
0.114378
0.197910
0.122594
0.130614
0.193914
0.240980
0.156691
0.202089
0.197403
0.213359
0.102621
0.151332
0.201796
0.093908
0.164922
0.144199
0.195777
0.197599
0.112402
0.344236
0.275576
0.227069
0.325578
0.402483
0.251532
0.142028
0.196103
0.130217
0.020025
0.251737
0.246191
0.113791
0.116166
0.313011
0.188273
0.172647
0.127106
0.179698
0.136203
0.250249
0.140188
0.168471
0.120963
0.391379
0.206270
0.297868
0.260399
0.202380
0.256231
0.120708
0.333487
0.148921
0.081783
0.356879
0.263528
0.205004
0.148443
0.295017
0.287894
0.227232
0.113417
0.327005
0.079389
0.303682
0.198144
0.049318
0.085873
0.319913
0.160212
0.297738
0.129148
0.046222
0.159663
0.114930
0.376358
0.135147
0.176863
0.383749
0.190398
0.344540
0.182974
0.188720
0.353008
0.221109
0.124915
0.347364
0.087423
0.227538
0.137534
0.195716
0.101494
0.146151
0.123463
0.214859
0.073113
0.117895
0.064254
0.028610
0.389646
0.125018
0.268825
0.414410
0.147917
0.407678
0.155672
0.150173
0.337352
0.148426
0.093473
0.325900
0.145059
0.090132
0.123155
0.305114
0.183894
0.070521
0.045546
0.177383
0.242963
0.164725
0.053178
0.125611
0.249003
0.151530
0.218464
0.384490
0.297022
0.344929
0.108977
0.212560
0.274534
0.125078
0.099995
0.201771
0.133161
0.028811
0.273491
0.293634
0.126989
0.255301
0.107333
0.168398
0.370090
0.243612
0.100296
0.118702
0.084758
0.146165
0.109536
0.269184
0.323485
0.144831
0.085006
0.153414
0.159952
0.314479
0.159378
0.028265
0.108987
0.102369
0.311234
0.202835
0.222880
0.417183
0.085788
0.178310
0.353830
0.336042
0.088483
0.131587
0.092099
0.197886
0.068524
0.122485
0.274597
0.037248
0.166522
0.156821
0.065225
0.409082
0.120253
0.120051
0.128897
0.091760
0.324348
0.243245
0.262751
0.446231
0.081762
0.162370
0.383965
0.389463
0.114029
0.127455
0.164496
0.294586
0.058266
0.028258
0.187722
0.027958
0.222175
0.136427
0.115859
0.395954
0.085493
0.088477
0.069369
0.064615
0.214561
0.290443
0.282555
0.343213
0.114468
0.132358
0.452040
0.339780
0.185494
0.161323
0.209269
0.317398
0.054364
0.090884
0.263563
0.083863
0.183913
0.067891
0.193453
0.415150
0.150861
0.089965
0.053229
0.115253
0.179007
0.271039
0.308358
0.192479
0.095656
0.076763
0.369160
0.198579
0.129686
0.136441
0.314118
0.227937
0.056364
0.213333
0.477254
0.122774
0.083386
0.046699
0.285484
0.424762
