# G_2, p = 0.2000 GPa (dir_2000.0_bar).
# 6MR distortion Gamma = (1/2)(max - min) over the three opposite-O diagonals.
# 16 rings x 101 frames = 1616 samples.
# Column: per-6MR Gamma [A]
0.002450
0.002459
0.002433
0.002405
0.002705
0.002694
0.002186
0.002199
0.002448
0.002434
0.002469
0.002478
0.002687
0.002726
0.002224
0.002180
0.153523
0.041763
0.064251
0.095867
0.100709
0.096248
0.153955
0.040745
0.063558
0.159203
0.109135
0.023183
0.093391
0.308391
0.119828
0.086086
0.221751
0.113993
0.114077
0.042701
0.167100
0.098826
0.171278
0.067550
0.133901
0.344273
0.174089
0.085997
0.110225
0.488313
0.243469
0.107824
0.155024
0.131658
0.115036
0.159479
0.262283
0.115997
0.067214
0.065159
0.089732
0.452772
0.202524
0.085337
0.143224
0.438766
0.325757
0.168304
0.082905
0.044843
0.215289
0.277672
0.316590
0.113342
0.055300
0.112102
0.093496
0.348195
0.190626
0.114122
0.217965
0.423868
0.306280
0.214412
0.061288
0.154756
0.249862
0.311521
0.214978
0.081318
0.216724
0.152590
0.121030
0.213897
0.101161
0.180314
0.180648
0.399676
0.273293
0.152115
0.159892
0.160226
0.256740
0.355089
0.101750
0.236988
0.363172
0.155525
0.144637
0.253425
0.050984
0.125972
0.119935
0.357425
0.290951
0.040243
0.118678
0.090199
0.330128
0.304834
0.030798
0.424801
0.399671
0.127029
0.212460
0.340346
0.167912
0.027286
0.118167
0.270873
0.220252
0.132337
0.056169
0.172238
0.372732
0.239676
0.079938
0.454747
0.333999
0.110532
0.249942
0.413899
0.241071
0.107371
0.140435
0.260904
0.087768
0.150401
0.119902
0.183269
0.421638
0.194308
0.130993
0.320601
0.291253
0.086966
0.261395
0.314101
0.283420
0.033750
0.224476
0.365540
0.058959
0.185662
0.168630
0.136779
0.422651
0.151761
0.100837
0.102948
0.212278
0.097829
0.183101
0.229889
0.226008
0.075225
0.252249
0.278893
0.130990
0.280843
0.185944
0.098955
0.292270
0.150514
0.071184
0.081403
0.158550
0.044850
0.175267
0.136655
0.184826
0.092427
0.199485
0.164529
0.250145
0.306038
0.141555
0.170080
0.129406
0.218227
0.105879
0.163807
0.174244
0.170700
0.236779
0.177599
0.125562
0.042508
0.075466
0.340742
0.366258
0.307876
0.075764
0.252042
0.074878
0.246433
0.192563
0.213818
0.220003
0.169686
0.228307
0.209106
0.065803
0.128865
0.131487
0.386389
0.276849
0.240260
0.086170
0.277641
0.197770
0.267307
0.226474
0.243688
0.213830
0.125419
0.197941
0.121916
0.116524
0.217637
0.218368
0.348637
0.108238
0.110337
0.067551
0.209731
0.228416
0.257957
0.163132
0.217674
0.196854
0.076325
0.149195
0.063779
0.201585
0.241085
0.278189
0.262939
0.082710
0.098387
0.053047
0.091573
0.215894
0.350832
0.233198
0.134245
0.178695
0.065680
0.161644
0.062667
0.171614
0.167902
0.284672
0.158756
0.250631
0.218702
0.028822
0.100904
0.223356
0.379697
0.232296
0.077167
0.201035
0.198409
0.257322
0.069834
0.184456
0.067317
0.177218
0.091475
0.217396
0.286510
0.067302
0.166375
0.212751
0.283452
0.166445
0.054114
0.094565
0.267701
0.254351
0.162126
0.100796
0.150016
0.061883
0.068519
0.092172
0.287220
0.126554
0.198000
0.222749
0.282825
0.139088
0.071685
0.126188
0.248314
0.345450
0.227979
0.045821
0.360771
0.128799
0.080842
0.061730
0.134733
0.133376
0.233669
0.266626
0.376002
0.182217
0.207115
0.196014
0.248496
0.401927
0.259675
0.140485
0.479732
0.273518
0.062917
0.099570
0.215129
0.140020
0.235509
0.287218
0.410580
0.156392
0.233904
0.244238
0.258089
0.353024
0.217272
0.184678
0.486856
0.321476
0.137541
0.057898
0.299655
0.207326
0.207835
0.220877
0.237279
0.016613
0.197487
0.168899
0.270855
0.262735
0.136907
0.115553
0.330423
0.293720
0.261249
0.123057
0.257333
0.166501
0.166810
0.217094
0.059197
0.136800
0.218376
0.015356
0.294881
0.135734
0.221301
0.015526
0.185633
0.218137
0.288876
0.142538
0.137272
0.118993
0.110948
0.190182
0.234971
0.228099
0.217420
0.147189
0.257665
0.123765
0.269161
0.119005
0.104639
0.147171
0.211819
0.105195
0.095157
0.193304
0.146462
0.146234
0.308175
0.218644
0.086981
0.232685
0.162154
0.207857
0.142568
0.140022
0.153751
0.114969
0.036340
0.099944
0.117303
0.230838
0.208542
0.140860
0.251167
0.257543
0.173979
0.131302
0.084312
0.244718
0.029071
0.176819
0.185350
0.153304
0.156726
0.088319
0.175879
0.254554
0.157925
0.069018
0.265120
0.274231
0.377656
0.095296
0.075056
0.211219
0.063127
0.219068
0.208739
0.093784
0.263702
0.021290
0.120878
0.242515
0.088575
0.189460
0.366712
0.258744
0.392969
0.113865
0.170213
0.189083
0.162704
0.217592
0.203710
0.058968
0.304967
0.190821
0.065585
0.285792
0.240411
0.319418
0.389804
0.203978
0.378339
0.182014
0.127202
0.234848
0.161230
0.183805
0.158681
0.113568
0.312884
0.369636
0.227785
0.306718
0.300751
0.348453
0.356154
0.135369
0.290013
0.195160
0.128546
0.121114
0.140743
0.199612
0.106498
0.105341
0.265495
0.304959
0.332744
0.240593
0.189970
0.271241
0.183550
0.120044
0.126582
0.198088
0.186228
0.030105
0.167984
0.145338
0.119493
0.063058
0.152212
0.179649
0.334723
0.142878
0.072065
0.171578
0.188517
0.152471
0.232827
0.186056
0.243375
0.075700
0.151940
0.111717
0.112048
0.031843
0.064687
0.135775
0.215286
0.312138
0.007336
0.204708
0.444521
0.106337
0.334967
0.163052
0.167936
0.185437
0.133643
0.282057
0.087716
0.084120
0.088329
0.092072
0.096260
0.341616
0.051020
0.212767
0.540038
0.103592
0.404644
0.138401
0.087302
0.235776
0.089728
0.239942
0.077347
0.074839
0.044711
0.035912
0.145038
0.225810
0.129804
0.088517
0.427291
0.101240
0.376030
0.187653
0.039741
0.261319
0.026391
0.130996
0.021258
0.128344
0.085976
0.100052
0.113681
0.111212
0.110979
0.194596
0.260118
0.126763
0.455619
0.186561
0.103162
0.328174
0.098175
0.100254
0.097698
0.353089
0.269062
0.168857
0.067439
0.081003
0.093548
0.262580
0.096554
0.207529
0.402470
0.172139
0.204603
0.347470
0.102798
0.085213
0.192429
0.426109
0.458067
0.128001
0.122531
0.055531
0.040059
0.210871
0.065254
0.165322
0.202316
0.157005
0.222035
0.295802
0.150206
0.067215
0.266625
0.282912
0.427309
0.048880
0.111928
0.016799
0.027054
0.272528
0.127047
0.044358
0.121181
0.226833
0.221803
0.132644
0.133397
0.089288
0.235022
0.169080
0.215769
0.015369
0.141114
0.068577
0.024772
0.387119
0.121931
0.150563
0.350883
0.197678
0.147320
0.020511
0.160468
0.061494
0.141903
0.151805
0.042596
0.059858
0.186149
0.168127
0.013439
0.312119
0.099722
0.203848
0.424789
0.101176
0.065713
0.098362
0.264726
0.018577
0.172901
0.099832
0.230443
0.127271
0.208464
0.154707
0.131404
0.185043
0.140515
0.187220
0.419067
0.064915
0.188732
0.131774
0.308668
0.011837
0.182547
0.077024
0.301680
0.127251
0.151328
0.052396
0.267953
0.122405
0.223550
0.155853
0.315372
0.070572
0.247740
0.101898
0.179526
0.083013
0.109236
0.120248
0.234125
0.155695
0.143782
0.068592
0.302705
0.228098
0.177624
0.205177
0.141244
0.110180
0.288304
0.064014
0.080851
0.194106
0.072314
0.080154
0.137046
0.216440
0.122145
0.093716
0.327993
0.344447
0.197267
0.217814
0.042662
0.083983
0.332887
0.142652
0.187148
0.225622
0.189901
0.221033
0.166715
0.202346
0.048168
0.050103
0.282505
0.423437
0.246908
0.284312
0.165636
0.032196
0.374911
0.202292
0.233117
0.175777
0.242858
0.279431
0.160513
0.263123
0.204894
0.084346
0.194166
0.389746
0.182647
0.290638
0.152677
0.066879
0.354607
0.164547
0.226835
0.254283
0.132065
0.253901
0.124070
0.308192
0.249681
0.175619
0.194079
0.307384
0.181380
0.250030
0.040119
0.145454
0.294932
0.111418
0.222924
0.255571
0.112313
0.151284
0.135242
0.336102
0.227152
0.082960
0.267182
0.345575
0.186380
0.138750
0.124949
0.212572
0.123148
0.119692
0.140307
0.167635
0.144245
0.038643
0.096428
0.263738
0.200706
0.063580
0.268643
0.359587
0.167411
0.102129
0.163234
0.236908
0.138223
0.140200
0.113652
0.221540
0.091951
0.136224
0.067334
0.204077
0.106472
0.184825
0.325127
0.426978
0.043229
0.138557
0.245415
0.210951
0.339654
0.138064
0.171557
0.259037
0.013307
0.194874
0.185979
0.141272
0.185210
0.261252
0.413215
0.397991
0.031945
0.051608
0.309194
0.065828
0.440993
0.176170
0.213635
0.162171
0.072436
0.175752
0.147818
0.081077
0.346488
0.229908
0.395019
0.279192
0.084201
0.238254
0.245104
0.160261
0.377338
0.178330
0.180055
0.175702
0.097925
0.186901
0.089730
0.188570
0.482426
0.188249
0.320654
0.278087
0.210913
0.376557
0.103812
0.169812
0.240689
0.150981
0.137558
0.166213
0.145325
0.205833
0.134451
0.297036
0.487370
0.172012
0.320666
0.262848
0.279289
0.370746
0.063680
0.136438
0.201656
0.165543
0.132565
0.122154
0.191732
0.236916
0.137127
0.309302
0.400288
0.164604
0.301660
0.224034
0.218691
0.288254
0.036407
0.094424
0.177004
0.170882
0.179492
0.123060
0.155972
0.247616
0.170623
0.227898
0.250154
0.094335
0.234562
0.192181
0.244608
0.286855
0.108017
0.094215
0.149535
0.177626
0.152671
0.150060
0.102661
0.160016
0.229486
0.134347
0.107533
0.024186
0.207291
0.105901
0.189307
0.230966
0.091852
0.081099
0.137424
0.198616
0.068071
0.217307
0.056478
0.049970
0.245787
0.089747
0.047417
0.067467
0.271301
0.056922
0.172690
0.123679
0.075991
0.115130
0.115826
0.147222
0.273028
0.244261
0.063586
0.235391
0.162716
0.038236
0.123749
0.097949
0.283674
0.079079
0.183932
0.135175
0.198359
0.180941
0.073299
0.110235
0.404822
0.210869
0.151381
0.313412
0.094774
0.058221
0.175804
0.135427
0.265585
0.061577
0.159695
0.165347
0.209727
0.235550
0.057943
0.162214
0.462599
0.103055
0.145638
0.383049
0.050726
0.132784
0.212552
0.161260
0.250915
0.024603
0.122669
0.175097
0.122573
0.270829
0.086213
0.176086
0.481680
0.166583
0.037713
0.309077
0.134532
0.251035
0.257795
0.160582
0.146335
0.125918
0.118263
0.207743
0.190615
0.253874
0.188986
0.110844
0.411323
0.142661
0.129975
0.170656
0.232229
0.290869
0.189333
0.136076
0.069693
0.135089
0.114899
0.233952
0.307928
0.183244
0.251349
0.027453
0.189509
0.066020
0.295583
0.079593
0.260014
0.189206
0.104848
0.178813
0.043671
0.115601
0.088096
0.223921
0.377684
0.153087
0.246285
0.163976
0.275845
0.014835
0.308846
0.189030
0.173301
0.042724
0.094552
0.176368
0.024036
0.128114
0.188697
0.237854
0.336436
0.174192
0.241019
0.294121
0.378350
0.097060
0.252670
0.281713
0.089996
0.045589
0.115386
0.146917
0.120133
0.198846
0.241741
0.201590
0.304634
0.242623
0.283151
0.338341
0.259007
0.134357
0.187158
0.292248
0.116393
0.104120
0.043496
0.068783
0.268393
0.333388
0.220044
0.108531
0.322289
0.256907
0.309002
0.400328
0.216095
0.173237
0.109492
0.242378
0.021622
0.178899
0.138928
0.076113
0.393961
0.260882
0.200202
0.016595
0.253927
0.194750
0.297321
0.338774
0.276609
0.162224
0.044731
0.183813
0.176444
0.190240
0.292682
0.136147
0.384392
0.104311
0.183152
0.049258
0.173496
0.221104
0.265990
0.168515
0.461857
0.214711
0.085471
0.129717
0.180222
0.236918
0.333793
0.236283
0.314732
0.208635
0.121964
0.059605
0.330133
0.200557
0.131777
0.070522
0.543016
0.218841
0.170171
0.108867
0.172323
0.298751
0.324078
0.268108
0.182126
0.218942
0.056262
0.109477
0.423892
0.155337
0.022035
0.044255
0.472594
0.231127
0.215513
0.158116
0.186081
0.312870
0.204976
0.300573
0.058846
0.183454
0.073216
0.137943
0.383218
0.173679
0.090701
0.058813
0.336193
0.251506
0.164484
0.190857
0.293216
0.274113
0.126136
0.201033
0.189537
0.173631
0.088100
0.163782
0.352843
0.232675
0.130614
0.123340
0.310273
0.211957
0.052240
0.155116
0.286605
0.224280
0.350499
0.174441
0.282080
0.205299
0.189443
0.209533
0.306979
0.196783
0.075475
0.129723
0.238471
0.142964
0.218678
0.138987
0.182986
0.095487
0.390198
0.126622
0.306631
0.184960
0.329955
0.182584
0.208018
0.140867
0.094995
0.121123
0.167573
0.094394
0.215183
0.089493
0.203161
0.081438
0.344770
0.081840
0.149445
0.144192
0.374305
0.107870
0.127960
0.112179
0.218397
0.171226
0.095952
0.043663
0.177041
0.172506
0.253494
0.198324
0.237151
0.058070
0.053361
0.110293
0.341983
0.134091
0.122009
0.114146
0.318124
0.271149
0.027389
0.105177
0.143751
0.256296
0.275917
0.268850
0.098397
0.074858
0.137926
0.125547
0.256165
0.101501
0.089412
0.141948
0.362373
0.278520
0.166034
0.261193
0.144196
0.228402
0.252276
0.334992
0.018725
0.027178
0.189073
0.130048
0.206618
0.110853
0.116356
0.097945
0.270342
0.199034
0.301919
0.340198
0.155851
0.163757
0.277522
0.386298
0.092396
0.146400
0.191555
0.018408
0.145090
0.022056
0.248864
0.103833
0.150877
0.129042
0.345429
0.377326
0.107620
0.139178
0.278668
0.326298
0.181545
0.302618
0.136892
0.171933
0.123230
0.110854
0.274461
0.121509
0.190551
0.142240
0.376288
0.303170
0.105330
0.213942
0.148785
0.248594
0.250658
0.336830
0.105122
0.191424
0.295347
0.193633
0.266568
0.070235
0.256676
0.124563
0.384710
0.194018
0.026976
0.194421
0.104539
0.145681
0.224168
0.255177
0.114701
0.104515
0.432853
0.262720
0.230829
0.110290
0.279816
0.057715
0.308505
0.027123
0.169704
0.080375
0.244982
0.077549
0.158409
0.108637
0.190160
0.020855
0.466466
0.244521
0.215874
0.143724
0.240670
0.099033
0.278123
0.171104
0.162453
0.020578
0.294948
0.192178
0.110942
0.062657
0.326110
0.207362
0.397096
0.217414
0.177615
0.173054
0.199027
0.242857
0.237328
0.231076
0.109570
0.038870
0.320191
0.196435
0.103875
0.137721
0.438145
0.269947
0.257014
0.194228
0.156248
0.196667
0.189597
0.281323
0.187185
0.153412
0.119905
0.086911
0.295288
0.152548
0.067609
0.227266
0.449617
0.182697
0.290969
0.113685
0.157915
0.163411
0.199526
0.212117
0.066549
0.242747
0.111335
0.160317
0.268830
0.059811
0.183422
0.197869
0.381239
0.309941
0.267624
0.070854
0.212743
0.159831
0.179758
0.201766
0.226964
0.310707
0.074669
0.169167
0.103541
0.129268
0.229634
0.064829
0.253032
0.389178
0.296201
0.068061
0.293434
0.189324
0.140591
0.226719
0.323736
0.189211
0.066983
0.145321
0.073256
0.232601
0.149045
0.072542
0.136417
0.286726
0.288498
0.174273
0.250892
0.128777
0.192052
0.234583
0.295022
0.095359
0.147504
0.143102
0.160647
0.188719
0.079174
0.120244
0.209245
0.166430
0.227529
0.208422
0.268336
0.096754
0.263718
0.264703
0.244408
0.058356
0.088382
0.094614
0.189476
0.130094
0.081494
0.112889
0.385466
0.080742
0.058596
0.157569
0.242375
0.083204
0.166098
0.217682
0.120364
0.056479
0.037384
0.108609
0.158721
0.187523
0.054176
0.109812
0.416870
0.131541
0.211514
0.098141
0.235225
0.063130
0.074177
0.077682
0.081346
0.145044
0.129724
0.133289
0.096582
0.293435
0.185318
0.120976
0.351963
0.130870
0.321799
0.102079
0.234631
0.091163
0.157725
0.071554
0.179724
0.203142
0.262920
0.128118
0.067481
0.370232
0.283590
0.189365
0.256551
0.142739
0.315276
0.072474
0.242104
0.089679
0.177966
0.191552
0.161880
0.137413
0.293308
0.113436
0.093500
0.302057
0.304301
0.223958
0.173342
0.186007
0.278072
0.045619
0.188728
0.158132
0.171269
0.296634
0.155697
0.165606
0.183403
0.106083
0.260239
0.155348
0.304557
0.250437
0.194039
0.255796
0.187058
0.137143
0.267293
0.214427
0.172201
0.379315
0.113326
0.300359
0.212852
0.070795
0.368532
0.086839
0.283679
0.177800
0.086008
0.277533
0.042291
0.191126
0.293813
0.242275
0.175490
0.411040
0.111730
0.307294
0.149762
0.066656
0.376604
0.019744
0.390104
0.159488
0.128269
0.283449
0.071255
0.102156
0.222905
0.205745
0.171105
0.341739
0.211144
0.262008
0.081537
0.039428
0.349432
0.025052
0.346068
