# G_3, p = 0.2000 GPa (dir_2000.0_bar).
# 6MR distortion Gamma = (1/2)(max - min) over the three opposite-O diagonals.
# 24 rings x 101 frames = 2424 samples.
# Column: per-6MR Gamma [A]
0.002035
0.001996
0.001924
0.001996
0.001924
0.001866
0.002075
0.002065
0.001873
0.001880
0.002017
0.001923
0.001730
0.001698
0.002112
0.002160
0.001652
0.001719
0.001799
0.001678
0.001686
0.001732
0.001668
0.001629
0.069833
0.229349
0.091234
0.063719
0.134407
0.066161
0.094162
0.122129
0.067610
0.099615
0.009144
0.117935
0.083517
0.223077
0.167583
0.079925
0.050807
0.202650
0.115737
0.164366
0.089695
0.085169
0.055719
0.051471
0.033488
0.262518
0.142707
0.065629
0.285347
0.213826
0.186817
0.187087
0.236300
0.161763
0.042113
0.209696
0.022962
0.448139
0.286892
0.110587
0.191076
0.355185
0.231059
0.287896
0.143796
0.110033
0.130447
0.049688
0.077886
0.204735
0.143187
0.113541
0.479159
0.291650
0.233838
0.254813
0.299014
0.155399
0.039175
0.207546
0.062781
0.512137
0.234125
0.122817
0.273835
0.426783
0.197041
0.337295
0.241910
0.046802
0.162793
0.019084
0.057403
0.318998
0.222692
0.087893
0.609609
0.163919
0.237717
0.254477
0.212242
0.117794
0.100930
0.118718
0.051436
0.475511
0.087307
0.147070
0.185281
0.382899
0.075124
0.304323
0.354430
0.171787
0.300201
0.142748
0.124398
0.314598
0.344512
0.043065
0.595084
0.085432
0.257153
0.315341
0.113950
0.174657
0.263984
0.107487
0.058394
0.391713
0.021996
0.147723
0.108238
0.306874
0.096257
0.162871
0.267792
0.308234
0.333744
0.233826
0.201309
0.201423
0.291452
0.019657
0.499461
0.112878
0.243381
0.381842
0.051008
0.152389
0.368785
0.178781
0.114193
0.282249
0.058485
0.152883
0.077501
0.166480
0.202202
0.078093
0.185347
0.346631
0.273439
0.155713
0.236772
0.204735
0.232995
0.119288
0.430284
0.182101
0.211581
0.385857
0.117538
0.154149
0.313523
0.169922
0.218897
0.117188
0.066936
0.164932
0.063072
0.080739
0.235390
0.093046
0.208115
0.276414
0.176477
0.094006
0.290162
0.206738
0.239019
0.200171
0.214729
0.239679
0.207623
0.280913
0.028217
0.176791
0.206512
0.107521
0.284013
0.076121
0.098298
0.176557
0.050187
0.164215
0.254625
0.125748
0.233150
0.148061
0.117515
0.344973
0.273651
0.206992
0.303033
0.196914
0.254129
0.286943
0.226662
0.108455
0.094336
0.183975
0.254834
0.079449
0.292969
0.227982
0.134332
0.180164
0.026692
0.211402
0.251716
0.150995
0.159355
0.200332
0.011553
0.432241
0.284478
0.190844
0.392365
0.250994
0.380654
0.307956
0.198859
0.221650
0.137900
0.183267
0.269264
0.090389
0.222266
0.225821
0.209060
0.108114
0.082168
0.262814
0.210570
0.239274
0.241090
0.261451
0.168785
0.351447
0.354010
0.237469
0.331241
0.215803
0.341200
0.311892
0.113053
0.238982
0.266372
0.133620
0.151754
0.065231
0.143423
0.153329
0.279626
0.088873
0.200215
0.252763
0.153378
0.324360
0.350812
0.223738
0.275665
0.213433
0.323710
0.285817
0.256921
0.161566
0.222305
0.201805
0.139677
0.155217
0.240945
0.091258
0.056135
0.115656
0.148520
0.219970
0.272894
0.126155
0.183614
0.161368
0.150841
0.286451
0.305413
0.105987
0.202733
0.182210
0.260283
0.283540
0.258668
0.062700
0.146288
0.091373
0.198607
0.082639
0.069912
0.064253
0.027423
0.192256
0.160721
0.204956
0.282304
0.114112
0.024706
0.166724
0.212521
0.179947
0.196111
0.032406
0.006934
0.211762
0.303992
0.171198
0.337773
0.023726
0.197105
0.120313
0.110349
0.067218
0.109770
0.108379
0.055343
0.257382
0.239698
0.080718
0.293559
0.039150
0.187697
0.134418
0.273318
0.120554
0.181298
0.114537
0.160158
0.251470
0.379191
0.077092
0.455096
0.018745
0.143557
0.087023
0.131748
0.065111
0.189618
0.138189
0.207372
0.224759
0.267355
0.100392
0.215150
0.109321
0.259181
0.073490
0.346526
0.171951
0.238688
0.088778
0.257579
0.233731
0.378469
0.044407
0.557273
0.057802
0.049156
0.142656
0.232680
0.063895
0.246159
0.115671
0.369285
0.087243
0.256623
0.172390
0.142990
0.280587
0.315607
0.177250
0.403055
0.239056
0.238982
0.120422
0.292410
0.122651
0.329676
0.059739
0.485066
0.041875
0.089171
0.183161
0.190843
0.109164
0.266806
0.183930
0.385931
0.215735
0.179176
0.156545
0.095236
0.369135
0.345132
0.236284
0.323395
0.169464
0.292157
0.200690
0.296909
0.079827
0.293009
0.074333
0.322509
0.167268
0.089640
0.228924
0.151173
0.207771
0.241566
0.262982
0.345515
0.216743
0.040625
0.182873
0.118529
0.343394
0.206811
0.217140
0.284216
0.038598
0.297650
0.137842
0.190344
0.163817
0.344752
0.042241
0.189908
0.268657
0.091013
0.189300
0.182884
0.247566
0.268302
0.366613
0.243514
0.164090
0.030481
0.154774
0.105228
0.250828
0.028527
0.091852
0.161622
0.151246
0.248957
0.065869
0.082269
0.106404
0.412424
0.062108
0.148798
0.318142
0.076797
0.133347
0.212901
0.171737
0.282314
0.307902
0.095725
0.179733
0.069942
0.033998
0.121772
0.154142
0.155915
0.135296
0.105731
0.132017
0.129383
0.103042
0.053574
0.029262
0.450228
0.206606
0.095740
0.311942
0.046700
0.043859
0.192975
0.126485
0.158553
0.220003
0.109804
0.200394
0.197403
0.127710
0.166894
0.147880
0.235261
0.273852
0.156477
0.103717
0.052150
0.141578
0.033164
0.090889
0.476414
0.297213
0.041999
0.216038
0.100111
0.140925
0.126873
0.236329
0.029752
0.127300
0.258035
0.184334
0.278180
0.215487
0.234739
0.181466
0.206226
0.264921
0.266634
0.081014
0.032075
0.128318
0.066610
0.133316
0.414213
0.277494
0.076433
0.153439
0.176096
0.209987
0.052160
0.305938
0.116029
0.076472
0.308382
0.197775
0.234262
0.311057
0.351981
0.178088
0.086629
0.239824
0.304546
0.028787
0.027846
0.186946
0.147033
0.232651
0.291201
0.136683
0.132429
0.149562
0.177351
0.244403
0.055363
0.261672
0.221181
0.054481
0.320376
0.136939
0.123247
0.300277
0.373107
0.103390
0.075529
0.211326
0.247286
0.155706
0.136073
0.227141
0.267018
0.254023
0.199695
0.082973
0.205053
0.185401
0.087624
0.218152
0.077131
0.100482
0.402025
0.075146
0.304016
0.011546
0.101640
0.223245
0.248263
0.096379
0.137176
0.189709
0.110781
0.206467
0.197830
0.189859
0.408293
0.237027
0.229595
0.189642
0.297452
0.121740
0.052777
0.100050
0.110968
0.108739
0.474091
0.143372
0.313396
0.227404
0.113192
0.180385
0.114227
0.177605
0.089596
0.157960
0.041612
0.180395
0.201524
0.111882
0.415268
0.291266
0.248711
0.263586
0.320078
0.185004
0.205324
0.177313
0.168252
0.230767
0.343982
0.114971
0.254317
0.464665
0.082624
0.118118
0.141589
0.172511
0.049400
0.111727
0.179096
0.176150
0.196566
0.100000
0.280418
0.259023
0.159251
0.293288
0.262352
0.310644
0.266871
0.311203
0.218624
0.270352
0.215948
0.206628
0.151698
0.564977
0.053619
0.024481
0.301202
0.115463
0.063662
0.100420
0.273200
0.208258
0.119269
0.096098
0.131607
0.109291
0.027477
0.279797
0.170963
0.331506
0.174992
0.366573
0.272988
0.200538
0.190469
0.333095
0.068351
0.430197
0.028703
0.122819
0.383337
0.141971
0.068447
0.076240
0.259749
0.291523
0.120370
0.083642
0.135110
0.072017
0.143814
0.193016
0.096242
0.242727
0.117656
0.422945
0.267357
0.083109
0.216347
0.381512
0.042811
0.214208
0.076195
0.256673
0.363859
0.171656
0.098085
0.078339
0.178257
0.322688
0.183633
0.124194
0.052366
0.126373
0.247438
0.122827
0.057557
0.118142
0.156741
0.424716
0.201898
0.087649
0.217671
0.357182
0.043236
0.095733
0.136828
0.372524
0.285386
0.159858
0.145191
0.115719
0.101019
0.240298
0.162878
0.163551
0.140486
0.214238
0.293223
0.113300
0.050925
0.075991
0.168728
0.401632
0.148012
0.117800
0.195191
0.298510
0.034668
0.124075
0.176365
0.371828
0.269325
0.135158
0.149854
0.131918
0.036104
0.061104
0.134639
0.261056
0.118141
0.291759
0.237958
0.081757
0.125940
0.131901
0.106292
0.476606
0.147810
0.156972
0.138372
0.223363
0.114665
0.147832
0.114504
0.252758
0.168536
0.048237
0.063258
0.136519
0.105762
0.143795
0.089524
0.291810
0.094463
0.274843
0.149032
0.013000
0.194026
0.112564
0.036534
0.500168
0.203538
0.165713
0.147295
0.174632
0.186230
0.184900
0.069574
0.269146
0.034225
0.056413
0.186179
0.173753
0.119991
0.144544
0.088252
0.252476
0.106363
0.180512
0.175918
0.094635
0.161472
0.132079
0.139857
0.542929
0.268420
0.161147
0.167654
0.210999
0.236072
0.290443
0.076578
0.327620
0.193385
0.172581
0.175703
0.256211
0.106598
0.164614
0.164822
0.256684
0.074051
0.033456
0.138376
0.115345
0.113210
0.172895
0.225584
0.437416
0.300644
0.225078
0.170486
0.240709
0.256415
0.390481
0.018168
0.313821
0.356896
0.320274
0.107181
0.296007
0.077987
0.258527
0.202770
0.211077
0.206860
0.211437
0.074791
0.188483
0.233900
0.139592
0.340802
0.182416
0.284129
0.360465
0.170149
0.139800
0.210911
0.379394
0.067307
0.154049
0.377899
0.329990
0.071621
0.272973
0.021397
0.280974
0.269491
0.027525
0.169718
0.297419
0.126340
0.258569
0.306927
0.060270
0.428671
0.034713
0.296455
0.359599
0.173285
0.121998
0.169290
0.221658
0.087539
0.098271
0.292004
0.242585
0.092565
0.171411
0.063866
0.220376
0.347594
0.164280
0.094147
0.224691
0.138528
0.263189
0.320748
0.077499
0.311876
0.195245
0.200917
0.255337
0.141478
0.211166
0.094602
0.088414
0.091474
0.206615
0.202329
0.183305
0.123587
0.094736
0.083034
0.151490
0.316821
0.209691
0.133844
0.162174
0.170468
0.222234
0.292988
0.229878
0.189901
0.348506
0.112077
0.135402
0.048586
0.170912
0.059714
0.205203
0.146412
0.213029
0.143428
0.067290
0.135726
0.108371
0.152787
0.069918
0.160662
0.294554
0.032521
0.157982
0.216250
0.250385
0.247921
0.213958
0.077938
0.478277
0.064109
0.094770
0.095803
0.166840
0.134973
0.209101
0.240674
0.138492
0.137231
0.142240
0.166022
0.133552
0.222141
0.069977
0.030130
0.317921
0.058284
0.211323
0.287601
0.337003
0.242458
0.114097
0.110265
0.457727
0.094041
0.046109
0.211981
0.188641
0.187846
0.172431
0.226611
0.021967
0.149389
0.276848
0.158864
0.083397
0.216159
0.165478
0.142165
0.188641
0.027535
0.258049
0.264308
0.362870
0.176298
0.051342
0.172378
0.306541
0.113504
0.072684
0.309135
0.119123
0.161878
0.078817
0.189102
0.084550
0.127566
0.291203
0.071699
0.162763
0.142899
0.154150
0.245996
0.145871
0.021990
0.217958
0.151665
0.210446
0.097953
0.128515
0.226920
0.159945
0.183172
0.081754
0.306728
0.074490
0.143455
0.067105
0.156161
0.089556
0.079415
0.270466
0.086564
0.302636
0.044932
0.115784
0.275338
0.256741
0.037915
0.245880
0.094436
0.062372
0.197222
0.202928
0.262857
0.111337
0.287925
0.149434
0.194197
0.173517
0.071857
0.133511
0.093125
0.050762
0.084190
0.262041
0.099479
0.369838
0.062717
0.126917
0.214223
0.242242
0.027777
0.287159
0.122612
0.136350
0.279399
0.190941
0.333621
0.143109
0.315342
0.210828
0.123698
0.054465
0.060970
0.111679
0.037965
0.095314
0.163064
0.270433
0.056838
0.386379
0.163882
0.179009
0.133139
0.222625
0.111148
0.267736
0.227718
0.150302
0.160553
0.089170
0.266119
0.159529
0.242074
0.211743
0.129613
0.080594
0.173846
0.033053
0.075546
0.163135
0.136793
0.152330
0.093467
0.379336
0.279449
0.175360
0.130266
0.137883
0.105426
0.172257
0.264159
0.245245
0.041419
0.070421
0.259396
0.100889
0.150789
0.164075
0.179705
0.134518
0.226449
0.123110
0.090987
0.246884
0.100126
0.241938
0.166964
0.255833
0.326265
0.040639
0.112599
0.111659
0.100680
0.075415
0.218368
0.356858
0.051611
0.034970
0.310819
0.180542
0.122267
0.127003
0.236497
0.107249
0.242178
0.210101
0.028780
0.247047
0.111663
0.417769
0.192063
0.147338
0.255730
0.141622
0.061750
0.329618
0.140401
0.224376
0.285255
0.339097
0.063042
0.091742
0.238689
0.246443
0.148846
0.089884
0.221081
0.046008
0.278906
0.212550
0.120606
0.225372
0.097821
0.505975
0.206410
0.173760
0.184643
0.194138
0.148337
0.466553
0.196348
0.317361
0.247314
0.237678
0.094627
0.203400
0.185311
0.212674
0.197161
0.036533
0.085906
0.048771
0.210243
0.203317
0.154923
0.168189
0.042582
0.467169
0.182823
0.199456
0.105892
0.203267
0.148152
0.456605
0.170361
0.266211
0.287071
0.191101
0.131300
0.279160
0.163982
0.126728
0.327772
0.130869
0.201207
0.073788
0.095602
0.252468
0.206031
0.086883
0.043085
0.253840
0.062409
0.154292
0.025330
0.237338
0.131437
0.367106
0.059073
0.127001
0.316876
0.184980
0.091633
0.288096
0.225406
0.065381
0.438051
0.215259
0.273297
0.051027
0.179370
0.197493
0.252710
0.062447
0.080083
0.156106
0.043169
0.131379
0.160228
0.252436
0.157746
0.269979
0.067002
0.080500
0.238133
0.059836
0.032569
0.234159
0.319397
0.099665
0.415156
0.213137
0.249596
0.133035
0.221488
0.003450
0.229542
0.084695
0.045187
0.324152
0.052584
0.161702
0.254101
0.271149
0.154309
0.161894
0.055180
0.122609
0.218305
0.130341
0.130382
0.107500
0.352387
0.228462
0.320372
0.151934
0.205092
0.118037
0.287146
0.223542
0.145041
0.136101
0.039607
0.466307
0.098473
0.177486
0.308894
0.162913
0.166007
0.199290
0.067199
0.045985
0.169672
0.250433
0.177204
0.099316
0.387359
0.263626
0.331969
0.125087
0.210950
0.100161
0.181360
0.316535
0.084820
0.215571
0.091980
0.513711
0.070225
0.176483
0.377689
0.155639
0.177868
0.141932
0.113659
0.111516
0.056104
0.326180
0.135046
0.223042
0.299377
0.232944
0.334161
0.164381
0.240701
0.173878
0.102239
0.322680
0.034902
0.253545
0.109557
0.546639
0.065603
0.292840
0.400004
0.105539
0.090098
0.051583
0.159179
0.050532
0.163501
0.273805
0.117486
0.272313
0.139461
0.249676
0.420106
0.098818
0.185068
0.233020
0.085647
0.327255
0.028020
0.191745
0.083618
0.477873
0.178784
0.313429
0.328912
0.123940
0.094208
0.078669
0.180136
0.179458
0.322321
0.210436
0.087381
0.331558
0.038803
0.243482
0.346506
0.150217
0.133360
0.167548
0.118134
0.278134
0.039688
0.093930
0.055771
0.280240
0.202721
0.180810
0.269084
0.181921
0.166590
0.135684
0.221872
0.234516
0.383457
0.145990
0.169717
0.355838
0.226894
0.185155
0.322010
0.285711
0.143038
0.161422
0.080878
0.261498
0.114422
0.100604
0.069701
0.010665
0.220114
0.025170
0.188842
0.224597
0.101459
0.157130
0.297001
0.109586
0.340361
0.054251
0.280242
0.282125
0.370022
0.116083
0.281246
0.303869
0.147402
0.193485
0.062657
0.242004
0.134760
0.127388
0.135300
0.125397
0.052907
0.140230
0.131528
0.229017
0.085917
0.163119
0.277364
0.100257
0.253249
0.081461
0.229938
0.242370
0.394524
0.116782
0.236466
0.358880
0.235548
0.184668
0.174357
0.162679
0.240954
0.166529
0.217533
0.166910
0.183212
0.201263
0.039643
0.201479
0.219095
0.179309
0.157086
0.246491
0.171381
0.276202
0.119164
0.136416
0.348366
0.219293
0.221595
0.326009
0.345105
0.251909
0.176798
0.068698
0.310414
0.170212
0.226548
0.168315
0.250119
0.158029
0.175479
0.167400
0.289593
0.275103
0.226133
0.328469
0.037314
0.460636
0.136371
0.037557
0.206289
0.241944
0.242789
0.255972
0.315407
0.234668
0.110652
0.045376
0.269515
0.162637
0.275014
0.129407
0.269760
0.044830
0.255502
0.146573
0.303935
0.299648
0.312732
0.261390
0.061529
0.523445
0.063320
0.069907
0.086069
0.142704
0.242964
0.315014
0.184426
0.141557
0.087212
0.085975
0.235522
0.138561
0.360746
0.156911
0.206097
0.044271
0.297222
0.111088
0.233579
0.113251
0.413061
0.080819
0.034611
0.417678
0.143164
0.065779
0.057395
0.214841
0.227425
0.332194
0.058604
0.156657
0.100954
0.155985
0.198212
0.044501
0.314880
0.090350
0.236398
0.042047
0.253648
0.048598
0.089763
0.123901
0.448661
0.165664
0.037734
0.209545
0.245998
0.079249
0.026843
0.379887
0.131363
0.280514
0.048822
0.170014
0.182153
0.201422
0.147283
0.036677
0.084986
0.125813
0.259738
0.067338
0.199234
0.070440
0.071460
0.223752
0.302497
0.279253
0.092761
0.047611
0.227906
0.106953
0.061016
0.327239
0.217725
0.147143
0.029831
0.109082
0.304402
0.252357
0.280809
0.093803
0.172308
0.250889
0.175462
0.194732
0.217455
0.224356
0.143423
0.309835
0.133897
0.295312
0.301814
0.106317
0.150812
0.197759
0.127101
0.174247
0.340450
0.032912
0.020623
0.101585
0.322617
0.252155
0.428109
0.070043
0.342389
0.308930
0.119637
0.306288
0.245324
0.295848
0.180787
0.361831
0.145873
0.211856
0.343864
0.200727
0.157587
0.207708
0.205506
0.027059
0.314672
0.157822
0.060670
0.184030
0.267112
0.229889
0.532632
0.106681
0.363999
0.224075
0.146167
0.358577
0.165057
0.186655
0.077304
0.285778
0.380247
0.105867
0.288745
0.272762
0.222279
0.237597
0.317938
0.109939
0.284188
0.282385
0.111884
0.211539
0.182709
0.212824
0.435501
0.209384
0.376508
0.018205
0.123172
0.345304
0.104584
0.052383
0.109343
0.218194
0.475901
0.060076
0.288366
0.280114
0.315060
0.246196
0.376072
0.184641
0.288146
0.334573
0.150926
0.153578
0.110037
0.257149
0.102467
0.209701
0.333922
0.176459
0.172980
0.213774
0.101958
0.067124
0.158436
0.280043
0.359493
0.078908
0.308668
0.231383
0.323506
0.153147
0.307325
0.203227
0.236543
0.301495
0.164772
0.067531
0.217474
0.254205
0.180140
0.155635
0.247495
0.192936
0.336132
0.156014
0.112155
0.184754
0.140508
0.321637
0.250257
0.188448
0.257262
0.143879
0.265344
0.066937
0.211131
0.184876
0.187568
0.235784
0.160609
0.061692
0.279655
0.252592
0.322266
0.232302
0.174326
0.111559
0.311874
0.163722
0.101424
0.212364
0.060098
0.244859
0.130927
0.309655
0.142850
0.103010
0.186684
0.160432
0.049419
0.185348
0.305250
0.159011
0.193259
0.035701
0.352788
0.337969
0.335929
0.300864
0.132602
0.085723
0.248520
0.173485
0.114433
0.184818
0.105364
0.142659
0.076425
0.327986
0.044132
0.110008
0.229645
0.210624
0.147127
0.137305
0.345134
0.140938
0.221240
0.022766
0.393843
0.412123
0.175852
0.286878
0.130186
0.164308
0.233270
0.153997
0.244485
0.124050
0.144880
0.298540
0.109769
0.238349
0.195301
0.137387
0.331624
0.188917
0.239599
0.105453
0.335433
0.214921
0.198778
0.088358
0.381868
0.435799
0.052420
0.158148
0.098497
0.271876
0.174815
0.100973
0.298245
0.040014
0.066095
0.352135
0.003859
0.106931
0.275150
0.148232
0.427639
0.101934
0.165488
0.112302
0.223753
0.158093
0.211842
0.180061
0.352835
0.329997
0.119591
0.104724
0.074351
0.320913
0.126656
0.171157
0.210469
0.059692
0.113035
0.339103
0.062846
0.149662
0.234428
0.102182
0.394629
0.064331
0.125470
0.147271
0.133589
0.074981
0.270396
0.157005
0.250488
0.192555
0.137127
0.315796
0.150556
0.265913
0.133514
0.331393
0.026565
0.114991
0.035990
0.325966
0.035029
0.236128
0.275869
0.132561
0.261877
0.054142
0.061052
0.283760
0.096884
0.155497
0.218637
0.076654
0.257111
0.195796
0.180899
0.427032
0.189044
0.065260
0.106650
0.398513
0.154347
0.125181
0.126045
0.268854
0.113817
0.289908
0.273396
0.148759
0.117873
0.016764
0.090443
0.389440
0.044007
0.211712
0.047500
0.099560
0.154048
0.347359
0.208002
0.356668
0.232813
0.214939
0.087813
0.320371
0.159058
0.088565
0.212250
0.150897
0.146602
0.304194
0.162269
0.196728
0.099221
0.032341
0.239153
0.366711
0.117422
0.123626
0.144345
0.108589
0.134654
0.347761
0.209576
0.292248
0.272566
0.255572
0.071613
0.185017
0.168039
0.097192
0.249988
0.032249
0.131222
0.155359
0.093660
0.209012
0.273316
0.057553
0.302229
0.242951
0.127337
0.126382
0.284003
0.129941
0.274303
0.376605
0.186330
0.238481
0.252256
0.308028
0.125756
0.147708
0.228371
0.151630
0.294975
0.178719
0.013028
0.182204
0.132869
0.111613
0.415811
0.049810
0.239972
0.123841
0.083141
0.172006
0.356108
0.153284
0.423124
0.358773
0.159901
0.177629
0.179143
0.333512
0.231477
0.139795
0.236447
0.222305
0.257362
0.237752
0.159053
0.173077
0.168985
0.028326
0.461031
0.128529
0.113183
0.148587
0.081448
0.133239
0.434062
0.211302
0.421479
0.265399
0.149276
0.150602
0.109069
0.217470
0.307125
0.164482
0.156066
0.230745
0.150559
0.209794
0.230779
0.242035
0.206042
0.122825
0.359862
0.218663
0.068522
0.116332
0.175638
0.033538
0.388663
0.251846
0.379953
0.154062
0.223200
0.080960
0.174453
0.074011
0.273321
0.181863
0.065320
0.155168
0.165707
0.187896
0.230035
0.300172
0.181105
0.281019
0.425607
0.164543
0.219487
0.072195
0.247231
0.162597
0.219450
0.247162
0.322136
0.134249
0.361696
0.110294
0.283069
0.072322
0.130109
0.114420
0.020474
0.086739
0.304678
0.165866
0.175732
0.287676
0.074297
0.367667
0.403002
0.070865
0.295404
0.203660
0.201170
0.177257
0.073256
0.086093
0.301530
0.057112
0.367584
0.273339
0.287133
0.127255
0.061006
0.186944
0.024984
0.181876
0.430691
0.133598
0.136299
0.269964
0.172375
0.400837
0.201957
0.204723
0.267137
0.255655
0.156511
0.151864
0.101319
0.070728
0.272198
0.076221
0.256330
0.225423
0.264768
0.220410
0.180265
0.258436
0.132972
0.188623
0.404061
0.086470
0.192549
0.187343
0.219831
0.328552
0.029479
0.337985
0.252742
0.218729
0.175319
0.135070
0.211770
0.099877
0.250954
0.169309
0.044966
0.103933
0.301740
0.255990
0.248482
0.223998
0.310542
0.160283
0.225270
0.005073
0.270880
0.078370
0.157198
0.144159
0.117578
0.289969
0.262383
0.181494
0.027873
0.161872
0.264450
0.165711
0.206262
0.206395
0.153356
0.076495
0.270938
0.125238
0.174002
0.154620
0.373591
0.178069
0.173297
0.083296
0.292090
0.126546
0.131360
0.166820
0.212843
0.199064
0.131210
0.191923
0.163760
0.233838
0.199322
0.284604
0.098872
0.194863
0.191793
0.081630
0.308318
0.116349
0.088693
0.161366
0.272803
0.267155
0.189738
0.140682
0.311513
0.141186
0.095754
0.218692
0.288132
0.193219
0.165968
0.200095
0.116764
0.245411
0.162872
0.299794
0.143276
0.177760
0.238256
0.109863
0.283163
0.340220
0.026680
0.129201
0.214626
0.373088
0.228796
0.202089
0.336376
0.146958
0.034668
0.237419
0.249621
0.240246
0.176676
0.232357
0.095678
0.175365
0.192746
0.236603
0.325634
0.135617
0.311053
0.117861
0.225624
0.410657
0.073335
0.091610
0.197367
0.337225
0.266133
0.221340
0.269758
0.149289
0.035594
0.204001
0.195777
0.164826
0.047604
0.261287
0.032579
0.074706
0.245113
0.138216
0.505355
0.057996
0.307490
0.231042
0.112510
0.445081
0.130214
0.042950
0.238095
0.217768
0.177361
0.278559
0.132476
0.197087
0.096692
0.121443
0.147946
0.148141
0.144516
0.191929
0.132927
0.182527
0.213265
0.052009
0.598053
0.068258
0.272685
0.367234
0.043603
0.454562
0.193345
0.139302
0.202891
0.105472
0.081920
0.307988
0.102781
0.197861
0.174670
0.074157
0.101995
0.157011
0.265143
0.020551
0.191705
0.367991
0.142834
0.007609
0.501377
0.198848
0.169024
0.387151
0.163496
0.396562
0.190245
0.197226
0.169970
0.032089
0.084422
0.338521
0.304523
0.175457
0.198661
0.049726
0.164011
0.174600
0.308521
0.145121
0.229217
0.489377
0.138427
0.035793
0.305660
0.271577
0.119868
0.261655
0.213859
0.255285
0.195048
0.187184
0.171221
0.125808
0.082137
0.275934
0.367281
0.149519
0.103069
0.044260
0.178050
0.145552
0.173089
0.258555
0.346883
0.453004
0.082635
0.081201
0.103995
0.284577
0.137107
0.212291
0.232263
0.112950
0.215487
0.167277
0.249658
0.273169
0.181491
0.043890
0.306693
0.169684
0.083405
0.087589
0.288448
0.100820
0.142113
0.292410
0.454649
0.316179
0.079479
0.155854
0.093733
0.222638
0.149260
0.181663
0.258778
0.072958
0.247562
0.124105
0.446742
0.292387
0.181895
0.221004
0.281497
0.134021
