# G_4, p = 0.0000 GPa (dir_0.0_bar).
# D8R-only: 48 rings x 101 frames = 4848 samples.
# Column: per-D8R Delta [A]
0.010024
0.007538
0.007147
0.011836
0.010309
0.007452
0.007168
0.011306
0.009430
0.008304
0.006177
0.009442
0.009104
0.008482
0.006104
0.009914
0.009567
0.007910
0.006440
0.011766
0.010541
0.007947
0.006601
0.010192
0.009410
0.007785
0.006753
0.010212
0.009407
0.008190
0.006819
0.010473
0.009381
0.008302
0.006488
0.011288
0.010136
0.007619
0.006634
0.010147
0.010585
0.007786
0.006926
0.009332
0.008871
0.008085
0.006584
0.011820
0.018232
0.082439
0.108845
0.134229
0.024096
0.018859
0.097973
0.036932
0.169494
0.054884
0.029939
0.104887
0.065476
0.118483
0.105216
0.101579
0.078350
0.108856
0.078190
0.072660
0.059687
0.047221
0.330199
0.119824
0.055935
0.031415
0.082214
0.106280
0.077670
0.046032
0.085961
0.189186
0.069486
0.082629
0.184715
0.056763
0.096061
0.116130
0.060030
0.167486
0.102263
0.097588
0.116072
0.065199
0.197826
0.065293
0.028918
0.028791
0.035514
0.149315
0.142914
0.083005
0.119578
0.092151
0.109945
0.067146
0.273720
0.100856
0.060994
0.202865
0.030001
0.184405
0.217312
0.072912
0.008970
0.185407
0.274621
0.122091
0.043719
0.130369
0.443423
0.131295
0.088271
0.109175
0.081691
0.232523
0.207738
0.102806
0.284752
0.290469
0.108413
0.071647
0.368964
0.103453
0.190642
0.193325
0.136652
0.251964
0.106394
0.059170
0.172937
0.087013
0.299829
0.087547
0.145905
0.058097
0.081021
0.252641
0.096531
0.119971
0.178001
0.226650
0.168512
0.148380
0.472088
0.147779
0.099208
0.263137
0.058474
0.160020
0.241783
0.008332
0.041956
0.169611
0.362968
0.251266
0.081308
0.151873
0.309768
0.088932
0.166936
0.302806
0.111609
0.367989
0.289959
0.134931
0.371033
0.283926
0.154773
0.175120
0.414675
0.081443
0.268314
0.197023
0.183310
0.299726
0.034463
0.030614
0.192559
0.090849
0.217363
0.089750
0.308694
0.182760
0.121300
0.285625
0.055682
0.262150
0.135426
0.365434
0.147263
0.168260
0.592118
0.054623
0.033945
0.206185
0.147640
0.123541
0.240801
0.063980
0.048904
0.292957
0.279488
0.330270
0.137410
0.175653
0.259344
0.071756
0.231059
0.350355
0.148169
0.287081
0.219382
0.055567
0.275596
0.286054
0.236686
0.157508
0.573976
0.028892
0.358029
0.133577
0.207702
0.404549
0.153108
0.097201
0.169732
0.127903
0.240628
0.134664
0.415132
0.247866
0.035005
0.303669
0.106067
0.300616
0.055183
0.472773
0.115513
0.079718
0.545659
0.048870
0.120098
0.199339
0.236716
0.138101
0.389117
0.165293
0.090863
0.359804
0.162055
0.353412
0.162519
0.215427
0.315709
0.141300
0.289442
0.285440
0.213682
0.185953
0.156729
0.048809
0.208364
0.360139
0.316043
0.226659
0.634398
0.063546
0.421475
0.074560
0.156826
0.457938
0.192631
0.136491
0.225829
0.181693
0.048188
0.150071
0.399765
0.209958
0.032958
0.313098
0.183514
0.337275
0.109744
0.454713
0.115349
0.118328
0.397230
0.112710
0.193846
0.226846
0.195175
0.137719
0.402986
0.220294
0.064067
0.257956
0.132821
0.345706
0.121797
0.260434
0.280919
0.183281
0.231752
0.319526
0.263331
0.304036
0.248518
0.212709
0.334139
0.365371
0.430341
0.265172
0.498958
0.232715
0.494874
0.066986
0.055762
0.431934
0.210123
0.124559
0.188792
0.161642
0.135375
0.122447
0.222524
0.132935
0.080612
0.239226
0.424077
0.402073
0.178700
0.410301
0.120571
0.044057
0.298214
0.150106
0.252171
0.290519
0.176593
0.137536
0.381592
0.142785
0.080794
0.117284
0.181077
0.377051
0.137011
0.315106
0.159566
0.183790
0.133675
0.439472
0.099699
0.455846
0.391755
0.258439
0.280084
0.387080
0.494586
0.179162
0.351259
0.350843
0.506014
0.101459
0.100737
0.319962
0.371975
0.081004
0.190461
0.167690
0.239597
0.083184
0.266397
0.245252
0.145527
0.155106
0.517940
0.269231
0.188803
0.375809
0.072352
0.083292
0.319561
0.153477
0.268191
0.314003
0.174896
0.107666
0.421959
0.122383
0.052156
0.096804
0.219679
0.323037
0.167963
0.336227
0.164936
0.124398
0.155779
0.433560
0.143395
0.407897
0.443395
0.202683
0.342441
0.501744
0.566149
0.084778
0.265265
0.349286
0.398884
0.165988
0.105460
0.317537
0.452343
0.036792
0.219649
0.201369
0.229561
0.065823
0.193333
0.335892
0.217209
0.076176
0.425065
0.244065
0.130277
0.398352
0.112887
0.155245
0.230957
0.102045
0.413277
0.309615
0.157122
0.171539
0.445106
0.126706
0.034490
0.105378
0.239649
0.249774
0.064435
0.342207
0.150427
0.134841
0.104434
0.313178
0.307920
0.286467
0.339348
0.228533
0.391750
0.431468
0.552471
0.141387
0.193184
0.362406
0.253901
0.232250
0.106856
0.285817
0.418131
0.105829
0.207150
0.213840
0.097100
0.109330
0.183060
0.416757
0.205505
0.111892
0.264569
0.304338
0.055485
0.322414
0.222052
0.069350
0.235879
0.226091
0.416345
0.349848
0.224811
0.235181
0.387117
0.160675
0.032494
0.096231
0.187917
0.151894
0.071392
0.271207
0.216686
0.247868
0.077179
0.347283
0.359485
0.330109
0.356120
0.189541
0.289859
0.311316
0.457683
0.194659
0.155786
0.322198
0.196700
0.335392
0.146864
0.202963
0.335656
0.165655
0.118364
0.147973
0.081625
0.181105
0.246623
0.469288
0.086745
0.269065
0.174374
0.516216
0.019272
0.349525
0.273818
0.143580
0.209241
0.193304
0.265767
0.339808
0.191639
0.235739
0.334584
0.210420
0.050606
0.143423
0.101984
0.133395
0.118010
0.252745
0.351567
0.305280
0.155896
0.303392
0.375147
0.408714
0.497154
0.119390
0.201038
0.219891
0.404463
0.086352
0.119485
0.226238
0.260151
0.378829
0.186217
0.212133
0.302437
0.164162
0.087681
0.157328
0.148000
0.298088
0.196498
0.457616
0.065571
0.336575
0.165759
0.611442
0.116375
0.256744
0.118438
0.290787
0.109525
0.281025
0.195575
0.307526
0.133245
0.145385
0.228317
0.244132
0.185218
0.117734
0.094173
0.129523
0.264653
0.228266
0.449457
0.197107
0.258353
0.242808
0.381806
0.390650
0.569096
0.209096
0.161775
0.217590
0.291690
0.029948
0.091317
0.312365
0.259942
0.315907
0.078370
0.236033
0.246634
0.072518
0.102883
0.200155
0.227526
0.289420
0.053770
0.325971
0.221109
0.364720
0.138177
0.481152
0.169207
0.109439
0.035274
0.360266
0.096925
0.374408
0.307738
0.313314
0.215297
0.238543
0.151294
0.284125
0.214943
0.133672
0.210823
0.140601
0.285146
0.231845
0.409875
0.151704
0.283216
0.277399
0.312089
0.225657
0.434605
0.212763
0.115027
0.171546
0.307072
0.182045
0.055055
0.369298
0.217076
0.265362
0.172935
0.368317
0.336864
0.126367
0.140846
0.164794
0.403951
0.162553
0.184514
0.265476
0.236951
0.379527
0.291942
0.352435
0.196552
0.102234
0.055169
0.375900
0.130995
0.237203
0.343979
0.405203
0.341233
0.275688
0.146296
0.322596
0.168648
0.145763
0.287743
0.252322
0.266257
0.345035
0.385557
0.198679
0.127153
0.235308
0.324686
0.179832
0.254367
0.205322
0.207263
0.384241
0.384652
0.243545
0.101633
0.221978
0.148683
0.271602
0.181412
0.497065
0.312983
0.211968
0.150706
0.230330
0.315462
0.073190
0.313515
0.276944
0.250745
0.312484
0.523532
0.279485
0.253975
0.261399
0.034485
0.287128
0.158644
0.115448
0.250199
0.421238
0.285810
0.240268
0.182935
0.270365
0.015682
0.119899
0.272984
0.342559
0.309829
0.452862
0.377596
0.246761
0.050026
0.128776
0.391044
0.209930
0.099908
0.320617
0.327027
0.464319
0.373353
0.282560
0.125031
0.115115
0.078233
0.144075
0.126282
0.463418
0.177941
0.237287
0.165444
0.230537
0.135915
0.135248
0.295255
0.289355
0.290529
0.216122
0.603621
0.197885
0.131350
0.259354
0.131846
0.268876
0.140553
0.090807
0.149260
0.310757
0.173893
0.221310
0.286203
0.278410
0.021715
0.146052
0.239859
0.395652
0.243259
0.509134
0.281056
0.211162
0.153895
0.013397
0.284498
0.238021
0.074398
0.269584
0.363377
0.537210
0.336435
0.309478
0.171681
0.166921
0.068634
0.137760
0.122174
0.349440
0.112763
0.128436
0.183862
0.135033
0.091775
0.175837
0.290917
0.141162
0.289095
0.472567
0.504126
0.145355
0.068293
0.226391
0.238401
0.245744
0.058982
0.166440
0.155478
0.100603
0.122139
0.171753
0.307998
0.305888
0.059897
0.193863
0.392533
0.460084
0.136407
0.429993
0.171678
0.153734
0.120622
0.088164
0.156313
0.261787
0.296839
0.246195
0.485350
0.601371
0.207316
0.220125
0.154545
0.126443
0.171024
0.238298
0.146279
0.297195
0.112201
0.169419
0.214912
0.154278
0.049395
0.154221
0.359441
0.125526
0.213703
0.456302
0.347068
0.153501
0.084081
0.167477
0.319158
0.198169
0.152617
0.085238
0.268483
0.083194
0.125213
0.152878
0.236803
0.271989
0.277490
0.227704
0.469274
0.486544
0.206439
0.313150
0.169629
0.060642
0.082376
0.133861
0.127705
0.280554
0.362308
0.209872
0.493177
0.539137
0.095636
0.153621
0.221396
0.127820
0.117072
0.420226
0.165293
0.394101
0.174868
0.221911
0.280601
0.266597
0.036003
0.112953
0.357945
0.104914
0.062066
0.320923
0.252193
0.104346
0.178184
0.154342
0.281464
0.147285
0.241291
0.069472
0.329654
0.046325
0.181325
0.390095
0.102654
0.256423
0.434650
0.235803
0.263921
0.465540
0.264244
0.206457
0.161134
0.219633
0.102835
0.201652
0.060910
0.234874
0.402928
0.189049
0.288518
0.451795
0.130069
0.196101
0.229739
0.120033
0.044401
0.582424
0.112088
0.422933
0.290670
0.232707
0.286783
0.332400
0.183520
0.126740
0.262091
0.102845
0.144334
0.264791
0.139385
0.171025
0.129826
0.147848
0.298584
0.071705
0.217705
0.010319
0.274257
0.006029
0.381099
0.532931
0.184590
0.203457
0.398901
0.266004
0.222950
0.388277
0.316243
0.065796
0.149490
0.334476
0.207408
0.164825
0.102698
0.265249
0.392479
0.124624
0.243778
0.382783
0.215025
0.255646
0.136957
0.102316
0.110251
0.499528
0.094411
0.428154
0.471346
0.357313
0.249674
0.276517
0.306646
0.173262
0.182102
0.229183
0.054482
0.276417
0.064162
0.307008
0.067883
0.072348
0.284125
0.149710
0.147218
0.051862
0.305732
0.120613
0.404812
0.587175
0.207987
0.024246
0.394979
0.189117
0.250766
0.337644
0.360230
0.111603
0.268141
0.343744
0.177480
0.169598
0.199855
0.272422
0.168075
0.133420
0.138637
0.360809
0.131149
0.172927
0.101358
0.075519
0.195069
0.380162
0.038093
0.410690
0.492781
0.496925
0.206008
0.222212
0.313165
0.274684
0.120282
0.203599
0.131953
0.266487
0.197863
0.271345
0.061788
0.062508
0.141015
0.221128
0.142053
0.164161
0.436421
0.086486
0.346679
0.552013
0.225483
0.116415
0.485665
0.196452
0.217882
0.310225
0.431066
0.206588
0.259777
0.350718
0.199467
0.250031
0.271287
0.271625
0.022898
0.109783
0.151170
0.295177
0.083950
0.041265
0.114385
0.178743
0.137161
0.228736
0.170123
0.373567
0.398688
0.496516
0.187297
0.219655
0.238703
0.318962
0.055828
0.087668
0.178773
0.229725
0.308108
0.144281
0.173745
0.076633
0.066749
0.213621
0.142075
0.169297
0.514488
0.114387
0.408951
0.391243
0.286172
0.189782
0.365749
0.240211
0.220102
0.215024
0.370015
0.173840
0.185985
0.297044
0.100982
0.384805
0.330266
0.226589
0.084391
0.068393
0.284933
0.216928
0.165124
0.118233
0.189205
0.178150
0.060540
0.183544
0.165483
0.231690
0.360848
0.409257
0.063813
0.272824
0.200861
0.270268
0.252616
0.067720
0.099072
0.151688
0.402242
0.140270
0.159982
0.049842
0.169403
0.238297
0.324078
0.062439
0.354068
0.157170
0.469196
0.220963
0.297797
0.353437
0.268983
0.203555
0.181207
0.147084
0.309243
0.119622
0.079642
0.235712
0.096461
0.395568
0.382463
0.227639
0.144406
0.120456
0.305302
0.148034
0.246932
0.112910
0.306586
0.130236
0.199452
0.216250
0.106579
0.052712
0.324982
0.341612
0.191451
0.318658
0.321907
0.107342
0.265379
0.258412
0.151866
0.113905
0.559868
0.127770
0.099854
0.015205
0.246377
0.271998
0.390390
0.079415
0.218274
0.211858
0.415650
0.091877
0.207972
0.516443
0.411399
0.151043
0.103800
0.107830
0.292164
0.140009
0.147979
0.242234
0.162922
0.208353
0.275057
0.227806
0.145281
0.070147
0.269057
0.260647
0.223362
0.093096
0.173371
0.124070
0.372099
0.171832
0.149052
0.178167
0.327458
0.279155
0.240496
0.502490
0.393566
0.174534
0.164248
0.285547
0.301967
0.113523
0.654564
0.224595
0.081655
0.054783
0.234472
0.279818
0.332448
0.152001
0.202112
0.311911
0.370278
0.160546
0.105985
0.547936
0.355099
0.104107
0.099614
0.085632
0.255663
0.075921
0.257412
0.206610
0.156180
0.102925
0.096401
0.257851
0.167819
0.077729
0.236018
0.274020
0.283567
0.133017
0.116819
0.124421
0.359143
0.258363
0.226410
0.349967
0.334748
0.239463
0.228698
0.594741
0.363843
0.125677
0.161055
0.238158
0.344994
0.047726
0.616287
0.215263
0.124523
0.066073
0.138994
0.273036
0.321545
0.163108
0.135693
0.238151
0.298531
0.136699
0.073176
0.410958
0.105049
0.065152
0.038443
0.123039
0.122796
0.072503
0.266012
0.217256
0.095414
0.222255
0.144853
0.262679
0.203987
0.086821
0.254770
0.291916
0.213354
0.081232
0.154593
0.124744
0.272040
0.295248
0.229419
0.430606
0.293469
0.210360
0.238640
0.456691
0.286155
0.076459
0.156131
0.244843
0.252580
0.061181
0.420445
0.165364
0.137323
0.111947
0.048797
0.237345
0.263720
0.150110
0.077537
0.248625
0.096152
0.150009
0.031411
0.237490
0.201824
0.084703
0.163585
0.135768
0.159108
0.168625
0.110975
0.156774
0.144994
0.190429
0.114535
0.242023
0.183449
0.148520
0.226125
0.332806
0.048064
0.073843
0.109598
0.284272
0.204108
0.223685
0.112570
0.450547
0.197850
0.205689
0.180152
0.351161
0.212389
0.061568
0.177701
0.324031
0.229863
0.054012
0.159359
0.058050
0.143503
0.132906
0.101905
0.131830
0.199649
0.257470
0.025909
0.280998
0.068483
0.228566
0.093492
0.050730
0.143903
0.108961
0.178013
0.280088
0.167529
0.155632
0.076131
0.101859
0.127942
0.211722
0.132224
0.149715
0.150937
0.018969
0.148819
0.329736
0.049757
0.104256
0.153825
0.320202
0.068939
0.076890
0.134019
0.453943
0.256377
0.154262
0.223942
0.403707
0.173095
0.214464
0.041503
0.294961
0.177134
0.271960
0.125238
0.146153
0.160856
0.048324
0.096862
0.132135
0.197460
0.218239
0.104586
0.317407
0.041901
0.203172
0.180731
0.185652
0.139943
0.050908
0.085253
0.338315
0.185025
0.050121
0.115475
0.088676
0.083297
0.202761
0.199355
0.147973
0.141759
0.114908
0.155581
0.245781
0.109905
0.293786
0.214446
0.328612
0.056395
0.082092
0.264903
0.527451
0.217713
0.025589
0.283364
0.248160
0.117587
0.178580
0.084818
0.308662
0.350948
0.400422
0.236563
0.308633
0.144249
0.149916
0.054848
0.106985
0.236060
0.102615
0.219045
0.228074
0.146671
0.084657
0.209417
0.177734
0.272649
0.091655
0.123517
0.464387
0.316265
0.046674
0.143456
0.083784
0.044223
0.259642
0.260833
0.211041
0.053748
0.130705
0.170029
0.149916
0.150001
0.353095
0.165774
0.205674
0.217703
0.119746
0.269241
0.565292
0.178278
0.129923
0.248014
0.201153
0.188470
0.184967
0.149812
0.285706
0.324174
0.412022
0.341108
0.398510
0.116411
0.153870
0.294031
0.064079
0.237932
0.136103
0.207779
0.169664
0.181362
0.028008
0.247859
0.076035
0.257661
0.066751
0.132369
0.483620
0.274747
0.073977
0.109087
0.108711
0.138697
0.260293
0.234767
0.350702
0.134158
0.127160
0.111699
0.242964
0.001920
0.221910
0.191651
0.253524
0.340764
0.056178
0.262201
0.551055
0.288153
0.181495
0.321866
0.170927
0.164427
0.248518
0.088837
0.153907
0.164681
0.297032
0.354828
0.418525
0.129757
0.081492
0.283756
0.133527
0.212573
0.185099
0.115691
0.156498
0.136244
0.084392
0.124265
0.111184
0.338235
0.075575
0.093753
0.504535
0.224128
0.127447
0.178002
0.191980
0.240719
0.296730
0.181488
0.396351
0.173958
0.157400
0.100484
0.191516
0.152953
0.059049
0.197900
0.195473
0.334537
0.053043
0.398881
0.415877
0.342896
0.177175
0.174489
0.065211
0.241471
0.221746
0.085589
0.148383
0.144387
0.236310
0.235718
0.339197
0.069247
0.076607
0.182199
0.168617
0.176419
0.082472
0.135155
0.100269
0.191825
0.109489
0.039422
0.218888
0.375727
0.191679
0.039323
0.486344
0.244344
0.134568
0.254986
0.306357
0.258574
0.322428
0.144674
0.368720
0.231622
0.174602
0.069939
0.335744
0.278342
0.028162
0.214196
0.177009
0.250343
0.110641
0.396990
0.274763
0.323035
0.252837
0.223857
0.138298
0.228054
0.231681
0.086499
0.208548
0.361235
0.188923
0.178807
0.230948
0.062724
0.042773
0.181871
0.214117
0.156821
0.099115
0.187833
0.103458
0.290229
0.209525
0.160192
0.217969
0.329092
0.279724
0.020067
0.437351
0.338993
0.184531
0.317356
0.218847
0.243553
0.326250
0.143379
0.421404
0.345131
0.165917
0.016413
0.447440
0.319662
0.046944
0.089106
0.178176
0.247303
0.155100
0.268412
0.212788
0.229004
0.272075
0.118828
0.192518
0.138942
0.211476
0.024736
0.136371
0.490334
0.070955
0.156512
0.139451
0.160258
0.114733
0.196686
0.150028
0.108710
0.152015
0.137894
0.065942
0.306796
0.188864
0.167318
0.180975
0.202072
0.215083
0.185395
0.395664
0.246567
0.237335
0.237288
0.176488
0.297210
0.323462
0.131159
0.481528
0.346073
0.100695
0.067852
0.473403
0.298285
0.173879
0.074997
0.188082
0.214494
0.144176
0.130090
0.303686
0.104423
0.262885
0.105919
0.231333
0.144676
0.159761
0.104522
0.169525
0.354706
0.096635
0.118503
0.185650
0.320310
0.153087
0.101331
0.174902
0.246156
0.172338
0.061551
0.014005
0.249233
0.219870
0.142603
0.177969
0.127558
0.114199
0.189405
0.372000
0.163046
0.199625
0.144706
0.164308
0.403124
0.276312
0.129416
0.387169
0.223034
0.046684
0.149486
0.394838
0.166197
0.305565
0.157169
0.325688
0.134975
0.155550
0.198722
0.369588
0.091693
0.271962
0.071850
0.171259
0.143899
0.177301
0.162397
0.225819
0.233436
0.184016
0.119351
0.201585
0.357523
0.161859
0.164011
0.160824
0.372261
0.301871
0.061112
0.067388
0.267514
0.288378
0.118990
0.088314
0.151950
0.115385
0.320778
0.300292
0.149930
0.067560
0.060098
0.131761
0.353727
0.309811
0.190996
0.217281
0.275818
0.092340
0.209430
0.265576
0.087905
0.243084
0.191186
0.354343
0.035467
0.142761
0.268717
0.365057
0.170533
0.253982
0.061869
0.176560
0.066189
0.182376
0.146034
0.135434
0.139475
0.120068
0.229102
0.253378
0.255176
0.148648
0.183718
0.176368
0.344105
0.291780
0.189978
0.183733
0.350779
0.333818
0.192444
0.012493
0.153728
0.185379
0.310341
0.185813
0.104602
0.085162
0.100867
0.042381
0.204053
0.365268
0.193322
0.138637
0.280273
0.257925
0.249254
0.346398
0.117922
0.113236
0.121743
0.221070
0.044673
0.055477
0.367410
0.211977
0.204815
0.224400
0.166444
0.242587
0.062793
0.057154
0.063790
0.181759
0.046266
0.089081
0.284214
0.193050
0.207447
0.154199
0.098429
0.165268
0.262258
0.145231
0.197395
0.255971
0.427469
0.306137
0.126689
0.085531
0.176941
0.308219
0.191211
0.081320
0.067992
0.051904
0.164613
0.054843
0.116773
0.236409
0.128660
0.035528
0.203511
0.329565
0.251344
0.233325
0.093856
0.084768
0.134681
0.156454
0.154754
0.166632
0.364661
0.307823
0.150608
0.238986
0.201700
0.257748
0.049401
0.062515
0.098719
0.176765
0.035523
0.247143
0.228329
0.083730
0.222848
0.127481
0.106694
0.175103
0.269127
0.043558
0.177066
0.273295
0.474448
0.216262
0.132802
0.082055
0.120003
0.404843
0.223178
0.170756
0.107778
0.038509
0.154105
0.127601
0.164263
0.060917
0.139135
0.032836
0.131834
0.355969
0.191934
0.260153
0.227671
0.188628
0.221336
0.100455
0.272556
0.203491
0.341613
0.361992
0.018641
0.255583
0.224851
0.233768
0.124281
0.093874
0.154861
0.057460
0.080551
0.190793
0.152441
0.096067
0.171244
0.106752
0.169201
0.073117
0.333342
0.105914
0.014698
0.219776
0.542223
0.135191
0.127775
0.050923
0.139883
0.343051
0.335798
0.190753
0.213215
0.010740
0.107753
0.209344
0.221336
0.170089
0.155547
0.022703
0.159411
0.285135
0.125225
0.264867
0.317416
0.253852
0.220837
0.130279
0.332252
0.194190
0.359387
0.344885
0.102847
0.251996
0.318245
0.452283
0.147282
0.066209
0.141971
0.099448
0.100756
0.047853
0.193180
0.157676
0.090675
0.068066
0.199692
0.140719
0.306928
0.162166
0.101028
0.273783
0.437675
0.153909
0.139075
0.144154
0.161298
0.067228
0.294683
0.166533
0.283030
0.040730
0.248789
0.186178
0.227663
0.214503
0.091063
0.010933
0.238380
0.139380
0.112990
0.093388
0.329736
0.160502
0.186077
0.318666
0.296533
0.252677
0.236586
0.414337
0.180861
0.302345
0.340125
0.438953
0.177014
0.071513
0.103529
0.130450
0.271781
0.164246
0.145961
0.228825
0.169521
0.132829
0.180233
0.194763
0.247862
0.318629
0.074371
0.203408
0.238256
0.074327
0.166438
0.181080
0.233832
0.127759
0.177399
0.156574
0.289717
0.047607
0.258840
0.230455
0.202137
0.191892
0.044861
0.054213
0.201335
0.113807
0.127634
0.162003
0.325043
0.193657
0.158220
0.431016
0.278308
0.206466
0.113571
0.459093
0.262011
0.229672
0.243493
0.330497
0.259367
0.158373
0.169530
0.087983
0.459082
0.174129
0.214477
0.354047
0.230590
0.249132
0.131813
0.149197
0.194891
0.255328
0.156450
0.122343
0.159643
0.133866
0.114598
0.121404
0.267048
0.151756
0.151815
0.188592
0.288859
0.072999
0.139517
0.231461
0.261367
0.159108
0.089957
0.186757
0.046881
0.052233
0.077409
0.069648
0.316954
0.157374
0.169496
0.520394
0.260703
0.050876
0.059629
0.442975
0.255331
0.070088
0.212491
0.377434
0.301147
0.174541
0.302576
0.193583
0.472582
0.029345
0.205355
0.412698
0.260596
0.183646
0.028007
0.207445
0.244502
0.197857
0.198118
0.151457
0.206652
0.313594
0.071951
0.125651
0.268172
0.228335
0.100616
0.293836
0.253843
0.107322
0.085128
0.160912
0.376253
0.139143
0.122013
0.240426
0.154758
0.187439
0.073504
0.091962
0.321599
0.116479
0.089086
0.547117
0.294730
0.040872
0.033637
0.349107
0.168630
0.087454
0.343534
0.444360
0.203874
0.217765
0.345529
0.258455
0.385441
0.049558
0.189550
0.401660
0.311280
0.125562
0.203067
0.207281
0.248240
0.324418
0.130284
0.264451
0.257260
0.303967
0.086813
0.094113
0.252314
0.248882
0.092597
0.368412
0.199320
0.118785
0.090350
0.036289
0.498963
0.159483
0.206066
0.236480
0.240078
0.158600
0.131657
0.108337
0.270621
0.118774
0.168652
0.515087
0.293069
0.054014
0.150217
0.243643
0.153464
0.150048
0.294741
0.382987
0.212434
0.224595
0.205046
0.192514
0.380280
0.122217
0.172913
0.387092
0.336200
0.137047
0.269510
0.182803
0.166659
0.256833
0.057047
0.294864
0.280239
0.290870
0.062305
0.050391
0.251925
0.337816
0.108930
0.332925
0.220187
0.154088
0.193619
0.053455
0.510605
0.315021
0.230714
0.153124
0.255246
0.102983
0.172717
0.015209
0.267076
0.155213
0.207441
0.536054
0.250227
0.123118
0.345542
0.119583
0.205809
0.098470
0.146776
0.290427
0.285717
0.179593
0.194387
0.211155
0.440757
0.214605
0.169349
0.313248
0.317357
0.285364
0.214336
0.140462
0.193501
0.291693
0.092591
0.321625
0.300717
0.222462
0.054878
0.060274
0.263310
0.270780
0.216968
0.272237
0.173761
0.136767
0.200073
0.134421
0.345107
0.407428
0.246265
0.130679
0.132078
0.110807
0.298800
0.112451
0.340951
0.175779
0.264107
0.505890
0.253018
0.213087
0.463077
0.144006
0.370618
0.133477
0.123405
0.155268
0.290838
0.088461
0.148655
0.292959
0.438608
0.204071
0.188909
0.246431
0.300043
0.236510
0.195390
0.175404
0.436976
0.253715
0.124799
0.249280
0.306300
0.112039
0.172971
0.138339
0.262602
0.171699
0.371615
0.266042
0.087846
0.146492
0.110283
0.136451
0.160338
0.274966
0.211637
0.094387
0.212788
0.138731
0.323147
0.147970
0.346598
0.182840
0.341223
0.443654
0.267288
0.198752
0.372073
0.255416
0.324705
0.188122
0.215740
0.061801
0.317763
0.056549
0.049963
0.312589
0.276810
0.185742
0.276235
0.118320
0.156141
0.142616
0.177387
0.148784
0.512358
0.284448
0.117063
0.147608
0.265752
0.043612
0.272092
0.173464
0.219146
0.184590
0.400502
0.278801
0.171582
0.156623
0.225571
0.066003
0.150918
0.181719
0.176673
0.129771
0.267062
0.144007
0.179389
0.060644
0.253507
0.215145
0.303887
0.358490
0.246054
0.136871
0.252948
0.351613
0.242999
0.257174
0.303725
0.104231
0.392535
0.092473
0.219516
0.265496
0.135082
0.091224
0.361799
0.113718
0.072360
0.102502
0.175875
0.165558
0.439346
0.322588
0.047197
0.115372
0.122766
0.230061
0.322848
0.183213
0.129241
0.263776
0.277170
0.219110
0.177941
0.052851
0.255288
0.162925
0.232640
0.098718
0.103735
0.143360
0.243279
0.193347
0.155865
0.136156
0.286329
0.331612
0.193931
0.419466
0.165769
0.166074
0.253553
0.342971
0.176413
0.249892
0.326335
0.137996
0.362203
0.143299
0.207120
0.235449
0.212831
0.119648
0.416955
0.047004
0.099949
0.140661
0.109466
0.159379
0.347935
0.265025
0.085767
0.194674
0.089292
0.279315
0.278761
0.244523
0.090364
0.259847
0.140563
0.190934
0.195730
0.106701
0.221523
0.088910
0.211064
0.053286
0.024041
0.154047
0.226564
0.187952
0.150988
0.231207
0.240165
0.361845
0.171606
0.457647
0.251675
0.186460
0.307878
0.266597
0.144214
0.273727
0.274184
0.140403
0.202607
0.257940
0.193949
0.116448
0.110390
0.128905
0.402521
0.092692
0.095388
0.105575
0.153994
0.176743
0.339944
0.101978
0.139106
0.170887
0.148683
0.208073
0.112941
0.249623
0.169326
0.301323
0.042708
0.233117
0.169488
0.080723
0.246654
0.067906
0.209770
0.026180
0.166772
0.115149
0.232012
0.181681
0.096687
0.283636
0.139610
0.306445
0.104341
0.398755
0.422700
0.151243
0.235239
0.165090
0.250726
0.261301
0.261055
0.135489
0.082859
0.212950
0.265245
0.045255
0.066970
0.132760
0.337869
0.153256
0.189642
0.160153
0.244705
0.293031
0.400284
0.027795
0.198013
0.045120
0.124998
0.131664
0.110034
0.254363
0.265634
0.346036
0.030095
0.152798
0.141423
0.063429
0.193032
0.141284
0.175200
0.068331
0.212260
0.143914
0.182205
0.224042
0.079450
0.245018
0.117265
0.222909
0.107226
0.330755
0.342530
0.105844
0.025329
0.226826
0.382639
0.195806
0.177477
0.160937
0.090206
0.047563
0.270963
0.139865
0.042189
0.141351
0.269095
0.185695
0.246363
0.087169
0.262336
0.391213
0.373538
0.109115
0.175545
0.072122
0.197132
0.116573
0.191553
0.240015
0.201971
0.205207
0.043465
0.164649
0.145121
0.129630
0.109300
0.195740
0.220736
0.182074
0.293454
0.188868
0.109714
0.186666
0.218076
0.065136
0.110818
0.223493
0.202800
0.268769
0.208470
0.128397
0.240902
0.281058
0.338396
0.098043
0.089315
0.114724
0.183308
0.144780
0.152069
0.129521
0.075749
0.056182
0.144816
0.248446
0.140862
0.122987
0.210791
0.432912
0.445283
0.188722
0.129345
0.154138
0.277953
0.120978
0.139384
0.200964
0.124391
0.251760
0.173655
0.049487
0.268886
0.103815
0.137863
0.167703
0.239139
0.181773
0.378829
0.179720
0.082883
0.119764
0.274382
0.111464
0.216348
0.288632
0.125705
0.256326
0.132177
0.202567
0.449825
0.169985
0.333915
0.029113
0.262519
0.026956
0.281725
0.219156
0.219063
0.166572
0.183400
0.085436
0.032953
0.374742
0.101404
0.294062
0.213269
0.380549
0.393554
0.185176
0.134487
0.126819
0.328903
0.109962
0.062432
0.097078
0.139418
0.342315
0.293152
0.138831
0.368009
0.091906
0.052775
0.131963
0.252944
0.144247
0.423914
0.043734
0.020651
0.077458
0.215696
0.174273
0.241776
0.313464
0.187662
0.216314
0.097470
0.197303
0.541728
0.105711
0.442215
0.053805
0.272336
0.070929
0.271027
0.189190
0.285914
0.169587
0.285757
0.042028
0.122522
0.480367
0.105759
0.353348
0.296515
0.234886
0.323585
0.111996
0.092092
0.200228
0.312611
0.040921
0.129119
0.114989
0.133314
0.344259
0.331269
0.214771
0.394445
0.103479
0.080343
0.160339
0.305053
0.150296
0.382568
0.103075
0.027858
0.076654
0.136577
0.229333
0.262082
0.165111
0.175750
0.156585
0.413161
0.087993
0.458584
0.064068
0.421764
0.175584
0.149521
0.087018
0.240339
0.284059
0.328723
0.157474
0.321606
0.048648
0.085923
0.406733
0.142504
0.363097
0.259634
0.070503
0.325439
0.082746
0.095622
0.227033
0.245257
0.116005
0.256260
0.045297
0.178198
0.257138
0.232564
0.217092
0.342782
0.103334
0.131928
0.258929
0.318910
0.146923
0.233949
0.060464
0.100790
0.043476
0.234846
0.254612
0.306630
0.006011
0.140765
0.107589
0.454544
0.116935
0.168627
0.012153
0.232849
0.255391
0.118353
0.120836
0.255293
0.340897
0.299069
0.105381
0.232797
0.129611
0.173318
0.317205
0.166183
0.313455
0.179327
0.109651
0.270372
0.088639
0.199762
0.232823
0.158272
0.121747
0.266018
0.030576
0.245414
0.221172
0.157327
0.187825
0.228109
0.172895
0.214141
0.235512
0.346949
0.105953
0.056889
0.099138
0.192348
0.051404
0.132196
0.191413
0.368090
0.027690
0.164302
0.103377
0.297334
0.127093
0.076625
0.096963
0.171943
0.165757
0.267858
0.203710
0.262983
0.349206
0.240130
0.171321
0.172229
0.302141
0.362630
0.335458
0.126815
0.246643
0.115314
0.223419
0.217391
0.206292
0.198345
0.391241
0.022163
0.092628
0.166150
0.048956
0.181444
0.290706
0.028590
0.108568
0.127340
0.258966
0.239126
0.199419
0.382109
0.089999
0.074129
0.117038
0.123503
0.189319
0.081596
0.063381
0.392266
0.077007
0.235027
0.214749
0.201663
0.144371
0.031319
0.106585
0.216968
0.096015
0.329419
0.304849
0.250556
0.358833
0.197319
0.372277
0.077968
0.347393
0.462437
0.412274
0.049448
0.197345
0.119758
0.279815
0.172930
0.082578
0.150626
0.359965
0.151542
0.113722
0.070646
0.062336
0.204832
0.298229
0.082724
0.190682
0.074744
0.331170
0.179350
0.281108
0.381531
0.204054
0.220894
0.067104
0.030584
0.263243
0.119171
0.142671
0.374952
0.076089
0.228854
0.245153
0.255719
0.078053
0.146864
0.294119
0.236512
0.089725
0.200435
0.202126
0.288557
0.431988
0.097384
0.515508
0.063299
0.295921
0.380346
0.405786
0.045649
0.214336
0.201893
0.363668
0.118911
0.028202
0.252462
0.254395
0.157082
0.144754
0.147826
0.023307
0.079687
0.346101
0.101640
0.204335
0.165300
0.330370
0.152707
0.208295
0.301948
0.260493
0.319845
0.046796
0.148262
0.220313
0.103390
0.119427
0.340762
0.134222
0.089894
0.237237
0.182610
0.100563
0.106632
0.442469
0.067692
0.092574
0.051841
0.093507
0.277808
0.392255
0.154015
0.489901
0.027183
0.206709
0.278701
0.256298
0.113698
0.293863
0.251197
0.477683
0.130493
0.074057
0.193681
0.220838
0.187615
0.210325
0.270646
0.025073
0.121683
0.401340
0.092785
0.226250
0.285112
0.174923
0.093162
0.149560
0.281766
0.162125
0.317764
0.085091
0.215773
0.231851
0.118148
0.188972
0.330632
0.124163
0.117459
0.189864
0.218389
0.137608
0.198080
0.411577
0.010165
0.093484
0.040978
0.021287
0.162549
0.306810
0.119392
0.344747
0.024885
0.136127
0.226838
0.098857
0.117342
0.258492
0.186950
0.505947
0.144962
0.148299
0.090284
0.251402
0.273970
0.262659
0.240038
0.052494
0.231956
0.380330
0.099260
0.328000
0.322736
0.100963
0.177487
0.159911
0.141956
0.110928
0.247816
0.226796
0.121939
0.332702
0.082571
0.186450
0.263407
0.142462
0.041458
0.216254
0.178426
0.260724
0.244183
0.276028
0.058802
0.061076
0.130528
0.160677
0.147298
0.298460
0.133803
0.187574
0.069068
0.039059
0.134808
0.060643
0.173198
0.207769
0.219128
0.431175
0.156719
0.154408
0.113690
0.176344
0.367238
0.271005
0.089041
0.203868
0.220605
0.306449
0.189531
0.319901
0.164512
0.112736
0.336165
0.080865
0.074284
0.046099
0.149493
0.410916
0.086679
0.278007
0.190785
0.141514
0.123802
0.288645
0.069129
0.210619
0.188752
0.371973
0.157289
0.192836
0.099412
0.044089
0.171945
0.178209
0.228063
0.324401
0.229073
0.101826
0.147041
0.073376
0.016064
0.086375
0.251798
0.240360
0.270512
0.364905
0.146717
0.035515
0.196598
0.306215
0.286669
0.303404
0.040002
0.279215
0.294573
0.331734
0.345267
0.333607
0.103064
0.077693
0.422982
0.265772
0.024264
0.087658
0.160295
0.419617
0.202434
0.233060
0.371284
0.244887
0.014099
0.373196
0.098745
0.159986
0.045999
0.264855
0.139672
0.191853
0.171098
0.116480
0.052166
0.022270
0.303321
0.188153
0.264119
0.058016
0.166178
0.123520
0.057589
0.037819
0.251998
0.229366
0.195890
0.261161
0.255711
0.098218
0.196225
0.348840
0.249790
0.320866
0.117688
0.227978
0.412474
0.307602
0.451918
0.406337
0.249943
0.132008
0.319889
0.366014
0.064165
0.254675
0.256387
0.379130
0.325592
0.267342
0.476306
0.227753
0.052128
0.315425
0.065597
0.093164
0.103530
0.140927
0.266115
0.136424
0.212464
0.121322
0.038293
0.109034
0.279427
0.021993
0.192295
0.088785
0.091764
0.194149
0.052337
0.121572
0.155057
0.287536
0.181493
0.158641
0.278912
0.071178
0.235212
0.312862
0.209596
0.330392
0.227320
0.151228
0.454581
0.153062
0.363205
0.393671
0.282019
0.251954
0.247634
0.344811
0.179484
0.300893
0.179551
0.392919
0.299057
0.181377
0.470635
0.096060
0.092077
0.166942
0.146662
0.186264
0.138886
0.196575
0.259730
0.123382
0.272712
0.030432
0.083949
0.088280
0.322554
0.167619
0.062415
0.145729
0.170898
0.112829
0.134076
0.278645
0.050844
0.259260
0.277950
0.182013
0.321197
0.032214
0.288898
0.277013
0.189976
0.283999
0.342531
0.172833
0.397439
0.212646
0.190308
0.336406
0.181033
0.184600
0.125102
0.419591
0.237843
0.273744
0.182217
0.381705
0.152826
0.193076
0.506257
0.120744
0.048576
0.196402
0.198805
0.283033
0.189309
0.273819
0.229968
0.079620
0.320985
0.096459
0.087750
0.100030
0.254462
0.179059
0.081211
0.232992
0.224612
0.110249
0.269997
0.343939
0.094004
0.122255
0.367980
0.167626
0.332956
0.096254
0.221725
0.246124
0.157525
0.275392
0.267467
0.214026
0.351486
0.231803
0.171671
0.236490
0.155098
0.241667
0.026507
0.445464
0.246705
0.258345
0.150814
0.282069
0.138546
0.182062
0.445834
0.173213
0.063383
0.180386
0.169947
0.289807
0.258046
0.298758
0.222558
0.164472
0.373129
0.085928
0.133124
0.131599
0.243339
0.285786
0.151328
0.251722
0.262731
0.101632
0.214608
0.352963
0.107737
0.078411
0.359066
0.136314
0.241266
0.121901
0.188149
0.219181
0.024264
0.168916
0.147941
0.177374
0.249654
0.068459
0.131952
0.167033
0.151755
0.220672
0.149019
0.360629
0.210336
0.280786
0.013866
0.153527
0.224881
0.158987
0.254241
0.140532
0.077926
0.140026
0.197619
0.206783
0.186467
0.316044
0.088948
0.145434
0.309080
0.028496
0.115702
0.117923
0.191987
0.443571
0.152333
0.318307
0.150208
0.070743
0.143958
0.370532
0.138918
0.129094
0.325875
0.054923
0.175471
0.199848
0.215481
0.241052
0.133203
0.171134
0.179395
0.109377
0.174270
0.083050
0.122697
0.178229
0.105096
0.138431
0.179403
0.339790
0.194247
0.270002
0.053581
0.183740
0.274541
0.208571
0.183838
0.108031
0.118675
0.036089
0.213230
0.169766
0.256186
0.237446
0.108950
0.147579
0.159430
0.114241
0.094368
0.062495
0.185990
0.531702
0.125771
0.288798
0.030642
0.124783
0.155301
0.336070
0.199881
0.129883
0.296573
0.070138
0.168577
0.116400
0.190959
0.243636
0.157547
0.204116
0.153374
0.127022
0.252497
0.251834
0.179901
0.247649
0.134118
0.023756
0.235189
0.355450
0.201198
0.230143
0.079218
0.246725
0.324946
0.225867
0.253806
0.090653
0.119204
0.043950
0.071066
0.191095
0.318832
0.242614
0.074933
0.107957
0.157191
0.210591
0.138967
0.100186
0.149252
0.392875
0.232768
0.231073
0.077499
0.203723
0.186697
0.252667
0.337525
0.032067
0.263737
0.102944
0.215300
0.018258
0.245922
0.170717
0.081486
0.226805
0.087838
0.270833
0.151602
0.410271
0.205979
0.290614
0.206688
0.148630
0.300543
0.265268
0.217011
0.135379
0.194343
0.471405
0.460813
0.334240
0.178060
0.101137
0.126274
0.064727
0.077796
0.194870
0.250800
0.269324
0.076775
0.176456
0.113927
0.247438
0.213346
0.123510
0.166266
0.326989
0.328797
0.460647
0.195839
0.176509
0.144481
0.219607
0.297281
0.139961
0.203097
0.174002
0.147026
0.061819
0.230966
0.158480
0.128726
0.241065
0.155378
0.207330
0.244794
0.451693
0.206822
0.239125
0.208627
0.233773
0.312109
0.170000
0.125945
0.128617
0.191765
0.546584
0.485696
0.288522
0.084320
0.102801
0.251940
0.125890
0.086334
0.117478
0.225235
0.207400
0.123470
0.281476
0.050577
0.181190
0.213920
0.073765
0.260569
0.311467
0.320388
0.671252
0.164871
0.100137
0.108006
0.209750
0.108579
0.111684
0.077038
0.220866
0.100075
0.150236
0.225675
0.189123
0.262294
0.300174
0.190955
0.204013
0.241178
0.330628
0.183888
0.126882
0.233238
0.200733
0.330359
0.180727
0.079285
0.222509
0.273716
0.460556
0.324071
0.147285
0.097870
0.125993
0.353634
0.243890
0.052986
0.114087
0.211245
0.153035
0.129864
0.248033
0.100426
0.156036
0.167137
0.043338
0.186387
0.327155
0.302783
0.698360
0.115298
0.085360
0.039182
0.229041
0.105163
0.022825
0.063292
0.234230
0.124370
0.131400
0.278203
0.129510
0.258690
0.296976
0.212551
0.149917
0.134137
0.234629
0.190755
0.141335
0.345878
0.161088
0.280228
0.154912
0.045899
0.100196
0.253485
0.384542
0.192256
0.067156
0.104331
0.106330
0.211591
0.294685
0.177697
0.076689
0.182859
0.296900
0.095630
0.105308
0.092438
0.155960
0.131071
0.079988
0.148092
0.379245
0.238825
0.550127
0.052180
0.149048
0.056203
0.199129
0.161717
0.060600
0.274666
0.233233
0.112238
0.116007
0.396610
0.121591
0.299263
0.380336
0.174225
0.133187
0.077981
0.149425
0.217344
0.239945
0.358226
0.134206
0.337559
0.085841
0.071945
0.099064
0.198467
0.315757
0.198708
0.160170
0.196121
0.223994
0.076792
0.256366
0.218542
0.128585
0.153341
0.381671
0.169337
0.013841
0.091758
0.169682
0.225855
0.117718
0.124479
0.349607
0.131642
0.386945
0.017385
0.148489
0.054879
0.289260
0.223750
0.072038
0.403020
0.231909
0.183482
0.241307
0.475425
0.275192
0.347447
0.429520
0.159150
0.151562
0.107877
0.172431
0.194122
0.279742
0.135731
0.082798
0.320960
0.071671
0.109028
0.166794
0.164781
0.420899
0.192750
0.209989
0.158665
0.242772
0.039304
0.226053
0.104333
0.205050
0.100987
0.305274
0.166087
0.066148
0.148369
0.192856
0.267132
0.145156
0.144995
0.259152
0.056440
0.252022
0.117477
0.105064
0.101712
0.229844
0.285294
0.062391
0.331896
0.206646
0.170039
0.248532
0.431563
0.296335
0.300840
0.403455
0.131370
0.199443
0.260315
0.185076
0.048465
0.254790
0.164558
0.068416
0.285959
0.035536
0.055416
0.230665
0.178787
0.427626
0.055316
0.336228
0.123949
0.088878
0.081114
0.288285
0.117994
0.161238
0.235055
0.189632
0.107108
0.159504
0.274955
0.215947
0.252410
0.254166
0.112075
0.173599
0.103157
0.136939
0.287749
0.023746
0.168861
0.137467
0.311622
0.071779
0.311511
0.132187
0.196052
0.181162
0.216826
0.201994
0.117472
0.479815
0.051386
0.222836
0.222647
0.131667
0.015831
0.247392
0.323953
0.077673
0.291358
0.093142
0.089031
0.199872
0.198293
0.336558
0.040941
0.346723
0.203650
0.054995
0.055894
0.103741
0.254866
0.091361
0.237706
0.082180
0.104760
0.243159
0.295192
0.194719
0.171868
0.241341
0.094627
0.114039
0.089093
0.106576
0.227309
0.164582
0.184276
0.108239
0.292298
0.229895
0.349035
0.141322
0.166747
0.076728
0.089529
0.234580
0.186753
0.456316
0.100279
0.143519
0.076036
0.073776
0.049675
0.227384
0.423131
0.167350
0.266403
0.120010
0.120321
0.144288
0.214100
0.333368
0.070216
0.338955
0.386815
0.073819
0.101324
0.039973
0.278404
0.119318
0.111292
0.053386
0.132946
0.182229
0.193986
0.180926
0.107446
0.078292
0.129509
0.167953
0.142573
0.017732
0.096331
0.385258
0.179363
0.104947
0.243338
0.334702
0.292574
0.191256
0.027803
0.057465
0.090725
0.196519
0.114530
0.294122
0.180099
0.126100
0.153210
0.125140
0.228465
0.172865
0.320609
0.251007
0.258885
0.109554
0.058716
0.214125
0.166979
0.292570
0.200113
0.407831
0.502864
0.080048
0.089320
0.126688
0.083533
0.195856
0.069643
0.158522
0.270256
0.071140
0.140414
0.144905
0.191700
0.084804
0.149807
0.250110
0.229687
0.128898
0.081579
0.436008
0.202026
0.060205
0.168263
0.243259
0.201638
0.184971
0.123261
0.138082
0.050410
0.183639
0.083401
0.094776
0.233453
0.062701
0.224997
0.236482
0.354175
0.090638
0.184202
0.278279
0.296270
0.104753
0.014131
0.345145
0.093854
0.310430
0.271189
0.342908
0.542692
0.151382
0.134823
0.219045
0.069262
0.198279
0.050277
0.174143
0.223993
0.119312
0.202396
0.181975
0.290007
0.178578
0.127227
0.343039
0.264412
0.294668
0.195103
0.258561
0.199762
0.050516
0.078860
0.148167
0.185043
0.361008
0.114031
0.186044
0.103514
0.105474
0.039198
0.201473
0.297586
0.038629
0.271881
0.323903
0.199816
0.146094
0.177376
0.292462
0.300422
0.145751
0.090089
0.357201
0.151249
0.214968
0.320190
0.196388
0.455611
0.170472
0.163752
0.338035
0.039016
0.193101
0.106245
0.216530
0.191842
0.251590
0.177063
0.188324
0.203447
0.243485
0.137198
0.375598
0.248949
0.282850
0.234406
0.065414
0.174601
0.024376
0.076829
0.107516
0.159895
0.329936
0.037416
0.186700
0.207891
0.160311
0.125580
0.164387
0.145459
0.091215
0.224173
0.317850
0.020254
0.186131
0.204131
0.352559
0.310865
0.111059
0.095230
0.234618
0.142544
0.046628
0.303945
0.154168
0.352577
0.086180
0.199351
0.292270
0.068053
0.205982
0.104916
0.185636
0.249682
0.385558
0.141116
0.259012
0.205457
0.214880
0.164458
0.303331
0.232661
0.257597
0.182118
0.046972
0.144606
0.099111
0.112940
0.079892
0.144276
0.124284
0.120867
0.137798
0.220152
0.141195
0.227860
0.244815
0.069869
0.107803
0.115340
0.287608
0.101173
0.249916
0.154462
0.143243
0.349910
0.136489
0.097481
0.102803
0.171835
0.099818
0.252156
0.170334
0.171201
0.213591
0.191828
0.193411
0.052645
0.153804
0.212692
0.270946
0.248452
0.395999
0.049327
0.274371
0.259931
0.162806
0.137760
0.232962
0.255356
0.359492
0.205244
0.093044
0.116079
0.110849
0.145018
0.191495
0.077624
0.245621
0.204468
0.197592
0.178397
0.227348
0.336130
0.271940
0.047892
0.147174
0.076524
0.364430
0.136421
0.263415
0.067053
0.167171
0.390416
0.248932
0.077378
0.140626
0.144463
0.154924
0.300146
0.101738
0.092190
0.237959
0.154828
0.195915
0.178815
0.124242
0.276111
0.330489
0.190338
0.298074
0.118301
0.372826
0.293171
0.135795
0.157912
0.187666
0.191483
0.330465
0.131159
0.102057
0.111396
0.091657
0.070524
0.160578
0.076600
0.323535
0.235180
0.205830
0.173845
0.340493
0.431135
0.225827
0.032035
0.237959
0.108234
0.406749
0.102014
0.237215
0.108772
0.121445
0.360244
0.367726
0.106592
0.069919
0.210227
0.108763
0.301944
0.043180
0.140317
0.160481
0.086097
0.187498
0.161583
0.090635
0.412485
0.248941
0.145938
0.198932
0.124027
0.463877
0.302573
0.196117
0.151383
0.230996
0.223584
0.244286
0.068279
0.068157
0.095410
0.157632
0.055494
0.093261
0.087638
0.249808
0.173791
0.130742
0.174080
0.342041
0.414129
0.222133
0.230982
0.235720
0.182659
0.311530
0.039306
0.187277
0.123593
0.012350
0.313495
0.442927
0.194988
0.053204
0.236092
0.219736
0.303847
0.063385
0.196168
0.174975
0.016344
0.194479
0.076659
0.052398
0.385177
0.160509
0.129245
0.159645
0.062474
0.547310
0.237409
0.326965
0.181879
0.238130
0.242197
0.228787
0.182591
0.028921
0.075508
0.277758
0.117415
0.162285
0.069348
0.188750
0.112814
0.092376
0.189950
0.184997
0.262801
0.292032
0.297170
0.143425
0.156773
0.138547
0.130063
0.258405
0.178779
0.111993
0.233074
0.413175
0.196852
0.123855
0.323464
0.322151
0.247906
0.069873
0.200045
0.133574
0.015933
0.212301
0.012653
0.078033
0.201488
0.183655
0.185430
0.196951
0.018916
0.557129
0.187689
0.388734
0.098451
0.252495
0.316617
0.214524
0.287610
0.134991
0.054759
0.236603
0.066502
0.247829
0.075465
0.238073
0.160131
0.070472
0.186987
0.185592
0.111043
0.394451
0.355906
0.082824
0.138216
0.123242
0.244339
0.233348
0.300202
0.060432
0.258207
0.322950
0.152434
0.257935
0.376785
0.399310
0.203059
0.175858
0.183017
0.094874
0.086284
0.176691
0.032565
0.122640
0.184840
0.172389
0.226193
0.291081
0.031277
0.416924
0.127784
0.332148
0.149244
0.209933
0.322847
0.211037
0.279044
0.170386
0.170288
0.177348
0.061074
0.252744
0.209472
0.220422
0.236888
0.046677
0.178778
0.109139
0.137610
0.400942
0.474893
0.077998
0.140894
0.145504
0.123610
0.147206
0.316439
0.092713
0.150643
0.461346
0.037877
0.243265
0.252873
0.478535
0.136081
0.155343
0.244734
0.316242
0.187856
0.140335
0.045870
0.080552
0.111384
0.140421
0.193230
0.336027
0.025479
0.195604
0.169015
0.318429
0.140136
0.105034
0.346184
0.194140
0.232342
0.093558
0.192693
0.173700
0.119166
0.287130
0.343321
0.074291
0.312044
0.135225
0.279309
0.100364
0.247975
0.442904
0.487551
0.141892
0.134662
0.125875
0.197929
0.180820
0.307648
0.158629
0.106507
0.410486
0.104125
0.161327
0.102737
0.468237
0.060164
0.198436
0.317415
0.311288
0.264645
0.096734
0.091043
0.145568
0.043795
0.209681
0.275595
0.307071
0.106946
0.186208
0.095958
0.285149
0.106994
0.194346
0.337379
0.125497
0.227766
0.070038
0.191270
0.191567
0.111590
0.338173
0.292552
0.047240
0.331148
0.188350
0.245089
0.074401
0.216887
0.474121
0.237906
0.139118
0.152938
0.138432
0.170060
0.236175
0.343936
0.167198
0.069325
0.245552
0.290381
0.193626
0.089213
0.371509
0.091878
0.301397
0.341949
0.238448
0.245081
0.061381
0.124625
0.268483
0.109055
0.138224
0.379968
0.367430
0.066003
0.215973
0.052075
0.391244
0.218374
0.122807
0.192983
0.070786
0.263382
0.207832
0.131948
0.187205
0.087672
0.370850
0.294089
0.091774
0.254793
0.123175
0.138674
0.040519
0.112225
0.469736
0.024974
0.065700
0.175514
0.170127
0.035529
0.271996
0.335223
0.072057
0.090149
0.099906
0.368332
0.106479
0.077998
0.332894
0.096237
0.373870
0.197009
0.357395
0.205410
0.084024
0.151580
0.294664
0.192801
0.089661
0.400731
0.378885
0.141846
0.211455
0.052517
0.518547
0.280736
0.144272
0.231059
0.091585
0.295633
0.093142
0.136709
0.268677
0.190003
0.460541
0.374868
0.146533
0.213608
0.087784
0.147986
0.201400
0.135090
0.348317
0.017589
0.114860
0.181613
0.311896
0.101682
0.246079
0.262463
0.093688
0.106517
0.019577
0.454059
0.112886
0.066995
0.234470
0.082553
0.334611
0.171070
0.332577
0.087398
0.093370
0.118212
0.289583
0.198892
0.084582
0.290240
0.329414
0.326926
0.301467
0.116718
0.499582
0.403267
0.119891
0.286702
0.136054
0.191931
0.087544
0.105825
0.304989
0.274851
0.430278
0.455852
0.187123
0.365136
0.081049
0.129216
0.351470
0.065575
0.200183
0.086001
0.137269
0.223969
0.271187
0.144514
0.230571
0.353720
0.161001
0.069340
0.025904
0.503416
0.187748
0.092944
0.038690
0.070484
0.217941
0.231433
0.213846
0.048080
0.119065
0.095319
0.373040
0.161176
0.026191
0.281964
0.268692
0.277784
0.349516
0.150072
0.415476
0.394414
0.120348
0.339560
0.144387
