# G_1, p = 0.0000 GPa (dir_0.0_bar).
# 6MR distortion Gamma = (1/2)(max - min) over the three opposite-O diagonals.
# 64 rings x 101 frames = 6464 samples.
# Column: per-6MR Gamma [A]
0.009178
0.009171
0.009181
0.009180
0.009146
0.009125
0.009153
0.009146
0.009178
0.009171
0.009178
0.009186
0.009148
0.009141
0.009148
0.009148
0.009174
0.009171
0.009169
0.009178
0.009134
0.009138
0.009149
0.009148
0.009173
0.009178
0.009175
0.009171
0.009138
0.009144
0.009148
0.009145
0.009176
0.009171
0.009173
0.009171
0.009135
0.009134
0.009149
0.009146
0.009167
0.009178
0.009171
0.009180
0.009138
0.009148
0.009152
0.009148
0.009169
0.009178
0.009170
0.009173
0.009128
0.009148
0.009153
0.009148
0.009170
0.009171
0.009175
0.009180
0.009148
0.009133
0.009152
0.009146
0.139537
0.047376
0.040544
0.065334
0.069526
0.036852
0.113407
0.128897
0.162955
0.110704
0.255980
0.049877
0.035337
0.055046
0.246598
0.094008
0.154299
0.067943
0.101928
0.059355
0.101635
0.178165
0.212649
0.138113
0.157893
0.164849
0.092853
0.078215
0.110429
0.153340
0.128624
0.191772
0.191125
0.057749
0.176507
0.123852
0.094554
0.076690
0.122126
0.109241
0.041273
0.231305
0.039548
0.113029
0.078603
0.048422
0.067473
0.130153
0.100319
0.108327
0.043376
0.166974
0.095321
0.042515
0.020473
0.047102
0.082377
0.061633
0.223491
0.049850
0.072197
0.052978
0.167596
0.205107
0.375570
0.139413
0.060703
0.162929
0.064106
0.091461
0.216934
0.349340
0.328881
0.212464
0.468512
0.182008
0.039678
0.172704
0.388611
0.168239
0.309327
0.099859
0.188834
0.112467
0.135890
0.267762
0.243172
0.345225
0.317741
0.168301
0.104066
0.130169
0.262635
0.280363
0.281166
0.241174
0.381844
0.076740
0.257083
0.316225
0.160363
0.104771
0.275062
0.149213
0.100970
0.347311
0.113114
0.213050
0.165876
0.055232
0.147100
0.222948
0.217455
0.216124
0.146385
0.348091
0.212409
0.186918
0.101256
0.090918
0.205567
0.127592
0.393990
0.113219
0.063289
0.057580
0.270511
0.311530
0.533367
0.175638
0.110070
0.282553
0.090840
0.240223
0.274582
0.519772
0.434954
0.152457
0.466001
0.323013
0.135026
0.239665
0.409925
0.215919
0.394015
0.105443
0.231661
0.181907
0.191347
0.319168
0.080490
0.399684
0.360087
0.049028
0.086717
0.164648
0.292146
0.217952
0.445095
0.319451
0.409895
0.143377
0.206672
0.486098
0.146629
0.061744
0.363363
0.159881
0.205297
0.333548
0.243306
0.299175
0.169322
0.045621
0.219504
0.332317
0.212270
0.216863
0.292324
0.321729
0.314817
0.395330
0.168947
0.105502
0.381403
0.219665
0.434839
0.153626
0.013925
0.192821
0.243946
0.359476
0.499769
0.133647
0.228123
0.326501
0.179536
0.420023
0.352076
0.585283
0.494653
0.107598
0.406484
0.453917
0.223031
0.149632
0.365871
0.263083
0.406193
0.239917
0.294846
0.253772
0.228629
0.239930
0.099248
0.282921
0.243828
0.035216
0.025834
0.143441
0.128392
0.076962
0.449631
0.342718
0.338631
0.227161
0.165970
0.491488
0.207663
0.097700
0.334981
0.298166
0.272235
0.359106
0.306792
0.346171
0.129407
0.112666
0.246156
0.396097
0.088929
0.182423
0.422231
0.252213
0.407627
0.464106
0.112228
0.093815
0.492490
0.242656
0.419418
0.199340
0.043893
0.182179
0.172415
0.376329
0.451028
0.080142
0.290953
0.317639
0.205869
0.498363
0.297702
0.557115
0.430002
0.134944
0.275663
0.462956
0.226618
0.087891
0.425193
0.288471
0.288029
0.325971
0.303831
0.275924
0.253783
0.099882
0.174345
0.169658
0.187397
0.047889
0.087413
0.158436
0.078000
0.076937
0.327238
0.318075
0.270727
0.231174
0.098173
0.387294
0.258160
0.267419
0.272950
0.402809
0.331542
0.328799
0.225668
0.284559
0.129305
0.220719
0.346853
0.308000
0.213286
0.235566
0.447588
0.160256
0.368629
0.343556
0.128760
0.070944
0.466726
0.224430
0.386478
0.253468
0.108560
0.071962
0.130329
0.381633
0.466151
0.132137
0.253301
0.305712
0.156033
0.431652
0.214883
0.369274
0.367280
0.107768
0.062991
0.403391
0.124733
0.195992
0.459815
0.386092
0.125137
0.262980
0.277217
0.229906
0.162434
0.085772
0.166004
0.177286
0.206435
0.075849
0.147819
0.147938
0.242434
0.227328
0.135577
0.173838
0.154382
0.212347
0.080120
0.232182
0.356398
0.408375
0.167523
0.360417
0.263201
0.184025
0.102126
0.141935
0.237552
0.226007
0.330985
0.094535
0.313287
0.235231
0.307082
0.282328
0.176411
0.112440
0.138644
0.093254
0.324371
0.070164
0.350297
0.233294
0.194156
0.068609
0.164003
0.326451
0.310360
0.268070
0.291303
0.246437
0.166223
0.300169
0.236290
0.280146
0.380953
0.125108
0.079503
0.293386
0.056175
0.269974
0.419172
0.347330
0.050332
0.110002
0.249951
0.188833
0.086869
0.155791
0.173889
0.200356
0.309636
0.055034
0.236770
0.070088
0.360786
0.365883
0.141009
0.105504
0.088078
0.228563
0.076225
0.128139
0.317736
0.293084
0.082225
0.245869
0.149923
0.085188
0.195093
0.006959
0.248648
0.185928
0.343590
0.082147
0.330847
0.201076
0.180260
0.296974
0.047618
0.159002
0.039558
0.111517
0.126440
0.095645
0.306266
0.156095
0.234880
0.025488
0.181432
0.216225
0.191020
0.307447
0.310755
0.161155
0.227733
0.106401
0.241102
0.181670
0.278457
0.163270
0.199725
0.203341
0.165004
0.350354
0.298036
0.218587
0.080825
0.022567
0.193775
0.216467
0.096665
0.145587
0.134215
0.277940
0.317112
0.024713
0.285461
0.145392
0.344954
0.392004
0.256732
0.222854
0.191177
0.263902
0.130918
0.095296
0.223496
0.215259
0.067077
0.160764
0.151275
0.166087
0.239694
0.190505
0.259857
0.168670
0.263318
0.126290
0.261313
0.167311
0.129349
0.338652
0.160586
0.227681
0.081293
0.051816
0.161209
0.239014
0.183291
0.134957
0.199945
0.124654
0.173417
0.115098
0.437812
0.232094
0.183356
0.167695
0.231116
0.149765
0.225155
0.153329
0.084450
0.136702
0.332630
0.212330
0.151965
0.303238
0.163676
0.089516
0.116907
0.130712
0.137811
0.176264
0.094191
0.071387
0.125519
0.346950
0.190516
0.173647
0.236798
0.161395
0.204442
0.333038
0.338395
0.332000
0.221506
0.208574
0.302783
0.085048
0.127752
0.318189
0.151021
0.227367
0.202748
0.287484
0.301716
0.124425
0.277415
0.187192
0.212038
0.171644
0.112677
0.014757
0.241874
0.315421
0.149222
0.327237
0.099777
0.055396
0.209485
0.354414
0.103249
0.090844
0.200514
0.189886
0.156816
0.106893
0.504231
0.137452
0.165031
0.158678
0.196941
0.289247
0.238789
0.276854
0.258903
0.160828
0.346253
0.289210
0.153960
0.269601
0.117154
0.080952
0.227780
0.173175
0.093792
0.115879
0.105595
0.121331
0.376689
0.250015
0.188849
0.194170
0.140169
0.178785
0.140283
0.162278
0.381822
0.375610
0.239362
0.133760
0.439252
0.028606
0.009605
0.363506
0.256629
0.286775
0.218704
0.397457
0.264515
0.219504
0.310225
0.095685
0.124775
0.219375
0.068951
0.194713
0.315989
0.277124
0.107400
0.386582
0.145008
0.093960
0.213422
0.286739
0.331717
0.155163
0.155317
0.196618
0.068486
0.108719
0.310291
0.100222
0.315639
0.101984
0.192784
0.261683
0.338916
0.333016
0.395797
0.351272
0.308915
0.399120
0.196016
0.257026
0.260813
0.332388
0.289036
0.107631
0.146347
0.011317
0.145649
0.131134
0.424373
0.067147
0.230375
0.165507
0.196518
0.221328
0.193337
0.070252
0.327501
0.358730
0.198492
0.158540
0.452902
0.100114
0.168513
0.371899
0.265986
0.247931
0.219548
0.443308
0.097292
0.378527
0.327347
0.091943
0.027675
0.233918
0.137482
0.228543
0.315247
0.197034
0.109503
0.258021
0.263752
0.113376
0.158232
0.161226
0.394388
0.236461
0.143385
0.172039
0.053169
0.143980
0.103841
0.023513
0.442047
0.118430
0.132283
0.145041
0.350884
0.291935
0.339376
0.453648
0.245452
0.459277
0.143769
0.161596
0.406156
0.483712
0.168715
0.049002
0.203944
0.115845
0.119022
0.158351
0.351344
0.125317
0.244831
0.121635
0.279522
0.206495
0.261485
0.166555
0.184407
0.371165
0.125844
0.114210
0.367153
0.178666
0.283489
0.288314
0.239519
0.163867
0.164760
0.337629
0.156933
0.375324
0.268837
0.264263
0.089083
0.248883
0.174219
0.205278
0.278388
0.165652
0.174086
0.120163
0.363646
0.182617
0.089213
0.129553
0.270042
0.231909
0.159574
0.131708
0.195652
0.193610
0.230555
0.098220
0.498264
0.237828
0.060490
0.040712
0.310237
0.270501
0.242813
0.356715
0.124099
0.497640
0.145886
0.106460
0.374105
0.443020
0.051595
0.115191
0.115121
0.131069
0.025216
0.187744
0.228812
0.187055
0.296190
0.057770
0.330111
0.147872
0.303361
0.234507
0.005323
0.324663
0.044176
0.071717
0.265762
0.234728
0.259949
0.102283
0.116818
0.188496
0.127792
0.145720
0.197750
0.302874
0.130606
0.338162
0.157283
0.314788
0.175252
0.170431
0.190951
0.178957
0.182440
0.144966
0.424048
0.316236
0.050790
0.095625
0.158421
0.208620
0.166845
0.169024
0.292598
0.177253
0.339076
0.132162
0.384194
0.312680
0.233535
0.012799
0.281498
0.353824
0.199131
0.289539
0.089844
0.442482
0.249528
0.198988
0.323416
0.358761
0.208052
0.115758
0.076183
0.080136
0.125816
0.193573
0.076146
0.134104
0.324769
0.124068
0.298387
0.068079
0.371148
0.272808
0.196838
0.251833
0.092094
0.067294
0.172843
0.229054
0.353092
0.141569
0.150164
0.215340
0.152812
0.243900
0.201972
0.168264
0.098470
0.390119
0.238627
0.303372
0.146960
0.129407
0.147563
0.282813
0.191960
0.101677
0.326634
0.358673
0.016663
0.147882
0.139198
0.172432
0.124262
0.251354
0.269014
0.209438
0.306778
0.228099
0.128698
0.285034
0.317962
0.079456
0.207247
0.368365
0.243686
0.154167
0.250532
0.324348
0.263693
0.191268
0.254705
0.290478
0.269340
0.169502
0.115527
0.037660
0.102766
0.124379
0.103067
0.156897
0.217351
0.261907
0.373520
0.103534
0.413027
0.327790
0.341299
0.213189
0.189886
0.063220
0.176227
0.317074
0.339842
0.310763
0.237437
0.125592
0.281947
0.356707
0.308445
0.041276
0.369701
0.501363
0.308895
0.179129
0.046853
0.161077
0.092054
0.323366
0.221953
0.088968
0.258474
0.293074
0.097013
0.228659
0.099285
0.077792
0.077661
0.204443
0.233708
0.253888
0.217354
0.288708
0.196504
0.151191
0.353626
0.155613
0.105369
0.258873
0.212829
0.083434
0.367639
0.286216
0.301284
0.264179
0.220484
0.157896
0.331003
0.182540
0.016357
0.051568
0.044907
0.052800
0.232578
0.217744
0.148883
0.287500
0.362302
0.148120
0.375220
0.397880
0.381022
0.170112
0.279269
0.126240
0.211724
0.340436
0.233928
0.460972
0.358015
0.037949
0.289267
0.369490
0.336663
0.045264
0.453889
0.544238
0.253504
0.058381
0.067583
0.159163
0.029670
0.389178
0.212322
0.073387
0.183418
0.254318
0.141429
0.294240
0.060319
0.055028
0.112857
0.086872
0.120904
0.165115
0.217514
0.290227
0.302274
0.028922
0.355910
0.164999
0.069074
0.200689
0.152682
0.037260
0.348027
0.237004
0.333535
0.250698
0.218933
0.188967
0.223070
0.240967
0.099943
0.144266
0.024156
0.154502
0.279082
0.224989
0.083846
0.262189
0.206202
0.227349
0.257340
0.367443
0.297453
0.093680
0.235219
0.339256
0.194971
0.240464
0.127405
0.452040
0.331698
0.075589
0.198405
0.251301
0.245793
0.026796
0.293904
0.298114
0.087017
0.043409
0.150526
0.148519
0.093530
0.420807
0.199905
0.113256
0.060101
0.219047
0.250859
0.342413
0.106882
0.093233
0.193515
0.032328
0.109106
0.031832
0.199195
0.148199
0.308080
0.035666
0.282377
0.110998
0.106604
0.234977
0.120764
0.125749
0.219472
0.208309
0.396694
0.233076
0.245525
0.230307
0.126259
0.226357
0.052625
0.241479
0.149952
0.192208
0.238201
0.138269
0.028335
0.246897
0.062254
0.232696
0.230428
0.194471
0.228904
0.261797
0.130457
0.368658
0.242634
0.106707
0.102747
0.365057
0.196848
0.033587
0.153324
0.130956
0.105594
0.043466
0.106644
0.082507
0.123720
0.051395
0.137254
0.134159
0.175872
0.295110
0.179465
0.296814
0.251568
0.162073
0.346280
0.287915
0.248056
0.071392
0.245580
0.085278
0.131901
0.098960
0.109716
0.025081
0.245444
0.039243
0.187879
0.103129
0.149464
0.269453
0.118262
0.179927
0.100287
0.247657
0.345548
0.181750
0.247337
0.317204
0.401716
0.196870
0.085576
0.265114
0.303311
0.301264
0.081828
0.101983
0.036373
0.087478
0.133611
0.177911
0.231182
0.171846
0.173130
0.346948
0.192267
0.257953
0.261721
0.112769
0.112116
0.270196
0.162641
0.097896
0.098552
0.100729
0.108789
0.078186
0.165404
0.139803
0.107782
0.033019
0.007957
0.134048
0.216141
0.077196
0.095859
0.394652
0.432551
0.149362
0.285928
0.190808
0.399388
0.135256
0.343310
0.228372
0.095833
0.173371
0.141246
0.169036
0.126026
0.004160
0.125581
0.029268
0.127365
0.228988
0.173581
0.232405
0.223434
0.316188
0.206651
0.250094
0.272009
0.454186
0.442742
0.248570
0.131843
0.173788
0.353576
0.320445
0.027277
0.097961
0.093913
0.143829
0.207324
0.059869
0.193360
0.341185
0.079864
0.267028
0.219801
0.214717
0.218111
0.194502
0.052485
0.130579
0.163468
0.025578
0.082016
0.200796
0.321267
0.141614
0.132836
0.095196
0.057236
0.043168
0.126823
0.198152
0.209255
0.146215
0.126646
0.248474
0.436013
0.099686
0.158047
0.098752
0.390691
0.126326
0.287012
0.303693
0.174873
0.161650
0.144700
0.317547
0.057669
0.024413
0.072165
0.021236
0.111431
0.213349
0.220836
0.246582
0.239972
0.319044
0.209854
0.327511
0.237087
0.515358
0.374776
0.244279
0.162305
0.102274
0.229801
0.170010
0.063621
0.158078
0.257898
0.271274
0.259119
0.091626
0.155077
0.390691
0.020013
0.333198
0.203533
0.339561
0.163194
0.185501
0.058226
0.189123
0.110966
0.208945
0.194965
0.302126
0.365949
0.222071
0.125823
0.177506
0.109554
0.032252
0.110354
0.288714
0.192411
0.238518
0.200484
0.004086
0.320938
0.110894
0.106151
0.092557
0.135273
0.024277
0.039824
0.324549
0.280689
0.076128
0.214604
0.377383
0.116369
0.071724
0.170100
0.065552
0.126665
0.266787
0.223752
0.203502
0.156711
0.351204
0.142437
0.310545
0.154352
0.395346
0.299130
0.134158
0.222585
0.105600
0.086326
0.107581
0.156484
0.223683
0.366562
0.276482
0.291384
0.179540
0.090748
0.212566
0.058511
0.328469
0.168206
0.393489
0.190977
0.168532
0.051084
0.331895
0.106393
0.334115
0.304709
0.291810
0.279722
0.351331
0.089113
0.257123
0.139738
0.074537
0.060398
0.320711
0.161703
0.226560
0.171748
0.215252
0.237929
0.256246
0.105591
0.093968
0.089484
0.087787
0.175239
0.282478
0.212984
0.172870
0.340389
0.271098
0.042593
0.246532
0.163632
0.131463
0.104176
0.232403
0.398769
0.159026
0.106609
0.316613
0.085215
0.304081
0.084649
0.249653
0.188652
0.083783
0.220093
0.163177
0.058238
0.089917
0.261909
0.272356
0.230954
0.265618
0.218642
0.182829
0.168327
0.183670
0.097167
0.264350
0.153539
0.393782
0.140140
0.135811
0.102301
0.356728
0.139986
0.274819
0.310799
0.176542
0.186191
0.423133
0.058496
0.312141
0.109497
0.166096
0.091059
0.227376
0.107627
0.203870
0.078974
0.377747
0.209742
0.298201
0.111604
0.059355
0.147749
0.175388
0.265437
0.194489
0.046283
0.177078
0.256447
0.087074
0.126677
0.346165
0.142416
0.185690
0.068168
0.140525
0.569997
0.139011
0.199559
0.198634
0.045821
0.297112
0.092124
0.238198
0.031814
0.093796
0.201018
0.183437
0.079923
0.234716
0.236372
0.225658
0.105535
0.238076
0.084920
0.160462
0.300127
0.315119
0.215597
0.256132
0.179916
0.360009
0.034768
0.149900
0.108012
0.329305
0.153712
0.164459
0.203604
0.046094
0.086758
0.306938
0.178617
0.368617
0.003541
0.184820
0.139207
0.090318
0.078108
0.175689
0.171615
0.380069
0.167663
0.285016
0.175518
0.093038
0.182419
0.188942
0.280263
0.046119
0.139807
0.135098
0.083568
0.065823
0.199793
0.322885
0.174994
0.173217
0.081000
0.242632
0.529913
0.116938
0.356458
0.175391
0.061378
0.249131
0.117022
0.234020
0.128938
0.122482
0.326724
0.136881
0.046181
0.257036
0.129981
0.183346
0.092384
0.145061
0.173141
0.173692
0.241307
0.322721
0.318416
0.306768
0.265671
0.310433
0.012415
0.198804
0.059232
0.315365
0.193872
0.086006
0.093979
0.125241
0.267634
0.164540
0.247979
0.394269
0.093384
0.139309
0.130423
0.069078
0.108129
0.114949
0.372776
0.415456
0.081341
0.238633
0.221473
0.126463
0.197594
0.244747
0.240456
0.092911
0.218475
0.101886
0.109512
0.175851
0.269116
0.203648
0.203900
0.152948
0.127413
0.367567
0.359451
0.029782
0.379122
0.153465
0.033841
0.093751
0.021129
0.213808
0.238572
0.292914
0.400083
0.085127
0.192266
0.299150
0.158976
0.202463
0.086527
0.080560
0.218309
0.081227
0.095941
0.224902
0.284856
0.191774
0.318464
0.150573
0.084029
0.213401
0.103950
0.203125
0.178141
0.124441
0.029757
0.193303
0.428220
0.094913
0.220482
0.332574
0.047853
0.078075
0.057185
0.154677
0.083228
0.072370
0.386962
0.331931
0.202092
0.193173
0.305657
0.132133
0.161746
0.333511
0.190572
0.034929
0.260799
0.035379
0.246885
0.197805
0.329690
0.087687
0.221451
0.195425
0.184114
0.345771
0.155457
0.150381
0.326585
0.095009
0.127879
0.128933
0.185087
0.281432
0.349800
0.371358
0.310332
0.159271
0.280563
0.180856
0.281082
0.202792
0.030733
0.180214
0.140846
0.102563
0.137798
0.227818
0.227256
0.187650
0.366552
0.158075
0.131367
0.135385
0.095195
0.215877
0.175864
0.186200
0.144865
0.259136
0.242363
0.262490
0.218950
0.163058
0.046989
0.033116
0.074240
0.282592
0.163229
0.018146
0.252140
0.301625
0.314215
0.137346
0.304254
0.132374
0.232393
0.429235
0.180334
0.074524
0.280411
0.021417
0.259631
0.118498
0.296860
0.178769
0.216560
0.291067
0.104774
0.187290
0.150229
0.255466
0.262324
0.050748
0.182150
0.262042
0.263278
0.226482
0.366282
0.283740
0.171186
0.221376
0.258696
0.131358
0.331878
0.243525
0.137490
0.221005
0.047385
0.152160
0.195468
0.264232
0.233874
0.293223
0.353102
0.248199
0.077521
0.048171
0.031729
0.397913
0.184080
0.190941
0.253822
0.251804
0.107187
0.329095
0.309809
0.120536
0.089823
0.126829
0.165430
0.406215
0.234808
0.106349
0.143835
0.266123
0.419721
0.182519
0.317960
0.100355
0.281609
0.436342
0.196174
0.243863
0.198657
0.082912
0.196514
0.033723
0.123791
0.349646
0.186083
0.295542
0.043496
0.104684
0.392433
0.268472
0.151814
0.113475
0.273655
0.348146
0.293136
0.256674
0.325624
0.193004
0.091107
0.255837
0.180043
0.160303
0.246453
0.262826
0.208310
0.282184
0.172779
0.186105
0.185446
0.200401
0.167399
0.342169
0.421262
0.246812
0.101463
0.180570
0.036442
0.425609
0.122851
0.120093
0.370256
0.189055
0.194455
0.229744
0.400896
0.257956
0.124918
0.241063
0.222328
0.418568
0.210817
0.172044
0.124807
0.333482
0.442534
0.241378
0.282754
0.029586
0.282641
0.354657
0.150903
0.274191
0.098996
0.085392
0.122394
0.097335
0.059783
0.434286
0.129911
0.223359
0.077256
0.136662
0.364609
0.232473
0.175194
0.115986
0.284320
0.349359
0.209896
0.302569
0.243550
0.161160
0.128741
0.246258
0.110027
0.084248
0.176623
0.220233
0.245868
0.155972
0.287056
0.200204
0.148159
0.023216
0.105136
0.255405
0.397651
0.288837
0.218648
0.273775
0.035042
0.346608
0.103898
0.085427
0.434926
0.086079
0.252979
0.161610
0.206329
0.324912
0.058951
0.117481
0.223588
0.308429
0.212395
0.129909
0.077364
0.330328
0.314112
0.198660
0.270415
0.049331
0.202758
0.240790
0.234730
0.166627
0.135313
0.118175
0.126698
0.098871
0.166473
0.422868
0.066179
0.243145
0.157393
0.165595
0.320513
0.160884
0.137263
0.083158
0.120741
0.267366
0.015575
0.194283
0.161404
0.174051
0.160604
0.181797
0.088385
0.089342
0.201749
0.134528
0.246033
0.115973
0.238146
0.184092
0.180576
0.107624
0.074458
0.136233
0.254944
0.298939
0.237693
0.282035
0.058610
0.290102
0.058805
0.023930
0.369428
0.103562
0.273362
0.215811
0.191944
0.256538
0.131695
0.095946
0.127093
0.145337
0.223059
0.040468
0.194129
0.247065
0.223874
0.073470
0.203321
0.153349
0.042633
0.128855
0.364034
0.072749
0.135344
0.189190
0.187760
0.105788
0.171764
0.298994
0.073041
0.250643
0.207754
0.173014
0.221102
0.018400
0.114258
0.285284
0.132527
0.144003
0.170379
0.140964
0.218037
0.248147
0.115661
0.236946
0.049900
0.030420
0.157341
0.056366
0.248815
0.140576
0.171741
0.109016
0.177339
0.253643
0.285649
0.063298
0.305283
0.204838
0.182572
0.141267
0.045480
0.241185
0.128449
0.092506
0.318025
0.133251
0.174759
0.210350
0.334463
0.133142
0.161201
0.205764
0.091762
0.070301
0.265659
0.100716
0.333572
0.121876
0.131747
0.108933
0.109260
0.247534
0.236275
0.056626
0.213127
0.112733
0.083085
0.253810
0.172181
0.200054
0.176364
0.147491
0.088391
0.264840
0.157797
0.174016
0.158561
0.064885
0.050195
0.348606
0.134516
0.072853
0.253458
0.228076
0.339635
0.231643
0.105575
0.378487
0.054763
0.190925
0.029187
0.100404
0.235348
0.067826
0.180089
0.044225
0.268613
0.413712
0.398380
0.058193
0.334007
0.142661
0.091430
0.131058
0.110124
0.096472
0.272733
0.210687
0.234077
0.061089
0.126786
0.070335
0.306315
0.006661
0.183416
0.282839
0.109519
0.100749
0.224345
0.099452
0.400433
0.079862
0.148408
0.255943
0.034336
0.189833
0.359373
0.224829
0.099285
0.234674
0.043225
0.237083
0.043522
0.194334
0.227809
0.063695
0.166510
0.258836
0.126940
0.168935
0.156937
0.024812
0.120425
0.286030
0.035444
0.040921
0.254544
0.299251
0.361500
0.094325
0.193372
0.411804
0.057882
0.274184
0.140457
0.132630
0.164035
0.064441
0.241767
0.102416
0.398515
0.416128
0.364288
0.125366
0.373922
0.156960
0.032619
0.127161
0.129438
0.063267
0.303061
0.249926
0.051921
0.148577
0.205247
0.125635
0.256706
0.145702
0.167848
0.378355
0.052361
0.155866
0.131687
0.090364
0.377751
0.099513
0.235091
0.246393
0.022153
0.078255
0.298411
0.373567
0.178887
0.327760
0.005045
0.143692
0.142350
0.082748
0.230430
0.012551
0.132101
0.301631
0.156233
0.171510
0.180392
0.084571
0.185093
0.195658
0.133971
0.047808
0.186821
0.312118
0.354949
0.160043
0.240721
0.321545
0.129957
0.201375
0.167260
0.216139
0.038203
0.148099
0.230775
0.063908
0.366841
0.261251
0.258445
0.278188
0.342958
0.026847
0.130097
0.112644
0.095043
0.216790
0.243063
0.211789
0.175585
0.231973
0.232038
0.209364
0.142285
0.208122
0.130583
0.347989
0.050235
0.301845
0.020497
0.207720
0.303012
0.077893
0.223297
0.118337
0.052978
0.188806
0.191745
0.467579
0.192903
0.222324
0.065855
0.132439
0.276047
0.086931
0.208948
0.107847
0.147101
0.281503
0.100884
0.091765
0.193106
0.094857
0.210078
0.141208
0.074333
0.033209
0.056806
0.283506
0.249413
0.171961
0.212630
0.172296
0.127290
0.134074
0.070872
0.288598
0.084020
0.176270
0.197886
0.084557
0.207021
0.177427
0.144624
0.329238
0.234745
0.083670
0.150265
0.141498
0.098301
0.324112
0.240485
0.075980
0.308883
0.247218
0.350667
0.311252
0.021499
0.234031
0.002230
0.262121
0.160649
0.373810
0.163181
0.248299
0.157433
0.093689
0.192079
0.194034
0.213696
0.169356
0.299428
0.474429
0.110793
0.148219
0.179044
0.110417
0.403672
0.164229
0.158225
0.250277
0.242337
0.254597
0.078144
0.178561
0.149603
0.067236
0.191098
0.173186
0.081194
0.055346
0.116766
0.247962
0.154882
0.124757
0.121196
0.155003
0.039685
0.085713
0.174543
0.205065
0.181600
0.141902
0.188828
0.159861
0.221728
0.300703
0.173273
0.188876
0.103846
0.099209
0.086184
0.129846
0.096362
0.333334
0.251870
0.123548
0.275336
0.299153
0.320621
0.332158
0.102450
0.244271
0.172606
0.128920
0.290879
0.304391
0.255946
0.254516
0.157516
0.146644
0.143054
0.221419
0.378001
0.075608
0.326042
0.388948
0.154634
0.212665
0.267580
0.081876
0.480760
0.283373
0.189576
0.339262
0.170117
0.198906
0.070898
0.366177
0.019889
0.018606
0.151783
0.215205
0.203703
0.081120
0.166324
0.200076
0.120935
0.188730
0.077094
0.247898
0.146367
0.191297
0.179564
0.152316
0.316431
0.110636
0.254091
0.179067
0.184048
0.333467
0.353900
0.051902
0.063342
0.082255
0.039040
0.092296
0.197679
0.290571
0.092818
0.215740
0.204516
0.319459
0.203326
0.180795
0.139528
0.252600
0.221173
0.052675
0.373682
0.164149
0.307388
0.141675
0.387124
0.178965
0.106316
0.074045
0.334292
0.034538
0.190498
0.222703
0.309073
0.152619
0.273415
0.042861
0.378417
0.311047
0.252660
0.347461
0.171938
0.033925
0.158682
0.386222
0.126914
0.170718
0.174063
0.291998
0.287247
0.081871
0.263358
0.083327
0.105113
0.362618
0.141292
0.333918
0.308167
0.297397
0.037816
0.238158
0.381789
0.103622
0.317708
0.217719
0.066785
0.427509
0.351061
0.133352
0.068449
0.011377
0.042059
0.091283
0.141905
0.235128
0.248701
0.193070
0.183396
0.291031
0.099701
0.040877
0.186188
0.172631
0.231104
0.173768
0.314074
0.042846
0.308645
0.087154
0.581567
0.220782
0.100789
0.146907
0.247733
0.055027
0.017648
0.122161
0.402664
0.173547
0.211353
0.082225
0.171640
0.230579
0.309129
0.228222
0.228907
0.222164
0.263678
0.268721
0.233074
0.257887
0.077951
0.343136
0.216342
0.047863
0.377738
0.076485
0.058453
0.397735
0.186815
0.290927
0.316490
0.310363
0.095925
0.212256
0.322867
0.140139
0.209859
0.185740
0.195650
0.480160
0.221519
0.192143
0.128005
0.093282
0.096762
0.102355
0.039630
0.197795
0.374852
0.168998
0.177069
0.267101
0.081594
0.124719
0.170946
0.064549
0.210261
0.311635
0.197177
0.180832
0.230408
0.237854
0.655607
0.208736
0.096632
0.279933
0.202053
0.076196
0.085769
0.072399
0.344938
0.193098
0.138815
0.158948
0.013040
0.222385
0.371302
0.069715
0.194421
0.380927
0.300645
0.122123
0.183557
0.306758
0.124939
0.289821
0.051224
0.088047
0.335054
0.194683
0.169042
0.308340
0.192916
0.140819
0.187157
0.298862
0.162572
0.078942
0.239544
0.188921
0.216043
0.109095
0.227947
0.422057
0.251890
0.172078
0.218807
0.115962
0.113112
0.111521
0.190492
0.289979
0.445633
0.162204
0.162650
0.157083
0.120176
0.213740
0.273469
0.075089
0.203909
0.346542
0.088045
0.285646
0.113871
0.314724
0.565640
0.137391
0.075506
0.325502
0.277163
0.099450
0.135779
0.134008
0.291523
0.146762
0.254610
0.193163
0.172930
0.195529
0.324305
0.074845
0.237094
0.368349
0.244566
0.076385
0.083263
0.279649
0.245910
0.146367
0.055714
0.224082
0.147378
0.229724
0.310743
0.235160
0.172165
0.126490
0.055965
0.277779
0.135189
0.042698
0.242636
0.213750
0.281498
0.094810
0.127198
0.237316
0.296958
0.126796
0.263546
0.149623
0.054140
0.148603
0.410074
0.290433
0.465537
0.083771
0.097706
0.077143
0.177189
0.338976
0.314817
0.189911
0.176888
0.287760
0.020873
0.209020
0.028531
0.309841
0.397872
0.081072
0.139345
0.276708
0.305547
0.142281
0.262413
0.241474
0.301449
0.116447
0.334902
0.250307
0.337476
0.165915
0.231020
0.099263
0.259778
0.238789
0.153677
0.187267
0.077074
0.349686
0.183419
0.125472
0.207939
0.267982
0.077548
0.237714
0.308650
0.103537
0.116444
0.260432
0.186403
0.265015
0.130307
0.145715
0.203944
0.225113
0.373451
0.071842
0.018922
0.149317
0.166172
0.067272
0.206144
0.168691
0.092951
0.150984
0.572597
0.218141
0.373800
0.060857
0.024489
0.209904
0.334582
0.399231
0.202183
0.238049
0.144512
0.246459
0.075856
0.125127
0.139555
0.209138
0.224795
0.131282
0.249241
0.208149
0.227168
0.143191
0.382163
0.214295
0.199502
0.121785
0.270206
0.307227
0.369251
0.111380
0.293509
0.096994
0.262103
0.138424
0.167865
0.271262
0.205465
0.303547
0.091745
0.161029
0.323160
0.154115
0.115546
0.232539
0.198493
0.122497
0.120714
0.189995
0.326289
0.245135
0.161857
0.312386
0.217425
0.148852
0.331481
0.152095
0.123119
0.104417
0.127503
0.075723
0.089716
0.149323
0.128827
0.078113
0.516484
0.127251
0.176344
0.107794
0.135980
0.232725
0.419219
0.367028
0.143853
0.302976
0.090024
0.133190
0.092955
0.107108
0.158482
0.214997
0.305697
0.149607
0.266130
0.279914
0.084273
0.110758
0.328751
0.182071
0.058767
0.095362
0.189843
0.276293
0.331970
0.054889
0.342079
0.060975
0.295909
0.249217
0.194738
0.327546
0.294471
0.161417
0.283179
0.103543
0.326364
0.084147
0.175482
0.133148
0.129385
0.255508
0.166232
0.061015
0.315595
0.213228
0.239946
0.366881
0.214339
0.092533
0.198055
0.199233
0.184355
0.163197
0.167359
0.184834
0.141287
0.142794
0.101769
0.197013
0.368180
0.042328
0.139336
0.089462
0.253864
0.240597
0.345403
0.245502
0.268565
0.380002
0.108521
0.094643
0.100049
0.071864
0.137648
0.330718
0.444949
0.200724
0.260938
0.298431
0.068064
0.096828
0.289061
0.178938
0.207558
0.018429
0.197505
0.085122
0.285394
0.106940
0.311852
0.114865
0.327467
0.228666
0.220039
0.358947
0.209405
0.143272
0.381304
0.099293
0.325886
0.203942
0.251906
0.050167
0.054003
0.243208
0.224996
0.088814
0.252786
0.123586
0.299446
0.250611
0.225668
0.101796
0.263941
0.188619
0.165238
0.201209
0.166681
0.276031
0.249028
0.143875
0.164034
0.308830
0.266456
0.243682
0.154033
0.037380
0.220828
0.249596
0.134994
0.018448
0.404566
0.307386
0.197049
0.142717
0.146053
0.045696
0.256210
0.293948
0.570117
0.187488
0.330732
0.253775
0.071143
0.124769
0.303255
0.247714
0.380826
0.041141
0.195739
0.143840
0.275082
0.229155
0.190862
0.193366
0.304097
0.205025
0.153963
0.407661
0.016305
0.111485
0.304737
0.275391
0.219318
0.246901
0.213237
0.101780
0.155120
0.081663
0.259729
0.140184
0.342257
0.051908
0.286158
0.192556
0.192816
0.102389
0.320911
0.251311
0.222315
0.196736
0.083692
0.285300
0.250804
0.084131
0.151392
0.263025
0.110877
0.508116
0.144872
0.017206
0.154350
0.257875
0.183101
0.195873
0.432318
0.218134
0.341587
0.119936
0.295997
0.009946
0.351995
0.132147
0.586435
0.200248
0.312082
0.258530
0.057014
0.145744
0.270922
0.229062
0.499156
0.102006
0.146753
0.233724
0.208416
0.283787
0.171592
0.203197
0.187525
0.306788
0.058060
0.397358
0.170940
0.151641
0.205584
0.341116
0.129410
0.167432
0.149789
0.135160
0.226640
0.046495
0.292080
0.117590
0.428194
0.159273
0.207926
0.209336
0.093818
0.054643
0.382576
0.264261
0.196649
0.150273
0.083174
0.235190
0.313564
0.097374
0.160629
0.159845
0.072174
0.565309
0.259254
0.034284
0.197406
0.253933
0.312208
0.279901
0.418945
0.151063
0.364496
0.163216
0.289334
0.054433
0.248770
0.167962
0.421223
0.284128
0.274531
0.211994
0.046237
0.191166
0.216586
0.145895
0.483028
0.133138
0.108108
0.200997
0.047712
0.342563
0.161979
0.171227
0.195570
0.369414
0.066209
0.243915
0.201149
0.304162
0.142258
0.344861
0.304159
0.095901
0.120449
0.164429
0.214298
0.071271
0.328937
0.097623
0.348970
0.141193
0.229012
0.190193
0.062758
0.033023
0.416324
0.176913
0.124852
0.181533
0.122050
0.239858
0.386482
0.100962
0.192840
0.123893
0.155600
0.417152
0.333028
0.085313
0.211808
0.273431
0.355820
0.310128
0.419254
0.146495
0.219612
0.149147
0.146030
0.185426
0.115984
0.196857
0.103892
0.403435
0.269653
0.180656
0.097399
0.216828
0.156248
0.080314
0.447890
0.048429
0.157349
0.266578
0.300123
0.423998
0.174712
0.239279
0.288296
0.356053
0.096037
0.111404
0.204857
0.408095
0.164757
0.237392
0.374649
0.156424
0.139820
0.195171
0.203870
0.175574
0.331953
0.107413
0.237691
0.078907
0.174486
0.121854
0.172911
0.060264
0.448947
0.173856
0.114479
0.240996
0.119122
0.214072
0.315580
0.165990
0.145274
0.159626
0.192610
0.249135
0.360950
0.102083
0.124857
0.269183
0.391280
0.305388
0.282287
0.100615
0.074461
0.045925
0.202291
0.278437
0.077371
0.096542
0.133412
0.459394
0.218318
0.195553
0.163939
0.271316
0.117990
0.106821
0.375176
0.160278
0.279528
0.185871
0.428028
0.394690
0.117343
0.225957
0.361043
0.334430
0.092912
0.244488
0.211417
0.335825
0.179508
0.069614
0.329877
0.197128
0.124287
0.196984
0.127862
0.262625
0.298435
0.286506
0.048375
0.052036
0.059980
0.136191
0.222961
0.122522
0.348561
0.134198
0.098095
0.281704
0.160464
0.121826
0.106421
0.091250
0.098216
0.209685
0.255216
0.162871
0.364224
0.072427
0.048378
0.175153
0.370324
0.212658
0.163226
0.095620
0.120933
0.066440
0.299345
0.338430
0.040447
0.052130
0.191961
0.297247
0.146432
0.225835
0.206666
0.279784
0.163178
0.193266
0.243768
0.194263
0.323454
0.060618
0.324993
0.242920
0.027210
0.127723
0.373060
0.215178
0.100103
0.445742
0.210817
0.152709
0.142409
0.304047
0.277162
0.238892
0.159625
0.160949
0.143299
0.229306
0.224034
0.404432
0.230662
0.157770
0.196662
0.245578
0.186316
0.174852
0.157818
0.028007
0.103249
0.282536
0.137966
0.144883
0.128273
0.052548
0.087319
0.197014
0.259013
0.315610
0.201167
0.097554
0.127988
0.111686
0.259441
0.225207
0.096646
0.279681
0.159231
0.119656
0.316343
0.338087
0.028895
0.098971
0.234300
0.038376
0.211428
0.227143
0.175960
0.180007
0.181726
0.254887
0.185422
0.179097
0.265245
0.054371
0.142946
0.202833
0.024916
0.192368
0.336882
0.119748
0.048632
0.427925
0.084470
0.140757
0.153764
0.324130
0.144796
0.272610
0.153662
0.137382
0.147618
0.052442
0.091572
0.312610
0.432201
0.239164
0.382980
0.358991
0.180547
0.177657
0.056549
0.030328
0.251423
0.237329
0.098846
0.274852
0.193351
0.040635
0.080248
0.147976
0.099346
0.509101
0.128319
0.182893
0.171313
0.152488
0.185005
0.345229
0.155674
0.418503
0.150088
0.226003
0.260811
0.322761
0.030242
0.136714
0.189179
0.150515
0.308929
0.162346
0.218073
0.192411
0.189296
0.282005
0.245660
0.192765
0.176400
0.125152
0.021956
0.211121
0.088659
0.291669
0.277630
0.244603
0.141217
0.287441
0.132856
0.185959
0.179973
0.214318
0.050595
0.258488
0.152226
0.161430
0.206819
0.191305
0.114237
0.179962
0.552517
0.229563
0.417736
0.342417
0.128178
0.172802
0.103165
0.030796
0.206379
0.153968
0.127521
0.315060
0.238544
0.084485
0.099800
0.186439
0.095017
0.501504
0.171790
0.161044
0.230891
0.144841
0.409216
0.290865
0.333433
0.473268
0.148154
0.254099
0.257656
0.265268
0.085636
0.226740
0.191449
0.255331
0.399271
0.124305
0.294730
0.178506
0.156984
0.295327
0.313803
0.240327
0.040757
0.098549
0.165938
0.174867
0.192805
0.350941
0.168522
0.280123
0.204737
0.245214
0.188292
0.137455
0.186143
0.104895
0.166422
0.188511
0.166888
0.253027
0.281650
0.275631
0.349103
0.033884
0.647724
0.200712
0.248333
0.232759
0.141228
0.084972
0.207386
0.078137
0.098475
0.011989
0.173880
0.230322
0.345092
0.118670
0.090882
0.266478
0.189592
0.313294
0.166073
0.105987
0.288876
0.260166
0.485994
0.084399
0.284546
0.330439
0.167806
0.279383
0.200419
0.098980
0.092073
0.263675
0.197586
0.272425
0.391839
0.141208
0.315705
0.243486
0.151518
0.299020
0.332157
0.198979
0.092184
0.021137
0.191462
0.092788
0.301025
0.303478
0.248374
0.211486
0.174566
0.236397
0.158575
0.105732
0.188220
0.152201
0.262604
0.103749
0.227514
0.326180
0.317060
0.278041
0.460522
0.143831
0.671074
0.164695
0.041701
0.196343
0.162765
0.128514
0.292067
0.144834
0.110482
0.114395
0.226993
0.106265
0.290424
0.094283
0.097636
0.269412
0.231054
0.130564
0.154206
0.085651
0.280672
0.303769
0.356042
0.137641
0.120383
0.114861
0.130305
0.271371
0.157800
0.127383
0.074470
0.220032
0.310358
0.147775
0.282504
0.236215
0.401722
0.342066
0.219176
0.187913
0.294259
0.207654
0.088192
0.078403
0.155762
0.115727
0.298506
0.109570
0.316250
0.161793
0.166517
0.332617
0.195301
0.105677
0.174366
0.154975
0.356830
0.021865
0.190267
0.391142
0.285693
0.462112
0.381717
0.209821
0.563194
0.100452
0.262769
0.111895
0.234871
0.317665
0.437170
0.101085
0.101968
0.115841
0.273755
0.037557
0.210025
0.134763
0.092996
0.162030
0.305920
0.235682
0.083078
0.138314
0.174521
0.279485
0.350616
0.186540
0.227612
0.052011
0.055852
0.168529
0.096951
0.211570
0.131336
0.118877
0.402896
0.076041
0.253036
0.313465
0.379632
0.433862
0.277563
0.088005
0.350544
0.185117
0.062151
0.199892
0.148726
0.132873
0.215749
0.114937
0.195417
0.162610
0.162579
0.382362
0.338790
0.071008
0.051226
0.083179
0.398565
0.095889
0.178502
0.354099
0.195284
0.497829
0.211392
0.114267
0.362699
0.047954
0.353070
0.123523
0.252483
0.367000
0.493756
0.036215
0.049602
0.092060
0.290965
0.046694
0.184056
0.187986
0.162207
0.085012
0.324262
0.233262
0.074302
0.163439
0.079898
0.269821
0.291719
0.108576
0.302639
0.070671
0.023516
0.071683
0.030048
0.165873
0.106299
0.197487
0.208032
0.092267
0.289883
0.321428
0.358791
0.422240
0.375464
0.166440
0.334521
0.168811
0.107017
0.246008
0.188318
0.095373
0.217477
0.231558
0.140250
0.232582
0.199509
0.258132
0.316035
0.166039
0.122938
0.039186
0.306327
0.103628
0.162302
0.202723
0.096884
0.307662
0.052511
0.018177
0.195479
0.172841
0.315540
0.164018
0.285054
0.317814
0.399296
0.061320
0.038973
0.119091
0.204477
0.080147
0.183377
0.087272
0.248384
0.042898
0.393176
0.202403
0.088037
0.202652
0.095440
0.226357
0.188613
0.109475
0.225365
0.199909
0.039252
0.325943
0.074405
0.170942
0.092989
0.232859
0.130125
0.074574
0.261521
0.264762
0.353508
0.267935
0.358663
0.190228
0.222820
0.162871
0.152252
0.188295
0.145352
0.045255
0.213321
0.272919
0.166009
0.250783
0.332503
0.008874
0.182905
0.227712
0.210650
0.196348
0.261003
0.129806
0.173300
0.083494
0.081928
0.061709
0.076853
0.097109
0.057286
0.235154
0.254571
0.182925
0.197612
0.278096
0.196676
0.047183
0.089498
0.180147
0.149716
0.264604
0.177247
0.083879
0.248217
0.047147
0.325227
0.217012
0.134198
0.216756
0.117335
0.104099
0.185829
0.345602
0.195586
0.290348
0.093722
0.392077
0.146779
0.209492
0.122347
0.224574
0.347049
0.028024
0.333015
0.286307
0.286517
0.145213
0.269366
0.228487
0.157380
0.093508
0.105625
0.083622
0.017061
0.157789
0.116071
0.346452
0.139824
0.169039
0.363144
0.231039
0.077981
0.200457
0.269161
0.212926
0.224721
0.193713
0.262732
0.125719
0.117371
0.159118
0.161656
0.121473
0.197906
0.191252
0.049311
0.161116
0.178807
0.214555
0.153073
0.141317
0.109285
0.219469
0.120190
0.347886
0.154160
0.121187
0.234049
0.196984
0.327112
0.297571
0.149103
0.193728
0.150319
0.083189
0.254385
0.425275
0.109891
0.237104
0.219918
0.288001
0.126021
0.119639
0.141242
0.174080
0.337588
0.144594
0.293322
0.288954
0.079418
0.175073
0.292163
0.138879
0.315667
0.041353
0.027628
0.042140
0.087842
0.087156
0.011954
0.383406
0.074587
0.064860
0.304373
0.330171
0.087850
0.239436
0.307684
0.106761
0.163466
0.233473
0.268967
0.224538
0.103692
0.240902
0.223686
0.062812
0.301590
0.197654
0.096180
0.197513
0.152304
0.108159
0.192175
0.206899
0.079842
0.264137
0.091585
0.309157
0.023257
0.082946
0.198342
0.320273
0.267321
0.294450
0.254156
0.167402
0.137945
0.162147
0.297408
0.330531
0.124805
0.182983
0.268266
0.166338
0.006975
0.032553
0.095588
0.149875
0.261410
0.153926
0.199379
0.231782
0.203219
0.204008
0.173423
0.036133
0.460653
0.049244
0.032011
0.066026
0.126618
0.205248
0.102295
0.284834
0.185131
0.186150
0.251821
0.340144
0.155592
0.360361
0.242557
0.125723
0.062443
0.150902
0.248528
0.311006
0.159379
0.267842
0.261741
0.090975
0.394141
0.132034
0.184354
0.195871
0.109614
0.042269
0.305749
0.220782
0.040862
0.240631
0.169752
0.220344
0.238197
0.074000
0.058169
0.309606
0.144690
0.146060
0.367452
0.163717
0.105981
0.300379
0.248431
0.173257
0.208596
0.143016
0.188210
0.037030
0.111628
0.085583
0.057018
0.154866
0.169258
0.130986
0.213634
0.167740
0.346012
0.268464
0.116568
0.080066
0.390120
0.138387
0.009691
0.100691
0.068853
0.411106
0.169778
0.113825
0.304265
0.281362
0.254640
0.312508
0.239271
0.374723
0.152891
0.200390
0.234731
0.049435
0.310978
0.308417
0.200921
0.252622
0.312297
0.129180
0.405602
0.077886
0.234791
0.155074
0.076869
0.051309
0.308953
0.192149
0.117145
0.192686
0.307203
0.167821
0.422152
0.052553
0.226336
0.271188
0.193441
0.048948
0.314266
0.185425
0.204404
0.302640
0.142622
0.072717
0.227394
0.254087
0.106763
0.195812
0.156183
0.120690
0.144863
0.159932
0.094727
0.152429
0.225701
0.253069
0.360750
0.299890
0.288301
0.126981
0.270446
0.226410
0.081917
0.146652
0.056307
0.433366
0.210816
0.109399
0.357351
0.280205
0.248592
0.214318
0.276410
0.282265
0.100705
0.200080
0.474855
0.048370
0.249346
0.231585
0.331515
0.231145
0.230464
0.138474
0.373139
0.055565
0.226272
0.187173
0.081458
0.068438
0.352754
0.162094
0.133125
0.175746
0.355274
0.166491
0.336785
0.138746
0.422581
0.279216
0.344210
0.115044
0.247606
0.247642
0.271097
0.249041
0.089851
0.161395
0.217303
0.409036
0.050964
0.251403
0.152689
0.103941
0.195625
0.215776
0.052759
0.140440
0.205371
0.460026
0.307569
0.326979
0.309190
0.122968
0.168916
0.235261
0.103610
0.226643
0.066812
0.341810
0.279294
0.245486
0.293122
0.150650
0.213831
0.102332
0.253753
0.103389
0.109067
0.158039
0.514662
0.203138
0.216188
0.148590
0.415587
0.184949
0.127123
0.061843
0.322306
0.058721
0.180948
0.282837
0.089030
0.114571
0.301781
0.107980
0.107843
0.122976
0.262822
0.208119
0.159281
0.120912
0.505809
0.225222
0.362842
0.175514
0.082136
0.255188
0.241916
0.309355
0.145182
0.284239
0.246095
0.370461
0.059885
0.211658
0.180806
0.085905
0.089609
0.308978
0.067727
0.152867
0.300906
0.508477
0.166843
0.298627
0.367020
0.047159
0.094249
0.197061
0.063441
0.200303
0.087388
0.239456
0.192381
0.294393
0.171466
0.027760
0.025528
0.146503
0.228687
0.159789
0.132435
0.123386
0.471902
0.233515
0.121154
0.174243
0.311587
0.163441
0.130387
0.038664
0.254396
0.047640
0.129869
0.331460
0.180907
0.141180
0.229626
0.111845
0.088213
0.066564
0.118131
0.233259
0.066717
0.032569
0.449038
0.160279
0.325151
0.229631
0.079772
0.122382
0.208104
0.312235
0.169448
0.305677
0.228638
0.196962
0.135908
0.153824
0.142422
0.077023
0.062101
0.379481
0.106345
0.193251
0.223838
0.371673
0.107658
0.326272
0.418774
0.075856
0.198903
0.031254
0.046617
0.125385
0.061275
0.156090
0.224306
0.243767
0.120887
0.070514
0.169536
0.171533
0.185945
0.345092
0.197961
0.137729
0.394914
0.064054
0.060602
0.175700
0.151416
0.137138
0.189116
0.044861
0.172304
0.032747
0.043042
0.377875
0.319591
0.232380
0.142268
0.212484
0.183778
0.027158
0.086365
0.248774
0.043650
0.061833
0.309055
0.178021
0.315696
0.173174
0.188730
0.120212
0.211637
0.213888
0.189268
0.266202
0.122004
0.065298
0.150313
0.010518
0.069482
0.039002
0.203504
0.307765
0.053775
0.223889
0.039826
0.222704
0.056223
0.365699
0.341088
0.158079
0.194290
0.153559
0.055807
0.059078
0.080985
0.111909
0.299029
0.197366
0.183507
0.094310
0.258724
0.253050
0.116187
0.300520
0.195439
0.141119
0.247834
0.202917
0.165874
0.125467
0.047262
0.175894
0.271554
0.047024
0.121945
0.065332
0.070647
0.345025
0.436542
0.283599
0.065920
0.293603
0.213813
0.090328
0.160895
0.257921
0.035732
0.041665
0.255421
0.177692
0.224476
0.068545
0.169519
0.219612
0.174436
0.107431
0.186063
0.192573
0.064739
0.080264
0.161331
0.189054
0.064173
0.026871
0.239210
0.141969
0.113101
0.284633
0.103860
0.076891
0.074857
0.251586
0.259048
0.198106
0.193658
0.172128
0.180552
0.067161
0.031531
0.046564
0.356478
0.140417
0.150440
0.166585
0.324165
0.287871
0.040676
0.206449
0.094145
0.077212
0.265792
0.364336
0.252666
0.113517
0.005771
0.233141
0.388933
0.058164
0.072481
0.065563
0.110001
0.298305
0.506329
0.193583
0.152839
0.305375
0.202519
0.199368
0.210654
0.241096
0.065272
0.044220
0.233669
0.126634
0.043125
0.067824
0.224162
0.290123
0.091553
0.231211
0.127554
0.099280
0.077857
0.149991
0.195623
0.256176
0.171105
0.136804
0.114764
0.036609
0.216552
0.272681
0.170184
0.127587
0.130353
0.141945
0.092846
0.100444
0.235569
0.086969
0.172238
0.066407
0.137202
0.172513
0.314642
0.248006
0.053911
0.316775
0.317248
0.229177
0.072417
0.321928
0.022171
0.035114
0.358618
0.360107
0.261586
0.207386
0.058754
0.333348
0.384438
0.051836
0.062137
0.176327
0.122661
0.144055
0.376739
0.190037
0.202338
0.234295
0.079324
0.198509
0.175780
0.129134
0.081443
0.032573
0.206773
0.094901
0.044916
0.114957
0.324719
0.230554
0.086671
0.301986
0.114812
0.043744
0.228984
0.131109
0.152901
0.256369
0.132058
0.226563
0.014958
0.143074
0.238598
0.146728
0.241644
0.293640
0.200275
0.165667
0.108366
0.121215
0.294081
0.045499
0.071001
0.176119
0.277905
0.223985
0.163720
0.311433
0.093464
0.403076
0.214319
0.149360
0.131226
0.414869
0.150266
0.130160
0.388617
0.231873
0.204913
0.242382
0.092794
0.330720
0.285077
0.049153
0.112840
0.237837
0.147849
0.153891
0.127176
0.167809
0.244531
0.200987
0.178762
0.204867
0.226879
0.084946
0.093870
0.093015
0.116198
0.262049
0.026500
0.105520
0.295307
0.099022
0.067671
0.325737
0.143819
0.091346
0.209424
0.071080
0.099209
0.166845
0.130704
0.221002
0.039629
0.249428
0.213432
0.026738
0.298117
0.356996
0.252045
0.189906
0.320197
0.248256
0.359836
0.129765
0.043213
0.287093
0.272295
0.256024
0.172066
0.291550
0.075283
0.378210
0.069577
0.102734
0.098962
0.361678
0.243806
0.211678
0.246983
0.080091
0.029374
0.236892
0.094509
0.227020
0.274970
0.108222
0.189074
0.170979
0.203458
0.222401
0.134748
0.097121
0.351679
0.094701
0.314479
0.150704
0.275618
0.162484
0.030892
0.249030
0.228879
0.413347
0.105167
0.178311
0.271363
0.072531
0.031984
0.249899
0.122490
0.170049
0.110145
0.029056
0.119981
0.095752
0.196366
0.178727
0.098439
0.259716
0.198387
0.108599
0.284307
0.233952
0.243534
0.205614
0.497118
0.271416
0.416709
0.206904
0.072933
0.257986
0.129589
0.248316
0.301957
0.221588
0.058705
0.252200
0.027736
0.158183
0.124783
0.237244
0.195337
0.324597
0.189853
0.176568
0.199826
0.204343
0.155248
0.074605
0.281107
0.157083
0.228432
0.079872
0.213894
0.178848
0.307314
0.080622
0.291633
0.055446
0.250314
0.142877
0.236657
0.188286
0.088562
0.307440
0.358823
0.331547
0.181412
0.296819
0.079142
0.072978
0.027757
0.227387
0.094062
0.236830
0.080233
0.055372
0.154727
0.164737
0.186175
0.102269
0.100360
0.185458
0.150582
0.255970
0.229666
0.197597
0.148221
0.209587
0.520825
0.240885
0.398414
0.209582
0.132170
0.182250
0.074978
0.125879
0.269380
0.080919
0.222501
0.165563
0.015278
0.196677
0.137758
0.210734
0.097372
0.336421
0.167106
0.245543
0.380946
0.203767
0.236375
0.045258
0.333570
0.106313
0.205266
0.183670
0.190645
0.149696
0.388272
0.169484
0.143463
0.229149
0.106981
0.249205
0.195313
0.212285
0.213560
0.235949
0.330567
0.024383
0.148442
0.295843
0.145832
0.040110
0.027296
0.245373
0.088153
0.259513
0.254858
0.089292
0.214057
0.189773
0.092152
0.161098
0.090966
0.127209
0.052043
0.336375
0.227970
0.205784
0.121335
0.177987
0.366874
0.173742
0.230788
0.085250
0.088142
0.127212
0.130632
0.148783
0.213065
0.167522
0.340528
0.057003
0.086443
0.254973
0.137212
0.218124
0.076817
0.261134
0.150364
0.163590
0.466072
0.228407
0.211507
0.139169
0.285867
0.131637
0.190513
0.168416
0.139636
0.171060
0.421160
0.152685
0.152134
0.349761
0.090233
0.222647
0.137914
0.178865
0.225579
0.219076
0.235624
0.200690
0.108593
0.218427
0.312991
0.069469
0.028503
0.204783
0.057190
0.193275
0.297273
0.076644
0.218598
0.146350
0.052513
0.182778
0.067199
0.102441
0.049616
0.334209
0.171441
0.148199
0.249485
0.132083
0.158081
0.097395
0.036992
0.038601
0.062676
0.155901
0.173824
0.234999
0.180267
0.214487
0.346390
0.212938
0.215897
0.333296
0.162873
0.361657
0.053782
0.221694
0.148428
0.044631
0.443722
0.290725
0.107393
0.198114
0.215769
0.157853
0.130026
0.144360
0.035374
0.175951
0.386179
0.028099
0.153187
0.327711
0.282952
0.127157
0.189214
0.118378
0.157644
0.194859
0.189863
0.182875
0.015400
0.099675
0.356565
0.134225
0.035209
0.123321
0.022543
0.081128
0.301459
0.145912
0.142694
0.071344
0.052935
0.156422
0.099825
0.097956
0.058198
0.289821
0.047122
0.187748
0.224551
0.109428
0.082132
0.087538
0.121901
0.120082
0.225305
0.120016
0.188331
0.165414
0.158041
0.217992
0.211046
0.415998
0.283329
0.268603
0.137735
0.508694
0.092269
0.250116
0.194044
0.219692
0.248087
0.240130
0.149321
0.247729
0.206337
0.172107
0.072167
0.190375
0.229401
0.100525
0.245710
0.069904
0.030352
0.332709
0.367153
0.091007
0.344807
0.102065
0.134658
0.189712
0.143298
0.149932
0.184628
0.131299
0.396556
0.131231
0.052063
0.109535
0.085322
0.101797
0.260194
0.149789
0.087910
0.120712
0.082215
0.104328
0.231243
0.061471
0.097957
0.264947
0.102352
0.216756
0.128488
0.126011
0.177929
0.209360
0.202327
0.206774
0.298373
0.086381
0.203931
0.043262
0.206513
0.249621
0.031117
0.388545
0.270559
0.183368
0.249565
0.357494
0.181104
0.235543
0.174483
0.224551
0.135813
0.166612
0.171603
0.260740
0.220052
0.181352
0.084198
0.170470
0.489190
0.042403
0.084268
0.117308
0.238986
0.290325
0.279519
0.133321
0.387503
0.069267
0.158293
0.222409
0.058637
0.206066
0.326363
0.207048
0.278745
0.130301
0.139870
0.084008
0.095130
0.227806
0.251624
0.125797
0.112544
0.147751
0.139737
0.080981
0.308142
0.044985
0.170457
0.194422
0.181998
0.210434
0.147299
0.065871
0.223345
0.255986
0.233625
0.178038
0.231078
0.141469
0.194734
0.040250
0.236886
0.341830
0.203252
0.284551
0.245249
0.053965
0.304031
0.158016
0.145920
0.161427
0.108640
0.168875
0.110027
0.258186
0.122696
0.266609
0.186203
0.129775
0.151593
0.137799
0.482425
0.120614
0.216002
0.150769
0.248586
0.154867
0.135116
0.150388
0.395517
0.112286
0.198171
0.181312
0.127576
0.131166
0.254522
0.108926
0.102583
0.139177
0.261007
0.120950
0.134934
0.223519
0.289946
0.109257
0.253030
0.203047
0.166366
0.082995
0.319443
0.073898
0.211007
0.037487
0.297682
0.320831
0.067096
0.053864
0.288727
0.305621
0.183059
0.105931
0.094217
0.220028
0.179863
0.006678
0.119778
0.334630
0.204327
0.129159
0.152167
0.090449
0.278768
0.098212
0.093683
0.161079
0.134036
0.156058
0.283662
0.370007
0.050389
0.226223
0.164436
0.089417
0.191309
0.065499
0.366105
0.111103
0.312702
0.125462
0.292693
0.153571
0.035570
0.037538
0.332156
0.176649
0.197713
0.059560
0.149885
0.023221
0.104821
0.261216
0.037179
0.115799
0.336942
0.159409
0.180317
0.113318
0.243983
0.132597
0.244949
0.227961
0.150047
0.056221
0.255579
0.058496
0.245670
0.179442
0.407762
0.301716
0.177215
0.076574
0.333142
0.304988
0.104946
0.075655
0.063104
0.233986
0.166634
0.096243
0.071583
0.210621
0.093151
0.121769
0.198815
0.202505
0.223659
0.077784
0.079957
0.130369
0.075938
0.176114
0.383187
0.342258
0.121020
0.081541
0.204242
0.170099
0.226054
0.138612
0.335413
0.111977
0.297305
0.063643
0.326320
0.099624
0.216349
0.088312
0.142557
0.221838
0.231770
0.064178
0.044413
0.096957
0.100277
0.352889
0.094863
0.125341
0.283290
0.239816
0.188644
0.058169
0.068612
0.087829
0.097546
0.143518
0.201921
0.159409
0.127556
0.089175
0.255074
0.284327
0.368452
0.184394
0.350111
0.052559
0.254757
0.299572
0.072617
0.243693
0.152951
0.179799
0.091076
0.182497
0.216706
0.057022
0.075937
0.142744
0.297210
0.286382
0.133813
0.096588
0.111544
0.095067
0.101346
0.207084
0.309796
0.187750
0.204260
0.106400
0.303586
0.140355
0.303561
0.137125
0.207830
0.135642
0.254878
0.032839
0.243227
0.088795
0.425709
0.032317
0.106226
0.275564
0.190125
0.116893
0.082644
0.258834
0.177721
0.288161
0.150156
0.151349
0.156963
0.335118
0.194131
0.202956
0.238741
0.063842
0.021419
0.104327
0.174854
0.156554
0.070627
0.044436
0.208372
0.290809
0.167946
0.182926
0.326847
0.053459
0.215861
0.302355
0.122828
0.344397
0.296258
0.129144
0.090210
0.229546
0.336880
0.076325
0.040984
0.152147
0.267997
0.293792
0.034546
0.278819
0.160263
0.042194
0.199497
0.194177
0.145830
0.019885
0.196631
0.147901
0.351996
0.139953
0.335577
0.034128
0.057651
0.158309
0.293995
0.126959
0.183703
0.224580
0.533971
0.083169
0.282188
0.299416
0.170806
0.114116
0.061832
0.304133
0.237154
0.062841
0.220799
0.117125
0.063817
0.345276
0.130113
0.283644
0.381274
0.053987
0.056452
0.045057
0.094634
0.128913
0.120002
0.094599
0.117094
0.246459
0.140976
0.180998
0.134910
0.091832
0.121945
0.256972
0.128363
0.274503
0.320653
0.074402
0.175423
0.261319
0.322366
0.163436
0.088145
0.035439
0.243350
0.215873
0.202328
0.337763
0.218855
0.112911
0.176386
0.132164
0.065188
0.091780
0.195052
0.048088
0.233328
0.166286
0.250765
0.139645
0.127209
0.130316
0.187859
0.183005
0.213935
0.276647
0.461940
0.136271
0.251394
0.283027
0.143089
0.164057
0.009193
0.241150
0.155606
0.129801
0.239638
0.166939
0.069024
0.220724
0.089533
0.292575
0.430881
0.013266
0.152688
0.071222
0.236819
0.151509
0.056789
0.145197
0.075370
0.204965
0.206266
0.052242
0.167059
0.164373
0.094922
0.240234
0.088384
0.165453
0.184539
0.060258
0.223978
0.328478
0.219207
0.218057
0.142432
0.178305
0.172570
0.141789
0.304659
0.247287
0.174654
0.242833
0.080602
0.020846
0.151343
0.098758
0.225328
0.088743
0.093833
0.150007
0.035642
0.140913
0.306180
0.133201
0.059102
0.177681
0.169598
0.187814
0.379875
0.169677
0.121607
0.250927
0.200874
0.155696
0.058858
0.147772
0.114863
0.241895
0.175154
0.222020
0.084408
0.125071
0.088520
0.246141
0.436683
0.087923
0.149080
0.167108
0.373380
0.221777
0.095494
0.087863
0.047291
0.135046
0.160599
0.150825
0.248802
0.174722
0.230528
0.167104
0.116234
0.066645
0.013134
0.215946
0.288257
0.305361
0.097634
0.212115
0.199578
0.281213
0.104034
0.140331
0.426596
0.172115
0.057059
0.251267
0.039515
0.135509
0.274154
0.153684
0.288925
0.164252
0.102230
0.129694
0.207105
0.146089
0.456798
0.169961
0.130520
0.119127
0.017597
0.200421
0.304277
0.190354
0.069213
0.132747
0.334853
0.115004
0.114524
0.119116
0.159732
0.271625
0.108228
0.216571
0.170026
0.161495
0.115214
0.139431
0.407917
0.137909
0.079322
0.167808
0.347052
0.216021
0.116488
0.031305
0.058767
0.223822
0.071724
0.272593
0.331243
0.122165
0.272155
0.118555
0.179370
0.084746
0.087351
0.297249
0.432702
0.180686
0.058084
0.236892
0.149545
0.279529
0.067199
0.069821
0.455248
0.154972
0.180645
0.314274
0.041481
0.228540
0.304894
0.182393
0.266917
0.162400
0.095870
0.134351
0.281295
0.163409
0.485077
0.254958
0.275799
0.053466
0.117200
0.215966
0.204888
0.151107
0.174343
0.059838
0.418462
0.049884
0.171853
0.176250
0.087045
0.175170
0.043578
0.224100
0.204072
0.142729
0.155155
0.135517
0.312642
0.105151
0.118782
0.147929
0.219703
0.121405
0.133971
0.026653
0.170482
0.254470
0.068843
0.275928
0.381125
0.220047
0.188632
0.281063
0.211847
0.253954
0.031737
0.270248
0.433667
0.213408
0.051769
0.254033
0.097393
0.236807
0.164858
0.066646
0.339367
0.107581
0.272088
0.277835
0.085117
0.260936
0.182846
0.175763
0.142492
0.148463
0.052757
0.138476
0.262196
0.077887
0.320522
0.286542
0.297028
0.137430
0.193256
0.134478
0.241046
0.068589
0.150312
0.118366
0.382831
0.206149
0.217324
0.084626
0.028245
0.095530
0.051489
0.217572
0.180366
0.010995
0.140089
0.200832
0.180447
0.036936
0.187255
0.198862
0.129066
0.081499
0.135401
0.043409
0.292352
0.174801
0.067280
0.200418
0.342671
0.205186
0.151389
0.441370
0.182652
0.311508
0.085420
0.207918
0.313004
0.343631
0.167049
0.238454
0.172098
0.151934
0.229147
0.228377
0.198386
0.178420
0.408313
0.084386
0.169567
0.169305
0.200251
0.137691
0.121635
0.013312
0.057822
0.090686
0.270116
0.215131
0.122183
0.245385
0.204961
0.208883
0.302639
0.068931
0.331762
0.200232
0.121182
0.079842
0.331902
0.320681
0.179843
0.118932
0.059203
0.186984
0.115147
0.208047
0.124077
0.145827
0.104444
0.157620
0.091719
0.044665
0.227145
0.159205
0.062362
0.225535
0.160244
0.051404
0.328353
0.137767
0.099854
0.057043
0.267129
0.122774
0.150266
0.506232
0.118518
0.234368
0.087325
0.154730
0.125863
0.263160
0.164824
0.163785
0.143985
0.156054
0.240665
0.297884
0.103707
0.260251
0.456060
0.092799
0.206864
0.175715
0.230480
0.076680
0.299838
0.120324
0.022570
0.152585
0.256060
0.253353
0.005675
0.168933
0.166104
0.233373
0.356547
0.116251
0.381779
0.237510
0.039958
0.081843
0.202219
0.278233
0.125415
0.170727
0.051336
0.268551
0.187657
0.197441
0.068859
0.160843
0.096880
0.158355
0.164965
0.123462
0.275245
0.053727
0.073732
0.296446
0.126382
0.111815
0.367840
0.143464
0.027563
0.162286
0.214221
0.069656
0.155225
0.460324
0.125431
0.176087
0.040361
0.110967
0.071549
0.140580
0.075055
0.069765
0.048121
0.139090
0.302387
0.216069
0.063257
0.223567
0.260403
0.104366
0.118579
0.216885
0.242834
0.028209
0.343515
0.135315
0.073721
0.227159
0.222345
0.148152
0.042334
0.221752
0.167220
0.144692
0.209501
0.126302
0.364895
0.208463
0.084604
0.164442
0.042542
0.238031
0.134383
0.123159
0.110595
0.384573
0.256548
0.097652
0.103836
0.092040
0.191158
0.188656
0.187934
0.094283
0.193680
0.046687
0.208550
0.241125
0.054620
0.145794
0.287292
0.106614
0.065688
0.234894
0.171880
0.062172
0.203417
0.285940
0.172973
0.124701
0.083755
0.053853
0.145110
0.033412
0.089112
0.298258
0.112284
0.070887
0.365899
0.110967
0.272074
0.083698
0.050202
0.062684
0.084532
0.164178
0.134321
0.161064
0.308958
0.172278
0.069108
0.208539
0.253274
0.096932
0.138289
0.220439
0.128944
0.064210
0.106172
0.116956
0.257799
0.109546
0.147559
0.233786
0.137499
0.207702
0.156518
0.125176
0.132313
0.355073
0.222768
0.065947
0.187475
0.066608
0.215329
0.228197
0.279126
0.069832
0.152003
0.080770
0.266900
0.097975
0.116375
0.112294
0.127509
0.040245
0.081565
0.234759
0.070222
0.065317
0.279444
0.120682
0.266847
0.059150
0.155677
0.047807
0.161701
0.151997
0.131759
0.342075
0.246275
0.160426
0.289474
0.051176
0.308861
0.104172
0.104447
0.085903
0.170742
0.083621
0.136861
0.196534
0.253682
0.245547
0.102723
0.193934
0.270764
0.182575
0.150738
0.309553
0.192913
0.160619
0.022907
0.073027
0.147244
0.078147
0.180656
0.261500
0.174357
0.111657
0.160218
0.124048
0.089649
0.201507
0.129373
0.080484
0.257882
0.091473
0.143966
0.157548
0.279209
0.058458
0.181819
0.079141
0.245689
0.029181
0.079787
0.087849
0.097975
0.084468
0.130049
0.128315
0.045051
0.064861
0.186139
0.028369
0.201191
0.133359
0.196055
0.149335
0.232846
0.275463
0.106221
0.246317
0.321585
0.194136
0.163966
0.044765
0.276894
0.276051
0.116559
0.177613
0.129155
0.199382
0.278743
0.128276
0.223448
0.332466
0.152486
0.151752
0.212407
0.175299
0.118360
0.326814
0.127610
0.285769
0.045241
0.079994
0.024901
0.143795
0.156565
0.203792
0.237416
0.061512
0.155838
0.102554
0.227085
0.070402
0.031406
0.051009
0.278925
0.038773
0.023714
0.089051
0.199748
0.050060
0.191316
0.059605
0.215344
0.049952
0.065441
0.128227
0.091943
0.151147
0.226098
0.039138
0.148854
0.061462
0.097219
0.128368
0.108095
0.062545
0.211904
0.204183
0.347639
0.411487
0.008004
0.143927
0.440709
0.145130
0.074478
0.184232
0.190888
0.328098
0.162559
0.221982
0.007615
0.252194
0.274906
0.097490
0.197430
0.358952
0.186349
0.066950
0.062524
0.183296
0.166778
0.266506
0.122863
0.288554
0.179062
0.092090
0.182188
0.248318
0.117258
0.151048
0.274159
0.222732
0.187192
0.130494
0.339823
0.094396
0.083252
0.142823
0.222322
0.173799
0.160860
0.282984
0.145681
0.069819
0.261954
0.086773
0.250044
0.026313
0.077772
0.084058
0.105655
0.087101
0.180072
0.115054
0.238657
0.006960
0.225569
0.263690
0.062415
0.039782
0.183877
0.105452
0.414124
0.599168
0.119514
0.146622
0.436713
0.142366
0.180310
0.228222
0.185729
0.149103
0.226395
0.144155
0.185043
0.269680
0.174840
0.167962
0.208619
0.271228
0.125909
0.017580
0.184299
0.265040
0.204918
0.101178
0.180326
0.124462
0.160697
0.135650
0.324022
0.252940
0.133031
0.115869
0.220223
0.361909
0.240617
0.188645
0.311797
0.146645
0.126012
0.230974
0.118113
0.177079
0.220486
0.386777
0.146204
0.233498
0.388179
0.101973
0.230815
0.041147
0.061859
0.066656
0.156667
0.029021
0.060187
0.083499
0.307422
0.152233
0.358447
0.348178
0.206088
0.075418
0.124740
0.152467
0.386299
0.605872
0.144612
0.195302
0.299054
0.102838
0.296764
0.136018
0.168833
0.068309
0.286911
0.051151
0.278663
0.208221
0.170552
0.215865
0.237049
0.128856
0.014908
0.084822
0.338438
0.317127
0.169280
0.117519
0.237368
0.112139
0.057101
0.091903
0.313060
0.154108
0.197233
0.177877
0.175520
0.307646
0.176064
0.188070
0.261573
0.159258
0.049272
0.237110
0.051586
0.081072
0.166464
0.401333
0.139911
0.319559
0.416839
0.071773
0.181894
0.129877
0.040677
0.136533
0.235924
0.042614
0.120938
0.043764
0.240683
0.216354
0.360420
0.330425
0.245702
0.075004
0.045784
0.326857
0.342446
0.429028
0.119168
0.205220
0.058389
0.016124
0.363953
0.156603
0.111540
0.166246
0.260873
0.141405
0.216779
0.048476
0.196348
0.301171
0.189033
0.068910
0.082496
0.141603
0.292270
0.217463
0.167795
0.122413
0.197319
0.201645
0.065653
0.060677
0.199261
0.110650
0.176944
0.229772
0.196517
0.348318
0.092923
0.185789
0.146971
0.152564
0.083707
0.106760
0.178102
0.053019
0.150276
0.381835
0.165304
0.323247
0.297483
0.076200
0.174998
0.088720
0.094925
0.128657
0.336036
0.090515
0.170945
0.135665
0.130666
0.153328
0.286970
0.252586
0.277661
0.146053
0.089181
0.336367
0.225057
0.233377
0.212464
0.128404
0.187358
0.143003
0.310065
0.196593
0.220620
0.166964
0.108618
0.162352
0.112677
0.014116
0.150811
0.310838
0.030881
0.093795
0.135872
0.177883
0.208427
0.205574
0.114603
0.186973
0.241916
0.228630
0.104542
0.209892
0.150305
0.165194
0.058550
0.137208
0.234869
0.248207
0.098724
0.113384
0.019075
0.234080
0.265912
0.140093
0.249562
0.105608
0.036838
0.244579
0.089127
0.271805
0.169048
0.159257
0.226298
0.076700
0.077479
0.129498
0.309195
0.160128
0.169742
0.255660
0.136501
0.085231
0.201113
0.232913
0.309489
0.115923
0.152458
0.230420
