# G_1, p = 0.2000 GPa (dir_2000.0_bar).
# 6MR distortion Gamma = (1/2)(max - min) over the three opposite-O diagonals.
# 64 rings x 101 frames = 6464 samples.
# Column: per-6MR Gamma [A]
0.002863
0.003348
0.002131
0.002303
0.002468
0.002292
0.002984
0.003158
0.002889
0.003323
0.002075
0.002182
0.002539
0.002349
0.002996
0.003158
0.002345
0.002188
0.002940
0.002809
0.003590
0.003509
0.002730
0.002453
0.002894
0.002842
0.001981
0.001838
0.002692
0.002843
0.003156
0.003462
0.002653
0.002466
0.003225
0.003258
0.003298
0.003561
0.002620
0.002445
0.002732
0.002400
0.003105
0.003222
0.003463
0.003502
0.002676
0.002470
0.002887
0.002869
0.002012
0.001870
0.002604
0.002774
0.003136
0.003363
0.002357
0.002177
0.002824
0.002819
0.003660
0.003499
0.002692
0.002492
0.128658
0.059750
0.047530
0.054160
0.058794
0.025110
0.125996
0.125051
0.155047
0.099400
0.251935
0.060295
0.039329
0.060412
0.235022
0.087205
0.149802
0.063115
0.089827
0.052562
0.094648
0.173336
0.205823
0.149203
0.162264
0.169649
0.099890
0.071114
0.118287
0.166077
0.140807
0.180074
0.203145
0.049629
0.188072
0.119732
0.105836
0.064037
0.115062
0.107179
0.053537
0.242514
0.047011
0.100539
0.079651
0.035423
0.060890
0.119528
0.096071
0.104038
0.054640
0.173881
0.091272
0.035278
0.030285
0.059127
0.089818
0.055041
0.217144
0.053675
0.060537
0.044786
0.174494
0.201726
0.366746
0.146427
0.071082
0.160445
0.055931
0.079655
0.229744
0.347059
0.321496
0.203487
0.465632
0.190417
0.032285
0.179412
0.378930
0.163797
0.304612
0.099182
0.178599
0.103370
0.130427
0.262899
0.239592
0.355924
0.321545
0.172769
0.115066
0.123293
0.271782
0.292195
0.288904
0.231927
0.393863
0.069437
0.267746
0.312512
0.169424
0.097731
0.280956
0.142224
0.106888
0.358061
0.104364
0.200956
0.158781
0.048832
0.138304
0.214824
0.213892
0.211916
0.157864
0.356599
0.209058
0.180282
0.105639
0.101914
0.212183
0.131710
0.390782
0.109901
0.052476
0.053794
0.276873
0.309782
0.529375
0.183177
0.119454
0.282693
0.085243
0.230591
0.286730
0.519882
0.429191
0.147208
0.467141
0.324596
0.127684
0.249245
0.402783
0.215096
0.391462
0.100539
0.225746
0.175238
0.187196
0.308871
0.075950
0.410856
0.363705
0.057770
0.088750
0.160894
0.303044
0.227778
0.454238
0.315911
0.420806
0.135772
0.214282
0.484762
0.152625
0.052560
0.367939
0.154667
0.210466
0.345107
0.236229
0.289661
0.165079
0.042796
0.212808
0.329974
0.209809
0.214676
0.302584
0.331938
0.313935
0.391214
0.171991
0.115088
0.386872
0.223816
0.437403
0.151975
0.012630
0.191010
0.241818
0.358999
0.501445
0.142032
0.236698
0.329389
0.177799
0.416786
0.353949
0.589560
0.492971
0.112580
0.404594
0.456003
0.217559
0.155858
0.363135
0.266023
0.406297
0.233676
0.293442
0.249681
0.222599
0.234783
0.097395
0.285603
0.247542
0.037376
0.023371
0.143460
0.140152
0.085279
0.459406
0.345452
0.348415
0.223335
0.173412
0.494006
0.214356
0.092270
0.338977
0.292247
0.275040
0.369480
0.306436
0.341945
0.122130
0.110579
0.244180
0.394838
0.083322
0.174164
0.425883
0.265170
0.409453
0.464175
0.114220
0.101942
0.498422
0.247099
0.427074
0.199948
0.038491
0.183516
0.173080
0.377771
0.459949
0.081467
0.298275
0.323997
0.206789
0.505000
0.300147
0.566529
0.434183
0.138245
0.280322
0.467041
0.225487
0.086191
0.428524
0.291957
0.291710
0.325095
0.308856
0.276253
0.256986
0.101723
0.170822
0.173753
0.192875
0.047692
0.085812
0.160608
0.068138
0.075538
0.337393
0.320417
0.280418
0.233002
0.103649
0.394671
0.258578
0.267121
0.277569
0.402528
0.331910
0.336142
0.227151
0.287071
0.126713
0.221594
0.349188
0.310720
0.211570
0.233184
0.454184
0.160353
0.374161
0.348959
0.133073
0.074306
0.474657
0.226367
0.398002
0.256810
0.105181
0.072725
0.128988
0.387660
0.483571
0.132942
0.257646
0.314227
0.161097
0.446986
0.219167
0.383079
0.377310
0.108616
0.073445
0.408771
0.128820
0.193881
0.465659
0.390246
0.130701
0.268271
0.288000
0.235227
0.173610
0.081257
0.169822
0.179241
0.207789
0.073752
0.148295
0.150650
0.239790
0.228630
0.139659
0.175313
0.163630
0.219137
0.078332
0.243639
0.362624
0.413971
0.172109
0.366006
0.268552
0.185216
0.101434
0.149761
0.240690
0.224791
0.337883
0.101312
0.314654
0.236863
0.316501
0.276559
0.185210
0.121613
0.140912
0.094997
0.332720
0.068440
0.364650
0.238087
0.195696
0.069766
0.167506
0.336305
0.331412
0.274641
0.294164
0.258474
0.174630
0.323291
0.243933
0.295399
0.396284
0.123582
0.073057
0.305942
0.062457
0.271568
0.431023
0.353894
0.042055
0.116869
0.265668
0.192931
0.100894
0.152038
0.187474
0.202124
0.312751
0.054001
0.241787
0.065009
0.366287
0.370420
0.140455
0.099730
0.089723
0.239389
0.073395
0.143576
0.327844
0.298249
0.087087
0.257190
0.155132
0.085601
0.189521
0.005563
0.255999
0.186130
0.356667
0.081609
0.337494
0.208127
0.189096
0.301621
0.049615
0.146831
0.042119
0.114426
0.134588
0.098521
0.323194
0.162889
0.239468
0.023517
0.191729
0.229643
0.197245
0.318809
0.312334
0.160784
0.238507
0.133104
0.250816
0.199956
0.296388
0.161388
0.181808
0.212311
0.162176
0.356765
0.312871
0.228480
0.070014
0.011670
0.213006
0.224590
0.110541
0.142974
0.150950
0.280697
0.321885
0.026731
0.296002
0.140943
0.355409
0.399284
0.262118
0.216156
0.195177
0.277948
0.134918
0.099826
0.237637
0.221574
0.058264
0.164232
0.143426
0.169576
0.235269
0.186586
0.265877
0.169837
0.280250
0.127877
0.272104
0.166227
0.131337
0.348215
0.152361
0.212629
0.085114
0.055660
0.162122
0.245805
0.203323
0.144127
0.205916
0.136064
0.187108
0.126784
0.419959
0.250407
0.184453
0.165514
0.244082
0.128198
0.238339
0.156697
0.092770
0.136358
0.316803
0.205086
0.164872
0.314327
0.180580
0.101595
0.106105
0.117534
0.146332
0.175102
0.106584
0.068313
0.106252
0.354732
0.201404
0.186731
0.255799
0.156132
0.218781
0.347211
0.351962
0.333068
0.228643
0.228056
0.307739
0.087902
0.139083
0.315952
0.149126
0.215099
0.192849
0.293781
0.300293
0.121225
0.289286
0.189685
0.218340
0.178969
0.126528
0.002965
0.238734
0.327647
0.145090
0.313755
0.109097
0.064450
0.215362
0.368883
0.092058
0.103636
0.210471
0.204027
0.173597
0.121924
0.491236
0.154414
0.164496
0.147837
0.202098
0.263470
0.245901
0.262461
0.240921
0.145532
0.337577
0.270151
0.167747
0.287164
0.134637
0.067853
0.219427
0.159582
0.086646
0.116462
0.104455
0.122986
0.358988
0.261617
0.200604
0.210948
0.155471
0.163839
0.160743
0.181145
0.401945
0.379182
0.252805
0.140651
0.444928
0.042774
0.022984
0.364435
0.261581
0.272678
0.209984
0.405212
0.265954
0.208976
0.325225
0.100382
0.135291
0.212081
0.062571
0.183379
0.318423
0.291720
0.104864
0.378810
0.154014
0.094035
0.225297
0.304367
0.323969
0.163694
0.159844
0.203538
0.084454
0.112403
0.309586
0.117850
0.319931
0.097017
0.198116
0.241897
0.351915
0.322250
0.384260
0.340158
0.307873
0.384603
0.201883
0.278799
0.263584
0.326079
0.292402
0.095120
0.131476
0.010333
0.145884
0.144738
0.412833
0.084628
0.235135
0.173357
0.184377
0.208567
0.199823
0.074559
0.353501
0.369850
0.216782
0.168799
0.461574
0.112500
0.163591
0.379979
0.281237
0.233592
0.225912
0.456074
0.102359
0.370725
0.349450
0.085133
0.009922
0.228975
0.120910
0.240923
0.324217
0.220958
0.102545
0.255201
0.269804
0.102420
0.173826
0.172596
0.400576
0.248759
0.152606
0.183733
0.034996
0.130634
0.092747
0.022649
0.454264
0.111452
0.134344
0.127865
0.368906
0.282099
0.335678
0.450883
0.253117
0.450439
0.148813
0.169003
0.414552
0.488182
0.175019
0.061978
0.197413
0.111719
0.120156
0.177308
0.347467
0.106280
0.244664
0.132946
0.269044
0.196371
0.270515
0.152195
0.213877
0.384997
0.147863
0.125987
0.378698
0.195995
0.279741
0.299762
0.261198
0.151575
0.173915
0.357011
0.163413
0.373525
0.297110
0.257626
0.075618
0.246844
0.158399
0.224330
0.293180
0.179448
0.165604
0.115059
0.380004
0.165415
0.100974
0.123859
0.272237
0.220441
0.143856
0.148958
0.175353
0.181121
0.204050
0.081634
0.525610
0.236367
0.043012
0.034794
0.336943
0.264846
0.245948
0.361490
0.141391
0.496973
0.133204
0.082249
0.391458
0.461089
0.049281
0.133365
0.110259
0.134854
0.041370
0.205134
0.233838
0.175709
0.304196
0.072111
0.324268
0.142659
0.288645
0.226087
0.031115
0.343883
0.069057
0.092121
0.286422
0.257365
0.264408
0.098804
0.139882
0.192267
0.126836
0.174414
0.207795
0.288959
0.164837
0.335144
0.138807
0.317132
0.162085
0.193095
0.210706
0.180000
0.174483
0.138474
0.446643
0.299767
0.064053
0.076188
0.164859
0.198178
0.151387
0.187912
0.272779
0.169295
0.320335
0.113556
0.419647
0.314696
0.215113
0.020554
0.299381
0.356725
0.210441
0.313691
0.089787
0.449526
0.236106
0.186754
0.344690
0.383058
0.205960
0.127107
0.061957
0.102556
0.143890
0.209441
0.086469
0.120161
0.338752
0.105101
0.288046
0.067261
0.359017
0.266957
0.172466
0.275042
0.082076
0.074918
0.189053
0.249201
0.340269
0.117000
0.138597
0.222853
0.144499
0.221001
0.197046
0.163779
0.066600
0.391634
0.229945
0.308761
0.135492
0.152204
0.172246
0.271661
0.188122
0.100656
0.351539
0.347025
0.032792
0.128498
0.123357
0.159181
0.105779
0.270316
0.254942
0.189155
0.298692
0.220733
0.139594
0.293863
0.304506
0.076603
0.228538
0.383016
0.248779
0.180616
0.235431
0.331029
0.254152
0.194729
0.274013
0.320983
0.268787
0.169518
0.105960
0.060700
0.116993
0.134381
0.091889
0.147037
0.234000
0.248853
0.374920
0.104790
0.394223
0.338513
0.317551
0.240812
0.180828
0.067027
0.163093
0.328446
0.337714
0.290822
0.222411
0.136328
0.276098
0.334654
0.305363
0.044449
0.351182
0.514668
0.310503
0.189384
0.036128
0.165345
0.110129
0.320303
0.223658
0.095257
0.286993
0.286451
0.087933
0.211286
0.092306
0.078724
0.071531
0.222296
0.229483
0.239413
0.220737
0.285735
0.173020
0.164245
0.347554
0.160513
0.129109
0.282389
0.224614
0.098739
0.366728
0.290797
0.296676
0.268239
0.223609
0.176568
0.335908
0.188360
0.021469
0.048937
0.048534
0.049147
0.223156
0.213780
0.147646
0.279697
0.375015
0.144708
0.367278
0.407291
0.369443
0.201077
0.266883
0.119809
0.197808
0.359172
0.244324
0.447582
0.352575
0.045034
0.289848
0.351404
0.345157
0.036175
0.455643
0.563251
0.254699
0.069658
0.059973
0.160624
0.046475
0.370804
0.216294
0.073866
0.212374
0.241738
0.132812
0.281400
0.046723
0.060512
0.104439
0.104262
0.120000
0.158947
0.214372
0.288497
0.294425
0.038667
0.355869
0.178791
0.062942
0.205558
0.178532
0.019303
0.362210
0.245026
0.342123
0.254656
0.209822
0.176485
0.242917
0.240232
0.103674
0.140871
0.024192
0.162606
0.274676
0.225656
0.088095
0.263616
0.229796
0.229218
0.249341
0.379795
0.298661
0.089491
0.227624
0.339442
0.173241
0.263073
0.147362
0.454555
0.341499
0.077614
0.207287
0.241273
0.266080
0.023641
0.313111
0.321893
0.090881
0.053535
0.154275
0.146956
0.077073
0.419775
0.208486
0.104939
0.076113
0.214985
0.239163
0.336210
0.094279
0.098459
0.188822
0.040759
0.106165
0.043305
0.203691
0.158142
0.311436
0.026557
0.291009
0.119547
0.087454
0.235050
0.148433
0.111986
0.239538
0.196803
0.394838
0.239702
0.245660
0.240474
0.147056
0.227637
0.054439
0.240731
0.144849
0.203335
0.236153
0.143623
0.031357
0.255884
0.073331
0.236931
0.224209
0.207774
0.238077
0.251466
0.124724
0.375800
0.233659
0.123851
0.102503
0.378149
0.215647
0.029377
0.157212
0.127012
0.115642
0.042820
0.111345
0.090662
0.117724
0.054984
0.145643
0.130246
0.165549
0.312063
0.192710
0.293859
0.230492
0.168818
0.344564
0.288710
0.243539
0.078243
0.245374
0.073258
0.129952
0.079380
0.120945
0.028640
0.254361
0.025683
0.204148
0.114075
0.140354
0.267024
0.128699
0.171405
0.111477
0.227103
0.357562
0.180923
0.252344
0.319031
0.395498
0.200776
0.085861
0.268474
0.301246
0.319995
0.081810
0.104346
0.026791
0.106916
0.121797
0.184360
0.221927
0.154932
0.190291
0.352206
0.183185
0.265933
0.268075
0.092611
0.114138
0.295829
0.174605
0.094175
0.108929
0.097335
0.093063
0.079482
0.156527
0.126851
0.102198
0.029976
0.002841
0.134963
0.222305
0.105637
0.102120
0.404271
0.426997
0.160215
0.295215
0.201110
0.400457
0.145779
0.356261
0.223853
0.091805
0.172322
0.133694
0.134919
0.138042
0.009264
0.130902
0.037916
0.126595
0.238899
0.167285
0.227457
0.216795
0.309050
0.211153
0.261603
0.282328
0.467409
0.440779
0.255387
0.135150
0.178215
0.359290
0.350240
0.022581
0.098609
0.086147
0.123049
0.191651
0.062757
0.206043
0.336038
0.104489
0.280089
0.211415
0.205444
0.232648
0.181772
0.047421
0.151940
0.176278
0.033731
0.059037
0.202905
0.312555
0.144964
0.137313
0.084441
0.055920
0.039380
0.131174
0.201503
0.210871
0.125223
0.117435
0.274719
0.442254
0.110091
0.177606
0.094435
0.407960
0.142259
0.310662
0.315326
0.174486
0.169649
0.129630
0.291232
0.079641
0.034128
0.064388
0.019722
0.123144
0.213994
0.223814
0.246340
0.246853
0.320162
0.202628
0.353446
0.255693
0.541532
0.389984
0.267070
0.165730
0.112148
0.244382
0.204716
0.063512
0.137597
0.255977
0.255089
0.249452
0.096767
0.171955
0.408323
0.033708
0.327984
0.192901
0.340623
0.181951
0.186177
0.048582
0.153017
0.124858
0.191975
0.188070
0.312115
0.362204
0.223825
0.144248
0.152238
0.107686
0.030251
0.120382
0.292891
0.199379
0.211918
0.195113
0.039611
0.334950
0.095026
0.115188
0.073345
0.156585
0.042643
0.066548
0.351037
0.288199
0.096233
0.202142
0.360891
0.143461
0.070137
0.151389
0.062867
0.148837
0.272568
0.216356
0.207044
0.175631
0.356588
0.140908
0.346357
0.153419
0.435176
0.333215
0.172004
0.232150
0.091267
0.102674
0.121870
0.139359
0.193555
0.370771
0.262218
0.290490
0.195690
0.105691
0.244526
0.048340
0.331583
0.146267
0.399031
0.207375
0.176345
0.036749
0.300343
0.125861
0.323241
0.310900
0.312574
0.283197
0.347932
0.111711
0.234735
0.136638
0.063378
0.074210
0.335189
0.175001
0.195836
0.172236
0.197502
0.256220
0.245348
0.121067
0.074499
0.074703
0.074720
0.132838
0.310503
0.230757
0.163030
0.332603
0.259767
0.067481
0.260526
0.148226
0.129394
0.137096
0.242076
0.402436
0.168762
0.102847
0.330270
0.052630
0.339278
0.077135
0.269036
0.234317
0.110121
0.237483
0.150033
0.078674
0.075178
0.249526
0.250437
0.245929
0.250677
0.223442
0.205856
0.125688
0.177959
0.087055
0.298214
0.125762
0.402596
0.169489
0.147731
0.089700
0.343235
0.132949
0.279369
0.332984
0.202916
0.201770
0.424470
0.053380
0.299462
0.094562
0.169246
0.113425
0.261815
0.127415
0.182679
0.088775
0.349560
0.230487
0.291335
0.127228
0.044065
0.132660
0.168336
0.230557
0.189043
0.087320
0.171230
0.257768
0.076944
0.098476
0.370363
0.111482
0.192952
0.105008
0.141769
0.577421
0.158152
0.181276
0.213994
0.048614
0.327752
0.095657
0.255392
0.065303
0.072799
0.214682
0.183685
0.090864
0.224253
0.239318
0.215122
0.125402
0.228764
0.089796
0.175808
0.264507
0.285602
0.203180
0.278279
0.150534
0.369125
0.072154
0.155151
0.097987
0.330182
0.123106
0.194607
0.233194
0.052358
0.080720
0.312297
0.165953
0.365526
0.018606
0.194579
0.155952
0.107649
0.078293
0.171241
0.166879
0.360043
0.189897
0.271515
0.158985
0.064258
0.163450
0.187545
0.253411
0.019082
0.106352
0.136373
0.094616
0.073839
0.180873
0.358206
0.144805
0.191554
0.095822
0.222687
0.541280
0.151869
0.346313
0.168130
0.092559
0.282807
0.121729
0.236113
0.097071
0.095505
0.321274
0.151922
0.008589
0.250377
0.125904
0.165625
0.119531
0.143256
0.164394
0.185286
0.222137
0.317700
0.303769
0.335836
0.246618
0.306077
0.041056
0.203081
0.040880
0.336684
0.174699
0.114710
0.118776
0.082744
0.231179
0.168518
0.245822
0.413726
0.107342
0.155650
0.145804
0.077478
0.106432
0.102109
0.377255
0.432725
0.059560
0.225004
0.204276
0.100832
0.190555
0.250346
0.223304
0.077587
0.200874
0.105756
0.093443
0.185292
0.258094
0.245928
0.172582
0.175141
0.157640
0.356990
0.379718
0.073901
0.377417
0.155661
0.029240
0.137608
0.034946
0.217951
0.222272
0.289820
0.401868
0.072034
0.178439
0.305073
0.143781
0.187843
0.124081
0.060114
0.221699
0.078538
0.089484
0.246965
0.266511
0.188092
0.317038
0.147045
0.105444
0.232930
0.097095
0.218111
0.169001
0.126493
0.031163
0.175259
0.414950
0.093108
0.227725
0.379516
0.061054
0.096325
0.081713
0.133014
0.085434
0.062424
0.410531
0.367760
0.155012
0.187102
0.296028
0.109172
0.175916
0.345670
0.183396
0.035495
0.262587
0.043056
0.236433
0.204762
0.326726
0.146634
0.209720
0.184502
0.212649
0.357105
0.192948
0.121247
0.333517
0.104084
0.109552
0.126883
0.173744
0.266299
0.356466
0.367065
0.328714
0.129442
0.260196
0.187169
0.270857
0.190641
0.011690
0.164053
0.159951
0.085434
0.130411
0.240426
0.207371
0.153384
0.373826
0.122688
0.151250
0.178163
0.094149
0.207331
0.175428
0.194097
0.109760
0.246350
0.255688
0.265892
0.216722
0.224203
0.066583
0.054342
0.065148
0.266695
0.152455
0.020851
0.290171
0.313560
0.273823
0.140061
0.305749
0.129682
0.248891
0.448387
0.191310
0.076157
0.290236
0.019340
0.264125
0.118669
0.297846
0.144124
0.208649
0.279112
0.118805
0.205110
0.100343
0.234341
0.281416
0.052051
0.177422
0.239408
0.246384
0.230370
0.385673
0.279886
0.201070
0.200619
0.249663
0.107063
0.335447
0.243114
0.106910
0.230231
0.070575
0.136218
0.190410
0.273859
0.219817
0.276006
0.377610
0.211848
0.108539
0.069383
0.031463
0.370498
0.195174
0.206635
0.221522
0.249359
0.074644
0.331851
0.306737
0.142877
0.112839
0.134009
0.163573
0.401103
0.233339
0.094326
0.192115
0.250419
0.390754
0.186325
0.325814
0.124213
0.299192
0.454636
0.214019
0.235101
0.211825
0.081785
0.213494
0.035367
0.130054
0.335527
0.187232
0.291793
0.045088
0.118202
0.330097
0.271049
0.177804
0.113546
0.281044
0.343258
0.276765
0.273375
0.352346
0.199868
0.120007
0.240565
0.181562
0.141591
0.252701
0.268767
0.192293
0.295276
0.161204
0.171416
0.193802
0.215130
0.162621
0.343134
0.408784
0.220931
0.076048
0.166453
0.061674
0.425139
0.131983
0.130379
0.351604
0.206735
0.167157
0.235485
0.415766
0.249553
0.149605
0.248470
0.238293
0.428805
0.219367
0.168903
0.139510
0.339435
0.427795
0.256245
0.293358
0.069744
0.304799
0.373926
0.140287
0.283934
0.099682
0.082791
0.139303
0.111977
0.045500
0.437517
0.139238
0.216250
0.081311
0.149360
0.328102
0.249126
0.153092
0.118035
0.311045
0.361632
0.214036
0.327999
0.278412
0.171153
0.125644
0.240307
0.120272
0.076320
0.151380
0.224181
0.239450
0.158302
0.287979
0.193370
0.170125
0.044710
0.134857
0.268501
0.404888
0.275067
0.214143
0.273387
0.055019
0.351813
0.094259
0.102942
0.404470
0.119185
0.244564
0.170336
0.233731
0.342340
0.059256
0.137926
0.247565
0.328747
0.211213
0.143340
0.053854
0.351708
0.318174
0.224476
0.287892
0.006473
0.237571
0.259566
0.215982
0.184219
0.123079
0.111733
0.142374
0.107918
0.160079
0.446895
0.085186
0.236705
0.170282
0.175046
0.301548
0.182677
0.120383
0.069491
0.166425
0.294431
0.019104
0.186620
0.181430
0.189937
0.144079
0.163216
0.102715
0.104560
0.186312
0.135635
0.241456
0.106423
0.244870
0.184482
0.196192
0.102113
0.029469
0.179454
0.239867
0.296041
0.244884
0.299455
0.080678
0.300882
0.047442
0.053788
0.359408
0.107954
0.288072
0.228280
0.154418
0.287986
0.135926
0.083820
0.163243
0.185166
0.223758
0.047742
0.163180
0.267380
0.241335
0.107724
0.219644
0.120470
0.061093
0.149710
0.359933
0.088449
0.143759
0.180993
0.211049
0.105660
0.167954
0.339660
0.091441
0.258274
0.233752
0.172145
0.225956
0.042647
0.115964
0.267332
0.098212
0.195018
0.149256
0.110800
0.190148
0.265276
0.110378
0.206021
0.060907
0.054704
0.161738
0.056945
0.253234
0.146079
0.179708
0.119017
0.183496
0.249109
0.240124
0.102917
0.285193
0.215706
0.191782
0.166371
0.061638
0.269550
0.134740
0.089426
0.340532
0.141566
0.207164
0.223479
0.299120
0.168675
0.177872
0.193044
0.129677
0.090404
0.284510
0.079292
0.312257
0.129263
0.122600
0.078107
0.124746
0.241249
0.213966
0.070641
0.220223
0.109655
0.114194
0.253093
0.206180
0.208853
0.173673
0.197084
0.098438
0.268517
0.199367
0.182598
0.169821
0.046530
0.072379
0.362906
0.123532
0.106347
0.241820
0.220631
0.305755
0.254882
0.082327
0.352912
0.048546
0.152154
0.034029
0.081729
0.234958
0.086702
0.191135
0.045387
0.271404
0.427414
0.371342
0.065472
0.328128
0.160135
0.116828
0.139451
0.080914
0.150152
0.296532
0.200904
0.274425
0.067315
0.160878
0.068634
0.282932
0.048259
0.209865
0.278088
0.116949
0.089376
0.249407
0.081925
0.404887
0.053080
0.113157
0.232903
0.055508
0.206772
0.374333
0.222220
0.090539
0.217692
0.085479
0.251259
0.079120
0.217311
0.229284
0.090174
0.125087
0.221381
0.131052
0.177214
0.162798
0.054578
0.145941
0.299607
0.037801
0.046653
0.264801
0.298361
0.318235
0.125054
0.169301
0.399513
0.044689
0.252564
0.156370
0.117303
0.193287
0.045002
0.265031
0.059640
0.417412
0.452246
0.363110
0.097113
0.378654
0.147412
0.055823
0.114631
0.113420
0.034578
0.338227
0.261756
0.104597
0.118844
0.212434
0.122671
0.260260
0.114062
0.208132
0.385991
0.059614
0.126932
0.169157
0.096663
0.425415
0.111249
0.225042
0.230773
0.038090
0.073658
0.320491
0.364704
0.202869
0.324383
0.041958
0.177796
0.111880
0.099881
0.242476
0.031793
0.095231
0.262571
0.171734
0.177155
0.195748
0.131705
0.220985
0.243044
0.144996
0.029652
0.210568
0.306526
0.333919
0.120974
0.222236
0.328422
0.160091
0.215275
0.204686
0.213797
0.104045
0.143055
0.273827
0.019420
0.402234
0.312679
0.272089
0.267792
0.368954
0.047158
0.114996
0.069898
0.082284
0.147199
0.275307
0.233208
0.116571
0.203198
0.252225
0.228982
0.170603
0.180522
0.170859
0.380967
0.065272
0.272188
0.049213
0.220629
0.374052
0.110103
0.233309
0.109468
0.057284
0.185695
0.232592
0.470077
0.243604
0.253207
0.081067
0.162313
0.270250
0.102253
0.234953
0.078610
0.145909
0.241434
0.121216
0.101120
0.211513
0.152467
0.243369
0.164769
0.098300
0.019214
0.074677
0.269566
0.245861
0.124202
0.195961
0.156267
0.158032
0.173045
0.085212
0.310878
0.005532
0.194995
0.246128
0.081097
0.241583
0.226901
0.153731
0.326537
0.277965
0.035507
0.152601
0.119374
0.081281
0.273687
0.286467
0.116062
0.247365
0.240607
0.338928
0.347954
0.008227
0.220589
0.063332
0.312542
0.173910
0.358401
0.103214
0.279130
0.221550
0.128149
0.199214
0.212253
0.185806
0.170780
0.284145
0.491306
0.156277
0.168129
0.173887
0.103522
0.430237
0.146209
0.193373
0.214005
0.274873
0.233019
0.103542
0.128963
0.170635
0.125100
0.216657
0.153604
0.064078
0.045802
0.115090
0.241992
0.153130
0.089872
0.103418
0.103833
0.066109
0.124004
0.144430
0.244197
0.119184
0.179044
0.199524
0.142066
0.233460
0.297570
0.141635
0.181830
0.138526
0.089740
0.092942
0.113062
0.101997
0.314002
0.301902
0.107738
0.215754
0.311847
0.319701
0.384673
0.084813
0.246224
0.144841
0.193046
0.323136
0.309038
0.205715
0.312067
0.117588
0.162403
0.140253
0.247054
0.361601
0.076273
0.324518
0.411461
0.139662
0.184502
0.265442
0.041034
0.533995
0.285032
0.203448
0.321982
0.226373
0.209031
0.093382
0.329816
0.041590
0.029982
0.157587
0.185443
0.178409
0.075759
0.188551
0.201073
0.115531
0.161993
0.060736
0.204307
0.139650
0.205121
0.163723
0.167049
0.273937
0.156536
0.271261
0.196407
0.196713
0.325095
0.337313
0.037879
0.051222
0.111589
0.041074
0.073447
0.236261
0.299033
0.140595
0.176860
0.163806
0.343041
0.216636
0.243524
0.125360
0.283890
0.202567
0.041530
0.420131
0.206023
0.289748
0.216251
0.337196
0.181175
0.103793
0.086193
0.334139
0.042626
0.203818
0.249794
0.271040
0.135525
0.295757
0.018086
0.449608
0.294025
0.248547
0.347300
0.194997
0.065699
0.157128
0.373649
0.145323
0.150270
0.136129
0.249897
0.286507
0.088077
0.282551
0.098184
0.106686
0.337471
0.109361
0.301353
0.320300
0.285722
0.041455
0.242180
0.367760
0.152209
0.305438
0.245967
0.047869
0.409323
0.350008
0.119500
0.025454
0.051486
0.046000
0.062071
0.179980
0.258059
0.215809
0.170757
0.152067
0.315601
0.123281
0.053754
0.177597
0.216349
0.209275
0.135368
0.382940
0.065465
0.314345
0.021867
0.539936
0.212506
0.101576
0.138316
0.251224
0.066239
0.035528
0.158827
0.379373
0.166402
0.205741
0.051899
0.256489
0.223369
0.325723
0.249097
0.241511
0.204384
0.261034
0.288213
0.274798
0.250266
0.069602
0.324959
0.243606
0.055830
0.400938
0.032425
0.070280
0.399764
0.162041
0.268674
0.340545
0.333978
0.101266
0.228729
0.344294
0.138884
0.243473
0.213327
0.153312
0.479610
0.208594
0.179650
0.085515
0.075342
0.089584
0.075825
0.025973
0.212326
0.336000
0.168007
0.144399
0.290967
0.076374
0.087072
0.139051
0.125476
0.199136
0.324574
0.278761
0.141884
0.244888
0.184998
0.648202
0.201147
0.106784
0.287034
0.211382
0.093756
0.056743
0.101332
0.351545
0.208038
0.086175
0.133704
0.079586
0.202335
0.350668
0.104568
0.195461
0.369639
0.294356
0.160769
0.234704
0.308929
0.146145
0.280302
0.085540
0.085826
0.365041
0.149754
0.171466
0.317171
0.187345
0.154938
0.204629
0.283584
0.148275
0.110189
0.274513
0.179893
0.205430
0.158673
0.197935
0.437253
0.243384
0.163677
0.179673
0.125862
0.097012
0.104001
0.162982
0.263348
0.417932
0.167968
0.136405
0.197366
0.120788
0.182469
0.225842
0.105430
0.189342
0.385937
0.169132
0.255558
0.124341
0.289056
0.583603
0.145225
0.074288
0.340813
0.259381
0.123267
0.114023
0.127873
0.301530
0.177735
0.228200
0.173183
0.101406
0.192027
0.332129
0.052775
0.221119
0.367464
0.246047
0.047263
0.124319
0.297870
0.238645
0.132278
0.032789
0.211741
0.195368
0.196465
0.322110
0.253735
0.192044
0.095576
0.068455
0.237116
0.140866
0.020955
0.237286
0.211409
0.236491
0.137552
0.108575
0.279688
0.307876
0.135402
0.241594
0.165864
0.048722
0.160450
0.389417
0.290165
0.462488
0.085325
0.097682
0.060853
0.176996
0.324221
0.272175
0.150793
0.182738
0.333317
0.050376
0.199361
0.027833
0.329027
0.431784
0.090025
0.136251
0.292247
0.301743
0.179592
0.260634
0.244829
0.322710
0.144796
0.333493
0.253214
0.301436
0.187344
0.200922
0.079425
0.242037
0.254533
0.164902
0.149526
0.062187
0.368224
0.183474
0.092380
0.170403
0.258563
0.083658
0.222618
0.323769
0.127648
0.150739
0.230856
0.160352
0.237705
0.139270
0.080795
0.187289
0.234992
0.379135
0.060069
0.024788
0.161496
0.167676
0.085895
0.212609
0.179337
0.080235
0.154408
0.559371
0.240069
0.407106
0.051037
0.057202
0.158318
0.322903
0.403998
0.167209
0.212824
0.135860
0.251323
0.056168
0.139150
0.166920
0.228823
0.251411
0.150460
0.247230
0.223909
0.247257
0.191710
0.381161
0.228070
0.218634
0.144921
0.281580
0.320212
0.383028
0.162490
0.274184
0.074147
0.249303
0.159442
0.165455
0.252086
0.192831
0.328462
0.088416
0.125558
0.280250
0.151459
0.108521
0.258919
0.208432
0.086367
0.123020
0.198862
0.333791
0.241730
0.180083
0.250314
0.223821
0.183293
0.385873
0.110139
0.142822
0.090228
0.089182
0.088814
0.121529
0.155972
0.138209
0.063891
0.528504
0.162129
0.220768
0.103905
0.141480
0.200643
0.429306
0.399165
0.096459
0.293497
0.055126
0.129132
0.084087
0.138447
0.203651
0.216248
0.301287
0.164404
0.266975
0.273852
0.106618
0.140294
0.350283
0.184198
0.053688
0.124387
0.174813
0.292524
0.380586
0.080772
0.343941
0.049572
0.300139
0.227322
0.201086
0.318092
0.312841
0.202161
0.286793
0.081758
0.288887
0.070751
0.165352
0.151983
0.138607
0.217284
0.176850
0.100323
0.365012
0.220144
0.269831
0.347681
0.243499
0.127613
0.256003
0.155120
0.215778
0.156361
0.140265
0.182569
0.132601
0.146163
0.104234
0.174696
0.411925
0.036962
0.158442
0.091295
0.270704
0.221280
0.384416
0.295307
0.219444
0.390318
0.055879
0.106607
0.087790
0.099702
0.164489
0.293380
0.408925
0.222517
0.269881
0.303613
0.033503
0.072603
0.271367
0.190485
0.137997
0.044268
0.180414
0.120835
0.364855
0.058869
0.332310
0.108262
0.364289
0.242981
0.220919
0.359772
0.284390
0.153957
0.393273
0.108485
0.324769
0.189585
0.271139
0.056146
0.057243
0.210426
0.215550
0.073245
0.275961
0.118772
0.335721
0.264780
0.286365
0.118762
0.236280
0.164222
0.171331
0.199695
0.164796
0.280587
0.238415
0.141677
0.150092
0.301081
0.343915
0.166509
0.155915
0.035040
0.244024
0.259759
0.191923
0.069879
0.342664
0.334073
0.179610
0.135390
0.153899
0.071493
0.267316
0.284990
0.541904
0.209220
0.332227
0.277701
0.055359
0.105334
0.328300
0.283648
0.343795
0.047779
0.182672
0.118090
0.358335
0.207425
0.225315
0.192687
0.303345
0.196704
0.138311
0.420505
0.093357
0.146629
0.324986
0.284982
0.237776
0.253399
0.247763
0.106133
0.130724
0.048395
0.219435
0.099559
0.359916
0.070766
0.312557
0.209144
0.259388
0.132811
0.307165
0.263222
0.215746
0.180179
0.091486
0.282209
0.272769
0.086849
0.136005
0.270417
0.195821
0.443048
0.105611
0.016242
0.207081
0.295325
0.150939
0.166143
0.360433
0.239715
0.354970
0.074431
0.302313
0.093855
0.388808
0.146687
0.591358
0.192950
0.324067
0.280974
0.052304
0.133315
0.321722
0.284395
0.478236
0.131945
0.147460
0.192263
0.289805
0.234412
0.202399
0.211974
0.196550
0.238238
0.049050
0.441382
0.116236
0.135366
0.240501
0.381358
0.127495
0.215081
0.150910
0.168027
0.208570
0.090272
0.244418
0.104385
0.474173
0.184866
0.218797
0.225275
0.161855
0.114630
0.365846
0.297028
0.227048
0.141517
0.060085
0.240506
0.349944
0.081031
0.133055
0.171928
0.011791
0.541377
0.224477
0.031510
0.226370
0.283523
0.293233
0.248894
0.370803
0.191626
0.399635
0.121185
0.328786
0.028063
0.291360
0.139656
0.459154
0.260791
0.290581
0.225160
0.023146
0.183691
0.256423
0.217311
0.476206
0.178650
0.114961
0.182463
0.079592
0.262398
0.183388
0.203839
0.141046
0.327891
0.048783
0.310305
0.172846
0.287957
0.171500
0.407780
0.250072
0.140802
0.084246
0.192766
0.206088
0.033155
0.279011
0.094220
0.411170
0.177896
0.222038
0.236591
0.003721
0.090218
0.384479
0.216972
0.145657
0.124935
0.130798
0.247530
0.426820
0.083672
0.181315
0.101681
0.080235
0.436027
0.307023
0.059024
0.244783
0.296177
0.351915
0.280772
0.394323
0.184349
0.242458
0.138927
0.209740
0.146880
0.148411
0.179847
0.149558
0.383523
0.293941
0.207261
0.083842
0.227378
0.174352
0.141767
0.441580
0.083202
0.136581
0.265781
0.250807
0.337970
0.185755
0.275487
0.234388
0.349125
0.082539
0.167095
0.190879
0.407296
0.183571
0.316723
0.310600
0.156604
0.124366
0.200410
0.221000
0.144424
0.309366
0.063961
0.316834
0.122845
0.193873
0.185907
0.130161
0.082950
0.426768
0.226869
0.102022
0.201803
0.112293
0.226053
0.383305
0.151714
0.147204
0.129703
0.148708
0.287732
0.341406
0.081712
0.178344
0.301355
0.398355
0.290077
0.273784
0.168392
0.089553
0.064509
0.199254
0.278566
0.135017
0.075243
0.108237
0.472067
0.269224
0.235706
0.170409
0.320832
0.112664
0.081975
0.369755
0.156926
0.243193
0.206463
0.398069
0.333056
0.147510
0.239317
0.341689
0.355721
0.075087
0.210646
0.190452
0.354433
0.169293
0.062582
0.314982
0.182490
0.105324
0.158047
0.181561
0.249516
0.293271
0.242899
0.129227
0.066425
0.098100
0.130567
0.187332
0.113579
0.363865
0.194104
0.052176
0.276404
0.142871
0.160060
0.190946
0.087856
0.108850
0.196827
0.245529
0.140211
0.359848
0.070813
0.055163
0.223830
0.393193
0.220593
0.171799
0.070344
0.081866
0.075976
0.243260
0.331633
0.094384
0.028117
0.163590
0.351543
0.173933
0.268173
0.238459
0.331120
0.164415
0.146098
0.242057
0.186843
0.288193
0.094693
0.327951
0.217174
0.064115
0.150138
0.370827
0.265542
0.107872
0.431560
0.220425
0.167607
0.135189
0.260664
0.295113
0.248147
0.142432
0.125693
0.130078
0.245402
0.221598
0.386807
0.169524
0.142338
0.125768
0.161886
0.153786
0.151938
0.197094
0.056693
0.096746
0.277507
0.165136
0.134080
0.074863
0.039704
0.115079
0.204846
0.282903
0.253011
0.211495
0.107273
0.073962
0.111213
0.314513
0.237745
0.118916
0.207689
0.127253
0.103935
0.286809
0.329962
0.054509
0.091606
0.212267
0.121591
0.202713
0.264664
0.216828
0.234567
0.203151
0.237997
0.144381
0.186237
0.256519
0.046158
0.190857
0.157630
0.042052
0.147058
0.344226
0.127937
0.052785
0.426676
0.090379
0.150666
0.122065
0.317492
0.227319
0.275349
0.141394
0.095459
0.112211
0.107036
0.080149
0.331521
0.364623
0.213438
0.313992
0.307214
0.160917
0.161029
0.109322
0.018730
0.259691
0.262254
0.141291
0.243390
0.153639
0.066854
0.076277
0.149676
0.135223
0.452404
0.147952
0.180020
0.137456
0.112350
0.212306
0.324521
0.142148
0.396811
0.120259
0.197288
0.253278
0.348210
0.012027
0.159840
0.194576
0.066943
0.275763
0.187931
0.246955
0.171013
0.215433
0.293758
0.163239
0.169875
0.189059
0.115823
0.045102
0.207402
0.082144
0.233000
0.250236
0.202428
0.138929
0.319656
0.112596
0.183111
0.155298
0.236159
0.086750
0.267925
0.116120
0.108475
0.158692
0.135853
0.119832
0.231673
0.475455
0.238547
0.404638
0.329021
0.129405
0.184655
0.086240
0.029449
0.214936
0.185290
0.127497
0.314385
0.216772
0.119644
0.050538
0.154632
0.056797
0.478523
0.181013
0.154783
0.214043
0.111033
0.390859
0.302953
0.322686
0.453996
0.149948
0.242269
0.266755
0.331750
0.107043
0.285489
0.201948
0.192074
0.376622
0.118436
0.274777
0.154947
0.177809
0.311360
0.278903
0.214306
0.055755
0.105137
0.137470
0.177365
0.184277
0.327555
0.141206
0.272437
0.193245
0.288643
0.195728
0.119279
0.159850
0.123573
0.081449
0.190426
0.155473
0.201133
0.267024
0.233506
0.336333
0.075740
0.626363
0.227234
0.291402
0.273577
0.162124
0.142936
0.158393
0.039315
0.126702
0.068312
0.166784
0.249297
0.332838
0.128682
0.038170
0.212979
0.144526
0.345456
0.126073
0.113263
0.291062
0.228416
0.504702
0.110582
0.301025
0.348388
0.195405
0.255141
0.217565
0.170733
0.089670
0.309486
0.184840
0.251029
0.401638
0.150224
0.305230
0.232626
0.141244
0.303835
0.293862
0.202310
0.078581
0.048249
0.195421
0.087019
0.291108
0.311347
0.215064
0.225327
0.199424
0.278860
0.175915
0.083694
0.170503
0.159800
0.221530
0.116312
0.246466
0.312185
0.325502
0.199348
0.447939
0.064486
0.724090
0.216269
0.079956
0.233244
0.176148
0.046942
0.226620
0.120467
0.122800
0.090072
0.187242
0.127239
0.320558
0.130269
0.066555
0.238809
0.211059
0.141946
0.135665
0.107064
0.297289
0.292397
0.414683
0.103402
0.111132
0.138004
0.167080
0.266938
0.173241
0.094608
0.063091
0.289504
0.258803
0.164682
0.309236
0.252209
0.362449
0.383812
0.196701
0.210947
0.280517
0.218573
0.080104
0.055694
0.183485
0.085092
0.307203
0.165715
0.310837
0.193087
0.210220
0.350596
0.203293
0.090238
0.177716
0.151299
0.351151
0.010888
0.211505
0.386834
0.311059
0.389247
0.383217
0.151759
0.658869
0.145295
0.205339
0.104998
0.244702
0.268793
0.401082
0.107501
0.130310
0.117482
0.219330
0.065393
0.245078
0.149307
0.069439
0.172005
0.297918
0.213186
0.094240
0.144664
0.223076
0.283112
0.380123
0.175265
0.249381
0.065206
0.090059
0.200920
0.119245
0.155027
0.110008
0.190990
0.373101
0.085504
0.283188
0.321432
0.349202
0.482036
0.289504
0.093167
0.339671
0.199784
0.028453
0.174749
0.127774
0.123114
0.248892
0.136417
0.195692
0.184544
0.208639
0.444890
0.302123
0.066909
0.082072
0.099907
0.431134
0.075074
0.199185
0.393049
0.220552
0.473995
0.216729
0.092695
0.464278
0.028074
0.331113
0.084456
0.284112
0.374820
0.514644
0.036903
0.070017
0.064406
0.263200
0.093468
0.215708
0.184145
0.134294
0.131527
0.343195
0.248295
0.124561
0.164913
0.119473
0.260442
0.373969
0.121589
0.334672
0.078280
0.036481
0.048888
0.034988
0.131810
0.120210
0.161182
0.218312
0.079757
0.299103
0.317436
0.349442
0.503463
0.398285
0.112531
0.379312
0.180481
0.050385
0.242213
0.199053
0.095716
0.226548
0.179897
0.124386
0.263070
0.204361
0.328199
0.312577
0.178339
0.083655
0.006410
0.383212
0.085379
0.202132
0.267329
0.163626
0.347014
0.058137
0.019490
0.227207
0.170825
0.311181
0.153325
0.325080
0.361873
0.468700
0.068769
0.046675
0.093278
0.207860
0.044445
0.205591
0.070370
0.222149
0.128278
0.436480
0.209217
0.113559
0.173536
0.072223
0.251294
0.200094
0.073195
0.262311
0.231652
0.011427
0.290996
0.071241
0.151092
0.121557
0.215056
0.079922
0.076210
0.289485
0.271151
0.406762
0.366115
0.370778
0.167034
0.196603
0.159026
0.107341
0.200771
0.180189
0.050149
0.195770
0.216196
0.160535
0.311372
0.315931
0.068621
0.224399
0.261526
0.168078
0.176561
0.295398
0.107497
0.161522
0.081590
0.074111
0.160858
0.068322
0.087631
0.039540
0.228897
0.274453
0.183645
0.253132
0.338125
0.272870
0.129181
0.061416
0.174806
0.149544
0.182521
0.204291
0.099152
0.260465
0.113752
0.374847
0.244674
0.132283
0.209970
0.066877
0.164784
0.147280
0.317577
0.218553
0.358466
0.071366
0.403548
0.110695
0.235055
0.145690
0.256959
0.275324
0.020198
0.312158
0.306494
0.385984
0.239166
0.243607
0.211658
0.039233
0.091417
0.100424
0.079934
0.050609
0.178700
0.104709
0.277276
0.134887
0.227290
0.380268
0.169611
0.129943
0.242974
0.226709
0.212909
0.199255
0.176091
0.253727
0.067947
0.089254
0.102244
0.141258
0.098985
0.118895
0.161213
0.086434
0.180298
0.181675
0.318834
0.177250
0.183000
0.032870
0.219050
0.137044
0.310898
0.194596
0.174480
0.317321
0.195119
0.339888
0.332013
0.119954
0.194355
0.087264
0.128841
0.237999
0.432359
0.140042
0.322861
0.184018
0.348089
0.098726
0.165627
0.146945
0.284336
0.280523
0.128947
0.321152
0.341826
0.207078
0.187881
0.299299
0.136970
0.267472
0.073084
0.053537
0.040273
0.076898
0.135120
0.084596
0.361114
0.073145
0.089402
0.368894
0.285123
0.084385
0.260307
0.261573
0.115162
0.151085
0.244927
0.260654
0.207754
0.066627
0.193808
0.189359
0.051411
0.222025
0.208241
0.060044
0.184439
0.128266
0.199944
0.198943
0.174582
0.051640
0.265602
0.094318
0.343020
0.114944
0.153034
0.256799
0.251457
0.310890
0.318175
0.209889
0.160975
0.085508
0.111523
0.270527
0.368423
0.075410
0.233077
0.234169
0.246027
0.009835
0.036035
0.093433
0.212967
0.244181
0.144802
0.221347
0.319924
0.063601
0.201311
0.210532
0.041442
0.458004
0.063262
0.031221
0.100372
0.155253
0.125700
0.137084
0.295468
0.160771
0.104453
0.300299
0.310032
0.102019
0.373136
0.233217
0.188096
0.090553
0.178789
0.214709
0.321070
0.111734
0.250671
0.264893
0.096816
0.332386
0.166259
0.152762
0.161088
0.060520
0.074469
0.281237
0.170752
0.050620
0.238151
0.085804
0.295090
0.136061
0.124113
0.085364
0.257948
0.196956
0.190325
0.323375
0.154343
0.044973
0.216003
0.246507
0.217242
0.166723
0.181914
0.182016
0.104126
0.098899
0.021120
0.067709
0.180946
0.182348
0.104834
0.220387
0.221378
0.238071
0.248905
0.088070
0.071272
0.439264
0.064832
0.042089
0.122795
0.096952
0.384903
0.166337
0.144967
0.280910
0.236072
0.281766
0.304179
0.195368
0.361522
0.157759
0.235891
0.144492
0.066279
0.268236
0.332306
0.156887
0.273040
0.319300
0.131912
0.385732
0.106342
0.215199
0.147960
0.039156
0.020810
0.292897
0.187564
0.090156
0.176522
0.200202
0.209912
0.336836
0.049827
0.131093
0.267485
0.076725
0.016399
0.295509
0.179442
0.156230
0.252815
0.182519
0.097702
0.195538
0.191689
0.112841
0.176328
0.144144
0.096970
0.162232
0.144360
0.099628
0.138885
0.225245
0.175876
0.282637
0.313835
0.243042
0.140205
0.341670
0.169411
0.079752
0.147737
0.061086
0.456760
0.209309
0.058071
0.368616
0.274824
0.297872
0.183060
0.299158
0.312823
0.108268
0.230585
0.413512
0.048263
0.257215
0.260722
0.265616
0.305317
0.289124
0.136285
0.394292
0.053352
0.225293
0.179175
0.065885
0.060030
0.302051
0.225485
0.071716
0.149348
0.292963
0.142059
0.311825
0.096334
0.324104
0.288392
0.253681
0.070739
0.273431
0.240712
0.226198
0.263491
0.113642
0.099924
0.197479
0.299345
0.062130
0.277471
0.125254
0.103738
0.221622
0.167443
0.044891
0.200380
0.173400
0.369968
0.245169
0.363142
0.283617
0.140432
0.242396
0.205875
0.092832
0.207705
0.047482
0.382401
0.264365
0.209943
0.334136
0.182600
0.279759
0.068531
0.333794
0.183941
0.102384
0.230549
0.505761
0.210018
0.228814
0.153893
0.366785
0.257110
0.137073
0.076968
0.336512
0.047452
0.225259
0.274135
0.084549
0.127729
0.291883
0.186295
0.082445
0.114640
0.267708
0.162081
0.160147
0.096104
0.428445
0.286375
0.338098
0.116144
0.143351
0.264423
0.233446
0.338441
0.142910
0.246358
0.236869
0.317731
0.073562
0.244549
0.180028
0.096608
0.126066
0.305117
0.053265
0.212240
0.331794
0.452042
0.121318
0.347903
0.374665
0.055784
0.143944
0.213765
0.047556
0.213237
0.052099
0.286206
0.205027
0.275624
0.223803
0.036981
0.102449
0.113283
0.283495
0.055815
0.120373
0.166291
0.514611
0.280769
0.145588
0.144190
0.285203
0.210352
0.106434
0.028310
0.274883
0.013422
0.174394
0.314227
0.165435
0.156405
0.269796
0.107986
0.103428
0.065283
0.172533
0.193339
0.058926
0.032043
0.427426
0.241950
0.366661
0.167178
0.105267
0.151364
0.190317
0.339479
0.105675
0.282711
0.245870
0.205644
0.158333
0.214755
0.168551
0.095286
0.047556
0.406903
0.100258
0.208057
0.316363
0.379368
0.119302
0.309844
0.417005
0.079670
0.192164
0.077143
0.036728
0.148814
0.054812
0.216217
0.256865
0.238661
0.098573
0.047356
0.131129
0.147738
0.239433
0.273872
0.192155
0.159704
0.480700
0.119650
0.051882
0.175847
0.143190
0.138708
0.169332
0.048500
0.165042
0.073758
0.074882
0.294683
0.297047
0.191171
0.213727
0.194373
0.200490
0.018324
0.089215
0.226478
0.033895
0.038731
0.366648
0.190858
0.405971
0.153506
0.213557
0.070174
0.127212
0.232685
0.161875
0.242747
0.141773
0.094983
0.188198
0.050766
0.079248
0.057042
0.169493
0.362617
0.100554
0.153108
0.150456
0.275412
0.099346
0.350930
0.404588
0.176931
0.228134
0.119790
0.035385
0.078304
0.073260
0.136979
0.299149
0.185465
0.119156
0.064148
0.258098
0.233515
0.197518
0.284848
0.196533
0.143464
0.320290
0.186599
0.146127
0.158621
0.077158
0.138121
0.228515
0.055168
0.094510
0.099918
0.040568
0.299346
0.455080
0.276935
0.091378
0.322002
0.244692
0.044372
0.118775
0.265454
0.048184
0.059693
0.303632
0.155979
0.320439
0.094766
0.194013
0.166216
0.109491
0.079798
0.217147
0.191266
0.057929
0.130689
0.180133
0.152446
0.065545
0.038889
0.248711
0.224729
0.077273
0.250567
0.072625
0.121812
0.069633
0.285616
0.335404
0.227677
0.165217
0.172222
0.144118
0.095033
0.035566
0.083030
0.363204
0.153709
0.140255
0.127615
0.339961
0.279107
0.129035
0.223505
0.063875
0.063395
0.222195
0.365784
0.248771
0.138734
0.068342
0.212088
0.353664
0.065511
0.063247
0.033516
0.092359
0.323116
0.553239
0.213100
0.119786
0.339634
0.173198
0.140428
0.129276
0.289948
0.089184
0.067806
0.297594
0.144972
0.081050
0.113912
0.215906
0.274776
0.066298
0.170169
0.167529
0.162943
0.059534
0.243982
0.233423
0.238069
0.169039
0.103203
0.171821
0.119115
0.195132
0.335746
0.171823
0.030350
0.105960
0.167943
0.166951
0.164577
0.181319
0.120813
0.177189
0.072636
0.147256
0.176209
0.346239
0.236509
0.081474
0.280794
0.404326
0.250468
0.060999
0.375189
0.077604
0.085641
0.336931
0.393539
0.288218
0.239640
0.093972
0.343380
0.417194
0.020823
0.027901
0.139744
0.088639
0.215509
0.464128
0.200921
0.146390
0.282121
0.095408
0.163591
0.098742
0.219536
0.174756
0.053636
0.258805
0.114825
0.096189
0.174776
0.318142
0.265484
0.094276
0.234079
0.132042
0.084793
0.250889
0.248229
0.219240
0.281579
0.152770
0.223875
0.092808
0.070590
0.256695
0.266331
0.276386
0.189168
0.138498
0.167325
0.052779
0.001718
0.268844
0.083315
0.106353
0.146672
0.304775
0.249343
0.210967
0.277986
0.084201
0.391942
0.333508
0.242055
0.108952
0.515964
0.203407
0.178200
0.353258
0.273625
0.246370
0.270669
0.095444
0.386773
0.381341
0.075861
0.046308
0.256209
0.136509
0.146172
0.242956
0.201786
0.184497
0.281568
0.072704
0.204038
0.128944
0.112215
0.192715
0.051974
0.110370
0.285938
0.058679
0.142672
0.350334
0.158626
0.050115
0.262938
0.155799
0.042983
0.246203
0.162439
0.120421
0.240695
0.085436
0.287079
0.087483
0.130616
0.210838
0.165790
0.333584
0.287868
0.197139
0.215891
0.153569
0.151962
0.382820
0.164566
0.044417
0.305300
0.341507
0.334160
0.145894
0.301847
0.061479
0.386701
0.168832
0.150323
0.143302
0.457027
0.269339
0.273272
0.282672
0.100377
0.152886
0.254249
0.054433
0.354049
0.300456
0.089261
0.160638
0.215425
0.229178
0.184435
0.017682
0.126309
0.303806
0.163097
0.230037
0.160504
0.200644
0.096637
0.080629
0.234012
0.129377
0.448451
0.103190
0.193506
0.324263
0.047230
0.057469
0.228377
0.119649
0.141816
0.159374
0.065412
0.086902
0.098822
0.210884
0.249839
0.134858
0.203281
0.136689
0.070952
0.316148
0.249632
0.207799
0.172854
0.333714
0.255960
0.459497
0.252054
0.031842
0.281368
0.232812
0.352985
0.235455
0.281117
0.092763
0.284767
0.071398
0.149467
0.150101
0.285920
0.190642
0.378494
0.209819
0.176324
0.081240
0.225250
0.083207
0.219357
0.319550
0.082952
0.200981
0.078723
0.275767
0.146518
0.233576
0.032174
0.259071
0.042711
0.236766
0.137828
0.197459
0.157244
0.066293
0.326162
0.280704
0.366803
0.216897
0.300046
0.134804
0.081015
0.065890
0.245493
0.096477
0.248324
0.014495
0.032431
0.114959
0.076289
0.227109
0.126291
0.145591
0.217199
0.105882
0.125235
0.258356
0.192211
0.148321
0.167442
0.401013
0.310432
0.464588
0.240743
0.103661
0.197290
0.116351
0.204327
0.268801
0.150891
0.275128
0.260703
0.045594
0.198148
0.167183
0.259111
0.079125
0.405573
0.201502
0.278705
0.257918
0.197941
0.166990
0.095054
0.233198
0.026263
0.214738
0.055947
0.301881
0.094489
0.355171
0.081463
0.135446
0.142009
0.129764
0.247046
0.153046
0.189190
0.163217
0.289690
0.316005
0.090679
0.196934
0.353509
0.083787
0.021308
0.073399
0.271892
0.134997
0.287999
0.182877
0.061554
0.121464
0.190154
0.173420
0.142263
0.122338
0.180824
0.052810
0.248390
0.224633
0.158512
0.049961
0.121601
0.425198
0.304276
0.357164
0.094579
0.081778
0.159562
0.097455
0.093489
0.234569
0.093381
0.363291
0.150671
0.053592
0.244009
0.207069
0.216758
0.055417
0.329303
0.131524
0.229800
0.386601
0.202226
0.159505
0.103871
0.217728
0.090710
0.241258
0.075681
0.257333
0.112022
0.400250
0.095979
0.191802
0.266541
0.055803
0.229149
0.144859
0.188029
0.189933
0.257392
0.270225
0.124085
0.125538
0.310400
0.249077
0.104008
0.061917
0.261899
0.099623
0.243221
0.282091
0.117472
0.153010
0.163625
0.140127
0.157930
0.108489
0.149154
0.051215
0.284580
0.198135
0.038433
0.177280
0.068932
0.276045
0.247997
0.144759
0.039649
0.065073
0.193141
0.125814
0.175933
0.213946
0.182603
0.345790
0.181466
0.199331
0.332736
0.204611
0.305629
0.040319
0.281499
0.036284
0.042415
0.429051
0.261825
0.068928
0.170866
0.204760
0.130326
0.199105
0.127051
0.107758
0.125844
0.394001
0.046900
0.249283
0.276277
0.201356
0.152328
0.170185
0.138436
0.144041
0.230848
0.236943
0.152962
0.011929
0.193675
0.289183
0.165412
0.071605
0.158121
0.051285
0.116412
0.326283
0.205353
0.118802
0.089389
0.136562
0.161902
0.023241
0.122174
0.112538
0.287604
0.086581
0.175374
0.205407
0.072058
0.040965
0.158782
0.039836
0.140296
0.274195
0.147320
0.150685
0.161328
0.173492
0.221114
0.220143
0.383384
0.313365
0.309592
0.116261
0.462141
0.046317
0.346015
0.169894
0.145494
0.275766
0.230092
0.159826
0.227826
0.206974
0.168316
0.173762
0.187040
0.109874
0.083764
0.323603
0.054539
0.170943
0.328874
0.291066
0.062092
0.316875
0.110069
0.156065
0.160084
0.205437
0.137991
0.207749
0.159494
0.323462
0.141293
0.026167
0.049068
0.105111
0.069633
0.302972
0.204355
0.088825
0.142773
0.161349
0.128763
0.133247
0.114977
0.168208
0.260747
0.131959
0.209892
0.174776
0.122514
0.112144
0.124279
0.115632
0.191972
0.376605
0.040963
0.159316
0.084500
0.205694
0.240514
0.023102
0.359036
0.316801
0.257193
0.174026
0.350937
0.154595
0.303751
0.235889
0.161298
0.191852
0.142592
0.170473
0.265081
0.219012
0.213326
0.106839
0.139652
0.387508
0.029145
0.149106
0.063747
0.199565
0.337699
0.256168
0.065939
0.374333
0.050487
0.170546
0.208288
0.108623
0.199956
0.324030
0.235678
0.291869
0.138575
0.091969
0.085979
0.075837
0.236406
0.295941
0.166234
0.112759
0.168019
0.203361
0.081527
0.248268
0.092344
0.134099
0.271778
0.240602
0.165751
0.143468
0.075004
0.193546
0.152699
0.139643
0.183444
0.299135
0.049508
0.204427
0.067244
0.238949
0.315660
0.161915
0.298475
0.253754
0.172690
0.257857
0.167734
0.163316
0.264535
0.144229
0.096025
0.052505
0.252517
0.097893
0.266947
0.208418
0.200485
0.158238
0.068737
0.458678
0.095334
0.161787
0.097044
0.226227
0.239312
0.184388
0.096434
0.382786
0.034477
0.202501
0.206471
0.035337
0.142790
0.270302
0.105725
0.148727
0.126196
0.228900
0.031769
0.107081
0.265139
0.359938
0.099944
0.253344
0.186674
0.207180
0.058911
0.312966
0.093129
0.157892
0.127897
0.370603
0.256934
0.090430
0.030051
0.240498
0.266591
0.120777
0.135434
0.129640
0.169054
0.227416
0.040969
0.142675
0.336897
0.176650
0.154289
0.142448
0.058833
0.269053
0.081492
0.111690
0.161561
0.121543
0.105979
0.170553
0.400171
0.007696
0.237401
0.222774
0.137138
0.171753
0.061927
0.401804
0.084074
0.286205
0.113101
0.231394
0.167071
0.063922
0.079072
0.344575
0.085543
0.202656
0.144328
0.085493
0.063054
0.145387
0.207747
0.016868
0.084255
0.350757
0.066790
0.181966
0.161923
0.345528
0.093468
0.294120
0.220434
0.158578
0.089164
0.283809
0.104708
0.191483
0.067510
0.465736
0.268191
0.111030
0.094984
0.263842
0.323757
0.092820
0.064420
0.071039
0.259201
0.259790
0.081374
0.054730
0.238464
0.113957
0.161232
0.162335
0.112508
0.254248
0.091837
0.109977
0.152706
0.088391
0.162008
0.277515
0.378179
0.091822
0.151815
0.299565
0.089708
0.208370
0.187947
0.401435
0.054957
0.248113
0.085773
0.298370
0.115444
0.168392
0.084270
0.187494
0.115971
0.189471
0.038773
0.037941
0.010795
0.097333
0.349504
0.061126
0.114002
0.326377
0.152508
0.227861
0.022300
0.133730
0.056851
0.163639
0.179966
0.248300
0.195450
0.171786
0.136228
0.223897
0.208250
0.392731
0.175482
0.311091
0.102384
0.198879
0.320138
0.070077
0.204515
0.182611
0.250215
0.194932
0.152347
0.190370
0.101328
0.027696
0.210107
0.227271
0.254858
0.224920
0.045622
0.135888
0.164399
0.101724
0.220538
0.233450
0.234713
0.141827
0.052987
0.375571
0.062575
0.272597
0.163470
0.322158
0.069539
0.207853
0.024020
0.265205
0.032621
0.373446
0.054843
0.057266
0.168690
0.151733
0.072422
0.094400
0.171409
0.144585
0.355761
0.170372
0.155281
0.205414
0.273603
0.228701
0.161835
0.159642
0.060667
0.050444
0.138460
0.273440
0.188983
0.042814
0.076775
0.256843
0.260969
0.160034
0.156920
0.323506
0.053005
0.116173
0.342059
0.144214
0.326249
0.360655
0.239320
0.136525
0.223296
0.357648
0.074701
0.063599
0.255185
0.199781
0.318604
0.112664
0.185792
0.164742
0.143044
0.158919
0.218763
0.161837
0.102915
0.139265
0.114462
0.374147
0.095573
0.308208
0.073810
0.196205
0.113272
0.272872
0.074124
0.223405
0.152539
0.475729
0.096087
0.249842
0.232845
0.148359
0.136442
0.121741
0.286647
0.230407
0.190478
0.252392
0.148976
0.115709
0.324097
0.161713
0.264199
0.363349
0.072299
0.031686
0.108084
0.178352
0.165930
0.078211
0.098670
0.218824
0.265586
0.181371
0.193441
0.165012
0.069618
0.080401
0.343200
0.140355
0.268294
0.415515
0.205018
0.122725
0.263802
0.379116
0.142155
0.070631
0.163569
0.172611
0.316333
0.051138
0.265286
0.210678
0.069471
0.170807
0.187436
0.078397
0.150073
0.184553
0.067893
0.296953
0.177542
0.291965
0.158180
0.030011
0.104362
0.189517
0.131402
0.252102
0.201282
0.448275
0.147975
0.251246
0.273998
0.139839
0.205054
0.054803
0.294359
0.165107
0.108161
0.254686
0.222071
0.105908
0.234301
0.116953
0.311204
0.446557
0.037235
0.099859
0.060666
0.221979
0.174501
0.026604
0.182921
0.161781
0.261279
0.258102
0.146103
0.119543
0.190610
0.023298
0.289032
0.104085
0.168151
0.298151
0.048022
0.148828
0.319578
0.284468
0.207816
0.113261
0.064211
0.112430
0.278227
0.155576
0.213953
0.153841
0.126946
0.142780
0.100892
0.070857
0.186041
0.242907
0.047666
0.146375
0.225519
0.118835
0.159688
0.134717
0.042531
0.079226
0.138921
0.232748
0.137852
0.410601
0.191465
0.143572
0.318144
0.152372
0.216938
0.023396
0.242300
0.064673
0.112425
0.168003
0.264666
0.067618
0.121341
0.117307
0.283543
0.441578
0.140354
0.079182
0.098206
0.373915
0.255428
0.040022
0.113428
0.103056
0.160569
0.197360
0.063054
0.138676
0.180531
0.149049
0.219058
0.177627
0.100698
0.125134
0.178788
0.187317
0.288709
0.169683
0.163885
0.200995
0.205503
0.120776
0.275747
0.302360
0.148639
0.050543
0.218724
0.152413
0.058830
0.215677
0.207180
0.288378
0.138720
0.083574
0.222248
0.107205
0.171903
0.319388
0.082940
0.098576
0.116007
0.109496
0.200780
0.279927
0.279025
0.038121
0.215874
0.326448
0.225282
0.047081
0.131298
0.088300
0.161517
0.082598
0.182661
0.170873
0.109533
0.106046
0.182061
0.405203
0.209588
0.018502
0.104398
0.359192
0.252512
0.043555
0.077933
0.039435
0.155597
0.119709
0.233921
0.184083
0.069373
0.212260
0.099675
0.230949
0.081194
0.104362
0.296771
0.319337
0.215708
0.151724
0.179769
0.188892
0.285421
0.166941
0.202415
0.368866
0.130040
0.166777
0.298218
0.167809
0.158592
0.264084
0.227874
0.284838
0.152793
0.086651
0.156569
0.207093
0.187691
0.405352
0.136528
0.256108
0.060095
0.043344
0.206327
0.134851
0.267807
0.091576
0.078402
0.414812
0.122975
0.121710
0.119931
0.029096
0.150473
0.067215
0.144473
0.250693
0.110307
0.171519
0.116458
0.365842
0.172955
0.156940
0.091892
0.225427
0.169873
0.079745
0.129232
0.145392
0.198093
0.106194
0.289318
0.270432
0.203039
0.140118
0.176900
0.244760
0.204496
0.032115
0.252688
0.378240
0.192177
0.130766
0.259694
0.100402
0.268223
0.239093
0.097581
0.286710
0.104683
0.224652
0.282531
0.098226
0.199933
0.235024
0.219312
0.177942
0.194586
0.060875
0.185741
0.204087
0.061699
0.286752
0.295841
0.330071
0.079608
0.150964
0.130573
0.205670
0.092892
0.156306
0.104785
0.430406
0.109642
0.218381
0.066203
0.047907
0.092778
0.024449
0.126331
0.176448
0.054390
0.180804
0.125299
0.280928
0.067107
0.220880
0.138016
0.179370
0.107760
0.152360
0.098591
0.255362
0.155504
0.113138
0.229559
0.300260
0.181397
0.098547
0.352336
0.200636
0.255020
0.093861
0.163006
0.365996
0.238867
0.177230
0.302299
0.174075
0.200605
0.269760
0.113919
0.201185
0.110555
0.320389
0.125057
0.053344
0.133516
0.222504
0.189369
0.022059
0.096442
0.100930
0.156561
0.221835
0.199489
0.107601
0.313360
0.268593
0.152084
0.295290
0.097174
0.284320
0.080375
0.193391
0.073872
0.373370
0.273314
0.248861
0.065853
0.060857
0.149668
0.069269
0.108874
0.071470
0.062383
0.178425
0.099436
0.126022
0.052795
0.213544
0.130875
0.127850
0.209799
0.198935
0.029004
0.284018
0.116517
0.095163
0.102298
0.254219
0.085816
0.131278
0.466151
0.105749
0.162777
0.078155
0.102919
0.307431
0.187520
0.153118
0.224735
0.190710
0.196642
0.202976
0.229209
0.180984
0.164303
0.470863
0.078899
0.191774
0.110680
0.235367
0.147848
0.185362
0.028255
0.084655
0.105261
0.254456
0.298141
0.061478
0.253194
0.225755
0.186129
0.389006
0.104748
0.312408
0.121140
0.105806
0.042626
0.248764
0.251113
0.228267
0.124651
0.073362
0.244810
0.190901
0.170637
0.059858
0.108085
0.095241
0.102251
0.197246
0.091350
0.225801
0.095074
0.054317
0.303012
0.163256
0.098891
0.311468
0.148444
0.082179
0.089047
0.234716
0.101002
0.169788
0.481090
0.125743
0.101399
0.040147
0.075667
0.202701
0.111451
0.042881
0.049797
0.107597
0.133015
0.220131
0.179456
0.065218
0.219574
0.372279
0.117276
0.265448
0.161800
0.279350
0.052264
0.238713
0.076033
0.035619
0.147586
0.287936
0.251385
0.063596
0.239464
0.192346
0.119864
0.276813
0.163227
0.296026
0.168462
0.051888
0.106388
0.131744
0.185650
0.172654
0.063095
0.107938
0.417181
0.273125
0.162165
0.083298
0.028663
0.098261
0.171878
0.250299
0.041164
0.185420
0.102847
0.243299
0.216716
0.045879
0.123918
0.301788
0.163227
0.182389
0.128258
0.197517
0.084871
0.166525
0.350831
0.187622
0.124638
0.130801
0.028622
0.091682
0.109386
0.053563
0.275832
0.021661
0.062624
0.368325
0.104020
0.146993
0.196570
0.139854
0.096368
0.190084
0.114291
0.218046
0.097501
0.227848
0.125476
0.102849
0.171673
0.335236
0.116469
0.029903
0.138202
0.134971
0.064551
0.138950
0.141621
0.255774
0.202559
0.086488
0.186211
0.113893
0.191423
0.068819
0.079357
0.116350
0.437186
0.260334
0.164268
0.189749
0.096758
0.149010
0.222220
0.292134
0.086675
0.205373
0.116932
0.281777
0.089556
0.100348
0.118420
0.238404
0.138495
0.168376
0.114075
0.097700
0.066065
0.197974
0.210309
0.297230
0.099020
0.185694
0.023972
0.039421
0.155852
0.152735
0.322217
0.140563
0.140788
0.369114
0.158667
0.243626
0.086676
0.032933
0.028090
0.129881
0.077835
0.041407
0.204553
0.198735
0.189965
0.040407
0.166593
0.329898
0.196061
0.095836
0.263984
0.183778
0.119601
0.070852
0.115666
0.198232
0.243036
0.141949
0.213130
0.099746
0.176460
0.147279
0.106894
0.088077
0.281399
0.184897
0.183001
0.214499
0.115656
0.156449
0.194915
0.326031
0.073211
0.192797
0.086784
0.204722
0.039612
0.127856
0.145212
0.161230
0.033992
0.157326
0.055922
0.109562
0.042518
0.159894
0.101514
0.277252
0.075330
0.194432
0.120727
0.103981
0.207550
0.193988
0.212510
0.215564
0.182755
0.221902
0.167961
0.234112
0.218927
0.041327
0.118067
0.063616
0.120426
0.219729
0.199703
0.187479
0.255976
0.223103
0.118096
0.252817
0.189080
0.130538
0.344377
0.156097
0.233428
0.060067
0.129570
0.081207
0.273380
0.158951
0.250428
0.189887
0.110436
0.207521
0.096651
0.182848
0.109861
0.094766
0.112383
0.250583
0.023297
0.015985
0.088666
0.236826
0.142476
0.201100
0.062684
0.117843
0.093613
0.126739
0.207836
0.112161
0.089510
0.275078
0.043337
0.121859
0.094719
0.091749
0.014653
0.198285
0.021296
0.144491
0.231730
0.292997
0.364646
0.100851
0.212249
0.341587
0.146504
0.050166
0.189743
0.195833
0.369261
0.114649
0.202266
0.037844
0.176762
0.245548
0.159566
0.209927
0.304529
0.278911
0.067141
0.123352
0.170024
0.225643
0.318579
0.161342
0.289943
0.158133
0.131878
0.127521
0.308888
0.114427
0.241805
0.286995
0.171142
0.239958
0.094522
0.279816
0.080873
0.122495
0.119306
0.197581
0.209705
0.132076
0.085286
0.105641
0.069270
0.230857
0.128908
0.191857
0.100676
0.093909
0.202648
0.131851
0.041317
0.189042
0.070177
0.131839
0.081037
0.139363
0.136508
0.078824
0.009523
0.106889
0.159401
0.420326
0.549851
0.113853
0.201650
0.388912
0.155442
0.080230
0.280586
0.132996
0.263079
0.207289
0.188767
0.230183
0.263402
0.228340
0.187481
0.258305
0.296948
0.190338
0.046064
0.122956
0.235213
0.288066
0.201581
0.215679
0.234023
0.152911
0.097726
0.307187
0.392454
0.126462
0.177623
0.303466
0.283541
0.269242
0.141124
0.278612
0.136427
0.170022
0.244162
0.136535
0.302419
0.196048
0.230449
0.076023
0.123121
0.383627
0.218939
0.274982
0.112918
0.033578
0.156655
0.151902
0.086456
0.098082
0.118281
0.178231
0.087405
0.275356
0.212833
0.112034
0.024352
0.089649
0.107323
0.421129
0.591667
0.184912
0.256170
0.351228
0.159996
0.217425
0.207134
0.103952
0.062070
0.271457
0.127509
0.374285
0.250616
0.233395
0.246220
0.304195
0.262303
0.043901
0.027947
0.270457
0.305668
0.213936
0.117777
0.236663
0.151085
0.083611
0.101645
0.286500
0.335797
0.224799
0.209819
0.262308
0.286288
0.257982
0.146727
0.269093
0.158774
0.152320
0.231262
0.066889
0.210608
0.155946
0.326706
0.104815
0.245572
0.486310
0.166651
0.251988
0.157208
0.046012
0.180653
0.229125
0.091074
0.199600
0.126519
0.147186
0.160876
0.287351
0.257847
0.187982
0.039435
0.041610
0.324768
0.391073
0.486335
0.094094
0.272921
0.188958
0.086608
0.305556
0.148609
0.082106
0.142528
0.345017
0.022511
0.280127
0.189262
0.170934
0.277191
0.292930
0.251086
0.138371
0.102785
0.275358
0.238305
0.203343
0.031986
0.149770
0.229063
0.083417
0.002562
0.220300
0.250903
0.267870
0.192165
0.267229
0.240512
0.134793
0.172434
0.200950
0.178779
0.061918
0.094128
0.110827
0.131740
0.170432
0.361293
0.184852
0.283057
0.397563
0.095416
0.134442
0.167095
0.082112
0.115749
0.354362
0.033469
0.250915
0.024280
0.092251
0.117032
0.239487
0.241715
0.206171
0.096686
0.041577
0.461721
0.329361
0.282912
0.143406
0.200694
0.177466
0.075315
0.332721
0.250139
0.185290
0.136567
0.273072
0.059146
0.052814
0.162253
0.053593
0.291033
0.199921
0.201222
0.232238
0.214248
0.201672
0.114614
0.151459
0.129231
0.159327
0.231419
0.063770
0.107176
0.232280
0.274217
0.196674
0.109689
0.205657
0.266952
0.113211
0.076969
0.081842
0.288695
0.151638
0.147899
0.157688
0.184332
0.171565
0.278061
0.162056
0.291357
0.229300
0.141241
0.130316
0.058245
0.083880
0.161820
0.376512
0.059855
0.171515
0.161180
0.172156
0.031436
0.210951
0.254067
0.256005
0.073084
0.094720
0.403899
