# G_4, p = 1.5000 GPa (dir_15000.0_bar).
# 6MR distortion Gamma = (1/2)(max - min) over the three opposite-O diagonals.
# 32 rings x 101 frames = 3232 samples.
# Column: per-6MR Gamma [A]
0.002825
0.003753
0.002735
0.003613
0.002959
0.003822
0.003065
0.003996
0.003204
0.004039
0.003139
0.003845
0.002944
0.003824
0.002978
0.003908
0.006795
0.005213
0.006717
0.005035
0.006680
0.004844
0.006751
0.005046
0.006549
0.004742
0.006591
0.004977
0.006841
0.005125
0.006875
0.005165
0.147733
0.108083
0.031609
0.084101
0.080411
0.128548
0.141344
0.103844
0.055081
0.107797
0.114551
0.050095
0.063052
0.155630
0.077386
0.169447
0.222531
0.088361
0.081998
0.032497
0.046754
0.304260
0.049017
0.085480
0.081007
0.086330
0.073944
0.038707
0.111351
0.102913
0.095423
0.059053
0.379007
0.136385
0.161377
0.123082
0.072181
0.150922
0.219158
0.208439
0.043377
0.127801
0.128379
0.134850
0.167917
0.312150
0.113593
0.277343
0.300757
0.101047
0.172424
0.057800
0.027881
0.461809
0.048652
0.175228
0.054991
0.073306
0.145137
0.169732
0.185019
0.074540
0.111428
0.215513
0.451953
0.236976
0.213372
0.192206
0.087129
0.151999
0.218205
0.144172
0.203128
0.056640
0.014465
0.151672
0.256782
0.243218
0.230657
0.332042
0.236510
0.111493
0.308551
0.033938
0.100886
0.432823
0.108340
0.236256
0.041441
0.032758
0.180947
0.346224
0.221207
0.030716
0.036973
0.343947
0.480721
0.308325
0.194218
0.208593
0.107662
0.182295
0.261614
0.074578
0.327628
0.229015
0.076729
0.190662
0.294479
0.089856
0.385833
0.283454
0.207471
0.084894
0.245088
0.118356
0.150117
0.427000
0.214756
0.292399
0.071045
0.142930
0.184081
0.393669
0.235478
0.129775
0.117023
0.322765
0.465496
0.253036
0.188547
0.269474
0.156405
0.303763
0.309705
0.106428
0.384447
0.220895
0.152339
0.223852
0.227440
0.076701
0.497287
0.298958
0.232112
0.114828
0.183934
0.208979
0.097651
0.451246
0.132040
0.298754
0.040668
0.176099
0.070342
0.362139
0.228399
0.096148
0.185788
0.280455
0.300287
0.124196
0.274317
0.309324
0.254376
0.281301
0.237963
0.174574
0.367635
0.190295
0.178401
0.206638
0.174253
0.104820
0.506186
0.320872
0.269869
0.153136
0.208066
0.123599
0.123054
0.376358
0.027679
0.299738
0.037550
0.080439
0.134255
0.337590
0.244557
0.067470
0.172003
0.223282
0.076745
0.246376
0.212520
0.287797
0.243802
0.175642
0.079076
0.272166
0.294366
0.161378
0.147776
0.182393
0.187055
0.154549
0.411426
0.226188
0.194471
0.101544
0.166158
0.055374
0.158987
0.227092
0.063803
0.260520
0.104181
0.105765
0.153878
0.248877
0.222318
0.039082
0.085675
0.090371
0.087703
0.269377
0.203818
0.185261
0.204265
0.182884
0.114203
0.197466
0.222695
0.181705
0.066164
0.156273
0.184122
0.172326
0.297743
0.076386
0.228224
0.023139
0.245402
0.070486
0.109273
0.030237
0.156858
0.249470
0.159963
0.174479
0.085356
0.103872
0.175670
0.052881
0.071009
0.144102
0.145043
0.202970
0.243356
0.131638
0.154613
0.216133
0.186204
0.110512
0.163984
0.215422
0.149150
0.216905
0.264617
0.241621
0.137845
0.130239
0.330103
0.194211
0.261662
0.121109
0.048011
0.087376
0.285926
0.214710
0.242858
0.183778
0.066335
0.069533
0.010779
0.135756
0.028958
0.363388
0.239805
0.110964
0.178735
0.103555
0.114590
0.210127
0.220783
0.073510
0.173276
0.282379
0.072000
0.123456
0.226562
0.237073
0.104851
0.233994
0.336351
0.280889
0.190237
0.111958
0.096496
0.194023
0.403388
0.233155
0.247391
0.126946
0.086684
0.191404
0.144890
0.084346
0.031820
0.478674
0.331081
0.147644
0.068617
0.103705
0.064023
0.218305
0.278814
0.121002
0.151371
0.237796
0.076421
0.016164
0.248635
0.242733
0.157693
0.239589
0.278011
0.253101
0.135429
0.122950
0.155503
0.206313
0.300059
0.195072
0.144601
0.155734
0.092138
0.216529
0.182693
0.147559
0.017014
0.361163
0.322209
0.287180
0.118284
0.110620
0.109534
0.160790
0.285583
0.212247
0.061318
0.164416
0.088800
0.039633
0.240565
0.277624
0.205188
0.247718
0.154091
0.282814
0.087303
0.070873
0.200277
0.165553
0.114757
0.204187
0.125825
0.228255
0.096026
0.100757
0.150562
0.247280
0.016159
0.188834
0.246898
0.318929
0.229106
0.101062
0.109445
0.060203
0.227989
0.239307
0.119438
0.123852
0.093492
0.079535
0.272303
0.231356
0.170298
0.284117
0.019497
0.270477
0.024074
0.101798
0.218788
0.151201
0.244698
0.200161
0.172400
0.292230
0.152627
0.041253
0.214285
0.260391
0.116060
0.092821
0.084591
0.247339
0.235527
0.150187
0.182930
0.120675
0.240728
0.157453
0.322823
0.206067
0.047214
0.176232
0.183850
0.158546
0.098725
0.313517
0.143265
0.193251
0.101679
0.190989
0.214101
0.165952
0.347430
0.146716
0.195779
0.308023
0.275844
0.121697
0.256499
0.237643
0.183333
0.091890
0.101080
0.177893
0.287549
0.317678
0.187046
0.139970
0.172480
0.104769
0.378063
0.226319
0.090453
0.249523
0.182670
0.154154
0.096495
0.312519
0.273813
0.110097
0.142702
0.096299
0.257756
0.172131
0.353841
0.142694
0.232193
0.317965
0.223388
0.158874
0.248268
0.153855
0.098611
0.086259
0.119330
0.239937
0.264448
0.439048
0.110215
0.169351
0.133418
0.105354
0.320243
0.163536
0.150635
0.133726
0.108820
0.172923
0.205558
0.274808
0.292010
0.120957
0.062946
0.260176
0.250007
0.175155
0.344908
0.251281
0.165474
0.283495
0.147332
0.189783
0.171053
0.175709
0.075817
0.111396
0.020216
0.194955
0.193495
0.444967
0.121338
0.195973
0.174643
0.207439
0.299763
0.079386
0.211227
0.167157
0.055191
0.134861
0.248767
0.183444
0.229535
0.164966
0.052515
0.387771
0.220470
0.156402
0.302779
0.283385
0.159029
0.245932
0.066902
0.191060
0.172242
0.211335
0.123088
0.134445
0.104012
0.297716
0.078440
0.332466
0.209378
0.146607
0.179109
0.253397
0.217408
0.043075
0.199962
0.299797
0.068377
0.169760
0.201548
0.107440
0.186134
0.234116
0.086394
0.388597
0.134795
0.081498
0.276297
0.287638
0.152957
0.139335
0.032625
0.235974
0.214792
0.229253
0.067096
0.135057
0.195826
0.320025
0.020829
0.117148
0.177843
0.157636
0.174653
0.215703
0.151259
0.117922
0.121924
0.263987
0.126973
0.261861
0.159439
0.181096
0.139120
0.372106
0.068200
0.377592
0.055759
0.122161
0.228131
0.188480
0.152759
0.068036
0.054293
0.229739
0.224784
0.203895
0.078961
0.143007
0.170746
0.451808
0.058879
0.082614
0.080827
0.117187
0.114927
0.210225
0.106655
0.170675
0.085595
0.189497
0.267929
0.397717
0.218842
0.209669
0.119550
0.331260
0.117615
0.337379
0.025079
0.204023
0.262996
0.084505
0.197659
0.108583
0.044537
0.176555
0.158768
0.121203
0.078088
0.089703
0.225629
0.533839
0.107478
0.058848
0.074760
0.283659
0.192296
0.271043
0.082836
0.223323
0.173762
0.204831
0.288525
0.451022
0.318686
0.220804
0.114608
0.187778
0.224116
0.201613
0.083465
0.320768
0.227928
0.179944
0.162348
0.225775
0.072044
0.098477
0.185669
0.161402
0.305068
0.152107
0.284635
0.557451
0.210799
0.096257
0.058643
0.434169
0.310626
0.248835
0.158196
0.289657
0.222100
0.245415
0.104330
0.247475
0.252053
0.316258
0.095748
0.097768
0.231550
0.072946
0.157984
0.285012
0.231110
0.271701
0.069542
0.341067
0.206333
0.050852
0.158418
0.119030
0.319705
0.149035
0.323449
0.401731
0.216452
0.236435
0.086925
0.353550
0.355261
0.197189
0.101327
0.236566
0.156411
0.159378
0.045194
0.082692
0.132803
0.430539
0.108092
0.169585
0.169791
0.151719
0.139664
0.222142
0.240580
0.327327
0.090421
0.374045
0.255687
0.014588
0.135388
0.065619
0.243407
0.115566
0.321767
0.248583
0.181946
0.308667
0.174830
0.201423
0.197474
0.243741
0.063449
0.089342
0.080096
0.059312
0.080481
0.071491
0.133552
0.338712
0.183938
0.327880
0.149555
0.248579
0.115723
0.230308
0.225202
0.278159
0.021494
0.322314
0.174537
0.040682
0.084622
0.051929
0.200315
0.132732
0.282296
0.322577
0.080190
0.193125
0.388327
0.065620
0.082271
0.226216
0.096749
0.159566
0.061293
0.176407
0.129466
0.068347
0.260739
0.205055
0.286306
0.562427
0.121544
0.265075
0.075195
0.210776
0.177261
0.149669
0.083180
0.244951
0.201994
0.029608
0.139549
0.184885
0.098299
0.159861
0.180690
0.377750
0.020043
0.036063
0.465931
0.085919
0.128361
0.131436
0.112943
0.215863
0.084234
0.234921
0.212966
0.041248
0.364942
0.045655
0.254348
0.520003
0.116326
0.258717
0.042131
0.150894
0.164252
0.097379
0.201579
0.215232
0.309613
0.109904
0.182080
0.157888
0.175577
0.344243
0.132632
0.458878
0.108250
0.022458
0.345995
0.104370
0.071128
0.087818
0.108579
0.206261
0.102882
0.249396
0.291080
0.102257
0.318975
0.075271
0.074014
0.385846
0.153562
0.306827
0.068095
0.054042
0.136708
0.079560
0.327718
0.122240
0.351402
0.190798
0.161225
0.059210
0.148607
0.380276
0.118616
0.371448
0.242424
0.081326
0.299086
0.054151
0.046228
0.178209
0.092205
0.174127
0.122366
0.237971
0.306181
0.055129
0.183778
0.187033
0.066246
0.304120
0.089261
0.391215
0.104525
0.098476
0.158290
0.089343
0.364375
0.180097
0.186057
0.181290
0.130121
0.117140
0.151959
0.330605
0.242590
0.255118
0.208501
0.154424
0.260922
0.068551
0.126719
0.114875
0.089303
0.113786
0.161054
0.211320
0.235789
0.010594
0.158233
0.185915
0.041978
0.159124
0.105391
0.289790
0.139263
0.173043
0.279293
0.084241
0.251519
0.228574
0.124192
0.137317
0.155501
0.223305
0.149068
0.276927
0.338954
0.252666
0.181008
0.191793
0.219387
0.212321
0.227027
0.148953
0.072044
0.133823
0.172975
0.205493
0.166872
0.076099
0.299536
0.096372
0.210455
0.130053
0.124383
0.097090
0.199191
0.087185
0.300723
0.138235
0.162392
0.192553
0.276719
0.176507
0.155682
0.293666
0.065867
0.188085
0.276024
0.207377
0.119822
0.264661
0.318268
0.258835
0.204058
0.171321
0.095817
0.164712
0.105670
0.214436
0.189904
0.140639
0.382791
0.071949
0.230367
0.262782
0.106646
0.086036
0.178040
0.071573
0.177887
0.201869
0.218647
0.121681
0.227160
0.171328
0.105861
0.307347
0.050881
0.100162
0.222493
0.123875
0.038171
0.241836
0.310747
0.213368
0.143280
0.158499
0.103938
0.187317
0.089515
0.236025
0.185974
0.167196
0.321434
0.118822
0.159968
0.378126
0.064476
0.106429
0.108597
0.168151
0.085570
0.393704
0.178215
0.127199
0.097740
0.226010
0.062784
0.312059
0.118450
0.177355
0.232493
0.177872
0.200296
0.136365
0.168206
0.142362
0.159313
0.204319
0.054748
0.217135
0.180788
0.180298
0.312101
0.090491
0.196963
0.117090
0.158839
0.418419
0.054307
0.126095
0.046209
0.247443
0.018397
0.435027
0.167840
0.228922
0.082294
0.264204
0.130751
0.287868
0.149570
0.174944
0.154868
0.116672
0.254855
0.106905
0.076275
0.122451
0.115535
0.169302
0.003143
0.272461
0.102348
0.046496
0.330891
0.115775
0.139103
0.044269
0.177128
0.407815
0.025053
0.102955
0.122328
0.233852
0.197489
0.290472
0.123238
0.273100
0.084731
0.233420
0.195076
0.202446
0.248107
0.254621
0.172666
0.120828
0.141062
0.150311
0.076962
0.072110
0.095175
0.147838
0.028278
0.273265
0.009725
0.192653
0.177900
0.130536
0.133530
0.120951
0.150927
0.357457
0.094745
0.094082
0.180433
0.109304
0.297013
0.162121
0.124638
0.250122
0.095066
0.168370
0.218174
0.063658
0.291373
0.311790
0.165598
0.172246
0.082413
0.146561
0.126654
0.157739
0.145133
0.144468
0.080559
0.139519
0.096189
0.234955
0.017361
0.153095
0.171244
0.197497
0.064289
0.298854
0.160612
0.068422
0.132291
0.141610
0.239241
0.155862
0.328823
0.264664
0.061353
0.122695
0.169304
0.108623
0.261018
0.232633
0.077204
0.212418
0.241102
0.086269
0.186291
0.125441
0.084700
0.176841
0.199698
0.094506
0.207072
0.178086
0.124922
0.196911
0.176366
0.288698
0.011901
0.240245
0.139545
0.070059
0.106116
0.144772
0.188095
0.226934
0.411096
0.243916
0.073223
0.135417
0.113788
0.097240
0.279723
0.173461
0.055190
0.214099
0.369047
0.089874
0.176552
0.126466
0.072956
0.246859
0.295413
0.295041
0.264302
0.209169
0.139331
0.256849
0.153056
0.304771
0.062868
0.116623
0.109962
0.165790
0.111431
0.073526
0.118687
0.172124
0.357622
0.179466
0.195176
0.082076
0.140517
0.057753
0.135168
0.318273
0.142173
0.119476
0.306811
0.195438
0.187110
0.232577
0.230681
0.262112
0.403122
0.383698
0.221476
0.262790
0.160554
0.315131
0.243427
0.196253
0.049734
0.118732
0.103463
0.189266
0.161382
0.091406
0.121368
0.089779
0.306376
0.251983
0.182537
0.050437
0.130624
0.147322
0.112701
0.386483
0.277197
0.134824
0.144983
0.316297
0.257569
0.374880
0.297922
0.300470
0.309060
0.412386
0.141361
0.261843
0.277877
0.284175
0.304416
0.056536
0.113506
0.265725
0.094719
0.174333
0.239618
0.067437
0.250274
0.199290
0.341754
0.289967
0.115259
0.084465
0.178199
0.130864
0.208574
0.296097
0.317677
0.165933
0.127732
0.188743
0.286553
0.320576
0.334093
0.286697
0.132886
0.437909
0.213838
0.227735
0.295748
0.209701
0.323819
0.094743
0.169769
0.237836
0.089131
0.210559
0.206435
0.115614
0.276420
0.115671
0.241407
0.224594
0.050359
0.157933
0.222674
0.094188
0.253875
0.204674
0.298801
0.212971
0.158936
0.198531
0.248179
0.145070
0.335041
0.140387
0.047161
0.378586
0.310624
0.236545
0.158208
0.220142
0.271009
0.150604
0.167317
0.298703
0.164395
0.168111
0.129489
0.204932
0.214404
0.087305
0.105639
0.060495
0.154001
0.105877
0.233991
0.185726
0.225009
0.130149
0.223400
0.248224
0.116436
0.127487
0.171498
0.077935
0.223209
0.159109
0.049838
0.249529
0.178482
0.152676
0.023120
0.342188
0.122519
0.185692
0.113227
0.348078
0.257186
0.182699
0.144313
0.129781
0.123681
0.101647
0.087223
0.110994
0.258392
0.130105
0.162916
0.355894
0.223690
0.071879
0.073920
0.275442
0.051855
0.181937
0.158737
0.151027
0.090261
0.325276
0.118567
0.112936
0.121810
0.058665
0.140724
0.275450
0.106254
0.170823
0.069277
0.282853
0.257484
0.212861
0.191534
0.080356
0.048186
0.108603
0.044317
0.192749
0.186732
0.167046
0.137617
0.390113
0.156449
0.108422
0.099990
0.208058
0.050156
0.338066
0.186450
0.191136
0.067825
0.199792
0.175230
0.004484
0.176177
0.164464
0.165689
0.224136
0.084380
0.147727
0.055754
0.267662
0.266853
0.160630
0.195888
0.038574
0.137847
0.099570
0.091659
0.248647
0.082238
0.191757
0.169792
0.287824
0.080206
0.158978
0.147074
0.096486
0.099809
0.298747
0.227100
0.181566
0.062474
0.070337
0.339443
0.169588
0.229958
0.200247
0.137154
0.264506
0.068638
0.134536
0.065188
0.173260
0.190215
0.116159
0.271521
0.074192
0.192054
0.123303
0.091935
0.248832
0.200828
0.168738
0.138987
0.171038
0.082800
0.121614
0.171573
0.175506
0.079194
0.189957
0.305045
0.120299
0.057042
0.209713
0.407920
0.299615
0.239933
0.207838
0.117685
0.319095
0.116940
0.102763
0.185028
0.136705
0.108728
0.114706
0.381663
0.233989
0.225781
0.141685
0.054403
0.135179
0.237587
0.092373
0.052002
0.103578
0.063153
0.105684
0.242535
0.194996
0.091546
0.140580
0.279393
0.027237
0.022268
0.332327
0.457575
0.263000
0.236583
0.209665
0.178369
0.318628
0.099717
0.135906
0.269910
0.140868
0.085675
0.046066
0.309268
0.330207
0.221871
0.109314
0.121147
0.151281
0.213403
0.232858
0.077762
0.094771
0.159310
0.156000
0.280673
0.160182
0.180647
0.163930
0.250636
0.116335
0.093536
0.212545
0.404565
0.214965
0.229796
0.213263
0.193211
0.229445
0.181532
0.125593
0.223883
0.150545
0.136340
0.116897
0.226531
0.326468
0.210849
0.045713
0.190763
0.154529
0.207089
0.175476
0.123452
0.161436
0.247823
0.199468
0.244263
0.045353
0.077350
0.164732
0.295415
0.080205
0.160859
0.065289
0.328143
0.163856
0.197683
0.153332
0.078107
0.131977
0.236437
0.124293
0.101425
0.037667
0.076988
0.119697
0.325204
0.338568
0.194482
0.047643
0.342581
0.133446
0.309183
0.160808
0.135718
0.155435
0.212241
0.154808
0.148547
0.148888
0.101980
0.127648
0.284856
0.044339
0.194283
0.094446
0.219629
0.133419
0.262382
0.077314
0.160731
0.141687
0.224430
0.200571
0.084767
0.084653
0.072780
0.101576
0.433559
0.309490
0.092802
0.228848
0.319303
0.129588
0.208515
0.227760
0.182692
0.147482
0.137904
0.098349
0.148994
0.283349
0.064197
0.084566
0.161281
0.126071
0.178563
0.130574
0.067677
0.175030
0.314267
0.150583
0.177120
0.222108
0.181180
0.128887
0.110444
0.162305
0.140079
0.170150
0.268546
0.150719
0.037572
0.346559
0.134473
0.054934
0.074015
0.236807
0.262737
0.235812
0.051837
0.073439
0.202706
0.367114
0.170278
0.021028
0.084683
0.117586
0.208188
0.083824
0.110849
0.179488
0.215557
0.308025
0.145620
0.201250
0.090097
0.156238
0.176844
0.231646
0.228985
0.233022
0.117042
0.132140
0.093211
0.287867
0.039859
0.192890
0.113420
0.219448
0.263011
0.334345
0.077196
0.089214
0.132537
0.287126
0.293466
0.146610
0.200285
0.122857
0.244651
0.229806
0.078827
0.147313
0.022277
0.340364
0.122612
0.074875
0.101521
0.235805
0.153863
0.198768
0.260429
0.126065
0.125680
0.149425
0.222767
0.263926
0.147816
0.158532
0.169773
0.155740
0.196917
0.245699
0.195431
0.096476
0.058483
0.197501
0.238518
0.159389
0.192100
0.123837
0.127797
0.262733
0.108989
0.052951
0.168185
0.190939
0.181151
0.020369
0.202206
0.164007
0.132312
0.092749
0.100873
0.083287
0.084742
0.123413
0.211405
0.269403
0.242756
0.123250
0.218315
0.049330
0.178362
0.068752
0.207617
0.088082
0.185277
0.079848
0.141802
0.125251
0.045911
0.158926
0.178065
0.182515
0.153165
0.293138
0.265926
0.156805
0.196868
0.089503
0.213168
0.068399
0.183139
0.125988
0.082789
0.274896
0.150939
0.144513
0.112958
0.244052
0.270155
0.035472
0.133374
0.180023
0.164447
0.215317
0.224387
0.069756
0.136976
0.022769
0.102655
0.200006
0.134530
0.254606
0.309953
0.165001
0.144754
0.337563
0.279044
0.130236
0.200509
0.191028
0.214046
0.026806
0.163496
0.199627
0.107150
0.443721
0.170803
0.159476
0.071694
0.147266
0.172260
0.119034
0.138809
0.266467
0.112623
0.261212
0.148311
0.176778
0.027854
0.051112
0.118701
0.300028
0.195922
0.216737
0.286704
0.248927
0.096807
0.305361
0.171620
0.049611
0.139883
0.246670
0.180029
0.138509
0.238162
0.280357
0.084260
0.519269
0.150595
0.127860
0.061828
0.135218
0.101558
0.175950
0.300507
0.322818
0.234152
0.200877
0.046362
0.335009
0.040221
0.076760
0.158468
0.312222
0.144830
0.215255
0.228850
0.230015
0.151597
0.256422
0.132287
0.174114
0.057127
0.213044
0.226550
0.268778
0.237406
0.282863
0.083852
0.483798
0.165275
0.256388
0.110818
0.131811
0.123245
0.108411
0.278897
0.351030
0.230407
0.186206
0.045656
0.421360
0.015304
0.108323
0.216289
0.265487
0.229489
0.285651
0.203696
0.095886
0.176553
0.172306
0.081128
0.275696
0.013319
0.134240
0.193845
0.306228
0.137354
0.094506
0.109725
0.324601
0.142376
0.346160
0.108991
0.116415
0.238556
0.045157
0.137995
0.197024
0.265247
0.155473
0.054802
0.336960
0.033183
0.099232
0.320097
0.248405
0.338027
0.349941
0.211970
0.128043
0.291500
0.039141
0.076038
0.291016
0.095445
0.080348
0.121756
0.232910
0.112330
0.098940
0.160057
0.177576
0.054577
0.315041
0.036257
0.123657
0.247804
0.054369
0.101559
0.153596
0.216043
0.181691
0.055747
0.372459
0.119935
0.204179
0.278053
0.241995
0.224138
0.304633
0.173660
0.162412
0.520672
0.186615
0.087894
0.278710
0.135681
0.083505
0.017206
0.169562
0.083390
0.160262
0.145951
0.165755
0.126682
0.331390
0.006022
0.165973
0.227965
0.042587
0.115533
0.240387
0.156286
0.146992
0.136472
0.324219
0.081558
0.306773
0.232906
0.126215
0.090022
0.192218
0.086699
0.196648
0.541352
0.298163
0.036831
0.225896
0.154313
0.241854
0.066118
0.135660
0.014687
0.184675
0.138968
0.230771
0.225785
0.347478
0.124167
0.112488
0.136742
0.114763
0.217525
0.172393
0.015230
0.127609
0.216526
0.166545
0.054210
0.229381
0.235947
0.184475
0.204559
0.120981
0.028376
0.242836
0.339574
0.376710
0.040742
0.226195
0.151941
0.227920
0.072891
0.060998
0.183174
0.188324
0.184513
0.372969
0.306975
0.251460
0.173110
0.135117
0.099280
0.181141
0.256001
0.057643
0.133826
0.149784
0.179365
0.185020
0.190017
0.116247
0.214372
0.213474
0.202895
0.113510
0.099127
0.332709
0.131044
0.359102
0.090334
0.206959
0.079476
0.187378
0.074551
0.146656
0.238400
0.194913
0.172473
0.352293
0.311387
0.180718
0.035052
0.216385
0.233439
0.097845
0.235114
0.129219
0.050324
0.198087
0.129282
0.344720
0.294352
0.038930
0.097170
0.143949
0.251871
0.094142
0.143928
0.391362
0.130055
0.252204
0.108218
0.185929
0.162846
0.158689
0.091235
0.209572
0.121546
0.168205
0.078111
0.217217
0.279770
0.148445
0.147310
0.110289
0.346982
0.055321
0.213918
0.213764
0.094956
0.245163
0.095847
0.368837
0.291404
0.025678
0.091411
0.204825
0.310582
0.087156
0.076402
0.328437
0.180121
0.154440
0.088001
0.179221
0.178343
0.125132
0.114322
0.238625
0.115184
0.278166
0.101646
0.191085
0.238793
0.080053
0.113156
0.126586
0.383564
0.091481
0.102603
0.186216
0.081103
0.237449
0.052107
0.369008
0.211004
0.160934
0.140561
0.228198
0.264613
0.100132
0.106168
0.141369
0.081685
0.132427
0.129128
0.110826
0.127707
0.090764
0.095508
0.320887
0.119484
0.328360
0.170905
0.233480
0.112917
0.094810
0.140091
0.054620
0.252424
0.094428
0.188203
0.066723
0.087797
0.202245
0.098293
0.294879
0.135234
0.135501
0.181500
0.191232
0.109472
0.078508
0.142494
0.185317
0.027474
0.209601
0.119163
0.128902
0.086366
0.043404
0.095036
0.322324
0.064369
0.306640
0.149746
0.143021
0.120837
0.298812
0.194250
0.137797
0.073082
0.083708
0.143088
0.032186
0.117714
0.065463
0.105322
0.209581
0.124967
0.162237
0.142922
0.099581
0.192618
0.175357
0.119193
0.381911
0.110209
0.261727
0.120126
0.221507
0.098115
0.109922
0.186051
0.292558
0.061301
0.213064
0.197748
0.038547
0.195438
0.422302
0.191527
0.192469
0.075878
0.054339
0.164856
0.007237
0.041951
0.120368
0.228227
0.160571
0.149286
0.135630
0.102680
0.082457
0.377824
0.300607
0.113530
0.445085
0.239696
0.294059
0.155263
0.295133
0.091307
0.179452
0.185707
0.095941
0.198919
0.166712
0.216345
0.180256
0.206003
0.335996
0.138566
0.136013
0.086506
0.080620
0.221613
0.072236
0.159713
0.121414
0.174673
0.113302
0.152742
0.053436
0.074761
0.088395
0.449294
0.375810
0.209918
0.423512
0.377607
0.269565
0.232471
0.287268
0.079866
0.176467
0.114061
0.122389
0.179085
0.192730
0.112168
0.145201
0.254174
0.202200
0.148698
0.199652
0.162609
0.106323
0.230046
0.204618
0.165497
0.046757
0.125248
0.089809
0.244838
0.120729
0.104530
0.114110
0.435235
0.325791
0.258550
0.373318
0.337334
0.235432
0.194043
0.237664
0.099404
0.128115
0.081875
0.135865
0.090065
0.196338
0.180555
0.032463
0.300441
0.059923
0.147198
0.252253
0.198200
0.025234
0.156587
0.274317
0.074618
0.048475
0.247027
0.138863
0.316416
0.189463
0.071259
0.163103
0.340979
0.326209
0.137324
0.263209
0.171062
0.241472
0.106706
0.163268
0.127962
0.125978
0.100875
0.147449
0.189005
0.155773
0.202295
0.074946
0.243139
0.114778
0.002448
0.279502
0.202590
0.177037
0.062560
0.269853
0.077456
0.089703
0.161966
0.183098
0.254699
0.151842
0.071098
0.163171
0.180643
0.343544
0.098471
0.159166
0.054610
0.154910
0.095453
0.178999
0.095215
0.128934
0.015402
0.204148
0.269923
0.100371
0.279471
0.106816
0.117336
0.189330
0.153541
0.214766
0.151678
0.332456
0.088855
0.267654
0.114216
0.149598
0.138384
0.256195
0.241670
0.035357
0.110221
0.147643
0.084196
0.295291
0.106270
0.145900
0.084050
0.178502
0.177387
0.158591
0.093749
0.160557
0.090068
0.305356
0.194267
0.189918
0.307987
0.164894
0.160487
0.216336
0.131248
0.137871
0.137200
0.284662
0.170186
0.294568
0.197708
0.081487
0.143441
0.256552
0.196105
0.114530
0.223583
0.130930
0.078652
0.186913
0.083171
0.277472
0.223665
0.219756
0.158586
0.100701
0.082038
0.173643
0.085071
0.307366
0.166865
0.208906
0.258327
0.059512
0.206113
0.231993
0.055267
0.062919
0.116615
0.191449
0.312750
0.267914
0.316558
0.117421
0.101049
0.101437
0.122379
0.201802
0.317025
0.143599
0.252143
0.026173
0.143718
0.353544
0.355829
0.164046
0.094322
0.110403
0.123540
0.208346
0.068782
0.129386
0.245964
0.249825
0.208753
0.137566
0.282235
0.228513
0.078332
0.062924
0.108947
0.199882
0.370084
0.224469
0.333123
0.221316
0.136771
0.139952
0.083940
0.224067
0.229380
0.059008
0.472784
0.129675
0.171698
0.296251
0.495165
0.149473
0.121468
0.117804
0.172225
0.206388
0.069021
0.211319
0.264801
0.195180
0.063184
0.241026
0.295860
0.209640
0.196572
0.146135
0.109497
0.213412
0.298491
0.110835
0.198097
0.238740
0.215899
0.200251
0.053450
0.172214
0.144548
0.109021
0.512814
0.106707
0.099974
0.282489
0.439857
0.192423
0.081635
0.163138
0.159395
0.132664
0.068482
0.203789
0.201368
0.104738
0.181859
0.279703
0.209944
0.157273
0.248214
0.165005
0.142606
0.212245
0.090008
0.174602
0.037603
0.250997
0.171489
0.154197
0.122644
0.026338
0.093883
0.160814
0.378150
0.076233
0.071313
0.308122
0.141523
0.229807
0.095110
0.167763
0.107576
0.128259
0.082354
0.077807
0.145754
0.090723
0.274487
0.339933
0.058900
0.068064
0.202081
0.158916
0.213027
0.088124
0.187403
0.270423
0.031307
0.327175
0.078513
0.110358
0.226381
0.135665
0.183846
0.084104
0.269632
0.133649
0.067906
0.189522
0.045849
0.147557
0.109368
0.146640
0.159910
0.143749
0.065625
0.147271
0.177712
0.076488
0.236407
0.448048
0.087827
0.127002
0.155202
0.126271
0.274542
0.127947
0.211140
0.222391
0.077873
0.334387
0.110417
0.078777
0.333687
0.075004
0.130813
0.075211
0.179546
0.183675
0.036939
0.100342
0.096819
0.104898
0.313528
0.110136
0.210653
0.188340
0.033094
0.148133
0.165740
0.037784
0.127101
0.454692
0.087568
0.215514
0.066822
0.138462
0.218844
0.254457
0.137862
0.199771
0.110168
0.182114
0.061018
0.196634
0.348106
0.118383
0.066155
0.124911
0.116764
0.199087
0.119700
0.122157
0.156397
0.250361
0.318075
0.137525
0.166271
0.176352
0.085694
0.031093
0.181422
0.155963
0.039986
0.360581
0.075673
0.193075
0.043390
0.139183
0.108846
0.281289
0.112058
0.213382
0.048187
0.094926
0.199926
0.333441
0.273705
0.087638
0.037769
0.103559
0.027450
0.134476
0.184180
0.190709
0.143971
0.241864
0.210531
0.120066
0.155358
0.023619
0.099271
0.173853
0.050096
0.223638
0.173655
0.244546
0.102778
0.173797
0.114794
0.149238
0.096988
0.233122
0.096901
0.243905
0.037614
0.127708
0.273562
0.417102
0.178895
0.020012
0.050549
0.079444
0.114131
0.096457
0.193454
0.196379
0.198409
0.148045
0.055451
0.100352
0.081845
0.125689
0.198781
0.192371
0.026082
0.136866
0.255445
0.185074
0.182224
0.197788
0.032123
0.162210
0.162586
0.086985
0.025359
0.198715
0.053086
0.145364
0.167801
0.411209
0.137279
0.071996
0.082737
0.089100
0.197117
0.073340
0.127464
0.221633
0.128929
0.105417
0.181380
0.106255
0.112049
0.144557
0.256518
0.119274
0.070519
0.053427
0.259872
0.200115
0.196257
0.183839
0.079214
0.105674
0.188966
0.110686
0.125704
0.182636
0.009971
0.231958
0.176664
0.251945
0.135217
0.142236
0.146514
0.018025
0.303237
0.037746
0.069621
0.232167
0.081300
0.097155
0.231243
0.130114
0.123318
0.049461
0.220914
0.079205
0.179256
0.046006
0.179041
0.142667
0.061385
0.164296
0.137217
0.131685
0.028426
0.208605
0.239052
0.139911
0.040657
0.373563
0.259030
0.099132
0.116045
0.178055
0.119471
0.070299
0.373949
0.135505
0.198497
0.199093
0.133536
0.065079
0.205482
0.078967
0.135934
0.070287
0.303298
0.095145
0.143621
0.088391
0.099625
0.200363
0.187293
0.062361
0.156650
0.117713
0.232844
0.341316
0.126282
0.146507
0.155727
0.341548
0.253603
0.033395
0.015342
0.124287
0.090301
0.088125
0.359417
0.202390
0.157487
0.138126
0.208082
0.083581
0.140025
0.064864
0.029993
0.098936
0.348323
0.098744
0.101277
0.070569
0.096019
0.168777
0.251571
0.175183
0.157187
0.124266
0.259652
0.263360
0.021823
0.125375
0.174330
0.207416
0.205175
0.167631
0.136230
0.054608
0.135122
0.036599
0.215805
0.318116
0.072672
0.067384
0.152864
0.108344
0.165967
0.135559
0.044078
0.016932
0.301604
0.116370
0.014853
0.039251
0.155017
0.311017
0.242616
0.128858
0.173773
0.171082
0.177099
0.134752
0.017981
0.084537
0.171697
0.074395
0.056436
0.265753
0.142744
0.038489
0.205273
0.205879
0.049640
0.354512
0.037214
0.033995
0.007631
0.110586
0.181251
0.239534
0.064032
0.141832
0.208930
0.195892
0.035108
0.114526
0.131658
0.382694
0.159235
0.049540
0.173963
0.189214
0.168081
0.096914
0.090169
0.170171
0.289272
0.077589
0.037195
0.195069
0.151610
0.097817
0.240975
0.260555
0.071124
0.206847
0.133804
0.125844
0.008511
0.100084
0.219864
0.259913
0.187186
0.139180
0.143870
0.195710
0.054391
0.246701
0.008808
0.217891
0.212973
0.120899
0.042925
0.073672
0.085289
0.042866
0.230812
0.233165
0.171251
0.158797
0.099933
0.158944
0.200365
0.170684
0.212635
0.286583
0.126991
0.171131
0.193790
0.218770
0.101259
0.141491
0.320966
0.113716
0.189377
0.085838
0.320775
0.174619
0.071860
0.177902
0.074292
0.030714
0.216238
0.170202
0.178145
0.157719
0.049458
0.028327
0.267847
0.312109
0.100478
0.332303
0.105678
0.261669
0.227787
0.119894
0.221619
0.226135
0.213416
0.092988
0.074176
0.127943
0.128069
0.226330
0.278810
0.073277
0.147559
0.072532
0.379009
0.215409
0.064926
0.095448
0.146562
0.095230
0.240015
0.078802
0.217802
0.218120
0.101520
0.072767
0.320710
0.252630
0.120425
0.416739
0.241884
0.294245
0.129956
0.035338
0.227324
0.194962
0.196321
0.066665
0.078442
0.119717
0.089038
0.261920
0.208466
0.091292
0.253869
0.105760
0.303962
0.138512
0.093279
0.091364
0.135465
0.186797
0.100267
0.036007
0.191000
0.152731
0.158276
0.119238
0.318616
0.134577
0.066428
0.300631
0.353633
0.173650
0.071403
0.110154
0.110630
0.177040
0.119286
0.126253
0.088045
0.145693
0.192074
0.252102
0.065226
0.106203
0.280360
0.166906
0.206894
0.130792
0.055857
0.115030
0.130439
0.244504
0.184129
0.056770
0.121198
0.123935
0.181406
0.190004
0.193189
0.013161
0.111033
0.328773
0.307680
0.128915
0.075115
0.052831
0.120000
0.131860
0.111776
0.227455
0.111843
0.073213
0.325117
0.244686
0.050986
0.119021
0.257351
0.197178
0.206249
0.013959
0.083921
0.087791
0.128570
0.240391
0.260804
0.106378
0.119488
0.096477
0.150948
0.151289
0.126130
0.153640
0.225638
0.285505
0.224470
0.202823
0.106854
0.075293
0.208471
0.028923
0.206270
0.277215
0.136626
0.013983
0.204694
0.163053
0.094147
0.085926
0.160151
0.155039
0.207350
0.141045
0.133618
0.077429
0.206382
0.275654
0.207016
0.105444
0.170892
0.209239
0.128239
0.036750
0.122051
0.237153
0.244127
0.263560
0.159469
0.222534
0.150841
0.165999
0.190614
0.158226
0.228736
0.228939
0.070296
0.028663
0.053016
0.113289
0.216385
0.154460
0.124435
0.103369
0.097559
0.196244
0.222446
0.117250
0.169087
0.267716
0.096303
0.070865
0.118111
0.202095
0.192395
0.195746
0.174770
0.188314
0.163728
0.213633
0.037369
0.293996
