# G_4, p = 1.0000 GPa (dir_10000.0_bar).
# 6MR distortion Gamma = (1/2)(max - min) over the three opposite-O diagonals.
# 32 rings x 101 frames = 3232 samples.
# Column: per-6MR Gamma [A]
0.000597
0.000679
0.000603
0.000679
0.000565
0.000647
0.000576
0.000658
0.000597
0.000658
0.000611
0.000658
0.000634
0.000675
0.000644
0.000679
0.000997
0.000817
0.001008
0.000817
0.001008
0.000817
0.000997
0.000839
0.001018
0.000806
0.001014
0.000817
0.001044
0.000828
0.001046
0.000839
0.144010
0.130634
0.040067
0.083146
0.082912
0.128947
0.150674
0.095841
0.061270
0.105903
0.127769
0.036412
0.064337
0.166991
0.086118
0.166718
0.227763
0.087588
0.090848
0.038200
0.053869
0.318100
0.060574
0.081624
0.082310
0.089616
0.072878
0.032957
0.108389
0.104750
0.088342
0.053103
0.383062
0.209133
0.154756
0.139982
0.074523
0.155898
0.259045
0.200610
0.033101
0.146759
0.176391
0.103862
0.178039
0.351593
0.129552
0.295201
0.333728
0.135972
0.242936
0.043788
0.030848
0.520968
0.076700
0.170467
0.057502
0.100272
0.134325
0.154536
0.203812
0.115267
0.103536
0.224289
0.485894
0.312488
0.265765
0.208906
0.088600
0.173169
0.278535
0.158671
0.197131
0.055232
0.089134
0.119205
0.260246
0.292366
0.232657
0.368954
0.303688
0.152785
0.414055
0.004709
0.088560
0.514324
0.133815
0.232933
0.041659
0.052609
0.147712
0.333693
0.260806
0.080890
0.028377
0.374387
0.522173
0.384850
0.243168
0.247218
0.120134
0.211443
0.298238
0.091784
0.316784
0.211945
0.025298
0.139568
0.299122
0.106695
0.395851
0.309892
0.291062
0.099449
0.379755
0.104335
0.177409
0.505080
0.210558
0.290583
0.067431
0.149905
0.151274
0.407394
0.290865
0.113622
0.116830
0.351705
0.487502
0.357755
0.200118
0.301353
0.165790
0.331129
0.315498
0.099437
0.379623
0.213317
0.084745
0.205270
0.241483
0.085456
0.527110
0.289737
0.304248
0.103926
0.299301
0.166893
0.134985
0.514310
0.160612
0.311930
0.034080
0.187042
0.047907
0.392818
0.307248
0.097535
0.173515
0.268205
0.303736
0.259943
0.284305
0.341245
0.295934
0.315437
0.244626
0.193044
0.391084
0.202977
0.118879
0.241395
0.182991
0.118631
0.548354
0.309249
0.311440
0.161343
0.288258
0.117736
0.124647
0.412380
0.069901
0.313175
0.057264
0.102436
0.154546
0.366902
0.269281
0.069022
0.171515
0.218155
0.076110
0.305389
0.223131
0.328755
0.303364
0.190718
0.083103
0.312251
0.348028
0.192935
0.107313
0.226036
0.220703
0.160974
0.472184
0.231775
0.196405
0.155376
0.217530
0.086510
0.156386
0.236068
0.091145
0.284930
0.143304
0.126344
0.172308
0.307532
0.220832
0.066147
0.082673
0.101421
0.076938
0.363862
0.208323
0.221027
0.242639
0.199946
0.111096
0.276774
0.280041
0.173138
0.047766
0.195385
0.235435
0.193590
0.364749
0.070848
0.244894
0.053728
0.275789
0.053220
0.124683
0.057104
0.183536
0.286784
0.207495
0.200568
0.102014
0.158000
0.143483
0.074788
0.033839
0.079398
0.131064
0.280607
0.227090
0.184322
0.155427
0.254990
0.179492
0.171158
0.241522
0.180950
0.101479
0.282616
0.278057
0.273355
0.143687
0.155397
0.337884
0.109047
0.262352
0.103563
0.045694
0.136281
0.302399
0.268900
0.273076
0.187108
0.025337
0.063634
0.013602
0.107193
0.018852
0.313182
0.211113
0.160561
0.152897
0.156441
0.095844
0.247831
0.202347
0.077845
0.265056
0.271512
0.059174
0.246942
0.254895
0.282486
0.084152
0.242723
0.380605
0.223202
0.160488
0.096021
0.095806
0.233597
0.423886
0.273588
0.269225
0.140405
0.038804
0.170748
0.173837
0.080771
0.032680
0.444833
0.291254
0.097096
0.086019
0.132991
0.012603
0.220262
0.268317
0.107403
0.225324
0.244459
0.153429
0.081888
0.240020
0.255198
0.180538
0.296951
0.340530
0.220000
0.125992
0.095956
0.154214
0.237761
0.335968
0.196596
0.223620
0.101614
0.110786
0.238244
0.251157
0.114001
0.035185
0.345953
0.281641
0.224088
0.180725
0.131243
0.102105
0.148641
0.313911
0.210138
0.088258
0.167118
0.177701
0.029052
0.252308
0.296646
0.236735
0.269705
0.223533
0.242748
0.097270
0.029328
0.180835
0.200249
0.131735
0.220022
0.144236
0.184255
0.109859
0.129134
0.171754
0.180597
0.005815
0.130700
0.199827
0.264993
0.262342
0.119399
0.130367
0.099145
0.268657
0.218345
0.132282
0.115519
0.156278
0.089589
0.290767
0.258043
0.207564
0.297997
0.102655
0.246594
0.098009
0.134478
0.223217
0.204201
0.196139
0.240096
0.142530
0.299863
0.110993
0.045978
0.150196
0.169098
0.037938
0.062229
0.062956
0.199934
0.254526
0.165119
0.114726
0.157302
0.219262
0.145579
0.348751
0.188475
0.079308
0.200582
0.257302
0.163421
0.142653
0.278627
0.041591
0.184109
0.215948
0.251648
0.242346
0.219731
0.348003
0.232427
0.190115
0.324142
0.293033
0.103120
0.236118
0.224115
0.055443
0.099551
0.140439
0.106906
0.314509
0.334764
0.120826
0.174249
0.157819
0.108444
0.438069
0.222185
0.124119
0.302654
0.216829
0.112324
0.138781
0.283447
0.173394
0.124256
0.188368
0.155721
0.247046
0.201406
0.407410
0.252301
0.286185
0.328712
0.330090
0.167959
0.249848
0.223483
0.020872
0.108285
0.170212
0.082390
0.334854
0.433779
0.143934
0.176249
0.165586
0.186698
0.393102
0.191130
0.199117
0.220722
0.161965
0.180080
0.204843
0.261236
0.288024
0.095314
0.110318
0.191465
0.311629
0.204015
0.383672
0.306924
0.251437
0.318197
0.263264
0.213520
0.184104
0.246987
0.096855
0.118529
0.079620
0.096046
0.240520
0.412508
0.160786
0.167712
0.169493
0.255638
0.359701
0.167971
0.243514
0.121902
0.068232
0.192149
0.250420
0.192185
0.278086
0.135781
0.069901
0.359529
0.309149
0.193374
0.316082
0.324652
0.183582
0.282207
0.177577
0.205272
0.179646
0.271628
0.147662
0.102830
0.045071
0.222987
0.108189
0.295980
0.179013
0.093713
0.135443
0.230499
0.308249
0.037546
0.246322
0.242305
0.058002
0.212581
0.245176
0.081406
0.191375
0.209816
0.145141
0.359468
0.247171
0.161951
0.304992
0.367074
0.153082
0.168664
0.063048
0.157837
0.203223
0.279825
0.083724
0.095184
0.129496
0.269162
0.061874
0.095285
0.157758
0.119563
0.071920
0.196789
0.236628
0.146778
0.186159
0.272647
0.135701
0.295402
0.218211
0.127698
0.078922
0.341044
0.189677
0.346828
0.115451
0.156170
0.287057
0.292090
0.144259
0.048726
0.014473
0.159463
0.228174
0.253911
0.144223
0.120095
0.175029
0.381308
0.130759
0.089594
0.102122
0.146822
0.094050
0.235108
0.181255
0.242839
0.114535
0.210944
0.276884
0.398866
0.263662
0.178765
0.087856
0.343682
0.147592
0.292046
0.010212
0.250693
0.222788
0.173917
0.236318
0.106558
0.032412
0.174095
0.162978
0.148320
0.073505
0.099148
0.230023
0.437426
0.192249
0.115220
0.093241
0.325630
0.152455
0.311368
0.075611
0.301183
0.216185
0.171518
0.336029
0.474248
0.312344
0.212423
0.099091
0.228758
0.218091
0.198870
0.104106
0.396165
0.155349
0.116013
0.273419
0.196032
0.057580
0.137084
0.220242
0.095214
0.133422
0.054473
0.272198
0.432631
0.196576
0.052117
0.118640
0.431571
0.271693
0.330706
0.083539
0.340309
0.260027
0.144600
0.188824
0.363597
0.303106
0.332380
0.048485
0.101093
0.263593
0.063453
0.203684
0.342445
0.203298
0.132785
0.173001
0.336992
0.196800
0.088923
0.284068
0.072563
0.247622
0.085285
0.297251
0.407638
0.208246
0.159962
0.084932
0.387905
0.320738
0.276097
0.095987
0.277785
0.248283
0.089043
0.037863
0.149968
0.234823
0.434439
0.068452
0.106933
0.195575
0.109100
0.207940
0.225076
0.264616
0.165325
0.048818
0.393469
0.267988
0.039869
0.249844
0.011951
0.264210
0.115353
0.279003
0.203811
0.144204
0.294267
0.029439
0.285330
0.168357
0.294718
0.150472
0.112715
0.179510
0.030698
0.125821
0.049831
0.212157
0.384384
0.156787
0.266913
0.117807
0.257519
0.137538
0.173694
0.359985
0.235923
0.028623
0.313175
0.204336
0.023663
0.077657
0.051744
0.280259
0.155187
0.288214
0.206844
0.086226
0.270384
0.253662
0.140504
0.048152
0.281309
0.181570
0.122904
0.161206
0.180214
0.197215
0.021230
0.297050
0.313159
0.229642
0.393591
0.106418
0.349093
0.135584
0.128809
0.387215
0.194756
0.092919
0.246956
0.142716
0.061426
0.171808
0.130945
0.158133
0.191753
0.249687
0.310853
0.125101
0.136903
0.450450
0.106430
0.129317
0.187294
0.147167
0.185008
0.108020
0.301752
0.256344
0.110495
0.398876
0.232239
0.225575
0.400104
0.101483
0.378564
0.125261
0.099286
0.349815
0.155711
0.191635
0.149711
0.275916
0.119128
0.297857
0.194991
0.137104
0.368442
0.145536
0.401768
0.213650
0.081139
0.494810
0.210808
0.120458
0.190533
0.110326
0.199713
0.044231
0.305873
0.297771
0.175717
0.391975
0.148096
0.162483
0.305503
0.105692
0.419559
0.109680
0.159874
0.257018
0.133660
0.218839
0.050821
0.429590
0.226428
0.273560
0.071407
0.110327
0.511233
0.174787
0.384869
0.295547
0.089132
0.442692
0.236827
0.078173
0.185620
0.120279
0.199619
0.078304
0.249058
0.266078
0.134814
0.273321
0.207667
0.113003
0.226964
0.153844
0.451191
0.133157
0.271463
0.229791
0.092892
0.198231
0.199273
0.369758
0.253226
0.204766
0.057660
0.089939
0.428283
0.312248
0.309702
0.246938
0.154599
0.228233
0.210675
0.065074
0.133650
0.078256
0.192184
0.163752
0.178253
0.254189
0.140884
0.280236
0.244740
0.065715
0.093882
0.244387
0.341408
0.116935
0.311260
0.247391
0.022911
0.147430
0.260407
0.165484
0.130260
0.097026
0.163987
0.123813
0.277239
0.412048
0.275991
0.152535
0.260632
0.105009
0.194538
0.081814
0.242795
0.037289
0.171754
0.173879
0.189119
0.170272
0.163894
0.286477
0.156190
0.077218
0.162352
0.240200
0.098880
0.251885
0.214887
0.216615
0.028460
0.153176
0.237953
0.302032
0.169471
0.084426
0.237763
0.114775
0.159193
0.305101
0.259779
0.041215
0.283483
0.221388
0.203525
0.033409
0.329736
0.088288
0.223248
0.137747
0.193815
0.061283
0.158325
0.291867
0.056428
0.157331
0.167573
0.164043
0.164875
0.298861
0.097381
0.111196
0.101980
0.134121
0.206696
0.392540
0.188559
0.109736
0.293741
0.075767
0.145110
0.172098
0.162417
0.089099
0.134543
0.236167
0.235033
0.045399
0.217079
0.097425
0.190353
0.066877
0.095299
0.094281
0.137839
0.240595
0.045716
0.214449
0.204572
0.102165
0.249820
0.300359
0.098692
0.073944
0.244928
0.121670
0.185143
0.301147
0.278141
0.136374
0.313523
0.098201
0.295272
0.138521
0.160094
0.186279
0.051447
0.170156
0.202637
0.089886
0.047615
0.113862
0.147655
0.089902
0.030398
0.250732
0.077467
0.168201
0.074896
0.230345
0.321852
0.052660
0.265488
0.193176
0.134513
0.081964
0.315838
0.095948
0.217898
0.145637
0.315157
0.240670
0.219201
0.225502
0.350228
0.116939
0.128518
0.261398
0.256615
0.157193
0.192910
0.168057
0.133033
0.151573
0.138603
0.106583
0.073704
0.357227
0.131052
0.159653
0.042830
0.228912
0.385681
0.019547
0.197187
0.109713
0.146373
0.134713
0.246421
0.055983
0.214820
0.131939
0.340047
0.279294
0.155443
0.387791
0.310251
0.106204
0.096274
0.206027
0.341068
0.193326
0.160747
0.168006
0.129061
0.155654
0.164869
0.041386
0.077744
0.238820
0.158293
0.266602
0.019400
0.209634
0.440755
0.045113
0.098924
0.201540
0.085371
0.219083
0.152670
0.040824
0.118375
0.145094
0.275513
0.260602
0.114052
0.464833
0.321440
0.097918
0.120768
0.140819
0.267644
0.236734
0.185152
0.158215
0.074369
0.158023
0.095122
0.082353
0.085319
0.084294
0.131804
0.352338
0.080209
0.178756
0.388437
0.144982
0.138358
0.236370
0.141839
0.164569
0.155170
0.159437
0.103411
0.087754
0.214330
0.242219
0.083574
0.352499
0.250266
0.047607
0.153739
0.315849
0.207488
0.256118
0.233666
0.116112
0.129980
0.084506
0.051403
0.171763
0.051123
0.204736
0.157736
0.357353
0.239176
0.145373
0.316832
0.149704
0.133167
0.194273
0.139417
0.127516
0.256176
0.281903
0.150952
0.069924
0.146810
0.212439
0.109592
0.243758
0.136895
0.008877
0.170903
0.399431
0.199950
0.221247
0.203333
0.058377
0.250632
0.113062
0.249630
0.165844
0.099641
0.294452
0.144660
0.258292
0.290111
0.134521
0.256088
0.048666
0.111050
0.069888
0.042433
0.199682
0.251147
0.343992
0.130465
0.119330
0.062331
0.139453
0.216700
0.096138
0.231883
0.022215
0.084921
0.328933
0.200399
0.208630
0.179263
0.212561
0.278663
0.311915
0.389930
0.103166
0.177174
0.253474
0.251036
0.221456
0.226846
0.129838
0.271434
0.066774
0.111866
0.064491
0.192039
0.227380
0.153115
0.359740
0.152902
0.166882
0.099102
0.232581
0.239480
0.160440
0.371666
0.123203
0.265274
0.253617
0.237066
0.210862
0.281541
0.298549
0.186941
0.340926
0.419622
0.034242
0.187201
0.207235
0.358959
0.205613
0.183091
0.138191
0.300636
0.188970
0.098210
0.117373
0.234276
0.299142
0.081784
0.329963
0.201233
0.236006
0.199814
0.241386
0.208923
0.213817
0.379155
0.286514
0.303179
0.331913
0.242447
0.293071
0.353181
0.364950
0.101433
0.221871
0.397451
0.074146
0.184023
0.255266
0.223043
0.174389
0.177281
0.065709
0.283484
0.298566
0.070814
0.135734
0.083154
0.349895
0.040282
0.295043
0.269322
0.263159
0.161304
0.243335
0.120521
0.200076
0.267754
0.350113
0.283759
0.310918
0.176759
0.361979
0.197789
0.386682
0.106953
0.154567
0.312665
0.129455
0.159971
0.167932
0.052148
0.182454
0.177291
0.144017
0.259544
0.337833
0.136932
0.112005
0.178146
0.331971
0.100224
0.155716
0.207169
0.218920
0.105073
0.171662
0.112492
0.137081
0.160388
0.355372
0.289424
0.090064
0.072987
0.400008
0.099094
0.303555
0.103940
0.125999
0.216888
0.170644
0.101194
0.089401
0.214872
0.219488
0.204652
0.269035
0.267811
0.384468
0.205367
0.146177
0.291329
0.262285
0.094923
0.037783
0.050579
0.143670
0.052575
0.068164
0.115835
0.190899
0.106066
0.269261
0.348450
0.198968
0.071083
0.360485
0.106307
0.126559
0.128061
0.183429
0.116788
0.179638
0.232339
0.109599
0.253439
0.225756
0.212145
0.288226
0.187561
0.319170
0.292257
0.125134
0.200075
0.198856
0.130280
0.098220
0.181982
0.136935
0.103494
0.178433
0.096047
0.216594
0.086259
0.117992
0.362679
0.272303
0.126265
0.281822
0.099279
0.041519
0.251266
0.228549
0.132946
0.253788
0.278881
0.062824
0.268750
0.200394
0.158457
0.247091
0.143911
0.171319
0.250558
0.066448
0.165752
0.077022
0.133501
0.240575
0.295954
0.064873
0.233773
0.192391
0.164563
0.159763
0.034901
0.063981
0.239525
0.298254
0.125179
0.156945
0.172059
0.051332
0.326075
0.198686
0.251888
0.178343
0.232568
0.113345
0.307771
0.114937
0.106649
0.138872
0.180013
0.154489
0.234103
0.124370
0.181209
0.315825
0.165615
0.282213
0.361086
0.072528
0.267268
0.158169
0.225452
0.058613
0.035386
0.087615
0.101641
0.296882
0.105412
0.051777
0.291798
0.075933
0.326535
0.103235
0.278643
0.152980
0.193835
0.122485
0.293014
0.037089
0.092940
0.103245
0.157076
0.258988
0.207691
0.157906
0.122936
0.427288
0.187566
0.209836
0.332214
0.042314
0.143814
0.086661
0.150544
0.062722
0.093365
0.280792
0.215197
0.206958
0.168623
0.193701
0.316293
0.122126
0.381492
0.094046
0.248957
0.170212
0.194576
0.082455
0.259091
0.100300
0.147776
0.211032
0.094586
0.241601
0.128172
0.124720
0.189083
0.376328
0.252546
0.168691
0.148352
0.145708
0.114860
0.030644
0.191501
0.106299
0.143086
0.449614
0.317469
0.105376
0.204149
0.196073
0.305299
0.148778
0.384845
0.237159
0.179033
0.124801
0.204151
0.118239
0.230956
0.111538
0.234007
0.124810
0.093368
0.209598
0.051237
0.118424
0.270698
0.336878
0.289789
0.098159
0.147009
0.366174
0.185537
0.075009
0.229019
0.037780
0.269903
0.471335
0.283563
0.093356
0.253324
0.162810
0.271331
0.202887
0.213110
0.322168
0.111020
0.207985
0.133860
0.090274
0.192179
0.123253
0.309887
0.177207
0.107047
0.169009
0.201908
0.056359
0.249487
0.239129
0.285643
0.071012
0.230041
0.501724
0.096169
0.143606
0.127900
0.039689
0.384194
0.396761
0.249123
0.201022
0.194446
0.229011
0.206607
0.189490
0.157173
0.352433
0.088291
0.330646
0.134919
0.124215
0.113263
0.177703
0.341504
0.186886
0.051978
0.214684
0.203385
0.238489
0.267171
0.109644
0.285620
0.147821
0.218386
0.348886
0.096578
0.158247
0.035822
0.115515
0.433996
0.326831
0.190113
0.234169
0.109744
0.305922
0.131978
0.210779
0.113262
0.236677
0.030426
0.412072
0.229160
0.123046
0.147064
0.207774
0.232649
0.173923
0.135873
0.249045
0.176460
0.438601
0.241237
0.023380
0.352094
0.180250
0.103213
0.070025
0.074133
0.135291
0.098376
0.182224
0.358727
0.264333
0.115345
0.227449
0.043460
0.389451
0.101875
0.217577
0.282980
0.068078
0.097630
0.381419
0.419104
0.105419
0.313507
0.187053
0.113145
0.239938
0.201077
0.287890
0.204534
0.341303
0.112650
0.078286
0.323039
0.153624
0.155027
0.076359
0.049508
0.153432
0.065315
0.224963
0.260138
0.132399
0.174080
0.259303
0.070903
0.425023
0.099348
0.120222
0.416393
0.012886
0.158887
0.190402
0.482803
0.145207
0.380371
0.189399
0.190297
0.185650
0.099072
0.346408
0.202741
0.164422
0.067291
0.149503
0.207028
0.176514
0.296863
0.079096
0.113323
0.137508
0.147007
0.210827
0.182209
0.154517
0.148143
0.303839
0.188593
0.367354
0.064744
0.058324
0.373755
0.092034
0.247632
0.138625
0.391985
0.127524
0.301605
0.123233
0.195865
0.040735
0.025959
0.371473
0.064881
0.122030
0.133928
0.267026
0.159846
0.311026
0.274246
0.035814
0.133941
0.209230
0.169554
0.185233
0.125938
0.251436
0.094826
0.186948
0.275793
0.203879
0.116120
0.084633
0.310965
0.206773
0.305630
0.278157
0.171498
0.053908
0.149857
0.015432
0.196913
0.103232
0.061707
0.302442
0.137957
0.136996
0.073204
0.265259
0.073966
0.339121
0.154782
0.056133
0.150738
0.227643
0.119071
0.182530
0.108480
0.317125
0.112839
0.149712
0.257446
0.063388
0.154629
0.187553
0.318450
0.209348
0.315449
0.285101
0.066382
0.043202
0.064208
0.203992
0.164209
0.169196
0.084249
0.160618
0.278000
0.186682
0.030899
0.174124
0.142395
0.256169
0.045218
0.049132
0.094419
0.070703
0.055123
0.123988
0.199139
0.214992
0.187003
0.241332
0.202103
0.292361
0.224197
0.281880
0.245405
0.081021
0.216811
0.200856
0.126063
0.098214
0.065276
0.325841
0.077855
0.099360
0.102422
0.054495
0.362417
0.144450
0.061767
0.144880
0.088250
0.169060
0.174592
0.136720
0.087453
0.161500
0.094463
0.118817
0.112778
0.030020
0.214776
0.250505
0.132073
0.350114
0.263921
0.298264
0.141844
0.016953
0.150431
0.124611
0.145958
0.146488
0.037621
0.414445
0.093855
0.052181
0.126624
0.034877
0.386021
0.051520
0.103633
0.252483
0.051712
0.073632
0.157110
0.135714
0.202428
0.240396
0.099440
0.172712
0.062973
0.108660
0.181637
0.172162
0.082107
0.250637
0.248803
0.257152
0.163915
0.061229
0.116820
0.035861
0.167323
0.160794
0.053575
0.366768
0.173228
0.155646
0.125795
0.107814
0.261566
0.227732
0.038727
0.305468
0.108367
0.127094
0.078556
0.046096
0.249062
0.290043
0.142973
0.164688
0.124666
0.113683
0.207262
0.106376
0.110197
0.108283
0.236705
0.173598
0.227441
0.092110
0.045783
0.056226
0.276090
0.178166
0.032242
0.232685
0.209942
0.252245
0.078427
0.141572
0.196563
0.296893
0.178020
0.205379
0.179844
0.225697
0.008353
0.074585
0.235309
0.347905
0.163565
0.152763
0.086077
0.076161
0.145894
0.059125
0.151298
0.082178
0.211557
0.174151
0.245453
0.077940
0.204395
0.097739
0.380515
0.194874
0.063337
0.096168
0.204534
0.315424
0.145701
0.243261
0.208585
0.317570
0.239062
0.141927
0.177904
0.290569
0.041161
0.072498
0.223817
0.223353
0.176084
0.097406
0.111457
0.054873
0.025887
0.091696
0.236264
0.154287
0.120399
0.194570
0.221339
0.104826
0.297099
0.184811
0.255167
0.211775
0.078451
0.026994
0.247599
0.304855
0.209460
0.208261
0.138719
0.178543
0.164576
0.172932
0.124419
0.277366
0.114534
0.133541
0.203075
0.089462
0.187082
0.086606
0.182188
0.071804
0.106702
0.170599
0.324535
0.234104
0.124980
0.077264
0.197909
0.154870
0.250319
0.165387
0.107716
0.264972
0.168025
0.068097
0.237001
0.249933
0.218378
0.148434
0.140694
0.151097
0.184625
0.082743
0.154595
0.185800
0.160159
0.116654
0.137236
0.065858
0.174330
0.170689
0.120389
0.076875
0.117947
0.166187
0.172150
0.228409
0.225809
0.087563
0.234600
0.220195
0.162904
0.133140
0.039176
0.164056
0.248071
0.222189
0.121182
0.202501
0.194836
0.156335
0.266213
0.268758
0.242493
0.086630
0.162038
0.088385
0.055175
0.151127
0.098830
0.077570
0.083985
0.182734
0.081108
0.061885
0.137168
0.140950
0.038230
0.324930
0.295073
0.070203
0.291431
0.215402
0.086634
0.130364
0.057085
0.103164
0.220216
0.268577
0.281485
0.195793
0.082033
0.239571
0.252658
0.247913
0.233511
0.181670
0.070069
0.017287
0.056595
0.287379
0.205449
0.139622
0.123652
0.108688
0.012499
0.092405
0.196249
0.101898
0.050816
0.351121
0.213086
0.010221
0.287873
0.187652
0.051330
0.103279
0.017103
0.232636
0.166468
0.209184
0.381969
0.107993
0.090742
0.250287
0.101090
0.195597
0.189514
0.224991
0.061567
0.172231
0.109708
0.206501
0.202029
0.120800
0.262391
0.051227
0.052584
0.200899
0.201868
0.076956
0.080563
0.280106
0.169336
0.034197
0.168464
0.128089
0.146269
0.089458
0.060197
0.275870
0.226703
0.184561
0.475408
0.103556
0.129205
0.195739
0.112274
0.036960
0.129586
0.226770
0.131655
0.293127
0.099276
0.067470
0.131181
0.074312
0.313918
0.173147
0.154127
0.288646
0.151444
0.069449
0.112438
0.154964
0.291106
0.083639
0.042012
0.098607
0.265068
0.084660
0.088173
0.308685
0.134289
0.196744
0.420425
0.208958
0.154154
0.106805
0.077448
0.170688
0.171493
0.218241
0.198228
0.217691
0.116093
0.062596
0.127678
0.009098
0.307345
0.177264
0.151838
0.248016
0.056642
0.104972
0.187817
0.015019
0.366134
0.139913
0.118020
0.123902
0.319864
0.191724
0.094146
0.316497
0.094554
0.236925
0.250843
0.203538
0.163384
0.138418
0.034835
0.201595
0.355584
0.196247
0.214992
0.041731
0.107714
0.147205
0.062502
0.094044
0.206217
0.148058
0.192409
0.164496
0.085611
0.065281
0.273291
0.210850
0.291369
0.163005
0.218238
0.106117
0.330910
0.373865
0.170669
0.300033
0.165386
0.172930
0.213307
0.190400
0.067851
0.241394
0.110647
0.149532
0.436609
0.103682
0.222581
0.096088
0.073244
0.174310
0.087305
0.113733
0.151828
0.167860
0.244260
0.110983
0.098685
0.106383
0.299106
0.437910
0.175670
0.246296
0.293843
0.135998
0.179902
0.401036
0.295058
0.304751
0.209633
0.030688
0.241481
0.230569
0.095401
0.202278
0.147257
0.084600
0.427800
0.122557
0.300725
0.080358
0.028226
0.123392
0.111108
0.091224
0.132014
0.136099
0.223139
0.121239
0.043200
0.146234
0.212497
0.428694
0.173354
0.309786
0.302379
0.175544
0.110013
0.307903
0.257704
0.289949
0.289778
0.088606
0.298108
0.121039
0.151922
0.033465
0.086353
0.075312
0.420856
0.144202
0.360157
0.099722
0.042901
0.073840
0.076026
0.139808
0.057671
0.091234
0.113892
0.166889
0.018251
0.190581
0.188403
0.410840
0.153955
0.375344
0.229189
0.142866
0.082896
0.199678
0.058558
0.220953
0.340068
0.188985
0.295824
0.136668
0.173214
0.082908
0.016620
0.065176
0.423032
0.199806
0.361337
0.083737
0.098406
0.060936
0.119322
0.216279
0.053431
0.036831
0.065125
0.173069
0.073638
0.280340
0.316169
0.294446
0.077221
0.296504
0.117498
0.142810
0.042222
0.105645
0.142260
0.143562
0.317513
0.207225
0.210131
0.248683
0.200372
0.184580
0.053142
0.076995
0.474021
0.242395
0.241869
0.058331
0.083850
0.048233
0.264579
0.195198
0.131800
0.031591
0.133553
0.148515
0.160952
0.283863
0.331848
0.267566
0.060078
0.179734
0.083023
0.252508
0.081392
0.033988
0.238258
0.105267
0.259444
0.040150
0.133808
0.206900
0.121288
0.200863
0.089464
0.159562
0.437158
0.205819
0.127903
0.160627
0.031099
0.065323
0.319739
0.210408
0.178576
0.044232
0.184377
0.128667
0.189892
0.156597
0.189055
0.182884
0.061063
0.054816
0.025142
0.239200
0.106416
0.115474
0.256861
0.139980
0.100568
0.121259
0.185948
0.121206
0.061827
0.243826
0.056530
0.261858
0.266736
0.118330
0.073447
0.227818
0.134066
0.151785
0.409343
0.228598
0.245304
0.097833
0.145965
0.043803
0.171476
0.101780
0.072679
0.085215
0.085678
0.031448
0.161767
0.130650
0.105630
0.099380
0.238621
0.088333
0.088736
0.216565
0.140699
0.065926
0.060843
0.243065
0.043550
0.250567
0.057342
0.121744
0.083154
0.233477
0.230352
0.220320
0.415873
0.191018
0.238580
0.088003
0.173517
0.046561
0.143924
0.036849
0.183622
0.145223
0.137524
0.085218
0.284451
0.287260
0.141625
0.068708
0.237486
0.079049
0.240192
0.126318
0.030059
0.100647
0.054904
0.106616
0.145147
0.155115
0.129918
0.164801
0.094400
0.172799
0.285813
0.291209
0.312842
0.098660
0.247807
0.052708
0.215087
0.125972
0.106921
0.024565
0.314739
0.265557
0.141211
0.203916
0.273157
0.328988
0.158733
0.111862
0.216294
0.092651
0.298992
0.035800
0.089653
0.171221
0.101740
0.075484
0.169690
0.092496
0.252955
0.261597
0.120553
0.062857
0.196820
0.249364
0.122985
0.087844
0.186065
0.022591
0.110533
0.168900
0.025980
0.086025
0.447413
0.314006
0.128543
0.175196
0.180596
0.275873
0.118691
0.129573
0.172718
0.112337
0.287266
0.056811
0.151335
0.127667
0.148848
0.115805
0.111499
0.193737
0.353643
0.238122
0.230008
0.240201
0.054074
0.156379
0.095400
0.116104
0.256209
0.075908
0.067902
0.150041
0.127290
0.243099
0.324325
0.319532
0.145749
0.144931
0.043218
0.174125
0.090349
0.111742
0.093049
0.225006
0.198343
0.100364
0.183771
0.091332
0.162028
0.102556
0.053672
0.241650
0.329895
0.065851
0.280618
0.471309
0.082796
0.132374
0.238346
0.239193
0.331749
0.079362
0.060727
0.198794
0.047439
0.316928
0.165929
0.188212
0.199585
0.184189
0.116706
0.130917
0.184845
0.064813
0.087223
0.337421
0.181621
0.183936
0.086839
0.048627
0.197343
0.135551
0.053463
0.290108
0.203480
0.229875
0.267335
0.590874
0.222918
0.092139
0.293120
0.286962
0.309792
0.033231
0.139956
0.288942
0.081998
0.252070
0.031465
0.064197
0.215296
0.207207
0.158611
0.289762
0.096377
0.127313
0.119846
0.347863
0.119503
0.180059
0.127301
0.111466
0.189087
0.138306
0.048801
0.205363
0.155089
0.235981
0.176977
0.504971
0.312364
0.022594
0.362997
0.188419
0.222992
0.094735
0.260774
0.308444
0.157749
0.155386
0.163076
0.167237
0.128772
0.276026
0.128424
0.290160
0.086579
0.190218
0.139999
0.221203
0.154571
0.093769
0.186571
0.092651
0.175620
0.023274
0.080560
0.098399
0.143695
0.166425
0.106847
0.306145
0.285007
0.138362
0.342013
0.036476
0.139850
0.138790
0.193159
0.302484
0.172915
0.107249
0.291337
0.261894
0.043844
0.324185
0.162701
0.255738
0.130216
0.193571
0.124480
0.146921
0.148615
0.188824
0.187243
0.169924
0.141369
0.043635
0.217814
0.094577
0.130165
0.047600
0.087456
0.155099
0.182111
0.240915
0.192181
0.075714
0.199905
0.108917
0.097373
0.307200
0.197882
0.087480
0.300019
0.179053
0.144688
0.217882
0.267271
0.217316
0.129164
0.272514
0.041178
0.066871
0.136394
0.226887
0.193000
0.141582
0.051719
0.128919
0.301267
0.192679
0.097490
0.098714
0.060514
0.058841
0.061442
0.154536
0.145493
0.080783
0.285602
0.050789
0.052484
0.226339
0.176857
0.177946
0.387456
0.076715
0.248590
0.105432
0.230650
0.141791
0.169707
0.315997
0.128252
0.190070
0.194677
0.212494
0.099907
0.124560
0.153138
0.210293
0.183628
0.220203
0.121512
0.106882
0.171428
0.047094
0.079346
0.071985
0.192072
0.128402
0.223263
0.122346
0.112656
0.158801
0.047080
0.190100
0.276926
0.292926
0.314166
0.100650
0.075242
0.111809
0.244239
0.252915
0.143379
0.227079
0.191650
0.118410
0.122743
0.153625
0.219035
0.291009
0.054440
0.156216
0.182283
0.052929
0.264512
0.087278
0.174095
0.026895
0.163781
0.244116
0.192021
0.244681
0.200566
0.098716
0.074301
0.174935
0.211180
0.445279
0.347577
0.186958
0.108367
0.124507
0.324366
0.167479
0.115788
0.174667
0.258573
0.130256
0.316721
0.166964
0.163696
0.342266
0.168965
0.063819
0.175965
0.033803
0.245223
0.244119
0.177842
0.093282
0.122481
0.266452
0.259869
0.208076
0.118883
0.093966
0.095644
0.192602
0.120849
0.372629
0.369675
0.167744
0.243814
0.169856
0.327323
0.089372
0.144754
0.152321
0.325533
0.350807
0.314276
0.156419
0.085810
0.352757
0.158150
0.087947
0.099577
0.135579
0.243960
0.340695
0.159828
0.193183
0.071600
0.215275
0.264097
0.100586
0.044441
0.188270
0.039003
0.188070
0.066276
0.205678
0.347054
0.180069
0.250482
0.213808
0.248834
0.060950
0.202982
0.125926
0.298806
0.301755
0.130076
0.146293
0.069400
0.252013
0.210351
0.211938
0.171379
0.170013
0.231657
0.337701
0.179926
0.237522
0.035937
0.307662
0.274318
0.094924
0.048622
0.288857
0.094569
0.084572
0.179158
0.256632
0.276532
0.185735
0.127665
0.315617
0.161592
0.182845
0.249564
0.196154
0.229932
0.076747
0.105737
0.132544
0.007272
0.102369
0.307139
0.287316
0.299785
0.056654
0.225741
0.304393
0.191282
0.171796
0.074826
0.354144
0.368734
0.176635
0.103124
0.331760
0.132202
0.109513
0.261622
0.248774
0.165993
0.263463
0.131129
0.283786
0.105234
0.233348
0.160487
0.193729
0.211957
0.067040
0.100674
0.115985
0.094086
0.231285
0.303070
0.245981
0.324038
0.119839
0.208253
0.254469
0.186132
0.141460
0.195791
0.227785
0.308664
0.168992
0.034951
0.316830
0.031532
0.144582
0.292086
0.190683
0.237043
0.309397
0.114671
0.189327
0.250944
0.202167
0.093930
0.159453
0.208598
0.152919
0.152089
0.179303
0.061162
0.271484
0.265758
0.102171
0.275642
0.179949
0.269469
0.115216
0.201096
0.124278
0.242951
0.169742
0.307390
0.193456
0.071235
0.321854
0.060425
0.068756
0.300925
0.149436
0.307287
0.243149
0.102883
0.146417
0.209856
0.187667
0.118548
0.120407
0.280492
0.228164
0.302806
0.243946
0.190336
0.331228
0.159943
0.008011
0.184833
0.177910
0.262222
0.162693
0.198261
0.107292
0.142441
0.234983
0.396431
0.236484
0.124749
0.248329
0.083401
0.060460
0.256470
0.119084
0.227144
0.164270
0.073819
0.164601
0.139104
0.231642
0.139051
0.137416
0.389173
0.231701
0.292409
0.188423
0.296406
0.378766
0.072145
0.074629
0.048409
0.226466
0.179627
0.174238
0.134826
0.100882
0.025649
0.176101
0.410392
0.244810
0.146796
0.105342
0.092595
0.086514
0.195586
0.099696
0.104212
0.101901
0.112268
0.203638
0.188083
0.223251
0.191133
0.311910
0.399112
0.174858
0.223936
0.100405
0.341167
0.290213
0.062977
0.151802
0.127847
0.287299
0.115394
0.110635
0.136914
0.164550
0.097064
0.162052
0.424063
0.251691
0.144933
0.142743
0.071379
0.138261
0.111164
0.085026
0.077299
0.114038
0.185495
0.215788
0.223891
0.207581
0.175735
0.391645
0.342973
0.157995
0.195491
0.036548
0.271113
0.201643
0.095205
0.150633
0.194174
0.243711
0.076296
0.057832
0.189349
0.239464
0.045288
0.223186
0.419265
0.164673
0.115799
0.222792
0.024123
0.091970
0.102332
0.096531
0.080502
0.124758
0.277026
0.160596
0.260052
0.266967
0.201108
0.366380
0.213238
0.190565
0.161415
0.089956
0.122432
0.207297
0.125259
0.065945
0.195725
0.236051
0.213490
0.116915
0.172406
0.253712
0.180378
0.238811
0.361027
0.093992
0.093772
