# G_2, p = 0.8000 GPa (dir_8000.0_bar).
# D8R-only: 24 rings x 101 frames = 2424 samples.
# Column: per-D8R Delta [A]
0.709348
0.848693
0.709358
0.848698
0.709388
0.848768
0.709384
0.848767
0.707435
0.847603
0.707419
0.847606
0.707457
0.847705
0.707453
0.847701
0.708663
0.848318
0.708658
0.848318
0.708688
0.848390
0.708692
0.848387
0.823309
0.845882
0.766950
0.921369
0.668278
0.927740
0.783528
0.896379
0.614516
0.999708
0.604537
0.668474
0.808696
0.771398
0.582416
0.908337
0.695671
0.826060
0.877290
0.696722
0.530261
0.772148
0.629405
0.806467
0.759240
0.874975
0.742778
1.016992
0.704962
0.909600
0.798400
0.932206
0.530071
1.141791
0.669172
0.564140
0.745325
0.717097
0.510276
0.948091
0.559269
0.665878
0.903707
0.730151
0.437009
0.780354
0.674404
0.689941
0.687084
0.932603
0.674651
1.177631
0.789244
0.876433
0.864311
0.978024
0.472220
1.154011
0.818208
0.583945
0.701796
0.779278
0.521099
0.960372
0.441984
0.518413
0.862157
0.859319
0.445671
0.853548
0.711315
0.629980
0.752718
0.948452
0.635668
1.382082
0.725204
0.838786
1.011905
0.947229
0.441480
1.011875
0.889910
0.564534
0.792860
0.894035
0.557281
0.920723
0.410853
0.591608
0.936396
0.823378
0.554559
0.821077
0.637475
0.644037
0.831287
0.830420
0.699536
1.340313
0.561035
0.767885
1.026714
0.880865
0.544966
1.023204
0.874690
0.523412
0.859226
0.788882
0.628944
0.936016
0.475079
0.767082
1.116329
0.770858
0.538622
0.725378
0.611167
0.757873
0.722617
0.703026
0.662647
1.186481
0.528593
0.705154
0.893524
0.851317
0.613408
1.152756
0.806410
0.387037
0.725310
0.629009
0.676543
1.132241
0.511328
0.854928
1.138866
0.803840
0.507487
0.696556
0.702946
0.815992
0.611484
0.613816
0.562278
1.109527
0.632731
0.725891
0.972375
0.812447
0.514692
1.151102
0.757169
0.315313
0.548008
0.597142
0.718241
1.362091
0.493884
0.909378
1.008766
0.850290
0.568588
0.700900
0.800554
0.896983
0.581396
0.512509
0.524238
1.062345
0.645742
0.749661
1.112761
0.768158
0.348219
1.015983
0.751981
0.417646
0.545126
0.626958
0.724009
1.331600
0.414860
0.919439
0.990359
0.766641
0.710903
0.690774
0.837150
1.007290
0.530750
0.464846
0.548652
1.001022
0.533206
0.700203
1.088314
0.643574
0.238525
1.015339
0.805374
0.465363
0.690706
0.556470
0.676101
1.165315
0.332049
0.890746
1.033324
0.768158
0.820115
0.708578
0.771554
1.163055
0.502401
0.516343
0.538157
0.959122
0.408199
0.719828
0.884876
0.605378
0.336863
1.009175
0.796813
0.417973
0.792906
0.509704
0.631367
0.990162
0.360555
0.859190
0.935480
0.832523
0.740391
0.750353
0.697876
1.115423
0.504600
0.636194
0.529105
0.971073
0.367780
0.828702
0.841037
0.640111
0.499809
0.894341
0.783588
0.371515
0.751472
0.525591
0.676499
0.880284
0.439431
0.859374
0.738893
0.817450
0.653443
0.708886
0.717159
1.010011
0.534083
0.685185
0.515237
0.914514
0.386764
0.931663
0.908664
0.674496
0.660690
0.749047
0.767781
0.453230
0.640859
0.582181
0.727644
0.810148
0.456950
0.824248
0.601062
0.706193
0.710210
0.662223
0.785357
0.915121
0.505179
0.731363
0.572946
0.714034
0.413212
0.815019
0.792274
0.563231
0.688287
0.707508
0.777647
0.563912
0.640774
0.686586
0.632697
0.762813
0.482150
0.674505
0.625898
0.647977
0.789804
0.709340
0.767048
0.839553
0.441860
0.767421
0.599248
0.523215
0.466513
0.607859
0.558705
0.493912
0.610206
0.670821
0.707000
0.598377
0.656013
0.866491
0.499655
0.650098
0.584999
0.549212
0.641168
0.712248
0.829421
0.690121
0.730481
0.664874
0.389277
0.817747
0.643563
0.455305
0.553918
0.534229
0.352194
0.497707
0.484072
0.598620
0.582539
0.715700
0.616665
0.948339
0.434719
0.491453
0.663814
0.576416
0.506085
0.778516
0.710576
0.544420
0.706529
0.536839
0.394578
0.808545
0.638816
0.548961
0.587835
0.586826
0.313684
0.543778
0.460765
0.480022
0.484923
0.977628
0.421265
0.871273
0.499190
0.366238
0.670493
0.675173
0.381198
0.678139
0.623789
0.480053
0.586875
0.570307
0.451857
0.778673
0.630590
0.501371
0.584114
0.656885
0.153475
0.601995
0.565584
0.332863
0.461892
1.110257
0.304873
0.806196
0.574575
0.338966
0.630401
0.700882
0.332896
0.501748
0.634430
0.533143
0.407361
0.625751
0.524805
0.716098
0.592702
0.352351
0.632784
0.625743
0.063559
0.660549
0.721557
0.227515
0.403990
1.079474
0.318530
0.859328
0.574403
0.289675
0.677626
0.639505
0.305069
0.489455
0.622150
0.552145
0.345296
0.560704
0.511531
0.715625
0.610955
0.302440
0.734284
0.526150
0.173261
0.729242
0.822264
0.225129
0.231555
1.033914
0.377287
0.858723
0.499483
0.170499
0.734498
0.531120
0.207213
0.553173
0.451183
0.473503
0.373643
0.478179
0.481057
0.668803
0.616051
0.378920
0.780677
0.444418
0.186632
0.755694
0.842561
0.237400
0.028385
1.126225
0.297101
0.799098
0.369051
0.070610
0.768847
0.401295
0.137637
0.506711
0.287069
0.448146
0.365093
0.512894
0.475184
0.664554
0.561506
0.362764
0.784956
0.446119
0.209075
0.718849
0.760307
0.239695
0.053793
1.115463
0.138285
0.758497
0.256020
0.113067
0.693788
0.288551
0.099585
0.462667
0.267066
0.557206
0.285678
0.454830
0.485847
0.626303
0.444235
0.191806
0.709337
0.456451
0.240697
0.605756
0.585176
0.211601
0.089596
0.890760
0.079231
0.737441
0.252063
0.176432
0.545461
0.252767
0.214704
0.607509
0.378585
0.692380
0.241392
0.278342
0.495611
0.598549
0.321502
0.115238
0.610678
0.386607
0.293418
0.485358
0.463996
0.226214
0.049584
0.594988
0.186819
0.642559
0.356940
0.194440
0.455853
0.319061
0.099163
0.708704
0.354341
0.786945
0.208327
0.185075
0.413091
0.558095
0.177028
0.051415
0.481636
0.255683
0.267056
0.515293
0.456994
0.207478
0.084943
0.477445
0.400787
0.558646
0.370326
0.122263
0.455592
0.413932
0.085525
0.587317
0.172541
0.776633
0.073213
0.294626
0.377888
0.566678
0.071894
0.086656
0.367954
0.213634
0.283460
0.535223
0.453180
0.190622
0.018345
0.526910
0.498587
0.489980
0.296450
0.138530
0.472869
0.470841
0.126253
0.428937
0.062250
0.717413
0.066745
0.316147
0.350107
0.562841
0.065234
0.153896
0.310839
0.253267
0.365553
0.500952
0.432675
0.184186
0.243439
0.489591
0.432985
0.387620
0.248178
0.028292
0.439652
0.395560
0.111544
0.399514
0.161536
0.619383
0.288148
0.233334
0.339155
0.420536
0.088713
0.141188
0.250831
0.241126
0.472517
0.391816
0.330494
0.228601
0.262430
0.329737
0.355554
0.253800
0.274955
0.142509
0.379767
0.280691
0.140815
0.376666
0.297303
0.493574
0.406886
0.173604
0.332237
0.209102
0.244954
0.226909
0.317727
0.212509
0.481279
0.363232
0.262239
0.300420
0.136864
0.256704
0.329206
0.200379
0.272410
0.249537
0.360820
0.287774
0.145430
0.233583
0.207288
0.306861
0.340555
0.125136
0.397256
0.104326
0.440685
0.301794
0.282073
0.232682
0.435486
0.370167
0.190050
0.389079
0.155857
0.078246
0.348357
0.159634
0.221733
0.303759
0.284141
0.249143
0.094161
0.096053
0.068188
0.274524
0.262537
0.130496
0.518524
0.182442
0.498429
0.300799
0.164530
0.324841
0.419607
0.335492
0.077942
0.405466
0.329914
0.110182
0.268564
0.111830
0.158507
0.357971
0.175359
0.157788
0.172629
0.037659
0.046230
0.339479
0.362430
0.150295
0.557620
0.129177
0.402368
0.284529
0.126156
0.343337
0.437414
0.227172
0.133201
0.348099
0.381410
0.101617
0.219565
0.231379
0.164859
0.375634
0.078776
0.136230
0.144737
0.076093
0.060993
0.358000
0.284490
0.225668
0.449693
0.274034
0.354564
0.316427
0.151116
0.347627
0.323522
0.176249
0.158509
0.351241
0.214658
0.264123
0.211531
0.306586
0.193182
0.327643
0.059336
0.166782
0.312458
0.099027
0.051090
0.311302
0.196682
0.278242
0.289523
0.309478
0.190291
0.345894
0.242444
0.327239
0.238504
0.200151
0.175538
0.401228
0.108253
0.350197
0.290812
0.271316
0.158868
0.290694
0.042794
0.110173
0.489430
0.051002
0.060412
0.214993
0.208901
0.213743
0.233962
0.235246
0.070896
0.251864
0.304053
0.281702
0.088527
0.104811
0.259889
0.438454
0.175698
0.481568
0.284557
0.161246
0.151696
0.418156
0.168379
0.286146
0.485947
0.060477
0.139546
0.186241
0.265756
0.127938
0.173079
0.256250
0.261537
0.134105
0.231339
0.168879
0.130532
0.188693
0.354050
0.379732
0.279570
0.537521
0.168759
0.164190
0.156674
0.517411
0.222520
0.392167
0.334212
0.025469
0.153399
0.066709
0.332663
0.037395
0.121823
0.352352
0.261860
0.169406
0.134245
0.116764
0.211875
0.214305
0.433477
0.341702
0.238055
0.575824
0.228712
0.202658
0.157335
0.412961
0.207695
0.402207
0.296188
0.122383
0.146710
0.124264
0.268544
0.139959
0.230382
0.362902
0.271551
0.289195
0.140442
0.113418
0.235717
0.212595
0.374987
0.342059
0.163099
0.508393
0.264070
0.202740
0.152873
0.229875
0.269981
0.313148
0.263831
0.171578
0.102629
0.302475
0.173888
0.247008
0.261300
0.325805
0.344057
0.252470
0.203531
0.140824
0.256047
0.155781
0.248482
0.235790
0.087397
0.410839
0.136251
0.171615
0.043108
0.241227
0.337118
0.294215
0.177333
0.119276
0.089251
0.383956
0.141428
0.198792
0.325924
0.302475
0.374301
0.202940
0.152884
0.171758
0.326524
0.250830
0.173274
0.161321
0.049832
0.290992
0.149445
0.162611
0.166826
0.265593
0.318233
0.290097
0.166211
0.070542
0.136866
0.456227
0.104699
0.101115
0.396283
0.290383
0.446028
0.092727
0.041545
0.161018
0.373495
0.379533
0.179775
0.116938
0.041874
0.223826
0.301287
0.143603
0.158150
0.147312
0.243039
0.227313
0.213737
0.139134
0.190080
0.382243
0.070144
0.070560
0.347112
0.283137
0.486173
0.014742
0.040825
0.110304
0.328326
0.419799
0.097592
0.180292
0.108539
0.160887
0.377977
0.148108
0.028387
0.124782
0.267965
0.213362
0.223769
0.195467
0.174372
0.376003
0.200831
0.060300
0.280457
0.215681
0.499043
0.089911
0.085059
0.124300
0.331955
0.325070
0.063278
0.233514
0.135467
0.216736
0.469419
0.113184
0.117950
0.166651
0.380018
0.217069
0.308018
0.189844
0.170384
0.343773
0.349267
0.177404
0.352162
0.194814
0.366846
0.099043
0.150733
0.196881
0.313148
0.314329
0.075843
0.323359
0.153556
0.275108
0.455737
0.220965
0.280311
0.162220
0.432824
0.245953
0.400089
0.257248
0.247775
0.244884
0.514440
0.246714
0.362594
0.121866
0.331869
0.207781
0.312846
0.293482
0.314842
0.331266
0.031967
0.519250
0.175797
0.170950
0.265582
0.226161
0.372865
0.332163
0.349734
0.230766
0.276114
0.332304
0.312173
0.153772
0.689254
0.317665
0.419205
0.082649
0.469959
0.343355
0.331051
0.397966
0.278572
0.410967
0.091813
0.733822
0.225088
0.141455
0.232583
0.135544
0.331028
0.564760
0.259872
0.249683
0.195184
0.244297
0.249314
0.138628
0.779501
0.412830
0.341582
0.104309
0.593309
0.415826
0.296016
0.418128
0.278931
0.442720
0.096114
0.818386
0.245074
0.107705
0.223459
0.011955
0.337287
0.684216
0.228231
0.331022
0.306281
0.168516
0.157508
0.273762
0.756680
0.454145
0.408816
0.155740
0.604207
0.465531
0.340348
0.637159
0.229758
0.456431
0.083912
0.739052
0.252885
0.139722
0.176266
0.015217
0.345808
0.809769
0.219944
0.414915
0.430590
0.236011
0.082414
0.360846
0.649660
0.513264
0.294272
0.178828
0.586471
0.495632
0.380184
0.835581
0.180860
0.435049
0.202507
0.687925
0.311577
0.150672
0.159508
0.120113
0.288041
0.883011
0.188253
0.465909
0.341633
0.330489
0.138563
0.373506
0.583942
0.575484
0.223721
0.053124
0.615903
0.447014
0.395633
0.896275
0.086406
0.404073
0.238719
0.719263
0.392986
0.087402
0.179110
0.270726
0.222246
0.792574
0.139204
0.496489
0.315739
0.295376
0.194281
0.350419
0.463025
0.673831
0.336011
0.108288
0.710138
0.418799
0.435808
0.940596
0.279447
0.474867
0.176345
0.777193
0.424902
0.069013
0.230101
0.280616
0.196584
0.657121
0.074912
0.514540
0.431243
0.291541
0.227414
0.341721
0.290911
0.669269
0.325830
0.239935
0.731026
0.401934
0.416492
0.942392
0.389712
0.526879
0.167815
0.740221
0.553172
0.030726
0.317672
0.247305
0.225522
0.683857
0.085878
0.444787
0.552066
0.333587
0.332127
0.388670
0.165450
0.666537
0.281028
0.370206
0.695421
0.357936
0.371388
0.818991
0.522939
0.421917
0.137634
0.713732
0.718396
0.120598
0.369050
0.230934
0.294168
0.726915
0.156592
0.351491
0.470821
0.435799
0.423051
0.467310
0.150072
0.620950
0.310003
0.458988
0.511593
0.363288
0.340937
0.597725
0.670492
0.312099
0.142035
0.669147
0.797623
0.304318
0.448741
0.362354
0.310501
0.685686
0.118398
0.341498
0.406235
0.498651
0.444383
0.485058
0.191862
0.583170
0.342747
0.486096
0.479542
0.451366
0.257933
0.398822
0.756461
0.306146
0.309377
0.594979
0.750381
0.480507
0.596669
0.432720
0.298158
0.666218
0.239227
0.338006
0.465604
0.597389
0.411635
0.527262
0.264296
0.537193
0.311852
0.459621
0.456918
0.559055
0.176476
0.380846
0.682821
0.442632
0.439441
0.476464
0.707379
0.588104
0.552694
0.502151
0.356422
0.683996
0.428310
0.357103
0.556456
0.631842
0.366320
0.477133
0.233865
0.671629
0.322089
0.542931
0.356177
0.473922
0.195027
0.450043
0.633954
0.508874
0.504828
0.408428
0.608427
0.606497
0.444903
0.560940
0.466098
0.678990
0.537537
0.386492
0.501360
0.634109
0.454275
0.481100
0.181956
0.806136
0.344341
0.628938
0.218365
0.371845
0.354941
0.471116
0.689203
0.529210
0.485333
0.415476
0.442566
0.577240
0.406929
0.596925
0.513557
0.498100
0.522116
0.455882
0.417301
0.598829
0.575932
0.611956
0.298466
0.799937
0.449961
0.757437
0.190174
0.465872
0.408609
0.409942
0.695088
0.520630
0.494680
0.314299
0.296707
0.597307
0.498029
0.629889
0.478390
0.265430
0.549521
0.540759
0.420521
0.623388
0.579578
0.779506
0.359220
0.604897
0.511712
0.848576
0.269339
0.601525
0.342909
0.408536
0.610015
0.560621
0.584212
0.234607
0.274286
0.664074
0.530368
0.684252
0.406014
0.166551
0.647379
0.539756
0.506337
0.559344
0.551098
0.793556
0.402882
0.485409
0.511670
0.897136
0.307123
0.647328
0.394449
0.414016
0.644008
0.528855
0.620798
0.259544
0.296724
0.713446
0.459183
0.744214
0.406191
0.182392
0.783352
0.564597
0.526594
0.540685
0.577022
0.748145
0.455916
0.420091
0.521277
0.936675
0.260340
0.669176
0.582139
0.401918
0.628304
0.493662
0.600055
0.379037
0.282864
0.750900
0.400867
0.848196
0.439886
0.282057
0.772218
0.607793
0.506148
0.576281
0.618584
0.776419
0.539381
0.498419
0.577286
0.981630
0.301743
0.752709
0.706924
0.244765
0.449123
0.536596
0.581818
0.506021
0.249300
0.843859
0.458643
0.911053
0.461828
0.438744
0.723301
0.514141
0.478483
0.654484
0.598853
0.831597
0.596145
0.508707
0.590973
1.008595
0.401402
0.831544
0.636779
0.174903
0.224057
0.612063
0.656960
0.568583
0.301510
0.972418
0.488834
0.916328
0.531773
0.450332
0.722777
0.457556
0.507045
0.643167
0.595445
0.810892
0.590560
0.476586
0.539390
0.968316
0.455178
0.819402
0.641208
0.210942
0.094420
0.691142
0.813527
0.446067
0.344346
1.030182
0.524899
0.872347
0.627680
0.338314
0.734025
0.492732
0.425523
0.648360
0.593505
0.815232
0.608022
0.418110
0.462426
0.879030
0.435912
0.721087
0.830506
0.276411
0.062748
0.764353
0.860926
0.360129
0.300015
1.080155
0.539851
0.811686
0.684047
0.285473
0.618224
0.580152
0.326233
0.662787
0.573128
0.861823
0.715179
0.365949
0.490564
0.819026
0.482830
0.697640
1.018587
0.368133
0.135975
0.797729
0.876042
0.432388
0.209693
1.083433
0.558257
0.732927
0.659373
0.383252
0.439822
0.554636
0.276284
0.696621
0.480953
0.826274
0.799218
0.387751
0.539126
0.783848
0.510394
0.712595
1.007895
0.608887
0.184402
0.732962
0.884302
0.607117
0.245143
0.960952
0.507580
0.658568
0.727236
0.490156
0.410883
0.602258
0.325305
0.682828
0.487228
0.645589
0.680378
0.572628
0.566278
0.705642
0.546268
0.666641
0.959865
0.739649
0.191165
0.577425
0.801793
0.686833
0.334762
0.801821
0.440591
0.697942
0.747587
0.541049
0.473706
0.756505
0.340719
0.633441
0.541340
0.565357
0.658371
0.683408
0.549587
0.642291
0.519983
0.579457
0.880763
0.763396
0.216200
0.489370
0.690706
0.710349
0.431515
0.655268
0.440894
0.756562
0.696366
0.599146
0.473089
0.886529
0.400234
0.621214
0.565620
0.639698
0.757565
0.667662
0.584341
0.641918
0.551892
0.512622
0.765840
0.761257
0.313129
0.516038
0.610550
0.771965
0.467705
0.583799
0.469372
0.788312
0.565274
0.718755
0.433855
0.865358
0.391202
0.608461
0.534018
0.709133
0.782517
0.615952
0.633465
0.704477
0.615465
0.531526
0.636032
0.877818
0.458686
0.629715
0.577357
0.804068
0.483484
0.421495
0.391366
0.661247
0.562028
0.845078
0.453509
0.802072
0.383634
0.578241
0.597487
0.717815
0.623520
0.717408
0.703491
0.618037
0.653036
0.528607
0.496411
0.895235
0.671070
0.671821
0.525305
0.717724
0.501323
0.271918
0.391533
0.547338
0.588188
0.876817
0.592518
0.826518
0.341621
0.523612
0.651182
0.706462
0.438954
0.845974
0.771758
0.548843
0.604317
0.523258
0.405370
0.756867
0.839882
0.724854
0.430601
0.696767
0.590875
0.223685
0.507685
0.565954
0.430607
0.927721
0.620551
0.809584
0.437858
0.575854
0.621114
0.627829
0.376886
0.862310
0.797668
0.558940
0.520521
0.526359
0.447605
0.696473
0.956429
0.792120
0.279780
0.774735
0.776709
0.327195
0.629173
0.628872
0.279682
1.002623
0.594417
0.716156
0.594337
0.633343
0.548417
0.489125
0.354377
0.816610
0.743948
0.548134
0.458492
0.587523
0.433476
0.817895
0.980567
0.836809
0.168691
0.802124
0.984124
0.465054
0.633039
0.556270
0.342628
1.059959
0.587847
0.608676
0.728914
0.593202
0.627210
0.360854
0.293410
0.812351
0.623316
0.495893
0.369244
0.618477
0.459073
0.851738
0.935907
0.771645
0.229972
0.756962
0.960968
0.499378
0.534940
0.602934
0.506625
1.161259
0.565656
0.547791
0.715647
0.584419
0.660472
0.301440
0.271864
0.827218
0.459693
0.466637
0.336539
0.610730
0.444447
0.803511
0.853615
0.622334
0.370436
0.775363
0.839015
0.505523
0.588162
0.731159
0.519347
1.194304
0.462580
0.584332
0.726514
0.557546
0.542734
0.303135
0.382979
0.864776
0.381666
0.396274
0.393574
0.634316
0.353098
0.887217
0.784896
0.516975
0.534541
0.800743
0.775178
0.541907
0.680106
0.677195
0.436908
1.028925
0.409672
0.653164
0.776310
0.539285
0.381367
0.331276
0.529625
0.954401
0.326140
0.292104
0.468722
0.666281
0.253998
1.058442
0.717239
0.541975
0.557286
0.714607
0.868076
0.509381
0.714794
0.540152
0.440435
0.828181
0.515038
0.769169
0.703204
0.545889
0.407358
0.363044
0.578354
1.032933
0.338376
0.302572
0.527497
0.702838
0.243881
1.053775
0.669449
0.582781
0.500070
0.741710
0.922518
0.414096
0.660183
0.466968
0.560578
0.675794
0.583910
0.720548
0.605314
0.628582
0.536507
0.478185
0.609464
0.956534
0.396643
0.440588
0.563444
0.689721
0.281533
0.879275
0.578628
0.559921
0.440006
0.817562
0.854475
0.313754
0.650207
0.497583
0.609359
0.592880
0.513451
0.679121
0.663374
0.698453
0.591229
0.555941
0.706298
0.768615
0.453288
0.672880
0.595282
0.710559
0.305848
0.750700
0.523939
0.512698
0.449107
0.751986
0.669921
0.372479
0.668015
0.413969
0.536253
0.469700
0.458020
0.674517
0.764507
0.662793
0.571012
0.563995
0.681858
0.717509
0.375489
0.704325
0.577794
0.753286
0.274018
0.692699
0.556813
0.479290
0.474887
0.644498
0.561706
0.526775
0.646066
0.377311
0.504013
0.415108
0.525654
0.701692
0.680183
0.586589
0.522193
0.621259
0.577096
0.700527
0.268392
0.550938
0.548270
0.768769
0.262640
0.583580
0.607843
0.522012
0.459883
0.536948
0.508483
0.698657
0.586591
0.533167
0.594211
0.400032
0.634355
0.648628
0.451809
0.589329
0.415847
0.743982
0.490855
0.688204
0.319968
0.459752
0.584325
0.719770
0.260553
0.434194
0.499095
0.607638
0.447489
0.477966
0.472372
0.789012
0.593761
0.705282
0.683285
0.405652
0.617132
0.586966
0.315747
0.663319
0.314918
0.746954
0.498608
0.610213
0.543077
0.491225
0.607719
0.655963
0.274805
0.340067
0.365525
0.667993
0.450341
0.408974
0.289329
0.832646
0.596964
0.614164
0.655817
0.314788
0.539175
0.509887
0.289988
0.656794
0.306416
0.672688
0.566837
0.533555
0.718064
0.664086
0.595984
0.625964
0.316811
0.299689
0.291341
0.759149
0.484750
0.357401
0.177771
0.820634
0.495107
0.524442
0.591275
0.233203
0.448115
0.433748
0.305272
0.526226
0.349662
0.623456
0.582225
0.463285
0.702683
0.752530
0.559460
0.618662
0.470234
0.250271
0.293178
0.787030
0.440569
0.430295
0.139388
0.805044
0.345529
0.630311
0.569746
0.270629
0.351614
0.369756
0.272852
0.486970
0.448546
0.698795
0.545845
0.417294
0.601817
0.706828
0.669136
0.578278
0.611443
0.257995
0.268178
0.715556
0.458544
0.423739
0.227548
0.884529
0.260193
0.753785
0.550407
0.260074
0.277933
0.437368
0.308606
0.489023
0.426544
0.737922
0.462513
0.300449
0.591684
0.654435
0.753473
0.503656
0.532778
0.346365
0.171444
0.530034
0.583644
0.370356
0.227636
0.904438
0.202832
0.691107
0.484799
0.194658
0.273524
0.530826
0.319751
0.464229
0.442888
0.717104
0.414068
0.215091
0.563077
0.694383
0.648289
0.468751
0.468266
0.419894
0.076135
0.427970
0.652381
0.309289
0.203111
0.808187
0.135190
0.671625
0.363454
0.234818
0.325110
0.499953
0.288602
0.468564
0.495811
0.740007
0.365134
0.190513
0.518122
0.661468
0.367856
0.471012
0.480789
0.401408
0.065879
0.547592
0.592118
0.344256
0.280112
0.739638
0.226638
0.685995
0.290802
0.272927
0.390144
0.383480
0.265154
0.579312
0.552120
0.741822
0.234398
0.260536
0.384830
0.547566
0.182742
0.419678
0.640020
0.276772
0.197712
0.656104
0.524777
0.360358
0.386173
0.727231
0.291662
0.696611
0.267046
0.336237
0.392550
0.344715
0.414030
0.670595
0.550755
0.661463
0.159398
0.293899
0.257637
0.488727
0.154265
0.327446
0.732629
0.246123
0.163345
0.581405
0.558234
0.297320
0.406519
0.711539
0.190240
0.628145
0.213127
0.345619
0.376319
0.294819
0.521940
0.691100
0.461471
0.582260
0.229982
0.139642
0.217908
0.573765
0.231947
0.225916
0.665189
0.245392
0.158884
0.492261
0.620291
0.185696
0.360415
0.566424
0.262714
0.528183
0.194922
0.375015
0.344580
0.276110
0.529133
0.629898
0.418284
0.606365
0.302763
0.233793
0.252617
0.670642
0.251764
0.128255
0.523622
0.221677
0.171649
0.430030
0.595919
0.181882
0.299844
0.449281
0.292031
0.499726
0.205885
0.367727
0.282411
0.247086
0.467376
0.568697
0.419852
0.553694
0.274479
0.347180
0.243230
0.670995
0.204488
0.097236
0.410721
0.124090
0.196168
0.464938
0.530455
0.263279
0.244353
0.401484
0.413517
0.478593
0.135074
0.427022
0.276766
0.327969
0.458168
0.516602
0.375272
0.465755
0.235210
0.349429
0.232863
0.579995
0.083672
0.185697
0.428119
0.220026
0.324932
0.423847
0.471707
0.322239
0.146051
0.451266
0.474291
0.451517
0.182346
0.482881
0.384036
0.426633
0.430799
0.413437
0.259200
0.286515
0.237523
0.260895
0.374525
0.505786
0.039850
0.309423
0.475714
0.331080
0.361727
0.365006
0.365663
0.291265
0.158870
0.300548
0.465289
0.467963
0.183697
0.497094
0.540331
0.366370
0.394542
0.297014
0.215547
0.128162
0.264099
0.293342
0.467970
0.439598
0.037587
0.330897
0.486930
0.427237
0.369648
0.462254
0.208200
0.316928
0.250164
0.230062
0.433808
0.388515
0.108014
0.448279
0.575670
0.301626
0.256875
0.267005
0.233632
0.106475
0.255467
0.413758
