# G_2, p = 0.2000 GPa (dir_2000.0_bar).
# Isolated-8MR (not in any D8R): 48 rings x 101 frames = 4848 samples.
# Column: per-isolated-8MR Delta [A]
0.041665
0.004757
0.041575
0.004665
0.042998
0.003380
0.042962
0.003475
0.041636
0.003418
0.041627
0.003400
0.042900
0.004723
0.043002
0.004720
0.042304
0.004618
0.042246
0.004546
0.042295
0.004164
0.042353
0.004141
0.042245
0.004110
0.042168
0.004121
0.042230
0.004655
0.042328
0.004662
0.041566
0.004631
0.041490
0.004618
0.042792
0.004680
0.042903
0.004643
0.041510
0.004634
0.041519
0.004634
0.042836
0.004672
0.042802
0.004683
0.113450
0.094353
0.106707
0.086275
0.105295
0.073769
0.101452
0.106205
0.062415
0.072919
0.039094
0.180326
0.065700
0.022010
0.105566
0.193775
0.176573
0.090405
0.165738
0.133426
0.070929
0.109269
0.142414
0.124154
0.153476
0.076323
0.201054
0.134169
0.117487
0.096005
0.114802
0.100169
0.122003
0.094946
0.111762
0.105559
0.055333
0.075689
0.042164
0.132041
0.211530
0.070607
0.133576
0.067529
0.103058
0.032387
0.039501
0.154323
0.139789
0.131895
0.224053
0.165711
0.125704
0.064012
0.281232
0.109758
0.060395
0.144848
0.059920
0.333482
0.186906
0.067752
0.114370
0.111857
0.156975
0.223096
0.226700
0.247623
0.153679
0.142855
0.220265
0.182906
0.324957
0.105940
0.366698
0.300029
0.293787
0.172413
0.287600
0.226837
0.160749
0.027411
0.246797
0.179727
0.198108
0.083448
0.037389
0.071207
0.236312
0.149118
0.100799
0.089411
0.167743
0.127923
0.090920
0.220053
0.170409
0.105762
0.275101
0.172194
0.093834
0.030316
0.320146
0.173277
0.112905
0.193499
0.039203
0.354212
0.365309
0.041890
0.122490
0.118921
0.078359
0.166243
0.234083
0.293942
0.264247
0.154450
0.336170
0.121027
0.383069
0.150190
0.292999
0.406742
0.355578
0.317783
0.437800
0.195521
0.197914
0.038409
0.257762
0.207137
0.242929
0.080735
0.110730
0.070547
0.137436
0.235340
0.087634
0.062252
0.219599
0.208989
0.120590
0.158884
0.263368
0.117470
0.256960
0.161924
0.196993
0.073317
0.277265
0.218256
0.193225
0.210271
0.114407
0.399804
0.383139
0.174041
0.231197
0.124061
0.069930
0.076497
0.231954
0.202611
0.313730
0.167152
0.421464
0.243663
0.225645
0.143509
0.252282
0.462813
0.394066
0.347689
0.496460
0.126688
0.158112
0.107784
0.136467
0.109651
0.274667
0.058478
0.107589
0.138223
0.023103
0.295456
0.133656
0.037028
0.357633
0.226051
0.168010
0.100778
0.374170
0.085704
0.233515
0.161141
0.325926
0.131309
0.290597
0.268432
0.276234
0.277899
0.245108
0.524400
0.390739
0.239934
0.370567
0.089247
0.219202
0.206050
0.229863
0.222218
0.138900
0.147138
0.422365
0.258146
0.096661
0.119659
0.284541
0.504141
0.329137
0.301248
0.357507
0.072793
0.124438
0.149931
0.071277
0.063616
0.336122
0.028828
0.107337
0.202390
0.057483
0.275948
0.135495
0.094863
0.585168
0.282482
0.213093
0.098473
0.395390
0.035243
0.297861
0.111970
0.495143
0.134570
0.304710
0.258925
0.360011
0.264926
0.249660
0.617686
0.514387
0.202588
0.399648
0.146302
0.381465
0.261215
0.140671
0.432363
0.169912
0.201008
0.328138
0.216993
0.204471
0.083252
0.275459
0.498507
0.185727
0.298452
0.179380
0.155199
0.218841
0.158617
0.162361
0.096468
0.367077
0.095850
0.100584
0.211852
0.032087
0.174951
0.062585
0.161974
0.726604
0.276482
0.267474
0.122428
0.357709
0.143049
0.294219
0.141428
0.595951
0.118968
0.304802
0.175398
0.320821
0.234212
0.209354
0.662001
0.591997
0.178415
0.346268
0.374270
0.371011
0.264567
0.117318
0.499519
0.268625
0.268784
0.362954
0.177324
0.331583
0.111884
0.287807
0.434699
0.098571
0.385361
0.142084
0.156838
0.224879
0.161588
0.213056
0.257425
0.456271
0.159277
0.119262
0.176877
0.111412
0.061902
0.075178
0.235753
0.730397
0.254495
0.289896
0.148502
0.293958
0.203419
0.202613
0.277517
0.518130
0.014975
0.304793
0.085527
0.218202
0.290925
0.334620
0.630372
0.528881
0.221292
0.339847
0.540032
0.317111
0.238914
0.070257
0.376971
0.251851
0.226020
0.368943
0.141970
0.254502
0.169890
0.221004
0.306291
0.117497
0.338097
0.176977
0.065730
0.201262
0.150361
0.193143
0.280929
0.397711
0.341181
0.170425
0.091652
0.230266
0.029372
0.254736
0.172830
0.660776
0.196408
0.375044
0.268149
0.285126
0.175687
0.086802
0.355185
0.322692
0.127827
0.254768
0.045635
0.199638
0.419013
0.460712
0.557474
0.444021
0.255742
0.334167
0.568250
0.278521
0.342050
0.043926
0.224720
0.113566
0.213828
0.257830
0.085150
0.100150
0.115186
0.142043
0.251053
0.118649
0.175473
0.119535
0.026784
0.214161
0.168148
0.137094
0.237983
0.251698
0.480580
0.194033
0.124597
0.220397
0.034348
0.317525
0.212446
0.432014
0.185259
0.419686
0.257036
0.245934
0.203994
0.171435
0.314774
0.316195
0.223642
0.217105
0.140643
0.174854
0.447474
0.565316
0.401670
0.460537
0.186832
0.333854
0.571866
0.270730
0.406779
0.115015
0.218631
0.065131
0.378262
0.147851
0.120480
0.024852
0.137937
0.100661
0.234933
0.071393
0.213164
0.092008
0.020455
0.292178
0.187126
0.106595
0.231828
0.063021
0.465764
0.192314
0.231550
0.209773
0.036066
0.169952
0.180196
0.235211
0.119755
0.258511
0.273339
0.186381
0.172252
0.156323
0.262758
0.269182
0.212033
0.289069
0.238357
0.187924
0.313055
0.638400
0.221002
0.538835
0.186154
0.219586
0.544961
0.131260
0.328243
0.006881
0.161366
0.044116
0.419241
0.077126
0.046088
0.089094
0.083026
0.132169
0.235792
0.146629
0.186547
0.172694
0.052753
0.315519
0.165899
0.147165
0.284294
0.217105
0.297300
0.221468
0.246049
0.260013
0.050596
0.099968
0.211528
0.208462
0.104236
0.157053
0.243334
0.111490
0.185136
0.070034
0.229478
0.101528
0.129477
0.263307
0.361409
0.271339
0.177048
0.651612
0.290846
0.408958
0.179162
0.087308
0.445690
0.069702
0.233317
0.156896
0.174514
0.074823
0.412778
0.145994
0.065640
0.163576
0.118758
0.113100
0.175049
0.170312
0.274348
0.046178
0.094321
0.167807
0.115189
0.140399
0.243752
0.247076
0.167047
0.203363
0.115502
0.265672
0.040710
0.158995
0.219476
0.235714
0.106555
0.082691
0.150507
0.083054
0.125828
0.095307
0.161652
0.131462
0.161907
0.210316
0.440759
0.169667
0.190489
0.431266
0.176220
0.127775
0.099825
0.071656
0.252945
0.119197
0.110622
0.250380
0.235043
0.044863
0.398057
0.212404
0.066482
0.201226
0.199075
0.133556
0.130825
0.108848
0.256398
0.044343
0.158368
0.099929
0.063225
0.232100
0.129188
0.163345
0.172373
0.346812
0.199441
0.237892
0.140323
0.121186
0.112048
0.091821
0.130498
0.028832
0.315964
0.114920
0.076303
0.078238
0.112289
0.190207
0.176291
0.305955
0.407447
0.077762
0.143735
0.120948
0.041902
0.112180
0.051224
0.045476
0.162840
0.181603
0.029408
0.293785
0.221424
0.151782
0.321623
0.276777
0.153968
0.224527
0.311819
0.150371
0.126796
0.139742
0.203385
0.068937
0.239015
0.130782
0.155174
0.167343
0.095564
0.137277
0.197750
0.422623
0.139826
0.209589
0.209927
0.118792
0.085559
0.110893
0.087732
0.064046
0.317725
0.162299
0.116085
0.101527
0.136736
0.230735
0.120689
0.332997
0.238736
0.176681
0.128740
0.100537
0.054559
0.180549
0.061121
0.040553
0.122465
0.254717
0.041945
0.246137
0.215686
0.175788
0.183523
0.197088
0.236396
0.281633
0.236793
0.115080
0.058430
0.178976
0.154774
0.229036
0.216237
0.168784
0.198102
0.158981
0.134688
0.199718
0.099283
0.399440
0.076040
0.184434
0.194723
0.136740
0.211405
0.170318
0.180189
0.084050
0.209453
0.342542
0.148823
0.118771
0.194663
0.313907
0.164021
0.271556
0.135189
0.161936
0.172310
0.218469
0.196262
0.265136
0.219329
0.094759
0.078045
0.216909
0.202451
0.237361
0.292070
0.147613
0.183111
0.119887
0.189005
0.315320
0.166987
0.098415
0.154634
0.115166
0.079223
0.372006
0.224116
0.138985
0.194722
0.202923
0.096229
0.167976
0.031199
0.316974
0.096567
0.198675
0.224497
0.111811
0.154127
0.269707
0.161563
0.203881
0.310456
0.486441
0.113647
0.082262
0.227762
0.365922
0.198748
0.200515
0.296087
0.190541
0.193914
0.299162
0.342195
0.431309
0.335704
0.173882
0.040280
0.070022
0.335179
0.234230
0.321448
0.151735
0.127656
0.042276
0.212168
0.181323
0.140557
0.080106
0.145667
0.035677
0.109419
0.255574
0.335993
0.073418
0.115315
0.280810
0.097221
0.081457
0.039559
0.223146
0.165586
0.121884
0.213042
0.131220
0.193390
0.292316
0.193085
0.293992
0.328666
0.448078
0.120858
0.106970
0.151412
0.330771
0.172794
0.206485
0.437803
0.231102
0.298445
0.235846
0.380189
0.595222
0.367287
0.171085
0.228349
0.187086
0.299577
0.246849
0.224654
0.120184
0.020825
0.047419
0.239800
0.230409
0.181311
0.212343
0.128725
0.067074
0.098153
0.100672
0.410311
0.095881
0.073965
0.331808
0.016635
0.095753
0.065231
0.164486
0.127892
0.195443
0.194723
0.099651
0.359940
0.303114
0.258087
0.213018
0.276706
0.326106
0.154589
0.076658
0.131782
0.222654
0.186787
0.180825
0.411095
0.211389
0.329634
0.196054
0.349893
0.743847
0.359431
0.180825
0.324136
0.270592
0.140657
0.323984
0.150265
0.117971
0.144096
0.096484
0.228407
0.135261
0.008837
0.304520
0.139458
0.150851
0.164738
0.070206
0.333303
0.144374
0.141675
0.246983
0.152717
0.068003
0.185432
0.144962
0.148418
0.236162
0.381806
0.027840
0.395267
0.338163
0.276615
0.355125
0.273394
0.253331
0.251182
0.052625
0.097377
0.169003
0.201543
0.104374
0.209152
0.139047
0.281771
0.226711
0.350100
0.851540
0.305667
0.317910
0.390708
0.271590
0.092018
0.284958
0.193823
0.125063
0.278874
0.065614
0.210125
0.239994
0.147908
0.268047
0.116861
0.144107
0.217870
0.141479
0.380185
0.199105
0.303711
0.134652
0.229462
0.013995
0.217758
0.071582
0.253442
0.195648
0.439345
0.124275
0.282298
0.265855
0.254570
0.501940
0.225596
0.180535
0.218573
0.139212
0.075568
0.229243
0.168007
0.121283
0.157205
0.088392
0.202029
0.298484
0.406315
0.746747
0.327992
0.436487
0.319155
0.129943
0.096716
0.218953
0.366237
0.200424
0.290057
0.095041
0.207703
0.263176
0.073248
0.227656
0.184675
0.275206
0.293546
0.104083
0.419149
0.224888
0.389188
0.114784
0.316878
0.054387
0.299324
0.124842
0.322677
0.256920
0.340209
0.130636
0.337172
0.261045
0.220826
0.584841
0.223686
0.122207
0.170946
0.184756
0.094868
0.169569
0.122673
0.065777
0.169743
0.159519
0.226478
0.110593
0.463772
0.525002
0.366737
0.410409
0.262756
0.135111
0.057427
0.194157
0.428565
0.235173
0.317998
0.163755
0.209351
0.212844
0.116312
0.214245
0.220187
0.224790
0.312359
0.047762
0.447398
0.238851
0.317414
0.184239
0.209822
0.208113
0.293919
0.141615
0.219305
0.278125
0.172759
0.105813
0.234204
0.280167
0.212745
0.597449
0.195731
0.128921
0.211280
0.226164
0.081131
0.165735
0.179594
0.128613
0.261272
0.137649
0.275365
0.098590
0.432316
0.295347
0.342920
0.355160
0.256827
0.104154
0.064396
0.168583
0.344188
0.168307
0.274180
0.165665
0.228040
0.140965
0.220944
0.151056
0.218898
0.176989
0.293957
0.074791
0.414519
0.264653
0.262300
0.167907
0.134504
0.340797
0.246068
0.203744
0.115979
0.230885
0.234237
0.097787
0.209032
0.261739
0.182570
0.495020
0.132599
0.117160
0.225301
0.245283
0.123532
0.154044
0.190941
0.169940
0.342338
0.160100
0.226770
0.110694
0.390538
0.212539
0.211912
0.307229
0.248829
0.048938
0.134119
0.063178
0.280990
0.149683
0.170627
0.143748
0.311075
0.085871
0.225555
0.280727
0.284686
0.248154
0.250444
0.156521
0.346509
0.279578
0.216423
0.162442
0.128958
0.311195
0.190755
0.220802
0.120288
0.177748
0.222401
0.184256
0.230174
0.241448
0.079317
0.371482
0.110783
0.155915
0.146803
0.219260
0.122080
0.179038
0.133202
0.185756
0.424607
0.152862
0.309902
0.106865
0.327817
0.238764
0.161266
0.233648
0.224435
0.243911
0.083974
0.187649
0.327182
0.142980
0.103635
0.184879
0.322537
0.031159
0.141377
0.297486
0.259101
0.186255
0.250122
0.290393
0.334806
0.312729
0.188112
0.167954
0.227032
0.299365
0.183751
0.147773
0.152603
0.155897
0.147702
0.280242
0.275890
0.164964
0.095585
0.250507
0.103493
0.237066
0.091229
0.195698
0.171882
0.178175
0.109341
0.097596
0.491320
0.162759
0.395431
0.061153
0.316366
0.208262
0.188889
0.081431
0.237041
0.329332
0.081342
0.212031
0.229155
0.085854
0.147796
0.270452
0.152800
0.044354
0.131196
0.346598
0.167537
0.061110
0.255416
0.303638
0.263649
0.296538
0.159981
0.149795
0.154015
0.267668
0.157075
0.102976
0.245349
0.179019
0.101734
0.284524
0.253468
0.232814
0.165870
0.227666
0.172151
0.207133
0.170996
0.125867
0.252251
0.257454
0.089557
0.227906
0.520902
0.168639
0.334119
0.138334
0.377317
0.093877
0.179558
0.190895
0.252389
0.335343
0.153550
0.242125
0.095948
0.076810
0.164476
0.253439
0.136815
0.081715
0.102217
0.396821
0.103159
0.189815
0.215450
0.239067
0.265875
0.261237
0.182954
0.153466
0.076284
0.305694
0.127433
0.176059
0.328425
0.125566
0.064739
0.184430
0.328187
0.255234
0.342624
0.184600
0.039418
0.089950
0.161315
0.092191
0.214943
0.369757
0.047094
0.338804
0.368670
0.175145
0.176098
0.170848
0.371230
0.088483
0.255732
0.252681
0.201757
0.341598
0.196897
0.311641
0.243055
0.093026
0.196554
0.172263
0.179089
0.127550
0.133925
0.393982
0.072890
0.180883
0.247550
0.184144
0.371795
0.241102
0.130140
0.157771
0.275078
0.261961
0.126874
0.190013
0.328845
0.105916
0.042799
0.174305
0.300189
0.229166
0.299536
0.242788
0.226491
0.118336
0.128684
0.061834
0.135551
0.303112
0.068508
0.358618
0.196397
0.250831
0.063575
0.118967
0.223995
0.175251
0.228785
0.280639
0.080299
0.363745
0.187927
0.273025
0.318754
0.068064
0.102930
0.104329
0.153760
0.084626
0.135311
0.261784
0.051262
0.286921
0.252620
0.136705
0.294176
0.264012
0.051033
0.129221
0.379851
0.216001
0.278952
0.111621
0.282725
0.164376
0.161599
0.173956
0.247386
0.099171
0.193366
0.393204
0.453271
0.240819
0.149716
0.066300
0.085230
0.240944
0.134490
0.302214
0.112156
0.317145
0.174387
0.094351
0.063422
0.257752
0.249595
0.357769
0.088439
0.376606
0.137139
0.262546
0.323822
0.080660
0.110267
0.079920
0.107429
0.027180
0.114253
0.240072
0.009933
0.381647
0.203124
0.105603
0.241721
0.204824
0.058042
0.086972
0.246848
0.252937
0.258181
0.058380
0.294462
0.233854
0.145012
0.144542
0.218630
0.073199
0.190400
0.468400
0.480118
0.313282
0.156090
0.084357
0.068106
0.302834
0.116255
0.163869
0.109989
0.347247
0.324669
0.066718
0.028052
0.337046
0.311968
0.401112
0.120035
0.294646
0.111710
0.348962
0.341893
0.026447
0.063187
0.107060
0.125260
0.017116
0.215227
0.251006
0.056269
0.289636
0.221323
0.098835
0.284256
0.068386
0.154328
0.134541
0.303242
0.219209
0.318539
0.128906
0.309794
0.241751
0.047940
0.063188
0.122946
0.105296
0.231826
0.507902
0.445525
0.274709
0.146476
0.080683
0.160969
0.348497
0.049086
0.067292
0.100958
0.226571
0.407760
0.071208
0.027080
0.493866
0.440425
0.329562
0.073557
0.124583
0.144363
0.348406
0.358999
0.254450
0.088407
0.034140
0.202173
0.082103
0.292594
0.093520
0.136716
0.131257
0.210245
0.173808
0.244555
0.033029
0.228101
0.140326
0.295221
0.241610
0.337331
0.198322
0.303288
0.159112
0.092999
0.048073
0.203636
0.127578
0.156332
0.555265
0.423883
0.236932
0.145968
0.088817
0.143298
0.231918
0.071957
0.057241
0.075806
0.095563
0.285917
0.151648
0.056325
0.606009
0.453282
0.276575
0.119388
0.136636
0.218913
0.168203
0.402399
0.393415
0.050780
0.050286
0.279224
0.112006
0.221885
0.112969
0.249755
0.186612
0.171013
0.187028
0.185003
0.027372
0.234616
0.017331
0.258718
0.239393
0.350066
0.152527
0.152295
0.098506
0.059148
0.188878
0.291664
0.141975
0.054277
0.467076
0.380283
0.217791
0.128768
0.128789
0.074381
0.038534
0.079060
0.179476
0.079005
0.217440
0.234202
0.281687
0.102678
0.658735
0.400910
0.400162
0.166484
0.140883
0.245758
0.062461
0.436562
0.341499
0.030067
0.121200
0.207322
0.051996
0.115764
0.276167
0.302779
0.172517
0.238590
0.232419
0.342160
0.089596
0.153210
0.112497
0.123174
0.314030
0.292023
0.093715
0.065280
0.145091
0.083858
0.266433
0.259667
0.132063
0.063385
0.303246
0.300087
0.182810
0.195416
0.082271
0.027798
0.179312
0.159008
0.085583
0.021961
0.330900
0.227833
0.266887
0.118270
0.564545
0.394212
0.520785
0.221053
0.222171
0.243924
0.045920
0.433572
0.255122
0.099569
0.138162
0.110471
0.073330
0.084834
0.305609
0.230605
0.121100
0.319482
0.219099
0.333068
0.108510
0.083868
0.156465
0.095017
0.501507
0.148191
0.184582
0.183028
0.143316
0.142705
0.197979
0.119986
0.185676
0.136936
0.219818
0.171604
0.189931
0.164416
0.116976
0.031703
0.277611
0.047255
0.171594
0.097249
0.237370
0.266666
0.091976
0.208830
0.480441
0.418102
0.422422
0.299852
0.180814
0.118751
0.072639
0.292775
0.170048
0.098729
0.105537
0.119230
0.078372
0.205022
0.225291
0.118907
0.224454
0.378992
0.283829
0.234161
0.130840
0.082613
0.218823
0.039158
0.434374
0.003732
0.178282
0.317806
0.205438
0.178876
0.055847
0.276539
0.134960
0.161666
0.291752
0.114433
0.206550
0.103155
0.113561
0.081358
0.272576
0.089468
0.322264
0.150037
0.127513
0.290169
0.088769
0.390730
0.448638
0.334919
0.163342
0.346775
0.029610
0.127413
0.355682
0.095257
0.187838
0.101993
0.095690
0.107836
0.046002
0.300171
0.225931
0.149805
0.296802
0.418476
0.364645
0.171617
0.163296
0.158605
0.207337
0.089662
0.286145
0.023169
0.170503
0.429120
0.131319
0.106854
0.169973
0.296488
0.167555
0.223480
0.371129
0.096450
0.060115
0.110929
0.154903
0.100954
0.192941
0.057407
0.314532
0.130923
0.166777
0.208300
0.144455
0.463328
0.463913
0.322652
0.129249
0.263779
0.165339
0.107603
0.420675
0.066978
0.030430
0.111410
0.078707
0.036242
0.128174
0.266131
0.297736
0.319730
0.288853
0.386696
0.364514
0.258870
0.301355
0.142894
0.173108
0.202183
0.243098
0.010090
0.144851
0.476335
0.219375
0.151878
0.175734
0.197738
0.170420
0.343288
0.358463
0.072863
0.146938
0.161132
0.265236
0.114640
0.251414
0.032969
0.262955
0.092483
0.276744
0.092409
0.216925
0.423885
0.380515
0.106555
0.278178
0.129771
0.339182
0.076576
0.350138
0.123818
0.109693
0.166121
0.008608
0.065804
0.112564
0.223551
0.263752
0.408483
0.294918
0.344151
0.285864
0.370747
0.423263
0.051574
0.107049
0.182248
0.107474
0.010041
0.169296
0.481915
0.292723
0.146327
0.138463
0.132272
0.036061
0.339892
0.385818
0.178951
0.136807
0.208882
0.329896
0.056453
0.232438
0.153288
0.111002
0.149837
0.216425
0.093169
0.312878
0.319473
0.217730
0.064842
0.313951
0.072183
0.394766
0.273216
0.360893
0.044744
0.136313
0.190635
0.136967
0.094444
0.047944
0.119300
0.066225
0.347816
0.259449
0.371067
0.399994
0.386506
0.459771
0.183624
0.051704
0.196811
0.105236
0.062582
0.147433
0.367105
0.457047
0.145456
0.153087
0.108007
0.111927
0.281517
0.307838
0.245334
0.070312
0.134052
0.257506
0.095434
0.140622
0.197438
0.063801
0.257544
0.067817
0.176920
0.398031
0.263265
0.069705
0.102708
0.285841
0.147569
0.403560
0.424751
0.415554
0.098280
0.118024
0.206619
0.253369
0.043930
0.108531
0.151554
0.051611
0.191921
0.210773
0.343960
0.430745
0.279517
0.384899
0.107349
0.127450
0.207300
0.185048
0.076056
0.161513
0.247712
0.588388
0.219034
0.095517
0.139417
0.137334
0.229669
0.224638
0.263051
0.150075
0.091709
0.205212
0.110921
0.092518
0.096680
0.168100
0.261971
0.034246
0.143615
0.339688
0.241529
0.079595
0.075924
0.505538
0.186604
0.456112
0.408166
0.391305
0.189117
0.092791
0.253320
0.296045
0.030978
0.210738
0.109106
0.171965
0.179073
0.065770
0.301553
0.336632
0.149218
0.380910
0.051680
0.079317
0.273542
0.180765
0.204462
0.246831
0.208534
0.682616
0.284848
0.143725
0.120980
0.016249
0.231474
0.161086
0.233472
0.276951
0.226994
0.244739
0.093757
0.087292
0.025461
0.284216
0.237852
0.081175
0.078890
0.218044
0.258124
0.033202
0.320885
0.507696
0.173888
0.460166
0.230813
0.264591
0.230144
0.153906
0.310095
0.310250
0.118327
0.261707
0.218573
0.144374
0.159509
0.104842
0.142666
0.241955
0.194903
0.367071
0.066391
0.082652
0.233568
0.199603
0.212187
0.250975
0.247885
0.608224
0.088753
0.164164
0.160058
0.108149
0.222064
0.075643
0.201318
0.356486
0.293221
0.402097
0.098001
0.075896
0.036453
0.365577
0.263892
0.181588
0.110364
0.167377
0.254324
0.084437
0.354795
0.537512
0.068976
0.404285
0.108700
0.224476
0.184667
0.143734
0.232884
0.220600
0.070347
0.281879
0.311456
0.041935
0.057662
0.075774
0.280705
0.181814
0.054799
0.232326
0.070065
0.123149
0.241096
0.264006
0.236849
0.198954
0.230974
0.429011
0.050024
0.179453
0.197877
0.060467
0.300433
0.065441
0.225914
0.273684
0.335409
0.391185
0.081648
0.207230
0.092208
0.261289
0.266859
0.153825
0.206790
0.146902
0.251108
0.170417
0.206838
0.649177
0.049840
0.334860
0.164474
0.163774
0.102030
0.137271
0.144508
0.045796
0.110271
0.274254
0.345469
0.002079
0.033729
0.087973
0.278550
0.095700
0.101505
0.175251
0.037814
0.195558
0.216569
0.222113
0.167078
0.093628
0.140443
0.264210
0.051148
0.119835
0.221527
0.188569
0.234913
0.211306
0.209218
0.276034
0.312224
0.187549
0.176898
0.268047
0.214399
0.244704
0.220505
0.089345
0.193054
0.144386
0.233621
0.247776
0.159141
0.627848
0.030988
0.310866
0.344109
0.047714
0.014783
0.046519
0.067974
0.137461
0.183589
0.270274
0.291179
0.080516
0.081026
0.126143
0.327520
0.101522
0.059702
0.185033
0.134261
0.286055
0.116030
0.155767
0.063851
0.151872
0.066219
0.181379
0.075046
0.075925
0.260421
0.216797
0.170695
0.374574
0.181597
0.199608
0.218500
0.064616
0.095279
0.209273
0.288076
0.330318
0.125675
0.006889
0.137938
0.174398
0.179826
0.323931
0.195363
0.448583
0.079680
0.313796
0.383570
0.149290
0.076175
0.131322
0.173165
0.210271
0.152678
0.361830
0.235345
0.203306
0.171089
0.139099
0.346318
0.200125
0.004474
0.199016
0.102746
0.300682
0.108082
0.055533
0.189648
0.134542
0.058228
0.081746
0.148686
0.168427
0.307372
0.133699
0.191376
0.402035
0.211399
0.064257
0.107845
0.079956
0.088480
0.127675
0.418872
0.345573
0.125823
0.020088
0.226778
0.223229
0.185736
0.313004
0.291443
0.316256
0.213299
0.251218
0.308774
0.268375
0.158156
0.147457
0.185541
0.325962
0.175394
0.470307
0.187795
0.185542
0.241123
0.023086
0.383780
0.097492
0.122980
0.255473
0.053467
0.243716
0.135958
0.015947
0.270877
0.136290
0.119791
0.011546
0.180922
0.210160
0.300984
0.069476
0.174071
0.311258
0.175449
0.109597
0.108311
0.148396
0.195611
0.185519
0.363715
0.181100
0.196199
0.090500
0.271372
0.257697
0.120745
0.199491
0.283790
0.305812
0.274137
0.126851
0.278008
0.420160
0.234861
0.065154
0.165954
0.450087
0.125323
0.455578
0.207443
0.173180
0.257669
0.033450
0.445909
0.120076
0.217929
0.178102
0.083653
0.129695
0.130408
0.025696
0.228450
0.211986
0.092318
0.112485
0.167744
0.256348
0.260761
0.069747
0.168929
0.222501
0.124071
0.141058
0.128399
0.212149
0.178857
0.213614
0.269642
0.104545
0.216470
0.106192
0.315978
0.212452
0.035761
0.145479
0.179939
0.234408
0.260067
0.169035
0.272998
0.471342
0.049233
0.089084
0.240593
0.495399
0.073551
0.363131
0.159347
0.247135
0.150817
0.093431
0.466475
0.225428
0.221998
0.081021
0.079499
0.074619
0.064773
0.104324
0.276496
0.275618
0.128143
0.149566
0.165237
0.341393
0.276519
0.096409
0.159220
0.273787
0.010620
0.220222
0.110059
0.231123
0.180284
0.178682
0.302451
0.158475
0.191454
0.118665
0.393562
0.120043
0.219688
0.174524
0.079970
0.181359
0.218634
0.088430
0.196284
0.537583
0.109754
0.133057
0.244962
0.424897
0.112613
0.297302
0.127757
0.289133
0.088309
0.090474
0.291359
0.286667
0.289419
0.059445
0.078700
0.066246
0.144119
0.044288
0.259798
0.371786
0.168395
0.136846
0.251545
0.427885
0.323370
0.105663
0.244902
0.423874
0.065497
0.312431
0.155003
0.224545
0.148726
0.199266
0.280103
0.276451
0.120398
0.228395
0.434696
0.141681
0.194109
0.156132
0.097927
0.140391
0.191671
0.188590
0.135795
0.574095
0.184975
0.233467
0.108465
0.341204
0.091754
0.340519
0.104520
0.254707
0.016559
0.101675
0.101830
0.281953
0.363317
0.055740
0.224176
0.096813
0.156340
0.180316
0.214845
0.366275
0.087249
0.167020
0.118752
0.451553
0.264728
0.138523
0.319216
0.438106
0.138606
0.329105
0.180076
0.219277
0.137753
0.271825
0.132180
0.369202
0.052511
0.329269
0.442452
0.153572
0.060341
0.278771
0.179492
0.166872
0.154194
0.260119
0.049384
0.583589
0.170945
0.267831
0.039639
0.308710
0.120458
0.338845
0.099631
0.189672
0.044857
0.081696
0.106101
0.194749
0.392422
0.012703
0.333339
0.172799
0.244750
0.264466
0.154609
0.419562
0.111076
0.122644
0.164991
0.393471
0.168958
0.164000
0.308955
0.238968
0.186781
0.320845
0.267555
0.168438
0.152696
0.310713
0.093899
0.371735
0.079729
0.309993
0.407226
0.267531
0.279861
0.326185
0.154182
0.155971
0.028073
0.225398
0.034322
0.476290
0.140978
0.197199
0.157223
0.210688
0.033951
0.251738
0.082658
0.075595
0.122797
0.063523
0.180046
0.132401
0.288734
0.070664
0.308284
0.314023
0.317655
0.175819
0.205161
0.247527
0.212339
0.064280
0.207223
0.347832
0.147152
0.114662
0.372180
0.102402
0.224639
0.238140
0.303626
0.150874
0.112605
0.167245
0.191519
0.340254
0.104181
0.193261
0.269130
0.354417
0.364692
0.339408
0.102072
0.217496
0.130963
0.221830
0.109843
0.360251
0.184016
0.192200
0.141693
0.155984
0.145360
0.165722
0.222776
0.075374
0.120468
0.127715
0.259627
0.200759
0.195552
0.120936
0.190258
0.461003
0.247614
0.173382
0.257705
0.083477
0.148564
0.109795
0.312880
0.354446
0.220709
0.056287
0.419477
0.135506
0.326353
0.180167
0.260699
0.236996
0.075430
0.058873
0.255044
0.445439
0.186541
0.181483
0.146731
0.294974
0.352829
0.186165
0.074517
0.287347
0.198837
0.222326
0.266257
0.289968
0.270069
0.154009
0.208019
0.138332
0.099451
0.055935
0.256523
0.079194
0.101159
0.250394
0.184224
0.191231
0.057776
0.281611
0.174609
0.430568
0.119038
0.134345
0.164842
0.093149
0.066046
0.187628
0.400975
0.291462
0.257868
0.080929
0.373939
0.116109
0.452538
0.209852
0.277196
0.310808
0.064304
0.049755
0.134535
0.384237
0.227169
0.204456
0.168516
0.373603
0.219353
0.129050
0.112854
0.289690
0.220020
0.272164
0.354503
0.186725
0.238306
0.134847
0.301796
0.135515
0.056586
0.238930
0.249100
0.254652
0.164568
0.144087
0.228696
0.282893
0.128544
0.351531
0.159466
0.273726
0.122370
0.090875
0.131453
0.141970
0.070349
0.148752
0.431878
0.173709
0.145554
0.092554
0.211626
0.055675
0.482357
0.203472
0.217953
0.186458
0.102430
0.188496
0.050289
0.169859
0.159749
0.198234
0.202156
0.210858
0.171003
0.137425
0.087543
0.191407
0.289225
0.296335
0.305737
0.149458
0.132669
0.135565
0.319758
0.229186
0.095598
0.307040
0.301988
0.358254
0.249491
0.080711
0.178660
0.162671
0.307508
0.345969
0.093141
0.191063
0.109196
0.169548
0.148948
0.279045
0.133393
0.160370
0.353225
0.135984
0.071165
0.110244
0.098629
0.155357
0.443862
0.222564
0.246791
0.077570
0.110593
0.227280
0.046297
0.060253
0.059646
0.199610
0.154049
0.109995
0.269852
0.168323
0.132577
0.157708
0.290933
0.214051
0.338495
0.157219
0.072446
0.182315
0.203729
0.386723
0.133000
0.303517
0.372829
0.354114
0.293950
0.087562
0.199933
0.115794
0.436057
0.309863
0.144199
0.159926
0.118355
0.116631
0.146283
0.363513
0.112442
0.161313
0.244872
0.161865
0.158522
0.113198
0.177716
0.169463
0.294377
0.285735
0.122806
0.094316
0.088361
0.157849
0.067929
0.053150
0.095169
0.193460
0.094396
0.213095
0.316052
0.135066
0.168528
0.157121
0.286893
0.112812
0.434262
0.161900
0.081107
0.194511
0.127124
0.439458
0.250229
0.284300
0.406062
0.285100
0.246602
0.233478
0.266774
0.152596
0.470256
0.342819
0.191846
0.170010
0.053463
0.097393
0.091164
0.389815
0.143083
0.114984
0.107960
0.149005
0.380866
0.071804
0.096611
0.296375
0.168030
0.327784
0.187378
0.164665
0.133518
0.243592
0.156626
0.131081
0.189800
0.177851
0.155533
0.300036
0.267257
0.118051
0.184831
0.153843
0.265077
0.159530
0.433927
0.328704
0.113192
0.167585
0.166001
0.456327
0.278161
0.220378
0.397934
0.292890
0.162357
0.253978
0.234551
0.109300
0.401312
0.251751
0.247378
0.084149
0.080001
0.057839
0.098314
0.341784
0.316259
0.181332
0.158364
0.089228
0.436508
0.039391
0.096725
0.291284
0.105909
0.368546
0.319726
0.201982
0.141841
0.154900
0.230079
0.201911
0.206403
0.101534
0.181937
0.263100
0.189653
0.130860
0.168081
0.131093
0.144195
0.127040
0.258108
0.431989
0.189618
0.160423
0.200986
0.358718
0.170256
0.190763
0.317226
0.304743
0.104935
0.214239
0.241937
0.081335
0.327242
0.135718
0.435737
0.097160
0.128667
0.045166
0.101474
0.311186
0.387627
0.228328
0.164435
0.191905
0.301701
0.041667
0.205564
0.182204
0.096718
0.264593
0.433079
0.212616
0.152496
0.112365
0.196485
0.224347
0.173076
0.049013
0.178114
0.120140
0.182406
0.162221
0.111140
0.118326
0.043458
0.160917
0.047678
0.455203
0.108429
0.125223
0.139347
0.225876
0.159204
0.212201
0.169505
0.240471
0.080485
0.247949
0.222774
0.127551
0.264416
0.168034
0.570449
0.131667
0.289175
0.006162
0.030861
0.243018
0.306815
0.232682
0.233676
0.182352
0.269112
0.120121
0.267557
0.092825
0.225931
0.213476
0.453276
0.231077
0.166294
0.103460
0.125935
0.202543
0.163049
0.031422
0.244224
0.224824
0.174387
0.218557
0.067705
0.111580
0.167730
0.244642
0.077731
0.415012
0.222491
0.140635
0.188593
0.198924
0.201150
0.269605
0.061278
0.156044
0.083751
0.300520
0.191217
0.122911
0.220407
0.086413
0.562982
0.044333
0.234540
0.075437
0.078263
0.174594
0.202149
0.207817
0.236699
0.233432
0.370925
0.055288
0.372469
0.129193
0.220139
0.156831
0.405516
0.161938
0.094097
0.014592
0.142440
0.293539
0.220342
0.089247
0.401278
0.273697
0.149613
0.236285
0.162273
0.060683
0.276087
0.217086
0.105955
0.428663
0.196976
0.095223
0.093423
0.183818
0.172367
0.291097
0.030980
0.037092
0.109967
0.284733
0.188243
0.088264
0.150990
0.165616
0.486108
0.137929
0.008669
0.040381
0.117650
0.086297
0.298099
0.207543
0.175310
0.389148
0.384327
0.091113
0.366627
0.090297
0.152874
0.188211
0.412439
0.188539
0.053964
0.238546
0.202666
0.278361
0.278887
0.115578
0.570547
0.218194
0.209975
0.273989
0.231196
0.122037
0.260820
0.179463
0.076326
0.432632
0.178641
0.127728
0.050564
0.195504
0.077497
0.193029
0.111529
0.034206
0.121183
0.180223
0.218215
0.208138
0.146016
0.162557
0.407021
0.356903
0.042466
0.059257
0.276865
0.096067
0.326512
0.112240
0.142009
0.503284
0.322510
0.121370
0.311957
0.235729
0.123986
0.235161
0.370678
0.271694
0.103976
0.307573
0.189203
0.249503
0.234111
0.061301
0.554762
0.184218
0.162529
0.190500
0.142842
0.119887
0.188428
0.248342
0.094964
0.398147
0.410535
0.163801
0.060403
0.125417
0.004138
0.100372
0.241638
0.103763
0.215378
0.169134
0.127320
0.240230
0.217643
0.073327
0.279155
0.516135
0.101613
0.124846
0.370706
0.101899
0.275279
0.023975
0.209774
0.466777
0.184181
0.136892
0.254053
0.335012
0.163046
0.233334
0.254354
0.297853
0.105518
0.271141
0.149502
0.232668
0.201834
0.251472
0.417872
0.229579
0.089853
0.164675
0.203267
0.158647
0.031358
0.257770
0.304358
0.289232
0.480785
0.244314
0.144460
0.009841
0.040104
0.134372
0.378217
0.190384
0.334446
0.169462
0.089853
0.169971
0.219243
0.210855
0.115777
0.508076
0.138493
0.062949
0.325898
0.138766
0.146776
0.135167
0.223308
0.394713
0.121576
0.352142
0.202583
0.327808
0.205402
0.270111
0.123451
0.284444
0.053409
0.325758
0.176238
0.253463
0.173343
0.432629
0.344841
0.115034
0.064070
0.224615
0.252858
0.112108
0.058858
0.289207
0.300302
0.253840
0.321587
0.263584
0.213627
0.095749
0.034560
0.076196
0.408629
0.188459
0.433164
0.161598
0.119538
0.223610
0.288319
0.281538
0.075860
0.393216
0.086501
0.042297
0.224480
0.213321
0.087196
0.110358
0.149125
0.408408
0.042653
0.382173
0.183761
0.216285
0.353442
0.288386
0.062719
0.219770
0.105203
0.307525
0.216885
0.144274
0.189433
0.359999
0.438678
0.150857
0.070695
0.274548
0.251397
0.203870
0.073687
0.288950
0.147432
0.330416
0.292157
0.288660
0.448006
0.068409
0.061695
0.178609
0.369217
0.150865
0.502211
0.122944
0.261342
0.278597
0.304988
0.199470
0.141200
0.359700
0.041348
0.143165
0.141898
0.147529
0.116540
0.105552
0.104624
0.356851
0.205948
0.214099
0.184442
0.167806
0.373703
0.333341
0.068875
0.150216
0.116257
0.259832
0.159790
0.092798
0.114819
0.267389
0.582571
0.148701
0.133257
0.264075
0.221037
0.200254
0.104854
0.255491
0.053016
0.347459
0.325617
0.312842
0.455709
0.029073
0.066203
0.278656
0.223381
0.200995
0.521164
0.093659
0.231978
0.137717
0.360651
0.177764
0.139240
0.429406
0.123815
0.172845
0.089134
0.033504
0.286823
0.106056
0.240493
0.202113
0.239271
0.107479
0.127055
0.265647
0.332644
0.212089
0.062351
0.071824
0.187045
0.280747
0.078584
0.081612
0.107528
0.300128
0.593285
0.133279
0.105068
0.211037
0.103966
0.329191
0.109153
0.223006
0.140144
0.227527
0.398073
0.281453
0.305199
0.043007
0.120821
0.389608
0.070215
0.193105
0.455235
0.094827
0.099650
0.079084
0.351622
0.129077
0.217345
0.492257
0.097151
0.203183
0.112327
0.175470
0.353710
0.105454
0.336545
0.148436
0.182663
0.134019
0.145648
0.205978
0.313718
0.142266
0.140520
0.046346
0.238238
0.343505
0.127967
0.089918
0.087182
0.349731
0.438300
0.217896
0.046560
0.209534
0.106118
0.314429
0.047217
0.131688
0.203681
0.106521
0.371690
0.247005
0.150721
0.178071
0.078780
0.354377
0.012981
0.184325
0.392263
0.137054
0.142490
0.104086
0.338229
0.042913
0.224630
0.491620
0.205302
0.206277
0.158188
0.137429
0.197648
0.119491
0.352448
0.168612
0.193981
0.219986
0.187429
0.162817
0.257032
0.139586
0.232391
0.183558
0.210985
0.335357
0.200892
0.105233
0.136666
0.281479
0.257508
0.312356
0.085502
0.155895
0.231297
0.219882
0.089960
0.063183
0.123986
0.173856
0.246374
0.154798
0.046741
0.176042
0.093110
0.174601
0.037511
0.242798
0.342645
0.235139
0.187129
0.030822
0.364131
0.057993
0.227718
0.341586
0.291849
0.195526
0.121712
0.117697
0.091217
0.203079
0.282264
0.109729
0.280364
0.340053
0.167191
0.069759
0.179469
0.142520
0.314534
0.211145
0.109088
0.306170
0.172628
0.130593
0.148487
0.158564
0.183464
0.306666
0.164627
0.099963
0.182582
0.159135
0.038290
0.062969
0.100076
0.240084
0.164937
0.097854
0.067345
0.197062
0.180193
0.085060
0.123726
0.197891
0.233292
0.310867
0.147046
0.089889
0.424370
0.046140
0.211282
0.115842
0.361733
0.112381
0.153474
0.080836
0.264454
0.221866
0.250690
0.072682
0.324961
0.321838
0.199536
0.078323
0.181532
0.148418
0.304663
0.262444
0.143985
0.445705
0.089026
0.079422
0.181950
0.089101
0.196506
0.287528
0.189708
0.055836
0.056236
0.172349
0.066841
0.209670
0.141177
0.209838
0.170948
0.037680
0.164544
0.222145
0.190213
0.152177
0.254655
0.152487
0.144672
0.370644
0.128386
0.294107
0.332503
0.082873
0.191599
0.061501
0.425939
0.081562
0.150949
0.040656
0.275886
0.167776
0.323404
0.261929
0.243255
0.217772
0.211033
0.169517
0.165647
0.202407
0.249628
0.268739
0.151243
0.442939
0.118490
0.150299
0.192250
0.103464
0.209016
0.324234
0.080440
0.052989
0.110898
0.218466
0.164784
0.208982
0.200413
0.011233
0.209474
0.015711
0.139568
0.190591
0.144637
0.116720
0.375614
0.222503
0.089318
0.387982
0.162470
0.339081
0.186729
0.165314
0.093491
0.136235
0.532558
0.141965
0.121029
0.047389
0.232831
0.154245
0.402986
0.252270
0.274088
0.321827
0.193827
0.201768
0.190028
0.262930
0.229328
0.254249
0.086441
0.353347
0.184192
0.243759
0.153511
0.030310
0.029261
0.225318
0.173924
0.077820
0.211230
0.278740
0.167744
0.157276
0.140072
0.133067
0.104657
0.078380
0.189550
0.033018
0.083231
0.006138
0.417123
0.204438
0.047311
0.544138
0.153203
0.266819
0.128077
0.213282
0.048072
0.095736
0.612325
0.134519
0.140892
0.067975
0.128015
0.239214
0.385736
0.132219
0.266085
0.365084
0.272562
0.157051
0.153403
0.243812
0.287651
0.261044
0.209081
0.351763
0.176176
0.124277
0.149027
0.121787
0.183773
0.027186
0.012027
0.124331
0.109480
0.328082
0.136946
0.155277
0.175526
0.141354
0.107836
0.055844
0.196238
0.115582
0.045679
0.157339
0.352880
0.070596
0.040945
0.634839
0.112040
0.385614
0.097212
0.196312
0.100545
0.027063
0.521698
0.146163
0.270324
0.112613
0.192830
0.227103
0.315732
0.174164
0.309056
0.256763
0.373392
0.180175
0.159487
0.161065
0.208485
0.304029
0.286241
0.250139
0.285848
0.089260
0.131148
0.116816
0.303976
0.191561
0.127156
0.147606
0.178419
0.259301
0.142929
0.066715
0.155020
0.107954
0.217199
0.021878
0.225373
0.062790
0.121847
0.199921
0.296887
0.083292
0.224905
0.451642
0.100402
0.298250
0.063073
0.168549
0.213710
0.056894
0.448154
0.195232
0.343430
0.169805
0.320061
0.194594
0.157336
0.235194
0.363366
0.168373
0.422902
0.252035
0.195575
0.104782
0.083620
0.346003
0.236224
0.165009
0.240322
0.157590
0.165874
0.200111
0.301419
0.198335
0.111117
0.166597
0.365158
0.178628
0.239109
0.265823
0.179321
0.027469
0.086416
0.091331
0.246163
0.102109
0.043817
0.185194
0.304027
0.176753
0.314737
0.305416
0.167282
0.196355
0.207411
0.166807
0.139631
0.079661
0.426978
0.353460
0.278219
0.134215
0.343216
0.143828
0.068861
0.211707
0.298889
0.068258
0.410970
0.266679
0.221372
0.150520
0.047398
0.381977
0.249248
0.395455
0.081185
0.210777
0.048768
0.229154
0.265536
0.092133
0.062435
0.190643
0.297617
0.225223
0.278956
0.359813
0.211801
0.184326
0.041423
0.176581
0.174960
0.135302
0.010051
0.144805
0.297051
0.174460
0.261401
0.179564
0.291695
0.053078
0.280962
0.150330
0.063653
0.253669
0.302743
0.436649
0.247863
0.144461
0.328064
0.126562
0.128037
0.130964
0.140858
0.278533
0.350105
0.260119
0.212655
0.084560
0.087660
0.397328
0.317173
0.548183
0.074559
0.284296
0.095946
0.224616
0.175033
0.100112
0.123171
0.149683
0.189186
0.294067
0.182068
0.312484
0.306080
0.172344
0.103130
0.189810
0.243762
0.151700
0.079450
0.020288
0.253759
0.165578
0.189925
0.204780
0.282812
0.132652
0.231413
0.134086
0.153298
0.296790
0.093293
0.399582
0.116650
0.168303
0.305009
0.241124
0.115428
0.032486
0.100464
0.416994
0.271896
0.256478
0.162532
0.045799
0.125873
0.285671
0.325753
0.533902
0.202052
0.335827
0.053693
0.209221
0.087148
0.213048
0.213985
0.008721
0.206451
0.208948
0.105489
0.415306
0.423813
0.156800
0.155473
0.170625
0.254212
0.200609
0.140163
0.093432
0.217286
0.174962
0.207363
0.101414
0.235476
0.145461
0.274828
0.177110
0.075427
0.210777
0.165184
0.366932
0.114415
0.144558
0.346457
0.232716
0.175726
0.081410
0.043434
0.343179
0.238028
0.339449
0.145517
0.039238
0.106113
0.120562
0.289170
0.470710
0.143402
0.315139
0.047737
0.192290
0.034767
0.219090
0.299184
0.062913
0.281896
0.144288
0.121606
0.456521
0.558854
0.231677
0.081518
0.206089
0.301578
0.243309
0.257822
0.186506
0.173057
0.255472
0.211815
0.133427
0.268514
0.198648
0.282349
0.125341
0.060981
0.220836
0.152797
0.344153
0.216782
0.162509
0.446618
0.192390
0.219396
0.159697
0.056974
0.245184
0.054558
0.456411
0.174869
0.075790
0.169351
0.155976
0.365632
0.468640
0.021582
0.331223
0.047896
0.179840
0.077907
0.117271
0.335882
0.068075
0.320024
0.236292
0.287839
0.425033
0.541471
0.326558
0.167880
0.189810
0.291262
0.205784
0.357124
0.237675
0.163999
0.132463
0.195256
0.195308
0.283435
0.316960
0.317379
0.102679
0.248129
0.376862
0.161081
0.355150
0.254517
0.126115
0.524339
0.212148
0.296283
0.197814
0.257285
0.311331
0.210481
0.336218
0.264087
0.209322
0.124513
0.200415
0.458203
0.441365
0.124094
0.389071
0.095652
0.104839
0.130068
0.095537
0.315533
0.084470
0.368111
0.204755
0.337766
0.325093
0.481044
0.368813
0.167960
0.092205
0.401085
0.107080
0.275730
0.226022
0.232807
0.029964
0.188361
0.295980
0.282064
0.445397
0.325529
0.117071
0.423268
0.530153
0.157399
0.355286
0.253942
0.095867
0.416642
0.201963
0.328316
0.246597
0.276511
0.297145
0.171009
0.138901
0.243977
0.286387
0.009100
0.130235
0.399281
0.446364
0.098117
0.446884
0.145065
0.061322
0.128864
0.292324
0.272657
0.142306
0.425512
0.072071
0.229578
0.267259
0.288824
0.335139
0.084661
0.132070
0.336054
0.144233
0.142215
0.227660
0.222794
0.080639
0.114168
0.287873
0.271229
0.419816
0.283682
0.064590
0.365499
0.430084
0.223015
0.235009
0.245242
0.005824
0.220040
0.161117
0.246062
0.297014
0.152073
0.149076
0.065017
0.131497
0.309924
0.372542
0.007324
0.138370
0.298844
0.310747
0.078551
0.410769
0.126759
0.118059
0.059959
0.256066
0.182249
0.216288
0.402172
0.021520
0.135135
0.114062
0.228413
0.312064
0.066024
0.111829
0.208626
0.196349
0.113979
0.273616
0.299879
0.142551
0.158640
0.246798
0.291202
0.197846
0.162152
0.145867
0.272834
0.181826
0.373151
0.187076
0.184857
0.016286
0.107212
0.148243
0.181209
0.238014
0.181578
0.068513
0.089291
0.183830
0.289204
0.438297
0.074747
0.191858
0.318656
0.258562
0.190998
0.276197
0.096784
0.138765
0.101329
0.120256
0.115941
0.171036
0.272639
0.067895
0.099865
0.128833
0.119644
0.291570
0.130187
0.087918
0.096762
0.198111
0.194977
0.291871
0.306540
0.206062
0.112930
0.289286
0.212759
0.090173
0.258352
0.079152
0.355853
0.068431
0.439610
0.307775
0.164476
0.033350
0.169458
0.048718
0.132266
0.154269
0.256691
0.107656
0.031362
0.154248
0.234368
0.347822
0.173035
0.358713
0.207168
0.275303
0.165898
0.145981
0.197301
0.237887
0.117830
0.004337
0.055653
0.115006
0.174066
0.074940
0.077924
0.220616
0.093765
0.192941
0.088552
0.187269
0.094445
0.290639
0.253646
0.208840
0.090847
0.153900
0.056443
0.250468
0.112606
0.196936
0.292638
0.021676
0.474998
0.085358
0.305538
0.311038
0.142082
0.037016
0.220680
0.049210
0.065450
0.103193
0.085186
0.028256
0.071295
0.219439
0.185009
0.203585
0.239078
0.487810
0.112225
0.240352
0.155199
0.081773
0.112511
0.244470
0.123328
0.135058
0.052342
0.136569
0.144116
0.090401
0.092447
0.226824
0.082881
0.123040
0.030681
0.242064
0.126780
0.288413
0.252248
0.158075
0.091249
0.207737
0.125336
0.200951
0.064485
0.244632
0.230851
0.039694
0.419243
0.148851
0.166665
0.199715
0.225460
0.075041
0.108661
0.166124
0.122849
0.051854
0.177243
0.014593
0.108610
0.108072
0.146446
0.145145
0.156732
0.403401
0.230946
0.155467
0.099641
0.084909
0.057109
0.256246
0.040233
0.174909
0.101621
0.148477
0.161472
0.150489
0.184634
0.220979
0.054156
0.209925
0.035319
0.194216
0.197590
0.251923
0.286112
0.109548
0.200448
0.220718
0.110830
0.115061
0.154052
0.206959
0.116131
0.043780
0.336694
0.068368
0.118147
0.218447
0.282859
0.146625
0.112900
0.198116
0.100232
0.066058
0.298720
0.065300
0.105114
0.075520
0.114852
0.166691
0.042043
0.226909
0.249856
0.155375
0.125540
0.157234
0.207511
0.146372
0.061964
0.079426
0.171615
0.213212
0.126262
0.079756
0.177954
0.125272
0.242594
0.132162
0.056404
0.235326
0.213191
0.267948
0.218029
0.044847
0.223155
0.255275
0.058280
0.110494
0.190184
0.135855
0.174509
0.106474
0.289096
0.074482
0.054531
0.217161
0.227151
0.065963
0.194267
0.242433
0.132795
0.042465
0.155710
0.126534
0.072275
0.039402
0.053761
0.128899
0.026870
0.110462
0.306236
0.233952
0.185818
0.216837
0.204179
0.096055
0.245608
0.046552
0.251690
0.149654
0.065528
0.152963
0.059755
0.092201
0.326517
0.017858
0.119559
0.163367
0.260288
0.325471
0.119641
0.184630
0.304614
0.245546
0.099597
0.186592
0.249643
0.097911
0.248695
0.120016
0.234077
0.171453
0.073387
0.165747
0.221400
0.066799
0.286071
0.189009
0.191310
0.117287
0.126148
0.167423
0.173374
0.135416
0.063237
0.111449
0.074649
0.065629
0.281368
0.310818
0.118249
0.333157
0.198070
0.228023
0.236655
0.075499
0.293778
0.211576
0.075779
0.176491
0.059706
0.172566
0.279330
0.059658
0.165986
0.026522
0.327715
0.227023
0.153701
0.278483
0.340283
0.219348
0.133930
0.230111
0.265034
0.237326
0.278496
0.029206
0.124333
0.159349
0.072358
0.203728
0.154606
0.155098
0.352011
0.145764
0.215369
0.192950
0.222204
0.163908
0.264064
0.129963
0.143605
0.142694
0.140974
0.095957
0.288695
0.303607
0.027288
0.424894
0.177257
0.213170
0.202179
0.161328
0.203726
0.199947
0.085273
0.207365
0.024778
0.266914
0.152749
0.212190
0.235763
0.096240
0.355952
0.242764
0.087096
0.293002
0.328021
0.142523
0.092021
0.196014
0.291837
0.357195
0.321470
0.042824
0.199272
0.099263
0.079804
0.333253
0.117506
0.249372
0.182569
0.141429
0.134532
0.224441
0.267611
0.200661
0.245329
0.153579
0.320150
0.220206
0.120957
0.043890
0.303219
0.473387
0.065278
0.475949
0.089053
0.284626
0.199581
0.098198
0.236918
0.277555
0.009643
0.311437
0.030583
0.284738
0.125495
0.251821
0.256715
0.036764
0.211034
0.259312
0.107508
0.365209
0.343702
0.093882
0.130212
0.151052
0.204006
0.210584
0.377587
0.128515
0.181830
0.122250
0.016903
0.355804
0.178483
0.144090
0.080186
0.186448
0.087016
0.175297
0.249658
0.153416
0.167645
0.180603
0.423833
0.285782
0.047134
0.060489
0.287154
0.390079
0.139687
0.463231
0.125154
0.246729
0.263795
0.113162
0.114475
0.269836
0.054448
0.335400
0.074490
0.278971
0.158444
0.149028
0.215325
0.122030
0.082920
0.220042
0.172989
0.446545
0.226897
0.144779
0.223287
0.225323
0.110055
0.070044
0.466662
0.112997
0.177873
0.199518
0.134281
0.308914
0.220647
0.142261
0.150215
0.132851
0.118509
0.204644
0.271493
0.144646
0.158059
0.222650
0.354834
0.379195
0.002708
0.120277
0.113258
0.344782
0.158881
0.476407
0.090143
0.127693
0.232793
0.150058
0.152806
0.207778
0.057458
0.238597
0.185488
0.336831
0.158537
0.171087
0.157225
0.145117
0.083135
0.212394
0.231467
0.406779
0.245858
0.153723
0.273437
0.178755
0.037427
0.147909
0.360263
0.094791
0.208058
0.202890
0.239693
0.307265
0.253167
0.103506
0.299590
0.225822
0.182235
0.254903
0.062487
0.100075
0.164520
0.298421
0.259382
