# G_2, p = 0.8000 GPa (dir_8000.0_bar).
# 6MR distortion Gamma = (1/2)(max - min) over the three opposite-O diagonals.
# 16 rings x 101 frames = 1616 samples.
# Column: per-6MR Gamma [A]
0.006272
0.006273
0.006273
0.006273
0.006314
0.006310
0.006242
0.006244
0.005103
0.005098
0.005104
0.005104
0.005206
0.005202
0.005012
0.005003
0.159826
0.030493
0.059346
0.101115
0.106561
0.088378
0.152003
0.048882
0.047674
0.155031
0.111437
0.034431
0.103498
0.308690
0.113981
0.078891
0.222885
0.092189
0.096187
0.063023
0.166920
0.095961
0.172824
0.086237
0.092998
0.324106
0.177619
0.112633
0.113942
0.490679
0.253117
0.070465
0.174808
0.114425
0.078001
0.181299
0.296159
0.081526
0.108506
0.060720
0.063878
0.394973
0.186615
0.081490
0.139185
0.442486
0.361522
0.104011
0.132637
0.020147
0.192878
0.268172
0.370280
0.058376
0.066101
0.073948
0.114509
0.269601
0.157465
0.096960
0.228859
0.459595
0.347917
0.195625
0.116549
0.154148
0.216718
0.258022
0.282287
0.095072
0.190889
0.078130
0.131907
0.146612
0.140990
0.174521
0.208141
0.480176
0.309542
0.178990
0.110742
0.098811
0.201361
0.316169
0.134010
0.196149
0.320137
0.114127
0.212570
0.177642
0.074925
0.123853
0.105428
0.389111
0.338488
0.093034
0.047082
0.110538
0.171000
0.239059
0.064795
0.353188
0.309676
0.174969
0.254615
0.284607
0.067170
0.022511
0.061434
0.252894
0.324369
0.223578
0.094560
0.163270
0.256702
0.164084
0.034648
0.398997
0.304827
0.131788
0.272500
0.399191
0.103247
0.044091
0.166274
0.167669
0.208102
0.272979
0.188807
0.134336
0.412554
0.118716
0.049522
0.295734
0.321390
0.108894
0.251783
0.304377
0.154164
0.027726
0.255753
0.225615
0.217146
0.263344
0.227519
0.112502
0.458501
0.055593
0.010155
0.129320
0.216465
0.105821
0.142031
0.161375
0.113865
0.082024
0.283441
0.155394
0.107316
0.257411
0.211000
0.091139
0.363243
0.003466
0.037706
0.136080
0.147450
0.134719
0.191479
0.073925
0.158529
0.069325
0.266049
0.178324
0.225835
0.258046
0.109334
0.123707
0.203944
0.087860
0.168633
0.161216
0.090366
0.235686
0.209656
0.128352
0.172769
0.053283
0.200539
0.284413
0.437798
0.216447
0.022368
0.180774
0.038805
0.207256
0.259179
0.106323
0.074663
0.139145
0.157896
0.170784
0.192085
0.055067
0.136687
0.289498
0.443463
0.075705
0.091298
0.173798
0.094156
0.229185
0.265121
0.142029
0.035759
0.037274
0.147218
0.107761
0.127534
0.124481
0.128642
0.242595
0.303011
0.057618
0.073781
0.084663
0.101798
0.079934
0.228811
0.113165
0.061705
0.116204
0.116102
0.057395
0.052040
0.144508
0.213452
0.130736
0.158004
0.236357
0.060093
0.066730
0.163910
0.170865
0.281709
0.066354
0.151737
0.195950
0.183516
0.056089
0.095792
0.058440
0.246629
0.059339
0.110302
0.273631
0.122931
0.091903
0.213754
0.262459
0.288836
0.083265
0.191658
0.317955
0.299210
0.038273
0.159500
0.059501
0.242276
0.023746
0.049061
0.254809
0.180996
0.048868
0.240453
0.205270
0.177648
0.146839
0.122231
0.336502
0.230289
0.114457
0.097848
0.124819
0.251502
0.037501
0.041161
0.269715
0.178521
0.114467
0.271492
0.277808
0.281930
0.185910
0.095850
0.236985
0.260985
0.178414
0.145153
0.189204
0.182676
0.060530
0.039994
0.203844
0.105364
0.161919
0.350663
0.273739
0.351813
0.203167
0.106083
0.128366
0.276153
0.231256
0.195984
0.217351
0.197809
0.101969
0.138476
0.314848
0.029189
0.169132
0.324019
0.165325
0.278386
0.136794
0.118265
0.150316
0.253556
0.252272
0.267016
0.255638
0.273579
0.146029
0.151292
0.367316
0.066224
0.173665
0.245873
0.033074
0.156281
0.037497
0.092934
0.258959
0.239427
0.251682
0.336995
0.170558
0.290035
0.131973
0.097202
0.373607
0.086466
0.186366
0.171999
0.159376
0.059996
0.184952
0.078713
0.193522
0.219208
0.290454
0.328509
0.026628
0.233183
0.141681
0.084613
0.363301
0.108719
0.193026
0.102494
0.214734
0.074636
0.218527
0.097554
0.051537
0.178590
0.328998
0.295911
0.201635
0.129844
0.172869
0.093112
0.285932
0.219608
0.191497
0.078038
0.239672
0.098582
0.162604
0.127811
0.099507
0.271658
0.187042
0.185441
0.287782
0.150399
0.161114
0.015546
0.187822
0.318381
0.247063
0.096090
0.227268
0.140488
0.165786
0.074243
0.074962
0.278414
0.043617
0.125510
0.215936
0.203318
0.138240
0.062100
0.131305
0.293993
0.222827
0.126004
0.319755
0.208695
0.242899
0.005477
0.071226
0.238459
0.162841
0.165445
0.218128
0.213393
0.153294
0.043462
0.106414
0.196552
0.108333
0.207438
0.423336
0.232627
0.192844
0.062259
0.054106
0.232239
0.214397
0.148658
0.162203
0.239147
0.175164
0.113153
0.147277
0.103597
0.142759
0.318470
0.375206
0.181815
0.233831
0.070790
0.084363
0.213515
0.252137
0.104838
0.098503
0.228156
0.172342
0.212377
0.355501
0.077029
0.172638
0.332224
0.247705
0.137193
0.188436
0.031090
0.130370
0.118871
0.273340
0.050423
0.132903
0.156103
0.215979
0.186755
0.480062
0.136528
0.154203
0.212633
0.030252
0.131604
0.094734
0.057577
0.075711
0.041857
0.264608
0.116518
0.196433
0.056289
0.203945
0.110860
0.470618
0.319823
0.136061
0.189329
0.215640
0.112223
0.116176
0.182371
0.181506
0.041029
0.196830
0.222962
0.233838
0.046260
0.102815
0.081544
0.346174
0.406371
0.148910
0.276501
0.425307
0.087181
0.189837
0.241906
0.240827
0.167560
0.130464
0.287946
0.181213
0.079370
0.106496
0.129755
0.190865
0.332378
0.133869
0.272733
0.519014
0.121989
0.223054
0.213116
0.126223
0.269917
0.066166
0.215296
0.121130
0.093680
0.145180
0.216218
0.185728
0.179994
0.050856
0.127804
0.415153
0.173058
0.252940
0.131130
0.152105
0.338741
0.026785
0.130842
0.101474
0.030984
0.174655
0.200031
0.105705
0.092786
0.153725
0.025071
0.227816
0.239680
0.334466
0.050930
0.271488
0.415460
0.110613
0.103842
0.128295
0.147933
0.213594
0.126429
0.187185
0.080803
0.310538
0.022658
0.063322
0.260315
0.327678
0.099980
0.336124
0.453556
0.195734
0.098330
0.179991
0.198355
0.263678
0.090158
0.137644
0.062702
0.339182
0.053077
0.124228
0.199174
0.182527
0.096333
0.252904
0.409887
0.232741
0.104470
0.165488
0.141258
0.180927
0.144862
0.108204
0.044260
0.269211
0.132489
0.171345
0.183304
0.036163
0.055807
0.106971
0.216136
0.228925
0.155579
0.145426
0.057964
0.187450
0.219391
0.115791
0.023106
0.134373
0.216766
0.222656
0.255055
0.215852
0.024752
0.104198
0.057151
0.238279
0.211352
0.211174
0.037904
0.314724
0.232535
0.090874
0.036356
0.037950
0.287882
0.224316
0.240711
0.309034
0.079005
0.177957
0.226233
0.244675
0.179166
0.354090
0.022925
0.350383
0.159351
0.111105
0.067666
0.082983
0.225831
0.104892
0.263346
0.360849
0.104514
0.203802
0.281561
0.181715
0.280544
0.332836
0.105243
0.267076
0.120844
0.104739
0.094485
0.171000
0.135926
0.212821
0.316477
0.246499
0.099952
0.196115
0.181102
0.074042
0.323595
0.225174
0.096780
0.152939
0.102753
0.179679
0.103361
0.187917
0.285063
0.267120
0.335147
0.112906
0.065804
0.237489
0.079278
0.301759
0.320434
0.095299
0.137525
0.116434
0.055491
0.263372
0.121464
0.121747
0.352303
0.206837
0.371989
0.032490
0.010042
0.312848
0.041772
0.386579
0.267107
0.125369
0.138976
0.031595
0.129705
0.227430
0.118863
0.106215
0.371259
0.201867
0.334101
0.052850
0.165598
0.327700
0.127305
0.342285
0.161909
0.183196
0.209495
0.076672
0.231488
0.127201
0.044751
0.153828
0.248668
0.222749
0.291061
0.067506
0.249008
0.254685
0.198118
0.206801
0.038213
0.206040
0.290275
0.110292
0.266542
0.058472
0.087131
0.139547
0.075717
0.194115
0.299781
0.175516
0.231382
0.207310
0.219640
0.030570
0.133914
0.226571
0.333581
0.138870
0.282891
0.131298
0.075214
0.151580
0.174649
0.093390
0.222864
0.302823
0.191882
0.186416
0.134179
0.133879
0.257090
0.195927
0.292115
0.189173
0.383086
0.103467
0.045172
0.187726
0.308138
0.170171
0.174469
0.257486
0.137635
0.277330
0.022534
0.223277
0.326709
0.160368
0.161024
0.149554
0.439996
0.077910
0.071502
0.188193
0.400566
0.233408
0.254973
0.063978
0.117710
0.385949
0.159038
0.270799
0.244614
0.063732
0.173591
0.042070
0.293090
0.066036
0.067127
0.127992
0.419845
0.280601
0.301673
0.075926
0.102326
0.291545
0.195559
0.275430
0.089944
0.158591
0.225874
0.055375
0.075183
0.231965
0.114520
0.095913
0.357967
0.307974
0.351816
0.100793
0.134830
0.225435
0.090889
0.238868
0.053809
0.177103
0.266081
0.116140
0.118118
0.344843
0.103626
0.149554
0.192644
0.266406
0.432695
0.205435
0.124937
0.198347
0.094845
0.229857
0.087002
0.149862
0.307024
0.150276
0.252462
0.323839
0.028504
0.205017
0.023605
0.184007
0.383948
0.259569
0.159826
0.179816
0.218939
0.223401
0.129613
0.217337
0.311884
0.128340
0.279363
0.282948
0.070911
0.209774
0.100025
0.172841
0.328110
0.170701
0.142755
0.288552
0.295728
0.151119
0.140808
0.215257
0.271850
0.233864
0.213910
0.213184
0.104955
0.169625
0.194519
0.210289
0.245441
0.090895
0.122875
0.329814
0.227552
0.177723
0.100784
0.118382
0.170032
0.272480
0.204287
0.142525
0.067726
0.105789
0.273767
0.179481
0.173218
0.187890
0.138653
0.359422
0.051583
0.329779
0.188086
0.071970
0.125962
0.222361
0.184164
0.071969
0.056163
0.029041
0.268475
0.160563
0.151478
0.260165
0.056664
0.313623
0.065380
0.382330
0.278549
0.035259
0.098743
0.120254
0.221210
0.171606
0.059783
0.017894
0.216251
0.180269
0.106087
0.277475
0.025964
0.223337
0.081941
0.472005
0.281911
0.062066
0.132879
0.087122
0.296663
0.253353
0.047966
0.083985
0.164678
0.169800
0.072888
0.245283
0.083055
0.183256
0.113691
0.409668
0.224851
0.041707
0.378829
0.150810
0.348281
0.261405
0.062292
0.115391
0.146504
0.106312
0.136568
0.248659
0.200980
0.223952
0.152591
0.359238
0.160638
0.014873
0.398498
0.196466
0.358442
0.234021
0.088215
0.076412
0.193566
0.050073
0.154944
0.163102
0.241099
0.213024
0.159656
0.261702
0.106459
0.096942
0.181630
0.207221
0.330980
0.163748
0.126597
0.116925
0.184252
0.178807
0.094001
0.227518
0.236401
0.214176
0.129726
0.184324
0.062752
0.174166
0.073754
0.162606
0.222983
0.065363
0.076639
0.208747
0.074128
0.222876
0.035089
0.339897
0.218296
0.213607
0.033966
0.127196
0.059781
0.165185
0.255508
0.092718
0.040063
0.128775
0.082622
0.151347
0.303919
0.183631
0.105140
0.352959
0.294695
0.189841
0.147455
0.083353
0.139844
0.177972
0.327554
0.080708
0.171036
0.235416
0.089659
0.077408
0.317960
0.188209
0.106629
0.409488
0.309140
0.194059
0.325183
0.084599
0.234103
0.191872
0.264292
0.118038
0.265702
0.171818
0.057112
0.246577
0.171330
0.252182
0.078652
0.470056
0.267364
0.142934
0.370107
0.240887
0.331832
0.157838
0.083325
0.187344
0.273222
0.071902
0.034856
0.341190
0.139722
0.224351
0.065832
0.387860
0.129148
0.231251
0.258179
0.276245
0.372216
0.097379
0.072613
0.298023
0.268735
0.246917
0.174796
0.330103
0.041825
0.091641
0.134708
0.264977
0.079907
0.206755
0.144089
0.214727
0.299758
0.117846
0.109801
0.376154
0.296819
0.414167
0.279917
0.348674
0.100719
0.055869
0.239823
0.130250
0.136421
0.130544
0.068291
0.198831
0.146926
0.088307
0.158866
0.340108
0.270695
0.360865
0.279680
0.355419
0.198652
0.075101
0.292069
0.097499
0.140391
0.091900
0.082732
0.160197
0.027706
0.060776
0.236909
0.198032
0.167295
0.230378
0.236049
0.229199
0.171608
0.076122
0.313966
0.086996
0.170794
0.042784
0.152264
0.168202
0.203629
0.075846
0.277762
0.045230
0.164305
0.129046
0.142767
0.042420
0.090220
0.087873
0.345535
0.134491
0.329755
0.067053
0.200298
0.201625
0.253441
0.071682
0.318251
0.123401
0.192866
0.138778
0.137094
0.176529
0.025859
0.121211
0.328735
0.155540
0.310511
0.176689
0.270579
0.210368
0.302566
0.110858
0.368637
0.083883
0.161481
0.158764
0.113459
0.250451
0.083839
0.178486
0.245975
0.193802
0.275048
0.112668
0.343772
0.213873
0.357088
0.138798
0.254782
0.056557
0.222202
0.196635
0.032680
0.257812
0.070360
0.169731
0.087491
0.258717
0.294594
0.095957
0.278192
0.208351
0.327920
0.134862
0.131817
0.200469
0.252679
0.098275
0.071002
0.307417
0.009865
0.217393
0.140258
0.208042
0.226387
0.323986
0.085179
0.209404
0.187149
0.091122
0.246045
0.291147
0.170043
0.189851
0.094250
0.314454
0.084997
0.150210
0.316475
0.178129
0.159112
0.474476
0.089234
0.151313
0.105240
0.079131
0.332888
0.285924
0.088433
0.295143
0.085031
0.218472
0.169807
0.230499
0.412612
0.274285
0.100060
0.445926
0.106952
0.035505
0.288113
0.234389
0.348490
0.220814
0.179800
0.353438
0.122118
0.097261
0.165899
0.223366
0.429661
0.294601
0.023210
0.383916
0.146735
0.068786
0.301302
0.239273
0.237041
0.053329
0.192087
0.319113
0.179583
0.083947
0.086563
0.182192
0.363261
0.266015
0.119502
0.385059
0.174281
0.130933
0.236140
0.214222
0.070687
0.157191
0.206810
0.269918
0.163636
0.138109
0.055497
0.205916
0.175300
0.235742
0.235399
0.292506
0.204327
0.178052
0.171548
0.242634
0.081825
0.236893
0.195597
0.251605
0.117489
0.162378
0.143018
0.367341
0.063141
0.301414
0.299464
0.246343
0.202841
0.193586
0.140242
0.119828
0.021447
0.195624
0.220168
0.205194
0.125485
0.126415
0.131995
0.417786
0.094782
0.386170
0.215997
0.293543
0.152569
0.337875
0.187261
0.044732
0.004867
0.175938
0.213630
0.047059
0.097920
0.153364
0.128089
0.370611
0.133691
0.378891
0.110525
0.381462
0.173282
0.387466
0.184995
0.211860
0.072314
0.177319
0.165569
0.225732
0.183943
0.110411
0.193611
0.252767
0.134030
0.356737
0.251443
0.358754
0.137210
0.373626
0.137474
0.269772
0.122794
0.124514
0.104637
0.358232
0.199448
0.058734
0.268159
0.199827
0.089540
0.358327
0.334566
0.291534
0.193047
0.309558
0.027826
0.243840
0.121132
0.038272
0.184639
0.413617
0.173437
0.043080
0.273430
0.321471
0.090111
0.332970
0.379362
0.228221
0.252524
0.228466
0.053486
0.157558
0.074819
0.070710
0.233336
0.370930
0.132734
0.065387
0.191747
0.383799
0.080748
0.301584
0.391186
0.279122
0.252168
0.208502
0.196143
0.160739
0.039114
0.131754
0.237235
0.349731
0.085820
0.097986
0.079415
0.370568
0.143729
0.353458
0.345937
0.253328
0.104911
0.095231
0.312382
0.220894
0.054297
0.063129
0.226491
0.188667
0.123193
0.172735
0.089523
0.283188
0.113904
0.412762
0.295165
0.185088
0.167003
0.089418
0.333085
0.155600
0.083033
0.094943
0.196069
0.111467
0.143209
0.284677
0.218550
0.191984
0.108826
0.422950
0.152035
0.126028
0.368482
0.146215
0.444934
0.074232
0.118629
0.081960
0.164641
0.152249
0.102772
0.280541
0.230369
0.079912
0.070779
0.557694
0.020805
0.054355
0.376250
0.087668
0.487041
0.065962
0.155250
0.074309
0.185677
0.190578
0.090100
0.194711
0.140027
0.080866
0.101282
0.582212
0.108404
0.002501
0.286568
0.140325
0.434030
0.191370
0.091160
0.174228
0.288206
0.280798
0.122008
0.050946
0.164929
0.196045
0.190978
0.556297
0.194180
0.038725
0.121558
0.290138
0.238667
0.306963
0.075410
0.189248
0.277857
0.291481
0.263167
0.148205
0.177073
0.209019
0.189191
0.431565
0.241033
0.051997
0.061303
0.319404
0.296317
0.338252
0.140322
0.079463
0.210895
0.252918
0.296402
0.185045
0.136156
0.191337
0.177813
0.210263
0.244037
0.066675
0.171569
0.281224
0.364720
0.279418
0.128863
0.093954
0.193763
0.281836
0.196453
0.167906
0.183765
0.153380
0.156780
0.033382
0.197997
0.136368
0.289422
0.281441
0.400794
0.271460
0.096977
0.135239
0.155137
0.186244
0.120799
0.157038
0.221721
0.008935
0.073019
0.131427
0.160956
0.146486
0.318171
0.429478
0.395454
0.276259
0.079940
0.086756
0.118204
0.037797
