# G_2, p = 0.1000 GPa (dir_1000.0_bar).
# 6MR distortion Gamma = (1/2)(max - min) over the three opposite-O diagonals.
# 16 rings x 101 frames = 1616 samples.
# Column: per-6MR Gamma [A]
0.003880
0.003851
0.003909
0.003901
0.003840
0.003835
0.003799
0.003822
0.003919
0.003881
0.003864
0.003861
0.003838
0.003847
0.003788
0.003814
0.152465
0.043469
0.062551
0.097723
0.099779
0.097308
0.155832
0.040100
0.061447
0.160754
0.107329
0.023968
0.092207
0.309522
0.117969
0.087932
0.220974
0.115269
0.112000
0.043726
0.166205
0.099786
0.173425
0.065848
0.131273
0.345039
0.172547
0.085422
0.109337
0.489106
0.242958
0.108776
0.154622
0.132359
0.113485
0.158560
0.263028
0.115835
0.069188
0.064159
0.087298
0.451608
0.200554
0.083889
0.142220
0.438525
0.325767
0.168032
0.083195
0.043307
0.213967
0.275940
0.316959
0.112680
0.054077
0.111503
0.094359
0.345167
0.188082
0.111768
0.216962
0.422752
0.306248
0.212873
0.061360
0.154639
0.247962
0.307901
0.214091
0.081223
0.214731
0.151119
0.120376
0.209326
0.099191
0.178158
0.180145
0.398392
0.272506
0.151332
0.159757
0.159103
0.253625
0.352147
0.098797
0.237918
0.360263
0.154269
0.146209
0.246985
0.051769
0.124690
0.120361
0.353184
0.289514
0.041111
0.117032
0.089955
0.326115
0.300922
0.026890
0.424370
0.394566
0.125444
0.216486
0.332279
0.167809
0.024942
0.117141
0.264687
0.218891
0.136943
0.059270
0.171306
0.369022
0.235645
0.082675
0.452375
0.326663
0.108816
0.254202
0.409992
0.238969
0.105586
0.141255
0.258182
0.086812
0.155704
0.122609
0.179978
0.422452
0.190130
0.131402
0.315360
0.287151
0.084074
0.263893
0.308994
0.279729
0.031289
0.223501
0.359846
0.062511
0.187718
0.168929
0.131357
0.419676
0.147867
0.098605
0.094822
0.207415
0.094785
0.182914
0.224044
0.220349
0.079254
0.250960
0.270478
0.131386
0.279707
0.184433
0.101054
0.285929
0.147015
0.068380
0.088978
0.158885
0.047182
0.174032
0.141573
0.178549
0.095825
0.198963
0.172112
0.250559
0.300041
0.138864
0.172818
0.121994
0.216749
0.102688
0.167071
0.172845
0.171804
0.233847
0.180743
0.119666
0.042708
0.080369
0.345499
0.365664
0.304907
0.070411
0.255044
0.082668
0.243816
0.188540
0.212697
0.216912
0.172500
0.223204
0.207906
0.066289
0.126464
0.129850
0.388627
0.276397
0.232941
0.079476
0.276644
0.205209
0.262710
0.227418
0.241455
0.210405
0.124941
0.195101
0.117377
0.119127
0.211398
0.215005
0.347882
0.106071
0.105242
0.060673
0.204035
0.233492
0.249430
0.161641
0.214475
0.193594
0.071415
0.144325
0.059510
0.199383
0.234226
0.274494
0.256976
0.085927
0.103308
0.050107
0.083256
0.219227
0.345412
0.233017
0.128438
0.180758
0.071009
0.161114
0.061474
0.164688
0.162036
0.281732
0.151778
0.251491
0.223340
0.024044
0.102824
0.232532
0.380957
0.227168
0.074102
0.204627
0.202581
0.256449
0.067482
0.182406
0.064587
0.177651
0.086596
0.212925
0.287213
0.073045
0.165759
0.214247
0.278436
0.164805
0.050617
0.093257
0.272630
0.258449
0.159386
0.098416
0.156509
0.054454
0.063735
0.084216
0.285416
0.128550
0.200704
0.223986
0.281554
0.141042
0.080095
0.129293
0.250363
0.343117
0.220198
0.040766
0.362748
0.127566
0.077459
0.055423
0.133418
0.130866
0.237774
0.266172
0.370550
0.185361
0.215571
0.198102
0.246792
0.397030
0.249289
0.135892
0.480260
0.274418
0.057436
0.097986
0.217597
0.138546
0.239322
0.281770
0.399049
0.161940
0.234612
0.243203
0.255534
0.342871
0.209941
0.174920
0.480813
0.323164
0.143171
0.054857
0.297173
0.207159
0.211121
0.211434
0.236837
0.026097
0.188642
0.163764
0.270016
0.252139
0.137922
0.101557
0.318338
0.297738
0.261484
0.131347
0.254337
0.163936
0.171072
0.210879
0.070255
0.138562
0.210955
0.009608
0.292995
0.135212
0.223025
0.030102
0.176662
0.216652
0.279947
0.148038
0.137566
0.119101
0.113440
0.184652
0.248376
0.228053
0.213878
0.151797
0.253701
0.132415
0.267194
0.126796
0.110659
0.137152
0.199261
0.103329
0.097942
0.200115
0.142929
0.138787
0.320937
0.210921
0.089387
0.232417
0.155183
0.213256
0.131631
0.144893
0.169563
0.114229
0.033964
0.093164
0.118240
0.231227
0.201178
0.134326
0.256862
0.253313
0.176073
0.127331
0.077058
0.239320
0.025084
0.175010
0.193537
0.163241
0.167142
0.082850
0.169223
0.252653
0.154051
0.075754
0.266650
0.269716
0.375397
0.091330
0.074817
0.204528
0.068977
0.212871
0.208451
0.099101
0.270547
0.013186
0.106226
0.234362
0.096584
0.192280
0.362080
0.258113
0.392438
0.116941
0.167047
0.180351
0.165337
0.213992
0.196685
0.067539
0.305671
0.189654
0.083634
0.282189
0.237592
0.318924
0.377259
0.202441
0.373847
0.186865
0.128133
0.226238
0.170186
0.178851
0.143621
0.116623
0.304991
0.366646
0.240340
0.298371
0.293364
0.346940
0.337959
0.127117
0.281259
0.194067
0.136812
0.108748
0.148418
0.190018
0.100568
0.094815
0.253141
0.302271
0.340385
0.228142
0.177467
0.268303
0.167125
0.099407
0.118181
0.182594
0.192781
0.021561
0.170327
0.129326
0.113462
0.051473
0.144221
0.173425
0.334958
0.134573
0.056498
0.165206
0.212582
0.146479
0.230537
0.183153
0.249011
0.094095
0.153968
0.131353
0.101821
0.031165
0.055633
0.125857
0.207905
0.312769
0.017662
0.200409
0.462390
0.108627
0.338267
0.162719
0.168389
0.195414
0.127325
0.293677
0.076853
0.073335
0.081895
0.079411
0.094997
0.338568
0.058271
0.206768
0.544838
0.112528
0.403918
0.141032
0.081522
0.240673
0.080468
0.245935
0.060699
0.063439
0.053553
0.031321
0.149226
0.227032
0.132902
0.078342
0.411824
0.109766
0.387775
0.182563
0.046743
0.262055
0.024303
0.128742
0.030484
0.134850
0.094630
0.108753
0.104482
0.120522
0.109754
0.201809
0.246814
0.132522
0.457376
0.176285
0.118822
0.331814
0.098539
0.093415
0.108107
0.349447
0.272818
0.173043
0.089559
0.085787
0.084649
0.261897
0.078197
0.209488
0.390680
0.159215
0.221429
0.355969
0.105482
0.086423
0.195971
0.416226
0.456031
0.130169
0.139589
0.047554
0.034901
0.201136
0.076486
0.155990
0.179000
0.148165
0.222641
0.296866
0.156854
0.082002
0.261026
0.272245
0.411937
0.041806
0.123792
0.027459
0.034930
0.272088
0.138516
0.035446
0.131630
0.220742
0.205906
0.123363
0.138869
0.100918
0.222687
0.153101
0.188092
0.013156
0.139389
0.068174
0.035333
0.388750
0.115583
0.155523
0.372229
0.184373
0.126530
0.022918
0.167429
0.058786
0.147603
0.151915
0.070147
0.050254
0.192039
0.150353
0.021330
0.301964
0.093735
0.205901
0.432222
0.088832
0.090051
0.107812
0.273466
0.017468
0.174602
0.105841
0.258662
0.118549
0.200138
0.129465
0.141173
0.171421
0.136453
0.188563
0.416919
0.061419
0.211853
0.138671
0.304503
0.013935
0.175994
0.078692
0.315801
0.131505
0.138664
0.046421
0.267350
0.137628
0.214697
0.163917
0.311204
0.066270
0.272555
0.101131
0.167070
0.082733
0.096979
0.120519
0.238071
0.155381
0.138772
0.058146
0.300141
0.233391
0.178941
0.219101
0.127132
0.101901
0.305147
0.064045
0.093242
0.204752
0.089597
0.089960
0.130095
0.196357
0.112214
0.098773
0.319743
0.348824
0.209406
0.223312
0.052402
0.075457
0.333322
0.138916
0.194623
0.224379
0.209991
0.228551
0.154600
0.194035
0.058709
0.047429
0.266708
0.419585
0.242888
0.286402
0.168636
0.034049
0.357358
0.184300
0.233589
0.173751
0.252230
0.277329
0.142717
0.274503
0.208382
0.069362
0.175670
0.381609
0.163130
0.281145
0.149588
0.079349
0.321416
0.134398
0.225950
0.253289
0.122718
0.244275
0.099218
0.312971
0.234970
0.167794
0.200159
0.324703
0.174285
0.231983
0.052068
0.156046
0.252036
0.088621
0.207390
0.250333
0.126961
0.145297
0.110992
0.339498
0.200721
0.088591
0.274823
0.357741
0.180510
0.122223
0.131062
0.214734
0.108699
0.120866
0.127248
0.161029
0.151343
0.046140
0.070863
0.270261
0.180691
0.066859
0.274175
0.387538
0.152738
0.098985
0.171989
0.225647
0.163001
0.155169
0.117392
0.233708
0.095920
0.154224
0.099962
0.201090
0.110088
0.169658
0.339236
0.438476
0.029308
0.125762
0.249834
0.193059
0.374873
0.138852
0.181457
0.266183
0.034061
0.200049
0.215203
0.123518
0.202407
0.248246
0.420133
0.391461
0.068636
0.078309
0.300386
0.061724
0.457984
0.171972
0.224123
0.171043
0.086071
0.188934
0.154515
0.087813
0.352863
0.216434
0.397867
0.279741
0.098740
0.249426
0.224513
0.171852
0.372018
0.172231
0.181473
0.171000
0.094454
0.196608
0.101868
0.198030
0.479506
0.167589
0.315345
0.270212
0.213531
0.376524
0.082608
0.181929
0.247733
0.133478
0.131773
0.162578
0.127847
0.204624
0.141917
0.290886
0.493014
0.175436
0.320490
0.278791
0.275966
0.357095
0.045264
0.146100
0.189137
0.164683
0.126121
0.135130
0.163368
0.223666
0.134641
0.307937
0.400464
0.176616
0.302208
0.233955
0.196839
0.289646
0.045464
0.097654
0.173657
0.180340
0.175467
0.132852
0.124004
0.217326
0.166642
0.234989
0.232449
0.103384
0.229886
0.214204
0.221762
0.273556
0.123895
0.100970
0.143962
0.171611
0.145435
0.158403
0.100320
0.113160
0.236768
0.148334
0.083381
0.015568
0.214707
0.109344
0.183546
0.202241
0.105017
0.089280
0.131834
0.178114
0.089805
0.226593
0.082753
0.089047
0.253099
0.103117
0.061784
0.051290
0.272511
0.062932
0.172431
0.106986
0.077421
0.146836
0.104430
0.128465
0.287904
0.245220
0.044156
0.250109
0.171730
0.050834
0.144651
0.077892
0.295750
0.086006
0.192306
0.154472
0.187191
0.217415
0.052868
0.100913
0.425007
0.210007
0.139671
0.308386
0.115311
0.066496
0.203441
0.109869
0.272501
0.068873
0.146464
0.168731
0.177987
0.246093
0.041896
0.164301
0.460699
0.120752
0.137593
0.379539
0.076616
0.127472
0.219743
0.147143
0.286851
0.045840
0.108815
0.176247
0.099046
0.257283
0.092599
0.170854
0.457182
0.187490
0.047719
0.309879
0.145472
0.245474
0.245655
0.155665
0.183707
0.126711
0.125929
0.212132
0.206927
0.228854
0.195665
0.103573
0.368364
0.154049
0.127996
0.165731
0.236174
0.281349
0.171744
0.127024
0.088770
0.120065
0.116904
0.228834
0.330128
0.150877
0.247006
0.014299
0.168713
0.066517
0.296654
0.091667
0.250379
0.156267
0.109915
0.176943
0.032258
0.107902
0.111535
0.214238
0.363425
0.163963
0.236683
0.179389
0.292004
0.014898
0.305705
0.220077
0.151256
0.037883
0.084726
0.174276
0.051265
0.146956
0.209760
0.213146
0.299644
0.186648
0.257134
0.313607
0.382535
0.084741
0.254918
0.298888
0.086385
0.072914
0.092031
0.136719
0.125096
0.205487
0.259445
0.182774
0.264171
0.265028
0.287907
0.354797
0.265932
0.116719
0.177575
0.272563
0.115096
0.095970
0.007165
0.051914
0.256335
0.327810
0.235662
0.099729
0.293240
0.269213
0.298533
0.401634
0.215470
0.151368
0.080386
0.225781
0.021126
0.160544
0.183080
0.077363
0.358302
0.245177
0.193599
0.007960
0.247514
0.218788
0.273343
0.313889
0.314114
0.150990
0.015653
0.183899
0.182359
0.201635
0.317445
0.148100
0.334299
0.124013
0.170943
0.070220
0.189523
0.224687
0.226715
0.136178
0.473267
0.231510
0.096596
0.122302
0.170104
0.232842
0.328780
0.231571
0.268159
0.237029
0.101681
0.083217
0.344613
0.188399
0.086083
0.035821
0.525449
0.234810
0.184528
0.088456
0.180073
0.291799
0.313417
0.258596
0.145814
0.249992
0.053376
0.116589
0.448690
0.142399
0.041500
0.020423
0.447447
0.233614
0.223312
0.167619
0.183317
0.288848
0.193165
0.278864
0.083986
0.206697
0.116783
0.138164
0.376175
0.176237
0.117544
0.067021
0.318215
0.235365
0.149983
0.206857
0.265292
0.255916
0.134565
0.201367
0.210100
0.193479
0.119644
0.160863
0.310848
0.224138
0.156547
0.121745
0.293045
0.181443
0.071707
0.160992
0.253538
0.214358
0.349861
0.181609
0.296233
0.235964
0.200518
0.206500
0.256143
0.199389
0.094891
0.139096
0.212615
0.104124
0.236519
0.125018
0.154438
0.073846
0.384583
0.123267
0.310779
0.204903
0.324776
0.169945
0.217303
0.149571
0.070592
0.151640
0.137502
0.050207
0.212262
0.076638
0.208882
0.086556
0.337615
0.064875
0.143593
0.139178
0.348955
0.117210
0.127706
0.112862
0.233437
0.201525
0.077580
0.021063
0.159305
0.173258
0.288381
0.225423
0.232346
0.062396
0.053780
0.091963
0.295817
0.131554
0.123022
0.115592
0.334099
0.280113
0.020023
0.138059
0.162574
0.264947
0.294761
0.299502
0.086386
0.081879
0.153322
0.087262
0.207245
0.079374
0.062382
0.135835
0.363939
0.269002
0.163579
0.265330
0.185477
0.228402
0.250250
0.344491
0.041064
0.029504
0.200576
0.065229
0.159779
0.097550
0.159145
0.100156
0.257845
0.154784
0.321528
0.333281
0.183922
0.139463
0.224490
0.377799
0.115737
0.151563
0.190019
0.071915
0.125176
0.009113
0.263525
0.126981
0.134791
0.082520
0.368910
0.360445
0.099294
0.147743
0.204334
0.325460
0.195881
0.303021
0.107551
0.234592
0.120192
0.132524
0.260874
0.141498
0.194289
0.094225
0.386731
0.263833
0.091697
0.226478
0.095512
0.254856
0.249827
0.338800
0.104340
0.235713
0.291213
0.230142
0.241057
0.065370
0.256599
0.121945
0.387197
0.124065
0.087491
0.211569
0.126023
0.126371
0.219765
0.252020
0.136895
0.103676
0.428116
0.277964
0.199192
0.103815
0.259939
0.063565
0.300474
0.064323
0.210739
0.084632
0.253340
0.069868
0.151142
0.114435
0.225261
0.061330
0.472945
0.242265
0.183718
0.132883
0.277038
0.110407
0.266312
0.220833
0.168940
0.035490
0.281342
0.187502
0.092652
0.065075
0.346409
0.229572
0.385495
0.203343
0.157722
0.150753
0.250198
0.239476
0.214158
0.245267
0.093115
0.061281
0.286252
0.185909
0.102566
0.142762
0.445695
0.267321
0.247394
0.177762
0.138336
0.169870
0.229392
0.264364
0.166498
0.169494
0.102906
0.076507
0.241738
0.178129
0.054155
0.272636
0.436828
0.156720
0.271651
0.094037
0.152732
0.178485
0.216434
0.186411
0.069647
0.251841
0.106134
0.152169
0.207859
0.081563
0.195690
0.244833
0.356495
0.283361
0.262131
0.054607
0.226628
0.194025
0.183409
0.197730
0.224355
0.312850
0.089062
0.152294
0.112147
0.124539
0.236265
0.106478
0.232197
0.340486
0.287647
0.081901
0.332447
0.192962
0.125214
0.203395
0.292144
0.170301
0.068083
0.167442
0.108760
0.237803
0.151145
0.079835
0.129024
0.298067
0.274250
0.195546
0.277769
0.110982
0.189813
0.214273
0.264314
0.053171
0.151724
0.149280
0.185526
0.205886
0.057060
0.124941
0.252769
0.187837
0.215381
0.221326
0.262059
0.072748
0.246355
0.232996
0.219208
0.021177
0.090202
0.071418
0.196700
0.133759
0.054678
0.095734
0.431668
0.116906
0.046868
0.159293
0.224868
0.067756
0.120348
0.164615
0.115643
0.059462
0.049970
0.115299
0.137603
0.193162
0.048315
0.085647
0.465151
0.108662
0.220573
0.075503
0.215876
0.077217
0.136397
0.027754
0.113238
0.150244
0.128753
0.115564
0.091935
0.297066
0.190561
0.107564
0.386084
0.089446
0.328182
0.098491
0.253207
0.102157
0.200026
0.102874
0.182515
0.235166
0.242862
0.084814
0.070669
0.377353
0.310675
0.202308
0.254364
0.121332
0.286233
0.069478
0.225261
0.099831
0.191877
0.204942
0.133773
0.163492
0.279246
0.105428
0.083778
0.287903
0.311928
0.206577
0.174441
0.212636
0.233252
0.040955
0.154426
0.161834
0.140850
0.297881
0.130865
0.213737
0.211170
0.120467
0.247754
0.141185
0.273566
0.210056
0.166225
0.274948
0.169311
0.135854
0.265957
0.239655
0.127789
0.373805
0.068395
0.339820
0.204037
0.082347
0.374973
0.077995
0.263838
0.163104
0.037181
0.287276
0.037301
0.184237
0.290211
0.259433
0.150377
0.384588
0.145427
0.335766
0.101711
0.054586
0.386131
0.008022
0.348082
0.143865
0.207541
0.285293
0.073426
0.112629
0.262579
0.228079
0.144109
0.301878
0.257533
0.282878
0.071809
0.011581
0.330299
0.018241
0.341001
