# G_2, p = 1.5000 GPa (dir_15000.0_bar).
# Isolated-8MR (not in any D8R): 48 rings x 101 frames = 4848 samples.
# Column: per-isolated-8MR Delta [A]
1.558325
1.540120
1.558325
1.540187
1.558080
1.542370
1.557928
1.542473
1.558609
1.542461
1.558610
1.542434
1.557751
1.540101
1.557779
1.540084
1.557879
1.539230
1.557869
1.539286
1.557706
1.539921
1.557682
1.539901
1.558292
1.539815
1.558288
1.539844
1.557904
1.539068
1.557921
1.539119
1.558982
1.543196
1.558975
1.543174
1.557118
1.543410
1.557096
1.543444
1.559150
1.543501
1.559143
1.543448
1.557146
1.543029
1.557102
1.543099
1.553108
1.561986
1.575269
1.592065
1.545827
1.560243
1.717064
1.568218
1.558675
1.581960
1.634684
1.343900
1.498968
1.592546
1.697197
1.459530
1.466566
1.478863
1.410844
1.390537
1.503754
1.648433
1.687254
1.477394
1.496240
1.435247
1.786190
1.660684
1.544463
1.577009
1.448399
1.495014
1.487420
1.562427
1.593098
1.658753
1.662818
1.496899
1.608425
1.524442
1.390530
1.555225
1.613563
1.459580
1.653927
1.502198
1.545304
1.426408
1.451664
1.538211
1.553972
1.579673
1.620907
1.496867
1.781642
1.602050
1.652755
1.621600
1.732688
1.088009
1.337902
1.613010
1.672909
1.370800
1.522097
1.376984
1.390552
1.313602
1.628375
1.638437
1.729212
1.543392
1.466108
1.274519
1.824423
1.671136
1.498656
1.744033
1.262967
1.497069
1.445430
1.526382
1.618389
1.689884
1.850666
1.386817
1.483297
1.533494
1.322253
1.514258
1.506128
1.461175
1.623960
1.526290
1.465500
1.434668
1.370638
1.499645
1.672994
1.570681
1.623121
1.495159
1.711686
1.587446
1.686056
1.604968
1.660999
0.989955
1.198876
1.503861
1.737217
1.409137
1.625491
1.381076
1.505479
1.334553
1.800403
1.657995
1.727021
1.635776
1.441438
1.290655
1.677504
1.745077
1.447210
1.832356
1.229713
1.567760
1.470816
1.599653
1.671575
1.632247
1.817881
1.311885
1.449542
1.576882
1.310499
1.439656
1.490962
1.514312
1.694731
1.535404
1.436501
1.428392
1.379315
1.563942
1.725710
1.613515
1.556338
1.536309
1.685849
1.513128
1.674249
1.564095
1.702560
0.929869
1.256592
1.390775
1.812760
1.434146
1.580128
1.465607
1.559312
1.313617
1.747044
1.636663
1.712455
1.606729
1.478027
1.276180
1.578688
1.859608
1.459812
1.792489
1.242109
1.562894
1.535599
1.769402
1.598851
1.489962
1.659911
1.323569
1.578793
1.610345
1.296812
1.408306
1.586094
1.472884
1.776194
1.531690
1.351232
1.357954
1.387615
1.501758
1.576196
1.573978
1.592425
1.423179
1.681859
1.413395
1.630757
1.544884
1.800712
0.777467
1.221307
1.363549
1.835076
1.443970
1.578303
1.554832
1.602418
1.219229
1.701995
1.656150
1.707206
1.592995
1.560432
1.265669
1.521172
1.911467
1.455095
1.720100
1.325448
1.618319
1.508796
1.868856
1.495640
1.501481
1.589020
1.282333
1.631925
1.522916
1.294175
1.471636
1.555703
1.453428
1.763192
1.423994
1.182168
1.353400
1.381873
1.461370
1.418249
1.551476
1.636810
1.426971
1.641708
1.397920
1.683622
1.550632
1.792445
0.684027
1.035624
1.398747
1.782780
1.475580
1.618584
1.556760
1.587608
1.116889
1.736298
1.755713
1.758485
1.629030
1.559565
1.176063
1.548576
1.923399
1.479941
1.670507
1.459576
1.561842
1.370183
1.852420
1.509348
1.605109
1.601836
1.183199
1.522299
1.407807
1.344078
1.575585
1.503003
1.490852
1.728990
1.390786
1.089754
1.412660
1.337567
1.532388
1.372018
1.517035
1.544353
1.622851
1.588903
1.404740
1.695961
1.641534
1.805503
0.774028
0.984497
1.554821
1.783636
1.579230
1.636355
1.450480
1.505972
1.080103
1.711987
1.828878
1.743377
1.588895
1.548090
1.156347
1.490749
1.930497
1.496731
1.599392
1.593912
1.441742
1.404315
1.816996
1.635269
1.575675
1.517082
1.190701
1.527164
1.355435
1.308967
1.652856
1.464359
1.463074
1.766208
1.390098
1.131640
1.380607
1.381036
1.639362
1.388066
1.546784
1.560513
1.655350
1.680030
1.416425
1.533990
1.796175
1.682534
1.027530
1.040615
1.529022
1.812954
1.615018
1.602993
1.442337
1.379711
1.133954
1.639969
1.740868
1.751615
1.535459
1.600301
1.189400
1.354024
1.872977
1.371244
1.497709
1.625640
1.433510
1.549041
1.774813
1.754535
1.437317
1.427040
1.348473
1.573622
1.409551
1.278580
1.641133
1.353716
1.536813
1.818544
1.349574
1.243105
1.338907
1.337881
1.692114
1.350676
1.559068
1.546432
1.507948
1.659490
1.393210
1.349369
1.830448
1.593605
1.173039
1.040408
1.419128
1.671868
1.486491
1.656649
1.594432
1.316505
1.187836
1.473466
1.605191
1.533944
1.505296
1.641230
1.226773
1.320202
1.862716
1.283461
1.412695
1.542280
1.463236
1.523497
1.711220
1.678799
1.450978
1.413435
1.517760
1.458996
1.426697
1.308395
1.630717
1.241667
1.660059
1.622148
1.305912
1.332289
1.372694
1.214903
1.681922
1.287665
1.495465
1.499140
1.327787
1.447900
1.463315
1.297695
1.699330
1.669204
1.311818
1.052179
1.329982
1.457314
1.388480
1.613229
1.652288
1.345036
1.262601
1.328787
1.565243
1.410847
1.349510
1.589680
1.327689
1.342947
1.869873
1.315997
1.463702
1.487748
1.438875
1.424639
1.666160
1.663379
1.579575
1.543633
1.513355
1.413989
1.370687
1.376178
1.622878
1.412837
1.703763
1.523159
1.284864
1.576032
1.424365
1.171741
1.642828
1.438912
1.370817
1.436140
1.262863
1.318215
1.496473
1.286188
1.596561
1.680635
1.435887
1.075649
1.420521
1.351407
1.428210
1.516600
1.624646
1.337162
1.327404
1.214200
1.542925
1.379866
1.073719
1.525350
1.404503
1.400900
1.839323
1.391647
1.442310
1.567039
1.362764
1.391109
1.616524
1.634759
1.541094
1.637155
1.289766
1.512694
1.292091
1.431867
1.522606
1.621100
1.549998
1.581638
1.308883
1.693068
1.436784
1.275347
1.574285
1.581058
1.288353
1.466976
1.228884
1.293101
1.484960
1.334757
1.642906
1.573630
1.590304
1.181628
1.406977
1.433144
1.441274
1.481193
1.608967
1.321959
1.426685
1.128057
1.568429
1.385327
0.887125
1.529201
1.429740
1.423602
1.715138
1.426521
1.382799
1.557871
1.343308
1.386694
1.558875
1.456579
1.281273
1.571230
1.285778
1.553429
1.268530
1.478541
1.449856
1.595356
1.453029
1.574980
1.468351
1.632403
1.480860
1.332993
1.573219
1.587271
1.260204
1.454653
1.204735
1.235427
1.381980
1.321440
1.548992
1.522832
1.652062
1.237238
1.330281
1.394289
1.389418
1.437935
1.531035
1.425233
1.444647
1.213810
1.565283
1.386580
0.860057
1.450651
1.482276
1.444972
1.576907
1.447221
1.326718
1.619312
1.354379
1.260220
1.407702
1.302771
1.078248
1.482327
1.508577
1.519162
1.226979
1.435440
1.366957
1.346112
1.426293
1.479555
1.459257
1.500468
1.539590
1.333748
1.523924
1.613007
1.216124
1.470640
1.222631
1.209387
1.391480
1.275368
1.443325
1.611459
1.680332
1.339316
1.339683
1.279578
1.371520
1.250806
1.459312
1.559895
1.475302
1.369578
1.522756
1.298502
0.839105
1.311339
1.609057
1.444616
1.436410
1.566335
1.280912
1.658046
1.291759
1.254183
1.281860
1.239189
1.135958
1.347496
1.695927
1.617251
1.135679
1.400729
1.323475
1.200468
1.416204
1.482510
1.405989
1.360003
1.492331
1.366819
1.445764
1.599142
1.232703
1.485082
1.166790
1.239126
1.373542
1.201613
1.286948
1.577776
1.598201
1.429525
1.519947
1.206252
1.349347
1.119425
1.389716
1.539952
1.588116
1.380800
1.447895
1.235189
0.895139
1.235843
1.629021
1.349520
1.347937
1.635505
1.244567
1.503390
1.285880
1.375476
1.167953
1.193795
1.272320
1.295051
1.493504
1.647662
1.103018
1.435498
1.312657
1.190668
1.258629
1.439797
1.357306
1.190289
1.431728
1.391829
1.301476
1.528503
1.362150
1.651844
1.155428
1.207913
1.364111
1.252558
1.157202
1.575925
1.542392
1.520317
1.517225
1.272264
1.444826
1.106567
1.381696
1.518408
1.662854
1.357406
1.488237
1.238917
0.954643
1.256842
1.537835
1.307676
1.251918
1.396498
1.196297
1.401388
1.331553
1.394640
1.185944
1.148459
1.231973
1.251944
1.265953
1.622519
1.153924
1.513581
1.341591
1.200599
1.164551
1.396268
1.288389
1.154793
1.427704
1.359255
1.217691
1.542853
1.345531
1.699408
1.206076
1.087363
1.354225
1.212789
1.040303
1.506962
1.497805
1.633737
1.519311
1.296698
1.528052
1.118153
1.366778
1.483530
1.549360
1.348847
1.538169
1.232610
1.032017
1.304948
1.462532
1.297252
1.103347
1.103103
1.120421
1.214622
1.368568
1.357664
1.209196
1.170850
1.153350
1.202917
1.233321
1.570695
1.321649
1.622087
1.261070
1.305581
1.166567
1.298855
1.297697
1.173045
1.376212
1.296005
1.171195
1.511248
1.306607
1.597666
1.320905
1.078441
1.329457
1.128872
0.949718
1.412878
1.490212
1.762386
1.615302
1.209317
1.393993
0.998866
1.277682
1.446065
1.494182
1.399583
1.583369
1.233088
1.150178
1.269403
1.476388
1.199038
1.005617
1.084034
1.151005
1.116406
1.438400
1.391300
1.211426
1.230463
1.282611
1.196695
1.287474
1.530954
1.466183
1.491659
1.167403
1.389117
1.265709
1.226213
1.303389
1.208951
1.308738
1.330119
1.178114
1.504912
1.291609
1.440180
1.241287
1.258212
1.396174
1.141189
0.988871
1.337257
1.365358
1.841022
1.604966
1.103397
1.150301
0.911788
1.205102
1.379462
1.566415
1.407579
1.403567
1.263564
1.339671
1.275924
1.446542
1.200504
0.924601
1.242047
1.089595
1.115054
1.417317
1.324709
1.108864
1.213147
1.464150
1.279242
1.302031
1.483463
1.471191
1.389862
1.171356
1.346461
1.338803
1.224873
1.280857
1.208425
1.320994
1.362921
1.187409
1.344456
1.343151
1.351944
1.205276
1.356411
1.500144
1.232948
1.063116
1.177797
1.268804
1.716603
1.386461
1.045458
1.027957
0.987266
1.135668
1.347914
1.606406
1.387394
1.239376
1.265032
1.402872
1.363524
1.421277
1.209033
0.864671
1.144532
0.957790
1.084289
1.372305
1.201647
1.013686
1.182938
1.449362
1.303667
1.281939
1.457533
1.442493
1.404355
1.242502
1.344423
1.358599
1.299045
1.272082
1.285884
1.357289
1.317690
1.130826
1.200591
1.358372
1.212090
1.292946
1.322730
1.519536
1.361314
1.033805
0.837414
1.327164
1.557037
1.241942
1.052852
1.113992
1.134732
0.993805
1.386613
1.499165
1.370876
1.166853
1.297803
1.427037
1.436937
1.391749
1.191953
0.814301
1.094705
0.968642
0.980275
1.372424
1.180722
0.940269
1.265889
1.487325
1.272497
1.195283
1.393604
1.448035
1.362232
1.230792
1.403656
1.315080
1.310175
1.260023
1.437239
1.346611
1.234464
1.054179
1.116565
1.270542
1.127390
1.331709
1.286658
1.450810
1.456653
0.946954
0.684223
1.237711
1.449312
1.161166
1.098968
1.224425
1.281930
0.881432
1.413686
1.299412
1.313177
1.076713
1.273796
1.468763
1.444190
1.290149
1.167334
0.836585
1.191315
1.112595
1.025065
1.398168
1.277275
0.941983
1.322824
1.547670
1.152038
1.223862
1.406021
1.408312
1.356633
1.127224
1.404323
1.208069
1.247835
1.248690
1.408625
1.257451
1.202743
1.061816
1.068006
1.153824
1.049086
1.281226
1.221347
1.312968
1.399476
0.868678
0.743321
1.031859
1.365947
1.033107
1.109353
1.288168
1.425790
0.903683
1.427657
1.190236
1.359575
0.958728
1.429417
1.691319
1.454645
1.312944
1.230913
0.936498
1.194607
1.261375
1.223514
1.444127
1.370422
1.030400
1.259789
1.498902
1.088839
1.236448
1.307924
1.348435
1.336555
1.187980
1.330084
1.114871
1.133111
1.268660
1.214278
1.179724
1.227971
1.122058
1.037874
1.241952
0.987661
1.256859
1.150852
1.233502
1.326185
0.875055
0.885502
0.951431
1.341897
0.953555
1.032057
1.213875
1.508774
0.952739
1.281226
1.169893
1.388063
0.864943
1.505822
1.798276
1.397648
1.355529
1.282734
1.023456
1.169903
1.308580
1.392159
1.471769
1.371043
1.140993
1.215219
1.358475
1.058356
1.165308
1.103729
1.353319
1.196086
1.307739
1.315118
1.109589
1.096680
1.339296
1.127243
1.148893
1.319520
1.158821
1.025860
1.288763
0.981065
1.298304
1.212825
1.144086
1.298885
1.059295
0.837432
1.059864
1.440726
1.030455
1.037294
1.102583
1.478063
0.971109
1.138827
1.183142
1.361084
0.830865
1.357531
1.725094
1.378818
1.322348
1.275909
0.958858
1.265285
1.263319
1.401502
1.411443
1.298800
1.191310
1.311919
1.322378
1.043093
1.102184
1.006657
1.409161
1.151785
1.362636
1.362553
1.142335
1.210031
1.319222
1.220911
1.127362
1.422652
1.114351
0.921937
1.261739
1.069458
1.379511
1.368723
1.092590
1.295950
1.175254
0.732649
1.268784
1.455737
1.113064
1.168579
1.078078
1.403976
1.046360
1.034388
1.133198
1.244594
0.877410
1.189531
1.622502
1.185880
1.164647
1.217215
0.942577
1.335539
1.243592
1.304544
1.242222
1.209238
1.258684
1.359395
1.332291
1.042281
1.084830
0.976534
1.375131
1.106897
1.355489
1.147142
1.207321
1.238176
1.255263
1.236585
1.097529
1.476883
1.002913
0.851161
1.171308
1.092850
1.516384
1.452469
1.091549
1.272062
1.229023
0.830501
1.419037
1.374215
1.030200
1.341327
1.191337
1.489971
1.209208
0.948749
1.027455
1.136925
0.871020
1.145512
1.659239
1.006661
1.047837
1.319591
1.110566
1.332525
1.267114
1.221006
1.160841
1.169165
1.313266
1.284359
1.225180
1.090966
1.045133
0.984582
1.309807
1.013382
1.336092
0.960745
1.237589
1.159697
1.377091
1.217066
1.015659
1.525156
0.839291
0.911623
1.160805
1.101476
1.500234
1.420041
1.115601
1.249340
1.310833
1.001137
1.516747
1.232175
0.961401
1.488426
1.259837
1.595613
1.322360
0.948958
1.044025
1.078968
0.829064
1.084016
1.596600
1.031714
0.979740
1.338221
1.304259
1.353080
1.264233
1.211522
1.167586
1.207208
1.299039
1.318488
1.090946
1.063694
1.048815
0.970898
1.284000
0.998442
1.312386
0.987159
1.206426
1.094453
1.527405
1.323149
0.958817
1.450925
0.859522
1.049092
1.206915
1.173100
1.445492
1.363673
1.103468
1.230925
1.513660
1.161048
1.503262
1.114677
0.921448
1.596403
1.219300
1.508898
1.430667
0.981458
1.220951
1.046625
0.781448
0.991878
1.444205
1.046846
0.914647
1.319423
1.385247
1.413486
1.266966
1.247676
1.093562
1.284922
1.187626
1.363128
1.041529
1.082318
1.052878
0.904935
1.309672
1.076554
1.283362
1.114492
1.267836
1.085971
1.366160
1.415743
0.988114
1.267685
0.993945
1.049574
1.306611
1.183294
1.390142
1.383426
1.093245
1.276823
1.562617
1.199464
1.422875
1.006990
1.010040
1.605795
1.190844
1.322332
1.399878
1.018288
1.262415
0.969352
0.855375
0.973895
1.306299
0.981893
0.865744
1.366752
1.363326
1.461517
1.273641
1.234717
1.055700
1.271952
1.056586
1.246890
1.028006
1.209893
1.112655
0.770636
1.323530
1.181982
1.154716
1.165715
1.218864
1.040317
1.238355
1.417198
1.120664
1.214531
1.144555
1.012188
1.246204
1.085004
1.378168
1.394573
1.106815
1.372606
1.470544
1.264233
1.341093
0.991740
1.006278
1.506982
1.259956
1.227925
1.416836
1.029616
1.039439
0.946213
0.923103
1.040637
1.270029
0.997473
0.916543
1.441957
1.345720
1.436909
1.222763
1.238551
0.966248
1.185087
1.056910
1.212869
1.058079
1.340524
1.148249
0.652492
1.309621
1.215389
0.950345
1.212138
1.232652
1.028019
1.283778
1.363715
1.187923
1.347194
1.219422
1.117680
1.111202
0.945810
1.399794
1.411769
1.124758
1.336056
1.445966
1.189929
1.443221
0.990962
0.988005
1.434854
1.324503
1.270148
1.538065
1.025949
0.945239
0.924265
0.921357
1.068993
1.162290
1.225874
0.847821
1.419467
1.469137
1.447956
1.178834
1.278209
0.908729
1.147258
1.113945
1.339348
1.131574
1.439928
1.207662
0.586509
1.317978
1.218367
0.891199
1.280733
1.379735
1.030647
1.387574
1.355106
1.237385
1.407274
1.217221
1.194082
1.095621
0.919781
1.350869
1.433223
1.112044
1.248328
1.483654
1.134684
1.526667
0.907051
1.045034
1.458121
1.295306
1.275562
1.577109
1.040328
0.969795
0.969327
0.903142
1.054287
1.092034
1.421579
0.784782
1.383132
1.507616
1.442453
1.272040
1.307561
0.841551
1.093821
0.987357
1.325277
1.207786
1.533830
1.325718
0.615986
1.244598
1.235002
0.948160
1.441686
1.356033
1.062498
1.424106
1.276897
1.203582
1.376644
1.183693
1.240057
1.171917
1.089264
1.274696
1.474381
1.068124
1.214632
1.375022
1.125258
1.374966
0.821976
1.098935
1.532070
1.268045
1.198348
1.451710
1.053324
1.106161
1.132558
1.122347
1.105893
1.113982
1.366027
0.909698
1.412530
1.473266
1.387218
1.306809
1.330136
0.789338
1.026967
0.943018
1.123992
1.217046
1.677602
1.520899
0.848559
1.144263
1.234719
1.073705
1.510907
1.221736
1.054392
1.366356
1.236561
1.186189
1.365322
1.248984
1.199247
1.135470
1.127788
1.248390
1.372202
0.997785
1.232997
1.241339
1.195479
1.094104
0.924622
1.103516
1.434154
1.270238
1.196990
1.372441
1.056781
1.227634
1.237643
1.387508
1.195205
1.187398
1.379699
1.163403
1.422447
1.380415
1.247677
1.313792
1.274082
0.861010
1.132789
0.983322
1.040796
1.139152
1.676648
1.491824
1.069001
1.112906
1.281454
1.109549
1.558517
1.157519
1.070155
1.285520
1.211840
1.166974
1.344731
1.309227
1.317679
1.022365
1.171304
1.217912
1.350795
1.012308
1.207988
1.175875
1.157078
0.980462
1.060423
1.206192
1.319152
1.271693
1.276395
1.466267
1.100957
1.269157
1.222538
1.534542
1.286430
1.241268
1.426781
1.273954
1.378850
1.297267
1.190087
1.458799
1.271917
1.054307
1.317508
1.149320
1.105071
1.037845
1.696616
1.433172
1.241559
1.260135
1.375613
1.165884
1.544744
1.288135
1.085232
1.176488
1.210759
1.223100
1.222897
1.280363
1.406562
0.987636
1.229542
1.179198
1.353650
1.085877
1.150501
1.125494
1.136705
0.936061
1.073774
1.290831
1.348003
1.273311
1.316534
1.549221
1.122016
1.254814
1.315512
1.562182
1.285263
1.194936
1.372614
1.299318
1.337479
1.190148
1.130113
1.597816
1.286544
1.240029
1.301690
1.384163
1.138314
0.948258
1.660518
1.326586
1.372801
1.380124
1.483797
1.196234
1.424804
1.331497
1.215201
1.031457
1.177916
1.369110
1.089760
1.310266
1.447106
1.089025
1.273002
1.174679
1.361303
1.278968
1.137925
1.187652
1.214631
0.918155
1.160931
1.419423
1.434833
1.270660
1.258054
1.408770
1.275535
1.305041
1.390749
1.683439
1.262891
1.235489
1.309300
1.364320
1.240570
1.134752
1.146349
1.526347
1.296679
1.254462
1.218281
1.553406
1.183035
0.983425
1.553271
1.287807
1.438642
1.427373
1.473513
1.213643
1.403865
1.205067
1.268297
1.026789
1.171103
1.470348
1.126370
1.419525
1.459720
1.221076
1.290097
1.156106
1.269225
1.468439
1.110583
1.280814
1.374559
0.935439
1.304866
1.491571
1.425049
1.181184
1.250509
1.273049
1.410566
1.449560
1.383804
1.726971
1.335552
1.235532
1.296445
1.467866
1.137301
1.217988
1.233107
1.377977
1.224686
1.227963
1.229168
1.550835
1.254943
1.158312
1.424260
1.271445
1.497050
1.379763
1.324337
1.180596
1.420432
1.189372
1.310892
1.096872
1.274220
1.472130
1.280327
1.467824
1.495337
1.351054
1.352472
1.132316
1.192602
1.510063
1.056362
1.245686
1.447832
1.035445
1.384474
1.533970
1.362444
1.174766
1.294512
1.241021
1.517720
1.533381
1.376358
1.689846
1.537672
1.238879
1.356005
1.609030
1.107290
1.297719
1.308875
1.370949
1.233234
1.256848
1.263730
1.556768
1.215484
1.229480
1.178905
1.234863
1.661687
1.322814
1.218229
1.225622
1.367582
1.228149
1.425557
1.115345
1.385370
1.477536
1.250647
1.444845
1.437565
1.420632
1.471101
1.203594
1.203959
1.453803
1.131828
1.195863
1.524281
1.174199
1.387399
1.536046
1.250150
1.224249
1.250697
1.185549
1.572298
1.456795
1.369120
1.601991
1.685617
1.105223
1.402275
1.693178
1.163236
1.298206
1.372370
1.443522
1.274421
1.341841
1.257346
1.660194
1.111753
1.353499
0.994158
1.198825
1.691675
1.266537
1.243584
1.267712
1.192738
1.268928
1.534120
1.144049
1.317987
1.407149
1.137733
1.456385
1.502950
1.451223
1.538086
1.274594
1.179271
1.407520
1.245164
1.144627
1.638204
1.296535
1.539126
1.583798
1.078424
1.203998
1.252611
1.134522
1.562559
1.375683
1.403043
1.519388
1.723634
1.031288
1.355867
1.671929
1.215566
1.260441
1.367758
1.321936
1.293727
1.472051
1.237662
1.738858
1.182749
1.571114
0.946029
1.156498
1.708218
1.281442
1.239654
1.393474
1.055335
1.216606
1.526733
1.192772
1.387513
1.316768
1.184499
1.554274
1.582912
1.463274
1.562530
1.255998
1.067164
1.496467
1.361080
1.245519
1.814085
1.284115
1.688288
1.631857
1.003256
1.113900
1.286837
1.081323
1.617126
1.443882
1.490302
1.433985
1.678382
1.077294
1.388842
1.576934
1.114147
1.207542
1.291486
1.190004
1.179316
1.595210
1.237961
1.646999
1.424190
1.661028
0.877576
1.190613
1.745444
1.197363
1.173474
1.609491
1.052477
1.042082
1.664904
1.237713
1.432375
1.308889
1.336492
1.554768
1.611684
1.513732
1.608455
1.259189
1.112945
1.616179
1.508143
1.406141
1.803713
1.174011
1.735205
1.633478
1.090489
1.062465
1.354273
1.009757
1.603986
1.538521
1.562423
1.462131
1.598647
1.088174
1.342495
1.542503
1.112482
1.245448
1.233880
1.168268
1.191839
1.548086
1.369952
1.489713
1.489370
1.725353
0.773523
1.317800
1.784393
1.118238
1.183746
1.773945
1.139307
1.064878
1.736919
1.269281
1.413167
1.352119
1.338228
1.541352
1.471546
1.553054
1.728993
1.263727
1.274035
1.668097
1.693773
1.430445
1.717159
1.184851
1.613229
1.616044
1.156211
1.197747
1.368368
0.880851
1.621981
1.424886
1.616115
1.524213
1.600511
1.033286
1.242996
1.631497
1.128080
1.373592
1.279462
1.147204
1.258037
1.508040
1.464436
1.400136
1.475629
1.704206
0.729239
1.311245
1.633010
1.120292
1.206309
1.821401
1.216032
1.251206
1.697059
1.391355
1.413647
1.384115
1.286466
1.645329
1.414493
1.519200
1.783575
1.220510
1.342960
1.719576
1.816491
1.365702
1.706873
1.303690
1.547549
1.571046
1.140451
1.368845
1.302719
0.893812
1.685498
1.309177
1.611018
1.555456
1.525456
1.046187
1.287874
1.688737
1.157793
1.415802
1.314988
1.137929
1.351706
1.580641
1.499153
1.345218
1.543558
1.595861
0.787553
1.356633
1.534054
1.146082
1.276863
1.756509
1.336188
1.397714
1.628322
1.507445
1.546529
1.425427
1.256973
1.664102
1.424498
1.489093
1.793787
1.227308
1.242029
1.690727
1.729214
1.342364
1.735170
1.422856
1.494639
1.458101
1.254055
1.442943
1.216147
1.072074
1.779259
1.294537
1.600192
1.595031
1.371015
1.208052
1.363840
1.640524
1.331549
1.477376
1.377164
1.216530
1.455916
1.714439
1.440249
1.299569
1.595700
1.561813
0.950437
1.372712
1.562048
1.135974
1.342054
1.700119
1.415293
1.420569
1.678409
1.551997
1.664429
1.425114
1.247207
1.548522
1.418683
1.499299
1.693925
1.270217
1.218809
1.501681
1.669316
1.408953
1.667148
1.453163
1.466577
1.413423
1.430839
1.368035
1.214012
1.191138
1.727068
1.367141
1.590405
1.625458
1.412001
1.375051
1.456534
1.587643
1.439236
1.560147
1.379068
1.324397
1.557004
1.759454
1.384537
1.297527
1.567247
1.677575
1.110625
1.326300
1.543659
1.167504
1.442955
1.605565
1.360444
1.372252
1.662858
1.624452
1.621661
1.344163
1.223948
1.391304
1.397968
1.529272
1.728037
1.344633
1.333422
1.425976
1.660822
1.578219
1.508538
1.515509
1.439838
1.415264
1.485485
1.296605
1.312503
1.276884
1.674242
1.493918
1.604738
1.709083
1.497815
1.358045
1.444948
1.512567
1.399864
1.665220
1.438918
1.461421
1.645860
1.716102
1.360681
1.438024
1.590874
1.710278
1.274012
1.342856
1.530381
1.299123
1.490418
1.545757
1.320145
1.420546
1.642913
1.738366
1.511439
1.203566
1.260552
1.239634
1.354276
1.460294
1.720115
1.411713
1.382379
1.375360
1.642417
1.531091
1.350741
1.557026
1.393476
1.482584
1.482047
1.291593
1.439111
1.382655
1.532205
1.572933
1.582249
1.760504
1.527246
1.384802
1.345041
1.410917
1.384045
1.601226
1.492442
1.501743
1.720703
1.676000
1.392496
1.425954
1.594153
1.560741
1.473207
1.402178
1.532371
1.430487
1.545960
1.558464
1.333981
1.486886
1.711634
1.672276
1.441931
1.281299
1.284354
1.161269
1.343897
1.508021
1.698848
1.544868
1.377571
1.297768
1.716799
1.446255
1.397290
1.642085
1.310155
1.463966
1.544601
1.462185
1.499803
1.504413
1.464724
1.479761
1.616706
1.741738
1.482722
1.530248
1.356078
1.316469
1.529471
1.541818
1.642111
1.500690
1.705596
1.658520
1.411759
1.446823
1.514147
1.398608
1.626778
1.493074
1.505165
1.548478
1.511967
1.512538
1.372417
1.581521
1.717827
1.689530
1.287674
1.483120
1.342039
1.143751
1.385741
1.522723
1.620281
1.696268
1.369340
1.212700
1.684973
1.479006
1.353188
1.607523
1.300035
1.378951
1.589107
1.622894
1.545848
1.631763
1.377889
1.411456
1.626847
1.571669
1.519625
1.617925
1.469198
1.207818
1.605279
1.646893
1.600201
1.534751
1.711516
1.611263
1.417614
1.482517
1.594934
1.361517
1.747003
1.567869
1.501289
1.582445
1.525258
1.321478
1.504589
1.658408
1.705716
1.713956
1.159118
1.536357
1.470169
1.164406
1.393980
1.423485
1.581240
1.786865
1.485265
1.226852
1.674058
1.551206
1.196589
1.672912
1.332782
1.370307
1.662128
1.641130
1.552670
1.709316
1.422393
1.529842
1.569332
1.310425
1.587829
1.634363
1.565113
0.984628
1.547190
1.807760
1.417140
1.624203
1.751871
1.486705
1.457423
1.538665
1.661818
1.349997
1.794841
1.610905
1.492385
1.623942
1.561386
1.203249
1.732626
1.609981
1.601960
1.619797
1.233324
1.479562
1.572912
1.266070
1.343773
1.370668
1.564015
1.795332
1.620126
1.333802
1.663283
1.537954
1.084214
1.680094
1.455312
1.306147
1.721872
1.640310
1.548044
1.746063
1.471778
1.598194
1.517604
1.132076
1.585344
1.660633
1.559717
0.897137
1.522616
1.809877
1.357494
1.628583
1.615609
1.312359
1.621151
1.550736
1.620347
1.416990
1.827298
1.644618
1.489368
1.690110
1.648187
1.319267
1.768473
1.550868
1.415355
1.495636
1.344990
1.581776
1.727277
1.361545
1.309847
1.321715
1.392479
1.773293
1.707761
1.340059
1.498511
1.455610
1.082196
1.576435
1.512332
1.350893
1.672746
1.642185
1.620987
1.687089
1.454999
1.594994
1.506415
1.146883
1.448236
1.696395
1.671369
0.982250
1.548748
1.749385
1.529867
1.555343
1.556656
1.219733
1.636482
1.527845
1.620623
1.620230
1.759644
1.624304
1.471547
1.746513
1.608200
1.389166
1.828415
1.541340
1.256674
1.517276
1.348569
1.694096
1.877324
1.475487
1.368840
1.289015
1.277658
1.844985
1.787448
1.390842
1.389525
1.481930
1.137146
1.573585
1.574799
1.504984
1.548554
1.627919
1.629060
1.589669
1.307707
1.594084
1.380211
1.133056
1.504143
1.674838
1.802728
1.129109
1.501107
1.649023
1.655980
1.561899
1.594242
1.242641
1.578455
1.563555
1.715468
1.745142
1.750724
1.596804
1.454272
1.805502
1.556761
1.275117
1.878539
1.625510
1.071077
1.539424
1.378990
1.650808
1.964140
1.527483
1.505702
1.271430
1.302070
1.778869
1.759933
1.528955
1.403404
1.520702
1.233662
1.629715
1.616123
1.526470
1.560707
1.596592
1.590883
1.738642
1.168300
1.662980
1.299026
1.017544
1.589410
1.672814
1.806508
1.206014
1.468115
1.442341
1.638076
1.589625
1.660541
1.345139
1.556130
1.606908
1.708784
1.709755
1.709119
1.604121
1.449486
1.835244
1.598328
1.240745
1.834059
1.582623
0.928835
1.445956
1.420633
1.515492
1.897044
1.534760
1.478980
1.315009
1.347864
1.644622
1.691211
1.581172
1.436162
1.505165
1.307030
1.609470
1.575854
1.396360
1.672725
1.540050
1.560538
1.821320
1.183459
1.625833
1.449922
0.943076
1.588440
1.812419
1.726719
1.201376
1.576787
1.319543
1.703567
1.594094
1.600547
1.409944
1.622508
1.581616
1.544043
1.515165
1.651122
1.482518
1.398110
1.810852
1.596938
1.368241
1.694384
1.483201
1.012042
1.321959
1.428579
1.527288
1.874616
1.508880
1.406687
1.397529
1.280474
1.549266
1.750999
1.485738
1.338044
1.449499
1.443853
1.526637
1.582640
1.271994
1.572513
1.408458
1.585836
1.750925
1.390233
1.562227
1.511792
1.041144
1.446296
1.851091
1.581991
1.261219
1.636819
1.321088
1.837111
1.527086
1.510209
1.392140
1.636079
1.500366
1.376854
1.412127
1.607896
1.323589
1.365316
1.860211
1.629157
1.406822
1.595477
1.451211
1.137498
1.424277
1.474266
1.659009
1.899414
1.531675
1.480380
1.465243
1.361088
1.553936
1.806427
1.518068
1.185604
1.431757
1.448860
1.496349
1.593259
1.247013
1.479810
1.315361
1.578392
1.802395
1.458923
1.553294
1.368664
1.235108
1.400166
1.734472
1.437760
1.534509
1.551808
1.361255
1.697401
1.405393
1.456307
1.514306
1.611101
1.536256
1.384793
1.281461
1.690597
1.290154
1.417030
1.866443
1.668102
1.369766
1.454114
1.525838
1.278966
1.564441
1.560395
1.719626
1.862385
1.541720
1.541386
1.614697
1.372605
1.491753
1.736894
1.622775
1.193783
1.457450
1.490917
1.514932
1.499225
1.197591
1.452228
1.372445
1.531010
1.831365
1.480932
1.419681
1.299837
1.266805
1.387094
1.548106
1.365578
1.735771
1.526991
1.385408
1.571409
1.435804
1.406506
1.512453
1.666229
1.572892
1.294152
1.152444
1.697605
1.349168
1.394789
1.669434
1.604438
1.269700
1.358235
1.462077
1.361556
1.568124
1.604283
1.612115
1.716531
1.633415
1.476773
1.600430
1.261932
1.338527
1.656271
1.610829
1.237178
1.482119
1.510798
1.478634
1.500287
1.182172
1.488165
1.446469
1.572014
1.740609
1.517403
1.205090
1.366086
1.240017
1.491743
1.495911
1.325829
1.780108
1.685936
1.357814
1.605376
1.564705
1.315905
1.488014
1.774470
1.524307
1.150731
1.267991
1.540329
1.326344
1.354164
1.526770
1.495751
1.345487
1.346510
1.434327
1.420114
1.453263
1.616729
1.550091
1.551958
1.595055
1.524790
1.498260
1.137050
1.175353
1.627355
1.484002
1.224280
1.551225
1.485935
1.387326
1.555508
1.254031
1.478993
1.398826
1.587574
1.590945
1.508045
1.230320
1.365109
1.191321
1.459792
1.486078
1.355396
1.747720
1.789441
1.255517
1.638399
1.574221
1.317290
1.521769
1.739407
1.332266
1.109698
1.352259
1.449824
1.415790
1.305185
1.472634
1.410102
1.414453
1.348013
1.335780
1.405235
1.414309
1.662685
1.561688
1.295063
1.494845
1.572973
1.401037
1.115034
1.140255
1.660882
1.484391
1.270900
1.512759
1.465794
1.386396
1.583910
1.412521
1.448287
1.411148
1.585172
1.473462
1.479351
1.347765
1.375385
1.249709
1.409466
1.536043
1.385925
1.837130
1.782611
1.267855
1.576995
1.536674
1.307748
1.551497
1.705652
1.150056
1.178432
1.324719
1.543537
1.537765
1.305202
1.372072
1.351002
1.415918
1.375108
1.327632
1.443555
1.337865
1.742025
1.546699
1.137216
1.435629
1.535293
1.375327
1.131360
1.236827
1.647869
1.556646
1.309194
1.392358
1.497159
1.459409
1.544044
1.488237
1.380619
1.562169
1.533548
1.406038
1.411179
1.336291
1.496816
1.361615
1.447422
1.544628
1.425107
1.876333
1.716680
1.282879
1.601530
1.499011
1.258446
1.462027
1.558020
1.063058
1.273527
1.363625
1.601150
1.573568
1.215295
1.249061
1.330324
1.304206
1.360779
1.488319
1.486000
1.304689
1.833117
1.435767
1.034080
1.522037
1.463748
1.376349
1.115613
1.368038
1.598943
1.566643
1.383976
1.471066
1.472388
1.491209
1.470743
1.578529
1.277198
1.570880
1.434300
1.336625
1.337030
1.233836
1.544899
1.523189
1.397911
1.500987
1.440664
1.819544
1.592876
1.112868
1.640715
1.454754
1.217383
1.344384
1.371112
1.142493
1.373061
1.397341
1.588948
1.452081
1.196412
1.188870
1.193995
1.292620
1.331195
1.587386
1.513107
1.339552
1.727744
1.410031
0.983126
1.671217
1.488629
1.410756
1.167248
1.270481
1.576886
1.553889
1.519734
1.529042
1.487530
1.404292
1.490618
1.503009
1.186019
1.423166
1.393844
1.323876
1.313968
1.342857
1.502681
1.655264
1.413573
1.399695
1.408371
1.802038
1.512207
0.953732
1.510208
1.397601
1.185490
1.282289
1.252428
1.211447
1.355361
1.441934
1.491144
1.358166
1.243343
1.107512
1.207401
1.347674
1.379827
1.530648
1.441682
1.411859
1.651154
1.405937
0.961777
1.635932
1.534553
1.381319
1.325247
1.207419
1.585765
1.463565
1.677853
1.415191
1.599900
1.377753
1.514588
1.546021
1.238711
1.460865
1.419948
1.260150
1.309132
1.415100
1.462383
1.717741
1.489103
1.301392
1.462260
1.859668
1.423014
0.960214
1.389645
1.345149
1.342127
1.260442
1.223073
1.152783
1.199744
1.433802
1.301765
1.395763
1.318862
0.993213
1.332583
1.361291
1.400161
1.428164
1.409190
1.445533
1.576699
1.421875
1.130374
1.514673
1.563877
1.405625
1.394996
1.317694
1.505885
1.316471
1.570741
1.356618
1.579863
1.336247
1.443491
1.602305
1.338630
1.564499
1.325041
1.118552
1.298317
1.342518
1.452282
1.738210
1.478471
1.269684
1.504519
1.689129
1.327194
0.977278
1.433208
1.420514
1.453236
1.252739
1.238502
1.089150
1.218761
1.415129
1.166887
1.467312
1.368373
0.978811
1.360898
1.397859
1.492345
1.375227
1.389356
1.484890
1.626734
1.381697
1.277236
1.352493
1.498693
1.451500
1.367848
1.353611
1.401231
1.231204
1.330925
1.276160
1.499073
1.279278
1.363244
1.608208
1.401913
1.430184
1.255701
1.021669
1.185722
1.237268
1.442546
1.753385
1.377067
1.171726
1.480903
1.511673
1.308969
0.983610
1.322999
1.410508
1.410404
1.262991
1.140458
1.196197
1.369537
1.397800
1.099799
1.450236
1.503898
1.079252
1.328785
1.490896
1.493255
1.384249
1.329734
1.473110
1.626872
1.169857
1.255989
1.319578
1.515558
1.433474
1.450490
1.247045
1.221675
1.126053
1.241379
1.253467
1.441811
1.336547
1.395458
1.575164
1.393409
1.327710
1.207028
0.952680
1.172011
1.245512
1.514595
1.688240
1.276342
1.208258
1.417407
1.421015
1.305498
1.061737
1.128611
1.282381
1.401815
1.305280
0.999434
1.364303
1.394567
1.342110
1.219002
1.384036
1.605176
1.301269
1.359267
1.570943
1.344026
1.348186
1.262301
1.406276
1.498447
1.032539
1.212162
1.256831
1.495413
1.328912
1.596390
1.191501
0.958567
1.066128
1.272174
1.198423
1.379898
1.283184
1.425540
1.514436
1.431806
1.352971
1.226714
0.976520
1.267249
1.295887
1.525304
1.613980
1.187156
1.300967
1.343617
1.323053
1.284294
1.163202
1.081618
1.201151
1.433619
1.350504
0.999127
1.510334
1.457982
1.342588
1.300481
1.385927
1.622649
1.382425
1.321078
1.518474
1.233758
1.290032
1.294707
1.317390
1.294418
1.082850
1.374616
1.237236
1.472680
1.268802
1.674732
1.339289
0.831977
1.055398
1.230768
1.186552
1.283702
1.115026
1.365111
1.471354
1.442263
1.288069
1.258139
1.075551
1.363095
1.329072
1.519280
1.588327
1.177047
1.255070
1.304710
1.137798
1.333302
1.176492
1.137132
1.172302
1.472753
1.345181
1.090895
1.500053
1.512636
1.375949
1.270528
1.328231
1.510563
1.381033
1.237069
1.384645
1.237417
1.206515
1.309119
1.254785
1.260459
1.170268
1.486753
1.235895
1.515816
1.290182
1.612689
1.481311
0.863789
0.951958
1.134100
1.181539
1.191965
0.982667
1.213522
1.473273
1.318951
1.181333
1.266980
1.206208
1.282232
1.378571
1.370458
1.510353
1.237742
1.095202
1.279740
1.041352
1.315101
1.283822
1.161183
1.132124
1.497606
1.245312
1.139391
1.408906
1.433261
1.374042
1.268773
1.207669
1.427914
1.333425
1.278674
1.283182
1.215116
1.110392
1.307944
1.251821
1.199833
1.145420
1.409530
1.174971
1.493276
1.389296
1.588858
1.439512
0.891169
0.823643
1.107168
1.172695
1.126227
1.019941
1.121164
1.444232
1.223692
1.155745
1.249291
1.282796
1.331522
1.541126
1.314582
1.441101
1.309016
1.098948
1.293522
0.935804
1.249061
1.485616
1.155022
1.076534
1.449500
1.167793
1.104902
1.363373
1.456537
1.395467
1.317280
1.184558
1.413877
1.274046
1.318481
1.281956
1.207698
1.106354
1.345884
1.257653
1.120138
1.130160
1.362898
1.009450
1.412376
1.355231
1.626216
1.429515
0.804164
0.721030
1.230532
1.245919
1.223222
1.067675
1.176414
1.362928
1.188848
1.229354
1.254982
1.282113
1.454105
1.715179
1.215725
1.373830
1.336957
1.183098
1.298173
0.748082
1.169859
1.570600
1.230483
1.075807
1.425212
1.115090
1.109058
1.433976
1.517063
1.428812
1.339098
1.256435
1.423111
1.224670
1.292529
1.312930
1.203630
1.141373
1.405982
1.221427
1.007057
1.163221
1.445286
0.953839
1.401440
1.251048
1.580708
1.452635
0.838240
0.795512
1.310541
1.371175
1.260390
0.985342
1.186692
1.314854
1.286202
1.284792
1.268695
1.329693
1.513360
1.659511
1.058950
1.379252
1.169470
1.117359
1.207660
0.727670
1.276324
1.497220
1.293076
1.155116
1.445302
1.166788
1.158727
1.456653
1.521700
1.369461
1.333979
1.264101
1.312182
1.250021
1.271913
1.330144
1.246121
1.176168
1.393171
1.175574
0.951149
1.146913
1.505702
0.971628
1.369682
1.189663
1.565190
1.373503
1.021691
1.018400
1.262114
1.375631
1.125839
0.931147
1.057800
1.293412
1.495322
1.310297
1.135998
1.384651
1.477863
1.439304
0.988460
1.270766
0.986780
0.946968
1.127703
0.851772
1.304821
1.585091
1.263452
1.188763
1.392417
1.209675
1.166491
1.368811
1.496353
1.265949
1.292517
1.169790
1.251588
1.289489
1.219802
1.221115
1.228120
1.232129
1.438582
1.244602
0.875608
1.069583
1.467350
1.080497
1.234940
1.225740
1.435182
1.300996
1.142425
1.191196
1.278286
1.460133
1.099760
1.085588
1.068377
1.306789
1.460726
1.254869
0.976322
1.341974
1.507361
1.212748
1.029479
1.060028
0.992082
0.966511
1.187432
0.962019
1.206515
1.618726
1.141778
1.206565
1.285277
1.200748
1.161309
1.254586
1.415223
1.250789
1.284903
1.151669
1.194480
1.310667
1.074882
1.174457
1.186949
1.228925
1.475717
1.324186
0.854100
1.091585
1.497355
1.170108
1.015496
1.365227
1.274019
1.305662
1.218200
1.342171
1.265804
1.528254
1.200678
1.244111
1.180358
1.152074
1.266345
1.197553
1.003672
1.308851
1.494840
1.241957
1.021918
0.908650
1.102424
1.058056
1.305076
1.073096
1.155603
1.606651
1.115301
1.184077
1.301844
1.267677
1.151498
1.231657
1.391358
1.304592
1.267181
1.211498
1.109273
1.335879
0.968688
1.212195
1.248613
1.129855
1.465625
1.361645
0.811468
1.130890
1.464461
1.192474
0.897009
1.397963
1.201355
1.268946
1.209837
1.402233
1.392096
1.473481
1.231678
1.205139
1.151701
0.966966
1.168917
1.193216
1.151651
1.323731
1.425145
1.320861
1.035869
0.848112
1.265095
1.139285
1.394214
1.153896
1.111686
1.592791
1.046249
1.152545
1.379147
1.384200
1.175178
1.242148
1.276558
1.216557
1.178516
1.247603
1.079541
1.295677
0.927345
1.291283
1.352255
1.103850
1.479137
1.275426
0.845392
1.201863
1.293734
1.206030
0.884953
1.342954
1.314153
1.141278
1.245590
1.410942
1.609248
1.356151
1.120867
1.099211
1.117881
0.848946
1.197696
1.252890
1.269466
1.340521
1.383131
1.193501
1.058209
0.824021
1.432371
1.194121
1.368880
1.166578
0.996721
1.516724
1.068802
1.155271
1.401894
1.348509
1.286672
1.167103
1.242827
1.113681
1.145448
1.163797
1.208568
1.263566
0.989641
1.356778
1.302716
1.182439
1.562125
1.248304
0.952301
1.251456
1.075112
1.176497
0.794266
1.379722
1.356900
1.037563
1.248019
1.356224
1.675439
1.378683
1.116030
1.174384
1.122012
0.800797
1.143980
1.151637
1.259709
1.259033
1.436394
1.030542
1.111142
0.856868
1.429306
1.211696
1.255091
1.174731
0.924387
1.438969
1.177155
1.177014
1.236924
1.296120
1.304335
1.114007
1.331831
1.142175
1.147228
1.081598
1.370635
1.249245
1.046357
1.380563
1.295757
1.312041
1.531289
1.217613
1.072821
1.214089
0.972125
1.146837
0.713805
1.391718
1.295086
1.037306
1.224393
1.292678
1.535596
1.396480
1.254217
1.327655
1.218662
0.872167
1.064124
1.103615
1.218887
1.186756
1.415959
0.999881
1.245642
0.973232
1.419116
1.278728
1.088675
1.243299
0.965524
1.363464
1.318613
1.259133
1.051779
1.310386
1.324637
1.258366
1.273879
1.095209
1.192034
1.160544
1.424492
1.264535
1.137944
1.336244
1.340485
1.329009
1.388296
1.221199
1.109013
1.268237
0.957557
1.171525
0.804405
1.369316
1.201683
1.077688
1.150370
1.412027
1.490058
1.298674
1.384200
1.392818
1.350147
0.940787
1.034864
1.118784
1.189847
1.161144
1.317335
0.976138
1.334873
1.074039
1.479846
1.325143
1.122407
1.355502
1.114056
1.380496
1.311062
1.382329
0.981740
1.292384
1.354622
1.361601
1.093693
0.998577
1.229064
1.235569
1.272401
1.258773
1.225098
1.368486
1.303235
1.317378
1.328820
1.136800
1.113042
1.433393
0.993478
1.245185
1.018549
1.400470
1.197092
1.177001
1.229458
1.580828
1.513163
1.240389
1.436551
1.361790
1.354441
0.971661
1.153073
1.126025
1.232627
1.026994
1.304124
0.998181
1.343160
1.080636
1.622989
1.336603
1.362548
1.331821
1.195397
1.390670
1.201676
1.460031
1.030259
1.195000
1.486180
1.392565
1.049584
0.979334
1.249683
1.182970
1.122795
1.263418
1.317152
1.467548
1.209483
1.295635
1.300050
1.098205
1.142578
1.542736
1.035231
1.310435
1.120074
1.404131
1.277319
1.157635
1.331342
1.624384
1.455977
1.206087
1.457575
1.323791
1.377686
1.009945
1.209514
1.081562
1.268144
0.933638
1.280727
0.905878
1.321500
1.130129
1.587927
1.297546
1.409054
1.299312
1.163053
1.314619
1.104537
1.524052
1.021432
1.247511
1.697586
1.388853
1.105405
1.038366
1.235858
1.083576
1.113411
1.238908
1.354594
1.480681
1.173380
1.339263
1.242163
1.115788
1.280882
1.539757
1.093711
1.231129
1.216520
1.321430
1.329670
1.116126
1.456583
1.590311
1.247455
1.018839
1.486008
1.406616
1.467064
1.069227
1.201847
1.142243
1.350512
0.966409
1.270827
0.889114
1.404662
1.261513
1.400361
1.319900
1.219024
1.344467
1.176653
1.214380
1.073866
1.463870
1.051810
1.319948
1.746017
1.280577
1.129736
1.086311
1.256003
1.154647
1.168230
1.165257
1.393027
1.374160
1.079325
1.299597
1.156907
1.160628
1.426389
1.543274
1.117924
1.169010
1.233462
1.202084
1.261646
1.035600
1.511706
1.533839
1.155077
0.937277
1.602766
1.462315
1.539578
1.162037
1.243268
1.267822
1.330145
1.083366
1.316715
1.011647
1.555948
1.409907
1.386891
1.377263
1.053665
1.352462
1.160488
1.243460
1.111461
1.444240
1.026403
1.285792
1.686625
1.167023
1.029370
1.041423
1.309985
1.282783
1.155743
1.053088
1.443836
1.263548
1.051719
1.316688
1.199810
1.141368
1.478319
1.571844
1.196521
1.231030
1.248308
1.171040
1.132802
1.135976
1.498097
1.437781
1.118311
1.051227
1.598281
1.381348
1.554436
1.267986
1.295881
1.353800
1.339376
1.203303
1.386745
1.242977
1.601259
1.564328
1.424455
1.365259
1.179219
1.349612
1.196252
1.219631
1.124247
1.496681
1.046648
1.307221
1.695030
1.182246
1.109125
1.079771
1.291332
1.382704
1.105463
1.044210
1.506904
1.154487
1.110387
1.361263
1.249758
1.158920
1.515385
1.470041
1.363195
1.382778
1.250540
1.192238
1.102382
1.273091
1.455553
1.345158
1.121447
1.190647
1.597086
1.348231
1.451209
1.341453
1.335908
1.373287
1.396308
1.164610
1.327641
1.376413
1.553267
1.539162
1.384471
1.249823
1.372051
1.401162
1.228348
1.145259
1.133805
1.393994
1.100251
1.499971
1.649464
1.190893
1.321909
1.259432
1.323259
1.448664
1.047360
1.067653
1.465120
0.980829
1.302188
1.473283
1.136786
1.148652
1.490379
1.334318
1.429023
1.437863
1.347520
1.150487
1.177563
1.308005
1.434084
1.300542
1.065484
1.241040
1.475927
1.317466
1.338659
1.471078
1.336161
1.398007
1.460445
1.134701
1.269618
1.332985
1.599246
1.494495
1.341352
1.268269
1.316522
1.440656
1.284418
1.064726
1.245256
1.200601
1.099046
1.585352
1.577035
1.116918
1.366296
1.358571
1.474963
1.400392
1.121666
0.988545
1.326175
0.890541
1.415511
1.454472
1.057862
1.085009
1.468351
1.367977
1.414147
1.449645
1.394998
1.133433
1.156600
1.345746
1.429756
1.383089
1.053757
1.190006
1.461197
1.328948
1.368571
1.514033
1.357397
1.410065
1.448529
1.243341
1.291988
1.432292
1.596209
1.519811
1.405588
1.331215
1.374262
1.481517
1.338338
1.068671
1.456693
1.189161
1.228872
1.501622
1.511704
1.112402
1.434059
1.436179
1.482461
1.350628
1.279496
0.927874
1.275535
0.879691
1.414027
1.311346
1.059638
1.085318
1.513312
1.402878
1.485998
1.422316
1.511680
1.152248
1.071087
1.491303
1.408135
1.331221
1.108370
1.168055
1.416361
1.397708
1.417320
1.552024
1.286524
1.402730
1.403174
1.329377
1.323223
1.574381
1.535750
1.508264
1.359047
1.423893
1.528874
1.417477
1.467544
1.047088
1.545453
1.291456
1.361009
1.372367
1.458477
1.236567
1.523067
1.541545
1.434609
1.368628
1.312740
1.076154
1.235720
0.914100
1.500644
1.312627
1.053343
1.243455
1.618860
1.275803
1.556050
1.402903
1.627650
1.115980
1.140866
1.552623
1.406648
1.241394
1.059095
1.316529
1.314261
1.467595
1.452338
1.604199
1.256192
1.420367
1.468104
1.380749
1.292874
1.660810
1.565583
1.455448
1.254823
1.637534
1.519786
1.375671
1.575510
1.069283
1.598231
1.435377
1.400388
1.288317
1.356351
1.375314
1.507353
1.581278
1.469273
1.505802
1.337051
1.280790
1.234012
1.096787
1.603405
1.429223
1.072361
1.392874
1.537216
1.144189
1.471291
1.421819
1.813260
1.074089
1.254823
1.521583
1.415866
1.175241
0.976427
1.477168
1.135934
1.595193
1.399163
1.588666
1.357380
1.436893
1.466889
1.498205
1.314540
1.675686
1.506325
1.363129
1.076327
1.683617
1.347338
1.363552
1.486130
1.109321
1.708951
1.448296
1.338445
1.172175
1.188490
1.385897
1.443036
1.513256
1.493858
1.552272
1.266396
1.416570
1.315287
1.275165
1.522982
1.410185
1.143572
1.412498
1.377823
1.099780
1.369370
1.484000
1.891506
1.142393
1.220922
1.517188
1.508159
1.200159
1.058080
1.651331
1.073320
1.648239
1.395056
1.523893
1.498229
1.349908
1.468244
1.678302
1.333245
1.553476
1.352768
1.365057
1.072898
1.563065
1.275642
1.374960
1.481367
1.141211
1.803687
1.523343
1.368242
1.250928
1.138755
1.379757
1.376022
1.449211
1.520382
1.478312
1.279991
1.500876
1.484731
1.417506
1.426410
1.362955
1.298274
1.393973
1.428423
1.256147
1.453674
1.406565
1.859269
1.363995
1.291926
1.495754
1.570192
1.244002
1.181076
1.643968
1.135935
1.601807
1.396840
1.459842
1.510301
1.273297
1.526746
1.720096
1.256921
1.428173
1.148745
1.430633
1.128402
1.382433
1.409998
1.453399
1.650392
1.190632
1.708646
1.582902
1.556718
1.336444
1.149570
1.304011
1.365871
1.339601
1.513462
1.329569
1.435781
1.505535
1.511299
1.506224
1.357644
1.310021
1.333321
1.457995
1.461034
1.417128
1.518988
1.346943
1.866001
1.412489
1.412633
1.547009
1.567166
1.252049
1.345312
1.642119
1.298279
1.450980
1.323342
1.398533
1.585027
1.328663
1.592066
1.677652
1.191324
1.432230
1.108723
1.242748
1.183114
1.430946
1.485640
1.605676
1.640933
1.334803
1.603003
1.467092
1.688018
1.298234
1.179034
1.367651
1.395147
1.299270
1.527451
1.392040
1.642168
1.529651
1.599003
1.527148
1.362922
1.317776
1.345625
1.607109
1.432216
1.402349
1.465760
1.429999
1.818114
1.414225
1.394417
1.570496
1.502890
1.141795
1.504926
1.709622
1.248983
1.367430
1.289350
1.341074
1.740425
1.437394
1.533485
1.628237
1.310300
1.450280
1.172232
1.069952
1.183452
1.520300
1.539140
1.601011
1.464328
1.474836
1.608458
1.412374
1.706301
1.236384
1.099138
1.411106
1.512520
1.306812
1.492809
1.428227
1.773635
1.658201
1.634070
1.573147
1.373098
1.261827
1.437139
1.748719
1.488974
1.349335
