# G_4, p = 0.4000 GPa (dir_4000.0_bar).
# D8R-only: 48 rings x 101 frames = 4848 samples.
# Column: per-D8R Delta [A]
0.655677
0.554228
0.470152
0.703065
0.655615
0.554163
0.470148
0.703003
0.655024
0.554819
0.469281
0.702034
0.655245
0.554964
0.469480
0.702008
0.654493
0.555208
0.469688
0.702464
0.654916
0.554900
0.469845
0.702044
0.654757
0.554648
0.470015
0.702240
0.654568
0.554860
0.470108
0.702790
0.654550
0.554841
0.470064
0.702643
0.654669
0.554978
0.470140
0.702273
0.654690
0.554934
0.469831
0.702166
0.654438
0.555234
0.469912
0.702304
0.646689
0.598881
0.364818
0.845986
0.686612
0.561066
0.563674
0.742043
0.670313
0.513613
0.488481
0.676043
0.686278
0.460750
0.376767
0.617165
0.674322
0.668346
0.561742
0.689097
0.651163
0.528099
0.803832
0.750745
0.620879
0.590604
0.551442
0.645563
0.568425
0.536882
0.566874
0.512168
0.635537
0.642638
0.343276
0.762764
0.749185
0.436656
0.413922
0.832237
0.771089
0.457239
0.533505
0.715369
0.476039
0.622934
0.501019
0.736946
0.733956
0.655835
0.312791
0.803351
0.800140
0.501185
0.570931
0.792762
0.617397
0.447133
0.551737
0.635948
0.703214
0.409541
0.266883
0.693110
0.637358
0.720460
0.496259
0.541744
0.627291
0.534623
0.903767
0.792804
0.597481
0.472885
0.548126
0.481763
0.387047
0.522114
0.491894
0.357043
0.617981
0.613162
0.344472
0.788628
0.838305
0.325621
0.319487
0.957447
0.773523
0.470547
0.553634
0.783569
0.381322
0.604259
0.635069
0.828552
0.807655
0.725381
0.367525
0.602993
0.893468
0.362899
0.519441
0.837526
0.504229
0.410248
0.572581
0.620800
0.727501
0.423504
0.224883
0.770482
0.661123
0.689941
0.365978
0.409223
0.595244
0.529767
0.745749
0.773224
0.493769
0.259722
0.535813
0.327833
0.272778
0.550496
0.368097
0.331750
0.641581
0.535273
0.382570
0.795399
0.947754
0.282582
0.249059
1.050927
0.655461
0.571467
0.514008
0.862487
0.426951
0.513983
0.748925
0.932897
0.758346
0.755239
0.457430
0.411098
0.863838
0.222522
0.484627
0.834163
0.605978
0.432311
0.486456
0.663711
0.780029
0.459483
0.209344
0.703432
0.689972
0.728035
0.317542
0.360906
0.519326
0.430381
0.661227
0.711252
0.351244
0.236529
0.519327
0.403191
0.328687
0.574769
0.226893
0.351099
0.567271
0.532430
0.400206
0.715622
1.044305
0.357562
0.291322
1.215366
0.595129
0.636865
0.508253
0.903852
0.567620
0.430896
0.725837
0.940156
0.707642
0.647143
0.432879
0.300774
0.763460
0.203421
0.576096
0.814185
0.570152
0.453665
0.474192
0.626962
0.835484
0.447281
0.322086
0.589659
0.642080
0.825245
0.422519
0.371068
0.465069
0.296829
0.712283
0.627356
0.330551
0.221643
0.517928
0.468016
0.375053
0.606626
0.322045
0.327913
0.404228
0.595821
0.321660
0.776525
1.038344
0.422464
0.370550
1.261908
0.574413
0.680767
0.515563
0.940021
0.573503
0.444595
0.692565
0.867768
0.716449
0.545037
0.270925
0.271095
0.756257
0.187962
0.631983
0.831109
0.429645
0.442156
0.548902
0.503151
0.812728
0.430075
0.330782
0.555026
0.579824
0.800405
0.546904
0.337225
0.572201
0.256120
0.673332
0.580825
0.443513
0.169014
0.541974
0.317203
0.266650
0.570918
0.404338
0.337023
0.229213
0.574259
0.230520
0.923322
1.019332
0.419566
0.382087
1.183799
0.512857
0.645792
0.561596
0.891505
0.414779
0.466295
0.745702
0.782054
0.655577
0.498301
0.250327
0.224562
0.763623
0.297700
0.595628
0.743777
0.410264
0.329978
0.734698
0.398597
0.723800
0.399915
0.316143
0.586310
0.582754
0.640887
0.599469
0.265983
0.740896
0.216765
0.579498
0.528840
0.525389
0.069301
0.525296
0.177714
0.147554
0.502101
0.299636
0.455397
0.247932
0.574396
0.095775
1.066485
0.974969
0.425859
0.348422
1.077417
0.496818
0.555302
0.636119
0.765107
0.348553
0.519877
0.796134
0.791785
0.530245
0.492757
0.375780
0.299250
0.770372
0.386617
0.530033
0.621251
0.482553
0.299638
0.733364
0.362123
0.644866
0.408096
0.364455
0.548098
0.593821
0.498041
0.619743
0.319854
0.723401
0.185229
0.533849
0.539053
0.556469
0.167375
0.539445
0.188051
0.109264
0.395901
0.237872
0.571785
0.249240
0.567612
0.101720
1.094753
0.854215
0.511284
0.360524
1.015905
0.589407
0.465630
0.670163
0.692650
0.437693
0.546699
0.741996
0.829211
0.447065
0.449367
0.287367
0.382738
0.694599
0.421610
0.566158
0.535542
0.600945
0.356077
0.606435
0.339426
0.448578
0.449352
0.416513
0.520862
0.570720
0.463116
0.621929
0.399872
0.573532
0.159365
0.493427
0.505899
0.540431
0.299748
0.497183
0.257974
0.177209
0.326325
0.278114
0.499061
0.154104
0.623338
0.190487
1.078073
0.711522
0.643564
0.468502
0.859931
0.684032
0.501767
0.622832
0.688661
0.624456
0.552017
0.639110
0.762421
0.475984
0.341476
0.187451
0.447580
0.588281
0.354684
0.682733
0.605235
0.664619
0.417538
0.445549
0.314235
0.360010
0.418102
0.390304
0.535945
0.487296
0.504291
0.557005
0.506974
0.527577
0.216469
0.328019
0.386058
0.513111
0.399348
0.384727
0.205769
0.122110
0.282935
0.183480
0.381340
0.244162
0.618868
0.249336
1.003605
0.622615
0.742737
0.532824
0.653135
0.663392
0.550023
0.465904
0.657179
0.759242
0.502095
0.584050
0.671564
0.543091
0.296732
0.285418
0.507054
0.473592
0.382596
0.722788
0.787196
0.538915
0.380864
0.329916
0.385557
0.336045
0.374773
0.373836
0.471037
0.359220
0.498328
0.452619
0.596091
0.724407
0.243102
0.138795
0.286411
0.540161
0.382728
0.399805
0.155899
0.024781
0.307833
0.185209
0.299511
0.285030
0.597181
0.308816
0.926596
0.578417
0.701960
0.533139
0.467484
0.643248
0.549928
0.327092
0.488136
0.725636
0.514854
0.602549
0.563774
0.609272
0.423184
0.378391
0.581861
0.368029
0.286947
0.532807
0.920440
0.488115
0.353363
0.155266
0.402269
0.343159
0.280632
0.465841
0.393190
0.238539
0.388398
0.304589
0.602130
0.817424
0.268126
0.073005
0.294495
0.616032
0.337718
0.424277
0.196036
0.048589
0.240869
0.147513
0.250468
0.344403
0.515602
0.344607
0.786184
0.481809
0.595570
0.388268
0.350425
0.727803
0.452364
0.269685
0.364334
0.578092
0.526701
0.456147
0.498081
0.596236
0.468792
0.471647
0.457101
0.301341
0.324496
0.332321
0.716601
0.538714
0.365544
0.143628
0.306063
0.250178
0.157754
0.529759
0.388833
0.248871
0.272631
0.206109
0.579772
0.795875
0.267424
0.137724
0.255481
0.670301
0.461857
0.364638
0.345662
0.043976
0.194981
0.136384
0.244071
0.407479
0.396421
0.414775
0.653763
0.286544
0.535557
0.184689
0.118645
0.813267
0.466407
0.209347
0.395120
0.489460
0.426814
0.193430
0.467283
0.550983
0.566481
0.628727
0.408511
0.258320
0.498060
0.264153
0.413709
0.539537
0.215077
0.186575
0.215486
0.133551
0.138555
0.492551
0.399605
0.330034
0.191586
0.273806
0.613204
0.791586
0.273702
0.170353
0.308492
0.507832
0.461629
0.335224
0.388576
0.155321
0.275788
0.236455
0.445255
0.514572
0.282255
0.464883
0.500770
0.208074
0.452442
0.153441
0.002874
0.787173
0.544041
0.126279
0.459433
0.478787
0.254259
0.120404
0.439129
0.507974
0.500089
0.861198
0.413684
0.251733
0.603647
0.276403
0.256861
0.417063
0.032451
0.125336
0.164103
0.139783
0.151176
0.454037
0.376939
0.393183
0.147502
0.254389
0.681453
0.822796
0.435760
0.234883
0.387238
0.287270
0.333332
0.223795
0.360049
0.290879
0.495966
0.319638
0.531734
0.592479
0.183679
0.464106
0.392517
0.289218
0.288323
0.240179
0.139736
0.647887
0.547931
0.072442
0.447831
0.536225
0.199796
0.238315
0.379081
0.491690
0.356156
0.898014
0.392868
0.281353
0.513743
0.207212
0.260896
0.268741
0.090115
0.034671
0.246290
0.230108
0.173937
0.468217
0.383621
0.379374
0.092176
0.241685
0.646639
0.741302
0.518698
0.169237
0.411642
0.211794
0.255715
0.104362
0.320916
0.462665
0.587855
0.314554
0.609211
0.540105
0.130764
0.459647
0.287406
0.363743
0.225331
0.222598
0.212753
0.592809
0.333874
0.118225
0.378993
0.556223
0.192741
0.369911
0.234652
0.422646
0.256729
0.762138
0.445602
0.227679
0.353234
0.072627
0.276625
0.234768
0.194074
0.088091
0.341453
0.309513
0.201633
0.385147
0.359884
0.407133
0.049494
0.397236
0.566760
0.576723
0.441091
0.122729
0.434384
0.289547
0.304659
0.118650
0.299559
0.670916
0.589410
0.492043
0.695850
0.404115
0.122528
0.418515
0.272114
0.343754
0.276411
0.068469
0.210418
0.542696
0.137429
0.189685
0.265805
0.496378
0.198820
0.368210
0.134232
0.269878
0.191821
0.597378
0.455657
0.123813
0.322405
0.084680
0.345510
0.176325
0.256072
0.246982
0.311151
0.243307
0.177636
0.229765
0.222502
0.440390
0.018412
0.481464
0.602245
0.358949
0.359877
0.060127
0.305841
0.332253
0.292567
0.142498
0.349948
0.723308
0.495465
0.555127
0.715906
0.331412
0.103804
0.347523
0.274973
0.310679
0.374677
0.078704
0.289634
0.298291
0.064868
0.301000
0.218842
0.359640
0.180369
0.283349
0.175903
0.142647
0.077959
0.502049
0.353921
0.075396
0.317340
0.140864
0.404140
0.070999
0.231318
0.259503
0.324705
0.293468
0.323651
0.071869
0.196099
0.415262
0.030855
0.324120
0.601375
0.329060
0.240836
0.031473
0.355608
0.247345
0.335351
0.116737
0.363460
0.656073
0.440056
0.520590
0.738607
0.342796
0.051230
0.260153
0.247426
0.262079
0.548273
0.142074
0.403437
0.104315
0.026284
0.307281
0.185909
0.200582
0.111998
0.213039
0.341933
0.146475
0.101421
0.355181
0.384436
0.220395
0.288875
0.235604
0.316328
0.092565
0.198434
0.218885
0.295254
0.502893
0.473199
0.089532
0.208911
0.375102
0.085657
0.127242
0.486792
0.402683
0.074450
0.109533
0.440791
0.141051
0.320191
0.208690
0.378896
0.585404
0.354833
0.472251
0.609672
0.340215
0.046738
0.232627
0.126130
0.172520
0.497435
0.274143
0.419687
0.163214
0.113674
0.257661
0.246824
0.059943
0.088566
0.107504
0.368254
0.186567
0.127974
0.123374
0.540979
0.267926
0.141014
0.247968
0.168030
0.255040
0.305646
0.254258
0.328180
0.474436
0.567344
0.117559
0.309479
0.367059
0.134353
0.116075
0.418011
0.434644
0.126504
0.264121
0.484424
0.113929
0.335823
0.331211
0.337778
0.557795
0.329756
0.288871
0.472741
0.188757
0.042553
0.224522
0.117177
0.132009
0.402872
0.117842
0.318642
0.216209
0.252744
0.187822
0.260930
0.060535
0.045721
0.072832
0.236387
0.279902
0.174313
0.110800
0.489802
0.156814
0.067145
0.137056
0.127741
0.307168
0.415169
0.356576
0.269140
0.367246
0.543744
0.102462
0.292223
0.473761
0.217386
0.064478
0.537148
0.435448
0.220085
0.337570
0.412278
0.185332
0.293024
0.445114
0.445689
0.420630
0.366882
0.114885
0.397707
0.111518
0.038345
0.211941
0.244654
0.068325
0.271378
0.084474
0.248290
0.199534
0.251243
0.181784
0.159742
0.050588
0.100572
0.149341
0.112013
0.209870
0.210636
0.203641
0.227070
0.013639
0.028305
0.101402
0.128029
0.126765
0.432736
0.470515
0.295186
0.380103
0.406840
0.173076
0.287329
0.377918
0.211868
0.111871
0.612213
0.345322
0.219894
0.288334
0.314506
0.142426
0.399555
0.481656
0.434461
0.214219
0.358762
0.034940
0.295562
0.188483
0.092121
0.200204
0.227732
0.103406
0.148246
0.058809
0.154659
0.193998
0.189714
0.152311
0.190880
0.195714
0.116838
0.301339
0.015256
0.082276
0.130887
0.303327
0.137059
0.070492
0.111688
0.144246
0.091615
0.214849
0.326045
0.384945
0.288814
0.446373
0.263440
0.243494
0.272770
0.361234
0.162281
0.055807
0.402424
0.264805
0.239751
0.202386
0.304131
0.135918
0.445997
0.488311
0.373284
0.060898
0.296147
0.009903
0.124814
0.325373
0.099199
0.295228
0.021848
0.138042
0.029187
0.076259
0.047344
0.173023
0.208084
0.314356
0.192859
0.313767
0.160248
0.316605
0.101839
0.053371
0.015338
0.522310
0.241176
0.112907
0.067204
0.242096
0.018323
0.246879
0.189159
0.279086
0.284322
0.388144
0.155526
0.272051
0.349124
0.480217
0.143856
0.119148
0.203845
0.257594
0.219552
0.049574
0.241320
0.181664
0.296672
0.384433
0.286853
0.040070
0.159776
0.007399
0.075083
0.328794
0.085738
0.186654
0.194778
0.309281
0.139790
0.079676
0.093898
0.220211
0.255184
0.385403
0.370924
0.381173
0.295278
0.217994
0.131487
0.152335
0.011835
0.714589
0.275977
0.172954
0.053629
0.228882
0.179794
0.210190
0.150625
0.241265
0.336176
0.344700
0.195459
0.212880
0.290319
0.459628
0.097860
0.156796
0.243940
0.360111
0.058378
0.203446
0.135692
0.072893
0.289091
0.251044
0.284749
0.057758
0.089943
0.126305
0.092670
0.245828
0.124331
0.092489
0.211464
0.376456
0.271400
0.213933
0.130863
0.318780
0.281458
0.229944
0.519331
0.343527
0.283774
0.165021
0.084629
0.230336
0.144695
0.752866
0.315690
0.150670
0.021040
0.126862
0.215526
0.195044
0.152597
0.182259
0.301887
0.295608
0.161085
0.179682
0.198887
0.143837
0.079391
0.042578
0.201968
0.333275
0.049210
0.262667
0.071403
0.028600
0.414112
0.152821
0.218695
0.164157
0.042840
0.240921
0.213730
0.171019
0.107179
0.197339
0.132788
0.349981
0.327568
0.234838
0.260059
0.360832
0.253045
0.179838
0.381255
0.233441
0.154549
0.176881
0.132738
0.281807
0.164905
0.643112
0.299492
0.160795
0.065832
0.056265
0.147964
0.190345
0.088531
0.171050
0.236072
0.150036
0.067452
0.125011
0.093006
0.093726
0.037472
0.075623
0.116919
0.198071
0.051715
0.166028
0.077436
0.061204
0.373989
0.120816
0.135482
0.298939
0.094479
0.245773
0.326520
0.113591
0.168962
0.196665
0.304505
0.255496
0.329616
0.145078
0.301675
0.231987
0.243051
0.175567
0.282494
0.182834
0.101808
0.146944
0.243420
0.398112
0.140061
0.472649
0.176410
0.190825
0.117016
0.151212
0.086220
0.246368
0.205567
0.169412
0.194896
0.083774
0.127372
0.081640
0.093307
0.129864
0.080789
0.099930
0.182060
0.148319
0.070778
0.126441
0.150238
0.135979
0.170338
0.072815
0.032169
0.390319
0.119607
0.294373
0.400213
0.150758
0.174851
0.118686
0.353408
0.208202
0.203531
0.084906
0.210591
0.134102
0.207788
0.286376
0.331119
0.197096
0.147798
0.068673
0.225589
0.394236
0.246900
0.305301
0.232095
0.213376
0.049112
0.177802
0.112241
0.290471
0.179991
0.225531
0.285496
0.189273
0.133251
0.124300
0.236945
0.184288
0.015603
0.056635
0.423243
0.146976
0.044588
0.121975
0.190957
0.114171
0.127302
0.171265
0.062433
0.362341
0.155819
0.362158
0.332793
0.066637
0.036157
0.065298
0.351813
0.149842
0.067998
0.067683
0.218113
0.128788
0.125382
0.348853
0.195548
0.088524
0.033925
0.090096
0.298106
0.425899
0.213412
0.102460
0.405270
0.202845
0.130459
0.016033
0.162735
0.286457
0.093739
0.276216
0.304446
0.353999
0.034255
0.106679
0.179946
0.213417
0.117546
0.062952
0.626014
0.196921
0.089111
0.189375
0.169658
0.129148
0.248236
0.296301
0.100111
0.231533
0.214655
0.341872
0.361720
0.038250
0.166880
0.146655
0.246142
0.376113
0.113660
0.055308
0.243869
0.096907
0.093534
0.363130
0.068239
0.097363
0.196195
0.146470
0.341940
0.309367
0.189663
0.096551
0.541031
0.166958
0.166489
0.262261
0.134708
0.198393
0.064218
0.218375
0.250033
0.398627
0.082437
0.098927
0.200581
0.345955
0.103439
0.087650
0.713431
0.219898
0.016996
0.230064
0.174192
0.337279
0.323946
0.346250
0.252248
0.129582
0.323178
0.184025
0.439852
0.102539
0.133952
0.232842
0.279425
0.500437
0.203387
0.086165
0.247823
0.099072
0.147293
0.323220
0.059314
0.135109
0.291320
0.150719
0.346473
0.209149
0.141751
0.182069
0.659719
0.134818
0.179344
0.284471
0.136927
0.191937
0.125049
0.140654
0.339689
0.306287
0.198539
0.116679
0.300551
0.508266
0.137954
0.190575
0.767395
0.257143
0.076022
0.183917
0.275777
0.388523
0.404938
0.348053
0.361820
0.155483
0.361224
0.131366
0.379554
0.259093
0.125350
0.136307
0.233115
0.559728
0.187369
0.226620
0.083331
0.186490
0.145495
0.297034
0.062905
0.216020
0.244583
0.156513
0.343919
0.233254
0.130859
0.140331
0.716930
0.209791
0.117502
0.235577
0.241024
0.270696
0.142952
0.245848
0.313737
0.148867
0.300732
0.078701
0.365616
0.557238
0.232617
0.298509
0.777433
0.398425
0.073841
0.203388
0.320789
0.411558
0.481811
0.296873
0.335844
0.297106
0.356400
0.196178
0.212863
0.350007
0.056310
0.061114
0.125076
0.546361
0.182365
0.247286
0.105732
0.174516
0.190020
0.278175
0.093285
0.243687
0.261248
0.163542
0.303082
0.513463
0.087802
0.089663
0.661687
0.306143
0.098524
0.299425
0.256830
0.325523
0.239870
0.255477
0.265891
0.112442
0.326597
0.179171
0.338747
0.536701
0.272910
0.388598
0.768825
0.492637
0.043722
0.265745
0.353304
0.489549
0.449880
0.297729
0.474540
0.389256
0.370602
0.328493
0.267079
0.327443
0.055293
0.095780
0.222218
0.571495
0.210726
0.157268
0.153845
0.054867
0.158591
0.163538
0.119125
0.159264
0.264169
0.173100
0.301650
0.666960
0.091006
0.082911
0.523771
0.454785
0.139741
0.383519
0.218166
0.287453
0.283051
0.168791
0.313909
0.226162
0.362419
0.169825
0.288172
0.533761
0.280539
0.385712
0.832591
0.390989
0.038073
0.238826
0.335381
0.640771
0.393295
0.241206
0.554279
0.385989
0.416356
0.332464
0.328778
0.368601
0.115246
0.202020
0.347646
0.515665
0.226622
0.180188
0.208629
0.109021
0.087788
0.324312
0.089011
0.293602
0.190650
0.227428
0.350495
0.621162
0.308523
0.056966
0.454148
0.670374
0.265806
0.292502
0.299284
0.181197
0.416096
0.219696
0.451076
0.280906
0.485581
0.188981
0.305106
0.492851
0.285533
0.220204
0.961052
0.306972
0.073186
0.226439
0.360251
0.734969
0.413702
0.235178
0.439064
0.289910
0.491538
0.239516
0.377321
0.325083
0.316695
0.287338
0.548380
0.451138
0.140651
0.098809
0.378668
0.170275
0.053027
0.369541
0.214846
0.386996
0.076221
0.341595
0.484478
0.569075
0.443785
0.087127
0.486954
0.822868
0.376522
0.264148
0.502141
0.162885
0.662762
0.217728
0.528112
0.320026
0.610633
0.362791
0.390195
0.404460
0.330004
0.140756
1.018898
0.351165
0.168271
0.117948
0.455558
0.707184
0.563138
0.225216
0.454359
0.229722
0.632947
0.192235
0.252878
0.322282
0.299775
0.226036
0.572005
0.383419
0.155790
0.225440
0.472372
0.159284
0.085707
0.306806
0.237998
0.370428
0.053192
0.390967
0.578519
0.472964
0.394639
0.179390
0.500393
0.826355
0.391720
0.336200
0.531577
0.222808
0.729229
0.138881
0.604318
0.411814
0.667794
0.436464
0.443401
0.291923
0.307659
0.137935
0.947939
0.452143
0.236392
0.071584
0.534300
0.599535
0.621823
0.268335
0.459496
0.249348
0.766570
0.125584
0.178366
0.300093
0.244692
0.259019
0.412544
0.326154
0.306979
0.280631
0.505468
0.056370
0.088507
0.237655
0.146990
0.359198
0.213396
0.353469
0.629193
0.391022
0.187952
0.308231
0.536104
0.732013
0.295930
0.349681
0.463899
0.250619
0.599053
0.179478
0.704001
0.389165
0.663669
0.409597
0.481356
0.315840
0.204008
0.045340
0.800338
0.490097
0.310847
0.141754
0.583689
0.500461
0.592030
0.230777
0.481119
0.353060
0.735674
0.105454
0.289578
0.321951
0.319811
0.374735
0.270776
0.188159
0.472219
0.384364
0.523404
0.093544
0.205343
0.188468
0.100769
0.485488
0.377105
0.353366
0.620671
0.443760
0.098275
0.364328
0.621820
0.703873
0.260518
0.249781
0.494311
0.247075
0.532328
0.312658
0.701863
0.377824
0.585319
0.507309
0.519024
0.402413
0.069705
0.101737
0.700921
0.451375
0.349948
0.212518
0.679107
0.400143
0.457773
0.182515
0.523842
0.448129
0.563923
0.112019
0.383685
0.428691
0.556367
0.505852
0.241915
0.114098
0.463856
0.397834
0.629127
0.276035
0.312286
0.172304
0.169447
0.626664
0.482756
0.423170
0.574170
0.554549
0.260042
0.399577
0.633323
0.684455
0.313544
0.189427
0.660885
0.249137
0.544959
0.403386
0.676054
0.429193
0.527650
0.585466
0.591269
0.456066
0.055238
0.226101
0.603026
0.500719
0.428366
0.411193
0.777458
0.414344
0.429022
0.191049
0.448476
0.409227
0.537634
0.175142
0.530078
0.534812
0.619501
0.552581
0.391987
0.101121
0.359788
0.412849
0.699883
0.479940
0.351302
0.255110
0.356684
0.715543
0.511798
0.501776
0.450381
0.507194
0.427424
0.421177
0.493628
0.569507
0.471450
0.226609
0.817249
0.298919
0.511263
0.429358
0.604601
0.530467
0.551315
0.618259
0.603652
0.389799
0.215547
0.189542
0.484264
0.500088
0.417853
0.627530
0.790774
0.516613
0.430059
0.285862
0.353227
0.328602
0.684106
0.240783
0.664944
0.605516
0.489792
0.521762
0.561016
0.142930
0.341354
0.470255
0.768838
0.648945
0.365211
0.324914
0.440472
0.800532
0.507219
0.557003
0.416265
0.293658
0.471996
0.493619
0.465327
0.444811
0.531397
0.226946
0.799251
0.382228
0.465002
0.455100
0.509096
0.544570
0.524892
0.581602
0.640565
0.362599
0.494202
0.206452
0.398886
0.408717
0.427253
0.679953
0.751980
0.560171
0.447046
0.464330
0.371023
0.410363
0.743186
0.316498
0.678581
0.729288
0.436648
0.490167
0.670661
0.187540
0.401859
0.482600
0.823714
0.761202
0.392804
0.339646
0.552935
0.877615
0.538045
0.590946
0.495713
0.421326
0.380994
0.567616
0.542368
0.366513
0.535160
0.224849
0.774325
0.492049
0.512448
0.522749
0.393336
0.543256
0.393812
0.589150
0.643680
0.404221
0.626612
0.351294
0.378881
0.397297
0.434012
0.621149
0.752576
0.414649
0.459001
0.525617
0.502975
0.597728
0.637512
0.343677
0.518804
0.794974
0.504943
0.414608
0.637617
0.247549
0.428247
0.389971
0.915687
0.813598
0.428975
0.320445
0.692440
0.839014
0.587890
0.652077
0.553655
0.408271
0.408820
0.617134
0.590149
0.329858
0.567261
0.414100
0.800522
0.510827
0.541435
0.626686
0.438503
0.609885
0.289268
0.527617
0.601509
0.434619
0.582118
0.426597
0.337709
0.505502
0.519141
0.559608
0.693024
0.238912
0.507904
0.514384
0.580951
0.713337
0.467926
0.354846
0.357189
0.787943
0.480644
0.360468
0.659363
0.237341
0.436399
0.317268
0.857470
0.787396
0.512837
0.400178
0.716988
0.679498
0.678644
0.611899
0.562224
0.330585
0.511827
0.553861
0.616539
0.321089
0.665570
0.606638
0.769011
0.490544
0.453598
0.667931
0.544730
0.713197
0.229173
0.450063
0.584170
0.393279
0.477961
0.442001
0.292915
0.620148
0.618292
0.634122
0.614246
0.253697
0.563639
0.557724
0.607111
0.666587
0.448286
0.409506
0.332576
0.716242
0.403641
0.387249
0.684270
0.302509
0.469777
0.272633
0.802488
0.840626
0.605394
0.497522
0.780016
0.551110
0.680434
0.455543
0.577078
0.363422
0.524809
0.470605
0.727647
0.275160
0.815077
0.597833
0.685772
0.497792
0.325816
0.666971
0.612511
0.759804
0.284602
0.380732
0.612734
0.310161
0.384374
0.489682
0.350551
0.699003
0.692736
0.723613
0.594661
0.200654
0.492411
0.671267
0.624391
0.598869
0.407136
0.527666
0.357410
0.710310
0.307689
0.388442
0.690861
0.416786
0.609401
0.155470
0.765267
0.943782
0.603178
0.462238
0.888119
0.536777
0.590335
0.374558
0.708094
0.436727
0.536782
0.383928
0.803268
0.366893
0.836718
0.561842
0.571052
0.544969
0.322766
0.623492
0.593326
0.770862
0.372274
0.436160
0.653712
0.309968
0.327448
0.559803
0.448858
0.707415
0.635962
0.695981
0.653240
0.202207
0.345960
0.746561
0.740098
0.592094
0.304760
0.697439
0.448508
0.827827
0.398470
0.272369
0.700928
0.473473
0.715611
0.104338
0.779959
1.050980
0.627816
0.515269
0.980871
0.567779
0.497142
0.368060
0.847618
0.369314
0.643049
0.411841
0.749350
0.518369
0.735897
0.671214
0.463919
0.588378
0.383022
0.571624
0.558428
0.775031
0.393674
0.490088
0.732199
0.316710
0.471863
0.560715
0.443047
0.636133
0.597699
0.503265
0.661086
0.201071
0.329132
0.736156
0.822844
0.694406
0.202461
0.696069
0.566075
0.965081
0.505234
0.150711
0.735893
0.395300
0.721334
0.238256
0.706818
1.033112
0.646210
0.640452
0.976897
0.578067
0.431902
0.386740
0.903105
0.478404
0.768614
0.445898
0.663195
0.556246
0.631774
0.702950
0.427427
0.604115
0.358024
0.491370
0.592536
0.833715
0.416335
0.530530
0.777307
0.341111
0.700119
0.579992
0.335615
0.605584
0.568337
0.360210
0.621375
0.361417
0.406111
0.620229
0.836134
0.781463
0.212126
0.551486
0.646423
0.904872
0.565846
0.177709
0.687613
0.379889
0.639058
0.364877
0.636617
0.889164
0.705797
0.749129
0.959714
0.634162
0.458727
0.379737
0.842497
0.529870
0.759338
0.359604
0.656133
0.382227
0.574840
0.606481
0.450274
0.690989
0.293390
0.419111
0.657987
0.781127
0.462170
0.559760
0.817641
0.396111
0.739944
0.622791
0.264144
0.537538
0.646591
0.310208
0.492122
0.519415
0.453766
0.518832
0.830065
0.830594
0.327597
0.483540
0.726326
0.749698
0.490671
0.231325
0.619265
0.474323
0.548965
0.343650
0.532769
0.746433
0.727499
0.768142
0.976498
0.593683
0.529567
0.366552
0.813373
0.660329
0.718036
0.251459
0.612584
0.265569
0.620359
0.469422
0.505309
0.754441
0.280544
0.342212
0.698847
0.683525
0.480346
0.603703
0.726756
0.537883
0.685539
0.611429
0.247813
0.501042
0.658129
0.296824
0.481141
0.513943
0.435361
0.517930
0.841215
0.772773
0.375255
0.510371
0.835982
0.635934
0.422320
0.214643
0.575899
0.591440
0.450639
0.288038
0.536222
0.645761
0.730380
0.728634
1.033279
0.560886
0.645838
0.435932
0.838081
0.738949
0.730995
0.263971
0.528690
0.358432
0.609600
0.406257
0.488177
0.692677
0.329890
0.330901
0.743934
0.571405
0.511077
0.465240
0.640826
0.704338
0.760175
0.588747
0.270491
0.586785
0.604063
0.198148
0.575348
0.537976
0.530033
0.561388
0.819996
0.715535
0.264754
0.501107
0.850044
0.618724
0.452150
0.298513
0.498242
0.642041
0.486384
0.382491
0.553831
0.471003
0.750672
0.735796
1.014387
0.563229
0.648388
0.435364
0.878302
0.772406
0.731166
0.294505
0.529854
0.551156
0.590755
0.353659
0.466216
0.632878
0.380700
0.373374
0.781465
0.535462
0.585921
0.211260
0.631755
0.804941
0.874643
0.592363
0.354481
0.653010
0.478704
0.194127
0.676953
0.670577
0.561215
0.456657
0.822747
0.733932
0.104945
0.406861
0.830440
0.625940
0.602408
0.495992
0.434133
0.667492
0.574695
0.606527
0.506442
0.308425
0.749470
0.690281
0.979436
0.518899
0.539367
0.407620
0.809950
0.729586
0.634337
0.309291
0.580211
0.742310
0.497243
0.289426
0.451871
0.780344
0.432813
0.457588
0.807582
0.406644
0.657163
0.125885
0.669490
0.756774
0.816492
0.515059
0.480745
0.620406
0.427818
0.314723
0.630677
0.758090
0.468676
0.294549
0.910454
0.812712
0.068661
0.372826
0.773654
0.606735
0.535517
0.582738
0.441240
0.674489
0.519305
0.681080
0.394999
0.242331
0.721708
0.510001
0.827561
0.478386
0.472829
0.338765
0.704940
0.767792
0.606660
0.369101
0.495056
0.894347
0.282379
0.279465
0.600241
0.922808
0.497127
0.573627
0.847637
0.291348
0.565759
0.196769
0.652858
0.719095
0.662645
0.338802
0.528698
0.497883
0.405531
0.405159
0.552090
0.755459
0.318007
0.281524
0.952291
0.786128
0.114358
0.391832
0.702932
0.524817
0.457118
0.501951
0.405630
0.654046
0.396368
0.736396
0.398142
0.170457
0.626647
0.292464
0.602828
0.461839
0.434566
0.297710
0.575893
0.859184
0.643529
0.450532
0.364311
0.905394
0.104460
0.238189
0.647526
0.904458
0.483273
0.644522
0.844757
0.273568
0.438629
0.383813
0.588687
0.779252
0.613965
0.181110
0.441904
0.454431
0.409322
0.358483
0.448029
0.811124
0.362220
0.291257
0.906251
0.698998
0.166618
0.351433
0.625417
0.427573
0.438857
0.520527
0.350253
0.646759
0.341066
0.846222
0.465289
0.093268
0.515324
0.291120
0.379235
0.472853
0.461967
0.174339
0.490848
0.993390
0.674206
0.427998
0.345305
0.933847
0.029253
0.122873
0.509423
0.871984
0.483399
0.640880
0.865187
0.366801
0.437864
0.361221
0.595900
0.866924
0.661575
0.165120
0.339471
0.490200
0.419018
0.310655
0.412574
0.895256
0.487442
0.218461
0.797445
0.574166
0.197915
0.244235
0.578641
0.396203
0.519497
0.631311
0.341256
0.768424
0.361937
0.813162
0.614538
0.058622
0.401854
0.443501
0.294620
0.468691
0.379514
0.066919
0.503165
1.034822
0.554907
0.379524
0.450543
0.868878
0.078514
0.201962
0.475563
0.873152
0.550082
0.532909
0.873393
0.413667
0.619956
0.220495
0.660040
0.860884
0.608254
0.253542
0.430879
0.478420
0.448028
0.418488
0.406747
0.914050
0.533059
0.206764
0.791667
0.556872
0.271139
0.233633
0.496854
0.424854
0.495549
0.613191
0.384348
0.782419
0.400103
0.483769
0.751691
0.124425
0.333826
0.433942
0.313903
0.464572
0.330081
0.063987
0.504648
0.945982
0.388868
0.420097
0.459041
0.840411
0.242274
0.272156
0.539152
0.808700
0.604780
0.414200
0.816213
0.452495
0.754239
0.235681
0.678801
0.780904
0.423421
0.326075
0.628289
0.342566
0.375213
0.626348
0.427412
0.814383
0.458401
0.151062
0.795196
0.596143
0.376875
0.286506
0.438191
0.443791
0.441203
0.367167
0.393263
0.644863
0.330304
0.204073
0.878887
0.162474
0.319647
0.229767
0.317910
0.467103
0.303000
0.169504
0.461084
0.792195
0.232572
0.561305
0.343539
0.790379
0.257332
0.379977
0.481177
0.682519
0.504765
0.361781
0.618029
0.477908
0.695588
0.356525
0.649205
0.742366
0.322675
0.386352
0.705054
0.248762
0.306761
0.622816
0.495032
0.687570
0.547157
0.267385
0.703823
0.591591
0.493842
0.372538
0.483942
0.376071
0.377746
0.200956
0.347747
0.556795
0.255107
0.129574
0.881042
0.190632
0.250926
0.297046
0.308515
0.501754
0.223213
0.166228
0.293536
0.670726
0.126673
0.632695
0.237481
0.740041
0.257086
0.401683
0.443476
0.590298
0.353615
0.333055
0.519154
0.507097
0.502253
0.413524
0.483641
0.703128
0.337124
0.411245
0.593185
0.254862
0.244286
0.515081
0.598281
0.649819
0.615470
0.333663
0.562516
0.464947
0.611877
0.423004
0.549785
0.350800
0.348157
0.262035
0.431497
0.558981
0.218873
0.149040
0.712885
0.230253
0.266403
0.272004
0.329112
0.497995
0.092488
0.127620
0.147725
0.452575
0.066843
0.561987
0.247710
0.653129
0.334525
0.361931
0.459188
0.562310
0.351632
0.264047
0.570055
0.506386
0.304636
0.301237
0.411710
0.588554
0.289540
0.392143
0.524085
0.235941
0.301132
0.425872
0.607267
0.727561
0.613698
0.439446
0.458191
0.322948
0.686760
0.401915
0.603392
0.331964
0.366189
0.326676
0.533684
0.562635
0.203914
0.192213
0.533628
0.337063
0.269450
0.155837
0.277293
0.498485
0.076268
0.176662
0.160932
0.284762
0.159109
0.508548
0.333433
0.539166
0.452732
0.435280
0.495232
0.472832
0.399591
0.223811
0.568149
0.499688
0.124294
0.306891
0.440112
0.434829
0.191594
0.386993
0.560202
0.228201
0.354668
0.362921
0.563292
0.774604
0.484807
0.543398
0.352573
0.261055
0.647027
0.325858
0.543539
0.314312
0.431259
0.266264
0.484475
0.526160
0.169235
0.207469
0.504140
0.414525
0.253700
0.085061
0.235708
0.552729
0.088851
0.205191
0.241640
0.198137
0.203369
0.499931
0.379024
0.463189
0.423667
0.509431
0.531156
0.349820
0.394263
0.076243
0.467676
0.423685
0.130616
0.430511
0.478044
0.405753
0.162395
0.375061
0.521629
0.300048
0.307702
0.206431
0.453028
0.612479
0.455411
0.516372
0.285362
0.315426
0.597855
0.252292
0.411545
0.255564
0.499898
0.209887
0.444759
0.433726
0.186948
0.342021
0.519788
0.462385
0.299531
0.078183
0.228047
0.587240
0.122734
0.223235
0.197422
0.238819
0.172368
0.377679
0.479497
0.336584
0.373499
0.424266
0.585640
0.334150
0.352753
0.117574
0.217234
0.273962
0.080123
0.463009
0.457205
0.480023
0.210628
0.328116
0.421917
0.402391
0.217016
0.065440
0.477970
0.450030
0.446747
0.375128
0.301346
0.361912
0.587180
0.254020
0.303656
0.360237
0.544994
0.156334
0.381186
0.427052
0.273915
0.279468
0.546705
0.524347
0.330773
0.094773
0.320863
0.475872
0.218043
0.353826
0.181225
0.322827
0.119044
0.245845
0.623908
0.179404
0.362530
0.223247
0.656631
0.349767
0.324398
0.192485
0.092932
0.225333
0.039510
0.323328
0.487789
0.417685
0.195782
0.327038
0.315624
0.417895
0.260393
0.008175
0.624620
0.335959
0.383830
0.294938
0.388991
0.285143
0.596495
0.259468
0.299728
0.545956
0.508379
0.172269
0.448537
0.439914
0.296592
0.220296
0.498416
0.614777
0.387402
0.217878
0.309074
0.392480
0.425549
0.536023
0.227603
0.357377
0.064932
0.274012
0.654225
0.115426
0.437005
0.223759
0.701270
0.275185
0.316572
0.222484
0.101419
0.367921
0.083028
0.220236
0.504548
0.460228
0.188129
0.406008
0.291397
0.395743
0.275322
0.068310
0.637009
0.298078
0.198343
0.363035
0.435409
0.203031
0.614310
0.230870
0.374422
0.511892
0.365420
0.255924
0.602587
0.447175
0.304370
0.166260
0.423617
0.612063
0.462246
0.235125
0.253100
0.332902
0.556517
0.600879
0.363176
0.301498
0.150591
0.241706
0.638253
0.128513
0.497325
0.345433
0.594539
0.202855
0.315561
0.258411
0.156483
0.560977
0.131645
0.289556
0.403260
0.427442
0.150432
0.361133
0.290654
0.465918
0.282405
0.247400
0.457222
0.197596
0.125077
0.389028
0.390046
0.140061
0.488160
0.208472
0.394439
0.290192
0.161378
0.343529
0.701634
0.428460
0.317599
0.142179
0.289666
0.685074
0.482987
0.166182
0.220617
0.353822
0.439578
0.444441
0.427558
0.216334
0.234798
0.130264
0.612528
0.150009
0.512127
0.380067
0.455691
0.294465
0.268954
0.240469
0.142696
0.568890
0.106495
0.389328
0.298152
0.311626
0.095877
0.164116
0.234812
0.586799
0.305460
0.291515
0.436380
0.156575
0.195539
0.342818
0.274469
0.130782
0.368506
0.264434
0.380208
0.157845
0.374117
0.313840
0.762300
0.463322
0.372322
0.229414
0.242505
0.736379
0.401343
0.172037
0.361811
0.379767
0.321147
0.345604
0.394992
0.112033
0.268266
0.302079
0.598012
0.116107
0.403253
0.235776
0.466533
0.315933
0.172911
0.158504
0.160397
0.481433
0.143924
0.305589
0.399482
0.247445
0.087220
0.248368
0.299075
0.682277
0.384173
0.128960
0.365242
0.200016
0.253770
0.302704
0.206697
0.176240
0.313869
0.302204
0.377115
0.302633
0.346059
0.204623
0.713556
0.451879
0.551685
0.365678
0.260894
0.778027
0.343596
0.267196
0.391232
0.393567
0.282805
0.353991
0.435523
0.105890
0.247809
0.288407
0.572552
0.125145
0.351354
0.228507
0.561774
0.210375
0.199587
0.207606
0.217658
0.395687
0.252638
0.201405
0.500343
0.134995
0.242358
0.192525
0.350218
0.607939
0.420854
0.096705
0.276101
0.199244
0.362100
0.345467
0.180901
0.195469
0.212930
0.271519
0.366616
0.512424
0.252925
0.233432
0.682116
0.441927
0.588680
0.374432
0.303854
0.715610
0.310786
0.317061
0.382500
0.377368
0.401152
0.299355
0.508797
0.169772
0.261703
0.155814
0.520265
0.146233
0.322717
0.232670
0.499903
0.122239
0.199669
0.304470
0.205086
0.366763
0.334991
0.198761
0.352438
0.142276
0.233960
0.115178
0.331618
0.451810
0.378100
0.146511
0.261500
0.112703
0.310070
0.273875
0.103311
0.151748
0.060777
0.196965
0.314498
0.539285
0.164748
0.157439
0.679271
0.423243
0.454593
0.257110
0.214145
0.597041
0.247123
0.344787
0.337771
0.420983
0.474790
0.121662
0.437467
0.174587
0.262310
0.238311
0.487551
0.153892
0.308531
0.163685
0.404221
0.226587
0.088441
0.224629
0.106138
0.377321
0.317513
0.268911
0.146458
0.204846
0.084576
0.100605
0.342213
0.295171
0.258914
0.258041
0.196607
0.055950
0.204122
0.099340
0.102417
0.092115
0.161615
0.237954
0.339509
0.473397
0.092039
0.044987
0.625501
0.403262
0.293188
0.202932
0.092387
0.490990
0.158740
0.375329
0.415176
0.404831
0.373461
0.199023
0.282791
0.069829
0.270101
0.179939
0.406407
0.156428
0.237190
0.085249
0.331079
0.221648
0.186069
0.122641
0.141856
0.304972
0.339457
0.157372
0.268866
0.161839
0.142972
0.213743
0.384986
0.225024
0.169595
0.392877
0.146393
0.053053
0.248441
0.114337
0.233138
0.225213
0.199545
0.281046
0.234348
0.350711
0.127270
0.059420
0.395864
0.370285
0.275959
0.314584
0.025749
0.410307
0.102713
0.406687
0.426694
0.318383
0.239121
0.076676
0.318770
0.070155
0.239747
0.123522
0.232027
0.197152
0.207134
0.040084
0.227603
0.178992
0.209001
0.158590
0.126462
0.212275
0.436358
0.038703
0.379828
0.036902
0.243118
0.207409
0.399251
0.232584
0.052184
0.461112
0.171826
0.045978
0.158588
0.055626
0.332485
0.335849
0.144388
0.261089
0.172311
0.270838
0.119179
0.058276
0.258113
0.261128
0.326993
0.313151
0.111953
0.358887
0.047976
0.373065
0.504445
0.199034
0.322555
0.185999
0.517046
0.136484
0.184422
0.175452
0.123418
0.038546
0.186579
0.054884
0.205900
0.270881
0.112699
0.143281
0.115083
0.157970
0.440965
0.111970
0.398911
0.028442
0.380433
0.147208
0.341550
0.253552
0.130155
0.384946
0.069886
0.100897
0.089383
0.035416
0.344538
0.357975
0.077303
0.176767
0.269561
0.211307
0.116767
0.145381
0.296563
0.118963
0.245943
0.224861
0.188923
0.258538
0.114343
0.275082
0.533640
0.091292
0.388461
0.255489
0.602533
0.154216
0.202194
0.088860
0.142376
0.166536
0.208929
0.190194
0.205421
0.251557
0.057785
0.257777
0.092568
0.162581
0.495314
0.121635
0.275705
0.016147
0.422211
0.129447
0.330272
0.328621
0.182612
0.349001
0.023684
0.093897
0.178555
0.076176
0.339751
0.263581
0.072207
0.192144
0.180050
0.178918
0.103155
0.292561
0.338805
0.168656
0.048849
0.159443
0.097582
0.090297
0.087609
0.214892
0.505060
0.078881
0.528057
0.240850
0.429262
0.192938
0.349164
0.016650
0.068777
0.280784
0.189007
0.223053
0.223243
0.246105
0.050036
0.328179
0.010252
0.050929
0.523044
0.090882
0.153864
0.057093
0.356687
0.166995
0.388735
0.339563
0.238889
0.467724
0.095034
0.105012
0.178375
0.196270
0.264295
0.243166
0.113582
0.226280
0.078016
0.207136
0.091254
0.338778
0.284724
0.224701
0.054568
0.122689
0.016518
0.091006
0.184003
0.107887
0.301898
0.067167
0.607983
0.243693
0.327757
0.247149
0.348831
0.024545
0.035973
0.359831
0.114793
0.223322
0.124164
0.313773
0.092844
0.318429
0.220572
0.112703
0.382855
0.139073
0.082012
0.078561
0.307596
0.290588
0.376406
0.283003
0.231992
0.554043
0.093560
0.184985
0.299265
0.220697
0.211682
0.211569
0.132582
0.132584
0.017282
0.098466
0.065310
0.258050
0.180053
0.243208
0.096346
0.170084
0.003406
0.143328
0.241174
0.155885
0.140961
0.076393
0.583047
0.193969
0.230573
0.340426
0.270639
0.045773
0.099240
0.417145
0.038036
0.209671
0.081808
0.295436
0.094810
0.318908
0.321441
0.233201
0.312132
0.120494
0.033392
0.102686
0.330628
0.330993
0.281640
0.318414
0.147961
0.404284
0.084140
0.255321
0.390073
0.129681
0.185120
0.196625
0.221103
0.142363
0.116282
0.142899
0.210255
0.249669
0.102866
0.216161
0.066047
0.046244
0.028131
0.162326
0.277184
0.228057
0.103499
0.081970
0.456312
0.116366
0.183098
0.373424
0.140442
0.069341
0.144908
0.392385
0.100683
0.248721
0.198817
0.237298
0.071649
0.256590
0.236987
0.188766
0.437681
0.085358
0.079348
0.133413
0.338256
0.304083
0.188838
0.317922
0.099545
0.274050
0.233344
0.231213
0.271089
0.147012
0.275411
0.153931
0.362239
0.215343
0.142634
0.193622
0.195561
0.235688
0.053304
0.128082
0.160921
0.090420
0.162847
0.212113
0.327211
0.314498
0.129502
0.093876
0.357652
0.054775
0.154221
0.243242
0.138505
0.140048
0.197148
0.334183
0.176822
0.261945
0.175994
0.225774
0.209705
0.192873
0.068133
0.070598
0.474156
0.163154
0.131721
0.190995
0.227197
0.276973
0.250773
0.210363
0.162505
0.297516
0.216682
0.249264
0.191554
0.193428
0.391545
0.112970
0.367620
0.277194
0.149002
0.154289
0.149805
0.251142
0.087583
0.122880
0.271365
0.199465
0.172198
0.190957
0.344831
0.423128
0.085170
0.154945
0.279563
0.043496
0.065179
0.075113
0.108678
0.142016
0.209154
0.228024
0.241369
0.149890
0.077885
0.179720
0.165986
0.156766
0.081576
0.071080
0.339687
0.201919
0.073282
0.306531
0.233698
0.265237
0.228054
0.125832
0.211102
0.341625
0.195029
0.174668
0.170720
0.203379
0.471565
0.099215
0.260018
0.416414
0.205247
0.166973
0.074242
0.256064
0.190328
0.159992
0.259625
0.206181
0.135253
0.158755
0.245876
0.397084
0.077986
0.206570
0.160546
0.037466
0.163168
0.054886
0.166522
0.136721
0.231053
0.086560
0.312174
0.136911
0.112952
0.181941
0.121101
0.125747
0.146160
0.175255
0.157034
0.164850
0.049219
0.298296
0.365723
0.273027
0.258919
0.118885
0.274070
0.173746
0.154875
0.082350
0.121862
0.136372
0.565434
0.127827
0.108872
0.511114
0.186703
0.153237
0.191776
0.159763
0.253149
0.237499
0.213198
0.201610
0.151921
0.166570
0.130897
0.173006
0.138585
0.241343
0.087652
0.039693
0.280266
0.091472
0.245868
0.139245
0.275197
0.065973
0.383623
0.201823
0.085556
0.156489
0.100388
0.141752
0.037125
0.219934
0.254787
0.245830
0.136633
0.279598
0.441044
0.213206
0.153675
0.151036
0.300438
0.054214
0.067385
0.042007
0.144891
0.197940
0.582297
0.171723
0.081471
0.495546
0.017411
0.155848
0.303915
0.041905
0.320614
0.260500
0.176388
0.221986
0.124776
0.206903
0.094330
0.051834
0.179667
0.227963
0.132548
0.108470
0.269441
0.080379
0.304492
0.090506
0.293564
0.092130
0.381446
0.123448
0.084558
0.130751
0.105011
0.169537
0.130138
0.222443
0.257633
0.196072
0.166593
0.260837
0.464037
0.147785
0.144048
0.209044
0.266521
0.187419
0.093268
0.084397
0.183317
0.289744
0.554170
0.219744
0.064301
0.377607
0.107475
0.248526
0.304728
0.047357
0.360767
0.224014
0.171608
0.299049
0.178681
0.223980
0.066070
0.014225
0.238331
0.258594
0.167671
0.194405
0.322537
0.158490
0.302746
0.148091
0.267301
0.157413
0.295043
0.051278
0.129384
0.120085
0.209919
0.188971
0.140976
0.114763
0.220732
0.096881
0.195551
0.177860
0.335987
0.051428
0.275062
0.083998
0.209723
0.237961
0.067848
0.224522
0.237954
0.320073
0.391512
0.298447
0.102708
0.276944
0.164445
0.361804
0.199715
0.091018
0.335186
0.281898
0.164809
0.286529
0.316949
0.210039
0.069578
0.111635
0.338058
0.296913
0.247879
0.248092
0.279628
0.165811
0.242756
0.154236
0.291001
0.097531
0.220477
0.042405
0.213620
0.202544
0.254552
0.020021
0.154689
0.030940
0.306003
0.123968
0.232402
0.059997
0.291337
0.157251
0.331480
0.101442
0.187799
0.372977
0.148090
0.389115
0.233448
0.250525
0.222098
0.227438
0.166280
0.225718
0.059164
0.416196
0.116892
0.275751
0.266979
0.365059
0.112993
0.257701
0.416356
0.258494
0.070945
0.226325
0.457922
0.386281
0.291330
0.210171
0.316076
0.326695
0.189307
0.048171
0.275499
0.104475
0.235672
0.039082
0.382404
0.178886
0.272932
0.205035
0.282207
0.033059
0.351170
0.121826
0.200559
0.138194
0.430008
0.351474
0.403101
0.241448
0.221279
0.536580
0.182738
0.335490
0.237375
0.159778
0.156684
0.168894
0.121652
0.171852
0.081035
0.391055
0.040431
0.309932
0.212536
0.394877
0.179073
0.193969
0.342785
0.421347
0.096004
0.172794
0.499357
0.465449
0.257972
0.236079
0.478912
0.291928
0.120926
0.041716
0.183670
0.160849
0.275329
0.155817
0.397340
0.145185
0.208743
0.283531
0.330601
0.055209
0.439311
0.066756
0.239082
0.093408
0.522935
0.354681
0.437286
0.244196
0.333326
0.527055
0.206298
0.174133
0.232208
0.093859
0.100437
0.162581
0.024978
0.174497
0.105310
0.356257
0.087520
0.216674
0.285387
0.384931
0.272050
0.126124
0.327786
0.406676
0.082908
0.203488
0.493340
0.452821
0.303565
0.365379
0.410750
0.191505
0.098341
0.104599
0.119820
0.241792
0.270259
0.241285
0.324224
0.115670
0.224471
0.151019
0.293107
0.115830
0.549478
0.087649
0.264087
0.217813
0.479585
0.316697
0.430912
0.251691
0.373845
0.364761
0.176036
0.120641
0.253939
0.174457
0.119021
0.228716
0.010531
0.191145
0.121024
0.387298
0.194808
0.142754
0.368798
0.495732
0.277336
0.120600
0.367444
0.265816
0.047014
0.252978
0.369254
0.309806
0.454430
0.414910
0.325183
0.226202
0.152986
0.093248
0.237195
0.359236
0.286834
0.328086
0.292612
0.145621
0.244575
0.074812
0.206799
0.180792
0.559177
0.184875
0.257717
0.231664
0.460878
0.350336
0.424230
0.284870
0.253294
0.348564
0.161065
0.210455
0.270863
0.220866
0.224620
0.287237
0.037807
0.151567
0.181848
0.414087
0.212801
0.174832
0.339545
0.568718
0.182903
0.218621
0.409168
0.229475
0.056299
0.302366
0.354662
0.288386
0.522030
0.356870
0.454800
0.255560
0.210755
0.236804
0.256970
0.281457
0.295529
0.455144
0.312425
0.148551
0.389461
0.209169
0.247172
0.150961
0.554220
0.245159
0.224455
0.116261
0.507309
0.409498
0.420547
0.270356
0.191318
0.474201
0.147094
0.260601
0.244450
0.098126
0.272431
0.264170
0.036997
0.112139
0.160889
0.317986
0.225793
0.090954
0.233808
0.505766
0.157166
0.262428
0.355778
0.358673
0.178049
0.264525
0.305775
0.406790
0.492742
0.313689
0.462732
0.236435
0.151402
0.342702
0.283029
0.223886
0.278004
0.603751
0.343602
0.152609
0.442934
0.249830
0.331737
0.164955
0.707343
0.266396
0.151550
0.082597
0.586624
0.377640
0.433906
0.325122
0.195037
0.490287
0.106135
0.176905
0.276180
0.108942
0.240548
0.155128
0.168837
0.177027
0.265580
0.207728
0.187715
0.011254
0.221297
0.461254
0.236797
0.313641
0.257952
0.436725
0.310105
0.244204
0.235011
0.485408
0.489953
0.361517
0.380402
0.229051
0.225051
0.426326
0.247812
0.304977
0.176067
0.639837
0.377402
0.120999
0.483451
0.208955
0.366417
0.256801
0.875506
0.175154
0.129831
0.173797
0.514499
0.299760
0.483753
0.483709
0.323060
0.303203
0.292106
0.057968
0.333085
0.174236
0.214992
0.119725
0.314348
0.139626
0.433889
0.175726
0.094831
0.147820
0.330554
0.537980
0.276065
0.497961
0.226332
0.430263
0.312379
0.339255
0.184380
0.329018
0.516682
0.361872
0.425051
0.442358
0.409505
0.568558
0.268225
0.544874
0.108969
0.615796
0.443401
0.180798
0.486514
0.223846
0.397229
0.404884
0.932700
0.288760
0.136244
0.338496
0.368771
0.276286
0.545521
0.605216
0.442905
0.121070
0.577434
0.020773
0.457541
0.166662
0.300890
0.243826
0.392456
0.113322
0.625539
0.227459
0.190667
0.169890
0.431144
0.654673
0.216631
0.527637
0.280786
0.400242
0.433732
0.427173
0.257173
0.180063
0.574609
0.262577
0.552670
0.591691
0.620390
0.706391
0.351587
0.577483
0.136590
0.644695
0.605151
0.211996
0.503690
0.232755
0.473872
0.513744
0.894080
0.219413
0.218205
0.463420
0.326213
0.320406
0.543035
0.624388
0.543479
0.097889
0.765933
0.063001
0.544587
0.100970
0.345390
0.400208
0.441322
0.160202
0.818595
0.251061
0.261714
0.136589
0.466288
0.599518
0.158374
0.478904
0.306179
0.507811
0.554531
0.364900
0.133195
0.188526
0.538443
0.214120
0.592382
0.543341
0.681301
0.676066
0.454851
0.382374
0.199326
0.660796
0.671827
0.181099
0.400157
0.233772
0.438403
0.617793
0.820470
0.271233
0.311088
0.502297
0.485459
0.309254
0.570429
0.584389
0.551766
0.135526
0.748408
0.100391
0.527641
0.160210
0.348337
0.451119
0.546672
0.176161
1.033247
0.178694
0.383940
0.212343
0.638083
0.502955
0.201717
0.542407
0.252835
0.631135
0.564586
0.283097
0.033292
0.193293
0.539849
0.318515
0.523278
