# G_3, p = 0.1000 GPa (dir_1000.0_bar).
# 6MR distortion Gamma = (1/2)(max - min) over the three opposite-O diagonals.
# 24 rings x 101 frames = 2424 samples.
# Column: per-6MR Gamma [A]
0.003121
0.003071
0.003200
0.003182
0.003308
0.003357
0.002954
0.002958
0.003165
0.003172
0.002909
0.002956
0.003430
0.003428
0.002700
0.002674
0.002681
0.002711
0.002777
0.002688
0.002671
0.002719
0.002699
0.002665
0.070076
0.230189
0.092448
0.063040
0.135634
0.066429
0.094578
0.122394
0.066759
0.098427
0.008290
0.118386
0.082725
0.222217
0.166751
0.080032
0.050200
0.201674
0.116555
0.165204
0.090641
0.085898
0.055648
0.051603
0.032716
0.262004
0.143310
0.064241
0.285901
0.214140
0.185917
0.188227
0.235133
0.159725
0.041875
0.211926
0.021199
0.446957
0.287368
0.110652
0.190775
0.353749
0.232134
0.288424
0.144695
0.110164
0.130589
0.049600
0.078015
0.204669
0.143412
0.112813
0.478902
0.291532
0.231524
0.255525
0.297019
0.153032
0.038157
0.209275
0.064189
0.509504
0.232513
0.123696
0.273442
0.425288
0.198464
0.337448
0.242225
0.046119
0.163103
0.019278
0.058127
0.318778
0.222405
0.086693
0.607670
0.162692
0.234282
0.253164
0.209331
0.115322
0.103067
0.119089
0.051202
0.473377
0.085449
0.148093
0.185050
0.381142
0.076515
0.304121
0.353874
0.172476
0.299699
0.142135
0.126094
0.313079
0.344555
0.042437
0.589494
0.084744
0.254052
0.313361
0.110769
0.174146
0.263997
0.106586
0.058030
0.388231
0.024145
0.148161
0.106324
0.304301
0.095095
0.163344
0.266706
0.308333
0.333131
0.232814
0.202910
0.199291
0.290938
0.017313
0.490095
0.113659
0.240230
0.379124
0.051899
0.151368
0.366296
0.176952
0.113323
0.276261
0.060865
0.152744
0.075666
0.164727
0.201262
0.077808
0.184393
0.345892
0.272778
0.154194
0.235851
0.205151
0.233063
0.115828
0.419147
0.180236
0.211111
0.383620
0.115776
0.153093
0.310546
0.168023
0.217791
0.109133
0.069335
0.164478
0.062485
0.081069
0.234258
0.093086
0.208123
0.274993
0.175008
0.094266
0.287417
0.205869
0.237942
0.197480
0.203923
0.235444
0.206784
0.279059
0.028135
0.176318
0.203674
0.106361
0.280811
0.084114
0.101604
0.174401
0.050097
0.163196
0.254064
0.125948
0.232221
0.146345
0.116930
0.344303
0.273791
0.206310
0.302321
0.193918
0.265756
0.282003
0.225494
0.111755
0.094182
0.183261
0.253846
0.077772
0.287985
0.234776
0.137712
0.178091
0.028325
0.209807
0.251445
0.149724
0.158126
0.200471
0.010023
0.429942
0.287059
0.190595
0.391748
0.248864
0.386445
0.303909
0.196796
0.227129
0.141430
0.182440
0.266848
0.088981
0.216541
0.230573
0.210472
0.106013
0.082941
0.260205
0.209377
0.236075
0.244010
0.259452
0.168716
0.347562
0.356200
0.236226
0.330442
0.212143
0.340677
0.308583
0.109442
0.243124
0.267669
0.131400
0.145279
0.063253
0.140264
0.154123
0.277364
0.085567
0.200634
0.249863
0.152766
0.319752
0.349700
0.220249
0.274316
0.208770
0.324484
0.284542
0.255206
0.157609
0.219483
0.199245
0.138593
0.158132
0.239600
0.086752
0.049535
0.121095
0.148450
0.220614
0.270599
0.121453
0.185130
0.162933
0.151449
0.282082
0.301929
0.098265
0.199732
0.182107
0.260182
0.282784
0.260246
0.062334
0.147173
0.092354
0.196034
0.082519
0.065775
0.057210
0.030437
0.195769
0.160300
0.202921
0.276240
0.111113
0.022291
0.166659
0.208897
0.175342
0.193253
0.035189
0.006289
0.211808
0.303295
0.169839
0.337292
0.024348
0.196279
0.124341
0.112036
0.064835
0.115227
0.105456
0.058826
0.255373
0.242099
0.074259
0.289635
0.039602
0.184052
0.134283
0.274628
0.118219
0.183962
0.115234
0.157731
0.250084
0.374545
0.070573
0.451220
0.021910
0.140246
0.090685
0.130305
0.062397
0.194442
0.135346
0.212418
0.219713
0.267675
0.105751
0.207635
0.111206
0.255904
0.072446
0.348312
0.176570
0.241364
0.087058
0.253344
0.231253
0.368975
0.044925
0.548666
0.055584
0.049072
0.144079
0.230887
0.058344
0.249377
0.112082
0.370147
0.084616
0.254579
0.176097
0.132775
0.280777
0.313071
0.176392
0.403558
0.239156
0.248977
0.120300
0.293767
0.117618
0.326041
0.059702
0.474753
0.047293
0.087763
0.183214
0.187156
0.109089
0.267947
0.181709
0.382521
0.213945
0.175074
0.156260
0.094106
0.367318
0.341941
0.234225
0.319134
0.166655
0.298432
0.197568
0.293287
0.079910
0.287430
0.076501
0.313636
0.173072
0.086119
0.227245
0.145357
0.213138
0.242604
0.265281
0.338156
0.214749
0.033993
0.183891
0.116638
0.341581
0.202346
0.212017
0.283138
0.038524
0.299270
0.136160
0.183644
0.157389
0.355242
0.043975
0.191220
0.273567
0.084775
0.186754
0.172897
0.250790
0.268612
0.368173
0.233953
0.164799
0.036985
0.154526
0.103898
0.246611
0.026880
0.081633
0.155743
0.155199
0.247360
0.061520
0.082090
0.105173
0.421062
0.065018
0.151046
0.317770
0.071954
0.133117
0.204915
0.172028
0.276142
0.307439
0.085421
0.179449
0.071125
0.031566
0.123757
0.152117
0.158343
0.136384
0.110952
0.129767
0.124801
0.100780
0.058365
0.036012
0.458902
0.211299
0.097468
0.307586
0.040242
0.039627
0.186502
0.122037
0.149786
0.217353
0.117168
0.198964
0.198209
0.131926
0.170476
0.149100
0.230198
0.276341
0.170805
0.102647
0.048696
0.141364
0.035841
0.097747
0.476960
0.298907
0.042389
0.213858
0.102888
0.131666
0.118013
0.228536
0.034558
0.120015
0.259814
0.180769
0.279153
0.220400
0.235899
0.181184
0.196377
0.263219
0.275100
0.074638
0.026439
0.131853
0.069357
0.139301
0.407827
0.275259
0.074046
0.150377
0.172397
0.203818
0.048557
0.295695
0.120530
0.060640
0.306353
0.192528
0.236671
0.315196
0.345082
0.179845
0.077369
0.234864
0.304673
0.029500
0.039516
0.188099
0.149834
0.238657
0.282424
0.131635
0.132622
0.140815
0.163891
0.241135
0.060292
0.247066
0.221321
0.035616
0.316411
0.126840
0.123694
0.298296
0.358339
0.104586
0.075538
0.206081
0.239282
0.158936
0.149498
0.226419
0.268221
0.260738
0.187782
0.091579
0.208667
0.167146
0.072572
0.209948
0.081174
0.098487
0.402119
0.081119
0.299784
0.022966
0.100006
0.211240
0.232449
0.097403
0.139844
0.187951
0.099598
0.205918
0.207619
0.186636
0.405990
0.244110
0.216960
0.192995
0.302078
0.111032
0.073667
0.086432
0.111432
0.125250
0.477094
0.138499
0.307798
0.240011
0.107268
0.176311
0.102696
0.180102
0.091433
0.162090
0.050163
0.175047
0.203741
0.108273
0.405480
0.296510
0.234557
0.261821
0.324417
0.184596
0.224689
0.177126
0.167740
0.235850
0.346871
0.114741
0.246949
0.478274
0.074491
0.092890
0.147732
0.174660
0.050496
0.112011
0.183913
0.167975
0.194399
0.089508
0.266128
0.260240
0.143729
0.289905
0.264289
0.304771
0.280618
0.304989
0.214589
0.266216
0.214891
0.218079
0.140348
0.572307
0.049735
0.003471
0.300396
0.113424
0.061552
0.101184
0.269413
0.199592
0.114332
0.086717
0.129079
0.100161
0.048646
0.272477
0.168886
0.323243
0.179839
0.368243
0.269497
0.197860
0.182314
0.342149
0.061005
0.429584
0.024860
0.146128
0.375604
0.142555
0.077450
0.079808
0.250084
0.285258
0.122589
0.077954
0.133886
0.062162
0.160570
0.182234
0.091159
0.233682
0.125105
0.425310
0.257276
0.071504
0.214562
0.381994
0.049536
0.204176
0.081367
0.269930
0.353686
0.167081
0.108849
0.085273
0.170674
0.309551
0.184849
0.117042
0.044385
0.111321
0.256592
0.127607
0.058282
0.100729
0.165660
0.422870
0.203079
0.076240
0.219276
0.348951
0.053773
0.082569
0.141689
0.370491
0.285382
0.163683
0.149373
0.123081
0.101909
0.222993
0.164084
0.161903
0.128718
0.219268
0.291118
0.114732
0.050736
0.088624
0.173535
0.399987
0.153871
0.108845
0.202277
0.284826
0.041124
0.124320
0.180595
0.360223
0.265656
0.130576
0.160243
0.134127
0.035902
0.054635
0.137661
0.253101
0.108649
0.289364
0.227723
0.077732
0.122721
0.143121
0.108138
0.470770
0.157763
0.150152
0.146004
0.208134
0.121023
0.158345
0.114045
0.236693
0.159716
0.047639
0.056597
0.139184
0.108286
0.149054
0.095446
0.282413
0.092465
0.269766
0.143884
0.010650
0.184529
0.115181
0.049487
0.489840
0.210700
0.150299
0.152483
0.174338
0.188295
0.194734
0.065279
0.273490
0.025183
0.058304
0.183645
0.183939
0.121582
0.146697
0.093017
0.242786
0.108765
0.177319
0.180785
0.095909
0.148046
0.123006
0.160633
0.527247
0.281285
0.157532
0.161966
0.216235
0.236318
0.303932
0.068197
0.327596
0.200539
0.170474
0.188435
0.268576
0.108293
0.164355
0.165924
0.251752
0.061203
0.027542
0.133245
0.112692
0.115893
0.159743
0.249627
0.408130
0.307913
0.234883
0.153960
0.242969
0.253795
0.399479
0.010539
0.299272
0.360789
0.311251
0.124137
0.308128
0.082000
0.255629
0.207301
0.197974
0.193486
0.209850
0.069597
0.189715
0.242147
0.127661
0.353632
0.141616
0.285499
0.375407
0.155572
0.139668
0.218557
0.381051
0.070931
0.134611
0.377305
0.314383
0.086968
0.280185
0.018223
0.277892
0.270692
0.029611
0.155376
0.297951
0.131823
0.261973
0.306541
0.048982
0.423566
0.064018
0.289132
0.363448
0.163736
0.136355
0.169360
0.212924
0.089254
0.113032
0.279611
0.234882
0.098918
0.164416
0.057635
0.216817
0.338587
0.165803
0.094085
0.225344
0.144225
0.252026
0.319736
0.084661
0.298178
0.225825
0.193321
0.245299
0.145674
0.215843
0.105756
0.107587
0.087407
0.215728
0.200898
0.177849
0.123290
0.082796
0.075485
0.147349
0.305717
0.207738
0.127474
0.161068
0.175768
0.196796
0.286356
0.230581
0.200304
0.359008
0.096437
0.128348
0.051569
0.171240
0.078117
0.215811
0.153346
0.207599
0.158488
0.058712
0.134579
0.099841
0.141841
0.065854
0.149773
0.294584
0.037762
0.159013
0.224558
0.229165
0.231333
0.208871
0.081342
0.480183
0.073578
0.101786
0.084914
0.164939
0.144425
0.209588
0.243765
0.118192
0.142527
0.156721
0.161942
0.126773
0.218535
0.076650
0.041139
0.316808
0.066397
0.194510
0.288992
0.340626
0.232140
0.122294
0.118455
0.455140
0.111648
0.056530
0.201579
0.182985
0.201120
0.169446
0.228529
0.025216
0.148080
0.288634
0.149511
0.087973
0.218553
0.166868
0.154019
0.181589
0.028214
0.247163
0.262830
0.349150
0.163344
0.062647
0.183127
0.296344
0.129595
0.093163
0.297551
0.117980
0.173550
0.083229
0.188946
0.093062
0.117610
0.295796
0.066805
0.180393
0.137362
0.159215
0.250558
0.148343
0.026166
0.221713
0.149496
0.183500
0.103878
0.131120
0.235835
0.140529
0.202269
0.105471
0.288695
0.096895
0.138394
0.066945
0.164903
0.088549
0.069094
0.264449
0.089440
0.317264
0.028999
0.118166
0.265744
0.257596
0.049541
0.251075
0.097001
0.068384
0.221266
0.202478
0.272045
0.098005
0.305787
0.174105
0.203522
0.192944
0.071377
0.130270
0.097551
0.045712
0.077871
0.276884
0.097792
0.377629
0.087823
0.115449
0.202581
0.247353
0.032467
0.298683
0.125644
0.128036
0.289243
0.188531
0.328145
0.124725
0.322991
0.234063
0.142057
0.064595
0.078096
0.109888
0.057723
0.096421
0.153123
0.273632
0.044952
0.382681
0.179747
0.161044
0.127776
0.206567
0.109433
0.268576
0.220115
0.149797
0.157805
0.089689
0.246585
0.169886
0.238905
0.225628
0.134473
0.083780
0.187018
0.035969
0.050507
0.167228
0.127548
0.165233
0.108398
0.367323
0.284045
0.151347
0.114022
0.111163
0.093577
0.144043
0.245663
0.220090
0.036704
0.063205
0.247295
0.119359
0.147240
0.168675
0.169885
0.141388
0.233193
0.123739
0.072926
0.251859
0.093846
0.256494
0.166177
0.231235
0.320190
0.019123
0.094616
0.137416
0.104788
0.105601
0.227921
0.335643
0.038395
0.022095
0.295547
0.185807
0.117683
0.131325
0.214268
0.116748
0.240419
0.208946
0.045675
0.247881
0.102467
0.429643
0.185476
0.121193
0.237219
0.157008
0.081497
0.345691
0.156882
0.250428
0.289542
0.323782
0.042077
0.095418
0.232803
0.233925
0.165048
0.078809
0.193962
0.057121
0.283950
0.211347
0.137258
0.223045
0.088422
0.504806
0.198674
0.209206
0.146385
0.202862
0.162040
0.473941
0.197914
0.322545
0.265479
0.228906
0.100501
0.210401
0.187820
0.185038
0.216374
0.036453
0.087558
0.067408
0.211688
0.197061
0.162565
0.163892
0.044822
0.446030
0.183404
0.229646
0.069494
0.206417
0.157964
0.450841
0.162043
0.252665
0.290294
0.186551
0.124704
0.278354
0.171868
0.109575
0.334720
0.148589
0.215933
0.088401
0.081644
0.239682
0.202263
0.078254
0.029483
0.220022
0.073599
0.154499
0.045453
0.236591
0.134031
0.350057
0.045244
0.110415
0.302957
0.182190
0.082188
0.281868
0.235993
0.054697
0.457460
0.233590
0.277634
0.043431
0.172026
0.179230
0.236484
0.077757
0.063235
0.182863
0.035266
0.118510
0.180964
0.239727
0.170058
0.264922
0.084510
0.099363
0.233269
0.043597
0.009753
0.227254
0.323012
0.100466
0.407927
0.209079
0.245995
0.140274
0.227716
0.024633
0.207478
0.100587
0.051258
0.366389
0.056582
0.164456
0.268246
0.250387
0.166267
0.178807
0.067471
0.124268
0.214956
0.124885
0.147188
0.083150
0.347804
0.232752
0.302342
0.136388
0.201998
0.139462
0.285450
0.237508
0.130591
0.143411
0.025453
0.502976
0.091868
0.172146
0.314977
0.149155
0.175340
0.213747
0.056063
0.055156
0.153213
0.259821
0.201328
0.113993
0.364847
0.271331
0.308623
0.097864
0.207943
0.139367
0.173205
0.324739
0.064436
0.209880
0.088007
0.518114
0.051359
0.191208
0.368826
0.148326
0.190489
0.150950
0.104599
0.123986
0.033048
0.342281
0.147920
0.250820
0.268432
0.231611
0.350340
0.130863
0.235900
0.210425
0.091495
0.331449
0.021019
0.239358
0.108595
0.525837
0.086217
0.287815
0.374897
0.130286
0.119290
0.052794
0.161722
0.039427
0.196677
0.281037
0.126422
0.294044
0.118200
0.236239
0.430064
0.070284
0.173223
0.242670
0.071025
0.341864
0.041198
0.184461
0.100603
0.439307
0.192468
0.292378
0.290461
0.142312
0.091337
0.079654
0.182243
0.177483
0.339514
0.188335
0.100171
0.343449
0.064857
0.218018
0.341172
0.171972
0.131175
0.145061
0.105789
0.290082
0.028434
0.092363
0.064314
0.233152
0.207329
0.153861
0.250328
0.191873
0.135372
0.123627
0.220580
0.220429
0.380665
0.109539
0.190379
0.359614
0.256808
0.153802
0.326690
0.307267
0.137894
0.161499
0.070548
0.274321
0.099455
0.095120
0.069926
0.031633
0.194288
0.033049
0.167830
0.223475
0.072247
0.153202
0.289199
0.098305
0.324973
0.024699
0.289600
0.276458
0.392288
0.084549
0.293196
0.308468
0.164465
0.198815
0.059175
0.234485
0.134381
0.133414
0.123918
0.153342
0.071889
0.151778
0.106997
0.228926
0.098465
0.164693
0.258419
0.109129
0.232330
0.106638
0.225510
0.232721
0.406543
0.104086
0.249684
0.357748
0.249381
0.202264
0.182046
0.148871
0.248929
0.171691
0.206221
0.184918
0.212745
0.208477
0.032526
0.213026
0.224623
0.176294
0.161122
0.238502
0.153118
0.300147
0.120117
0.115944
0.341647
0.203003
0.236729
0.320435
0.361906
0.265789
0.172969
0.061692
0.303631
0.174547
0.225899
0.183601
0.258078
0.161716
0.169588
0.172536
0.285855
0.291682
0.234766
0.311723
0.027005
0.492472
0.134829
0.030447
0.175812
0.224102
0.245544
0.291110
0.331573
0.235379
0.101547
0.041514
0.251333
0.162226
0.288626
0.150359
0.257228
0.050930
0.260505
0.148229
0.280350
0.321225
0.305300
0.235074
0.066547
0.553965
0.060125
0.040893
0.051752
0.120052
0.210711
0.325076
0.190674
0.133561
0.079826
0.104388
0.214750
0.124518
0.364164
0.152715
0.183993
0.032693
0.302412
0.114191
0.186985
0.121442
0.400726
0.036712
0.039464
0.430030
0.162961
0.037325
0.053069
0.204383
0.179246
0.315581
0.068495
0.152245
0.098707
0.164990
0.216525
0.043276
0.301594
0.074111
0.221115
0.030847
0.262344
0.056040
0.056048
0.119914
0.425521
0.197996
0.029270
0.196872
0.244237
0.058110
0.060789
0.373063
0.096490
0.250955
0.067513
0.164438
0.193271
0.242525
0.153428
0.044464
0.065629
0.143853
0.253024
0.077915
0.213674
0.090377
0.097305
0.240622
0.262596
0.284704
0.101781
0.038034
0.231095
0.081728
0.080649
0.303807
0.222603
0.128260
0.058868
0.101410
0.307106
0.279584
0.275092
0.069309
0.218029
0.254172
0.191037
0.197322
0.224926
0.243452
0.155439
0.338854
0.081280
0.285207
0.306153
0.138112
0.167658
0.179398
0.135270
0.140239
0.342134
0.063705
0.049374
0.108260
0.310463
0.261314
0.419176
0.056604
0.369561
0.282997
0.141020
0.293842
0.252311
0.289212
0.173402
0.374948
0.174172
0.190090
0.356074
0.222511
0.182338
0.214745
0.208493
0.006473
0.326394
0.189990
0.078806
0.198625
0.252678
0.220316
0.513002
0.113123
0.377823
0.178943
0.150765
0.342374
0.177613
0.168483
0.066105
0.291131
0.401501
0.090806
0.309365
0.278961
0.217582
0.264255
0.317955
0.124403
0.306884
0.307984
0.142954
0.203703
0.159981
0.187902
0.392605
0.218798
0.383357
0.059162
0.109084
0.324589
0.136800
0.035099
0.112196
0.222123
0.465550
0.071068
0.313159
0.292437
0.295555
0.282185
0.381450
0.172332
0.303627
0.351782
0.149671
0.123830
0.109324
0.239228
0.075301
0.218944
0.345972
0.196250
0.205749
0.193656
0.132926
0.088812
0.145592
0.268353
0.358575
0.088157
0.317097
0.219610
0.304836
0.180319
0.306814
0.168112
0.250198
0.304269
0.161001
0.057974
0.228666
0.244166
0.212200
0.162750
0.250796
0.190320
0.361580
0.149701
0.130915
0.218134
0.113984
0.285316
0.240442
0.190845
0.242866
0.122285
0.237824
0.090840
0.188511
0.182177
0.203306
0.218603
0.173427
0.079685
0.331755
0.253637
0.348474
0.249116
0.163993
0.104014
0.326870
0.181319
0.104764
0.241900
0.042386
0.230849
0.111087
0.313954
0.115693
0.078226
0.173280
0.188747
0.019223
0.171733
0.359043
0.127135
0.229607
0.049367
0.393141
0.367032
0.329696
0.303504
0.116704
0.095197
0.256936
0.193054
0.134377
0.197084
0.120080
0.183943
0.089849
0.321627
0.067060
0.110353
0.224040
0.223361
0.196888
0.110263
0.371047
0.115167
0.263279
0.028457
0.402775
0.410645
0.156393
0.280753
0.122185
0.186007
0.216300
0.174340
0.280027
0.120702
0.146222
0.371776
0.116275
0.246654
0.224822
0.167216
0.362825
0.218507
0.265973
0.094021
0.321720
0.182365
0.207687
0.098010
0.360507
0.386144
0.064571
0.147659
0.068887
0.285993
0.180665
0.128953
0.327383
0.024883
0.071279
0.403578
0.016795
0.108778
0.278477
0.157340
0.433951
0.118022
0.176329
0.125202
0.192433
0.127835
0.194872
0.168969
0.324784
0.281686
0.163010
0.150454
0.092282
0.326574
0.119738
0.184784
0.228938
0.083376
0.101284
0.358929
0.063783
0.159165
0.227411
0.102735
0.358453
0.050240
0.113001
0.172233
0.106329
0.049902
0.229334
0.121500
0.226092
0.151525
0.161726
0.366618
0.173788
0.253975
0.110179
0.348731
0.022883
0.141189
0.007079
0.311139
0.052735
0.256967
0.263245
0.123314
0.201356
0.022861
0.037243
0.300612
0.105291
0.127905
0.174205
0.039591
0.251646
0.195057
0.182656
0.466197
0.203127
0.029066
0.068893
0.396982
0.160248
0.122498
0.157125
0.227796
0.136464
0.297633
0.259936
0.158465
0.073543
0.024353
0.105804
0.408763
0.062810
0.176457
0.004336
0.105630
0.147385
0.319992
0.188780
0.363735
0.247724
0.243186
0.093958
0.311048
0.183287
0.100040
0.215191
0.107297
0.149156
0.273222
0.141830
0.222105
0.105403
0.016655
0.240192
0.361903
0.087750
0.123925
0.181331
0.139281
0.164751
0.307241
0.171579
0.275814
0.279542
0.279688
0.105430
0.181996
0.205275
0.112829
0.257361
0.064315
0.129913
0.135391
0.081272
0.202085
0.295283
0.071414
0.289424
0.218772
0.109599
0.142831
0.297332
0.170584
0.333604
0.373025
0.142432
0.222509
0.272382
0.362126
0.144793
0.151210
0.244479
0.161629
0.280109
0.187722
0.009002
0.206587
0.138767
0.076063
0.444157
0.108837
0.220105
0.115807
0.094285
0.195164
0.360668
0.190335
0.443664
0.381712
0.124094
0.182809
0.207810
0.353665
0.223340
0.150801
0.230901
0.213949
0.223866
0.249182
0.168934
0.185578
0.168659
0.037398
0.456731
0.182436
0.092391
0.150449
0.119279
0.138287
0.440083
0.211507
0.440903
0.286453
0.144757
0.164908
0.129255
0.200024
0.270159
0.184759
0.143007
0.230756
0.164403
0.244473
0.238570
0.259701
0.198569
0.155674
0.328523
0.235351
0.093683
0.105026
0.169805
0.070081
0.390729
0.254135
0.362315
0.162183
0.235465
0.089286
0.218888
0.092849
0.223084
0.201574
0.062369
0.147226
0.161945
0.210311
0.236716
0.308264
0.146961
0.310064
0.438307
0.145670
0.253558
0.101658
0.214711
0.190405
0.215835
0.210543
0.278294
0.124492
0.367978
0.129328
0.315325
0.067909
0.119389
0.149068
0.034647
0.116741
0.288577
0.156325
0.172451
0.278831
0.020804
0.406438
0.381065
0.105236
0.301688
0.225951
0.155582
0.213315
0.021454
0.106067
0.250108
0.035133
0.368589
0.282504
0.297044
0.114912
0.097219
0.199228
0.017588
0.200563
0.399680
0.108755
0.119437
0.253680
0.201178
0.446327
0.140383
0.228732
0.248528
0.288968
0.147177
0.189342
0.102517
0.138742
0.219791
0.116841
0.232862
0.222292
0.280716
0.201232
0.209803
0.234157
0.137972
0.192580
0.375117
0.059440
0.171718
0.190048
0.233598
0.352605
0.063480
0.351416
0.196214
0.260697
0.164380
0.150687
0.222766
0.154346
0.200753
0.218668
0.008985
0.051521
0.311566
0.196458
0.268435
0.214326
0.331753
0.153346
0.212546
0.034585
0.270230
0.075037
0.186320
0.150125
0.154701
0.305697
0.192859
0.229072
0.013574
0.153289
0.265598
0.235528
0.166874
0.253311
0.183317
0.075196
0.292001
0.080435
0.176667
0.199639
0.387704
0.182296
0.219033
0.103225
0.285148
0.148680
0.166971
0.139022
0.242655
0.208466
0.097952
0.199091
0.164290
0.206047
0.193221
0.329099
0.120542
0.230825
0.230358
0.134262
0.338058
0.203506
0.093225
0.189768
0.249888
0.292824
0.220255
0.163461
0.299727
0.177474
0.121837
0.183372
0.290618
0.200569
0.123814
0.154181
0.105139
0.196601
0.154277
0.294406
0.211782
0.180689
0.281535
0.134871
0.304541
0.398723
0.042965
0.102758
0.215699
0.392667
0.254148
0.226588
0.354354
0.196092
0.060036
0.256048
0.226354
0.235119
0.104067
0.165842
0.086918
0.100518
0.192270
0.183727
0.363609
0.118607
0.316690
0.110927
0.221031
0.432728
0.049343
0.050931
0.250082
0.321412
0.279469
0.282147
0.291135
0.167672
0.032896
0.222585
0.180805
0.176137
0.063049
0.266673
0.022542
0.063288
0.248010
0.083882
0.493702
0.037200
0.270465
0.225234
0.094971
0.447583
0.120901
0.030216
0.300133
0.202288
0.177328
0.292652
0.131121
0.193492
0.083411
0.132233
0.135718
0.153397
0.187618
0.210293
0.091406
0.229865
0.226493
0.041275
0.545384
0.099613
0.216834
0.343181
0.053316
0.433669
0.200973
0.123969
0.245195
0.098223
0.056278
0.266483
0.122168
0.218669
0.144642
0.088156
0.090112
0.158045
0.316115
0.055306
0.182494
0.385809
0.127141
0.057457
0.438860
0.251677
0.132756
0.354428
0.173711
0.368571
0.195426
0.180900
0.184328
0.020495
0.057310
0.274945
0.335521
0.221705
0.179532
0.056434
0.146161
0.159524
0.324080
0.125192
0.243691
0.495119
0.094509
0.087616
0.221629
0.314322
0.124654
0.248170
0.211687
0.210249
0.183114
0.180940
0.216725
0.133693
0.058514
0.205060
0.391881
0.198447
0.108340
0.046848
0.192931
0.132080
0.143316
0.226619
0.369597
0.461113
0.083485
0.121258
0.042511
0.305194
0.167496
0.193440
0.213888
0.100916
0.191445
0.152865
0.301315
0.248741
0.182011
0.039845
0.331038
0.185294
0.103565
0.083455
0.309055
0.118539
0.150622
0.237579
0.484502
0.313284
0.102111
0.173908
0.171578
0.239216
0.142545
0.176145
0.223911
0.067285
0.204998
0.096066
0.496037
0.250412
0.188461
0.253518
0.323921
0.140185
