# G_3, p = 1.5000 GPa (dir_15000.0_bar).
# 6MR distortion Gamma = (1/2)(max - min) over the three opposite-O diagonals.
# 24 rings x 101 frames = 2424 samples.
# Column: per-6MR Gamma [A]
0.008339
0.008416
0.008506
0.008521
0.008345
0.008254
0.008394
0.008384
0.005195
0.005243
0.003907
0.003955
0.003683
0.003664
0.005060
0.004984
0.005936
0.006691
0.005775
0.006462
0.006654
0.006001
0.005697
0.006509
0.046134
0.211233
0.092829
0.057945
0.149392
0.087205
0.104849
0.080364
0.064101
0.102443
0.021354
0.067043
0.116065
0.191602
0.166972
0.073815
0.025700
0.205902
0.117049
0.140309
0.080541
0.067414
0.043029
0.066037
0.032529
0.274450
0.148449
0.056710
0.301668
0.163082
0.220963
0.129879
0.203431
0.148773
0.118574
0.037912
0.123704
0.376081
0.223282
0.051047
0.144152
0.335204
0.182220
0.264859
0.115339
0.105834
0.103664
0.127183
0.042325
0.215418
0.093275
0.105590
0.461979
0.223439
0.273733
0.174456
0.240998
0.150221
0.196762
0.003744
0.051900
0.442093
0.156909
0.024456
0.226414
0.358504
0.060133
0.283993
0.217792
0.042473
0.171823
0.007352
0.042038
0.226213
0.147919
0.056298
0.447234
0.164626
0.310501
0.220055
0.181582
0.205016
0.098880
0.023923
0.055672
0.309272
0.034457
0.030422
0.128028
0.280852
0.107180
0.182462
0.331273
0.166588
0.312689
0.157388
0.068721
0.201393
0.154486
0.065158
0.462776
0.221672
0.261379
0.250541
0.094220
0.300335
0.175294
0.100897
0.074215
0.277979
0.153213
0.099679
0.200086
0.231329
0.158685
0.092530
0.254997
0.271227
0.292144
0.219792
0.153309
0.183361
0.189999
0.126602
0.565889
0.235589
0.206537
0.278905
0.126542
0.239668
0.293238
0.167107
0.111469
0.356543
0.138653
0.191628
0.156570
0.077011
0.148895
0.150157
0.198539
0.317883
0.193256
0.155089
0.159727
0.162327
0.204599
0.203203
0.438614
0.389177
0.126265
0.335817
0.159840
0.123924
0.190089
0.117048
0.149172
0.247697
0.062779
0.151796
0.165365
0.112462
0.163981
0.077605
0.240203
0.294656
0.202142
0.223385
0.226928
0.106094
0.206639
0.103745
0.195940
0.509790
0.095654
0.344754
0.041623
0.072717
0.169152
0.015715
0.254002
0.124514
0.075381
0.118557
0.264042
0.093779
0.178681
0.015488
0.305560
0.187650
0.091972
0.403295
0.244842
0.111734
0.286557
0.068463
0.233427
0.505760
0.124417
0.142563
0.081413
0.185275
0.188838
0.022901
0.301303
0.155397
0.031949
0.174572
0.278460
0.041710
0.192033
0.065816
0.202837
0.218991
0.110161
0.434500
0.335950
0.160888
0.205732
0.139872
0.218620
0.382107
0.092909
0.051145
0.180414
0.141931
0.166804
0.164948
0.226495
0.163351
0.164128
0.187334
0.254549
0.081238
0.174823
0.159139
0.189112
0.259040
0.087891
0.368653
0.298660
0.178618
0.098063
0.188095
0.213091
0.295303
0.115984
0.043588
0.360404
0.086299
0.086219
0.092322
0.142267
0.199735
0.272297
0.170700
0.306711
0.101855
0.146894
0.221424
0.276897
0.297634
0.065928
0.218568
0.216910
0.206381
0.120552
0.092626
0.255311
0.175815
0.176820
0.050802
0.335837
0.098045
0.059793
0.065314
0.171714
0.268944
0.350883
0.118417
0.226966
0.111218
0.144928
0.172241
0.239813
0.278828
0.066299
0.225842
0.139859
0.113015
0.074502
0.093840
0.295786
0.225985
0.180239
0.129098
0.170465
0.139354
0.137693
0.110464
0.079865
0.204616
0.280355
0.042135
0.130375
0.191661
0.323704
0.182879
0.235354
0.119925
0.117144
0.316852
0.164839
0.107520
0.273861
0.061714
0.294823
0.228468
0.071352
0.158243
0.178646
0.134804
0.173023
0.189837
0.103226
0.068223
0.161860
0.027082
0.228002
0.057132
0.366039
0.230576
0.123534
0.167917
0.135783
0.378289
0.168932
0.103432
0.489312
0.109624
0.196397
0.233342
0.177963
0.101037
0.268781
0.084136
0.228034
0.205493
0.128342
0.107062
0.060172
0.072072
0.272632
0.124734
0.369764
0.131292
0.107185
0.259870
0.109249
0.266728
0.158002
0.086756
0.544211
0.224975
0.068206
0.218211
0.294451
0.156312
0.287516
0.278870
0.341679
0.173687
0.132869
0.188595
0.077085
0.080650
0.347391
0.141113
0.350529
0.156064
0.263776
0.262391
0.173667
0.111983
0.186291
0.076685
0.479325
0.172140
0.157133
0.117267
0.291882
0.075307
0.166210
0.328396
0.329731
0.192404
0.102880
0.207509
0.167590
0.089787
0.474149
0.162014
0.344836
0.123359
0.366200
0.212337
0.229870
0.105031
0.067427
0.130451
0.346467
0.095224
0.130942
0.122617
0.294607
0.025412
0.041738
0.283028
0.193733
0.153931
0.098281
0.233728
0.173714
0.168067
0.395911
0.227801
0.187518
0.057994
0.354314
0.284236
0.249921
0.196646
0.156363
0.154039
0.138003
0.038043
0.058005
0.076039
0.301365
0.019839
0.136173
0.227853
0.056168
0.077624
0.092419
0.199784
0.093912
0.253081
0.169372
0.198852
0.081072
0.096041
0.272282
0.319731
0.285395
0.155424
0.315781
0.138717
0.099460
0.258406
0.076818
0.127684
0.253935
0.055104
0.218173
0.185941
0.046031
0.059946
0.128137
0.204804
0.080790
0.280383
0.054691
0.049865
0.251827
0.150420
0.144883
0.164844
0.281701
0.069649
0.328821
0.098799
0.114473
0.373655
0.011908
0.175730
0.187096
0.132689
0.169432
0.156537
0.054615
0.083424
0.249508
0.179529
0.191988
0.199933
0.076445
0.104386
0.340508
0.236460
0.102760
0.073426
0.262158
0.114477
0.229058
0.159928
0.113247
0.252609
0.164423
0.187314
0.134459
0.207180
0.088364
0.174355
0.112706
0.067329
0.190772
0.142605
0.175173
0.078622
0.128752
0.075842
0.472032
0.237687
0.101386
0.142496
0.122449
0.202071
0.166577
0.200568
0.177752
0.155742
0.285399
0.243289
0.132139
0.221089
0.052648
0.270628
0.182804
0.058651
0.037405
0.094221
0.058049
0.112906
0.049835
0.080773
0.465024
0.128882
0.026860
0.235731
0.025637
0.226105
0.205865
0.136549
0.197182
0.164784
0.260909
0.256351
0.125696
0.106749
0.251488
0.391799
0.278537
0.074595
0.099201
0.172666
0.032883
0.119856
0.015805
0.067636
0.308241
0.070938
0.186448
0.300696
0.114741
0.197258
0.216376
0.104082
0.160324
0.180234
0.140343
0.252826
0.078390
0.152716
0.345241
0.351857
0.387193
0.050222
0.168160
0.283308
0.040251
0.128216
0.054600
0.087260
0.200441
0.115037
0.420029
0.329489
0.248608
0.199519
0.193703
0.082457
0.088044
0.137233
0.066209
0.273843
0.065775
0.250674
0.219900
0.217722
0.376122
0.082420
0.147391
0.295952
0.113146
0.071594
0.176016
0.165827
0.197387
0.117430
0.525429
0.229953
0.344769
0.144829
0.182850
0.115835
0.101696
0.217087
0.149546
0.267726
0.102242
0.343199
0.031988
0.033002
0.258700
0.129474
0.068930
0.202849
0.141473
0.025756
0.221667
0.269237
0.232609
0.132888
0.525798
0.140996
0.296551
0.050410
0.098446
0.232934
0.151108
0.244397
0.246421
0.282774
0.281299
0.211820
0.121135
0.175410
0.100910
0.150297
0.058396
0.039447
0.133510
0.130667
0.208634
0.196094
0.278052
0.065040
0.365394
0.285609
0.211738
0.035583
0.091776
0.165497
0.175684
0.220744
0.231358
0.208994
0.336978
0.077676
0.139040
0.228044
0.111567
0.092436
0.134154
0.104747
0.158424
0.232700
0.141355
0.076979
0.288069
0.059354
0.132610
0.459036
0.188948
0.034206
0.208646
0.119932
0.152037
0.191861
0.145172
0.249566
0.239737
0.147992
0.106848
0.132161
0.205004
0.055789
0.194363
0.215543
0.137567
0.263971
0.034414
0.112543
0.261694
0.058830
0.106989
0.479174
0.283063
0.099721
0.210271
0.207588
0.212246
0.174306
0.135092
0.311318
0.061525
0.134962
0.098815
0.117288
0.210610
0.130034
0.203986
0.306002
0.073070
0.346317
0.072096
0.152497
0.275255
0.021473
0.213032
0.352369
0.283098
0.137632
0.240579
0.168741
0.233062
0.200798
0.080864
0.490911
0.052939
0.082661
0.141823
0.148520
0.215075
0.275489
0.215578
0.257821
0.059542
0.378899
0.067242
0.114854
0.280036
0.019042
0.195144
0.334224
0.205915
0.144381
0.315967
0.069262
0.236080
0.220399
0.096357
0.495359
0.150298
0.067640
0.068558
0.216087
0.180342
0.377046
0.205397
0.159978
0.052771
0.312013
0.099636
0.106494
0.268782
0.010884
0.076545
0.276129
0.081099
0.113530
0.370728
0.117123
0.198226
0.197456
0.193698
0.412393
0.217334
0.040431
0.150716
0.265221
0.204246
0.338204
0.189013
0.053705
0.077392
0.198183
0.120394
0.149126
0.357890
0.037281
0.069626
0.199403
0.080460
0.053891
0.295094
0.190146
0.149808
0.112437
0.243542
0.298895
0.171045
0.107687
0.222961
0.172533
0.184241
0.264102
0.193767
0.144378
0.164135
0.214067
0.125630
0.118679
0.424512
0.081121
0.142705
0.102832
0.152823
0.080266
0.145304
0.184319
0.198621
0.136200
0.315283
0.266296
0.171830
0.179365
0.294825
0.066253
0.044311
0.227958
0.205754
0.271211
0.298528
0.279979
0.102754
0.039187
0.336333
0.069355
0.000635
0.148612
0.138524
0.151010
0.049333
0.194055
0.332658
0.204363
0.286239
0.305689
0.151052
0.170198
0.280218
0.077849
0.123918
0.120300
0.199150
0.288804
0.378577
0.157099
0.143095
0.062782
0.218182
0.138388
0.137936
0.259543
0.160828
0.148502
0.064674
0.261815
0.443971
0.181171
0.252340
0.144395
0.039740
0.132535
0.181540
0.187550
0.043655
0.136649
0.180724
0.210585
0.359952
0.137665
0.259166
0.211330
0.143552
0.120981
0.153189
0.163331
0.221126
0.064417
0.075775
0.327148
0.435997
0.044321
0.228403
0.096290
0.082707
0.126707
0.126340
0.282724
0.113064
0.224436
0.183615
0.187925
0.369444
0.147749
0.356827
0.251605
0.049723
0.050601
0.188066
0.012409
0.137468
0.032907
0.029581
0.309225
0.189484
0.061996
0.228519
0.172212
0.015318
0.181553
0.187143
0.327084
0.242808
0.287396
0.270264
0.228887
0.354727
0.093395
0.265397
0.117826
0.019736
0.166275
0.175746
0.088614
0.061152
0.104341
0.115472
0.232530
0.081230
0.128394
0.209957
0.082278
0.133555
0.167076
0.266957
0.262046
0.300206
0.252486
0.243989
0.193362
0.252100
0.005736
0.083146
0.115590
0.133877
0.302445
0.123445
0.134093
0.096228
0.262159
0.163963
0.078896
0.169408
0.194143
0.115959
0.115976
0.208032
0.144848
0.247964
0.172771
0.309884
0.146148
0.178592
0.158620
0.050033
0.060072
0.085110
0.140504
0.238614
0.368380
0.143324
0.230199
0.140399
0.222814
0.040504
0.069981
0.175978
0.225079
0.078669
0.185343
0.229135
0.113311
0.115417
0.147264
0.234891
0.148677
0.144598
0.115246
0.131833
0.177445
0.068791
0.157171
0.290229
0.310419
0.179683
0.237707
0.238854
0.073235
0.139062
0.201174
0.006038
0.192284
0.143811
0.172612
0.310983
0.160328
0.075313
0.196725
0.109493
0.126813
0.056338
0.070168
0.140867
0.239972
0.040845
0.229887
0.206023
0.161875
0.268970
0.216662
0.276945
0.010677
0.109911
0.277869
0.084207
0.099066
0.196880
0.089174
0.394422
0.095171
0.119073
0.150128
0.160733
0.107068
0.121378
0.180295
0.160521
0.281884
0.198954
0.284977
0.228173
0.250209
0.357920
0.200197
0.163041
0.060258
0.181586
0.328680
0.062771
0.118728
0.156004
0.095620
0.414580
0.165669
0.032869
0.080179
0.226374
0.272019
0.210264
0.258081
0.169841
0.176184
0.316647
0.270375
0.342685
0.363620
0.346526
0.215661
0.045771
0.061371
0.236707
0.233781
0.077714
0.139244
0.021826
0.102849
0.282588
0.179531
0.175360
0.149791
0.265279
0.333908
0.283070
0.424167
0.130293
0.166152
0.334573
0.283006
0.335453
0.266511
0.228044
0.162238
0.080501
0.131256
0.226805
0.127388
0.138042
0.123412
0.138132
0.117471
0.082226
0.172379
0.202779
0.111552
0.277710
0.194439
0.296133
0.527897
0.245772
0.226937
0.218610
0.298062
0.207451
0.040126
0.172595
0.143134
0.142199
0.141868
0.144716
0.100102
0.080996
0.189710
0.213417
0.268604
0.148116
0.189002
0.097586
0.062119
0.349825
0.051305
0.234537
0.481286
0.302589
0.234421
0.050859
0.280849
0.101176
0.115567
0.154931
0.181356
0.137899
0.119249
0.174447
0.053065
0.047682
0.260801
0.191873
0.240833
0.071989
0.190895
0.042464
0.050016
0.401289
0.075371
0.241905
0.220982
0.279231
0.254638
0.036956
0.186690
0.046172
0.124484
0.194589
0.162209
0.185008
0.086959
0.147915
0.088586
0.014771
0.131820
0.125114
0.174232
0.063499
0.161107
0.111859
0.034982
0.278065
0.229766
0.220994
0.056559
0.157230
0.225112
0.086528
0.198906
0.107570
0.141019
0.159798
0.222896
0.236943
0.117449
0.067840
0.174687
0.079072
0.057840
0.102816
0.083462
0.121060
0.088214
0.346605
0.105992
0.080124
0.221380
0.146314
0.064918
0.089940
0.094335
0.154064
0.219436
0.186887
0.290660
0.238297
0.146948
0.133670
0.071746
0.080433
0.167702
0.076453
0.104513
0.119730
0.097166
0.254015
0.086424
0.396574
0.162281
0.025105
0.134316
0.038146
0.088331
0.053835
0.113073
0.183287
0.151893
0.200710
0.342671
0.361963
0.088777
0.110451
0.143166
0.187788
0.027029
0.025358
0.081607
0.091925
0.088897
0.357433
0.043223
0.358448
0.144928
0.083241
0.024566
0.098517
0.152422
0.127186
0.230527
0.135849
0.111238
0.264799
0.284217
0.417279
0.147414
0.141127
0.326139
0.261564
0.126630
0.024046
0.122860
0.085510
0.131186
0.324979
0.044979
0.385544
0.061992
0.114187
0.094925
0.182212
0.244255
0.173012
0.262555
0.086582
0.052983
0.271913
0.174110
0.243897
0.284577
0.148323
0.388962
0.302150
0.192097
0.139366
0.086816
0.101046
0.106892
0.172932
0.096586
0.425803
0.173495
0.044745
0.193986
0.179212
0.321877
0.081360
0.322933
0.036350
0.098517
0.246899
0.074308
0.129682
0.251336
0.169365
0.290972
0.188670
0.265771
0.026849
0.111352
0.089920
0.134782
0.018149
0.075760
0.372066
0.165979
0.071758
0.280308
0.046167
0.231754
0.102159
0.316766
0.133369
0.187005
0.306045
0.041339
0.143524
0.077940
0.236841
0.138928
0.110784
0.337611
0.203024
0.145097
0.092916
0.089300
0.056553
0.066489
0.243173
0.100948
0.233436
0.235983
0.034264
0.119585
0.124572
0.296579
0.080577
0.216088
0.254157
0.163706
0.114372
0.062936
0.268451
0.094566
0.062771
0.275124
0.310205
0.142432
0.046636
0.117599
0.119792
0.052045
0.156484
0.156526
0.261190
0.220530
0.034329
0.106926
0.100266
0.322695
0.183304
0.177504
0.200474
0.168691
0.055674
0.097441
0.216123
0.125287
0.173335
0.321111
0.263726
0.058634
0.088687
0.213963
0.212701
0.109434
0.294294
0.189894
0.149621
0.241571
0.057029
0.228538
0.111199
0.320961
0.298606
0.134976
0.174264
0.043101
0.216649
0.194962
0.151143
0.226394
0.304622
0.343942
0.205547
0.148644
0.176148
0.271077
0.256497
0.222321
0.233425
0.199630
0.136214
0.159948
0.146146
0.367015
0.135975
0.312658
0.262020
0.066742
0.095798
0.176308
0.223144
0.129252
0.086336
0.219763
0.319615
0.404633
0.143278
0.160659
0.215542
0.218143
0.330432
0.219980
0.163326
0.146714
0.283389
0.029114
0.195695
0.462453
0.143333
0.314886
0.203173
0.030739
0.119961
0.221628
0.144215
0.024292
0.116383
0.107591
0.255249
0.313824
0.173165
0.136353
0.228977
0.165252
0.353856
0.234917
0.232290
0.120989
0.255593
0.082289
0.246259
0.352385
0.096661
0.188157
0.226728
0.113398
0.094363
0.140268
0.155262
0.051644
0.087203
0.114249
0.254876
0.222484
0.200880
0.082147
0.130271
0.195194
0.277539
0.216697
0.296178
0.149085
0.203793
0.217560
0.277438
0.265484
0.099848
0.044396
0.216199
0.209192
0.051201
0.047345
0.059026
0.026225
0.126300
0.176368
0.226312
0.271798
0.162192
0.045080
0.158856
0.251544
0.186179
0.174775
0.226557
0.192847
0.217051
0.386514
0.399516
0.248723
0.199881
0.336922
0.199624
0.181702
0.161263
0.096231
0.031207
0.111890
0.090535
0.177332
0.162929
0.266712
0.177918
0.100702
0.159095
0.195028
0.120606
0.139233
0.170956
0.215597
0.175251
0.337678
0.343278
0.143382
0.192265
0.463119
0.239089
0.209212
0.153217
0.129537
0.064715
0.182068
0.049486
0.322594
0.199541
0.130127
0.227872
0.208589
0.186395
0.054457
0.115732
0.046036
0.301619
0.227097
0.096338
0.194764
0.199415
0.054418
0.098106
0.300104
0.254670
0.271821
0.179746
0.052770
0.128453
0.159997
0.135674
0.333174
0.172974
0.058942
0.202091
0.123031
0.215527
0.124224
0.156065
0.014414
0.302584
0.232356
0.066159
0.082274
0.101374
0.160814
0.082101
0.200861
0.369236
0.281874
0.175827
0.048023
0.141161
0.161928
0.172304
0.247708
0.184283
0.137611
0.151626
0.061672
0.170378
0.151632
0.253167
0.037631
0.138526
0.168196
0.135318
0.072185
0.061803
0.232058
0.121385
0.145470
0.406134
0.245362
0.138245
0.079040
0.117587
0.151655
0.046967
0.153331
0.211796
0.187127
0.100225
0.029170
0.128584
0.143236
0.314989
0.076527
0.158352
0.042727
0.185060
0.185898
0.141439
0.234377
0.181863
0.021069
0.232949
0.124066
0.084608
0.170878
0.205752
0.178222
0.106329
0.071686
0.096580
0.100122
0.104573
0.035277
0.176510
0.050893
0.357521
0.144410
0.160242
0.077103
0.203296
0.262964
0.230401
0.229726
0.277241
0.017316
0.053570
0.263076
0.114490
0.150877
0.250070
0.199775
0.151189
0.105215
0.229814
0.056660
0.108283
0.062464
0.171148
0.101099
0.379936
0.171977
0.065949
0.050955
0.142662
0.314557
0.255822
0.275101
0.341288
0.067089
0.101027
0.337913
0.309151
0.050445
0.265276
0.108156
0.172796
0.214421
0.248928
0.097843
0.103222
0.140634
0.068976
0.177446
0.327049
0.089998
0.075314
0.049108
0.070436
0.300783
0.178239
0.355908
0.383947
0.110124
0.106520
0.329039
0.419441
0.051857
0.199083
0.110674
0.033556
0.193200
0.286210
0.095192
0.056123
0.252900
0.099849
0.177676
0.182148
0.129831
0.079193
0.081221
0.110727
0.119015
0.015099
0.290048
0.246091
0.205056
0.036100
0.262351
0.245662
0.065312
0.083403
0.091690
0.135938
0.336550
0.281594
0.087234
0.077685
0.366702
0.057142
0.059629
0.150086
0.276713
0.072126
0.233315
0.160084
0.110388
0.028880
0.089266
0.066071
0.289531
0.079842
0.267227
0.147718
0.145946
0.110002
0.089910
0.116119
0.471622
0.224188
0.086047
0.087912
0.384293
0.047725
0.103058
0.149106
0.300140
0.175288
0.193849
0.162253
0.181913
0.112246
0.140261
0.074063
0.260736
0.078977
0.229420
0.095127
0.083848
0.211811
0.241956
0.033015
0.416393
0.204806
0.129386
0.081400
0.185337
0.081881
0.152573
0.140270
0.216390
0.314387
0.203729
0.087602
0.144801
0.187267
0.145261
0.055707
0.122898
0.125604
0.154770
0.251056
0.101788
0.300081
0.324522
0.065544
0.325288
0.187758
0.193760
0.072039
0.132550
0.096571
0.165850
0.094697
0.109938
0.302066
0.283719
0.051393
0.129290
0.168240
0.142968
0.058209
0.130010
0.134924
0.067395
0.339434
0.096780
0.296160
0.228909
0.064033
0.183277
0.369829
0.210226
0.076526
0.189109
0.052075
0.165517
0.050485
0.086238
0.337593
0.291791
0.088992
0.209806
0.241897
0.167893
0.120778
0.230738
0.085931
0.084854
0.275937
0.035366
0.207057
0.097819
0.088136
0.116288
0.405913
0.170979
0.084187
0.211037
0.040661
0.055632
0.032334
0.085010
0.273310
0.237696
0.143076
0.290974
0.158965
0.091291
0.218234
0.177665
0.124360
0.137216
0.147894
0.197427
0.176305
0.092539
0.063602
0.271679
0.317025
0.121776
0.096137
0.254338
0.089728
0.137020
0.128675
0.078811
0.209885
0.251824
0.123463
0.276848
0.078225
0.067832
0.189181
0.116220
0.185034
0.173206
0.056378
0.277023
0.259000
0.277880
0.117357
0.383723
0.270681
0.235424
0.120037
0.287079
0.114944
0.287947
0.218845
0.139608
0.143623
0.197699
0.115306
0.248494
0.143379
0.217235
0.101433
0.124189
0.143928
0.152634
0.054824
0.276910
0.333397
0.239602
0.057165
0.432214
0.254005
0.230733
0.190107
0.207883
0.176049
0.192728
0.310247
0.161245
0.179319
0.111999
0.137341
0.282261
0.116350
0.254821
0.112119
0.125250
0.086789
0.090223
0.174746
0.204564
0.479599
0.115461
0.084908
0.455700
0.153372
0.137732
0.155790
0.148070
0.202116
0.017981
0.213193
0.208017
0.188160
0.129260
0.117686
0.290575
0.111980
0.206668
0.025403
0.187164
0.135134
0.075463
0.284596
0.099268
0.485243
0.146509
0.092745
0.373415
0.100986
0.047371
0.071031
0.073152
0.153163
0.066202
0.123667
0.277113
0.194783
0.094531
0.068216
0.261744
0.048774
0.146909
0.030137
0.229821
0.154151
0.128234
0.239787
0.145050
0.409883
0.111387
0.156018
0.234160
0.079033
0.065718
0.150303
0.059110
0.089279
0.185958
0.260328
0.175346
0.156012
0.172460
0.161794
0.164102
0.061490
0.144067
0.037590
0.129257
0.198306
0.093099
0.028577
0.093300
0.314744
0.109194
0.088558
0.179096
0.087803
0.132078
0.227305
0.109698
0.079572
0.317080
0.245855
0.060027
0.107902
0.232283
0.104068
0.059710
0.073581
0.181000
0.091341
0.036751
0.208595
0.158143
0.204951
0.038237
0.124955
0.095909
0.045824
0.075675
0.034902
0.160663
0.239559
0.101717
0.131962
0.233510
0.262658
0.028186
0.060702
0.182255
0.062549
0.053729
0.065300
0.161812
0.097902
0.072224
0.293925
0.132924
0.186101
0.068970
0.084541
0.017954
0.093129
0.096730
0.133303
0.092969
0.220839
0.174838
0.131422
0.087277
0.284062
0.073905
0.102269
0.139312
0.068726
0.110722
0.128802
0.182979
0.129521
0.125914
0.353019
0.155183
0.240427
0.074669
0.234733
0.184439
0.078941
0.214192
0.184967
0.123100
0.181218
0.191946
0.121213
0.073757
0.227021
0.134117
0.184699
0.166777
0.145026
0.253975
0.224899
0.200124
0.034550
0.087823
0.257703
0.134762
0.270767
0.091429
0.315366
0.275857
0.125503
0.234679
0.151839
0.137417
0.058151
0.106545
0.112351
0.074452
0.242681
0.113441
0.267262
0.250738
0.302800
0.337165
0.123929
0.171265
0.145681
0.105838
0.165430
0.187566
0.227337
0.062206
0.300795
0.274036
0.238122
0.218704
0.122199
0.215617
0.109210
0.070861
0.287821
0.145098
0.262635
0.182299
0.192375
0.289970
0.315002
0.299231
0.101601
0.107067
0.194748
0.191981
0.107814
0.169811
0.152936
0.148780
0.267259
0.175548
0.158090
0.141389
0.116388
0.098179
0.213106
0.151180
0.260815
0.277954
0.179475
0.236500
0.025916
0.280909
0.233975
0.171415
0.169677
0.288869
0.232065
0.267152
0.297141
0.127251
0.151327
0.236945
0.153888
0.143351
0.016942
0.072147
0.128852
0.069379
0.241292
0.234108
0.201132
0.257965
0.287141
0.171314
0.010578
0.284957
0.124110
0.052606
0.142917
0.298613
0.231475
0.248420
0.411519
0.030682
0.130570
0.247475
0.075396
0.223267
0.055076
0.238425
0.217915
0.159040
0.136724
0.223361
0.320025
0.232855
0.270517
0.077111
0.071309
0.182442
0.070678
0.061527
0.105606
0.146471
0.203653
0.153949
0.364395
0.095891
0.151624
0.205186
0.070617
0.201363
0.100727
0.216528
0.407269
0.169040
0.033592
0.182140
0.384368
0.193407
0.333603
0.092713
0.088508
0.119328
0.084182
0.035108
0.038197
0.135163
0.284689
0.056311
0.261899
0.140808
0.117530
0.146617
0.146339
0.077127
0.124207
0.025137
0.472963
0.160767
0.072769
0.238743
0.273840
0.176474
0.402338
0.136387
0.106831
0.232787
0.069205
0.039548
0.099454
0.294134
0.230253
0.095065
0.197424
0.136723
0.071594
0.234716
0.150691
0.107440
0.080559
0.192468
0.387785
0.142289
0.041102
0.127740
0.262156
0.263400
0.313699
0.250748
0.143293
0.300062
0.089659
0.036922
0.204980
0.379751
0.128910
0.178869
0.185528
0.218041
0.118840
0.316101
0.026918
0.153661
0.076354
0.285962
0.216801
0.295770
0.133747
0.086269
0.334158
0.301401
0.088798
0.308108
0.060152
0.330671
0.086680
0.092291
0.212460
0.313635
0.081576
0.176822
0.091335
0.248604
0.210804
0.270161
0.077247
0.180936
0.119206
0.212303
0.060921
0.311004
0.204226
0.143542
0.307759
0.223283
0.205229
0.196745
0.057242
0.316811
0.053411
0.135973
0.134629
0.261665
0.074293
0.219432
0.072590
0.235189
0.304367
0.194110
0.028179
0.290141
0.045448
0.062869
