# G_2, p = 0.1000 GPa (dir_1000.0_bar).
# Isolated-8MR (not in any D8R): 48 rings x 101 frames = 4848 samples.
# Column: per-isolated-8MR Delta [A]
0.024186
0.015522
0.024231
0.015451
0.024918
0.015447
0.024918
0.015463
0.024205
0.015445
0.024221
0.015474
0.024918
0.015412
0.024845
0.015430
0.024397
0.015585
0.024518
0.015518
0.024880
0.016205
0.024806
0.016250
0.024403
0.016211
0.024438
0.016259
0.024900
0.015525
0.024816
0.015536
0.024112
0.015792
0.024168
0.015745
0.024147
0.016183
0.024096
0.016244
0.024085
0.016122
0.024079
0.016185
0.024125
0.015803
0.024109
0.015727
0.116990
0.092348
0.103152
0.099940
0.108259
0.075735
0.120238
0.108922
0.066342
0.091247
0.035792
0.162072
0.051944
0.042549
0.124151
0.191296
0.175511
0.093608
0.148634
0.113884
0.054070
0.128840
0.140542
0.104164
0.135014
0.064163
0.219044
0.153759
0.118630
0.092395
0.097996
0.103284
0.104798
0.094057
0.108910
0.125463
0.074116
0.077206
0.043714
0.133839
0.194458
0.069259
0.131483
0.047883
0.121327
0.012789
0.021085
0.134348
0.143817
0.130375
0.221446
0.183997
0.128352
0.071536
0.300256
0.128382
0.064318
0.162606
0.077689
0.317199
0.171114
0.088368
0.133555
0.109920
0.139782
0.226247
0.210475
0.228528
0.153714
0.161768
0.217553
0.161799
0.304828
0.100255
0.384192
0.317685
0.294532
0.193379
0.272017
0.230180
0.144125
0.020639
0.244311
0.199157
0.217884
0.063523
0.020165
0.073817
0.220433
0.147915
0.098769
0.070091
0.184595
0.129561
0.073307
0.199794
0.153735
0.116509
0.273714
0.189518
0.075735
0.030104
0.338129
0.190469
0.130589
0.210489
0.042061
0.338869
0.349991
0.042211
0.141859
0.135871
0.077840
0.167968
0.216968
0.274098
0.263808
0.172603
0.333911
0.120641
0.363816
0.150416
0.308531
0.422755
0.356295
0.338952
0.422275
0.197763
0.200113
0.017719
0.256230
0.224047
0.262123
0.079755
0.093637
0.071560
0.122622
0.215803
0.071749
0.056476
0.236173
0.210612
0.103270
0.138549
0.245628
0.134758
0.273991
0.173187
0.197122
0.054435
0.293908
0.233238
0.209237
0.225851
0.130831
0.384172
0.366884
0.158208
0.248259
0.141133
0.053856
0.058628
0.212703
0.184104
0.313407
0.183336
0.419502
0.242744
0.209481
0.143192
0.252767
0.478071
0.395275
0.368124
0.481271
0.126571
0.162457
0.107691
0.150465
0.124734
0.277429
0.039886
0.107808
0.138451
0.014461
0.276565
0.134953
0.036729
0.373190
0.227295
0.152066
0.080430
0.354887
0.101809
0.247862
0.161547
0.325938
0.113453
0.305435
0.267395
0.289262
0.291437
0.259736
0.509472
0.375301
0.222882
0.384971
0.106654
0.218205
0.206309
0.209316
0.204408
0.138205
0.163483
0.419979
0.258094
0.080325
0.113593
0.284241
0.517998
0.327826
0.319731
0.342863
0.062638
0.105467
0.173037
0.083040
0.062647
0.338876
0.011474
0.106795
0.201597
0.058481
0.256069
0.135929
0.094597
0.597023
0.281648
0.199613
0.078744
0.376322
0.040916
0.297109
0.111400
0.493886
0.134129
0.318859
0.258670
0.371805
0.277390
0.263475
0.603236
0.500837
0.184410
0.412027
0.162768
0.379713
0.260973
0.134194
0.414804
0.186781
0.217150
0.324977
0.196401
0.185552
0.070645
0.274677
0.510603
0.181545
0.314317
0.165543
0.138506
0.201209
0.181398
0.160413
0.111993
0.368343
0.094202
0.099962
0.194198
0.029578
0.154494
0.063096
0.162636
0.733097
0.272434
0.256365
0.103973
0.339153
0.144734
0.291933
0.160230
0.592743
0.116024
0.318048
0.175050
0.332332
0.244568
0.210913
0.645120
0.578896
0.157272
0.357785
0.389495
0.368156
0.279645
0.116471
0.483355
0.283361
0.284197
0.358084
0.178155
0.310965
0.100015
0.286031
0.445144
0.094650
0.397887
0.124013
0.142089
0.208548
0.156705
0.210703
0.269003
0.454173
0.173613
0.109531
0.161751
0.109481
0.040912
0.061051
0.236771
0.733573
0.247151
0.279046
0.130653
0.274186
0.204058
0.199758
0.294923
0.513935
0.008561
0.317100
0.083992
0.219651
0.303534
0.334984
0.608445
0.513886
0.199498
0.352059
0.554663
0.313116
0.250925
0.084679
0.361875
0.264875
0.238470
0.364544
0.141849
0.234297
0.176244
0.218003
0.316372
0.104575
0.346121
0.156803
0.063318
0.184375
0.148107
0.207187
0.289123
0.393261
0.353213
0.155476
0.087270
0.231103
0.029460
0.240957
0.172072
0.662092
0.188175
0.361641
0.266445
0.264654
0.175721
0.080508
0.367874
0.316668
0.130147
0.265161
0.046244
0.201399
0.428581
0.455621
0.531655
0.429590
0.235850
0.345104
0.577633
0.273494
0.351280
0.031112
0.209628
0.124723
0.214218
0.250914
0.083990
0.079220
0.123116
0.140545
0.262311
0.108617
0.181007
0.099902
0.027055
0.197880
0.166905
0.151069
0.244605
0.246385
0.488129
0.179583
0.110603
0.221436
0.045226
0.302445
0.226736
0.434320
0.178168
0.403447
0.255022
0.227296
0.221628
0.167452
0.321725
0.309008
0.225614
0.217413
0.141509
0.176839
0.454539
0.557982
0.374948
0.445597
0.172177
0.339138
0.573222
0.264484
0.416321
0.102872
0.221766
0.066860
0.376553
0.155318
0.107071
0.030836
0.144022
0.094024
0.245671
0.077978
0.216659
0.087015
0.019589
0.278269
0.184461
0.117529
0.237532
0.057181
0.468467
0.191668
0.218486
0.198236
0.051352
0.152719
0.193417
0.235262
0.127501
0.241355
0.272101
0.170461
0.186067
0.149654
0.266560
0.258966
0.213829
0.288897
0.239927
0.189336
0.319549
0.627681
0.194741
0.521286
0.185642
0.218117
0.539218
0.126113
0.337112
0.013322
0.161176
0.042094
0.416535
0.080792
0.035002
0.085338
0.096694
0.126590
0.244166
0.153741
0.186575
0.188250
0.036182
0.304260
0.162216
0.154420
0.285605
0.219969
0.296427
0.220290
0.232745
0.246456
0.063403
0.099739
0.212629
0.206549
0.112361
0.151327
0.240608
0.119907
0.185846
0.071050
0.231505
0.093211
0.131080
0.264128
0.363699
0.270860
0.185636
0.639860
0.291814
0.388910
0.177898
0.085606
0.437900
0.075710
0.231470
0.163176
0.174638
0.071675
0.410643
0.150985
0.055428
0.158766
0.120852
0.117987
0.181489
0.177412
0.274731
0.058155
0.079720
0.155765
0.111264
0.143191
0.240949
0.247459
0.164266
0.218731
0.101057
0.254363
0.043706
0.155906
0.215915
0.233332
0.115333
0.065537
0.164473
0.089256
0.123936
0.092010
0.159724
0.142041
0.146469
0.207588
0.440327
0.167340
0.191321
0.413910
0.174590
0.122063
0.097293
0.071188
0.243336
0.118567
0.103495
0.255095
0.231931
0.048312
0.391048
0.216945
0.055249
0.201011
0.195870
0.136662
0.138287
0.115534
0.255514
0.032348
0.157828
0.084970
0.071496
0.229067
0.123633
0.160627
0.168559
0.359555
0.199614
0.229157
0.143051
0.114303
0.106607
0.087683
0.139460
0.016502
0.324883
0.118927
0.073948
0.073876
0.111373
0.198333
0.161132
0.309082
0.403120
0.079532
0.142658
0.120817
0.060999
0.129712
0.036910
0.041823
0.153000
0.178776
0.023268
0.295614
0.215956
0.156740
0.313483
0.282208
0.144215
0.225795
0.305336
0.152357
0.131141
0.144566
0.202676
0.074407
0.237199
0.119967
0.160812
0.167269
0.089929
0.132911
0.195410
0.428790
0.136838
0.203841
0.213943
0.125048
0.091357
0.117368
0.093991
0.079431
0.321773
0.164006
0.118245
0.102128
0.141588
0.240082
0.123432
0.336480
0.233365
0.177402
0.130110
0.115475
0.071537
0.198584
0.074820
0.042213
0.110079
0.249912
0.043734
0.244891
0.223795
0.180773
0.176774
0.200342
0.224864
0.281027
0.226714
0.110648
0.051327
0.179950
0.148289
0.231367
0.213241
0.161940
0.201237
0.156272
0.127868
0.190083
0.094238
0.403050
0.066819
0.176412
0.197027
0.140235
0.213702
0.170337
0.183547
0.091667
0.213490
0.347083
0.154252
0.124974
0.198597
0.323863
0.167074
0.274821
0.128141
0.162436
0.175024
0.230760
0.211578
0.283311
0.233415
0.103610
0.065592
0.218525
0.202723
0.236876
0.304872
0.148742
0.183751
0.121273
0.178397
0.309846
0.156410
0.098502
0.147821
0.113085
0.071117
0.373137
0.220222
0.133508
0.192004
0.205196
0.087355
0.155294
0.042152
0.308506
0.091219
0.187622
0.224114
0.110350
0.155795
0.269353
0.161219
0.209055
0.316212
0.482383
0.114684
0.087544
0.230126
0.371675
0.203683
0.203705
0.289614
0.200873
0.195355
0.305238
0.351313
0.446686
0.342325
0.184473
0.047728
0.069833
0.333976
0.231941
0.333816
0.147456
0.127856
0.043524
0.212254
0.176484
0.130176
0.088725
0.137874
0.032981
0.098068
0.252989
0.335095
0.068674
0.108802
0.281396
0.091278
0.084182
0.051346
0.219384
0.171836
0.107833
0.209197
0.127763
0.196198
0.287102
0.185886
0.295899
0.327488
0.437678
0.120238
0.108912
0.152393
0.327526
0.174975
0.210462
0.435011
0.240002
0.301673
0.233451
0.382692
0.609918
0.365064
0.184479
0.238575
0.191031
0.298281
0.240821
0.230069
0.116125
0.025156
0.051650
0.235004
0.228361
0.170529
0.217684
0.133858
0.069705
0.103952
0.095296
0.410066
0.088239
0.063986
0.331732
0.016754
0.109966
0.079327
0.159816
0.129861
0.203414
0.191830
0.098968
0.362326
0.295076
0.251870
0.209212
0.270293
0.317694
0.147276
0.072836
0.145990
0.211017
0.188351
0.180261
0.403571
0.215955
0.331767
0.192308
0.348108
0.744667
0.354441
0.192997
0.332982
0.273969
0.140808
0.313698
0.155080
0.111866
0.148278
0.102526
0.220233
0.129554
0.020773
0.304876
0.145362
0.139820
0.172853
0.066939
0.334019
0.135856
0.149675
0.246745
0.153228
0.087049
0.190011
0.139214
0.150483
0.238219
0.375414
0.031700
0.388933
0.347887
0.265005
0.348522
0.261606
0.233561
0.239979
0.057828
0.102230
0.149720
0.201892
0.098779
0.200609
0.143985
0.285837
0.222438
0.344138
0.841779
0.302763
0.327301
0.398104
0.269806
0.100889
0.277880
0.197152
0.116923
0.288217
0.066841
0.200910
0.241129
0.161779
0.272277
0.128007
0.141996
0.234470
0.130599
0.374929
0.195951
0.307544
0.129807
0.228001
0.024449
0.228737
0.083915
0.258008
0.196211
0.430457
0.126400
0.274154
0.277062
0.241706
0.486760
0.207957
0.154876
0.205883
0.139388
0.082233
0.205817
0.163649
0.108479
0.151089
0.084203
0.209752
0.291724
0.394848
0.722755
0.320444
0.439010
0.318188
0.131067
0.101456
0.213046
0.363491
0.212731
0.294160
0.104477
0.194519
0.260259
0.078334
0.232963
0.185376
0.270174
0.307281
0.088251
0.408232
0.217832
0.382958
0.121473
0.315909
0.053259
0.302181
0.140340
0.319198
0.260579
0.327941
0.132198
0.330859
0.273554
0.207925
0.561489
0.204679
0.111443
0.154890
0.185325
0.097972
0.146859
0.106682
0.063602
0.183948
0.158987
0.235713
0.103803
0.449797
0.493913
0.350981
0.414554
0.257592
0.133365
0.058688
0.186358
0.420420
0.244337
0.316836
0.173768
0.197296
0.210830
0.109054
0.217441
0.219306
0.222887
0.328099
0.048854
0.432141
0.228064
0.303185
0.189393
0.206498
0.229530
0.294574
0.165773
0.213512
0.275028
0.187803
0.121624
0.230570
0.292999
0.201510
0.567827
0.177514
0.117569
0.188738
0.230737
0.091225
0.164162
0.159006
0.129158
0.269855
0.136658
0.280783
0.103869
0.413926
0.266969
0.318924
0.360802
0.256055
0.099738
0.064098
0.162357
0.332828
0.180972
0.268110
0.173908
0.208929
0.141341
0.214658
0.153337
0.233384
0.176155
0.305552
0.088854
0.391524
0.250574
0.248901
0.158558
0.122009
0.354303
0.249519
0.233048
0.111597
0.219466
0.247346
0.116044
0.220962
0.266533
0.170008
0.460648
0.125569
0.105239
0.197051
0.251377
0.132433
0.182451
0.172876
0.167562
0.342859
0.169047
0.228205
0.101680
0.365936
0.185036
0.181852
0.311231
0.257294
0.042844
0.135384
0.078879
0.259149
0.154498
0.168272
0.150551
0.287660
0.082335
0.219317
0.283452
0.302720
0.238967
0.253796
0.166311
0.314172
0.262790
0.201000
0.164203
0.125757
0.320862
0.198342
0.248838
0.111883
0.166146
0.227673
0.198812
0.238511
0.241629
0.065982
0.334999
0.101785
0.187235
0.119068
0.224693
0.132750
0.209594
0.113032
0.171633
0.415417
0.164747
0.303626
0.099464
0.298068
0.208520
0.127337
0.234029
0.234502
0.241743
0.086049
0.187585
0.288982
0.145048
0.090892
0.196351
0.299568
0.029034
0.129361
0.295279
0.275761
0.177923
0.244783
0.300483
0.297826
0.287645
0.172401
0.173411
0.228432
0.288794
0.185545
0.174497
0.139110
0.145592
0.146432
0.291339
0.281021
0.168807
0.107975
0.259867
0.075674
0.269990
0.109494
0.181533
0.181535
0.210086
0.112021
0.099749
0.471939
0.166432
0.381910
0.048067
0.290681
0.176642
0.149556
0.087165
0.241198
0.326493
0.073544
0.227118
0.185531
0.085425
0.127720
0.286715
0.140193
0.046533
0.137042
0.344512
0.180519
0.074246
0.250784
0.311037
0.230946
0.267376
0.141610
0.154417
0.163921
0.278999
0.155028
0.132267
0.229928
0.170608
0.100849
0.298757
0.258990
0.235971
0.174532
0.228814
0.144304
0.234597
0.187384
0.128206
0.259863
0.287745
0.093632
0.225539
0.495734
0.167076
0.319422
0.135385
0.352573
0.076756
0.184198
0.198482
0.252440
0.329280
0.136877
0.241117
0.094891
0.075859
0.156272
0.265230
0.117981
0.087341
0.082475
0.382826
0.115007
0.206792
0.220839
0.243166
0.266943
0.228959
0.158978
0.155379
0.080010
0.306274
0.128202
0.205521
0.309291
0.100962
0.069293
0.201819
0.335087
0.260210
0.355500
0.175691
0.012834
0.107265
0.169731
0.089720
0.219423
0.398098
0.040227
0.330034
0.343158
0.170911
0.161334
0.166206
0.340085
0.135363
0.266725
0.259269
0.197949
0.327873
0.198830
0.309499
0.276641
0.090356
0.189934
0.180226
0.208452
0.133002
0.115933
0.369205
0.087970
0.198830
0.250485
0.181952
0.368024
0.208234
0.103645
0.173080
0.276508
0.257294
0.132696
0.218305
0.308044
0.080928
0.043065
0.172844
0.301228
0.226460
0.306417
0.284810
0.257787
0.135795
0.132491
0.033223
0.137217
0.326321
0.058830
0.342997
0.170292
0.245331
0.054005
0.117524
0.183558
0.223504
0.255626
0.284109
0.081368
0.340250
0.171506
0.279742
0.350451
0.064454
0.096159
0.102959
0.182560
0.089121
0.113300
0.234776
0.061848
0.296872
0.251848
0.132360
0.278618
0.225402
0.029799
0.142047
0.376079
0.214983
0.276820
0.136932
0.256167
0.138828
0.152522
0.179240
0.239979
0.093729
0.189360
0.418813
0.481389
0.263080
0.176467
0.046573
0.084710
0.260622
0.118226
0.295804
0.081046
0.306658
0.182756
0.070129
0.060278
0.289979
0.288741
0.353951
0.100591
0.343696
0.116949
0.273968
0.354304
0.054455
0.079171
0.078387
0.126036
0.030782
0.117062
0.253987
0.016761
0.381050
0.203425
0.102804
0.222218
0.167303
0.038512
0.103182
0.240770
0.250670
0.258514
0.058498
0.261219
0.204013
0.131364
0.148312
0.209088
0.064555
0.184504
0.487386
0.501488
0.328765
0.176821
0.085222
0.072750
0.323257
0.100655
0.151117
0.070492
0.325201
0.326047
0.050290
0.063206
0.354553
0.349138
0.391323
0.117995
0.252936
0.081684
0.352683
0.374478
0.050603
0.075758
0.111672
0.134745
0.036201
0.231396
0.255724
0.062239
0.279117
0.229900
0.101695
0.264927
0.060519
0.154358
0.150180
0.271903
0.217532
0.295856
0.140507
0.271925
0.203816
0.046519
0.072273
0.111656
0.095416
0.229516
0.529302
0.455444
0.282652
0.132672
0.065004
0.172377
0.367495
0.048592
0.073094
0.058228
0.245579
0.405467
0.039524
0.027470
0.506724
0.461638
0.314720
0.065358
0.120442
0.140992
0.339855
0.389081
0.289227
0.098782
0.031442
0.205594
0.089892
0.312235
0.094967
0.120296
0.122710
0.208256
0.173936
0.226217
0.059998
0.222684
0.148125
0.282044
0.248109
0.312784
0.220425
0.255738
0.119261
0.107293
0.041491
0.194995
0.137141
0.146955
0.574568
0.428960
0.220318
0.137162
0.075515
0.143956
0.247694
0.083400
0.037851
0.031032
0.084263
0.281831
0.112518
0.038806
0.619187
0.464291
0.268472
0.113747
0.134758
0.194819
0.160364
0.421533
0.424708
0.014967
0.067072
0.285033
0.112689
0.213251
0.154048
0.233066
0.172641
0.157848
0.197040
0.197658
0.020138
0.224923
0.011278
0.239126
0.244350
0.324428
0.173567
0.093409
0.056464
0.080582
0.185429
0.279197
0.147250
0.023701
0.481335
0.385841
0.194006
0.148198
0.131153
0.061053
0.052663
0.085939
0.160355
0.034938
0.197791
0.213451
0.240973
0.101017
0.663219
0.408801
0.384287
0.154871
0.141427
0.219996
0.060026
0.442520
0.370453
0.037325
0.135068
0.216755
0.026802
0.101705
0.312037
0.287434
0.158195
0.226392
0.254561
0.357215
0.087692
0.128587
0.104518
0.086013
0.309243
0.260303
0.107780
0.081817
0.134604
0.085887
0.258691
0.236885
0.129533
0.090961
0.316134
0.311410
0.153768
0.212994
0.120927
0.005330
0.191315
0.158329
0.106434
0.036054
0.315013
0.205289
0.227831
0.132313
0.566960
0.396734
0.487908
0.202473
0.222473
0.213752
0.021173
0.428809
0.281658
0.110889
0.150319
0.116264
0.098232
0.078915
0.335928
0.216479
0.152527
0.307835
0.241953
0.348536
0.114229
0.056971
0.144189
0.058531
0.492017
0.113709
0.198903
0.237412
0.143179
0.167497
0.178850
0.102190
0.184037
0.154557
0.231147
0.183621
0.186284
0.181068
0.156772
0.037116
0.283290
0.069777
0.193101
0.134419
0.217306
0.233266
0.104744
0.246984
0.479554
0.404136
0.379948
0.283494
0.174933
0.117294
0.100283
0.290574
0.185105
0.143827
0.102216
0.126578
0.098954
0.192094
0.253246
0.103068
0.255324
0.362972
0.305124
0.247854
0.156677
0.080095
0.200602
0.007899
0.424474
0.029248
0.189679
0.358729
0.208899
0.201273
0.062657
0.277639
0.149173
0.179354
0.294132
0.096687
0.205821
0.120542
0.151160
0.107637
0.274280
0.110724
0.325809
0.186838
0.138561
0.246723
0.129906
0.415050
0.449570
0.345769
0.120639
0.328579
0.070588
0.131496
0.377446
0.095379
0.186753
0.142569
0.084086
0.104145
0.036041
0.281461
0.248071
0.151160
0.328568
0.385703
0.388370
0.189761
0.189612
0.161375
0.183474
0.120910
0.264500
0.047421
0.182845
0.462759
0.183440
0.136218
0.185953
0.291573
0.145131
0.254213
0.372188
0.088966
0.059940
0.124939
0.184115
0.119749
0.197767
0.064705
0.317415
0.169599
0.151344
0.209738
0.163252
0.482899
0.454087
0.320119
0.143987
0.243907
0.199387
0.110085
0.439188
0.067360
0.031945
0.145217
0.076358
0.031708
0.117204
0.236528
0.308699
0.296971
0.318762
0.338832
0.380149
0.272451
0.323176
0.146296
0.141410
0.232431
0.205713
0.032052
0.156291
0.494314
0.269206
0.149725
0.191150
0.189878
0.139772
0.379614
0.357177
0.094615
0.163208
0.171265
0.290078
0.095905
0.241845
0.013052
0.266090
0.128939
0.253513
0.089724
0.220142
0.449300
0.365365
0.104988
0.276117
0.108418
0.369702
0.099512
0.359796
0.126104
0.123982
0.189025
0.006546
0.060108
0.105595
0.184179
0.274038
0.380861
0.300509
0.335344
0.303552
0.377619
0.444716
0.056928
0.067972
0.207082
0.094843
0.018842
0.176092
0.483782
0.336411
0.143365
0.142764
0.107947
0.029422
0.363293
0.386191
0.195020
0.150892
0.214069
0.345832
0.036918
0.220547
0.148922
0.097035
0.176407
0.200790
0.069602
0.331783
0.341449
0.205800
0.054758
0.306109
0.054046
0.418583
0.299574
0.370764
0.055269
0.131763
0.208244
0.131659
0.077841
0.065278
0.076202
0.067910
0.319806
0.269220
0.358391
0.406008
0.386268
0.482483
0.169080
0.013230
0.206772
0.144178
0.055373
0.142608
0.360710
0.485025
0.151323
0.150472
0.077087
0.138778
0.295502
0.296953
0.250796
0.053326
0.131888
0.264324
0.062992
0.130543
0.190881
0.076907
0.275534
0.068464
0.187099
0.411503
0.275604
0.075750
0.092662
0.333330
0.158361
0.415074
0.450166
0.399687
0.086709
0.118684
0.211269
0.242968
0.025872
0.110898
0.137061
0.055874
0.169980
0.222546
0.332537
0.426987
0.279532
0.401672
0.085094
0.131353
0.196349
0.220702
0.095633
0.165302
0.239475
0.601107
0.219370
0.101195
0.108453
0.166932
0.235427
0.208645
0.267252
0.128287
0.098837
0.204637
0.077407
0.089869
0.088833
0.152991
0.265696
0.029654
0.132695
0.356562
0.247042
0.085026
0.087730
0.543859
0.155459
0.451656
0.420810
0.359367
0.171022
0.081929
0.243208
0.278310
0.023848
0.208218
0.139084
0.176106
0.159344
0.072516
0.287178
0.324071
0.147303
0.390300
0.059565
0.090396
0.253249
0.193109
0.196227
0.239824
0.190774
0.682204
0.276212
0.168366
0.129010
0.043787
0.230664
0.128504
0.222174
0.263546
0.219440
0.244425
0.068721
0.093317
0.028814
0.296427
0.232100
0.091899
0.072173
0.226242
0.267513
0.036267
0.328638
0.537880
0.135591
0.445518
0.227220
0.228072
0.218056
0.139651
0.290433
0.285767
0.108433
0.248787
0.246492
0.139837
0.142766
0.097287
0.212340
0.237612
0.194097
0.368766
0.086998
0.112626
0.221836
0.196031
0.194273
0.229403
0.225036
0.593675
0.086156
0.189805
0.165919
0.083601
0.215102
0.041308
0.194820
0.336595
0.276540
0.402514
0.079613
0.095571
0.062012
0.374979
0.249706
0.198820
0.105408
0.156151
0.266153
0.081447
0.357742
0.556518
0.092645
0.387091
0.102110
0.209108
0.177683
0.128350
0.206729
0.188072
0.075699
0.263527
0.339278
0.047121
0.047254
0.079197
0.332591
0.174427
0.053501
0.235126
0.086615
0.164551
0.231541
0.245875
0.204556
0.170000
0.209768
0.396527
0.049759
0.169618
0.220603
0.074758
0.286503
0.060448
0.229141
0.256134
0.332084
0.383404
0.066316
0.219800
0.102486
0.270751
0.248999
0.175277
0.208175
0.127462
0.252456
0.178390
0.210623
0.653773
0.077261
0.321259
0.149487
0.141113
0.110530
0.133470
0.125306
0.043385
0.118989
0.254711
0.361368
0.010922
0.048547
0.092960
0.301252
0.097218
0.104139
0.177009
0.035818
0.226857
0.196202
0.211928
0.138384
0.102925
0.123293
0.220446
0.044722
0.118844
0.243000
0.201861
0.221928
0.211838
0.206693
0.257370
0.312762
0.164288
0.169699
0.276961
0.223935
0.249008
0.195980
0.092952
0.185120
0.136970
0.213084
0.242692
0.156852
0.613770
0.052909
0.293183
0.333827
0.037557
0.004228
0.039894
0.051778
0.181165
0.187481
0.281290
0.284827
0.070688
0.093607
0.129119
0.330713
0.116399
0.050681
0.185026
0.134621
0.303618
0.081040
0.145090
0.052257
0.157490
0.051967
0.180664
0.067317
0.110968
0.270852
0.213281
0.162562
0.373828
0.161030
0.174249
0.205797
0.032895
0.084689
0.223244
0.295088
0.329985
0.094288
0.007209
0.150562
0.170770
0.157560
0.300882
0.192874
0.429138
0.098600
0.287739
0.362465
0.185095
0.078498
0.108367
0.144913
0.249518
0.158820
0.364516
0.218199
0.200376
0.181753
0.111715
0.343067
0.219663
0.020472
0.200677
0.105465
0.303268
0.113433
0.069874
0.220533
0.134381
0.062711
0.068090
0.160798
0.212847
0.306708
0.121366
0.172803
0.406916
0.222421
0.029331
0.106354
0.053445
0.095672
0.140352
0.441993
0.339062
0.126548
0.024487
0.225097
0.213347
0.190154
0.276441
0.286082
0.297864
0.222388
0.217681
0.273658
0.299609
0.151785
0.143517
0.203893
0.350578
0.176805
0.461563
0.162834
0.183436
0.244368
0.013931
0.376307
0.119048
0.135398
0.239144
0.063202
0.237064
0.117588
0.034556
0.274770
0.148416
0.123409
0.035155
0.181518
0.247517
0.305028
0.062064
0.182640
0.320169
0.186565
0.126884
0.103222
0.146791
0.200637
0.190821
0.375187
0.157122
0.160989
0.095190
0.268345
0.238082
0.131334
0.169659
0.270043
0.286112
0.273833
0.128621
0.243498
0.443384
0.222393
0.070996
0.193256
0.453375
0.127749
0.434544
0.178699
0.173330
0.246279
0.049643
0.433481
0.141038
0.219330
0.169725
0.082778
0.126172
0.130369
0.021310
0.224934
0.219785
0.106503
0.126579
0.164628
0.278010
0.273454
0.064171
0.164247
0.232165
0.114009
0.165552
0.123774
0.206646
0.181571
0.231498
0.270065
0.063448
0.179566
0.107610
0.306367
0.190769
0.053254
0.126956
0.157864
0.197906
0.250341
0.172007
0.245557
0.487465
0.042892
0.113224
0.266773
0.482716
0.053833
0.337398
0.151288
0.233944
0.132926
0.098250
0.440019
0.241738
0.223432
0.065736
0.090500
0.074089
0.062547
0.087696
0.269777
0.282940
0.132018
0.153071
0.170648
0.352481
0.275568
0.098103
0.176499
0.276112
0.001075
0.221492
0.113045
0.220377
0.170990
0.189925
0.292605
0.131387
0.154671
0.133244
0.388530
0.096291
0.229277
0.161960
0.052597
0.188573
0.196720
0.094605
0.184053
0.538152
0.118658
0.157485
0.257434
0.409930
0.122348
0.303313
0.118001
0.282695
0.059360
0.089063
0.241194
0.297029
0.289781
0.029301
0.100180
0.061684
0.178457
0.033640
0.251423
0.374616
0.164861
0.157477
0.241779
0.437416
0.303687
0.098294
0.265824
0.434110
0.065784
0.309141
0.155382
0.236895
0.133043
0.199987
0.259645
0.300343
0.087306
0.236303
0.432171
0.138449
0.190241
0.136653
0.096650
0.178786
0.166196
0.192325
0.116055
0.552712
0.188062
0.233333
0.111190
0.325262
0.083734
0.340454
0.094176
0.238387
0.019001
0.109274
0.072986
0.283155
0.356328
0.072517
0.233100
0.089979
0.184970
0.190200
0.194565
0.363486
0.079432
0.181405
0.104216
0.448253
0.230610
0.123951
0.322471
0.433629
0.138529
0.322800
0.181694
0.221108
0.125403
0.268072
0.103304
0.378245
0.063035
0.315747
0.427588
0.158077
0.114167
0.282156
0.191185
0.190754
0.128898
0.263476
0.067496
0.556314
0.170490
0.269307
0.054800
0.312053
0.105374
0.327610
0.083953
0.179949
0.041586
0.067158
0.094930
0.193177
0.375749
0.026456
0.312982
0.164292
0.262931
0.280454
0.140124
0.398647
0.119868
0.099660
0.162851
0.370457
0.132276
0.138697
0.317278
0.210462
0.178096
0.304290
0.284751
0.173478
0.139786
0.302707
0.100637
0.359893
0.113161
0.283300
0.370298
0.276736
0.331343
0.332662
0.152012
0.176010
0.016351
0.232798
0.031257
0.443773
0.138960
0.207873
0.167556
0.198439
0.043723
0.230200
0.121716
0.099675
0.107161
0.057487
0.161289
0.130912
0.261751
0.061475
0.265639
0.298503
0.316370
0.183297
0.178428
0.214996
0.220187
0.028893
0.189581
0.304564
0.156698
0.096313
0.379414
0.085292
0.212482
0.211504
0.316171
0.151486
0.094632
0.161003
0.193900
0.324722
0.127870
0.169841
0.224453
0.351372
0.413574
0.335139
0.087350
0.232272
0.167504
0.229850
0.145571
0.316252
0.176313
0.178314
0.150918
0.145300
0.144960
0.129246
0.252051
0.098121
0.099943
0.144400
0.232361
0.188440
0.160634
0.163015
0.144726
0.437718
0.233943
0.135611
0.223815
0.105744
0.156806
0.141732
0.292164
0.298763
0.246576
0.050265
0.399747
0.174748
0.317257
0.137641
0.262926
0.231481
0.066308
0.069037
0.245065
0.419041
0.194274
0.192652
0.102164
0.317781
0.383421
0.165942
0.086021
0.310209
0.231203
0.225412
0.309243
0.253533
0.249515
0.152630
0.208411
0.130866
0.084026
0.069835
0.269368
0.102505
0.093435
0.249533
0.230812
0.171309
0.032489
0.323795
0.123654
0.413317
0.095294
0.103847
0.127640
0.116019
0.078496
0.197761
0.383338
0.223644
0.278387
0.090119
0.328858
0.132724
0.441093
0.148592
0.286227
0.291863
0.048525
0.053565
0.124860
0.339443
0.240298
0.218202
0.127580
0.389908
0.235615
0.105104
0.125480
0.305714
0.236127
0.268349
0.386481
0.142419
0.207433
0.120977
0.296059
0.178771
0.010042
0.253267
0.243064
0.269605
0.165646
0.117095
0.260972
0.254934
0.145379
0.390810
0.100346
0.249284
0.087757
0.094519
0.098351
0.165004
0.096510
0.154264
0.403497
0.102764
0.148127
0.103123
0.217005
0.032537
0.460761
0.219689
0.224878
0.172357
0.095286
0.157290
0.092985
0.117028
0.184233
0.189733
0.154024
0.213183
0.182376
0.125431
0.093068
0.209020
0.272851
0.298013
0.334699
0.095144
0.145666
0.117437
0.293774
0.296778
0.101276
0.327506
0.289508
0.368552
0.237337
0.074864
0.183629
0.147916
0.310762
0.375251
0.115310
0.140747
0.112108
0.171224
0.142071
0.282810
0.164427
0.151519
0.301652
0.118580
0.063301
0.111070
0.056234
0.134244
0.402028
0.227145
0.236701
0.049942
0.101361
0.190022
0.076927
0.041890
0.088870
0.164785
0.082432
0.118952
0.287993
0.154870
0.133352
0.160313
0.272116
0.217099
0.365443
0.105490
0.085538
0.161494
0.176391
0.454701
0.148847
0.333966
0.365622
0.353440
0.264388
0.079607
0.199948
0.097425
0.406823
0.318507
0.165662
0.098653
0.116320
0.088518
0.105222
0.376808
0.140673
0.149448
0.184022
0.160433
0.201885
0.101263
0.134308
0.163062
0.239561
0.290415
0.128606
0.113459
0.097407
0.176347
0.113828
0.086836
0.116627
0.158373
0.101533
0.217093
0.334479
0.120175
0.157918
0.154695
0.256299
0.110823
0.446245
0.203373
0.122367
0.169955
0.101934
0.484791
0.242394
0.302368
0.405921
0.285602
0.209720
0.216082
0.271194
0.137893
0.407337
0.329644
0.203839
0.113240
0.036849
0.077291
0.045317
0.387519
0.174261
0.126050
0.116912
0.152251
0.421342
0.062966
0.037628
0.275766
0.118847
0.330090
0.206671
0.178370
0.133059
0.254061
0.219408
0.149021
0.200593
0.130889
0.247308
0.283683
0.276418
0.135527
0.164833
0.152474
0.218104
0.148831
0.424293
0.344921
0.103494
0.141094
0.152102
0.475204
0.249987
0.227807
0.402055
0.283740
0.129214
0.256367
0.241467
0.087936
0.332096
0.232372
0.320739
0.050208
0.052124
0.062608
0.098280
0.339776
0.349249
0.182562
0.164288
0.156403
0.464407
0.022028
0.111627
0.257664
0.098732
0.366135
0.312229
0.206324
0.144769
0.170602
0.291287
0.206953
0.213678
0.054112
0.264134
0.256013
0.183935
0.147594
0.138860
0.136102
0.127355
0.099441
0.250421
0.443705
0.156048
0.130122
0.184090
0.360421
0.140089
0.204525
0.316838
0.298559
0.068914
0.249527
0.219646
0.111898
0.268754
0.144236
0.491966
0.170140
0.118151
0.036882
0.104639
0.310997
0.417529
0.227735
0.185073
0.243484
0.327010
0.018560
0.256071
0.149603
0.155766
0.260788
0.416068
0.226098
0.157811
0.139549
0.234614
0.215695
0.181613
0.073145
0.244687
0.130187
0.171695
0.157646
0.107318
0.110751
0.026491
0.134428
0.045269
0.467234
0.064218
0.091150
0.129008
0.238917
0.131644
0.233119
0.171436
0.209979
0.059138
0.214253
0.203961
0.154886
0.198738
0.179267
0.597060
0.202005
0.275975
0.025379
0.064207
0.233858
0.316983
0.233492
0.272149
0.235116
0.287298
0.102433
0.310303
0.109608
0.274985
0.199958
0.435599
0.235033
0.166459
0.100434
0.160416
0.202607
0.185053
0.063361
0.305987
0.230587
0.166675
0.218091
0.078815
0.099196
0.183459
0.252063
0.096506
0.414639
0.221528
0.102923
0.192629
0.200599
0.181272
0.284851
0.038932
0.097381
0.144160
0.268660
0.190416
0.116121
0.161562
0.112375
0.567157
0.104753
0.209513
0.081756
0.086027
0.148580
0.218216
0.212079
0.281423
0.308774
0.393273
0.045723
0.388645
0.139340
0.255707
0.185846
0.359828
0.151454
0.083451
0.041840
0.172731
0.303937
0.238130
0.019741
0.459619
0.272249
0.135457
0.219875
0.170138
0.031432
0.286475
0.241280
0.113777
0.434712
0.212026
0.089458
0.099777
0.201780
0.169998
0.295293
0.030828
0.011070
0.165366
0.248199
0.220525
0.091463
0.133163
0.149532
0.476088
0.184678
0.034680
0.042262
0.129463
0.093703
0.306099
0.211062
0.224466
0.455711
0.387370
0.116686
0.371834
0.086468
0.180833
0.202719
0.350515
0.169459
0.046104
0.254667
0.247029
0.272885
0.294168
0.060445
0.624907
0.212373
0.225379
0.259026
0.237987
0.122902
0.239442
0.171740
0.080889
0.453314
0.214929
0.144086
0.012403
0.199759
0.097683
0.204831
0.115735
0.037886
0.168382
0.142204
0.241609
0.221490
0.178002
0.155441
0.380085
0.390041
0.040086
0.060091
0.311420
0.140757
0.336471
0.122875
0.190697
0.538261
0.319391
0.142096
0.313303
0.205894
0.141527
0.234530
0.310956
0.245344
0.095343
0.311130
0.224368
0.223034
0.249441
0.107539
0.585747
0.157025
0.163196
0.233323
0.180752
0.125646
0.143210
0.197603
0.080073
0.400820
0.435324
0.174638
0.055362
0.108652
0.024528
0.110272
0.239583
0.095625
0.262526
0.118929
0.150298
0.257207
0.219683
0.075141
0.277965
0.540526
0.051979
0.108910
0.407233
0.126233
0.272833
0.039110
0.241044
0.490249
0.185591
0.156867
0.242251
0.291791
0.162057
0.237446
0.177767
0.256442
0.079041
0.308844
0.172371
0.197401
0.235256
0.310215
0.434650
0.191226
0.048607
0.222651
0.267019
0.155100
0.020339
0.293044
0.294423
0.311656
0.494652
0.246884
0.157088
0.010557
0.020848
0.150993
0.352822
0.161370
0.389317
0.110491
0.065340
0.158878
0.281513
0.221988
0.103033
0.523574
0.088729
0.045193
0.344882
0.134841
0.145987
0.100172
0.245931
0.412744
0.138003
0.365035
0.186579
0.295314
0.235613
0.269882
0.033538
0.223612
0.099648
0.350053
0.183498
0.211139
0.208658
0.482445
0.352646
0.071754
0.083022
0.293462
0.310238
0.108212
0.025478
0.320443
0.296813
0.285544
0.324618
0.303574
0.252215
0.094933
0.058722
0.107686
0.373807
0.142222
0.491082
0.114651
0.151077
0.217264
0.325678
0.273356
0.103318
0.404040
0.070982
0.043075
0.230385
0.199895
0.074088
0.076426
0.179419
0.395635
0.085580
0.377936
0.139806
0.183980
0.367028
0.273568
0.077038
0.162436
0.152137
0.327378
0.208875
0.117789
0.198939
0.390549
0.449956
0.169120
0.104538
0.314462
0.295498
0.156017
0.061071
0.292833
0.150972
0.349457
0.332220
0.315122
0.493998
0.061479
0.100687
0.160148
0.341429
0.151907
0.541407
0.119608
0.271377
0.273825
0.337920
0.192654
0.157718
0.357412
0.051891
0.161917
0.145722
0.138628
0.086911
0.104066
0.139433
0.325077
0.174558
0.201796
0.135095
0.180106
0.367070
0.313109
0.091048
0.089018
0.174232
0.271139
0.133362
0.092903
0.088063
0.270652
0.589096
0.162485
0.136860
0.267260
0.240445
0.147882
0.097250
0.271811
0.078186
0.343854
0.343744
0.341079
0.492319
0.050847
0.070699
0.262139
0.187995
0.192600
0.523955
0.080193
0.221865
0.119210
0.391121
0.191673
0.152014
0.409652
0.139161
0.181396
0.099608
0.025128
0.244471
0.098188
0.264650
0.166012
0.199768
0.087242
0.089301
0.264056
0.335126
0.207570
0.104657
0.023756
0.201501
0.286600
0.064220
0.077325
0.067335
0.298274
0.571538
0.140678
0.098106
0.195911
0.102474
0.325652
0.071814
0.242468
0.139024
0.216141
0.404917
0.314747
0.345402
0.067670
0.116471
0.368834
0.078804
0.196321
0.436305
0.101037
0.078792
0.058433
0.361526
0.129291
0.239739
0.471749
0.116978
0.203943
0.097936
0.153883
0.317313
0.097307
0.351488
0.106915
0.144553
0.180724
0.118579
0.184641
0.306541
0.143193
0.192392
0.087285
0.233477
0.341408
0.097639
0.081609
0.144308
0.350613
0.365875
0.216753
0.004545
0.188984
0.113277
0.300726
0.047358
0.138132
0.182955
0.102204
0.369797
0.285665
0.185948
0.197999
0.062401
0.324053
0.050027
0.195072
0.364246
0.153811
0.116558
0.133951
0.316569
0.057385
0.233086
0.475638
0.262399
0.190540
0.143088
0.130999
0.152786
0.121869
0.368937
0.107059
0.225742
0.292524
0.163805
0.113310
0.236558
0.144336
0.292337
0.208336
0.195207
0.320139
0.168449
0.124618
0.180978
0.260794
0.164099
0.312299
0.106185
0.149551
0.234851
0.198192
0.097805
0.070758
0.105821
0.201710
0.245530
0.187216
0.075173
0.191403
0.098219
0.127668
0.101937
0.219973
0.319860
0.249226
0.162982
0.057597
0.336826
0.094809
0.224352
0.311317
0.330825
0.184479
0.138281
0.101755
0.128306
0.213291
0.303905
0.087218
0.302677
0.363285
0.125029
0.012337
0.154512
0.149748
0.363528
0.236914
0.112456
0.343748
0.130440
0.132750
0.177776
0.116919
0.110748
0.338937
0.223688
0.097832
0.166530
0.122397
0.032658
0.034355
0.076472
0.249916
0.160632
0.123062
0.072287
0.209936
0.170076
0.070143
0.189580
0.154664
0.217403
0.319658
0.116186
0.122863
0.403009
0.028543
0.191495
0.061934
0.396282
0.090904
0.182539
0.044269
0.276669
0.215573
0.257467
0.135607
0.312428
0.319664
0.173851
0.120049
0.233956
0.186760
0.331202
0.276190
0.143596
0.454737
0.051128
0.079617
0.185972
0.083504
0.146606
0.287762
0.253143
0.085700
0.049730
0.191812
0.057298
0.165830
0.140805
0.205736
0.150519
0.020007
0.110456
0.213147
0.179790
0.135918
0.320792
0.182760
0.132432
0.375151
0.122330
0.282654
0.313972
0.049954
0.156870
0.112472
0.471930
0.099770
0.166331
0.017898
0.226906
0.156912
0.317428
0.318878
0.251990
0.216503
0.213000
0.221004
0.203151
0.198326
0.263373
0.274554
0.149526
0.426573
0.131224
0.140385
0.174586
0.098029
0.155351
0.304775
0.115917
0.065664
0.075433
0.232327
0.152388
0.152996
0.174842
0.002644
0.187223
0.013466
0.155692
0.166418
0.146921
0.119372
0.428741
0.232984
0.076951
0.385423
0.179947
0.299984
0.153514
0.166091
0.059725
0.161078
0.560010
0.196718
0.138997
0.057449
0.184263
0.192781
0.380902
0.304443
0.270009
0.312913
0.204938
0.246105
0.210684
0.220363
0.230364
0.265100
0.102505
0.315842
0.210470
0.223507
0.129563
0.011074
0.038855
0.202328
0.148400
0.086121
0.175614
0.274811
0.219339
0.104331
0.183585
0.104536
0.097827
0.076029
0.200631
0.055767
0.085974
0.024623
0.442667
0.199237
0.051937
0.544912
0.160723
0.257259
0.101743
0.209385
0.038091
0.115101
0.594478
0.188087
0.167786
0.058623
0.138803
0.243794
0.346254
0.169747
0.247816
0.339676
0.239969
0.176592
0.168892
0.190422
0.289565
0.267734
0.238206
0.304650
0.190340
0.096793
0.152697
0.107540
0.246198
0.034329
0.048999
0.123843
0.077741
0.312117
0.190991
0.100821
0.211338
0.112120
0.104605
0.053533
0.189246
0.133620
0.062775
0.168452
0.363826
0.060235
0.044126
0.620828
0.121784
0.371753
0.048776
0.213965
0.077497
0.040141
0.477503
0.188240
0.282517
0.104789
0.246397
0.212432
0.279439
0.180800
0.271901
0.252568
0.354998
0.173374
0.180945
0.166073
0.206297
0.308722
0.300156
0.214738
0.299531
0.101719
0.140080
0.135641
0.345439
0.201854
0.158941
0.160987
0.214764
0.247313
0.167697
0.120950
0.205880
0.109322
0.203088
0.020631
0.214085
0.092040
0.130735
0.200066
0.312404
0.101936
0.232295
0.427997
0.101903
0.293584
0.094275
0.182441
0.196329
0.007200
0.395792
0.224562
0.314911
0.184993
0.354070
0.165978
0.125063
0.239327
0.320122
0.119665
0.434129
0.227367
0.214292
0.106885
0.095635
0.352499
0.239748
0.214305
0.233538
0.149817
0.162603
0.208888
0.328332
0.195167
0.104426
0.175478
0.393792
0.172304
0.271680
0.304464
0.229814
0.043220
0.078804
0.079228
0.251701
0.156782
0.042788
0.186693
0.315115
0.167326
0.325650
0.266628
0.210824
0.172802
0.223883
0.153283
0.119654
0.150720
0.361170
0.363758
0.292102
0.155965
0.355621
0.144738
0.084584
0.218029
0.243553
0.098487
0.404497
0.281469
0.233223
0.209430
0.060545
0.361863
0.251254
0.429400
0.070615
0.212799
0.061943
0.230103
0.274776
0.084770
0.063139
0.184847
0.298393
0.212361
0.301776
0.370284
0.221939
0.201390
0.051172
0.155799
0.199104
0.158509
0.026159
0.155714
0.296214
0.165873
0.270395
0.165325
0.315752
0.025783
0.280485
0.124082
0.078340
0.310777
0.222262
0.432679
0.256046
0.131788
0.324191
0.117999
0.158666
0.123554
0.147146
0.295884
0.340474
0.266676
0.206172
0.136114
0.109168
0.352822
0.313749
0.549966
0.060077
0.308181
0.071219
0.225351
0.169329
0.098193
0.106324
0.134818
0.177860
0.264316
0.190567
0.313176
0.274043
0.198227
0.124568
0.153276
0.272019
0.173367
0.122021
0.000299
0.242766
0.155925
0.190836
0.191773
0.271542
0.149550
0.262508
0.132626
0.195238
0.327910
0.118033
0.396398
0.121067
0.138664
0.282255
0.252203
0.159735
0.036934
0.099778
0.416726
0.224218
0.254208
0.159543
0.050612
0.133915
0.219858
0.317285
0.505889
0.167502
0.362045
0.034215
0.213327
0.075758
0.216883
0.190589
0.021743
0.197008
0.178173
0.103339
0.405472
0.380425
0.186058
0.156364
0.162506
0.253259
0.220716
0.208761
0.090748
0.195335
0.167987
0.207368
0.123652
0.219981
0.176684
0.311924
0.169432
0.121917
0.219976
0.198206
0.353707
0.140288
0.111098
0.297334
0.244467
0.216762
0.100034
0.034605
0.335995
0.189397
0.330102
0.147881
0.047717
0.090449
0.097368
0.285482
0.474140
0.109324
0.313143
0.046478
0.189812
0.071780
0.210026
0.269911
0.052568
0.284275
0.176340
0.096676
0.437925
0.521756
0.260587
0.072840
0.164770
0.235828
0.241496
0.300925
0.177531
0.141716
0.225447
0.228154
0.168814
0.277789
0.209322
0.308418
0.113141
0.086782
0.229037
0.196852
0.318429
0.249307
0.150620
0.381434
0.186775
0.243848
0.162251
0.073766
0.232541
0.079526
0.436181
0.205636
0.105964
0.143456
0.146996
0.348673
0.477810
0.030538
0.300582
0.040132
0.173008
0.077567
0.108514
0.296676
0.063897
0.324347
0.270054
0.238381
0.400558
0.480344
0.344045
0.165479
0.160085
0.317437
0.189928
0.375322
0.221089
0.172715
0.102707
0.188531
0.210956
0.290535
0.298563
0.317189
0.071478
0.268496
0.373783
0.189416
0.306152
0.281985
0.102010
0.459093
0.206441
0.291725
0.203554
0.261240
0.280342
0.219694
0.284968
0.313311
0.197235
0.101093
0.183821
0.417150
0.437185
0.110148
0.356578
0.097366
0.134269
0.134583
0.075309
0.272501
0.110907
0.353184
0.223817
0.268551
0.297669
0.388901
0.387083
0.149337
0.088145
0.425219
0.086543
0.303711
0.189898
0.221019
0.059012
0.183171
0.304113
0.288689
0.413232
0.341603
0.059029
0.436154
0.496052
0.170214
0.311124
0.265811
0.121863
0.358830
0.202206
0.321084
0.271385
0.261968
0.251087
0.206105
0.078790
0.262952
0.244360
0.024378
0.192024
0.329109
0.423219
0.119754
0.406988
0.155499
0.108110
0.116514
0.240600
0.217795
0.145117
0.385185
0.082011
0.150351
0.237135
0.183978
0.348646
0.044772
0.128701
0.327342
0.141513
0.165795
0.164837
0.201390
0.133293
0.083203
0.271804
0.243917
0.387499
0.280409
0.048619
0.376061
0.364412
0.230784
0.183335
0.246764
0.047932
0.160578
0.196134
0.242002
0.315912
0.136417
0.124629
0.086537
0.088466
0.293393
0.314654
0.042764
0.199244
0.323920
0.284717
0.076777
0.353146
0.142180
0.100981
0.076645
0.189942
0.137828
0.183091
0.362792
0.034835
0.082319
0.062096
0.201936
0.332938
0.100807
0.095984
0.190943
0.182946
0.126488
0.218728
0.267871
0.157462
0.111157
0.241522
0.268207
0.163168
0.141912
0.149735
0.277556
0.119685
0.391910
0.191510
0.200707
0.035705
0.077394
0.164459
0.183629
0.264685
0.135052
0.046831
0.144044
0.147493
0.255632
0.352794
0.063843
0.253191
0.332288
0.247800
0.174028
0.175698
0.063924
0.144918
0.129092
0.120646
0.087113
0.139436
0.232982
0.028034
0.110436
0.155869
0.066584
0.287598
0.133791
0.105327
0.075621
0.193464
0.190979
0.241594
0.254097
0.205701
0.065326
0.283708
0.209765
0.083639
0.253430
0.056451
0.323162
0.083009
0.440243
0.313828
0.166691
0.067754
0.200536
0.067474
0.135271
0.172660
0.223094
0.071879
0.047481
0.115694
0.200816
0.250958
0.086890
0.410300
0.212664
0.260455
0.156293
0.042165
0.138099
0.233208
0.091867
0.049651
0.021079
0.102623
0.109479
0.098751
0.084860
0.240975
0.036710
0.162729
0.106030
0.204060
0.139408
0.269421
0.239991
0.181997
0.039165
0.171948
0.040243
0.273052
0.087592
0.195404
0.269301
0.033427
0.408221
0.067770
0.284748
0.315430
0.135710
0.077652
0.229607
0.079131
0.083624
0.103159
0.077144
0.008764
0.077168
0.181931
0.137334
0.103202
0.155461
0.511563
0.176257
0.208619
0.164118
0.060989
0.053750
0.253817
0.100751
0.165580
0.047106
0.139750
0.122377
0.122204
0.049901
0.225577
0.036367
0.148029
0.007625
0.254925
0.214866
0.250125
0.226079
0.131627
0.126473
0.201506
0.142256
0.221875
0.106616
0.206909
0.188570
0.021448
0.337609
0.196937
0.159970
0.244050
0.222760
0.009501
0.080133
0.186958
0.133717
0.054888
0.179073
0.015935
0.079050
0.084922
0.088712
0.119958
0.085255
0.410814
0.296779
0.145518
0.112399
0.125969
0.117188
0.240086
0.006359
0.203842
0.107235
0.086750
0.157007
0.163925
0.130549
0.214035
0.044137
0.241898
0.016063
0.194898
0.284622
0.201067
0.228630
0.125779
0.212390
0.271728
0.124608
0.125639
0.188942
0.173022
0.097923
0.056632
0.264772
0.102206
0.096416
0.328431
0.282628
0.068320
0.135525
0.229777
0.110206
0.043639
0.281765
0.045119
0.075867
0.073072
0.067902
0.132126
0.047236
0.238486
0.309779
0.148957
0.106008
0.234169
0.257771
0.108375
0.093901
0.088356
0.164570
0.127133
0.098601
0.132381
0.116786
0.152408
0.254873
0.136898
0.041365
0.244422
0.261244
0.245338
0.127259
0.099127
0.249673
0.310098
0.057134
0.135003
0.185661
0.097001
0.152964
0.120935
0.220609
0.073577
0.068500
0.301641
0.242587
0.039149
0.215352
0.273755
0.122407
0.008392
0.150533
0.098406
0.036105
0.039115
0.063914
0.015289
0.054537
0.114422
0.362935
0.219195
0.156848
0.289540
0.210542
0.104525
0.273130
0.005104
0.294375
0.083275
0.109382
0.208179
0.036359
0.107280
0.352600
0.018155
0.144258
0.165384
0.268761
0.262329
0.163740
0.230144
0.352988
0.264254
0.100105
0.210008
0.233674
0.062797
0.233253
0.140921
0.151906
0.149523
0.079854
0.227029
0.206073
0.079926
0.308965
0.189888
0.167162
0.098923
0.119030
0.158583
0.118285
0.151154
0.113420
0.178700
0.022810
0.065514
0.308032
0.268725
0.136404
0.371409
0.207763
0.182526
0.232927
0.072550
0.300034
0.206118
0.170722
0.252495
0.122669
0.198487
0.297624
0.049904
0.190099
0.040143
0.358468
0.214287
0.173061
0.308271
0.368782
0.231144
0.143428
0.258721
0.249554
0.281670
0.255757
0.041002
0.097442
0.129100
0.048394
0.250988
0.144420
0.172418
0.357661
0.160176
0.164576
0.193482
0.232251
0.160293
0.177781
0.225223
0.197218
0.214975
0.077669
0.066427
0.291462
0.317474
0.061460
0.421114
0.179028
0.246666
0.160848
0.160253
0.159892
0.260046
0.186046
0.266489
0.092375
0.292564
0.166837
0.185602
0.253432
0.085627
0.360464
0.245698
0.117179
0.326797
0.327576
0.143142
0.110339
0.205047
0.276043
0.411057
0.271367
0.071020
0.205286
0.080833
0.035130
0.381789
0.119460
0.239953
0.143009
0.164984
0.093852
0.220624
0.252924
0.191860
0.142429
0.237307
0.362432
0.289469
0.048878
0.070736
0.340501
0.457974
0.059655
0.477154
0.081115
0.315679
0.140235
0.109884
0.179238
0.371545
0.089892
0.325302
0.100518
0.297070
0.135709
0.259415
0.230554
0.009112
0.179098
0.316154
0.191369
0.411850
0.302835
0.108150
0.153829
0.140719
0.178846
0.268028
0.367686
0.137554
0.211812
0.112849
0.047709
0.376347
0.147310
0.113081
0.073707
0.190375
0.101923
0.197366
0.211618
0.131856
0.096066
0.260115
0.409973
0.331929
0.018492
0.036781
0.298121
0.351989
0.154551
0.487427
0.129302
0.258505
0.215010
0.111013
0.086231
0.359184
0.058439
0.318129
0.141587
0.256219
0.171022
0.145215
0.148532
0.079821
0.057942
0.245791
0.266701
0.499080
0.262903
0.149313
0.237008
0.231349
0.114477
0.130284
0.442885
0.102347
0.261544
0.192243
0.155583
0.309548
0.225535
0.063490
0.140981
0.132304
0.121955
0.210763
0.213030
0.112082
0.078657
0.329315
0.289207
0.390433
0.057115
0.128381
0.120774
0.282188
0.138630
0.489333
0.117076
0.130765
0.189400
0.122428
0.152760
0.269815
0.150240
0.228958
0.222998
0.304027
0.160975
0.127948
0.075456
0.085305
0.052174
0.236031
0.321877
0.424523
0.281849
0.160450
0.227994
0.163229
0.030878
0.206040
0.323222
0.060612
0.282049
0.182538
0.228339
0.311190
0.272821
0.028914
0.302929
0.235179
0.191691
0.264155
0.142874
0.121753
0.091933
0.396330
0.204672
