# G_1, p = 0.8000 GPa (dir_8000.0_bar).
# D8R-only: 96 rings x 101 frames = 9696 samples.
# Column: per-D8R Delta [A]
0.086505
0.086570
0.086497
0.086560
0.086495
0.086497
0.086497
0.086543
0.086493
0.086549
0.086561
0.086547
0.086568
0.086549
0.086569
0.086538
0.086512
0.086517
0.086537
0.086520
0.086547
0.086497
0.086488
0.086559
0.086555
0.086577
0.086531
0.086511
0.086537
0.086577
0.086486
0.086570
0.086507
0.086545
0.086497
0.086510
0.086497
0.086545
0.086510
0.086549
0.086560
0.086553
0.086569
0.086569
0.086540
0.086538
0.086497
0.086539
0.086538
0.086522
0.086550
0.086504
0.086491
0.086557
0.086567
0.086571
0.086553
0.086494
0.086528
0.086555
0.086560
0.086486
0.086508
0.086559
0.086549
0.086538
0.086560
0.086497
0.086497
0.086559
0.086569
0.086538
0.086549
0.086476
0.086477
0.086549
0.086549
0.086549
0.086570
0.086497
0.086497
0.086549
0.086559
0.086528
0.086560
0.086497
0.086497
0.086538
0.086580
0.086528
0.086560
0.086507
0.086508
0.086559
0.086559
0.086549
0.273418
0.119629
0.091112
0.196815
0.089976
0.073747
0.117179
0.154427
0.179735
0.008227
0.140478
0.162240
0.058494
0.178438
0.072614
0.214207
0.150648
0.152633
0.269967
0.078699
0.120283
0.084078
0.123412
0.117499
0.044372
0.214720
0.090522
0.214129
0.125090
0.110619
0.167509
0.086893
0.172268
0.174266
0.288312
0.077769
0.089052
0.227667
0.162621
0.092389
0.159818
0.159576
0.155540
0.118688
0.034697
0.087270
0.159937
0.065059
0.044771
0.070223
0.167418
0.150604
0.230881
0.266451
0.121381
0.110381
0.084956
0.095189
0.056726
0.190356
0.031265
0.280252
0.108367
0.059649
0.065219
0.118117
0.145391
0.011958
0.081992
0.099323
0.145512
0.165412
0.104930
0.089249
0.137080
0.051806
0.134520
0.067530
0.051674
0.167136
0.280823
0.149193
0.206590
0.171771
0.115209
0.079061
0.093000
0.108436
0.075277
0.087257
0.324283
0.087424
0.194037
0.127237
0.069253
0.144400
0.367859
0.245836
0.111972
0.239339
0.101826
0.130486
0.197393
0.234356
0.210852
0.030455
0.200867
0.401725
0.104098
0.187364
0.078602
0.267863
0.285998
0.170578
0.320152
0.126238
0.045806
0.152331
0.128434
0.082640
0.245257
0.284712
0.177522
0.246235
0.136758
0.046767
0.187124
0.107254
0.171422
0.291624
0.375461
0.046232
0.129129
0.234553
0.180173
0.192591
0.236100
0.213140
0.222787
0.152385
0.165386
0.072507
0.269077
0.115839
0.077334
0.106473
0.218403
0.200380
0.300678
0.262586
0.171630
0.274331
0.059626
0.038382
0.260519
0.278016
0.095220
0.577764
0.200978
0.112334
0.102376
0.162683
0.233566
0.079180
0.158645
0.084825
0.170394
0.245968
0.060881
0.073811
0.293496
0.106124
0.127045
0.050514
0.034674
0.103726
0.400299
0.242796
0.291238
0.146596
0.169199
0.113813
0.178686
0.175507
0.129952
0.192512
0.468717
0.157585
0.253387
0.245330
0.089720
0.185020
0.363212
0.443237
0.133040
0.190078
0.128876
0.157288
0.303751
0.348775
0.207504
0.072957
0.337274
0.600288
0.018834
0.156957
0.085776
0.266776
0.384254
0.228680
0.309735
0.203077
0.020415
0.200914
0.116189
0.052712
0.337975
0.242408
0.223893
0.251197
0.175111
0.104088
0.146140
0.188510
0.141454
0.380087
0.344657
0.210832
0.239577
0.150647
0.178056
0.340819
0.213311
0.241988
0.351496
0.191175
0.283863
0.088203
0.381793
0.058524
0.151371
0.130411
0.216261
0.214029
0.304756
0.195956
0.214041
0.443255
0.096693
0.047258
0.318056
0.297885
0.155801
0.790990
0.230660
0.142138
0.110436
0.235084
0.208142
0.100404
0.146294
0.105412
0.300896
0.247085
0.081205
0.041138
0.328904
0.167344
0.143124
0.011660
0.137599
0.061590
0.390435
0.312945
0.378082
0.055831
0.253655
0.103102
0.237159
0.156764
0.285799
0.272522
0.403834
0.148929
0.256662
0.267177
0.154431
0.181413
0.427594
0.588456
0.261582
0.229673
0.126358
0.050577
0.347923
0.472470
0.203966
0.064999
0.464585
0.711281
0.151228
0.212380
0.138675
0.317692
0.396614
0.229067
0.464472
0.270422
0.116114
0.315648
0.148388
0.081062
0.248692
0.236919
0.138705
0.203816
0.304431
0.186655
0.194604
0.301105
0.167980
0.441408
0.339553
0.306655
0.396897
0.188637
0.078624
0.315068
0.218041
0.125880
0.361208
0.166599
0.293707
0.161127
0.525322
0.083932
0.239422
0.189146
0.228382
0.336442
0.388006
0.264563
0.209453
0.472108
0.027600
0.196881
0.276195
0.298532
0.077248
0.768646
0.241384
0.085925
0.127062
0.307238
0.174684
0.045470
0.262312
0.152493
0.298661
0.219642
0.072240
0.099426
0.273963
0.204175
0.246084
0.049610
0.088338
0.160969
0.384956
0.369210
0.476365
0.142638
0.261036
0.255565
0.211453
0.184810
0.275909
0.330834
0.387750
0.106833
0.271607
0.179266
0.184293
0.012837
0.486470
0.518758
0.378039
0.179860
0.102551
0.048674
0.280710
0.515291
0.259044
0.043323
0.456958
0.656044
0.226859
0.307968
0.097014
0.410665
0.309692
0.320308
0.636564
0.322800
0.268263
0.338980
0.122605
0.127728
0.248310
0.171248
0.182383
0.234226
0.464057
0.204335
0.189262
0.344786
0.193586
0.466269
0.472386
0.226184
0.440646
0.069816
0.134996
0.245487
0.188318
0.031624
0.352000
0.128747
0.268528
0.189465
0.585340
0.135270
0.216638
0.167467
0.276699
0.486789
0.312799
0.357151
0.233194
0.403075
0.114566
0.374452
0.222984
0.289372
0.098696
0.603774
0.255276
0.174524
0.188652
0.225134
0.150402
0.062114
0.232180
0.145296
0.234607
0.145762
0.045248
0.249107
0.263356
0.219308
0.270715
0.095420
0.060565
0.237694
0.412201
0.336985
0.520222
0.119991
0.149493
0.386311
0.329087
0.174191
0.342356
0.426809
0.502974
0.142755
0.247411
0.119917
0.263572
0.173720
0.485423
0.398504
0.315703
0.158186
0.090266
0.155166
0.225985
0.386737
0.303963
0.216362
0.485896
0.523018
0.266989
0.309471
0.039417
0.414384
0.192926
0.428139
0.628482
0.406440
0.223682
0.296836
0.146065
0.195584
0.350746
0.128616
0.143149
0.347695
0.596570
0.167959
0.150823
0.268387
0.170465
0.323086
0.506926
0.182259
0.340242
0.016232
0.287300
0.278097
0.217121
0.042049
0.237057
0.199918
0.136299
0.243816
0.613240
0.104189
0.253058
0.201700
0.278637
0.594753
0.238959
0.308487
0.286015
0.321287
0.199636
0.448728
0.277301
0.339569
0.138109
0.523286
0.227813
0.215862
0.210184
0.119350
0.094783
0.013394
0.117845
0.132859
0.237296
0.101083
0.211036
0.231653
0.336699
0.321211
0.184217
0.105715
0.053136
0.142915
0.446022
0.365658
0.425207
0.095715
0.058512
0.422089
0.382145
0.133227
0.465112
0.538839
0.600736
0.151035
0.170019
0.124374
0.217112
0.277296
0.421076
0.368571
0.224460
0.061673
0.100297
0.240895
0.284825
0.263823
0.355341
0.282695
0.543850
0.465651
0.319370
0.229571
0.051458
0.315885
0.221295
0.429442
0.495104
0.373834
0.084768
0.385766
0.221785
0.299011
0.345358
0.174072
0.274806
0.327197
0.547111
0.065617
0.259662
0.183593
0.145609
0.111595
0.480890
0.171726
0.221006
0.060004
0.418721
0.351023
0.368268
0.110906
0.130520
0.189187
0.056999
0.253289
0.667619
0.124060
0.304471
0.249949
0.221823
0.566826
0.278884
0.284872
0.371288
0.175107
0.178897
0.380904
0.262752
0.315182
0.110882
0.583120
0.150078
0.331545
0.327524
0.124359
0.045423
0.026299
0.101164
0.186387
0.131283
0.055822
0.294503
0.060465
0.376762
0.396764
0.193477
0.110601
0.082845
0.151419
0.436684
0.461261
0.318244
0.155674
0.129577
0.291344
0.414510
0.217505
0.520202
0.537826
0.549544
0.097082
0.181025
0.117177
0.174645
0.318138
0.308177
0.522369
0.207893
0.148012
0.147132
0.278661
0.378626
0.242950
0.300360
0.246894
0.477057
0.502440
0.345515
0.236761
0.023963
0.225168
0.241553
0.333272
0.521403
0.176056
0.049999
0.375049
0.373124
0.239738
0.140623
0.146265
0.394754
0.223503
0.393649
0.141271
0.361912
0.152917
0.184079
0.200456
0.502118
0.105074
0.223612
0.171926
0.503209
0.355977
0.327989
0.179432
0.105422
0.086686
0.194426
0.288444
0.570397
0.218627
0.242255
0.254086
0.238599
0.504698
0.281231
0.384690
0.410095
0.179790
0.192338
0.260790
0.283799
0.257279
0.242533
0.585372
0.120096
0.435506
0.443826
0.220997
0.130934
0.078680
0.127511
0.203868
0.106306
0.032215
0.326881
0.239974
0.416763
0.344493
0.244606
0.101908
0.223088
0.227972
0.395170
0.514294
0.384934
0.290285
0.207685
0.191895
0.341300
0.245145
0.532282
0.349864
0.403907
0.175270
0.237727
0.241110
0.214592
0.334753
0.285124
0.651238
0.160704
0.189750
0.210862
0.199626
0.270447
0.275088
0.322395
0.311169
0.363910
0.510192
0.198221
0.415984
0.078496
0.237154
0.192723
0.250084
0.416375
0.165388
0.078812
0.256111
0.402790
0.090721
0.074736
0.139925
0.396845
0.274092
0.355892
0.242482
0.303716
0.179336
0.197775
0.220117
0.517852
0.044514
0.217011
0.220362
0.524830
0.237682
0.268227
0.142565
0.268138
0.171810
0.257485
0.300134
0.419242
0.221960
0.247568
0.228194
0.293704
0.451970
0.291691
0.392408
0.384080
0.188439
0.173053
0.247575
0.379334
0.274366
0.349139
0.425485
0.352061
0.479128
0.414619
0.309478
0.209632
0.169754
0.196464
0.224715
0.099554
0.130813
0.367833
0.277343
0.330505
0.266640
0.062586
0.027494
0.269673
0.295999
0.357610
0.438519
0.445456
0.387524
0.136672
0.198980
0.329103
0.231535
0.576236
0.245524
0.292454
0.319783
0.237085
0.257651
0.166015
0.415300
0.241413
0.553686
0.215294
0.210596
0.249888
0.156079
0.114890
0.299151
0.361976
0.373179
0.370519
0.415113
0.360967
0.502945
0.106239
0.127506
0.219858
0.273535
0.283414
0.228782
0.121524
0.189992
0.406164
0.185273
0.084394
0.160944
0.343559
0.466917
0.428157
0.171985
0.175233
0.249919
0.117195
0.176335
0.490995
0.228160
0.136020
0.300124
0.507484
0.139826
0.348721
0.102907
0.430216
0.400286
0.288919
0.259344
0.258842
0.217414
0.357655
0.237383
0.259648
0.421374
0.233360
0.195552
0.376169
0.249021
0.184670
0.227819
0.419874
0.324470
0.363461
0.202843
0.350047
0.424305
0.356085
0.299245
0.143479
0.165350
0.286249
0.196067
0.039148
0.163176
0.401118
0.366947
0.164583
0.232298
0.080934
0.059759
0.338146
0.386114
0.429209
0.344252
0.334288
0.430054
0.035091
0.269644
0.419809
0.248276
0.593591
0.273606
0.426319
0.366729
0.131492
0.222052
0.123602
0.477657
0.270972
0.367736
0.260587
0.258006
0.233672
0.144386
0.098860
0.258233
0.342040
0.341895
0.328304
0.296393
0.487270
0.366061
0.265411
0.020365
0.296383
0.181880
0.177152
0.300535
0.127314
0.294994
0.416281
0.267125
0.025501
0.284799
0.305787
0.433367
0.486267
0.158371
0.128824
0.304143
0.093044
0.217286
0.442132
0.362876
0.263486
0.373121
0.404343
0.077970
0.416695
0.170764
0.448654
0.388117
0.245802
0.114335
0.198340
0.321444
0.282105
0.193390
0.209165
0.314976
0.195761
0.053830
0.319406
0.348198
0.328364
0.184340
0.369188
0.275629
0.291140
0.084754
0.249153
0.323302
0.338575
0.309758
0.177135
0.182269
0.365916
0.149116
0.049243
0.121575
0.369696
0.475036
0.079010
0.222091
0.055020
0.161260
0.448624
0.450772
0.432546
0.377157
0.159787
0.390038
0.029742
0.264467
0.448734
0.303580
0.552931
0.289911
0.485884
0.422978
0.224839
0.218348
0.220154
0.475284
0.247805
0.315596
0.251553
0.216806
0.230794
0.296200
0.148802
0.303784
0.198594
0.334403
0.329660
0.305305
0.474454
0.250295
0.392070
0.069100
0.339570
0.132716
0.051050
0.277333
0.157463
0.403073
0.417459
0.253214
0.287484
0.380734
0.344334
0.346363
0.424652
0.192801
0.172010
0.340248
0.095027
0.248858
0.409185
0.362689
0.396145
0.368048
0.278044
0.156403
0.411900
0.199380
0.308475
0.345772
0.253679
0.027821
0.316878
0.372677
0.131967
0.205700
0.116283
0.191301
0.195157
0.061397
0.198851
0.379906
0.420034
0.231932
0.288331
0.155454
0.282155
0.037341
0.176849
0.296532
0.304888
0.332363
0.181195
0.217201
0.279052
0.097821
0.138382
0.097105
0.344142
0.420906
0.084558
0.151064
0.159357
0.340617
0.543936
0.445211
0.273833
0.376058
0.176997
0.299799
0.242159
0.317234
0.249054
0.443599
0.434173
0.169883
0.312981
0.405492
0.159249
0.247231
0.266952
0.424273
0.131478
0.240545
0.264574
0.181587
0.209426
0.410776
0.040240
0.284741
0.086728
0.409889
0.351880
0.367838
0.463979
0.301633
0.457821
0.067000
0.402832
0.174857
0.094315
0.311414
0.189648
0.588562
0.322701
0.138229
0.527771
0.465434
0.204610
0.300828
0.291910
0.213400
0.271217
0.382055
0.172548
0.238037
0.362931
0.286118
0.507704
0.214959
0.137500
0.251187
0.411488
0.194335
0.294498
0.323986
0.289990
0.042598
0.440281
0.355636
0.040329
0.200169
0.255806
0.199077
0.114009
0.088593
0.269181
0.252508
0.457572
0.321205
0.190031
0.153101
0.292951
0.124038
0.209941
0.376483
0.253739
0.300553
0.118418
0.197977
0.362315
0.153052
0.140798
0.226780
0.357962
0.266004
0.146244
0.187846
0.331192
0.356067
0.509916
0.436114
0.130835
0.265927
0.245407
0.218338
0.385553
0.346194
0.323640
0.650284
0.321077
0.092201
0.147968
0.349384
0.212859
0.249027
0.236146
0.396141
0.133037
0.100640
0.480005
0.267898
0.358799
0.420006
0.081733
0.298343
0.136407
0.474099
0.510161
0.244591
0.436207
0.285532
0.557986
0.110862
0.475858
0.240707
0.153020
0.395331
0.260302
0.761432
0.255396
0.171821
0.488904
0.490316
0.319799
0.188626
0.207797
0.123053
0.324419
0.430017
0.253042
0.284779
0.392692
0.337950
0.584267
0.224973
0.067600
0.259084
0.358280
0.298193
0.445705
0.415950
0.218365
0.180311
0.539137
0.303324
0.120940
0.214873
0.265491
0.353012
0.059176
0.110605
0.342022
0.314067
0.499440
0.373058
0.263508
0.288662
0.277105
0.143937
0.288898
0.388593
0.123325
0.240627
0.107818
0.317864
0.406586
0.125738
0.155469
0.391258
0.323511
0.227716
0.116251
0.112700
0.357527
0.321608
0.501595
0.407988
0.114508
0.157692
0.253425
0.242488
0.350740
0.391759
0.355967
0.734948
0.188360
0.092431
0.093551
0.288760
0.203399
0.324824
0.184642
0.387125
0.157445
0.091926
0.696720
0.364217
0.451177
0.382665
0.163294
0.231790
0.221206
0.375739
0.568978
0.220797
0.365462
0.275345
0.567869
0.092352
0.460441
0.185968
0.111113
0.354101
0.270114
0.778618
0.299682
0.183421
0.368006
0.536498
0.388278
0.182507
0.130988
0.075638
0.325606
0.403858
0.336044
0.348151
0.358977
0.451115
0.562448
0.374430
0.069030
0.167660
0.413014
0.486987
0.523468
0.331582
0.252024
0.268360
0.589644
0.315509
0.154649
0.262882
0.177867
0.391299
0.246915
0.168667
0.396041
0.390939
0.556402
0.432609
0.468158
0.360727
0.212680
0.105950
0.346259
0.382363
0.032032
0.216316
0.190597
0.459143
0.334201
0.021197
0.195226
0.495513
0.258767
0.274367
0.135256
0.172596
0.315458
0.378795
0.494598
0.354149
0.084122
0.199428
0.129830
0.336273
0.333264
0.259337
0.323790
0.714205
0.136978
0.015425
0.130578
0.336748
0.200559
0.373266
0.271279
0.351708
0.152846
0.161869
0.685721
0.356307
0.451415
0.297100
0.338967
0.266127
0.285130
0.380835
0.539524
0.260612
0.237601
0.314768
0.546932
0.116515
0.407522
0.107353
0.035915
0.259463
0.281044
0.691347
0.378013
0.214740
0.472401
0.525907
0.405733
0.311606
0.078116
0.090438
0.354577
0.300821
0.416034
0.470977
0.355762
0.458285
0.452596
0.404636
0.107672
0.164079
0.456929
0.469092
0.425259
0.233683
0.251281
0.382400
0.575749
0.366939
0.245084
0.251094
0.163255
0.466417
0.511189
0.272351
0.435615
0.367266
0.456923
0.450904
0.516203
0.185845
0.206140
0.101371
0.362835
0.333550
0.054011
0.301505
0.226564
0.492047
0.290531
0.045036
0.219270
0.592957
0.380684
0.226590
0.111832
0.203418
0.413601
0.487215
0.459511
0.392074
0.223419
0.149539
0.125679
0.288795
0.470103
0.161581
0.330384
0.793714
0.106487
0.071870
0.126960
0.384655
0.238767
0.408305
0.323689
0.266294
0.231816
0.219573
0.603263
0.293684
0.384758
0.263206
0.335299
0.209818
0.341191
0.495062
0.498435
0.228438
0.172496
0.345781
0.467035
0.274651
0.301395
0.121386
0.051958
0.187950
0.314070
0.559450
0.356312
0.192350
0.636102
0.405556
0.417142
0.313429
0.151384
0.131101
0.420321
0.265120
0.480311
0.596597
0.375614
0.338452
0.420201
0.266711
0.123974
0.183633
0.356689
0.259761
0.338001
0.247506
0.236200
0.441833
0.533577
0.434848
0.344967
0.171622
0.245997
0.578730
0.542195
0.200436
0.425979
0.347214
0.373414
0.371041
0.443112
0.136856
0.307112
0.077632
0.385857
0.335625
0.088532
0.326377
0.235615
0.452741
0.307927
0.090392
0.299149
0.646437
0.418074
0.069553
0.073930
0.187156
0.543454
0.559363
0.428092
0.411182
0.268168
0.116096
0.208866
0.256521
0.577779
0.075225
0.389076
0.865095
0.059440
0.073262
0.120190
0.352323
0.287641
0.385108
0.388675
0.265248
0.352794
0.226543
0.619201
0.259899
0.376481
0.395240
0.253902
0.236867
0.418113
0.567426
0.484854
0.231209
0.220763
0.354842
0.455995
0.386652
0.114765
0.145899
0.088629
0.159757
0.399120
0.471925
0.187661
0.339517
0.604111
0.261357
0.456497
0.263779
0.180341
0.171586
0.418022
0.115450
0.540943
0.622662
0.297561
0.301317
0.332270
0.165651
0.144825
0.119270
0.247929
0.164383
0.384635
0.281034
0.248047
0.420043
0.466913
0.468714
0.359243
0.118540
0.283875
0.495811
0.391552
0.262194
0.334015
0.278647
0.423219
0.309986
0.330511
0.157728
0.412537
0.054210
0.351040
0.358166
0.218985
0.256216
0.277761
0.461701
0.356282
0.035967
0.387019
0.569052
0.393895
0.016802
0.247918
0.143585
0.494128
0.549777
0.413654
0.301599
0.174541
0.144396
0.237661
0.206559
0.527016
0.065912
0.462297
0.719011
0.091216
0.088443
0.160945
0.287408
0.239749
0.363698
0.486253
0.324308
0.522667
0.224277
0.610295
0.263682
0.466034
0.429559
0.275184
0.319246
0.400367
0.451535
0.429536
0.136263
0.222162
0.325589
0.422294
0.401645
0.060383
0.228619
0.170366
0.310106
0.467563
0.291356
0.147168
0.515461
0.497392
0.181695
0.389819
0.301209
0.181000
0.271243
0.432990
0.060385
0.562253
0.527004
0.162302
0.359445
0.258884
0.218657
0.066039
0.078545
0.195462
0.132857
0.435207
0.356376
0.159025
0.379436
0.323349
0.458416
0.310170
0.163473
0.276415
0.270022
0.311305
0.283665
0.179432
0.222236
0.449831
0.319274
0.209672
0.200653
0.462822
0.110247
0.293282
0.395237
0.217306
0.091176
0.267852
0.575172
0.423197
0.121786
0.412265
0.486441
0.291158
0.139282
0.411203
0.111756
0.349021
0.487458
0.286439
0.104411
0.148612
0.039052
0.226376
0.122204
0.422380
0.065248
0.438230
0.358048
0.171616
0.278441
0.214181
0.264345
0.172961
0.305324
0.496296
0.400902
0.541346
0.317745
0.462466
0.197347
0.527903
0.476978
0.360231
0.351217
0.328274
0.434120
0.381761
0.149190
0.229599
0.314771
0.436361
0.442113
0.169256
0.292311
0.248969
0.328975
0.441446
0.105253
0.235857
0.546997
0.559544
0.187179
0.256257
0.459138
0.244307
0.428174
0.457591
0.103538
0.517697
0.455514
0.150012
0.411650
0.208693
0.262412
0.092656
0.106007
0.177890
0.092502
0.361932
0.305530
0.157493
0.486926
0.173706
0.358001
0.396888
0.113554
0.283232
0.184812
0.394580
0.327254
0.210480
0.171694
0.378861
0.298133
0.289295
0.219814
0.353401
0.126285
0.295837
0.261359
0.205037
0.059740
0.275911
0.645457
0.467653
0.355068
0.387316
0.445697
0.267015
0.147924
0.575006
0.173843
0.309765
0.400269
0.204389
0.020452
0.267711
0.071356
0.355547
0.147832
0.381596
0.106636
0.362135
0.151991
0.275482
0.366724
0.320492
0.289769
0.167166
0.148155
0.386806
0.286365
0.414354
0.319317
0.274721
0.091393
0.518765
0.289583
0.373933
0.356156
0.344260
0.525795
0.371568
0.276866
0.248551
0.335907
0.350185
0.433079
0.290348
0.318140
0.312675
0.362298
0.340552
0.070056
0.287349
0.449727
0.580778
0.210438
0.202648
0.569737
0.174545
0.529420
0.395803
0.241659
0.444613
0.426347
0.148606
0.390056
0.108169
0.231663
0.221743
0.266834
0.315109
0.085829
0.230138
0.348787
0.249493
0.672477
0.121336
0.259876
0.473788
0.064252
0.338460
0.232430
0.451140
0.404616
0.440308
0.155065
0.265629
0.320680
0.231625
0.126516
0.403917
0.178207
0.386292
0.092750
0.251636
0.219133
0.291568
0.590529
0.443688
0.419778
0.333039
0.375118
0.224281
0.106287
0.762280
0.331580
0.397363
0.300197
0.213677
0.018093
0.228165
0.169959
0.465817
0.185106
0.381484
0.191940
0.404867
0.149669
0.268315
0.446549
0.323233
0.313932
0.290740
0.170908
0.206718
0.073230
0.293463
0.310055
0.169266
0.115271
0.518483
0.156045
0.372977
0.434960
0.377178
0.494624
0.356069
0.358954
0.247526
0.369858
0.147118
0.393026
0.416381
0.352634
0.323237
0.376612
0.322790
0.118158
0.232759
0.371371
0.324808
0.253718
0.149277
0.579990
0.091257
0.586978
0.393080
0.356783
0.369441
0.315322
0.178715
0.405194
0.159373
0.196190
0.304994
0.459922
0.442921
0.074600
0.252926
0.395095
0.259757
0.604067
0.107934
0.246635
0.502942
0.130948
0.340722
0.285820
0.336874
0.501336
0.538497
0.225949
0.160936
0.236860
0.165438
0.128698
0.397686
0.208646
0.480146
0.052873
0.307493
0.235101
0.356363
0.458764
0.416735
0.386864
0.233104
0.204327
0.168262
0.151222
0.711260
0.404113
0.369771
0.210995
0.253722
0.021177
0.275203
0.308056
0.508222
0.245430
0.379115
0.187474
0.325423
0.138745
0.254488
0.530958
0.276249
0.350315
0.371649
0.093552
0.214793
0.179256
0.289562
0.279492
0.085078
0.214473
0.455025
0.216418
0.423995
0.486862
0.307863
0.324317
0.261292
0.355690
0.204508
0.329483
0.133652
0.353968
0.451627
0.402170
0.364609
0.352855
0.381188
0.148597
0.200000
0.399137
0.085728
0.202027
0.140594
0.588976
0.178502
0.591915
0.411607
0.442454
0.312306
0.191730
0.296656
0.447566
0.226793
0.337471
0.416544
0.469493
0.565133
0.112011
0.352594
0.404532
0.210973
0.332158
0.122062
0.229574
0.502578
0.299565
0.328513
0.347432
0.299475
0.533508
0.513710
0.205237
0.106413
0.261787
0.223990
0.265476
0.419132
0.286649
0.484016
0.109285
0.237333
0.307814
0.362876
0.327016
0.437190
0.388031
0.174835
0.045294
0.205295
0.383209
0.596606
0.377850
0.229281
0.114989
0.213330
0.124356
0.347535
0.351872
0.503215
0.290800
0.286207
0.208286
0.283388
0.236069
0.271966
0.499901
0.203916
0.263667
0.332611
0.190301
0.301106
0.264630
0.348094
0.338643
0.077982
0.316935
0.263517
0.108853
0.448312
0.425684
0.196071
0.138545
0.233540
0.371649
0.243170
0.262092
0.067102
0.350671
0.362370
0.392827
0.422695
0.258881
0.392954
0.051166
0.285895
0.419833
0.059390
0.117160
0.171987
0.609551
0.296031
0.548427
0.303724
0.388289
0.221502
0.200188
0.505706
0.402899
0.241566
0.421489
0.473855
0.409009
0.587550
0.167238
0.312264
0.297617
0.143683
0.134596
0.052079
0.219842
0.438458
0.423272
0.334148
0.237830
0.488840
0.435832
0.501019
0.122621
0.112897
0.262101
0.363268
0.378609
0.397280
0.450979
0.318185
0.161462
0.159135
0.379964
0.337699
0.160856
0.490412
0.475201
0.244237
0.126723
0.220281
0.379834
0.545521
0.352078
0.185755
0.150195
0.068901
0.113805
0.313667
0.255837
0.479507
0.293542
0.332278
0.250185
0.254916
0.201323
0.285324
0.351891
0.311632
0.202159
0.328839
0.245065
0.280411
0.316900
0.283195
0.336035
0.046175
0.398768
0.075089
0.037271
0.439722
0.376764
0.159410
0.133303
0.281636
0.410117
0.289072
0.175832
0.077225
0.308067
0.448531
0.381226
0.468529
0.222385
0.366093
0.038709
0.279473
0.345912
0.070021
0.169279
0.177216
0.489632
0.295338
0.458419
0.136649
0.333055
0.070812
0.276271
0.566482
0.392760
0.214698
0.359451
0.468682
0.421842
0.391243
0.222847
0.106556
0.186907
0.151544
0.160504
0.122505
0.161761
0.327535
0.470558
0.386781
0.194113
0.675398
0.339005
0.515003
0.200063
0.175546
0.229570
0.398733
0.457996
0.335554
0.712067
0.173878
0.103908
0.245138
0.443383
0.371601
0.013415
0.490622
0.639755
0.346159
0.117923
0.238830
0.343694
0.541766
0.372365
0.273571
0.189218
0.127656
0.175800
0.311574
0.216852
0.423954
0.260326
0.334102
0.292126
0.188029
0.170377
0.264616
0.168048
0.316865
0.147540
0.403392
0.172980
0.203543
0.320357
0.184733
0.323867
0.054073
0.411875
0.087911
0.113527
0.394481
0.379484
0.121754
0.126805
0.341842
0.458615
0.257597
0.223846
0.110049
0.314665
0.371311
0.327758
0.427160
0.226084
0.369402
0.158474
0.138266
0.207390
0.076717
0.164265
0.207344
0.357165
0.418345
0.332498
0.147318
0.321840
0.101951
0.223903
0.471541
0.371430
0.181155
0.231036
0.470056
0.500561
0.162263
0.257633
0.063510
0.192835
0.139924
0.285567
0.140927
0.096988
0.245060
0.565346
0.353094
0.289290
0.606256
0.293371
0.380093
0.358547
0.166559
0.208111
0.408220
0.460569
0.078308
0.913620
0.059921
0.201525
0.391905
0.521670
0.504769
0.152586
0.402402
0.623385
0.347872
0.070487
0.329318
0.480851
0.508016
0.415238
0.278528
0.202445
0.117323
0.299393
0.301494
0.328608
0.356416
0.302971
0.391479
0.269382
0.211950
0.073094
0.273379
0.113432
0.232444
0.175064
0.471145
0.114512
0.260442
0.273410
0.066062
0.326624
0.104441
0.452201
0.163135
0.177636
0.338093
0.448725
0.213462
0.095677
0.283306
0.355491
0.208447
0.155364
0.091120
0.333728
0.383133
0.338238
0.373204
0.270795
0.387208
0.395615
0.054691
0.265528
0.016597
0.156526
0.231420
0.297708
0.435822
0.291194
0.300533
0.357903
0.096909
0.184533
0.438876
0.324859
0.111699
0.175952
0.344667
0.489630
0.120142
0.364062
0.066105
0.302437
0.156469
0.248493
0.090602
0.072513
0.360628
0.596851
0.350447
0.306332
0.379456
0.252358
0.161587
0.382508
0.216366
0.152295
0.472809
0.511565
0.064795
1.014434
0.087501
0.231454
0.475746
0.553169
0.451712
0.208139
0.328221
0.509602
0.323737
0.051058
0.366802
0.637955
0.449123
0.463200
0.215878
0.211705
0.191797
0.254932
0.289874
0.432195
0.205210
0.249852
0.451880
0.436895
0.160875
0.029965
0.251947
0.165310
0.097833
0.239330
0.489787
0.105823
0.365851
0.259030
0.057525
0.309167
0.151156
0.526853
0.263710
0.365182
0.307415
0.399475
0.231476
0.114360
0.178747
0.180086
0.276733
0.148820
0.068097
0.266992
0.393386
0.287496
0.428371
0.245093
0.434057
0.486265
0.068102
0.198002
0.192984
0.279856
0.229255
0.215035
0.416269
0.280281
0.329404
0.462092
0.084317
0.208847
0.496108
0.174020
0.254432
0.209907
0.379564
0.466250
0.208209
0.531099
0.039375
0.338579
0.248395
0.188417
0.150007
0.017238
0.492507
0.520789
0.295006
0.394759
0.267953
0.132397
0.097917
0.313277
0.287492
0.105975
0.561915
0.495485
0.058277
1.012240
0.191669
0.224295
0.439403
0.509755
0.380981
0.256405
0.304011
0.460831
0.333144
0.084625
0.315970
0.590315
0.353382
0.512018
0.162315
0.218397
0.246454
0.223718
0.265520
0.415593
0.044171
0.260185
0.474668
0.527716
0.112930
0.081868
0.183058
0.160919
0.155260
0.170309
0.420419
0.205580
0.358452
0.350223
0.077137
0.269633
0.227850
0.540080
0.235037
0.515169
0.340244
0.273081
0.167602
0.081267
0.049371
0.278067
0.318491
0.193326
0.086760
0.109069
0.369958
0.229695
0.440457
0.226011
0.425186
0.410483
0.151561
0.114101
0.231522
0.336130
0.174763
0.169076
0.438736
0.304552
0.279766
0.436086
0.116236
0.149210
0.518699
0.203418
0.323289
0.259483
0.524668
0.415547
0.230570
0.578435
0.147735
0.233901
0.280660
0.070608
0.188789
0.082079
0.383004
0.312100
0.336059
0.374222
0.306041
0.215167
0.159050
0.342336
0.230794
0.136283
0.557407
0.470405
0.143773
1.023058
0.237058
0.235488
0.443096
0.363751
0.403218
0.264426
0.173746
0.485509
0.365391
0.213824
0.255600
0.493936
0.186965
0.560249
0.246306
0.257435
0.207879
0.245765
0.398519
0.370127
0.113100
0.194206
0.315366
0.543116
0.140180
0.082350
0.253809
0.053568
0.117212
0.104245
0.319991
0.231410
0.175145
0.359297
0.030125
0.256779
0.226685
0.409635
0.392447
0.534943
0.361387
0.133724
0.226125
0.027631
0.046061
0.225235
0.307501
0.138483
0.177786
0.149624
0.322002
0.217518
0.323274
0.175105
0.384370
0.280825
0.226992
0.023896
0.162745
0.292400
0.159624
0.139233
0.408306
0.296323
0.244260
0.351647
0.046937
0.252983
0.446232
0.153048
0.287622
0.233344
0.572037
0.417715
0.202215
0.469214
0.189323
0.126689
0.241196
0.078740
0.113670
0.217577
0.277323
0.240817
0.291637
0.297731
0.239399
0.176307
0.210723
0.390108
0.128150
0.445172
0.477827
0.357024
0.280044
0.895326
0.207525
0.123076
0.527629
0.234811
0.316345
0.211073
0.053138
0.443402
0.329639
0.315897
0.306156
0.564959
0.233748
0.420638
0.273881
0.178777
0.086042
0.255718
0.480473
0.322829
0.177774
0.073598
0.249158
0.454067
0.200142
0.094892
0.272756
0.116212
0.198910
0.146693
0.229335
0.258937
0.120495
0.246585
0.065246
0.277176
0.240569
0.286220
0.451566
0.525231
0.291748
0.030216
0.258681
0.080979
0.098915
0.177495
0.235551
0.084417
0.193923
0.347901
0.263183
0.245789
0.238351
0.065950
0.350679
0.219282
0.205755
0.101849
0.169687
0.238470
0.146759
0.141345
0.339169
0.293399
0.317536
0.265931
0.117284
0.234634
0.480793
0.067887
0.240935
0.221454
0.436547
0.332747
0.166627
0.296268
0.147859
0.142928
0.218757
0.142074
0.181156
0.302508
0.279522
0.323234
0.165374
0.218606
0.200576
0.204886
0.208674
0.374163
0.073957
0.573571
0.506185
0.295338
0.363022
0.792543
0.140425
0.159510
0.530312
0.215000
0.252541
0.175430
0.131729
0.246344
0.276802
0.324902
0.325444
0.590328
0.256138
0.256505
0.245064
0.131751
0.031345
0.167230
0.347958
0.314429
0.164329
0.103972
0.217755
0.229745
0.229168
0.183353
0.221613
0.156179
0.312392
0.254182
0.201642
0.301603
0.236159
0.129826
0.060261
0.201372
0.325346
0.272280
0.492050
0.477885
0.171682
0.157423
0.184830
0.041346
0.047534
0.110818
0.202116
0.118562
0.141824
0.288178
0.167610
0.322507
0.275258
0.025249
0.372338
0.192279
0.129070
0.166012
0.186070
0.276005
0.242629
0.180377
0.278617
0.507138
0.436190
0.229529
0.221641
0.150475
0.510547
0.101468
0.162455
0.235348
0.322506
0.326763
0.169842
0.221348
0.094661
0.188327
0.270026
0.147305
0.191534
0.226708
0.309095
0.413476
0.100539
0.243029
0.172877
0.316955
0.272081
0.313765
0.059138
0.552219
0.501159
0.212800
0.333622
0.693004
0.204306
0.222854
0.386638
0.239556
0.270907
0.222413
0.355106
0.188325
0.254761
0.307818
0.285051
0.444904
0.125710
0.141975
0.190804
0.136089
0.114071
0.179066
0.114627
0.257149
0.119452
0.084770
0.161989
0.161044
0.374818
0.262468
0.205981
0.239967
0.417842
0.279568
0.151144
0.362876
0.271708
0.101812
0.191781
0.085882
0.420978
0.263263
0.458441
0.370537
0.064795
0.252110
0.240765
0.083944
0.100860
0.134192
0.181082
0.183916
0.114973
0.194240
0.088121
0.350765
0.284808
0.078834
0.289597
0.111386
0.186343
0.173329
0.259161
0.206553
0.259777
0.256075
0.217232
0.552696
0.429365
0.216232
0.314009
0.101203
0.434466
0.259734
0.091618
0.240944
0.304661
0.240987
0.092347
0.217911
0.061380
0.124087
0.307017
0.224165
0.274816
0.180232
0.263933
0.328351
0.265997
0.242596
0.142805
0.279429
0.309997
0.253037
0.062833
0.457038
0.481722
0.302711
0.398268
0.457336
0.289290
0.222945
0.223445
0.178373
0.253135
0.178326
0.476512
0.159124
0.190801
0.328103
0.243895
0.225887
0.099785
0.111013
0.140066
0.101503
0.188032
0.278874
0.131234
0.242848
0.115363
0.066396
0.182237
0.169654
0.412862
0.252791
0.299024
0.230034
0.349353
0.219194
0.042072
0.329860
0.297653
0.061539
0.154137
0.117283
0.520321
0.110132
0.479705
0.313749
0.171518
0.259750
0.341225
0.138264
0.110336
0.310006
0.207348
0.221402
0.201729
0.169243
0.036338
0.231228
0.140722
0.288376
0.205831
0.101746
0.189709
0.255267
0.292285
0.072034
0.228994
0.327318
0.273499
0.547085
0.342229
0.156590
0.244232
0.061685
0.365192
0.422067
0.162268
0.187229
0.270413
0.298138
0.085118
0.210842
0.123706
0.077582
0.281941
0.261179
0.349692
0.267946
0.166056
0.109119
0.318035
0.205751
0.129491
0.132477
0.264798
0.211126
0.151871
0.299350
0.282987
0.321303
0.502571
0.077575
0.341120
0.153380
0.166970
0.112987
0.165229
0.220115
0.466798
0.207402
0.153989
0.389113
0.218842
0.160637
0.222002
0.055904
0.112057
0.045024
0.312101
0.241416
0.188670
0.210845
0.146870
0.105473
0.037144
0.087269
0.378405
0.191029
0.272906
0.243928
0.230569
0.207982
0.103031
0.285760
0.242101
0.123796
0.168551
0.149658
0.477823
0.056982
0.390921
0.338855
0.279592
0.248016
0.333561
0.073881
0.127412
0.310400
0.191567
0.258836
0.325009
0.046779
0.025859
0.044700
0.033328
0.377779
0.297228
0.111263
0.075534
0.324547
0.352842
0.024735
0.205988
0.238473
0.305168
0.569263
0.313180
0.067394
0.178120
0.110788
0.285401
0.512833
0.313122
0.206389
0.324795
0.188071
0.114070
0.161122
0.251340
0.062609
0.197602
0.221230
0.334907
0.350473
0.029694
0.158519
0.279342
0.129446
0.139822
0.146360
0.213356
0.158880
0.229181
0.204072
0.103013
0.347191
0.572972
0.221119
0.399054
0.111479
0.156759
0.070617
0.181437
0.381530
0.386170
0.081659
0.086166
0.390769
0.225966
0.177923
0.310547
0.081775
0.202586
0.081534
0.413390
0.159708
0.170891
0.105964
0.122028
0.038110
0.092463
0.140772
0.381638
0.143583
0.192370
0.385484
0.187554
0.188502
0.181477
0.267235
0.255692
0.168663
0.246324
0.258486
0.346834
0.079570
0.446049
0.205549
0.182815
0.315082
0.251301
0.143384
0.145862
0.293473
0.078526
0.202852
0.292275
0.147444
0.131749
0.061166
0.163985
0.279073
0.386315
0.100926
0.174024
0.298605
0.321200
0.039042
0.153785
0.240367
0.338102
0.545125
0.315338
0.169496
0.151090
0.145711
0.134464
0.560009
0.344443
0.275688
0.492904
0.067577
0.102598
0.091179
0.315810
0.044098
0.300223
0.267575
0.383655
0.288653
0.075647
0.165343
0.259178
0.131793
0.229041
0.122512
0.221344
0.064445
0.221632
0.179002
0.107790
0.382831
0.488374
0.277662
0.414422
0.183952
0.040026
0.007280
0.241614
0.484108
0.352735
0.161081
0.084568
0.275339
0.214975
0.143926
0.307946
0.135144
0.162563
0.111658
0.481588
0.079293
0.282020
0.119267
0.196097
0.053397
0.150716
0.177317
0.453217
0.161090
0.323628
0.425849
0.164622
0.221988
0.210220
0.129205
0.217589
0.106920
0.279602
0.280554
0.248295
0.065498
0.397735
0.193864
0.094452
0.384925
0.279153
0.183320
0.156034
0.200978
0.115605
0.224942
0.144111
0.130560
0.224229
0.143756
0.218176
0.207311
0.380090
0.137023
0.266015
0.216229
0.190593
0.111961
0.123091
0.264006
0.443187
0.390391
0.171971
0.207608
0.166792
0.161593
0.038227
0.634966
0.266950
0.296519
0.512667
0.147451
0.136320
0.308767
0.351040
0.146313
0.329255
0.287617
0.515596
0.157491
0.086815
0.043435
0.211327
0.047654
0.182886
0.127383
0.092290
0.042911
0.228573
0.193059
0.148528
0.262783
0.336151
0.341673
0.335956
0.150506
0.108678
0.064772
0.307993
0.437361
0.356758
0.217740
0.133159
0.114225
0.239477
0.118586
0.179405
0.135272
0.146482
0.160474
0.446617
0.077569
0.179601
0.172170
0.108963
0.063953
0.244587
0.164302
0.414404
0.083250
0.300941
0.279774
0.168634
0.213460
0.278562
0.075012
0.101548
0.042325
0.230685
0.277576
0.291597
0.053554
0.330140
0.271788
0.050465
0.379973
0.159224
0.161843
0.194521
0.207591
0.152267
0.280114
0.196628
0.059996
0.223799
0.182304
0.121119
0.285604
0.268712
0.177211
0.235271
0.165352
0.195584
0.184323
0.206564
0.174936
0.423149
0.350238
0.128182
0.364480
0.149375
0.152881
0.182179
0.592145
0.214268
0.205225
0.398193
0.214822
0.131426
0.551226
0.193100
0.132108
0.283732
0.353982
0.479421
0.131054
0.084520
0.034246
0.074379
0.039256
0.016905
0.153501
0.013340
0.030751
0.272681
0.197274
0.205195
0.102423
0.331740
0.470541
0.217834
0.103457
0.119593
0.128548
0.265164
0.335377
0.333831
0.231706
0.139339
0.030043
0.192114
0.023078
0.098830
0.096571
0.164783
0.130128
0.435314
0.192336
0.105366
0.153937
0.157766
0.037841
0.409937
0.177154
0.296354
0.033793
0.124881
0.339934
0.185023
0.171622
0.374512
0.193273
0.092853
0.050004
0.146267
0.235199
0.254749
0.193353
0.225497
0.228892
0.178669
0.277299
0.077299
0.107071
0.158303
0.198927
0.142661
0.218965
0.363590
0.138622
0.251889
0.089222
0.103764
0.249651
0.335323
0.252722
0.200126
0.147517
0.293790
0.192532
0.230310
0.229003
0.235125
0.384299
0.275735
0.453106
0.112873
0.182834
0.150737
0.460391
0.238041
0.122503
0.317860
0.306010
0.200656
0.593443
0.131852
0.053918
0.361634
0.341527
0.260504
0.147492
0.064174
0.038703
0.103595
0.053855
0.142534
0.126182
0.048105
0.082375
0.251789
0.132882
0.283798
0.068679
0.320761
0.487300
0.135363
0.074451
0.028081
0.137286
0.299794
0.295352
0.208944
0.297905
0.099339
0.044655
0.188732
0.034285
0.096097
0.164300
0.146403
0.186287
0.334554
0.220991
0.117179
0.192669
0.139917
0.083705
0.485735
0.260543
0.298658
0.032080
0.049660
0.297204
0.101893
0.127890
0.350394
0.229257
0.157247
0.080613
0.111367
0.223922
0.155100
0.250183
0.176555
0.228465
0.234346
0.126805
0.057228
0.150651
0.116185
0.088202
0.109468
0.174748
0.402161
0.166220
0.305359
0.101835
0.170550
0.186229
0.281680
0.279977
0.188510
0.108048
0.362210
0.220115
0.156004
0.315397
0.184340
0.346235
0.319403
0.430075
0.064846
0.147073
0.098796
0.396922
0.116013
0.065750
0.298431
0.219345
0.229346
0.523012
0.170244
0.096872
0.510221
0.169223
0.081197
0.108625
0.137140
0.029447
0.078316
0.048824
0.168352
0.118192
0.146374
0.176533
0.164419
0.038428
0.307851
0.094915
0.290486
0.361447
0.067778
0.158142
0.099745
0.181241
0.222581
0.266361
0.129286
0.359091
0.047585
0.024063
0.230520
0.112939
0.189185
0.191354
0.139380
0.306029
0.257807
0.204839
0.175881
0.170549
0.141422
0.159660
0.437723
0.149129
0.293215
0.106881
0.057154
0.226999
0.057811
0.067848
0.222565
0.246074
0.246630
0.146209
0.106582
0.146315
0.127387
0.238545
0.255593
0.203054
0.192983
0.067211
0.046664
0.181761
0.162368
0.083246
0.131818
0.173697
0.296039
0.055796
0.317516
0.144155
0.181295
0.278390
0.169199
0.339489
0.156668
0.139854
0.303357
0.221544
0.068752
0.391609
0.228757
0.314414
0.288739
0.440426
0.139515
0.156050
0.062091
0.260895
0.189420
0.063526
0.229781
0.076980
0.119814
0.448807
0.286190
0.117203
0.444418
0.042505
0.008500
0.089965
0.087292
0.048409
0.070162
0.069305
0.117717
0.228438
0.072060
0.165964
0.108769
0.041344
0.242921
0.040151
0.243230
0.225581
0.121972
0.119851
0.129818
0.169381
0.190592
0.204832
0.089202
0.256501
0.062475
0.215683
0.282816
0.214058
0.387053
0.138058
0.182234
0.271890
0.188511
0.241264
0.177392
0.147288
0.175439
0.182109
0.397962
0.168381
0.299598
0.168284
0.062484
0.168367
0.205918
0.123115
0.162669
0.212305
0.301287
0.164538
0.087302
0.115772
0.172827
0.164932
0.303605
0.079777
0.082975
0.067088
0.143266
0.123950
0.199346
0.043465
0.064499
0.145660
0.173665
0.047971
0.219067
0.185073
0.130668
0.166046
0.210336
0.225961
0.078585
0.218193
0.216196
0.038589
0.055079
0.425790
0.165286
0.312957
0.434833
0.522435
0.097321
0.092552
0.062797
0.321039
0.245190
0.118875
0.159741
0.061778
0.096731
0.277901
0.335175
0.120176
0.227598
0.066251
0.087189
0.074837
0.113560
0.135652
0.080601
0.058844
0.159017
0.122412
0.040830
0.221955
0.138799
0.168277
0.293138
0.056912
0.265285
0.185257
0.329230
0.089213
0.154805
0.038594
0.198525
0.316690
0.290870
0.167426
0.099268
0.260759
0.303742
0.286958
0.473972
0.179148
0.015411
0.135609
0.116211
0.206651
0.140464
0.224169
0.191521
0.136260
0.394049
0.235981
0.341939
0.212663
0.120846
0.315055
0.150077
0.270373
0.153012
0.155482
0.420354
0.181180
0.013952
0.169831
0.230017
0.147191
0.322295
0.123234
0.077005
0.127029
0.219877
0.064922
0.277380
0.055689
0.095092
0.215059
0.088551
0.038389
0.074885
0.288680
0.132898
0.118288
0.102638
0.041656
0.094259
0.246196
0.220364
0.090846
0.029429
0.350877
0.219188
0.173884
0.550747
0.431280
0.100409
0.162408
0.115556
0.298392
0.237272
0.106285
0.207020
0.056310
0.107893
0.258050
0.264967
0.095767
0.159581
0.016410
0.157877
0.129507
0.096204
0.276789
0.108667
0.142005
0.097805
0.054072
0.127856
0.254503
0.178483
0.290315
0.266785
0.053575
0.382625
0.104142
0.370768
0.206360
0.210651
0.125352
0.181671
0.361095
0.240939
0.204610
0.154622
0.115893
0.272851
0.298569
0.419013
0.184936
0.138138
0.063585
0.173739
0.081858
0.137897
0.248684
0.115040
0.109622
0.342029
0.277091
0.335947
0.210505
0.132062
0.344965
0.078176
0.336578
0.047305
0.194119
0.406040
0.117358
0.079926
0.254636
0.225285
0.186904
0.285792
0.130650
0.088776
0.249433
0.238101
0.134821
0.348649
0.103129
0.210087
0.169632
0.028542
0.068698
0.027086
0.196356
0.185363
0.182248
0.090057
0.156706
0.060879
0.205208
0.188074
0.200902
0.023965
0.225371
0.175696
0.104139
0.430790
0.195964
0.157481
0.209703
0.271894
0.170508
0.289547
0.126079
0.148036
0.106559
0.164908
0.281067
0.168756
0.126148
0.150495
0.071991
0.313857
0.237161
0.129957
0.337296
0.081634
0.241938
0.095697
0.044502
0.157158
0.194236
0.176047
0.199168
0.204991
0.055008
0.428912
0.182607
0.261037
0.192489
0.228498
0.141277
0.142730
0.243068
0.080580
0.190198
0.254888
0.062637
0.210270
0.269587
0.345082
0.168146
0.150213
0.143858
0.323606
0.157768
0.060182
0.283427
0.044640
0.095888
0.206290
0.206224
0.185653
0.159981
0.154806
0.202138
0.053557
0.176433
0.117954
0.263943
0.340750
0.121105
0.194719
0.207464
0.163208
0.293425
0.387897
0.129214
0.203940
0.286346
0.211831
0.278529
0.359725
0.136255
0.275832
0.097219
0.208105
0.088373
0.068848
0.165987
0.190521
0.296565
0.167052
0.299311
0.123807
0.185983
0.095238
0.234879
0.099767
0.242357
0.202321
0.205831
0.299770
0.199179
0.066687
0.181426
0.221147
0.121922
0.357230
0.193014
0.248296
0.201250
0.188347
0.312496
0.144230
0.080459
0.189983
0.172354
0.346927
0.268369
0.175528
0.322789
0.062970
0.229703
0.213106
0.178132
0.016823
0.176521
0.229497
0.229661
0.178262
0.031961
0.403695
0.205744
0.348343
0.261050
0.284749
0.172453
0.122853
0.059238
0.071762
0.135217
0.315196
0.192787
0.173954
0.208911
0.301634
0.100670
0.089288
0.200340
0.375607
0.188888
0.140278
0.256799
0.071218
0.120148
0.263975
0.116619
0.190229
0.176185
0.216183
0.099253
0.099562
0.105157
0.246393
0.229556
0.283388
0.098865
0.149744
0.143212
0.129655
0.229609
0.390348
0.067885
0.277044
0.301920
0.163173
0.256551
0.283018
0.144927
0.200048
0.122614
0.242156
0.074115
0.123415
0.211138
0.140049
0.302079
0.260695
0.363406
0.105992
0.204345
0.241329
0.224616
0.171233
0.275358
0.274473
0.262374
0.290762
0.165039
0.174898
0.216444
0.063466
0.333615
0.372051
0.282418
0.284979
0.134413
0.128239
0.362272
0.212478
0.038190
0.307608
0.309061
0.295852
0.265636
0.229048
0.307173
0.069659
0.214146
0.314451
0.112398
0.043718
0.144983
0.256497
0.251820
0.277126
0.121411
0.330261
0.259598
0.394069
0.285325
0.301133
0.243020
0.238517
0.218446
0.072349
0.018966
0.324975
0.317319
0.134679
0.210886
0.300828
0.170934
0.124552
0.303285
0.424320
0.156869
0.221209
0.105524
0.071352
0.134485
0.304232
0.136933
0.213113
0.183933
0.278168
0.108256
0.133352
0.112895
0.340175
0.265365
0.249557
0.106905
0.135577
0.102752
0.183408
0.200461
0.397417
0.150159
0.243163
0.296209
0.143693
0.185498
0.148683
0.177427
0.225720
0.076894
0.233975
0.137227
0.296934
0.199350
0.170494
0.308765
0.246753
0.468296
0.116437
0.273828
0.313414
0.163290
0.295950
0.309570
0.199831
0.289273
0.229048
0.179849
0.148127
0.122443
0.071321
0.302715
0.338450
0.247451
0.155252
0.164026
0.051458
0.253430
0.150958
0.136143
0.417728
0.379522
0.349157
0.341876
0.320005
0.268083
0.079782
0.255480
0.374660
0.126055
0.050849
0.086831
0.216225
0.302119
0.235356
0.213174
0.395647
0.206624
0.356680
0.303478
0.209751
0.216947
0.278076
0.250207
0.066961
0.138560
0.408707
0.299952
0.076736
0.258535
0.277056
0.181412
0.211152
0.256605
0.523972
0.207209
0.167847
0.089771
0.083408
0.117872
0.382132
0.205036
0.293761
0.170287
0.259958
0.168186
0.185888
0.219761
0.362594
0.237041
0.195222
0.025820
0.144200
0.018538
0.229466
0.211112
0.473764
0.219916
0.165523
0.320096
0.030863
0.208379
0.195900
0.138672
0.219106
0.165703
0.249906
0.185923
0.352541
0.270224
0.175566
0.347565
0.268029
0.540889
0.084041
0.209392
0.325515
0.157438
0.375645
0.286945
0.118508
0.392919
0.161816
0.402288
0.180213
0.098694
0.191726
0.272471
0.371627
0.168515
0.127292
0.226566
0.017843
0.190600
0.141808
0.203256
0.489245
0.404906
0.391049
0.359518
0.351424
0.204801
0.083933
0.282800
0.299512
0.120627
0.151433
0.063216
0.122227
0.338082
0.059321
0.263749
0.358736
0.057213
0.309828
0.193020
0.126208
0.203718
0.246717
0.272670
0.139870
0.229069
0.458988
0.251739
0.092062
0.265817
0.242141
0.201263
0.257738
0.272776
0.519858
0.257571
0.097327
0.249980
0.201967
0.082499
0.404556
0.288792
0.382067
0.195485
0.338584
0.202093
0.187873
0.299796
0.356529
0.162849
0.101286
0.055332
0.161879
0.152695
0.210472
0.136324
0.465607
0.160093
0.247095
0.293656
0.147856
0.158694
0.274158
0.152612
0.183455
0.382131
0.336384
0.233349
0.197906
0.402233
0.140748
0.294167
0.198997
0.521930
0.036393
0.105844
0.308505
0.206104
0.295062
0.277019
0.290824
0.471711
0.258002
0.511836
0.225892
0.174286
0.212063
0.370717
0.397217
0.172781
0.212715
0.209976
0.046490
0.171809
0.340510
0.306401
0.520336
0.355446
0.323069
0.296821
0.265720
0.199257
0.066417
0.168613
0.109371
0.167952
0.298861
0.075459
0.133890
0.252256
0.169844
0.262900
0.332449
0.042437
0.257125
0.196646
0.156073
0.220061
0.258667
0.311299
0.230767
0.213028
0.361165
0.248657
0.218289
0.230709
0.202798
0.230411
0.301358
0.298977
0.458544
0.210790
0.092135
0.272189
0.204773
0.088276
0.353001
0.263148
0.367546
0.324253
0.398304
0.288264
0.062455
0.385161
0.268678
0.189091
0.137517
0.166882
0.151211
0.275295
0.200942
0.066852
0.330899
0.173678
0.291780
0.329334
0.286388
0.094502
0.248880
0.184735
0.173694
0.373926
0.366045
0.220430
0.161397
0.412659
0.120952
0.159938
0.118200
0.362355
0.097117
0.120916
0.362126
0.226963
0.247845
0.235443
0.400081
0.364859
0.358805
0.390501
0.109084
0.150468
0.242453
0.442644
0.296111
0.245492
0.191596
0.163018
0.165298
0.220150
0.374039
0.406958
0.532445
0.273601
0.199939
0.222286
0.188741
0.194861
0.114649
0.097451
0.224715
0.210546
0.230521
0.139532
0.150859
0.220682
0.354823
0.220819
0.314201
0.112095
0.224446
0.192121
0.185747
0.245948
0.280194
0.374384
0.190732
0.088807
0.197633
0.179153
0.263711
0.243353
0.142632
0.147771
0.438742
0.341130
0.367276
0.196309
0.045603
0.239034
0.167519
0.183900
0.367904
0.155402
0.177143
0.281926
0.299788
0.342989
0.052050
0.355463
0.155763
0.269075
0.259104
0.123543
0.165587
0.455528
0.298320
0.111872
0.305596
0.173454
0.257138
0.178723
0.330432
0.288129
0.224688
0.267137
0.289436
0.269165
0.339416
0.169545
0.090182
0.345120
0.140832
0.177595
0.180617
0.340481
0.227586
0.198635
0.341999
0.167645
0.367575
0.184178
0.340694
0.309882
0.361896
0.496889
0.222733
0.158495
0.263946
0.440659
0.209172
0.257534
0.175090
0.120428
0.203755
0.145418
0.333788
0.359373
0.528695
0.181580
0.226533
0.224929
0.240273
0.114379
0.083008
0.072837
0.361136
0.206968
0.230589
0.154528
0.168007
0.174260
0.408596
0.268973
0.169423
0.160892
0.211123
0.216817
0.221264
0.328265
0.325504
0.369520
0.118759
0.062518
0.217311
0.217318
0.214957
0.383533
0.036592
0.085195
0.524570
0.348843
0.385552
0.308062
0.054204
0.235721
0.256385
0.133003
0.437541
0.065764
0.084517
0.236225
0.242304
0.266707
0.122606
0.286786
0.113121
0.169354
0.240315
0.122255
0.145262
0.520353
0.374271
0.053323
0.314612
0.161005
0.163951
0.143693
0.352785
0.380286
0.230264
0.262446
0.328320
0.318711
0.342778
0.123742
0.051699
0.289977
0.203594
0.367365
0.158431
0.206592
0.243762
0.156019
0.337229
0.206082
0.441363
0.125584
0.270133
0.215062
0.285095
0.442063
0.306249
0.234080
0.220633
0.347543
0.236440
0.237930
0.181489
0.193174
0.334547
0.115072
0.345150
0.240955
0.388879
0.269443
0.326991
0.178515
0.285698
0.112763
0.094116
0.134270
0.434031
0.316721
0.290079
0.169553
0.157282
0.254244
0.288271
0.359378
0.091753
0.228364
0.235381
0.213144
0.211232
0.301708
0.293159
0.366832
0.184780
0.132003
0.295508
0.201133
0.206793
0.453859
0.111125
0.052842
0.503604
0.166666
0.360028
0.282970
0.127390
0.240451
0.353131
0.182691
0.458622
0.175516
0.128976
0.284239
0.274682
0.101996
0.105207
0.225399
0.245434
0.009113
0.132220
0.238494
0.144580
0.399341
0.422793
0.033889
0.446811
0.175958
0.146437
0.191587
0.390304
0.436073
0.169761
0.186178
0.365696
0.389857
0.301421
0.082248
0.132850
0.272548
0.316618
0.455357
0.194540
0.138794
0.281283
0.070749
0.340620
0.159801
0.440750
0.149419
0.296901
0.213551
0.225615
0.352719
0.299346
0.422474
0.223877
0.322293
0.212029
0.271508
0.233296
0.357722
0.466810
0.113029
0.416704
0.133660
0.462298
0.287490
0.355631
0.234860
0.219284
0.107366
0.181488
0.399665
0.364595
0.227330
0.329897
0.225662
0.130678
0.303978
0.210993
0.384665
0.107321
0.233783
0.398394
0.164272
0.157654
0.196065
0.360065
0.418833
0.366819
0.182070
0.256947
0.191362
0.301725
0.386463
0.145059
0.061333
0.228974
0.072744
0.375181
0.083960
0.141127
0.221030
0.398510
0.292079
0.493014
0.354875
0.208664
0.364450
0.427254
0.200556
0.107068
0.185364
0.240945
0.086656
0.151835
0.248926
0.124562
0.264467
0.378775
0.227041
0.451099
0.256887
0.055177
0.228322
0.429179
0.511406
0.306351
0.175253
0.391832
0.387261
0.298349
0.087787
0.134682
0.278516
0.258361
0.370694
0.289089
0.202827
0.239492
0.043696
0.296616
0.249386
0.399470
0.357783
0.302297
0.206694
0.233079
0.266475
0.381761
0.525195
0.363643
0.268711
0.273077
0.348352
0.323070
0.557915
0.551789
0.247437
0.425752
0.143570
0.366084
0.268897
0.278372
0.395590
0.181519
0.090629
0.302845
0.438000
0.243376
0.185615
0.283260
0.351560
0.151367
0.366837
0.077335
0.306912
0.139704
0.240411
0.423171
0.073591
0.129884
0.204382
0.399417
0.510552
0.429257
0.206792
0.165555
0.197494
0.359866
0.256822
0.159812
0.233596
0.106273
0.159272
0.264845
0.073227
0.123594
0.225282
0.309766
0.421841
0.538912
0.445099
0.137238
0.323045
0.702761
0.389411
0.125701
0.055606
0.149541
0.047732
0.162157
0.174023
0.208876
0.287831
0.371091
0.389744
0.337630
0.308865
0.140234
0.195286
0.421908
0.613921
0.368684
0.256532
0.388566
0.289825
0.296396
0.263429
0.169751
0.285322
0.260183
0.503272
0.356579
0.207487
0.213491
0.144916
0.342639
0.264564
0.394040
0.222651
0.287606
0.164552
0.224254
0.173255
0.509020
0.497971
0.474512
0.216530
0.225539
0.348894
0.324068
0.593876
0.473495
0.352050
0.329425
0.202559
0.300658
0.339430
0.266130
0.466343
0.190310
0.166385
0.395467
0.418564
0.253212
0.281599
0.332877
0.514053
0.228515
0.282533
0.093569
0.275118
0.103310
0.274706
0.259642
0.063400
0.232897
0.327287
0.461096
0.439232
0.395367
0.242211
0.091678
0.110039
0.337860
0.202341
0.187129
0.234225
0.210433
0.252534
0.142476
0.113196
0.199959
0.239011
0.256033
0.491932
0.558660
0.488709
0.053936
0.273625
0.814943
0.482181
0.243147
0.080930
0.171867
0.156292
0.086289
0.152324
0.290672
0.386621
0.328643
0.431246
0.210337
0.199934
0.274080
0.319718
0.440216
0.580342
0.311505
0.277222
0.272473
0.329037
0.281932
0.371734
0.222773
0.340049
0.291065
0.361541
0.352215
0.219498
0.302717
0.191448
0.331628
0.171218
0.439023
0.146313
0.281383
0.109879
0.238415
0.089316
0.550577
0.477589
0.504577
0.217212
0.131210
0.346921
0.313661
0.484735
0.339174
0.377064
0.163643
0.266720
0.373924
0.405179
0.334699
0.472776
0.177428
0.110742
0.420859
0.407989
0.368738
0.332807
0.346647
0.556259
0.338369
0.288427
0.135616
0.258852
0.157926
0.472934
0.202478
0.126198
0.312711
0.285113
0.495271
0.250736
0.295542
0.297389
0.006249
0.111529
0.373336
0.150406
0.147010
0.308151
0.341229
0.218984
0.127293
0.069980
0.359032
0.340938
0.368441
0.469500
0.452685
0.574843
0.071665
0.310355
0.629360
0.501869
0.213070
0.155221
0.404811
0.311644
0.102729
0.180937
0.368056
0.398032
0.267929
0.480531
0.237586
0.158793
0.224055
0.335314
0.380846
0.497283
0.216401
0.202303
0.237349
0.449578
0.262920
0.343267
0.335142
0.353269
0.407195
0.288800
0.339315
0.160844
0.438052
0.189284
0.351457
0.280843
0.458091
0.231447
0.277257
0.133426
0.100259
0.155404
0.526688
0.490428
0.482708
0.171692
0.205668
0.381950
0.274235
0.429746
0.343684
0.441379
0.102917
0.263498
0.378366
0.421307
0.402972
0.416122
0.053434
0.109054
0.447074
0.441931
0.384438
0.268427
0.373244
0.485957
0.326727
0.188940
0.085546
0.272385
0.239043
0.663004
0.287130
0.224536
0.411755
0.228663
0.496395
0.110912
0.257261
0.398595
0.094838
0.188367
0.395137
0.064672
0.132135
0.297828
0.283225
0.107551
0.117769
0.085418
0.472182
0.406965
0.537090
0.442402
0.354906
0.559326
0.192218
0.378145
0.401261
0.508669
0.257731
0.189031
0.550890
0.407212
0.275777
0.216975
0.384999
0.276609
0.205718
0.474038
0.236702
0.255203
0.180794
0.302208
0.328327
0.442813
0.221581
0.149346
0.272844
0.484585
0.216426
0.343007
0.329251
0.327192
0.583124
0.228734
0.328792
0.147502
0.450384
0.130261
0.293726
0.400000
0.437918
0.327329
0.321925
0.071412
0.140440
0.229993
0.532220
0.433300
0.496215
0.128920
0.300695
0.383864
0.214544
0.478455
0.460077
0.472964
0.075748
0.164030
0.225037
0.365144
0.414831
0.257431
0.140248
0.285968
0.493141
0.446648
0.353182
0.323111
0.421491
0.455793
0.200409
0.269687
0.177549
0.365041
0.222330
0.786485
0.232987
0.213576
0.364061
0.264459
0.412433
0.066546
0.356388
0.482050
0.141015
0.040854
0.359260
0.098692
0.163388
0.220720
0.157364
0.131575
0.144889
0.105624
0.522183
0.359046
0.449112
0.477185
0.313830
0.453399
0.280556
0.349354
0.350515
0.502029
0.357347
0.112542
0.591978
0.481707
0.403554
0.357477
0.466872
0.224009
0.167170
0.397417
0.112669
0.362481
0.324703
0.310418
0.318953
0.408335
0.207989
0.275949
0.221822
0.348981
0.455392
0.451523
0.328881
0.254417
0.721898
0.250006
0.344035
0.145026
0.385230
0.357963
0.175558
0.407315
0.368532
0.369218
0.369389
0.130889
0.090862
0.164778
0.502966
0.362454
0.537486
0.065841
0.159032
0.288774
0.094982
0.399762
0.416049
0.368402
0.109503
0.023013
0.166705
0.345570
0.334484
0.269232
0.201151
0.302603
0.562424
0.384272
0.283251
0.422219
0.463522
0.501157
0.136073
0.472265
0.287949
0.489143
0.348400
0.738314
0.043380
0.254549
0.323890
0.260496
0.382677
0.061962
0.340879
0.467276
0.158293
0.098867
0.400573
0.092731
0.223986
0.247172
0.181638
0.181622
0.199099
0.189328
0.545782
0.245353
0.394829
0.491931
0.292743
0.348092
0.384667
0.246872
0.315658
0.450059
0.453603
0.224963
0.601865
0.686536
0.466027
0.462934
0.555540
0.286405
0.110410
0.359136
0.133846
0.341792
0.338354
0.408387
0.272634
0.304955
0.199490
0.467861
0.265478
0.243476
0.434824
0.549622
0.320929
0.191078
0.690525
0.235822
0.274910
0.185015
0.388799
0.412618
0.112875
0.365032
0.296058
0.400778
0.364653
0.152929
0.077813
0.074381
0.383355
0.393161
0.533788
0.141929
0.087910
0.182844
0.176844
0.287337
0.328392
0.298824
0.176204
0.034788
0.254965
0.313441
0.162524
0.297310
0.286750
0.229962
0.567921
0.359524
0.257089
0.529176
0.363477
0.517090
0.147679
0.311080
0.323319
0.588302
0.356474
0.606604
0.056341
0.360912
0.371406
0.302984
0.372539
0.152857
0.267774
0.446718
0.097777
0.162442
0.347992
0.103382
0.253688
0.351071
0.275749
0.149304
0.294526
0.223873
0.595401
0.324764
0.443485
0.427199
0.313649
0.397413
0.557786
0.207340
0.190256
0.452685
0.400069
0.133966
0.611560
0.717899
0.468536
0.412021
0.648305
0.332462
0.123407
0.353581
0.148040
0.367949
0.440380
0.455159
0.240016
0.234060
0.296092
0.587156
0.293817
0.312590
0.352611
0.561039
0.287053
0.139976
0.630934
0.239639
0.226559
0.278468
0.466772
0.348889
0.250620
0.306478
0.253824
0.421135
0.287318
0.155873
0.272083
0.093355
0.217477
0.400026
0.580982
0.165155
0.192450
0.140913
0.286514
0.253012
0.373438
0.229898
0.250762
0.087418
0.235235
0.178381
0.006354
0.243366
0.293226
0.221076
0.508190
0.339061
0.162875
0.584562
0.256063
0.373884
0.151498
0.141804
0.386116
0.543514
0.241283
0.437282
0.139522
0.408172
0.378585
0.225758
0.318361
0.135617
0.256496
0.450794
0.089993
0.279120
0.293629
0.125344
0.329472
0.322745
0.342063
0.143972
0.513671
0.243415
0.636884
0.490828
0.405694
0.275430
0.329225
0.439806
0.743164
0.299822
0.106889
0.471251
0.461013
0.196755
0.465922
0.582125
0.442726
0.385957
0.643056
0.351766
0.193947
0.361727
0.203103
0.466607
0.463462
0.417548
0.208340
0.201292
0.332423
0.466792
0.379484
0.144915
0.261695
0.473498
0.328841
0.117434
0.580787
0.111490
0.235295
0.370817
0.490010
0.276613
0.281721
0.339933
0.182258
0.406827
0.303466
0.220046
0.325854
0.206792
0.136314
0.417691
0.554267
0.137170
0.233717
0.233883
0.273024
0.260902
0.438720
0.225567
0.355655
0.123650
0.221347
0.107627
0.049518
0.212921
0.283287
0.250781
0.401143
0.302607
0.026572
0.582689
0.228744
0.284019
0.078134
0.069035
0.444438
0.409593
0.236594
0.359145
0.309262
0.383878
0.349525
0.211707
0.308805
0.060416
0.307468
0.412162
0.106177
0.334704
0.382195
0.164913
0.342302
0.277388
0.289019
0.227261
0.602574
0.337421
0.566929
0.556041
0.254685
0.197251
0.256706
0.397022
0.742370
0.337156
0.120557
0.466708
0.520857
0.295088
0.269818
0.463108
0.386187
0.434512
0.639840
0.358570
0.113174
0.583397
0.262005
0.533826
0.413436
0.398055
0.241275
0.195447
0.229426
0.442278
0.479666
0.150461
0.243435
0.358497
0.406285
0.100913
0.501667
0.039485
0.248303
0.383547
0.437003
0.353808
0.277482
0.378066
0.231080
0.375295
0.345165
0.301564
0.310534
0.305700
0.090946
0.338447
0.405905
0.205457
0.177633
0.242094
0.269104
0.187910
0.311020
0.349382
0.368181
0.259247
0.302469
0.207293
0.179657
0.292228
0.362358
0.339144
0.226261
0.243739
0.027037
0.553993
0.335051
0.306513
0.188325
0.139382
0.447710
0.321340
0.236587
0.274203
0.421824
0.397373
0.383686
0.405193
0.359565
0.092038
0.269480
0.231734
0.231540
0.311887
0.293274
0.073079
0.395349
0.292004
0.220408
0.328377
0.561128
0.409013
0.503793
0.430941
0.182921
0.231983
0.118497
0.234420
0.654799
0.264906
0.158107
0.410995
0.618310
0.322040
0.246174
0.482852
0.389287
0.493234
0.568622
0.378120
0.174621
0.581831
0.246982
0.462488
0.387646
0.393117
0.216368
0.135527
0.139588
0.533991
0.500263
0.160226
0.241708
0.209178
0.374183
0.071860
0.364120
0.168212
0.129957
0.298302
0.372435
0.414337
0.256426
0.391377
0.180267
0.410706
0.411030
0.379474
0.274227
0.412700
0.067409
0.152695
0.166065
0.375336
0.147238
0.325583
0.377243
0.163465
0.133378
0.501651
0.365923
0.298694
0.366291
0.236875
0.145328
0.305557
0.389822
0.493597
0.149124
0.203891
0.126536
0.579608
0.388698
0.337474
0.353430
0.254724
0.393500
0.369253
0.264193
0.148648
0.450630
0.398598
0.451996
0.533980
0.261465
0.193687
0.099133
0.207437
0.205907
0.346232
0.232480
0.236408
0.417981
0.293930
0.157543
0.420874
0.538248
0.479528
0.556385
0.322204
0.289427
0.281480
0.007452
0.067366
0.548274
0.143013
0.139545
0.341521
0.569620
0.577292
0.254250
0.508040
0.425990
0.407047
0.531592
0.369270
0.232888
0.396453
0.147850
0.315988
0.424098
0.328508
0.235779
0.161160
0.185094
0.473819
0.422917
0.163501
0.299495
0.260104
0.389315
0.005879
0.227727
0.318400
0.047439
0.343335
0.449038
0.451521
0.275390
0.405560
0.126265
0.473483
0.389922
0.504702
0.331194
0.459029
0.057648
0.138952
0.262055
0.469790
0.299686
0.401457
0.456741
0.185767
0.112496
0.602263
0.435635
0.349423
0.431913
0.274222
0.128129
0.180931
0.344714
0.557592
0.153814
0.235188
0.210328
0.548798
0.322022
0.250833
0.410139
0.346174
0.308766
0.364379
0.317238
0.054996
0.518857
0.413082
0.465240
0.519342
0.084613
0.356033
0.162515
0.256573
0.192997
0.474755
0.311865
0.437734
0.386746
0.174639
0.158860
0.471932
0.539196
0.598221
0.606899
0.319317
0.350801
0.284289
0.042150
0.193416
0.450884
0.144489
0.179173
0.277190
0.500047
0.879119
0.315827
0.462296
0.443876
0.368258
0.430255
0.287755
0.165720
0.309604
0.152686
0.268939
0.462284
0.194398
0.246092
0.228457
0.241683
0.248319
0.379379
0.156056
0.285996
0.167542
0.429227
0.088840
0.132740
0.304446
0.114335
0.307785
0.541568
0.436758
0.361488
0.476925
0.181926
0.427838
0.297880
0.611659
0.492961
0.435861
0.123961
0.184644
0.374629
0.473296
0.535076
0.410452
0.436677
0.105798
0.216772
0.683475
0.527148
0.249589
0.329663
0.293167
0.289810
0.085005
0.310135
0.500761
0.148609
0.327553
0.193977
0.401164
0.263434
0.188242
0.450550
0.411620
0.208349
0.309220
0.345180
0.187149
0.667952
0.422316
0.310080
0.510769
0.082608
0.370322
0.188419
0.228452
0.286693
0.525307
0.417429
0.508343
0.329930
0.115902
0.140035
0.471955
0.509695
0.653313
0.507035
0.418309
0.293020
0.277305
0.071509
0.296189
0.316080
0.302555
0.302446
0.290342
0.409989
0.910882
0.324819
0.445491
0.352649
0.476582
0.349700
0.208463
0.254088
0.353891
0.257224
0.347273
0.377517
0.141681
0.179520
0.263663
0.278310
0.186337
0.431155
0.126862
0.309650
0.239217
0.432396
0.054072
0.090905
0.257059
0.253244
0.403268
0.531416
0.428762
0.323012
0.548091
0.198548
0.329858
0.238577
0.592357
0.514219
0.359364
0.159355
0.363200
0.425546
0.445409
0.622917
0.309839
0.412290
0.062383
0.356102
0.644877
0.497657
0.268582
0.258447
0.178762
0.383561
0.175540
0.325107
0.427986
0.157653
0.359504
0.200404
0.235102
0.264319
0.223981
0.530996
0.494876
0.131767
0.248945
0.382055
0.252594
0.664013
0.432309
0.160186
0.556202
0.188320
0.344108
0.243382
0.019623
0.396611
0.477768
0.383197
0.547232
0.247407
0.198487
0.111846
0.362595
0.463159
0.620215
0.296949
0.451561
0.266925
0.282212
0.116671
0.216335
0.174278
0.461700
0.463651
0.319532
0.356613
0.850938
0.258914
0.457715
0.327506
0.545115
0.299594
0.148677
0.242982
0.348384
0.270860
0.200260
0.293270
0.193237
0.105787
0.260857
0.261843
0.177218
0.447862
0.172825
0.348418
0.252121
0.386432
0.038815
0.088736
0.341059
0.267795
0.377643
0.455118
0.398997
0.351441
0.561133
0.162649
0.271670
0.186824
0.489603
0.460585
0.355976
0.113233
0.489361
0.469387
0.445283
0.667120
0.382823
0.531492
0.142147
0.300454
0.563855
0.408432
0.350819
0.274296
0.151316
0.365415
0.267707
0.274345
0.456646
0.215070
0.279569
0.335537
0.175724
0.187818
0.291573
0.555041
0.556364
0.074140
0.227710
0.391754
0.262456
0.428169
0.338841
0.170399
0.433153
0.126023
0.442773
0.316295
0.092022
0.460619
0.462572
0.300873
0.593271
0.168729
0.316169
0.138222
0.299542
0.431948
0.587218
0.157585
0.360194
0.249052
0.305865
0.154716
0.031031
0.158045
0.510581
0.512071
0.318836
0.304342
0.816196
0.162310
0.302018
0.302398
0.439918
0.285442
0.181884
0.287422
0.350201
0.291763
0.155456
0.328722
0.226157
0.117532
0.262880
0.394684
0.276139
0.328921
0.225512
0.231093
0.281350
0.439282
0.119921
0.086242
0.523667
0.201524
0.417730
0.298947
0.434412
0.478301
0.452450
0.230934
0.265441
0.149515
0.418725
0.330475
0.415521
0.101411
0.476967
0.489198
0.471407
0.717045
0.431417
0.558186
0.179584
0.265701
0.525303
0.410634
0.416933
0.221735
0.219050
0.484391
0.280822
0.184571
0.471087
0.261127
0.211351
0.407614
0.123965
0.103508
0.280601
0.531146
0.519329
0.065623
0.189959
0.352326
0.240603
0.268522
0.297798
0.282054
0.253139
0.030742
0.566873
0.246374
0.071010
0.529142
0.564091
0.330485
0.531671
0.192079
0.349628
0.112410
0.282383
0.432609
0.526678
0.067242
0.259293
0.210645
0.266234
0.224606
0.122977
0.178096
0.477138
0.389313
0.308757
0.298845
0.756281
0.189949
0.134224
0.307658
0.298771
0.255306
0.268344
0.466022
0.386660
0.352594
0.136052
0.305259
0.239356
0.218067
0.304438
0.484324
0.085644
0.142605
0.267830
0.255192
0.318209
0.628353
0.145679
0.072071
0.549622
0.261289
0.314685
0.210676
0.407778
0.553794
0.327388
0.278489
0.256204
0.108409
0.419009
0.262787
0.387982
0.222641
0.414927
0.446695
0.453007
0.759303
0.334740
0.355988
0.225953
0.351647
0.561558
0.519425
0.427309
0.244934
0.348174
0.457069
0.373452
0.152355
0.374971
0.264253
0.339177
0.347377
0.037415
0.178045
0.193422
0.522506
0.445045
0.091758
0.136208
0.325289
0.104701
0.245609
0.295641
0.234243
0.217340
0.136953
0.686663
0.203154
0.093642
0.611963
0.687947
0.410935
0.397441
0.258515
0.394373
0.155703
0.200482
0.394511
0.422646
0.097506
0.224799
0.217937
0.115411
0.346659
0.213444
0.078249
0.451381
0.237548
0.278823
0.229659
0.570278
0.181746
0.019209
0.296166
0.200894
0.194707
0.293844
0.610199
0.329956
0.447457
0.145907
0.309838
0.294994
0.312537
0.355836
0.413104
0.172429
0.079185
0.339997
0.329951
0.367625
0.637086
0.195369
0.039310
0.391188
0.369624
0.181949
0.162275
0.349812
0.461360
0.281019
0.270021
0.276688
0.270358
0.380989
0.226412
0.336879
0.446020
0.384871
0.359304
0.446397
0.741768
0.173272
0.209143
0.301746
0.332665
0.503448
0.595360
0.409749
0.356700
0.395279
0.378397
0.539636
0.160747
0.245814
0.216079
0.385232
0.196908
0.065724
0.284806
0.066434
0.517135
0.400723
0.131594
0.172397
0.334594
0.137921
0.241806
0.332375
0.194972
0.304339
0.188203
0.669451
0.281314
0.183931
0.649898
0.677492
0.356096
0.365954
0.242416
0.458293
0.182557
0.098434
0.269285
0.291204
0.146658
0.170503
0.340181
0.048520
0.443494
0.282780
0.044931
0.537127
0.238156
0.242685
0.174671
0.383707
0.180118
0.080743
0.314405
0.079954
0.121921
0.232973
0.502227
0.380282
0.490457
0.237205
0.443115
0.366013
0.323297
0.262201
0.368725
0.300468
0.119099
0.446468
0.402644
0.395736
0.436152
0.313846
0.110765
0.293636
0.372979
0.376327
0.115834
0.291749
0.346937
0.442358
0.183040
0.264517
0.269035
0.319073
0.212372
0.340282
0.529342
0.372438
0.242064
0.506673
0.583882
0.122386
0.237048
0.262139
0.351911
0.379249
0.494961
0.343771
0.358639
0.436924
0.502310
0.553252
0.154133
0.184864
0.280246
0.431428
0.141166
0.043659
0.252095
0.063209
0.345695
0.333958
0.137925
0.205311
0.303883
0.303933
0.193007
0.303886
0.188620
0.239702
0.151760
0.635128
0.402208
0.143847
0.647309
0.541529
0.239485
0.428276
0.153602
0.427185
0.103914
0.116106
0.146291
0.209716
0.229044
0.134180
0.333992
0.086154
0.476023
0.347931
0.089781
0.583621
0.271416
0.178375
0.066517
0.217893
0.179740
0.081381
0.290782
0.050746
0.156097
0.195728
0.355344
0.490330
0.466984
0.176752
0.498144
0.443873
0.391570
0.201817
0.422637
0.217488
0.133932
0.465932
0.330228
0.429281
0.286914
0.467333
0.202648
0.279144
0.284257
0.529025
0.071679
0.393913
0.397431
0.498515
0.168405
0.247253
0.314755
0.278899
0.198876
0.289603
0.465547
0.401893
0.350011
0.517065
0.395892
0.236267
0.280581
0.248674
0.373481
0.286181
0.339405
0.248222
0.352753
0.525424
0.457433
0.568842
0.100718
0.173066
0.283268
0.444312
0.307240
0.102666
0.193078
0.145568
0.210304
0.236387
0.087027
0.151435
0.208289
0.308900
0.295081
0.289001
0.192481
0.083182
0.221536
0.651292
0.429542
0.090013
0.670809
0.406737
0.273908
0.401723
0.138992
0.365001
0.187303
0.301421
0.294583
0.246128
0.191039
0.079538
0.237814
0.009644
0.419819
0.350384
0.133854
0.527361
0.141892
0.095324
0.078536
0.081717
0.235688
0.188606
0.299859
0.078277
0.192119
0.244113
0.322450
0.542725
0.439763
0.224197
0.501481
0.481580
0.447396
0.197393
0.529341
0.206760
0.101484
0.375064
0.244331
0.446689
0.369950
0.502311
0.187987
0.178966
0.233163
0.552492
0.144996
0.500785
0.484419
0.463333
0.224077
0.194339
0.372044
0.236259
0.206095
0.104239
0.460088
0.476236
0.425461
0.394406
0.285250
0.258695
0.192627
0.262911
0.369234
0.108013
0.254698
0.198129
0.407707
0.612524
0.412007
0.485034
0.166621
0.073357
0.205243
0.483950
0.398923
0.120674
0.207965
0.155585
0.197406
0.133508
0.078860
0.061156
0.148441
0.229874
0.186811
0.325531
0.167867
0.034598
0.418526
0.677786
0.418690
0.232852
0.667637
0.381586
0.275434
0.264499
0.205075
0.401519
0.379696
0.373203
0.445404
0.213704
0.140605
0.141653
0.234326
0.184716
0.420341
0.353630
0.127913
0.393094
0.056333
0.084007
0.046660
0.066126
0.258459
0.185614
0.289881
0.080694
0.184416
0.336897
0.324119
0.505711
0.528425
0.313534
0.510527
0.498080
0.428353
0.268005
0.501435
0.318657
0.082118
0.227490
0.203208
0.490891
0.330220
0.412585
0.224511
0.186494
0.218477
0.486148
0.271555
0.486086
0.410126
0.396104
0.283350
0.251248
0.389873
0.170765
0.256976
0.129161
0.530434
0.389905
0.366886
0.195939
0.244566
0.161484
0.103278
0.258766
0.295400
0.052446
0.086751
0.219578
0.467288
0.545478
0.478286
0.459150
0.369881
0.060177
0.163435
0.526511
0.407063
0.210766
0.261967
0.115292
0.231788
0.130144
0.236531
0.027539
0.178889
0.233999
0.167014
0.327080
0.096521
0.036279
0.621060
0.615392
0.426677
0.311203
0.573602
0.379795
0.195533
0.257019
0.280527
0.462693
0.474247
0.228451
0.397645
0.179486
0.091044
0.234961
0.303565
0.292196
0.533920
0.493683
0.078700
0.264000
0.021304
0.164814
0.149805
0.143611
0.279714
0.064257
0.263078
0.135286
0.081416
0.361960
0.245941
0.436141
0.553022
0.325283
0.387139
0.451291
0.269001
0.292526
0.382755
0.325544
0.153000
0.213425
0.181558
0.445619
0.250787
0.346952
0.341234
0.131550
0.184928
0.537404
0.270830
0.348360
0.271108
0.281291
0.249742
0.320563
0.318361
0.138190
0.226211
0.207720
0.552418
0.381899
0.388333
0.097818
0.145921
0.124146
0.103724
0.210746
0.287365
0.075532
0.120578
0.212860
0.413283
0.386936
0.573219
0.507536
0.551981
0.143720
0.212544
0.465743
0.248213
0.237761
0.242181
0.097591
0.171840
0.179800
0.365939
0.007999
0.264983
0.342190
0.157465
0.221393
0.013834
0.059749
0.622381
0.534580
0.433752
0.372859
0.487504
0.242082
0.189480
0.297121
0.353730
0.425331
0.376771
0.319933
0.375854
0.123320
0.068390
0.272034
0.316758
0.241253
0.626320
0.625803
0.060836
0.188878
0.237554
0.153492
0.133947
0.326922
0.357367
0.073144
0.254614
0.043938
0.026224
0.321094
0.119522
0.408496
0.418575
0.188032
0.292613
0.368212
0.191883
0.272949
0.281861
0.308341
0.271434
0.314608
0.183683
0.320261
0.190001
0.364009
0.421042
0.200349
0.159103
0.579725
0.252784
0.253589
0.219221
0.140974
0.219961
0.230234
0.343413
0.157183
0.208355
0.209920
0.411916
0.387890
0.444339
0.101034
0.230090
0.147370
0.118205
0.221330
0.361535
0.082890
0.132451
0.246971
0.329910
0.288187
0.571515
0.602460
0.569861
0.035193
0.244823
0.430050
0.201105
0.246667
0.180267
0.155463
0.081701
0.167596
0.281159
0.052160
0.238176
0.396597
0.239104
0.227341
0.136594
0.074462
0.571345
0.434715
0.285059
0.439581
0.408870
0.033743
0.212878
0.256382
0.388451
0.323708
0.264055
0.418700
0.370885
0.020942
0.014923
0.175330
0.235771
0.237869
0.606205
0.568642
0.140541
0.094721
0.362095
0.159818
0.128136
0.376656
0.483644
0.039181
0.299298
0.094005
0.063630
0.339614
0.111234
0.343992
0.216287
0.241861
0.260126
0.265424
0.240172
0.203414
0.193922
0.367996
0.341483
0.338880
0.199763
0.155809
0.210752
0.419698
0.360726
0.261954
0.231406
0.531280
0.299218
0.203865
0.181151
0.046110
0.304132
0.272692
0.290811
0.091247
0.225108
0.173150
0.262911
0.339998
0.386481
0.056604
0.346606
0.318941
0.222856
0.294272
0.337146
0.034928
0.061571
0.340082
0.334929
0.313854
0.585174
0.512215
0.487090
0.085774
0.174309
0.406543
0.271988
0.179951
0.200681
0.296867
0.065129
0.216704
0.194919
0.022223
0.164939
0.395777
0.262823
0.274977
0.290659
0.083517
0.619775
0.281618
0.147900
0.504336
0.217636
0.104908
0.274393
0.146999
0.345652
0.234124
0.334614
0.398357
0.319871
0.031402
0.226115
0.130448
0.185805
0.230095
0.522937
0.372967
0.152069
0.153173
0.265127
0.098028
0.115115
0.375596
0.523761
0.096018
0.258380
0.202050
0.074851
0.385091
0.134295
0.390186
0.209684
0.343333
0.199148
0.137049
0.241739
0.129110
0.184089
0.337939
0.331352
0.263948
0.218917
0.187989
0.273334
0.398296
0.297227
0.218616
0.368903
0.435862
0.247761
0.178711
0.062380
0.204729
0.310518
0.345087
0.279911
0.167644
0.217571
0.231036
0.353269
0.339110
0.208124
0.113304
0.280435
0.449181
0.291254
0.344410
0.265951
0.143697
0.098148
0.375218
0.338652
0.296185
0.424590
0.266169
0.468688
0.192154
0.136860
0.400302
0.404207
0.236356
0.281434
0.279328
0.005432
0.202506
0.138106
0.040138
0.188820
0.393632
0.272065
0.185272
0.357076
0.086749
0.675320
0.075144
0.172208
0.583608
0.188968
0.095272
0.272441
0.127971
0.374316
0.182165
0.511774
0.339276
0.209874
0.211021
0.290668
0.046394
0.204366
0.248792
0.339572
0.183378
0.186983
0.200314
0.188328
0.108643
0.219006
0.310998
0.398127
0.167530
0.213290
0.336231
0.032000
0.329927
0.121830
0.269721
0.265279
0.310988
0.152379
0.167937
0.044429
0.103982
0.177382
0.355888
0.359749
0.188311
0.181202
0.147239
0.201645
0.331482
0.268908
0.171261
0.435000
0.412835
0.171506
0.162077
0.141691
0.270132
0.295833
0.136721
0.364047
0.270650
0.241212
0.249226
0.353912
0.263938
0.089272
0.124350
0.184231
0.512379
0.251136
0.254801
0.148382
0.113574
0.078209
0.232935
0.282950
0.122107
0.260266
0.099050
0.476914
0.245299
0.136520
0.322486
0.319695
0.266348
0.293624
0.259806
0.131379
0.164714
0.200490
0.161340
0.378706
0.480046
0.261590
0.089807
0.403162
0.098851
0.590813
0.060303
0.297046
0.647651
0.285088
0.068776
0.244258
0.257232
0.363019
0.110551
0.614349
0.248797
0.148752
0.291069
0.111532
0.035298
0.145753
0.349299
0.135357
0.048071
0.288374
0.173942
0.148399
0.155436
0.272471
0.175058
0.353667
0.211591
0.165713
0.270260
0.032069
0.149959
0.143812
0.252923
0.355860
0.229906
0.075593
0.140802
0.071959
0.107058
0.162840
0.364454
0.402473
0.158602
0.110866
0.098866
0.151102
0.266086
0.313205
0.175285
0.300294
0.330652
0.204082
0.163802
0.125847
0.254812
0.376958
0.091577
0.312130
0.222830
0.348347
0.218782
0.217546
0.335141
0.077166
0.093135
0.225651
0.569779
0.244662
0.204224
0.101319
0.109557
0.085209
0.381585
0.196702
0.063494
0.240389
0.196522
0.373700
0.323983
0.134523
0.204879
0.209280
0.239209
0.246576
0.244263
0.078054
0.110775
0.137642
0.246594
0.406517
0.523695
0.322727
0.072368
0.435587
0.175034
0.391067
0.078014
0.321814
0.611583
0.310376
0.060699
0.227754
0.338492
0.374321
0.087314
0.502094
0.242090
0.181997
0.255167
0.022993
0.064078
0.049759
0.410054
0.074635
0.045742
0.474772
0.142977
0.305538
0.152977
0.303471
0.035314
0.340774
0.250153
0.129364
0.305232
0.069430
0.056593
0.090687
0.444187
0.387114
0.222212
0.081507
0.211963
0.065536
0.174495
0.040423
0.331767
0.349309
0.157256
0.094746
0.162931
0.099235
0.230606
0.285895
0.242449
0.188175
0.267244
0.170334
0.193854
0.094264
0.222740
0.483331
0.018370
0.276261
0.146660
0.362367
0.190251
0.075401
0.280267
0.138881
0.123829
0.268640
0.547693
0.258730
0.272821
0.049139
0.200401
0.177741
0.434093
0.260492
0.158296
0.238051
0.273462
0.277442
0.338191
0.147709
0.204088
0.222187
0.232809
0.224985
0.227171
0.025277
0.154619
0.211739
0.263657
0.238635
0.500724
0.307772
0.080339
0.444396
0.230529
0.194920
0.146948
0.184257
0.483777
0.289341
0.056447
0.279284
0.230229
0.338971
0.080457
0.331722
0.252054
0.162731
0.188491
0.013775
0.059942
0.072538
0.323664
0.179682
0.155524
0.555029
0.147081
0.260604
0.106358
0.362207
0.123920
0.196264
0.235137
0.118824
0.262772
0.163191
0.095127
0.143285
0.493490
0.293964
0.264059
0.278353
0.185280
0.241208
0.118187
0.120108
0.437599
0.291522
0.077125
0.147977
0.112433
0.041357
0.149000
0.241997
0.201312
0.164287
0.243287
0.206001
0.066402
0.077067
0.184238
0.428999
0.037588
0.312437
0.061735
0.191072
0.189974
0.082464
0.239506
0.167993
0.056045
0.202546
0.434995
0.238459
0.303507
0.034238
0.218510
0.216690
0.327963
0.374714
0.160734
0.171440
0.321372
0.324833
0.343626
0.165875
0.209411
0.257011
0.137391
0.209565
0.232460
0.011161
0.210849
0.201215
0.249285
0.135635
0.418322
0.248686
0.033190
0.364371
0.241395
0.138965
0.301597
0.123182
0.381793
0.281006
0.124565
0.381763
0.059546
0.261721
0.126450
0.272931
0.189580
0.135373
0.198044
0.066399
0.127932
0.064186
0.191025
0.229848
0.260233
0.507264
0.171586
0.224527
0.129163
0.489026
0.192852
0.097901
0.249806
0.101217
0.190354
0.190371
0.089299
0.250757
0.223168
0.175620
0.186859
0.350810
0.120655
0.275632
0.089153
0.144227
0.367867
0.279671
0.074034
0.241770
0.082030
0.037121
0.057245
0.152990
0.141969
0.173571
0.217031
0.240297
0.099869
0.070163
0.266369
0.252382
0.168646
0.200016
0.125395
0.190288
0.212237
0.109325
0.160239
0.210035
0.066355
0.110633
0.303187
0.181401
0.223111
0.048354
0.262042
0.117679
0.217535
0.362779
0.118491
0.061265
0.302782
0.320840
0.354529
0.195353
0.305977
0.193562
0.081154
0.303502
0.172399
0.032505
0.133858
0.319136
0.213115
0.217822
0.361953
0.175747
0.048874
0.223564
0.243644
0.141820
0.347910
0.089673
0.308017
0.297565
0.142570
0.468917
0.050071
0.115958
0.112213
0.326856
0.070334
0.237483
0.082386
0.127529
0.113364
0.070052
0.142705
0.229588
0.234086
0.385896
0.084424
0.317543
0.071556
0.416283
0.166815
0.148719
0.247920
0.188712
0.171234
0.121253
0.087856
0.342915
0.008010
0.108840
0.189004
0.279657
0.103055
0.246774
0.172513
0.283288
0.146261
0.284796
0.122878
0.293536
0.107324
0.014576
0.235583
0.092554
0.050591
0.116353
0.227677
0.216492
0.230512
0.075359
0.227776
0.150788
0.253320
0.070044
0.143528
0.077223
0.169366
0.164591
0.150326
0.210022
0.045540
0.056024
0.272789
0.187069
0.151316
0.025730
0.273567
0.225403
0.142826
0.215870
0.203147
0.019695
0.265447
0.264187
0.289113
0.161377
0.318305
0.196305
0.145678
0.277239
0.174513
0.064463
0.133720
0.274171
0.243499
0.263564
0.318233
0.192085
0.226407
0.161943
0.223966
0.004513
0.260208
0.049897
0.115659
0.293909
0.114200
0.448466
0.031768
0.132865
0.134291
0.368761
0.154122
0.249637
0.066461
0.110610
0.131016
0.122405
0.153664
0.123441
0.199537
0.335544
0.126075
0.293226
0.051593
0.268341
0.135944
0.156019
0.175239
0.215298
0.224227
0.118041
0.153678
0.271865
0.144508
0.020109
0.252946
0.216811
0.100906
0.260518
0.139278
0.301804
0.337422
0.241548
0.045521
0.168411
0.062452
0.038541
0.169035
0.139405
0.049900
0.045577
0.275809
0.281654
0.238378
0.177628
0.089439
0.194717
0.179007
0.092899
0.151066
0.164884
0.134519
0.240339
0.058872
0.246652
0.057918
0.240565
0.252318
0.097898
0.123942
0.053586
0.186847
0.249431
0.051632
0.130609
0.216932
0.076104
0.253918
0.133900
0.150935
0.129754
0.312793
0.095911
0.035878
0.154087
0.075616
0.101062
0.085222
0.120101
0.276375
0.209107
0.306741
0.229033
0.321905
0.138122
0.198899
0.263373
0.227517
0.040405
0.042877
0.275807
0.124648
0.253162
0.240786
0.193220
0.140766
0.304774
0.250984
0.214835
0.167095
0.082825
0.246415
0.190301
0.225057
0.199930
0.235690
0.287113
0.185349
0.135308
0.063490
0.202577
0.173015
0.305476
0.158964
0.208438
0.212240
0.190079
0.171640
0.214186
0.277328
0.082588
0.368629
0.240058
0.138808
0.332349
0.054180
0.299198
0.498200
0.173316
0.061946
0.071175
0.082875
0.160199
0.142113
0.113209
0.095101
0.102370
0.220999
0.238814
0.198325
0.336905
0.116885
0.234801
0.139232
0.125469
0.088521
0.203638
0.115457
0.189831
0.094279
0.171565
0.035010
0.336173
0.164541
0.114906
0.126171
0.037386
0.170095
0.164389
0.232648
0.140115
0.194051
0.312146
0.307325
0.163084
0.026550
0.062763
0.408295
0.057753
0.147055
0.070158
0.100586
0.136085
0.125767
0.101958
0.275995
0.114830
0.276231
0.232486
0.195083
0.134450
0.119207
0.399465
0.348684
0.135295
0.159394
0.191220
0.057952
0.060118
0.392990
0.160199
0.138654
0.137587
0.377770
0.242341
0.153414
0.248328
0.277035
0.177075
0.141140
0.232656
0.276349
0.149874
0.180655
0.037007
0.135178
0.200526
0.179628
0.426829
0.248586
0.151429
0.178449
0.167653
0.155672
0.255802
0.313853
0.141792
0.271034
0.136870
0.106642
0.281755
0.027578
0.183556
0.449734
0.137598
0.195664
0.102960
0.210426
0.188926
0.050207
0.087093
0.157285
0.166163
0.315738
0.179542
0.195170
0.336007
0.261960
0.177335
0.244343
0.011204
0.077638
0.096411
0.120870
0.193360
0.227827
0.182186
0.070915
0.247909
0.113904
0.207944
0.049466
0.093233
0.271467
0.079168
0.275207
0.254645
0.178474
0.361911
0.299314
0.140920
0.072872
0.054848
0.377880
0.241333
0.212579
0.049339
0.133553
0.147653
0.252823
0.079512
0.200329
0.044229
0.202210
0.273184
0.180719
0.062785
0.029264
0.482196
0.365890
0.237128
0.199168
0.333145
0.112283
0.093732
0.442376
0.184378
0.086961
0.028017
0.460614
0.228673
0.191005
0.405104
0.213656
0.145366
0.106476
0.376863
0.238224
0.102167
0.241669
0.140088
0.154720
0.152253
0.235952
0.349719
0.229562
0.119379
0.274815
0.104072
0.156366
0.295825
0.442446
0.233863
0.142578
0.045552
0.199399
0.173959
0.099370
0.091859
0.374320
0.127464
0.272769
0.250960
0.262898
0.154066
0.222310
0.073925
0.131757
0.060237
0.518838
0.205181
0.222492
0.136528
0.223204
0.090346
0.257779
0.016591
0.122788
0.233509
0.171897
0.083436
0.336049
0.179860
0.040563
0.158306
0.154683
0.233431
0.208734
0.095589
0.227913
0.032761
0.352838
0.310694
0.173275
0.274440
0.102254
0.160920
0.054875
0.143440
0.128395
0.362414
0.257057
0.164369
0.155299
0.071489
0.306702
0.051429
0.239326
0.066767
0.193897
0.284696
0.177130
0.066766
0.104400
0.529742
0.282183
0.192270
0.150953
0.330342
0.095043
0.170586
0.503773
0.229693
0.012957
0.082463
0.359659
0.379294
0.171777
0.380118
0.235323
0.145178
0.085234
0.460176
0.204294
0.251769
0.263591
0.050624
0.105268
0.088091
0.342630
0.240172
0.188224
0.092262
0.384003
0.054387
0.120494
0.195483
0.541124
0.315623
0.197391
0.067548
0.170686
0.025386
0.224762
0.114060
0.368073
0.174753
0.200615
0.332966
0.228433
0.068580
0.222241
0.049473
0.182717
0.071624
0.577602
0.243147
0.042858
0.149821
0.217664
0.168014
0.165655
0.083051
0.099013
0.330650
0.266237
0.055741
0.377848
0.167282
0.199015
0.237923
0.272754
0.128755
0.268004
0.126739
0.179307
0.136929
0.474374
0.303612
0.128506
0.239202
0.070764
0.208549
0.083725
0.251254
0.147018
0.210553
0.306413
0.177780
0.225778
0.125258
0.240887
0.024888
0.271930
0.168506
0.275462
0.148059
0.180768
0.252654
0.152204
0.457457
0.159474
0.148078
0.186659
0.310735
0.051775
0.274796
0.464773
0.264823
0.041838
0.196786
0.224910
0.479573
0.201002
0.346704
0.198073
0.097834
0.150438
0.562046
0.096141
0.296941
0.231187
0.058950
0.176146
0.196170
0.414378
0.213632
0.017727
0.161350
0.298330
0.094289
0.057507
0.151884
0.451082
0.280038
0.272662
0.049495
0.087803
0.074711
0.254064
0.130572
0.278485
0.162149
0.076278
0.210014
0.225141
0.058897
0.147117
0.140592
0.133709
0.099897
0.581388
0.362252
0.104084
0.158109
0.304750
0.289595
0.133965
0.058976
0.042875
0.260604
0.248131
0.087860
0.348578
0.155647
0.260799
0.240610
0.265226
0.050635
0.201775
0.158638
0.392784
0.207381
0.368172
0.262925
0.189851
0.325023
0.109419
0.157238
0.091050
0.259278
0.158005
0.126038
0.234681
0.147882
0.275623
0.109577
0.163898
0.116147
0.195942
0.260011
0.343924
0.228640
0.102582
0.385048
0.185379
0.320056
0.108147
0.152901
0.272500
0.282822
0.219816
0.388667
0.275830
0.259996
0.045781
0.359171
0.198539
0.419660
0.231358
0.293113
0.143757
0.162304
0.133271
0.544678
0.078571
0.188548
0.216685
0.056141
0.284946
0.144890
0.385662
0.173800
0.090371
0.244347
0.264832
0.085668
0.075436
0.137586
0.317077
0.194565
0.300258
0.065119
0.066928
0.162983
0.199398
0.159238
0.162909
0.297539
0.019874
0.058274
0.246200
0.212641
0.296765
0.186462
0.146757
0.090720
0.647876
0.442060
0.062225
0.012984
0.318920
0.419181
0.159444
0.154615
0.024424
0.163831
0.212335
0.038991
0.384052
0.163674
0.346895
0.324259
0.268780
0.050054
0.217542
0.181938
0.372271
0.212234
0.265187
0.200797
0.231520
0.322437
0.201987
0.168643
0.110307
0.124952
0.153190
0.090972
0.245361
0.121994
0.148221
0.053480
0.126636
0.196898
0.198441
0.271062
0.369033
0.251893
0.292026
0.456576
0.251820
0.294276
0.138275
0.157273
0.302723
0.266800
0.274181
0.479954
0.134768
0.275369
0.070175
0.408431
0.186661
0.483039
0.195377
0.211480
0.151884
0.133936
0.108795
0.383921
0.159521
0.197171
0.101156
0.169533
0.363834
0.166837
0.277582
0.207324
0.100269
0.195076
0.111789
0.161372
0.212386
0.151451
0.272717
0.314234
0.260618
0.038060
0.075030
0.234243
0.164047
0.196757
0.271566
0.449409
0.061431
0.074696
0.201898
0.222594
0.422920
0.181583
0.122111
0.101383
0.636146
0.421739
0.071294
0.054090
0.153725
0.327948
0.270993
0.183509
0.181463
0.102908
0.123287
0.039371
0.378784
0.160407
0.361002
0.432441
0.257530
0.128164
0.298737
0.224123
0.274525
0.187575
0.138975
0.170964
0.169864
0.289222
0.156300
0.241331
0.135248
0.097669
0.093553
0.026077
0.309552
0.127684
0.096203
0.082040
0.088063
0.219427
0.180887
0.259257
0.429642
0.203520
0.348545
0.463990
0.213184
0.275191
0.202003
0.185329
0.250443
0.275693
0.126708
0.472195
0.085403
0.165928
0.048939
0.310906
0.219153
0.599807
0.074967
0.124331
0.219735
0.095662
0.200078
0.223180
0.070104
0.173927
0.117856
0.246386
0.263571
0.234094
0.299181
0.218377
0.103872
0.085918
0.060848
0.248409
0.354800
0.301021
0.210986
0.354013
0.259153
0.025762
0.036197
0.255950
0.183039
0.258192
0.318974
0.462765
0.201296
0.084737
0.086485
0.097665
0.355641
0.135348
0.115779
0.048563
0.467747
0.394956
0.132328
0.206238
0.122632
0.319694
0.332293
0.147012
0.250964
0.004921
0.047564
0.141388
0.360328
0.181250
0.323876
0.319180
0.327840
0.236040
0.361897
0.263388
0.306043
0.156461
0.091266
0.138368
0.135743
0.339724
0.078809
0.332047
0.185670
0.127559
0.115917
0.127607
0.293524
0.103513
0.131675
0.087491
0.125030
0.149434
0.081657
0.326339
0.427830
0.174640
0.301193
0.403474
0.122340
0.213658
0.246291
0.131559
0.259734
0.189190
0.091911
0.413667
0.108847
0.081136
0.037751
0.236354
0.296515
0.491693
0.034449
0.106721
0.141015
0.083410
0.315070
0.040868
0.069175
0.116291
0.093655
0.148474
0.123739
0.278549
0.327070
0.175896
0.109160
0.191064
0.067798
0.150134
0.367726
0.327908
0.115020
0.285677
0.305504
0.033313
0.106961
0.147922
0.205104
0.226169
0.204154
0.473121
0.266660
0.022001
0.066134
0.114199
0.218877
0.089467
0.221908
0.193463
0.370124
0.362357
0.237718
0.352469
0.105801
0.427246
0.296918
0.220635
0.183145
0.080079
0.050150
0.191113
0.246419
0.198374
0.192275
0.121405
0.388627
0.246607
0.267233
0.237771
0.404145
0.148592
0.240775
0.087907
0.189093
0.353171
0.074372
0.265483
0.166962
0.217771
0.325476
0.079117
0.203835
0.111702
0.087344
0.095423
0.175001
0.207338
0.123307
0.313065
0.316476
0.197853
0.214755
0.317445
0.106193
0.128020
0.181337
0.151034
0.331343
0.157933
0.111064
0.379497
0.235172
0.124969
0.031089
0.334054
0.323237
0.231340
0.161597
0.217339
0.188139
0.082301
0.295674
0.080724
0.060585
0.112838
0.199533
0.045964
0.004527
0.212796
0.249641
0.136205
0.137787
0.245328
0.197371
0.143755
0.307748
0.440551
0.129288
0.315181
0.212955
0.084458
0.076228
0.108255
0.036084
0.149542
0.123359
0.394777
0.304750
0.075518
0.136291
0.147075
0.130873
0.066958
0.330066
0.222528
0.386998
0.272378
0.141824
0.378411
0.154080
0.369750
0.177544
0.253746
0.074569
0.142237
0.107324
0.155661
0.197395
0.269515
0.234902
0.192240
0.369623
0.188368
0.142990
0.206141
0.351201
0.219427
0.261757
0.204601
0.268786
0.148015
0.035160
0.192706
0.141811
0.300818
0.365247
0.260379
0.110471
0.199002
0.067409
0.104846
0.132363
0.305527
0.182716
0.250806
0.234599
0.222143
0.354419
0.310344
0.124128
0.091640
0.109802
0.090120
0.369964
0.164558
0.145983
0.275712
0.153803
0.173452
0.170175
0.449467
0.281289
0.083296
0.155982
0.348001
0.256693
0.072989
0.232540
0.282322
0.043771
0.147244
0.320599
0.143338
0.098948
0.176351
0.241153
0.202045
0.250985
0.140462
0.291705
0.211837
0.245146
0.417594
0.301897
0.357786
0.220997
0.067569
0.063863
0.127448
0.214229
0.179808
0.085895
0.236419
0.388505
0.141141
0.162338
0.180376
0.090012
0.088818
0.356083
0.098921
0.378874
0.230638
0.199753
0.390344
0.200681
0.235368
0.075928
0.238107
0.113838
0.205480
0.185325
0.158879
0.155160
0.284044
0.267510
0.207213
0.340706
0.085067
0.087732
0.196466
0.210313
0.189311
0.163426
0.161877
0.307875
0.213646
0.010499
0.233788
0.151653
0.309683
0.306862
0.281168
0.143193
0.203247
0.061323
0.067392
0.246368
0.298204
0.255668
0.277989
0.293838
0.202789
0.352270
0.331790
0.256770
0.168402
0.115506
0.133199
0.286958
0.164226
0.173956
0.214114
0.138185
0.234954
0.244575
0.431888
0.232422
0.071070
0.052355
0.356194
0.144320
0.106545
0.112204
0.300352
0.033204
0.237140
0.418353
0.104226
0.145248
0.123097
0.436652
0.397004
0.222555
0.144735
0.233414
0.190180
0.184728
0.408512
0.473895
0.328326
0.297991
0.043109
0.163155
0.159188
0.355431
0.240747
0.055549
0.171553
0.581641
0.156393
0.231285
0.173160
0.050202
0.134311
0.309185
0.073425
0.308841
0.324927
0.183725
0.375177
0.193613
0.215957
0.030263
0.148140
0.140081
0.182613
0.297541
0.109901
0.195031
0.255061
0.189329
0.121616
0.428024
0.050637
0.127365
0.141005
0.148198
0.136302
0.151932
0.207628
0.375799
0.324959
0.157967
0.263870
0.121714
0.266982
0.268560
0.159481
0.290499
0.253199
0.115837
0.073216
0.366143
0.092849
0.387001
0.378373
0.350832
0.141806
0.326164
0.318159
0.350489
0.175415
0.105875
0.139118
0.144121
0.139602
0.160484
0.175775
0.180696
0.288554
0.193850
0.301368
0.230065
0.270442
0.034352
0.303693
0.135041
0.136216
0.021934
0.320448
0.158882
0.297062
0.336312
0.083065
0.178222
0.140080
0.560206
0.351011
0.171495
0.146564
0.229852
0.134550
0.138083
0.421194
0.464451
0.239695
0.381661
0.091985
0.219934
0.311432
0.361167
0.282191
0.078171
0.114218
0.520338
0.147618
0.348007
0.216231
0.201047
0.199145
0.314176
0.127210
0.345051
0.341745
0.215789
0.418466
0.317473
0.236573
0.108202
0.077752
0.221384
0.194868
0.302915
0.118218
0.262039
0.215151
0.103462
0.265163
0.456437
0.305246
0.087951
0.067866
0.192885
0.078627
0.214806
0.256506
0.413921
0.207915
0.284951
0.159240
0.231353
0.223490
0.218338
0.048060
0.341737
0.373042
0.060490
0.145709
0.413830
0.095990
0.465475
0.394039
0.288258
0.077245
0.324555
0.238221
0.305591
0.098179
0.160104
0.220894
0.178871
0.203905
0.126364
0.171353
0.202020
0.276865
0.239381
0.234032
0.229379
0.321797
0.116259
0.352633
0.148346
0.169941
0.139130
0.441840
0.252507
0.236875
0.206773
0.039162
0.204216
0.235290
0.506474
0.226075
0.220243
0.204486
0.172036
0.128018
0.100450
0.472219
0.351196
0.302238
0.300553
0.070728
0.107078
0.452411
0.352358
0.407835
0.187954
0.061136
0.361258
0.134229
0.359856
0.144656
0.194194
0.233021
0.358169
0.199345
0.395403
0.288850
0.179679
0.278475
0.428259
0.161475
0.254382
0.064565
0.232858
0.305464
0.386075
0.158373
0.280319
0.113033
0.047267
0.380170
0.304466
0.369101
0.115961
0.148280
0.172727
0.081077
0.144155
0.185414
0.400733
0.160077
0.254519
0.018599
0.205686
0.129643
0.100452
0.071930
0.383643
0.522894
0.095980
0.101131
0.377125
0.040347
0.517081
0.302224
0.117365
0.132191
0.370500
0.175658
0.205223
0.029063
0.095955
0.357576
0.182682
0.210925
0.241790
0.109223
0.245252
0.253156
0.141640
0.200932
0.128138
0.218789
0.203048
0.322769
0.194945
0.105090
0.257471
0.445595
0.228098
0.103768
0.098588
0.028794
0.222299
0.339047
0.463020
0.135809
0.189481
0.249985
0.300318
