# G_5, p = 0.4000 GPa (dir_4000.0_bar).
# 6MR distortion Gamma = (1/2)(max - min) over the three opposite-O diagonals.
# 40 rings x 51 frames = 2040 samples.
# Column: per-6MR Gamma [A]
0.000685
0.000572
0.000674
0.000572
0.000547
0.000482
0.000546
0.000482
0.000639
0.000526
0.000629
0.000526
0.000625
0.000507
0.000603
0.000507
0.000967
0.000612
0.000937
0.000612
0.000830
0.000579
0.000840
0.000560
0.000881
0.000579
0.000868
0.000579
0.000927
0.000612
0.000925
0.000612
0.000501
0.000514
0.000468
0.000547
0.000514
0.000501
0.000468
0.000547
0.452765
0.199387
0.236838
0.272263
0.033041
0.086760
0.170555
0.122997
0.224279
0.468585
0.115781
0.308246
0.379915
0.188711
0.233963
0.166601
0.149975
0.097371
0.215554
0.072061
0.165093
0.089793
0.015249
0.126954
0.169545
0.134664
0.324939
0.187051
0.369649
0.230044
0.121864
0.294415
0.217467
0.352067
0.113292
0.156006
0.128678
0.162938
0.171034
0.144703
0.451117
0.185014
0.145570
0.106093
0.177890
0.217612
0.186975
0.231713
0.399056
0.462681
0.111108
0.370447
0.283281
0.209973
0.256203
0.131875
0.125239
0.090075
0.203576
0.048078
0.267360
0.299329
0.138316
0.104664
0.161135
0.507186
0.272271
0.198188
0.459584
0.473921
0.432729
0.470869
0.207279
0.439079
0.095462
0.068169
0.206777
0.241173
0.056201
0.170157
0.215509
0.196774
0.314613
0.096434
0.014274
0.175803
0.289596
0.338621
0.303924
0.397452
0.205571
0.285094
0.153252
0.096679
0.184689
0.353861
0.202820
0.195238
0.190877
0.160935
0.264546
0.110769
0.120118
0.208985
0.145603
0.228734
0.177057
0.240923
0.175668
0.337584
0.149733
0.225656
0.298626
0.262830
0.161989
0.269264
0.182599
0.167864
0.154453
0.077587
0.151218
0.034086
0.137545
0.145244
0.075767
0.233606
0.076957
0.151244
0.248295
0.157625
0.261897
0.175143
0.291830
0.278606
0.163212
0.190543
0.176833
0.102612
0.276961
0.270522
0.188891
0.082782
0.147026
0.168209
0.068472
0.171362
0.064456
0.117206
0.052126
0.185347
0.135288
0.141174
0.322549
0.095504
0.158830
0.380406
0.348770
0.187464
0.177889
0.383976
0.248758
0.143635
0.202978
0.177559
0.112827
0.253719
0.323727
0.126905
0.382636
0.146882
0.074980
0.196644
0.196579
0.306508
0.261595
0.309528
0.351175
0.060363
0.200239
0.256949
0.282823
0.156336
0.104133
0.331039
0.129307
0.324015
0.161195
0.379215
0.104100
0.285210
0.227843
0.372230
0.223137
0.319759
0.203826
0.117444
0.399148
0.060174
0.177148
0.243969
0.105162
0.095276
0.376299
0.301838
0.120939
0.341544
0.108481
0.039278
0.399592
0.192773
0.083857
0.088435
0.139703
0.155519
0.434593
0.221812
0.243541
0.038211
0.326807
0.092134
0.333841
0.274967
0.114521
0.213119
0.148935
0.066437
0.047259
0.289365
0.159834
0.453701
0.112105
0.238397
0.281940
0.185905
0.083118
0.127954
0.355146
0.064361
0.086639
0.034491
0.230486
0.168938
0.134572
0.147925
0.116498
0.073043
0.060171
0.354638
0.184169
0.288096
0.295496
0.129603
0.108767
0.134639
0.129774
0.130255
0.089643
0.124312
0.163349
0.142227
0.107325
0.200186
0.145789
0.245253
0.086777
0.131110
0.219773
0.084242
0.203590
0.333682
0.088851
0.223952
0.366741
0.220573
0.155344
0.264680
0.223086
0.138152
0.307422
0.214658
0.269855
0.177079
0.268848
0.163114
0.355967
0.132034
0.318325
0.238441
0.143507
0.326987
0.276136
0.386872
0.209614
0.364966
0.163425
0.058067
0.163145
0.327919
0.150398
0.217508
0.080752
0.170102
0.117807
0.080438
0.352581
0.040726
0.188093
0.105379
0.273992
0.320783
0.264226
0.306067
0.153888
0.310666
0.140994
0.342009
0.486842
0.224334
0.280728
0.318927
0.108011
0.156482
0.311948
0.190667
0.142385
0.390852
0.076192
0.031277
0.387017
0.272145
0.451812
0.235459
0.126366
0.458985
0.158088
0.035829
0.156523
0.363406
0.116487
0.263569
0.115506
0.362551
0.205023
0.265580
0.358888
0.107227
0.148646
0.106149
0.106502
0.105787
0.235729
0.136953
0.253274
0.123513
0.202015
0.206909
0.417236
0.225104
0.154249
0.312930
0.022780
0.298519
0.232428
0.194747
0.345992
0.139930
0.113021
0.189083
0.462956
0.178910
0.210437
0.145098
0.028508
0.429878
0.310133
0.134679
0.307205
0.223862
0.036780
0.075010
0.147169
0.339874
0.179238
0.214579
0.164005
0.062553
0.334546
0.102275
0.309052
0.238066
0.128984
0.205805
0.150026
0.144332
0.374137
0.034792
0.173040
0.170494
0.054476
0.074213
0.160493
0.455831
0.114037
0.182137
0.228263
0.087624
0.074331
0.175145
0.361212
0.146909
0.257288
0.177628
0.104628
0.355509
0.164867
0.131582
0.061062
0.379550
0.172099
0.248178
0.103029
0.157812
0.251077
0.261433
0.371576
0.308734
0.257229
0.093166
0.327486
0.281746
0.111621
0.223966
0.166014
0.281688
0.054347
0.137241
0.141384
0.364865
0.270949
0.360952
0.339875
0.228828
0.232809
0.019540
0.167534
0.109921
0.063678
0.075178
0.134738
0.135748
0.318564
0.242335
0.209697
0.077620
0.137972
0.137519
0.233408
0.370037
0.156286
0.494206
0.406764
0.081613
0.284834
0.228561
0.316536
0.258570
0.118382
0.055570
0.201296
0.252758
0.201257
0.291831
0.120474
0.336122
0.258927
0.150613
0.215012
0.141158
0.100797
0.342597
0.148997
0.236507
0.077936
0.174450
0.195274
0.425483
0.059693
0.272420
0.367821
0.263240
0.162893
0.238514
0.353109
0.329007
0.086537
0.362489
0.105792
0.232273
0.149219
0.385237
0.310523
0.056642
0.416552
0.113491
0.245208
0.039918
0.188007
0.367833
0.135322
0.122999
0.292563
0.195774
0.138570
0.120650
0.223156
0.075539
0.252396
0.052259
0.265236
0.153130
0.313208
0.225274
0.378191
0.165417
0.124510
0.470142
0.074832
0.150082
0.393067
0.201717
0.094695
0.185334
0.240253
0.456957
0.053763
0.368103
0.159125
0.310977
0.150065
0.343775
0.096136
0.153077
0.210012
0.071913
0.161361
0.138619
0.321627
0.292341
0.102119
0.040861
0.214838
0.284665
0.220711
0.139211
0.175856
0.185743
0.250501
0.170032
0.302782
0.328658
0.326001
0.354897
0.262791
0.251836
0.032093
0.173519
0.104788
0.102227
0.158129
0.233231
0.294143
0.377416
0.141882
0.261847
0.107392
0.096620
0.213392
0.193253
0.176401
0.046648
0.238291
0.288707
0.013439
0.245143
0.130009
0.102447
0.228973
0.113888
0.188230
0.093187
0.307827
0.130717
0.128788
0.092581
0.025780
0.278680
0.203935
0.224285
0.250785
0.326439
0.232398
0.229251
0.223717
0.358395
0.064176
0.131259
0.350799
0.134007
0.027597
0.092620
0.110171
0.260449
0.290613
0.115037
0.088856
0.376698
0.105358
0.175156
0.149316
0.305169
0.109151
0.254371
0.086810
0.269774
0.220678
0.058836
0.061853
0.334127
0.186583
0.146000
0.334187
0.116612
0.126118
0.179606
0.104300
0.160606
0.024421
0.038276
0.206143
0.300080
0.162884
0.300188
0.185788
0.339905
0.268638
0.176387
0.154397
0.404386
0.320196
0.205554
0.031403
0.052267
0.348136
0.394892
0.099014
0.505516
0.091867
0.132148
0.247747
0.212138
0.278604
0.321709
0.112572
0.169841
0.110123
0.196703
0.137562
0.308354
0.080161
0.119018
0.250597
0.147783
0.157360
0.218651
0.134979
0.222815
0.392818
0.152164
0.221571
0.121569
0.211897
0.192072
0.236599
0.255899
0.264506
0.121544
0.402111
0.339488
0.300321
0.154966
0.092054
0.134309
0.102023
0.375214
0.070335
0.340679
0.372836
0.197325
0.210727
0.261778
0.174506
0.237109
0.060581
0.200134
0.072144
0.059383
0.202563
0.241889
0.206797
0.053382
0.308548
0.297062
0.092159
0.211242
0.108786
0.070086
0.229305
0.198531
0.255114
0.376356
0.362526
0.081500
0.158403
0.156437
0.242858
0.250932
0.275019
0.177561
0.010292
0.231925
0.271674
0.204569
0.202208
0.068752
0.271192
0.173148
0.449751
0.074136
0.140571
0.218263
0.113346
0.083222
0.156014
0.031434
0.089681
0.151343
0.217683
0.226027
0.150868
0.149696
0.144306
0.321208
0.190890
0.130497
0.032239
0.215076
0.158998
0.197071
0.238773
0.345879
0.133934
0.057500
0.151583
0.316239
0.097177
0.138338
0.168133
0.467330
0.126829
0.362378
0.174697
0.152236
0.083996
0.076240
0.127862
0.228157
0.348267
0.183339
0.171484
0.233893
0.053915
0.298272
0.271493
0.254755
0.122381
0.144700
0.242483
0.247336
0.119985
0.092913
0.256643
0.183593
0.296924
0.244646
0.093831
0.194109
0.068054
0.106333
0.179492
0.243268
0.181944
0.149293
0.366735
0.367468
0.486138
0.144783
0.043146
0.276224
0.041307
0.494599
0.104388
0.182762
0.257730
0.218844
0.082073
0.228666
0.074027
0.363049
0.120466
0.184104
0.108563
0.313827
0.152689
0.169065
0.117660
0.039806
0.206705
0.300046
0.093066
0.070451
0.349853
0.120647
0.151663
0.230571
0.105348
0.251004
0.153749
0.178946
0.204587
0.187726
0.141791
0.156941
0.483694
0.342647
0.231980
0.163093
0.203905
0.111546
0.130865
0.355956
0.127857
0.036062
0.310431
0.195620
0.168550
0.290776
0.139900
0.187211
0.248737
0.088270
0.105602
0.122269
0.205946
0.165990
0.307427
0.060509
0.327564
0.198852
0.074857
0.214318
0.246295
0.084604
0.145360
0.141344
0.085310
0.221723
0.145103
0.245121
0.088810
0.073310
0.305927
0.078960
0.254757
0.132824
0.221409
0.097647
0.284101
0.113344
0.173746
0.153481
0.171247
0.049231
0.243350
0.115244
0.125800
0.170635
0.342123
0.193626
0.246472
0.042975
0.062345
0.162493
0.181117
0.108963
0.255494
0.189674
0.072829
0.019986
0.383884
0.095132
0.126264
0.189956
0.105689
0.039678
0.093838
0.271115
0.034622
0.110019
0.031175
0.252617
0.325030
0.099214
0.293109
0.138706
0.187394
0.113856
0.049141
0.450744
0.174214
0.290175
0.051042
0.038655
0.259270
0.142871
0.050073
0.105257
0.476653
0.141638
0.354370
0.113342
0.025651
0.006136
0.246621
0.088838
0.107001
0.262251
0.305863
0.041865
0.309199
0.037995
0.049650
0.129809
0.070930
0.143001
0.112769
0.292539
0.156544
0.093032
0.180721
0.181254
0.044570
0.107632
0.250959
0.174112
0.108787
0.290130
0.282030
0.131894
0.313546
0.368548
0.095556
0.096794
0.275698
0.169087
0.160587
0.129664
0.143123
0.267860
0.254283
0.143140
0.181347
0.091333
0.384546
0.178199
0.358921
0.382426
0.480851
0.128594
0.242096
0.092648
0.331638
0.143699
0.163118
0.156829
0.106977
0.151393
0.170856
0.026270
0.136471
0.223899
0.235935
0.106719
0.177915
0.344819
0.091721
0.259762
0.328845
0.348336
0.361043
0.287234
0.132022
0.185255
0.325720
0.381178
0.205377
0.323521
0.407090
0.287360
0.218980
0.067211
0.371020
0.165191
0.472143
0.123190
0.335258
0.091130
0.306660
0.149100
0.179676
0.130758
0.042255
0.085836
0.300977
0.185994
0.159507
0.183374
0.261902
0.106600
0.042800
0.085470
0.187095
0.202556
0.133277
0.201006
0.171592
0.085015
0.298814
0.308482
0.115436
0.085712
0.259424
0.207067
0.235506
0.108327
0.112967
0.045103
0.199946
0.040097
0.265776
0.073349
0.127332
0.186827
0.225785
0.147043
0.124848
0.204298
0.160419
0.274276
0.184541
0.106572
0.314059
0.079112
0.216871
0.065463
0.163921
0.060684
0.107759
0.190110
0.277145
0.241636
0.223409
0.105415
0.155449
0.135992
0.104155
0.197336
0.132997
0.097415
0.247171
0.294292
0.199268
0.095274
0.149467
0.187974
0.128901
0.207008
0.200791
0.095790
0.301830
0.195075
0.099684
0.087574
0.353136
0.067893
0.256948
0.105604
0.106314
0.027964
0.145237
0.403866
0.334987
0.287158
0.210473
0.219252
0.125270
0.343696
0.270648
0.215247
0.213522
0.208752
0.108430
0.159658
0.396492
0.215810
0.159729
0.369492
0.136894
0.221735
0.322439
0.232979
0.251191
0.074044
0.171062
0.494196
0.351631
0.374149
0.451025
0.217084
0.260320
0.054229
0.184901
0.304330
0.348531
0.303362
0.260404
0.239809
0.214267
0.285894
0.222011
0.434293
0.190814
0.227836
0.157010
0.165291
0.041618
0.340767
0.525888
0.148304
0.045871
0.193411
0.356298
0.204096
0.404110
0.124882
0.397528
0.303456
0.358765
0.152792
0.220929
0.136740
0.163289
0.080137
0.076365
0.421058
0.166095
0.156110
0.268605
0.290014
0.171457
0.173039
0.218271
0.408998
0.173344
0.155818
0.243077
0.043750
0.129309
0.320887
0.259083
0.225788
0.082759
0.179468
0.374781
0.268748
0.195018
0.172586
0.195757
0.078523
0.120122
0.127558
0.195906
0.216521
0.634742
0.168500
0.190752
0.126196
0.023357
0.158587
0.189008
0.222764
0.086917
0.218823
0.298851
0.164564
0.052887
0.253003
0.078132
0.116514
0.345139
0.314980
0.008127
0.247976
0.277559
0.153617
0.259576
0.114273
0.086579
0.127660
0.059797
0.213045
0.181509
0.151731
0.317142
0.142603
0.212264
0.081466
0.088588
0.228721
0.163284
0.556317
0.382495
0.057823
0.271994
0.058161
0.239992
0.076582
0.292895
0.310588
0.170907
0.187697
0.076621
0.204719
0.293209
0.204831
0.209274
0.342286
0.200935
0.102464
0.057306
0.367831
0.056384
0.155459
0.301886
0.166592
0.105881
0.123973
0.199293
0.248749
0.295008
0.347418
0.247620
0.103703
0.244190
0.188446
0.017796
0.405383
0.172960
0.173494
0.306302
0.610192
0.614493
0.111423
0.186673
0.114342
0.340511
0.171668
0.216212
0.337714
0.143050
0.037621
0.098861
0.246739
0.213895
0.255228
0.324763
0.300083
0.241210
0.187347
0.068439
0.217521
0.023111
0.283325
0.172980
0.220255
0.125567
0.047749
0.269193
0.035931
0.491707
0.478488
0.097100
0.121609
0.175973
0.040329
0.128432
0.053663
0.304170
0.145249
0.124691
0.108703
0.452891
0.284861
0.240001
0.158780
0.251020
0.072616
0.104911
0.175118
0.196337
0.134509
0.204400
0.038629
0.306108
0.078425
0.228643
0.151360
0.192212
0.179892
0.212433
0.071578
0.041485
0.192519
0.197071
0.049149
0.080878
0.071551
0.018555
0.012235
0.460262
0.041863
0.114761
0.147973
0.379125
0.234791
0.196281
0.426300
0.238124
0.050599
0.117731
0.145153
0.307357
0.334464
0.247998
0.108594
0.022406
0.204448
0.147644
0.339225
0.127297
0.054059
0.195403
0.110649
0.327386
0.011847
0.207093
0.204584
0.222690
0.246560
0.312497
0.315427
0.089586
0.316499
0.067420
0.054385
0.187305
0.048719
0.178457
0.040467
0.033089
0.278764
0.129600
0.153239
0.291559
0.191606
0.187370
0.234010
0.161701
0.323384
0.098969
0.270704
0.211177
0.187414
0.257120
0.181104
0.175399
0.246134
0.260322
0.248109
0.166489
0.091577
0.177475
0.236830
0.237213
0.259523
0.102688
0.073965
0.437519
0.078999
0.326053
0.236912
0.148521
0.205176
0.101497
0.116698
0.100093
0.097328
0.239165
0.188712
0.394125
0.235732
0.057904
0.457676
0.094707
0.116287
0.045994
0.216782
0.216473
0.186247
0.101037
0.257713
0.422887
0.156159
0.093145
0.249869
0.324453
0.232091
0.015514
0.168859
0.087928
0.110225
0.083652
0.348935
0.297789
0.150333
0.266240
0.048805
0.181050
0.185477
0.207072
0.259492
0.219281
0.181360
0.039717
0.156748
0.162593
0.138909
0.187852
0.143858
0.351500
0.100048
0.151953
0.236571
0.213022
0.175891
0.012087
0.232212
0.061788
0.083368
0.211104
0.195946
0.405077
0.252163
0.299431
0.150709
0.105369
0.370683
0.284419
0.180671
0.121315
0.176590
0.204517
0.058964
0.226809
0.228674
0.213916
0.128459
0.116413
0.218228
0.183661
0.177629
0.120425
0.180096
0.086690
0.103813
0.096857
0.145476
0.100430
0.318655
0.134445
0.152387
0.134475
0.381038
0.300517
0.350810
0.054034
0.282974
0.214259
0.121631
0.170785
0.141976
0.342067
0.252901
0.264634
0.194846
0.277158
0.240017
0.309062
0.241834
0.129299
0.191987
0.189765
0.159708
0.348414
0.156523
0.061280
0.059565
0.192191
0.095507
0.174376
0.112907
0.062581
0.136731
0.092622
0.185820
0.143877
0.090743
0.154645
0.055995
0.103560
0.077239
0.034348
0.282684
0.265504
0.278824
0.091255
0.261235
0.083605
0.167018
0.311833
0.094719
0.111600
0.303445
0.083108
0.163404
0.376010
0.070838
0.165507
0.114915
0.109738
0.113160
0.198135
0.234691
0.385540
0.052668
0.154045
0.159818
0.183283
0.224477
0.145390
0.278849
0.293914
0.146241
0.134966
0.201770
0.215979
0.138743
0.209983
0.118177
0.044189
0.252842
0.223781
0.187021
0.246933
0.055075
0.149014
0.077799
0.154677
0.197536
0.233680
0.080752
0.157507
0.269744
0.320640
0.179629
0.105103
0.172991
0.130690
0.297720
0.107387
0.153851
0.049228
0.182692
0.253602
0.198697
0.150184
0.246417
0.108577
0.279372
0.255132
0.247493
0.205702
0.160002
0.065409
0.148614
0.309379
0.108743
0.030757
0.104878
0.095610
0.287779
0.382457
0.195599
0.188231
0.013518
0.308847
0.111580
0.308572
0.042941
0.182533
0.158729
0.094782
0.176098
0.369266
0.223668
0.034397
0.207781
0.135805
0.237249
0.323899
0.266719
0.220789
0.051421
0.128329
0.324910
0.216338
0.328802
0.080784
0.280888
0.099954
0.098255
0.111072
0.105790
0.303512
0.029085
0.338338
0.218539
0.226747
0.098322
0.113205
0.085237
0.063591
0.265446
0.218737
0.131046
0.416149
0.172078
0.207795
0.189519
0.312709
0.089561
0.063571
0.045510
0.180160
0.188424
0.051054
0.160668
0.206768
0.187026
0.048770
0.242619
0.129256
0.115344
0.247682
0.195288
0.235693
0.090441
0.151430
0.365546
0.223212
0.095764
0.054932
0.099023
0.187631
0.309596
0.353502
0.234362
0.221290
0.222905
0.105107
0.222319
0.098354
0.268370
0.361136
0.224563
0.099203
0.010559
0.221396
0.122226
0.222862
0.097420
0.138875
0.133536
0.481356
0.062612
0.147172
0.152359
0.176000
0.170317
0.359062
0.165340
0.055478
0.216284
0.228960
0.072758
0.192708
0.033352
0.149948
0.192529
0.185181
0.216815
0.137493
0.141182
0.173595
0.268470
0.128885
0.149886
0.066694
0.190608
0.212920
0.153016
0.128116
0.104442
0.199055
0.366890
0.231648
0.050064
0.239758
0.169737
0.112722
0.047670
0.101959
0.187118
0.367609
0.230133
0.162976
0.126569
0.249669
0.156844
0.358384
0.110884
0.106747
0.238578
0.280294
0.213698
0.316253
0.222234
0.106927
0.104579
0.240212
0.148850
0.206637
0.194742
0.101680
0.079224
0.413590
0.020224
0.210667
0.317470
0.196531
0.198590
0.115092
0.221535
0.095819
0.081375
0.287343
0.066731
0.199706
0.274109
0.125231
0.069165
0.167937
0.180416
0.212946
0.147632
0.222020
0.038210
0.159135
0.152201
0.226572
0.236539
0.262002
0.282868
0.116929
0.103085
0.179940
0.256966
0.178071
0.100854
0.203351
0.238619
0.223885
0.068814
0.357941
0.189597
0.228006
0.143509
0.240441
0.137059
0.209414
0.442400
0.095332
0.082811
0.327585
0.157793
0.175612
0.108870
0.020467
0.018639
0.385429
0.103220
0.148589
0.249851
0.383016
0.261758
0.204314
0.013711
0.127473
0.133845
0.066905
0.103270
0.272280
0.142590
0.186304
0.065064
0.109967
0.170258
0.462038
0.116473
0.114258
0.160912
0.259907
0.081324
0.221509
0.379873
0.108620
0.098330
0.089930
0.249049
0.052111
0.202338
0.140807
0.144060
0.587398
0.125378
0.108810
0.151845
0.164700
0.219119
0.199637
0.244208
0.199735
0.310328
0.266824
0.025034
0.047040
0.163043
0.418476
0.175330
0.240447
0.196941
0.074635
0.028561
0.313872
0.169392
0.207130
0.007140
0.391573
0.154356
0.137955
0.090849
0.230563
0.150593
0.062247
0.362937
0.028952
0.224625
0.157192
0.215336
0.179266
0.030061
0.233539
0.197459
0.358518
0.038372
0.044247
0.120378
0.037170
0.220109
0.320853
0.239117
0.227778
0.239586
0.326576
0.108662
0.221541
0.303068
0.198049
0.264771
0.308291
0.145470
0.118081
0.036672
0.215698
0.319115
0.037534
0.174888
0.173223
0.373725
0.125787
0.128346
0.666009
0.202124
0.196273
0.177111
0.276500
0.236177
0.211695
0.057774
0.147659
0.292044
0.116245
0.062195
0.027018
0.118368
0.218995
0.113763
0.032292
0.238109
0.242207
0.078377
0.167293
0.120809
0.318286
0.186229
0.038625
0.196355
0.207320
0.163922
0.155925
0.116196
0.203566
0.020741
0.078036
0.302766
0.112926
0.145784
0.330721
0.356939
0.248149
0.170501
0.483825
0.152420
0.241701
0.409204
0.243163
0.353968
0.143478
0.125204
0.118626
0.437288
0.317834
0.229429
0.255407
0.140112
0.294805
0.164703
0.288580
0.032791
0.130118
0.231578
