# G_5, p = 0.0000 GPa (dir_0.0_bar).
# 6MR distortion Gamma = (1/2)(max - min) over the three opposite-O diagonals.
# 40 rings x 51 frames = 2040 samples.
# Column: per-6MR Gamma [A]
0.002628
0.002114
0.002613
0.002344
0.002628
0.002383
0.002659
0.002211
0.002701
0.002418
0.002729
0.002239
0.002840
0.002581
0.002762
0.002507
0.002811
0.002543
0.002824
0.002286
0.002708
0.002315
0.002753
0.002483
0.002589
0.002281
0.002597
0.002284
0.002657
0.002162
0.002704
0.002393
0.002448
0.002315
0.002462
0.002436
0.002287
0.002296
0.002377
0.002374
0.456246
0.223510
0.236699
0.211386
0.031742
0.087171
0.134603
0.123882
0.202013
0.465774
0.103882
0.306428
0.382661
0.215714
0.304473
0.197107
0.158078
0.118125
0.197421
0.079825
0.178197
0.060197
0.015889
0.125887
0.200379
0.132225
0.333501
0.187472
0.354763
0.222784
0.105990
0.299493
0.224653
0.360213
0.093419
0.186171
0.148048
0.181161
0.187612
0.123574
0.411435
0.211646
0.105184
0.073771
0.152116
0.200535
0.202622
0.224843
0.340500
0.414321
0.138605
0.320522
0.245822
0.187686
0.300611
0.116316
0.075187
0.102506
0.176156
0.039204
0.234238
0.190272
0.124617
0.125348
0.150586
0.508587
0.328040
0.216168
0.392912
0.363385
0.399327
0.512169
0.170307
0.410711
0.099067
0.093923
0.196582
0.262256
0.081027
0.198505
0.173015
0.208141
0.368611
0.058903
0.074559
0.101010
0.265361
0.353536
0.230208
0.286630
0.241786
0.220747
0.148121
0.150343
0.136186
0.359644
0.200729
0.169583
0.176100
0.150484
0.237875
0.179620
0.102850
0.202351
0.209164
0.316928
0.193599
0.241853
0.169126
0.219785
0.179847
0.262428
0.287112
0.221377
0.149095
0.254358
0.182489
0.189819
0.214991
0.042156
0.127485
0.083671
0.085765
0.107075
0.066142
0.259289
0.082518
0.153243
0.120339
0.089047
0.265370
0.126186
0.281555
0.363536
0.126573
0.133211
0.126783
0.087771
0.295250
0.282405
0.244377
0.102527
0.058608
0.147235
0.090874
0.165626
0.086213
0.121673
0.034334
0.229525
0.189800
0.103516
0.365560
0.098958
0.169631
0.323640
0.395785
0.214860
0.209240
0.284016
0.271338
0.177623
0.120397
0.188748
0.085420
0.259813
0.269867
0.168360
0.445446
0.131186
0.103430
0.142954
0.195144
0.338705
0.295612
0.260166
0.303687
0.060562
0.219056
0.261103
0.278238
0.152582
0.085386
0.327576
0.108994
0.343713
0.158386
0.414262
0.124556
0.276158
0.232189
0.294932
0.180189
0.338791
0.191078
0.143043
0.526889
0.073104
0.140368
0.212897
0.121454
0.163989
0.360621
0.309310
0.152379
0.321271
0.056895
0.017498
0.362442
0.195390
0.128597
0.101362
0.095909
0.139892
0.436818
0.192362
0.210497
0.073565
0.351572
0.142433
0.281723
0.225658
0.062100
0.254744
0.083070
0.131385
0.096531
0.290886
0.123916
0.354036
0.111572
0.218743
0.295062
0.243572
0.175193
0.060421
0.320746
0.083500
0.066445
0.058131
0.213248
0.187487
0.214470
0.131102
0.172157
0.079272
0.088762
0.389408
0.011807
0.311924
0.271699
0.104961
0.220631
0.110669
0.166734
0.063524
0.084189
0.109990
0.180619
0.228437
0.058505
0.118293
0.200498
0.297968
0.102770
0.190533
0.179317
0.120894
0.257203
0.265298
0.052006
0.209772
0.449917
0.062516
0.199831
0.259047
0.218900
0.149980
0.297828
0.201668
0.293754
0.131073
0.369973
0.103592
0.405644
0.075180
0.324087
0.297061
0.254766
0.243967
0.331504
0.248933
0.254775
0.484663
0.141823
0.096663
0.122418
0.274930
0.110494
0.244444
0.150551
0.167006
0.072966
0.061894
0.364648
0.007955
0.139069
0.266485
0.325590
0.326725
0.215203
0.327495
0.237556
0.266062
0.082510
0.318701
0.474859
0.174757
0.224027
0.249917
0.148922
0.236299
0.276463
0.202210
0.081107
0.399235
0.118350
0.122895
0.447529
0.292721
0.468023
0.191635
0.017226
0.491064
0.189806
0.046290
0.182689
0.295739
0.108907
0.254404
0.167024
0.318309
0.152270
0.268272
0.323706
0.133159
0.150417
0.091506
0.144581
0.090931
0.290757
0.101075
0.353315
0.231068
0.280466
0.264362
0.356371
0.149175
0.014430
0.327682
0.092157
0.247902
0.282922
0.092407
0.377215
0.241824
0.166068
0.308924
0.333977
0.156603
0.117477
0.163291
0.125270
0.369424
0.275584
0.175143
0.375971
0.170394
0.165489
0.094313
0.037806
0.215980
0.282973
0.202929
0.036257
0.203942
0.303656
0.110218
0.444418
0.204145
0.114762
0.198083
0.220806
0.017105
0.293714
0.098625
0.201875
0.164092
0.134741
0.052302
0.242810
0.276710
0.066472
0.092272
0.160293
0.051267
0.065806
0.202697
0.238506
0.126708
0.398783
0.208391
0.191837
0.467102
0.137729
0.173757
0.134934
0.276960
0.187741
0.319042
0.093477
0.134522
0.215324
0.276968
0.433638
0.355638
0.296006
0.088464
0.383616
0.293319
0.055167
0.223340
0.222841
0.229655
0.056043
0.015976
0.152950
0.283751
0.185701
0.380663
0.325237
0.053026
0.140684
0.057316
0.304310
0.147850
0.071738
0.100864
0.234830
0.127501
0.380383
0.205084
0.189667
0.034122
0.079326
0.138599
0.222845
0.368467
0.075676
0.452526
0.304612
0.116418
0.260373
0.328181
0.323045
0.175140
0.154553
0.146980
0.168294
0.231962
0.240490
0.318792
0.094607
0.174911
0.223102
0.096807
0.247343
0.091026
0.079603
0.320838
0.140691
0.151112
0.030553
0.297897
0.190899
0.375727
0.088651
0.335195
0.401040
0.234092
0.171195
0.154840
0.273090
0.255616
0.024403
0.310734
0.239375
0.150533
0.325382
0.295067
0.132355
0.062651
0.264328
0.278654
0.225833
0.143794
0.297611
0.318708
0.058777
0.089873
0.235671
0.155855
0.156261
0.081135
0.294608
0.126032
0.159131
0.007488
0.325889
0.243667
0.388873
0.260321
0.268743
0.239147
0.119944
0.305679
0.081415
0.206800
0.316451
0.209724
0.122104
0.065235
0.190099
0.404051
0.076388
0.334176
0.118749
0.117629
0.142722
0.267868
0.110891
0.107156
0.037244
0.115771
0.137826
0.252283
0.450323
0.160718
0.185552
0.055216
0.267910
0.133867
0.248686
0.057603
0.213371
0.081128
0.344647
0.219137
0.330731
0.334072
0.428131
0.429257
0.187187
0.275936
0.074209
0.115781
0.073552
0.099147
0.055525
0.118705
0.296688
0.311626
0.051385
0.320987
0.067441
0.077264
0.180943
0.156470
0.198174
0.025024
0.134052
0.213570
0.048273
0.287578
0.132474
0.081954
0.220802
0.219752
0.254237
0.076249
0.300517
0.208452
0.086597
0.074097
0.074675
0.214552
0.263278
0.201414
0.194523
0.303458
0.170488
0.195642
0.220278
0.297255
0.152958
0.152795
0.283989
0.253037
0.098032
0.199496
0.056277
0.200146
0.306955
0.097870
0.190931
0.391469
0.083573
0.262265
0.179187
0.261790
0.077252
0.270989
0.149360
0.292692
0.254963
0.083197
0.104707
0.399989
0.093997
0.206546
0.264675
0.170123
0.157561
0.252984
0.211794
0.139561
0.050448
0.120996
0.199792
0.243568
0.143547
0.113501
0.167558
0.322534
0.250117
0.193373
0.244439
0.506622
0.450777
0.274410
0.163516
0.085250
0.290540
0.406788
0.080367
0.479023
0.272656
0.121270
0.345800
0.207444
0.196318
0.379324
0.180743
0.280458
0.124475
0.144576
0.187027
0.241567
0.124229
0.108185
0.273716
0.113612
0.080055
0.214801
0.144076
0.116042
0.268308
0.224674
0.206497
0.052210
0.393601
0.167893
0.218169
0.287183
0.251556
0.089146
0.281102
0.293264
0.262185
0.094674
0.081723
0.084266
0.025357
0.238908
0.107803
0.232911
0.288703
0.121706
0.310997
0.342495
0.227431
0.139382
0.139598
0.238008
0.144027
0.104466
0.242647
0.193850
0.143172
0.144318
0.262078
0.256238
0.121964
0.273655
0.172802
0.151105
0.188635
0.128484
0.240284
0.268948
0.403358
0.226838
0.141739
0.215049
0.150243
0.138684
0.176610
0.223763
0.015504
0.136857
0.277597
0.126895
0.327354
0.249942
0.134530
0.209356
0.335177
0.067505
0.174715
0.331693
0.027867
0.193118
0.164083
0.105202
0.054058
0.135049
0.349158
0.282078
0.101747
0.145723
0.190362
0.238600
0.184188
0.214911
0.070625
0.129600
0.270769
0.201910
0.205993
0.325443
0.065597
0.141663
0.229892
0.418030
0.389489
0.094829
0.048033
0.477741
0.090632
0.279225
0.076101
0.105911
0.189272
0.098699
0.159891
0.124974
0.101200
0.064390
0.272671
0.209677
0.045172
0.333466
0.410193
0.300238
0.217139
0.104457
0.351592
0.252097
0.122347
0.103866
0.292266
0.134186
0.194851
0.236829
0.084074
0.250952
0.139826
0.141362
0.169638
0.255987
0.357543
0.117759
0.358775
0.375467
0.482502
0.141496
0.066306
0.327111
0.064290
0.428349
0.069445
0.082160
0.255340
0.109828
0.145017
0.166648
0.219060
0.124235
0.142660
0.037225
0.083206
0.255278
0.289525
0.054364
0.118326
0.068295
0.314236
0.258600
0.096466
0.062106
0.293978
0.093915
0.154674
0.222217
0.060201
0.249842
0.060435
0.060616
0.220005
0.169201
0.240166
0.083895
0.563462
0.309190
0.143803
0.134389
0.268896
0.113064
0.191215
0.319397
0.121150
0.099178
0.409122
0.092129
0.165014
0.193341
0.186541
0.277757
0.232823
0.091305
0.096619
0.179626
0.162329
0.089166
0.260238
0.058871
0.253159
0.164737
0.151940
0.245964
0.123666
0.076164
0.128167
0.138330
0.213844
0.218958
0.075717
0.161533
0.047045
0.060723
0.209187
0.127144
0.288123
0.064213
0.139695
0.165659
0.248995
0.193275
0.139542
0.125533
0.232415
0.122472
0.270807
0.094408
0.156098
0.146170
0.200252
0.241870
0.284527
0.090583
0.187053
0.149642
0.019321
0.068469
0.167602
0.193416
0.134655
0.128169
0.330879
0.275658
0.145420
0.258173
0.092892
0.058349
0.099390
0.259562
0.180249
0.045498
0.073666
0.288336
0.244007
0.101088
0.338429
0.238616
0.236615
0.087006
0.192735
0.253546
0.239864
0.228232
0.138843
0.086764
0.320238
0.108601
0.356138
0.100648
0.030848
0.017574
0.223571
0.233035
0.119505
0.188936
0.088247
0.081926
0.241304
0.212703
0.355890
0.077761
0.249443
0.027562
0.117739
0.096748
0.053765
0.154914
0.133562
0.123506
0.154195
0.065469
0.182850
0.182685
0.176271
0.110952
0.287306
0.200100
0.050673
0.380395
0.220987
0.137600
0.325547
0.329898
0.070992
0.023956
0.304105
0.139040
0.279174
0.141801
0.259881
0.344837
0.161549
0.103311
0.165482
0.187634
0.254499
0.212473
0.455238
0.305151
0.391526
0.088903
0.226966
0.113132
0.244059
0.032952
0.139145
0.186543
0.094246
0.297366
0.141791
0.145800
0.204865
0.247261
0.352417
0.238840
0.174617
0.301657
0.061451
0.328074
0.242113
0.353554
0.289401
0.344385
0.064528
0.265235
0.360451
0.290182
0.078358
0.212792
0.280927
0.272874
0.375860
0.080752
0.140620
0.091582
0.372433
0.130759
0.200933
0.012872
0.192307
0.170389
0.172266
0.202258
0.095433
0.139080
0.346987
0.092815
0.195662
0.253509
0.171996
0.255808
0.043497
0.298123
0.227479
0.158622
0.138517
0.143885
0.079345
0.110377
0.297419
0.188269
0.054009
0.012695
0.232214
0.291865
0.361670
0.070974
0.292856
0.253619
0.249622
0.020230
0.234707
0.155688
0.100274
0.122963
0.348967
0.102783
0.124917
0.164959
0.179464
0.230664
0.202817
0.264364
0.367637
0.029303
0.212654
0.033298
0.157634
0.165135
0.218866
0.135824
0.125983
0.201794
0.100492
0.118831
0.221290
0.263574
0.024663
0.200856
0.232022
0.029897
0.441673
0.157002
0.229094
0.164114
0.063965
0.240254
0.316392
0.394519
0.335445
0.031152
0.155070
0.166881
0.053134
0.088394
0.364039
0.141258
0.242550
0.112891
0.223510
0.136581
0.146309
0.423594
0.323535
0.172585
0.155120
0.256228
0.150565
0.389334
0.208528
0.293273
0.108790
0.106317
0.090950
0.059766
0.292029
0.216807
0.085314
0.463682
0.205839
0.235291
0.317790
0.111131
0.117494
0.015503
0.007658
0.308460
0.359862
0.245550
0.411006
0.152257
0.234959
0.098976
0.290501
0.143938
0.190814
0.248141
0.192159
0.264841
0.241791
0.290280
0.221543
0.174956
0.101112
0.257183
0.118872
0.162020
0.083514
0.242111
0.359501
0.276467
0.201765
0.152396
0.383908
0.086145
0.213520
0.159154
0.227719
0.349594
0.454765
0.217381
0.220624
0.086871
0.320260
0.215525
0.146906
0.169839
0.157490
0.179114
0.152917
0.070623
0.298766
0.247352
0.126724
0.162903
0.129390
0.199214
0.207461
0.171480
0.221972
0.236205
0.156065
0.102668
0.060737
0.256199
0.331417
0.131037
0.313853
0.194843
0.215940
0.264118
0.204156
0.163020
0.119815
0.182447
0.406898
0.044710
0.168037
0.159505
0.256734
0.195441
0.260137
0.130252
0.144291
0.124772
0.355483
0.160312
0.272671
0.225593
0.176721
0.088268
0.272991
0.233807
0.241946
0.079601
0.327927
0.174534
0.216140
0.109941
0.106819
0.385780
0.036646
0.215325
0.182488
0.204731
0.378382
0.098432
0.357193
0.037804
0.352211
0.261733
0.167638
0.473740
0.399576
0.093768
0.109639
0.120860
0.212344
0.102827
0.284340
0.104702
0.268334
0.185165
0.047320
0.137128
0.267940
0.046680
0.322272
0.265184
0.165101
0.156834
0.134586
0.280500
0.036092
0.145187
0.250231
0.368656
0.097940
0.167489
0.101677
0.359249
0.141247
0.397661
0.338158
0.090156
0.284415
0.148495
0.216873
0.172654
0.226116
0.208264
0.187582
0.500969
0.512589
0.182416
0.139496
0.220294
0.013144
0.192166
0.207338
0.074601
0.173675
0.079102
0.137150
0.243067
0.261655
0.110046
0.262854
0.203099
0.157698
0.215903
0.100283
0.276943
0.144169
0.151655
0.069357
0.342823
0.080193
0.143115
0.120922
0.172774
0.267894
0.312134
0.201562
0.110570
0.209940
0.091852
0.260251
0.226522
0.215962
0.182369
0.111215
0.085865
0.220154
0.267596
0.107629
0.278767
0.110680
0.330528
0.166453
0.181747
0.178432
0.136452
0.122313
0.206652
0.439979
0.079510
0.268809
0.075744
0.035090
0.171505
0.204417
0.074349
0.114729
0.166797
0.147989
0.207555
0.100830
0.125465
0.139333
0.101195
0.307583
0.170547
0.041812
0.197980
0.414257
0.277522
0.265634
0.299547
0.180848
0.070002
0.011997
0.150379
0.123716
0.144858
0.262809
0.079456
0.040571
0.234022
0.041682
0.145597
0.096042
0.072414
0.109957
0.140517
0.304289
0.124451
0.099959
0.148933
0.319702
0.303308
0.185113
0.169387
0.244710
0.388369
0.143567
0.378072
0.145386
0.132644
0.103978
0.177150
0.068935
0.284714
0.155661
0.088402
0.363266
0.218790
0.215921
0.154203
0.202150
0.295867
0.114757
0.289449
0.314206
0.072133
0.269271
0.354853
0.121880
0.124240
0.258584
0.167543
0.147243
0.102892
0.045344
0.182622
0.221157
0.064984
0.114871
0.058256
0.281654
0.272681
0.148008
0.187294
0.281538
0.191172
0.185367
0.201429
0.088737
0.025226
0.092397
0.329977
0.253550
0.307458
0.121386
0.259570
0.222725
0.088266
0.173424
0.187794
0.184611
0.267963
0.142679
0.220390
0.366680
0.082395
0.093679
0.172788
0.180790
0.049172
0.190638
0.149210
0.205180
0.025694
0.096769
0.514835
0.358392
0.163127
0.155310
0.142318
0.077541
0.059299
0.057481
0.220235
0.131700
0.032359
0.193496
0.356950
0.387146
0.074202
0.111291
0.150538
0.256611
0.051912
0.295119
0.175430
0.226007
0.087319
0.260943
0.128029
0.120054
0.059805
0.231723
0.173601
0.224052
0.109146
0.196926
0.182554
0.049822
0.122947
0.278620
0.134991
0.239048
0.148421
0.028721
0.235321
0.377417
0.294122
0.071511
0.165071
0.319440
0.112622
0.418589
0.072412
0.266760
0.247223
0.178507
0.375899
0.114970
0.062432
0.195905
0.432848
0.224980
0.128777
0.155677
0.354804
0.291963
0.223502
0.165712
0.204892
0.138927
0.109373
0.085251
0.195945
0.360289
0.092824
0.139735
0.259398
0.239419
0.057668
0.307526
0.016638
0.103989
0.102031
0.071376
0.075006
0.420472
0.170131
0.252805
0.259212
0.304475
0.166064
0.221712
0.236115
0.226504
0.297881
0.064983
0.027020
0.244545
0.132850
0.332140
0.118802
0.089635
0.127349
0.234635
0.278062
0.118929
0.012210
0.148687
0.122222
0.218984
0.063554
0.282108
0.147686
0.127555
0.328091
0.256179
0.148797
0.386663
0.119301
0.198161
0.300941
0.215444
0.290253
0.155099
0.154461
0.348004
0.116221
0.146880
0.140970
0.242515
0.186868
0.184918
0.086008
0.205952
0.203012
0.056971
0.093755
0.460115
0.099815
0.173121
0.104401
0.497868
0.290258
0.159649
0.078574
0.157889
0.100186
0.087995
0.050458
0.269713
0.196273
0.170043
0.158941
0.184119
0.298843
0.436643
0.163971
0.188360
0.222690
0.018161
0.196712
0.259433
0.349567
0.197971
0.081426
0.385988
0.174414
0.198647
0.216403
0.080797
0.029107
0.316001
0.360244
0.152106
0.051537
0.123195
0.028744
0.377291
0.130051
0.091910
0.177610
0.256642
0.185637
0.155273
0.380719
0.245402
0.045031
0.206931
0.053835
0.226391
0.166879
0.078248
0.155858
0.229942
0.055549
0.334127
0.261120
0.191527
0.132671
0.071143
0.262265
0.030854
0.196464
0.241151
0.220723
0.331125
0.120257
0.353491
0.364134
0.329495
0.147280
0.339160
0.311560
0.209356
0.170628
0.167614
0.088955
0.268455
0.280802
0.264521
0.080399
0.080693
0.138458
0.213316
0.251227
0.122887
0.141214
0.384120
0.076715
0.243876
0.042443
0.176250
0.201695
0.186066
0.044067
0.289917
0.149576
0.232909
0.070390
0.224274
0.152709
0.232150
0.067124
0.200469
0.257019
0.384235
0.255751
0.270235
0.277091
0.227452
0.161321
0.338459
0.238045
0.219001
0.185756
0.114864
0.043945
0.303344
0.237542
0.092410
0.085133
0.276165
0.301704
0.275881
0.026283
0.029730
0.209945
0.129072
0.077339
0.245505
0.046600
0.207995
0.055817
0.148532
0.212511
0.302326
0.225940
0.373650
0.205025
0.112958
0.198941
0.330005
0.233068
0.140303
0.213330
0.373945
0.063025
0.033791
0.094165
0.032839
0.175635
0.053788
0.289034
0.230577
0.151948
0.196844
0.223885
0.142386
0.201818
0.129614
0.249933
0.369334
0.168215
0.110333
0.251532
0.187762
0.217415
0.166341
0.217919
0.238612
0.385276
0.156528
0.205673
0.230809
0.093681
0.051548
0.319152
0.138965
0.113052
0.086198
0.085066
0.181833
0.147505
0.172914
0.139450
0.184117
0.193165
0.198003
0.011213
0.095819
0.126206
0.281916
0.225839
0.278482
0.263699
0.172395
0.188942
0.492864
0.019848
0.246509
0.198924
0.199592
0.194135
0.296851
0.291289
0.189237
0.180784
0.220672
0.123979
0.078962
0.370211
0.015188
0.016857
0.257532
0.206367
0.390287
0.284377
0.131748
0.032152
0.077275
0.069988
0.240587
0.140640
0.077711
0.102323
0.223400
0.092534
0.153967
0.134401
0.191791
0.158147
0.292372
0.164871
0.274690
0.104297
0.257780
0.115400
0.329251
0.191489
0.098130
0.217614
0.191462
0.456109
0.136294
0.086337
0.295191
0.084018
0.021008
0.155710
0.260565
0.134764
0.270863
0.054671
0.207108
0.140620
0.319720
0.169162
0.200585
0.116273
0.217659
0.067042
0.284079
0.213539
0.167720
0.079105
0.305622
0.151290
0.285086
0.164700
0.219530
0.051900
0.160258
0.333075
0.049530
0.079142
0.155367
0.287002
0.063651
0.159273
0.232944
0.328847
0.366976
0.320236
0.138160
0.357382
0.054473
0.144686
0.086267
0.040318
0.238538
0.174175
0.281066
0.210985
0.280522
0.258785
0.201999
0.120905
0.200767
0.180899
0.213006
0.106692
0.236331
0.141060
0.263935
0.067861
0.361623
0.213797
0.198495
0.133929
0.301455
0.140024
0.065648
0.317621
0.338227
0.268146
0.152123
0.324302
0.211615
0.284313
0.326233
0.134531
0.282606
0.101429
0.221122
0.323029
0.158587
0.052591
0.145200
0.053654
0.051698
0.034683
0.186712
0.252648
0.224919
0.294643
0.256237
0.152223
0.080091
0.102646
0.114938
0.143937
0.225377
0.213031
0.067097
0.151096
0.186800
0.361037
0.089240
0.115564
0.088545
0.151968
0.114331
0.180109
0.592592
0.270090
0.207146
0.203196
0.297868
0.355549
0.206253
0.102844
0.029637
0.172932
0.146198
0.177471
0.204940
0.079751
0.250905
0.248385
0.073493
0.057179
0.297084
0.053591
0.133591
0.242501
0.282226
0.208589
0.083155
0.109111
0.122979
0.210187
0.074867
0.216603
0.175742
0.041589
0.184048
0.278814
0.239144
0.211901
0.108500
0.233750
0.345575
0.237042
0.434211
0.057711
0.174793
0.141315
0.147354
0.065279
0.081417
0.154420
0.201240
0.089083
0.224945
0.104612
0.120423
0.068099
0.217075
0.245898
0.042978
0.080776
0.111415
0.151865
