# G_1, p = 0.1000 GPa (dir_1000.0_bar).
# 6MR distortion Gamma = (1/2)(max - min) over the three opposite-O diagonals.
# 64 rings x 101 frames = 6464 samples.
# Column: per-6MR Gamma [A]
0.007292
0.007298
0.007547
0.007553
0.006696
0.006698
0.006942
0.006951
0.007291
0.007291
0.007551
0.007551
0.006698
0.006698
0.006949
0.006949
0.007292
0.007291
0.007547
0.007551
0.006697
0.006698
0.006939
0.006949
0.007289
0.007291
0.007549
0.007551
0.006698
0.006700
0.006949
0.006952
0.007291
0.007298
0.007547
0.007540
0.006695
0.006700
0.006950
0.006951
0.007290
0.007291
0.007551
0.007544
0.006698
0.006696
0.006941
0.006949
0.007292
0.007298
0.007548
0.007542
0.006696
0.006696
0.006944
0.006939
0.007288
0.007291
0.007549
0.007553
0.006698
0.006699
0.006940
0.006951
0.138071
0.049202
0.042290
0.063862
0.067420
0.034357
0.115661
0.129291
0.160474
0.109147
0.256346
0.051265
0.035089
0.055571
0.244612
0.091877
0.155014
0.068707
0.100414
0.057419
0.099760
0.177908
0.210598
0.140199
0.157279
0.164163
0.094779
0.076345
0.112698
0.155869
0.130767
0.189884
0.193052
0.055003
0.177942
0.124323
0.096761
0.074293
0.119798
0.107110
0.043195
0.233051
0.041452
0.111489
0.076240
0.045964
0.065379
0.128269
0.101274
0.109295
0.044892
0.168944
0.095215
0.040242
0.020395
0.049167
0.084999
0.059152
0.221729
0.050416
0.069869
0.050682
0.169695
0.205413
0.374625
0.141577
0.062138
0.163759
0.062731
0.088982
0.219490
0.350182
0.326639
0.211324
0.469161
0.183116
0.037681
0.173836
0.387395
0.166817
0.310075
0.100729
0.187734
0.111573
0.134543
0.267589
0.242134
0.347497
0.317202
0.168003
0.105556
0.128851
0.265355
0.282963
0.283468
0.240109
0.384222
0.074045
0.258660
0.316754
0.162387
0.103248
0.275283
0.147369
0.100777
0.349267
0.111773
0.211774
0.163811
0.053150
0.145374
0.221623
0.218749
0.217594
0.147725
0.350350
0.212366
0.184762
0.101302
0.092926
0.208051
0.126584
0.393256
0.113949
0.061180
0.057455
0.272552
0.312167
0.533831
0.178066
0.111564
0.284324
0.090132
0.238660
0.277334
0.521550
0.433558
0.152159
0.467837
0.322723
0.132937
0.241867
0.410034
0.215843
0.395169
0.106232
0.231342
0.181688
0.190399
0.317620
0.080647
0.402641
0.360127
0.050947
0.086401
0.164151
0.295896
0.220458
0.447924
0.319082
0.412825
0.142098
0.208950
0.487346
0.148572
0.060465
0.363802
0.158664
0.205316
0.336352
0.242376
0.298886
0.168194
0.044589
0.218316
0.332591
0.213716
0.218808
0.293285
0.324868
0.315503
0.393998
0.169009
0.107474
0.383574
0.219336
0.436224
0.154808
0.012776
0.193068
0.244408
0.360766
0.502129
0.136115
0.229936
0.329092
0.179106
0.420508
0.352475
0.588538
0.494763
0.108798
0.407308
0.454607
0.221253
0.151182
0.367505
0.264531
0.407949
0.238993
0.295654
0.254403
0.228133
0.239977
0.098672
0.284209
0.244840
0.035874
0.025493
0.143921
0.132863
0.079518
0.452983
0.342906
0.342245
0.226805
0.168672
0.494115
0.209927
0.097738
0.335937
0.297263
0.272360
0.362415
0.307714
0.347422
0.127919
0.112853
0.245684
0.397019
0.088452
0.182131
0.423334
0.255810
0.409422
0.464716
0.112505
0.095845
0.494787
0.243668
0.422976
0.201055
0.043312
0.183259
0.174098
0.378699
0.455927
0.080509
0.293288
0.321098
0.206180
0.501876
0.299332
0.562018
0.432424
0.135666
0.278387
0.465597
0.226019
0.087115
0.427889
0.290141
0.290652
0.326132
0.306561
0.277934
0.256164
0.101815
0.173228
0.172069
0.189124
0.047942
0.087348
0.159543
0.074185
0.075813
0.331372
0.318972
0.275226
0.232670
0.100265
0.391518
0.258047
0.269087
0.274997
0.403963
0.332311
0.332208
0.227035
0.287432
0.128793
0.221360
0.348434
0.310280
0.212407
0.236793
0.450761
0.159803
0.371988
0.346546
0.129673
0.072725
0.470109
0.225337
0.391811
0.255492
0.108713
0.072565
0.130131
0.385571
0.474015
0.132285
0.255665
0.309456
0.157693
0.438431
0.218282
0.375580
0.372384
0.107599
0.067326
0.406105
0.125790
0.194638
0.463440
0.388972
0.127610
0.264925
0.281571
0.232843
0.167560
0.083752
0.167782
0.178751
0.206439
0.074992
0.147949
0.149227
0.241596
0.227105
0.137610
0.174846
0.159330
0.215514
0.079762
0.237236
0.358657
0.411798
0.170597
0.363706
0.266404
0.185543
0.102705
0.145544
0.238742
0.225406
0.335003
0.097675
0.313884
0.235745
0.311757
0.280309
0.180773
0.116225
0.139432
0.094044
0.328274
0.070418
0.356951
0.234696
0.195957
0.069310
0.164755
0.331146
0.319458
0.270057
0.294121
0.251483
0.169285
0.310493
0.241699
0.286137
0.388787
0.124020
0.077889
0.298961
0.057578
0.270480
0.425216
0.351715
0.048266
0.111247
0.255943
0.190619
0.093686
0.154688
0.178716
0.200812
0.310554
0.054106
0.238168
0.069654
0.363203
0.367149
0.140189
0.102434
0.089103
0.233561
0.074092
0.134283
0.321896
0.295217
0.086147
0.251224
0.153532
0.084887
0.194346
0.003163
0.251138
0.186025
0.349273
0.081684
0.334012
0.203990
0.183927
0.297988
0.047927
0.154354
0.040073
0.112550
0.130532
0.095167
0.313901
0.157741
0.237612
0.025037
0.185139
0.221930
0.192298
0.310847
0.314211
0.161818
0.231994
0.117749
0.247661
0.188780
0.287503
0.162321
0.193857
0.204980
0.163367
0.353161
0.304886
0.224937
0.078464
0.018475
0.200864
0.219330
0.103324
0.145771
0.140091
0.278468
0.319370
0.026524
0.288580
0.145190
0.349161
0.394493
0.258021
0.219859
0.193408
0.269928
0.130671
0.098021
0.229323
0.218266
0.064878
0.162730
0.149206
0.164839
0.240527
0.189907
0.261470
0.169655
0.270307
0.126479
0.266511
0.168333
0.127709
0.341144
0.157645
0.222192
0.081711
0.053157
0.158988
0.239560
0.192267
0.137582
0.202094
0.128677
0.178760
0.118108
0.429306
0.238033
0.185497
0.168110
0.236920
0.138423
0.230456
0.154522
0.090316
0.136787
0.327908
0.207708
0.156445
0.307726
0.171025
0.096166
0.114401
0.127511
0.141033
0.176689
0.099992
0.071047
0.118882
0.349728
0.193850
0.177616
0.243520
0.160926
0.210705
0.338726
0.342906
0.330563
0.223362
0.216239
0.302837
0.087279
0.131738
0.318207
0.148586
0.223682
0.200511
0.287801
0.303177
0.124789
0.281513
0.189097
0.212669
0.173810
0.119268
0.010671
0.238138
0.319240
0.148207
0.321664
0.101942
0.057839
0.209190
0.358425
0.095006
0.095147
0.204174
0.195159
0.162620
0.110577
0.498569
0.143461
0.162841
0.156683
0.201116
0.279634
0.239487
0.270956
0.250085
0.156690
0.345232
0.281323
0.158250
0.276456
0.122657
0.073199
0.226339
0.169496
0.091933
0.117585
0.106760
0.121541
0.371135
0.254271
0.191813
0.199397
0.145717
0.174540
0.147976
0.168915
0.388651
0.375708
0.244162
0.135236
0.439611
0.033977
0.012907
0.365100
0.257852
0.282713
0.217633
0.398801
0.267460
0.215701
0.314912
0.098679
0.127736
0.217305
0.064622
0.190315
0.314855
0.281998
0.107027
0.384090
0.147297
0.093564
0.216208
0.292424
0.325607
0.158371
0.156467
0.198637
0.074170
0.109495
0.310717
0.107945
0.313302
0.103649
0.197713
0.255784
0.342561
0.329297
0.390109
0.347695
0.309660
0.393599
0.197278
0.265268
0.260898
0.327798
0.290960
0.104196
0.142302
0.006225
0.148009
0.134786
0.421522
0.073809
0.227483
0.166446
0.191999
0.218082
0.194180
0.071329
0.336703
0.362738
0.205326
0.161088
0.454823
0.102950
0.164905
0.376860
0.271984
0.244238
0.225450
0.447261
0.101961
0.376043
0.335843
0.088160
0.018324
0.233160
0.132680
0.231065
0.317192
0.205703
0.107906
0.258171
0.265070
0.110476
0.163404
0.167021
0.395424
0.241146
0.146405
0.175619
0.046644
0.139545
0.095416
0.022600
0.444608
0.117587
0.136034
0.140633
0.357247
0.289318
0.337847
0.453732
0.249933
0.456678
0.145314
0.162184
0.409615
0.484171
0.172725
0.053076
0.202606
0.111842
0.122098
0.164215
0.351829
0.118752
0.243590
0.124562
0.276860
0.204507
0.263391
0.160952
0.195132
0.374672
0.134097
0.117278
0.370494
0.183541
0.280731
0.294828
0.247958
0.159212
0.171908
0.345492
0.157055
0.375873
0.280346
0.261380
0.084752
0.250060
0.170199
0.210838
0.282804
0.171994
0.173122
0.120613
0.368211
0.177381
0.094986
0.129378
0.271170
0.228778
0.154105
0.136899
0.188756
0.189778
0.221724
0.091499
0.509378
0.237043
0.054373
0.039151
0.320739
0.270260
0.245413
0.360178
0.133017
0.498971
0.142331
0.099857
0.382020
0.450026
0.048064
0.122473
0.114727
0.128685
0.029689
0.194090
0.233565
0.184875
0.298958
0.062673
0.330350
0.147891
0.298305
0.230824
0.009455
0.331362
0.053395
0.077833
0.273424
0.242163
0.261491
0.098159
0.125546
0.187848
0.130903
0.158245
0.200557
0.302070
0.144670
0.337559
0.151820
0.318660
0.172316
0.177979
0.198412
0.174868
0.182134
0.144004
0.432064
0.311445
0.056495
0.088915
0.163257
0.206033
0.162494
0.174752
0.286846
0.175468
0.334639
0.125009
0.399776
0.314934
0.225801
0.014542
0.288006
0.358360
0.203659
0.299775
0.088450
0.447597
0.245678
0.196581
0.333074
0.369165
0.205993
0.119844
0.072487
0.087609
0.132143
0.199890
0.083249
0.130777
0.331213
0.118529
0.297111
0.069920
0.367998
0.272201
0.187768
0.261281
0.089911
0.068058
0.178429
0.234606
0.349296
0.131335
0.148037
0.217244
0.150138
0.234885
0.199140
0.170601
0.086704
0.392231
0.238387
0.308539
0.142506
0.135072
0.157015
0.282370
0.191899
0.100552
0.336006
0.356488
0.019136
0.139789
0.135581
0.169103
0.119521
0.257572
0.266452
0.203776
0.306421
0.223836
0.135429
0.290366
0.312802
0.079953
0.216598
0.378000
0.243894
0.165806
0.242786
0.329023
0.259250
0.192491
0.263839
0.304569
0.268875
0.169462
0.113301
0.046333
0.107924
0.128651
0.095765
0.155567
0.225897
0.258043
0.377726
0.103853
0.407836
0.335029
0.334311
0.225311
0.187749
0.062853
0.171441
0.322417
0.340379
0.303319
0.232073
0.129881
0.277849
0.348475
0.308130
0.046403
0.363302
0.509686
0.313034
0.185885
0.042765
0.161177
0.099925
0.326491
0.224278
0.089242
0.270840
0.293695
0.093432
0.221328
0.099871
0.080217
0.075364
0.211602
0.236409
0.251785
0.221226
0.286590
0.183420
0.158353
0.351676
0.158465
0.117340
0.272947
0.215973
0.092443
0.365999
0.291656
0.298887
0.265783
0.223995
0.163177
0.333229
0.184891
0.016668
0.048915
0.046109
0.050518
0.225568
0.219217
0.151262
0.284422
0.370787
0.144696
0.373441
0.403797
0.377586
0.184819
0.275077
0.123361
0.206142
0.348779
0.240307
0.455437
0.354910
0.040105
0.287985
0.361514
0.342314
0.041222
0.455503
0.554352
0.257531
0.065568
0.065650
0.158417
0.038388
0.383895
0.215565
0.070915
0.197452
0.250265
0.137330
0.288030
0.052155
0.055049
0.109523
0.096008
0.124310
0.166298
0.214380
0.289766
0.295496
0.033075
0.356242
0.171193
0.066856
0.205985
0.165241
0.029293
0.353352
0.242645
0.337411
0.253532
0.215834
0.184150
0.229471
0.240867
0.102141
0.144298
0.025557
0.157934
0.276539
0.227645
0.088972
0.262768
0.218320
0.226799
0.253173
0.374337
0.297385
0.087038
0.232328
0.341175
0.184850
0.249976
0.137143
0.453504
0.333957
0.077603
0.201738
0.244753
0.256748
0.022893
0.302670
0.308520
0.089843
0.049863
0.154696
0.146857
0.085039
0.422419
0.204790
0.110994
0.066692
0.218487
0.246432
0.339597
0.099519
0.094371
0.192342
0.034649
0.106065
0.039322
0.198927
0.153459
0.309879
0.030723
0.286502
0.116166
0.097219
0.234790
0.133301
0.120572
0.228498
0.200897
0.396197
0.236002
0.246917
0.237803
0.135481
0.228691
0.052252
0.240946
0.148340
0.196691
0.237767
0.141931
0.031116
0.250768
0.067155
0.234535
0.227694
0.201291
0.231188
0.257178
0.129047
0.374775
0.239420
0.114274
0.097892
0.371746
0.203210
0.033947
0.155704
0.126089
0.108555
0.042077
0.108749
0.085290
0.121265
0.052665
0.142501
0.130213
0.170048
0.305024
0.186010
0.298002
0.240300
0.166102
0.345621
0.288465
0.243745
0.075304
0.245586
0.078044
0.131969
0.087824
0.111234
0.021171
0.250197
0.033840
0.196305
0.108998
0.144191
0.268845
0.122995
0.175998
0.107294
0.236537
0.349661
0.178655
0.251649
0.317635
0.398293
0.201641
0.085043
0.266437
0.303126
0.309331
0.082162
0.105083
0.033015
0.095830
0.129084
0.181384
0.227938
0.164165
0.179553
0.348588
0.190599
0.259912
0.266148
0.104131
0.112851
0.283778
0.167832
0.096248
0.105255
0.100149
0.100551
0.079397
0.159834
0.132072
0.104657
0.031694
0.006325
0.131023
0.217629
0.089738
0.096523
0.399140
0.427847
0.154682
0.287940
0.194109
0.399219
0.139945
0.347938
0.225116
0.094719
0.172292
0.137051
0.152959
0.131632
0.002602
0.129087
0.033719
0.125933
0.234384
0.172806
0.233026
0.221232
0.312763
0.208855
0.253864
0.279828
0.461268
0.442462
0.254387
0.135300
0.175971
0.358350
0.334194
0.025776
0.099852
0.092874
0.135601
0.201335
0.061094
0.201083
0.341465
0.090013
0.274234
0.221071
0.209939
0.226388
0.190687
0.050687
0.140598
0.170150
0.030486
0.067062
0.203339
0.318282
0.146178
0.135936
0.089451
0.056913
0.041292
0.132025
0.197633
0.208607
0.137279
0.123402
0.260779
0.439064
0.104948
0.164251
0.094882
0.400114
0.134082
0.297079
0.309828
0.176175
0.166616
0.138178
0.306181
0.065961
0.028598
0.067641
0.018985
0.116629
0.215505
0.225885
0.250543
0.242115
0.320723
0.205187
0.338665
0.248239
0.528691
0.381944
0.255144
0.166871
0.106726
0.239650
0.186488
0.062240
0.150088
0.259190
0.266440
0.260274
0.093554
0.164710
0.401069
0.023904
0.332957
0.205640
0.339724
0.171649
0.187991
0.053715
0.173094
0.117583
0.198225
0.189217
0.307327
0.366642
0.225842
0.137577
0.167868
0.111499
0.033995
0.117790
0.287461
0.194899
0.226959
0.199157
0.022727
0.329183
0.102788
0.109541
0.083834
0.147942
0.032802
0.048656
0.337957
0.284670
0.082909
0.206658
0.371534
0.127172
0.071603
0.160646
0.060844
0.137347
0.273674
0.220167
0.207767
0.163247
0.355877
0.140443
0.325309
0.157013
0.414929
0.313089
0.150548
0.224647
0.097785
0.096830
0.114002
0.146688
0.211123
0.370509
0.271585
0.294351
0.184740
0.098626
0.228044
0.055935
0.331380
0.162528
0.395793
0.197067
0.172570
0.046139
0.317015
0.115743
0.325197
0.306424
0.302715
0.283318
0.351206
0.101628
0.248723
0.142201
0.069687
0.067988
0.323270
0.167960
0.213774
0.173143
0.205983
0.247110
0.249780
0.112345
0.082777
0.078710
0.082613
0.154188
0.296456
0.220695
0.163986
0.334231
0.267091
0.057289
0.255433
0.156805
0.127346
0.119362
0.242347
0.398159
0.162332
0.103570
0.326494
0.071814
0.316888
0.082027
0.256991
0.205047
0.094552
0.224723
0.155546
0.066363
0.083416
0.253402
0.264362
0.239028
0.258950
0.224101
0.188767
0.153606
0.181330
0.095292
0.280830
0.143212
0.397438
0.153908
0.139807
0.101350
0.348533
0.138750
0.274700
0.319664
0.190249
0.192721
0.424567
0.055533
0.306666
0.104953
0.167548
0.102522
0.239166
0.116821
0.196650
0.084791
0.364113
0.219103
0.293221
0.116435
0.049578
0.137021
0.174923
0.249527
0.193465
0.061562
0.171310
0.253819
0.083036
0.112497
0.359764
0.130146
0.187678
0.083651
0.144002
0.570737
0.147195
0.193050
0.210410
0.046939
0.308731
0.092558
0.240586
0.031040
0.082980
0.205106
0.182623
0.085669
0.233484
0.235452
0.223504
0.112144
0.234221
0.090430
0.164677
0.286722
0.304666
0.212471
0.266360
0.166806
0.363105
0.052259
0.149506
0.106357
0.329353
0.139378
0.177593
0.213756
0.039163
0.083650
0.314824
0.173676
0.366019
0.010276
0.190396
0.149737
0.097551
0.074191
0.174854
0.164533
0.373910
0.179100
0.278969
0.164887
0.080220
0.169615
0.193291
0.269860
0.035009
0.125443
0.133045
0.086483
0.069306
0.190183
0.340271
0.163683
0.182167
0.085965
0.236654
0.532351
0.132108
0.350108
0.175320
0.072000
0.262996
0.116245
0.233722
0.116594
0.110448
0.318602
0.142815
0.032621
0.255716
0.127487
0.175218
0.098868
0.146265
0.169092
0.175695
0.231416
0.323780
0.312542
0.319428
0.256089
0.308197
0.024380
0.199449
0.050942
0.324402
0.183616
0.098762
0.098297
0.104761
0.250593
0.172851
0.247403
0.401532
0.097450
0.147020
0.137216
0.067661
0.108391
0.112570
0.368397
0.424140
0.069919
0.235675
0.217198
0.117580
0.190299
0.248200
0.235321
0.086479
0.209397
0.101039
0.100030
0.180802
0.264154
0.223445
0.193156
0.164731
0.140730
0.367137
0.366954
0.045269
0.376399
0.155477
0.028046
0.112721
0.024455
0.218059
0.231953
0.291844
0.395401
0.080756
0.180072
0.303215
0.157601
0.195953
0.098569
0.073738
0.221412
0.083959
0.090967
0.236455
0.276221
0.185448
0.316350
0.151941
0.095691
0.221500
0.099425
0.212170
0.173397
0.122932
0.030027
0.184733
0.423304
0.089727
0.222043
0.352834
0.050867
0.086701
0.067800
0.143699
0.084550
0.068412
0.393990
0.347951
0.179967
0.194700
0.305665
0.126276
0.164746
0.340160
0.190532
0.033380
0.258601
0.036698
0.245836
0.203742
0.329747
0.111491
0.218572
0.195119
0.198692
0.356034
0.169406
0.140926
0.327416
0.099541
0.122266
0.129762
0.184616
0.281601
0.352671
0.372316
0.317548
0.147928
0.272394
0.184692
0.281989
0.197113
0.017907
0.174508
0.151759
0.096776
0.139250
0.231132
0.218131
0.176803
0.369153
0.143529
0.144050
0.152592
0.096096
0.214930
0.175354
0.187757
0.132680
0.254739
0.251853
0.266210
0.214280
0.187110
0.057392
0.040787
0.069202
0.275508
0.159662
0.019442
0.265852
0.308310
0.298855
0.143405
0.309195
0.135309
0.236344
0.440029
0.187893
0.074775
0.282107
0.020850
0.265257
0.122391
0.300134
0.165018
0.216550
0.289860
0.112241
0.200917
0.124865
0.250098
0.271304
0.050488
0.178940
0.252419
0.258430
0.233623
0.374425
0.285032
0.188651
0.215058
0.255630
0.118937
0.336619
0.244952
0.125826
0.225508
0.056131
0.147141
0.194208
0.264694
0.230899
0.289861
0.364990
0.232106
0.094937
0.053981
0.030439
0.386172
0.190291
0.196965
0.239957
0.254857
0.089900
0.336628
0.305554
0.131854
0.099161
0.130744
0.165933
0.403319
0.236130
0.098846
0.170744
0.258112
0.409908
0.186636
0.325067
0.114858
0.286720
0.445511
0.208672
0.241988
0.204660
0.081720
0.206049
0.031127
0.130684
0.345189
0.190813
0.296593
0.043087
0.111453
0.361538
0.272558
0.166439
0.112210
0.276652
0.346920
0.287793
0.265283
0.337096
0.197989
0.110507
0.251291
0.182210
0.150408
0.247843
0.267590
0.203538
0.290184
0.167187
0.177921
0.186336
0.206431
0.168483
0.343942
0.414709
0.236238
0.089501
0.176912
0.046247
0.426128
0.127089
0.125538
0.359723
0.201931
0.178694
0.238715
0.404158
0.254843
0.136359
0.247232
0.233345
0.423987
0.216242
0.166936
0.136108
0.332239
0.438085
0.250955
0.288648
0.049620
0.292615
0.365440
0.146185
0.282576
0.096612
0.083744
0.131990
0.101860
0.049436
0.437105
0.139433
0.216568
0.079623
0.141823
0.348647
0.240137
0.166868
0.115966
0.300353
0.359459
0.216112
0.313786
0.260661
0.170618
0.127648
0.243827
0.115084
0.081541
0.164731
0.222536
0.246281
0.151870
0.288351
0.196923
0.153883
0.035180
0.120528
0.261639
0.401145
0.286330
0.216912
0.276718
0.043703
0.349739
0.106305
0.093899
0.423693
0.107152
0.244466
0.169099
0.216434
0.333106
0.051654
0.128760
0.236826
0.315874
0.207409
0.131349
0.066071
0.339999
0.319621
0.213497
0.278378
0.028622
0.223282
0.252881
0.222631
0.176653
0.127277
0.116717
0.134643
0.099402
0.161356
0.434785
0.076247
0.239095
0.163304
0.169367
0.311681
0.167222
0.129217
0.076576
0.148281
0.284680
0.018287
0.193142
0.173011
0.184598
0.150236
0.169690
0.095617
0.096233
0.193949
0.133193
0.245068
0.111167
0.244436
0.183620
0.190457
0.104208
0.051268
0.157099
0.246791
0.302109
0.241503
0.292355
0.070531
0.292281
0.057009
0.038875
0.365805
0.110203
0.276073
0.220657
0.173014
0.272038
0.130059
0.084549
0.142941
0.163613
0.223163
0.040350
0.177313
0.259317
0.234923
0.091017
0.213145
0.137168
0.047325
0.140572
0.359397
0.082912
0.136039
0.185630
0.198842
0.108689
0.168177
0.318492
0.076645
0.251352
0.219849
0.171577
0.223081
0.027297
0.113307
0.273673
0.118041
0.173218
0.159826
0.129732
0.203580
0.253906
0.112915
0.218125
0.057084
0.038801
0.157972
0.056698
0.250065
0.142595
0.175465
0.111617
0.178864
0.252292
0.262453
0.081645
0.293114
0.213579
0.187722
0.155080
0.050554
0.252316
0.129214
0.089352
0.329004
0.140675
0.189156
0.213290
0.314758
0.148806
0.167520
0.196405
0.102781
0.080823
0.277806
0.089117
0.320861
0.128672
0.123706
0.092755
0.123649
0.242999
0.219716
0.065144
0.212713
0.112832
0.096467
0.253798
0.188050
0.203751
0.173994
0.171119
0.095130
0.263148
0.177560
0.176479
0.165338
0.052955
0.055309
0.360225
0.131124
0.088351
0.250454
0.227503
0.324238
0.239728
0.094019
0.364182
0.053241
0.173135
0.029175
0.095034
0.236823
0.075712
0.182443
0.042512
0.267442
0.421184
0.386482
0.055216
0.329171
0.153525
0.101546
0.138797
0.098294
0.121354
0.281128
0.197346
0.249985
0.060434
0.139740
0.066831
0.292840
0.023859
0.195543
0.276908
0.111344
0.096920
0.240356
0.086462
0.399481
0.064927
0.128324
0.245231
0.052757
0.195944
0.364286
0.225158
0.097471
0.224802
0.062302
0.243373
0.056718
0.201880
0.229626
0.069138
0.151387
0.243152
0.128754
0.172559
0.159335
0.043530
0.131519
0.297228
0.034181
0.036771
0.263445
0.299639
0.339222
0.107183
0.182671
0.408636
0.046423
0.267704
0.148505
0.128178
0.178180
0.056210
0.250800
0.083437
0.406207
0.435335
0.364487
0.114615
0.376099
0.151650
0.038357
0.111170
0.121466
0.036749
0.316215
0.252021
0.069584
0.138350
0.204214
0.124400
0.260544
0.131996
0.186957
0.379942
0.053415
0.141736
0.151048
0.095647
0.399606
0.105782
0.232206
0.241534
0.029710
0.068391
0.308217
0.370301
0.192935
0.328505
0.020513
0.158183
0.128359
0.086043
0.236406
0.006035
0.119110
0.286870
0.161749
0.178074
0.186946
0.108156
0.200827
0.221954
0.136578
0.039565
0.202804
0.310564
0.347749
0.143572
0.234059
0.328607
0.139803
0.210469
0.183743
0.216346
0.067697
0.147326
0.251890
0.045107
0.383737
0.287048
0.264245
0.279650
0.359041
0.030780
0.125861
0.096524
0.091157
0.186727
0.256320
0.219748
0.155618
0.221749
0.240497
0.219564
0.161278
0.196295
0.150249
0.363628
0.048062
0.287503
0.029031
0.215539
0.337288
0.096006
0.232754
0.118683
0.050248
0.182546
0.211264
0.471569
0.221634
0.240438
0.070877
0.139537
0.273317
0.093473
0.220740
0.094129
0.144527
0.266053
0.104997
0.100845
0.202105
0.120532
0.212225
0.155798
0.080454
0.035047
0.069914
0.281319
0.253836
0.150129
0.207315
0.168757
0.135918
0.153606
0.073561
0.299501
0.050501
0.185837
0.221577
0.077597
0.221938
0.203910
0.141531
0.335968
0.260013
0.065587
0.152544
0.137847
0.090296
0.300274
0.261406
0.093974
0.285753
0.240030
0.346684
0.331625
0.004660
0.229467
0.029791
0.287998
0.164660
0.364680
0.136429
0.261678
0.186401
0.115615
0.201403
0.198334
0.203064
0.165881
0.291291
0.487499
0.132480
0.146849
0.174412
0.105010
0.417659
0.158753
0.175834
0.238868
0.256874
0.248617
0.085009
0.153173
0.157555
0.093733
0.203722
0.161790
0.075453
0.053427
0.117343
0.246832
0.158957
0.111053
0.115502
0.134011
0.046857
0.096992
0.162626
0.222645
0.157933
0.158496
0.194461
0.157290
0.226313
0.300372
0.162926
0.191480
0.121474
0.097185
0.089816
0.130144
0.097263
0.319651
0.274726
0.105316
0.250719
0.303766
0.320248
0.358939
0.089842
0.246203
0.158141
0.162860
0.303993
0.305136
0.234679
0.279986
0.137497
0.156702
0.145305
0.232679
0.373711
0.075971
0.327698
0.401293
0.149158
0.204069
0.263189
0.063210
0.506094
0.285402
0.189532
0.334313
0.196008
0.209790
0.080683
0.353450
0.026684
0.007595
0.155139
0.208370
0.195519
0.081009
0.176446
0.206740
0.125738
0.175560
0.063265
0.232505
0.141265
0.188090
0.175388
0.158639
0.301746
0.130886
0.255086
0.191095
0.187019
0.314764
0.347951
0.044329
0.047772
0.091896
0.037852
0.092886
0.210864
0.295361
0.116146
0.198944
0.185706
0.329341
0.212858
0.212639
0.131546
0.268679
0.211641
0.029968
0.390926
0.181336
0.303683
0.176709
0.360750
0.179186
0.107714
0.075199
0.339621
0.034971
0.198671
0.237404
0.290895
0.148027
0.280137
0.030587
0.410318
0.300818
0.245318
0.348173
0.186596
0.048587
0.160873
0.387430
0.137164
0.163544
0.159380
0.277893
0.287545
0.084787
0.270113
0.095687
0.112406
0.357869
0.119504
0.323533
0.316049
0.289734
0.037788
0.240422
0.377323
0.123439
0.307556
0.232752
0.054174
0.420355
0.349501
0.126684
0.053215
0.030005
0.042803
0.080937
0.151337
0.249719
0.241504
0.182284
0.163245
0.298227
0.114335
0.040007
0.184913
0.193324
0.217090
0.150052
0.341767
0.044416
0.316186
0.059854
0.562448
0.216385
0.101658
0.143333
0.254895
0.055631
0.018895
0.134123
0.394184
0.166263
0.205006
0.069948
0.210775
0.225571
0.316012
0.237675
0.237673
0.215713
0.266003
0.279389
0.256513
0.255319
0.074666
0.340272
0.231398
0.046410
0.386024
0.045839
0.062383
0.408821
0.173362
0.280603
0.334919
0.319963
0.092967
0.218255
0.332907
0.143305
0.227600
0.198852
0.185287
0.481440
0.215541
0.187566
0.104013
0.082243
0.097308
0.089780
0.019207
0.205773
0.365753
0.166750
0.157719
0.267848
0.081540
0.106148
0.163881
0.097251
0.203205
0.316767
0.231056
0.160274
0.240655
0.219265
0.658268
0.208794
0.104907
0.285118
0.213442
0.080554
0.074115
0.083767
0.352623
0.197365
0.114380
0.147366
0.033745
0.218310
0.365315
0.085233
0.194787
0.381246
0.300141
0.141772
0.214203
0.309030
0.134250
0.290163
0.074053
0.083136
0.346836
0.164942
0.165606
0.318657
0.191415
0.148675
0.201981
0.293802
0.155996
0.090533
0.244744
0.188539
0.214474
0.132557
0.221786
0.430976
0.244277
0.171514
0.196037
0.118223
0.108492
0.105873
0.181498
0.282113
0.439711
0.163050
0.152583
0.167100
0.117764
0.204952
0.248405
0.094348
0.201263
0.367292
0.122835
0.270203
0.120880
0.308739
0.581284
0.144644
0.075712
0.336582
0.273543
0.102558
0.126021
0.131369
0.301122
0.161893
0.240768
0.185577
0.141983
0.197240
0.329314
0.066920
0.233637
0.372204
0.247527
0.056616
0.105974
0.291735
0.242111
0.144374
0.040094
0.216869
0.169195
0.212509
0.313820
0.246094
0.186038
0.113074
0.059016
0.261644
0.137973
0.019125
0.241784
0.215465
0.259904
0.112789
0.118445
0.258618
0.298980
0.134559
0.254402
0.157626
0.051627
0.153192
0.403791
0.290731
0.470660
0.083843
0.101607
0.073606
0.179996
0.340864
0.295558
0.172795
0.185022
0.314112
0.022239
0.206111
0.027951
0.324183
0.418242
0.085115
0.139081
0.287481
0.307679
0.152574
0.259303
0.245692
0.313651
0.127665
0.334547
0.252415
0.320925
0.178071
0.212893
0.097817
0.255713
0.247222
0.161046
0.170825
0.074968
0.360882
0.186010
0.107139
0.190444
0.262558
0.064787
0.235921
0.316482
0.118559
0.135168
0.246667
0.177470
0.253098
0.141063
0.121405
0.191552
0.230399
0.376840
0.072537
0.020371
0.160527
0.162577
0.080218
0.216837
0.175522
0.087053
0.141715
0.569260
0.224684
0.393697
0.054126
0.043489
0.186891
0.326088
0.406756
0.190257
0.229669
0.138325
0.254149
0.069097
0.133223
0.145630
0.227115
0.239538
0.139374
0.250188
0.212654
0.237784
0.161241
0.384201
0.222699
0.206968
0.133046
0.278879
0.314122
0.376890
0.140889
0.279570
0.091191
0.258313
0.147092
0.167126
0.261837
0.202289
0.317081
0.092867
0.142141
0.303559
0.150380
0.106392
0.247616
0.207311
0.100017
0.118033
0.195703
0.332348
0.244599
0.178262
0.286947
0.221683
0.164767
0.359557
0.134685
0.131907
0.099882
0.109738
0.085590
0.114022
0.155145
0.132382
0.065872
0.524400
0.146968
0.197812
0.104872
0.134599
0.216600
0.423297
0.387729
0.122870
0.301954
0.070102
0.134283
0.084116
0.120329
0.179281
0.219801
0.296435
0.157560
0.271150
0.277141
0.083719
0.124797
0.342854
0.186386
0.039325
0.112418
0.184363
0.282964
0.355099
0.071612
0.339892
0.053933
0.301083
0.233164
0.197075
0.323416
0.305613
0.180830
0.284279
0.095725
0.310595
0.079211
0.164703
0.144020
0.138302
0.235173
0.168599
0.082012
0.341814
0.220091
0.256572
0.356419
0.227743
0.104369
0.227475
0.179165
0.200183
0.153848
0.154480
0.186424
0.138451
0.146777
0.102457
0.190603
0.387883
0.022920
0.153078
0.086804
0.256269
0.229217
0.365184
0.272421
0.240121
0.385203
0.081433
0.099395
0.090255
0.072997
0.155218
0.315729
0.416617
0.212203
0.272544
0.301957
0.058776
0.080431
0.281848
0.186625
0.179569
0.032484
0.192814
0.098031
0.323803
0.078223
0.322269
0.105540
0.348203
0.235330
0.214454
0.362985
0.247836
0.147256
0.386931
0.101863
0.326391
0.199030
0.257881
0.049757
0.054208
0.232054
0.218890
0.078820
0.262791
0.116852
0.314946
0.258230
0.253184
0.105264
0.251401
0.179568
0.176142
0.188973
0.163868
0.279917
0.245474
0.144645
0.156601
0.310448
0.302858
0.204771
0.158831
0.030022
0.227043
0.251686
0.162069
0.041807
0.373622
0.318689
0.186796
0.135993
0.142592
0.042319
0.264196
0.295337
0.558353
0.202648
0.331114
0.265510
0.067651
0.112376
0.318094
0.264803
0.365596
0.041669
0.192654
0.136304
0.318032
0.215692
0.207538
0.187556
0.305698
0.197304
0.151126
0.417570
0.048448
0.128357
0.312275
0.274939
0.233270
0.249964
0.234795
0.099331
0.133490
0.064766
0.238788
0.116392
0.357350
0.058391
0.296619
0.199577
0.224047
0.120221
0.306352
0.259540
0.220648
0.177775
0.080503
0.282662
0.255559
0.083006
0.137900
0.270321
0.153034
0.481456
0.127443
0.009352
0.174468
0.274142
0.166200
0.186811
0.400578
0.232658
0.347363
0.091732
0.293998
0.047691
0.372689
0.137232
0.592591
0.197345
0.317407
0.270523
0.059398
0.136761
0.295861
0.254603
0.486600
0.121724
0.145085
0.217027
0.246429
0.262235
0.180948
0.204373
0.193289
0.269555
0.059922
0.416544
0.139449
0.145896
0.219213
0.353909
0.131695
0.187748
0.155454
0.151099
0.208813
0.066047
0.270822
0.111350
0.456090
0.170674
0.204441
0.212780
0.125373
0.080306
0.360522
0.280114
0.215362
0.125791
0.071285
0.238319
0.318620
0.089722
0.151023
0.168489
0.034837
0.561579
0.245550
0.028374
0.212618
0.267693
0.304451
0.265952
0.395007
0.174823
0.382137
0.141834
0.307441
0.008043
0.271110
0.160321
0.442088
0.273058
0.283228
0.217805
0.036068
0.188989
0.234851
0.179070
0.479821
0.157271
0.110709
0.192696
0.045959
0.307741
0.168325
0.188132
0.171614
0.347577
0.061837
0.270008
0.185252
0.296160
0.157295
0.372120
0.285257
0.118020
0.094484
0.174608
0.206827
0.048838
0.308290
0.098701
0.380749
0.157074
0.228255
0.211034
0.033919
0.050806
0.391164
0.193711
0.137338
0.154957
0.127729
0.244452
0.397198
0.090229
0.194219
0.114743
0.127524
0.429842
0.321383
0.068116
0.226442
0.284144
0.353164
0.295538
0.411699
0.161545
0.231539
0.148752
0.179371
0.158765
0.131641
0.196413
0.130043
0.395707
0.284608
0.189880
0.092094
0.225686
0.166170
0.106200
0.451678
0.062647
0.146120
0.266616
0.280489
0.385482
0.174189
0.258798
0.266158
0.349065
0.092188
0.129435
0.196189
0.403649
0.170171
0.274609
0.344659
0.161380
0.129479
0.200551
0.216809
0.167120
0.325892
0.085700
0.275455
0.096877
0.182993
0.146726
0.151131
0.067032
0.440670
0.197007
0.106287
0.226121
0.115137
0.222374
0.345102
0.160320
0.149602
0.147905
0.179199
0.266769
0.352196
0.086686
0.144010
0.282094
0.393409
0.298986
0.285744
0.128725
0.084968
0.062588
0.208931
0.270945
0.101047
0.092874
0.118552
0.467334
0.245764
0.211899
0.170341
0.295395
0.121308
0.095271
0.379739
0.157783
0.257852
0.196125
0.416219
0.368605
0.132134
0.228358
0.361925
0.339585
0.083559
0.225656
0.203426
0.345329
0.173100
0.062707
0.326381
0.191957
0.122392
0.180419
0.157492
0.267460
0.304054
0.266621
0.075664
0.052781
0.077784
0.124795
0.205676
0.113867
0.359098
0.160400
0.073636
0.285181
0.155496
0.146702
0.145747
0.095139
0.100830
0.206896
0.254194
0.156024
0.362380
0.069324
0.043471
0.195831
0.381328
0.215855
0.176905
0.068862
0.109334
0.062814
0.277350
0.333799
0.061219
0.045842
0.179029
0.323697
0.169941
0.241972
0.227080
0.304971
0.168776
0.172674
0.238308
0.192788
0.309703
0.083375
0.329467
0.235359
0.039099
0.141719
0.382866
0.236838
0.104268
0.442021
0.220543
0.159542
0.138443
0.287450
0.289980
0.245849
0.161491
0.146857
0.132925
0.243988
0.232495
0.399238
0.205141
0.149951
0.165608
0.206982
0.170829
0.161142
0.180129
0.045484
0.083019
0.274382
0.152831
0.124872
0.091329
0.054273
0.103595
0.203690
0.271476
0.289605
0.209524
0.105956
0.112768
0.110403
0.284575
0.231403
0.114954
0.250108
0.149437
0.100285
0.308643
0.338284
0.032087
0.096028
0.226425
0.077403
0.213911
0.240648
0.195171
0.202918
0.193807
0.246273
0.166765
0.180831
0.269256
0.041585
0.172108
0.184054
0.026303
0.177599
0.351901
0.124638
0.056255
0.432431
0.099474
0.142629
0.140044
0.327157
0.185303
0.273786
0.156580
0.115174
0.119683
0.077998
0.087877
0.328191
0.398994
0.234984
0.356603
0.338111
0.172174
0.165571
0.083590
0.007192
0.250978
0.248688
0.117007
0.257895
0.169906
0.052473
0.069888
0.148135
0.116271
0.485105
0.139605
0.186072
0.151133
0.126913
0.201969
0.336337
0.147497
0.419685
0.139704
0.204654
0.263423
0.342190
0.021974
0.145939
0.191774
0.111609
0.286610
0.170753
0.231744
0.179007
0.204702
0.288352
0.205243
0.179454
0.193095
0.117942
0.021285
0.215752
0.078726
0.269626
0.265344
0.224780
0.136227
0.299804
0.128070
0.184743
0.171814
0.229611
0.056620
0.263679
0.142282
0.130807
0.182617
0.166518
0.121189
0.209592
0.526554
0.236890
0.413227
0.339988
0.124437
0.176617
0.088835
0.022748
0.210112
0.162023
0.131259
0.314786
0.222186
0.099746
0.074912
0.164621
0.079272
0.494175
0.169722
0.162702
0.218549
0.134053
0.403062
0.297152
0.327612
0.470018
0.152733
0.246037
0.261779
0.306219
0.095995
0.255030
0.192408
0.225889
0.396972
0.117004
0.289099
0.163007
0.162960
0.307781
0.300174
0.232265
0.053976
0.105036
0.152453
0.172078
0.187030
0.344437
0.153417
0.283749
0.193481
0.267800
0.204343
0.121726
0.176572
0.116290
0.123650
0.192992
0.163421
0.226480
0.274543
0.255013
0.345534
0.054682
0.651523
0.211979
0.270726
0.256646
0.146754
0.113396
0.181770
0.058080
0.122903
0.049016
0.179682
0.240730
0.337855
0.121830
0.072028
0.242207
0.170352
0.337321
0.141715
0.116229
0.286345
0.240856
0.501754
0.097301
0.299489
0.343529
0.183065
0.273457
0.211802
0.143035
0.088668
0.288510
0.185277
0.267193
0.403260
0.149574
0.313066
0.237472
0.149743
0.305264
0.310603
0.206699
0.086772
0.044133
0.196751
0.088209
0.300183
0.313260
0.233435
0.231996
0.185987
0.258449
0.173567
0.090041
0.177395
0.154249
0.240374
0.111208
0.236402
0.326308
0.323255
0.238641
0.452278
0.104787
0.709085
0.187263
0.041107
0.218755
0.171073
0.090440
0.257909
0.135047
0.121219
0.094655
0.221466
0.115985
0.299049
0.106781
0.093469
0.256927
0.225782
0.138035
0.142599
0.103865
0.281176
0.297383
0.390202
0.126204
0.113616
0.123432
0.146316
0.275687
0.171040
0.093500
0.064702
0.258795
0.295247
0.155684
0.295328
0.246078
0.387793
0.361683
0.215978
0.199292
0.290345
0.212777
0.092006
0.059148
0.172425
0.100918
0.305641
0.141069
0.323151
0.187525
0.188186
0.343518
0.199810
0.100876
0.172406
0.149070
0.359396
0.019144
0.197938
0.392269
0.305046
0.431770
0.380783
0.181822
0.618119
0.116096
0.240084
0.104375
0.242070
0.300400
0.422288
0.105643
0.109361
0.110919
0.248473
0.053604
0.221477
0.142562
0.087180
0.170202
0.309347
0.225828
0.099278
0.145235
0.190242
0.281512
0.367222
0.189420
0.238476
0.056530
0.066551
0.190318
0.113209
0.180763
0.121540
0.159627
0.401270
0.073726
0.271534
0.317392
0.370262
0.458336
0.290491
0.069050
0.351933
0.190265
0.050780
0.177823
0.144015
0.118245
0.229473
0.126291
0.201001
0.168777
0.185102
0.415223
0.322300
0.069347
0.067798
0.090030
0.420853
0.085010
0.191480
0.372941
0.215789
0.492282
0.213522
0.105160
0.412595
0.042405
0.348032
0.094294
0.270567
0.378759
0.507118
0.010318
0.043389
0.073797
0.275056
0.068215
0.198183
0.183740
0.152782
0.109009
0.337985
0.244180
0.106422
0.166980
0.091126
0.268592
0.331294
0.121686
0.319669
0.074468
0.030579
0.061354
0.009103
0.145198
0.118137
0.184996
0.223325
0.085225
0.303262
0.315591
0.356629
0.466136
0.390963
0.135721
0.359335
0.170949
0.085650
0.237027
0.202831
0.095733
0.205005
0.195532
0.128909
0.248450
0.196263
0.294860
0.311638
0.175914
0.101450
0.015824
0.346284
0.089151
0.183241
0.236386
0.135897
0.327639
0.056045
0.020434
0.199915
0.170719
0.319422
0.164247
0.312695
0.346075
0.436002
0.038202
0.026557
0.107593
0.204179
0.042813
0.200462
0.075515
0.244008
0.076973
0.414839
0.208040
0.097087
0.191292
0.085031
0.228937
0.196870
0.088544
0.240168
0.215901
0.024967
0.313615
0.073346
0.158406
0.105523
0.226299
0.098846
0.076207
0.281064
0.266717
0.384419
0.319426
0.373578
0.175964
0.194121
0.161743
0.136193
0.190867
0.173301
0.038142
0.204013
0.248413
0.158408
0.281596
0.320967
0.029800
0.202950
0.248837
0.189198
0.181521
0.251395
0.107072
0.168905
0.067792
0.067660
0.109211
0.077082
0.096280
0.043298
0.230885
0.270207
0.188705
0.232316
0.311225
0.227621
0.077407
0.058280
0.178242
0.153413
0.229860
0.198612
0.081534
0.263162
0.066757
0.340855
0.231926
0.128459
0.221908
0.088743
0.136618
0.169090
0.334255
0.208724
0.324218
0.081983
0.404519
0.133664
0.221130
0.127652
0.246078
0.310372
0.017566
0.331267
0.295674
0.340934
0.198629
0.261791
0.219256
0.098014
0.087851
0.101589
0.082619
0.037979
0.170486
0.101168
0.321688
0.136390
0.195776
0.370620
0.203181
0.107063
0.223908
0.253004
0.213521
0.215533
0.177248
0.260918
0.092297
0.101154
0.125844
0.152158
0.115216
0.168448
0.180033
0.067905
0.170266
0.183913
0.268618
0.142861
0.152012
0.079144
0.221009
0.138739
0.339103
0.179951
0.139378
0.281080
0.193025
0.332004
0.320749
0.124673
0.204581
0.118533
0.109885
0.246888
0.438573
0.128748
0.277544
0.209554
0.323290
0.117772
0.144125
0.135240
0.230037
0.319055
0.141321
0.309589
0.314294
0.144766
0.187730
0.298467
0.135069
0.296980
0.049599
0.032265
0.036439
0.075236
0.109340
0.028078
0.378203
0.071059
0.071999
0.334942
0.307658
0.074367
0.248715
0.294197
0.108103
0.159337
0.238133
0.254492
0.219024
0.075424
0.217673
0.195448
0.056790
0.269913
0.209828
0.085323
0.193705
0.129930
0.131946
0.201189
0.187467
0.076776
0.264797
0.088023
0.332709
0.078015
0.116643
0.235068
0.290853
0.288471
0.309729
0.227024
0.173017
0.118439
0.128803
0.283770
0.358375
0.105400
0.204096
0.261544
0.209280
0.012161
0.016910
0.086694
0.182631
0.266742
0.149709
0.195955
0.273000
0.143244
0.199186
0.196216
0.044130
0.462684
0.033766
0.014259
0.079415
0.136559
0.167528
0.104062
0.293366
0.175310
0.146468
0.256491
0.325234
0.128530
0.362683
0.245791
0.148937
0.066949
0.171507
0.240777
0.321467
0.140653
0.262271
0.261962
0.091534
0.368414
0.150917
0.175536
0.180702
0.091624
0.033534
0.302281
0.205783
0.034256
0.240266
0.131483
0.259684
0.180563
0.092304
0.066782
0.285012
0.170294
0.172227
0.348650
0.165643
0.068821
0.255074
0.244294
0.199629
0.193790
0.129507
0.193829
0.070176
0.101029
0.050062
0.055078
0.153192
0.185265
0.117246
0.219648
0.176462
0.299828
0.266859
0.088505
0.074199
0.416521
0.097869
0.023359
0.107600
0.080069
0.408065
0.153978
0.132240
0.296877
0.263979
0.262802
0.309495
0.219273
0.371108
0.160142
0.201214
0.201681
0.063638
0.298249
0.324366
0.178531
0.267354
0.319583
0.132484
0.394821
0.084368
0.228119
0.154966
0.056713
0.035555
0.301724
0.198913
0.097884
0.188546
0.252639
0.173205
0.376630
0.037752
0.187474
0.268149
0.119484
0.017339
0.308382
0.187611
0.175999
0.277672
0.164909
0.086106
0.209894
0.201828
0.110843
0.172769
0.143698
0.117398
0.148264
0.153225
0.102393
0.140055
0.233154
0.209478
0.331043
0.307380
0.265536
0.139223
0.298243
0.205841
0.094518
0.142473
0.065502
0.457977
0.204382
0.087396
0.366325
0.291737
0.270406
0.199041
0.298437
0.302049
0.100358
0.201299
0.454497
0.048832
0.258996
0.247449
0.312058
0.265034
0.259408
0.139008
0.374923
0.051443
0.229764
0.191970
0.082491
0.071995
0.328555
0.198847
0.109701
0.169396
0.331435
0.147827
0.326301
0.126497
0.388459
0.288631
0.300518
0.091845
0.263954
0.250652
0.248414
0.258370
0.104008
0.136872
0.200779
0.359409
0.051616
0.266391
0.129448
0.112147
0.204199
0.201615
0.048671
0.162340
0.188007
0.424595
0.290670
0.341355
0.301991
0.140840
0.195222
0.229489
0.103258
0.221122
0.043320
0.371257
0.280594
0.237171
0.308649
0.184710
0.245494
0.093553
0.302504
0.147571
0.107666
0.178221
0.514763
0.201927
0.231460
0.148212
0.399896
0.220297
0.117336
0.075501
0.319386
0.051993
0.205068
0.286452
0.099454
0.135339
0.298023
0.135528
0.098175
0.120136
0.269398
0.199296
0.158213
0.115302
0.483343
0.260355
0.358268
0.147574
0.108419
0.259626
0.229294
0.330480
0.151200
0.265905
0.239395
0.353373
0.059743
0.238792
0.180312
0.099043
0.101586
0.321150
0.053639
0.185581
0.321759
0.486576
0.151646
0.318422
0.375918
0.056660
0.131774
0.210371
0.060036
0.207356
0.077229
0.264476
0.210746
0.292263
0.177963
0.030545
0.066290
0.135232
0.259472
0.107996
0.134627
0.146351
0.492363
0.250598
0.147483
0.161121
0.296751
0.185719
0.121485
0.037217
0.252076
0.022680
0.152991
0.324275
0.183731
0.154666
0.250470
0.091906
0.093705
0.064531
0.147001
0.223136
0.076085
0.029811
0.453559
0.188496
0.359088
0.201393
0.096013
0.121018
0.199189
0.339488
0.150456
0.296631
0.241695
0.210972
0.143579
0.188775
0.162225
0.092103
0.052881
0.408492
0.109033
0.188111
0.274670
0.382943
0.118194
0.321590
0.427781
0.074974
0.201175
0.054223
0.044008
0.134268
0.062672
0.185824
0.242409
0.251222
0.087246
0.059297
0.148755
0.158740
0.217153
0.316547
0.201148
0.157340
0.432934
0.084893
0.062402
0.183946
0.140562
0.143379
0.177093
0.052613
0.168194
0.047924
0.052456
0.340845
0.316169
0.216333
0.160034
0.204257
0.188587
0.011645
0.079209
0.238431
0.047590
0.034296
0.349975
0.186501
0.375935
0.165604
0.207053
0.104885
0.167482
0.234199
0.187403
0.257527
0.126792
0.083361
0.172041
0.025765
0.088577
0.041926
0.183818
0.348301
0.081692
0.184348
0.100314
0.253210
0.077316
0.368004
0.385272
0.172228
0.207975
0.135802
0.047373
0.068940
0.080679
0.112409
0.280021
0.192880
0.158113
0.087631
0.254919
0.240391
0.162082
0.299424
0.194491
0.150932
0.276879
0.184630
0.158706
0.152339
0.064080
0.163107
0.249609
0.054389
0.115206
0.088410
0.051255
0.333757
0.456427
0.288364
0.055023
0.315665
0.223156
0.067000
0.146113
0.259528
0.036220
0.029103
0.275759
0.166619
0.285758
0.084957
0.183647
0.204755
0.143326
0.084433
0.204790
0.205744
0.066282
0.100938
0.170839
0.174294
0.067161
0.032814
0.247424
0.187567
0.092126
0.262872
0.084690
0.075945
0.064900
0.280900
0.313833
0.221906
0.174993
0.171158
0.163612
0.079129
0.038062
0.064709
0.357708
0.143393
0.145924
0.158993
0.329416
0.283713
0.076314
0.213213
0.071053
0.072208
0.229844
0.357819
0.256222
0.126434
0.035566
0.225088
0.359876
0.058343
0.067088
0.041019
0.097013
0.322726
0.533979
0.186341
0.124074
0.327804
0.184350
0.176678
0.162265
0.269043
0.072918
0.042845
0.275988
0.134925
0.066121
0.093089
0.220903
0.286400
0.081818
0.194710
0.142801
0.135065
0.060520
0.193090
0.204961
0.247886
0.174741
0.132789
0.147431
0.068397
0.193663
0.315337
0.169255
0.091779
0.105710
0.153533
0.142692
0.135231
0.208542
0.104871
0.174756
0.054727
0.139799
0.177568
0.330767
0.229880
0.064421
0.308812
0.360108
0.242303
0.049304
0.349632
0.050178
0.052135
0.346818
0.373599
0.275225
0.221479
0.065159
0.344140
0.381426
0.040757
0.037310
0.160892
0.102805
0.180835
0.419450
0.189052
0.177400
0.258757
0.084844
0.188516
0.126525
0.183759
0.130981
0.027057
0.216205
0.101651
0.060645
0.145033
0.311981
0.242965
0.099393
0.267068
0.111322
0.047118
0.236773
0.189737
0.178553
0.274751
0.150038
0.238217
0.056460
0.100099
0.259088
0.217738
0.250407
0.249914
0.168202
0.154586
0.052464
0.060342
0.278033
0.050107
0.093385
0.150579
0.289311
0.236559
0.183381
0.297805
0.089815
0.402014
0.264778
0.189764
0.128239
0.466204
0.174274
0.148001
0.377212
0.252020
0.219240
0.253503
0.095378
0.363150
0.315799
0.061536
0.064624
0.254563
0.138879
0.137366
0.172721
0.169518
0.210253
0.245541
0.133115
0.203227
0.177530
0.079849
0.146307
0.069205
0.112556
0.268124
0.033987
0.112770
0.315432
0.119909
0.066427
0.293367
0.134949
0.061968
0.230834
0.115656
0.099821
0.206183
0.114147
0.264256
0.068857
0.196180
0.195022
0.104324
0.308049
0.325712
0.230037
0.199415
0.242112
0.196653
0.366381
0.135550
0.044835
0.291584
0.305926
0.293748
0.159649
0.290950
0.066736
0.383785
0.113539
0.122858
0.127143
0.404584
0.257158
0.233662
0.273567
0.084876
0.082440
0.242364
0.069630
0.287425
0.271339
0.099266
0.170045
0.183001
0.213897
0.201836
0.086145
0.087539
0.315245
0.127374
0.278910
0.143632
0.248116
0.130645
0.050194
0.238029
0.192707
0.426499
0.101695
0.165038
0.296770
0.063057
0.046743
0.235062
0.127232
0.153645
0.139445
0.032284
0.106891
0.077984
0.200183
0.206082
0.119914
0.236317
0.169573
0.036461
0.297568
0.240462
0.229549
0.191582
0.433571
0.263138
0.433586
0.227326
0.048099
0.272308
0.186427
0.300446
0.275287
0.242764
0.070682
0.268336
0.038172
0.161836
0.135509
0.253070
0.190660
0.341608
0.208000
0.185713
0.159779
0.209101
0.119985
0.138541
0.297705
0.105298
0.216579
0.041039
0.240144
0.166446
0.278924
0.039927
0.264455
0.027049
0.242731
0.127201
0.228647
0.179292
0.079784
0.320956
0.344326
0.346961
0.191413
0.298836
0.108311
0.084753
0.035705
0.235557
0.098432
0.247128
0.043547
0.041043
0.130783
0.133008
0.200163
0.102595
0.123599
0.208053
0.133025
0.196101
0.240810
0.184434
0.160864
0.191512
0.481998
0.276735
0.425329
0.225982
0.119944
0.195713
0.089180
0.148940
0.273082
0.084439
0.235557
0.217250
0.022309
0.195949
0.146630
0.230701
0.090640
0.363691
0.183248
0.265741
0.338400
0.209076
0.202083
0.049098
0.287595
0.067474
0.216984
0.119416
0.243090
0.127538
0.372701
0.126830
0.122315
0.185142
0.118010
0.243889
0.188052
0.208738
0.193168
0.276240
0.347463
0.054278
0.155838
0.326105
0.117004
0.022284
0.037105
0.275368
0.109612
0.275044
0.217176
0.073177
0.169002
0.200531
0.116331
0.156914
0.083673
0.158624
0.054039
0.298320
0.232859
0.185410
0.087222
0.160135
0.402645
0.237851
0.285233
0.097592
0.087111
0.145963
0.104068
0.118876
0.216677
0.146407
0.342847
0.103445
0.070174
0.243706
0.176965
0.218321
0.064821
0.290401
0.111002
0.195789
0.436916
0.221227
0.186273
0.123845
0.250658
0.112125
0.223194
0.127682
0.202413
0.139975
0.410813
0.121723
0.162781
0.307663
0.074389
0.229053
0.142730
0.184785
0.206522
0.241858
0.265035
0.162776
0.103119
0.262878
0.291651
0.075547
0.032204
0.256914
0.072645
0.227780
0.280752
0.095221
0.191870
0.167818
0.082062
0.167770
0.057041
0.131847
0.044611
0.317282
0.192181
0.097960
0.214214
0.115081
0.221210
0.174510
0.079318
0.011684
0.067254
0.177029
0.146593
0.207292
0.186154
0.217463
0.344875
0.199010
0.207152
0.331733
0.189123
0.320618
0.054303
0.237915
0.087487
0.022496
0.447550
0.281097
0.088064
0.189081
0.207001
0.151757
0.165411
0.140153
0.066359
0.156998
0.398829
0.041396
0.196381
0.306561
0.242560
0.144961
0.175797
0.141190
0.150520
0.216319
0.219256
0.174121
0.007004
0.140226
0.336423
0.147564
0.048395
0.127875
0.033437
0.097298
0.310561
0.179886
0.134644
0.095809
0.083900
0.165429
0.061337
0.115346
0.096387
0.301576
0.075955
0.186442
0.226072
0.104745
0.014356
0.112854
0.075392
0.126846
0.257437
0.130206
0.165910
0.166126
0.154140
0.231236
0.212249
0.409321
0.295506
0.294965
0.131057
0.490219
0.064172
0.295496
0.186182
0.183779
0.266784
0.243474
0.147930
0.239356
0.209163
0.180957
0.109458
0.190256
0.165129
0.087417
0.299291
0.058692
0.086853
0.341984
0.326255
0.079623
0.341594
0.120603
0.142347
0.175924
0.171915
0.142362
0.207836
0.133142
0.367647
0.139536
0.023425
0.084263
0.107058
0.086197
0.286466
0.184024
0.087918
0.134687
0.112158
0.119396
0.196299
0.094986
0.143968
0.269577
0.109322
0.218046
0.157699
0.135935
0.139925
0.149371
0.160109
0.202304
0.344548
0.046794
0.197709
0.065810
0.199727
0.253760
0.033506
0.379683
0.291466
0.226457
0.215288
0.357561
0.158920
0.269210
0.205849
0.205805
0.166154
0.143522
0.147688
0.260578
0.229662
0.208110
0.088248
0.151250
0.445418
0.027571
0.114205
0.092523
0.204649
0.325864
0.261116
0.107398
0.391413
0.063678
0.162025
0.218723
0.076886
0.207339
0.326519
0.198476
0.284458
0.139242
0.120673
0.086534
0.093008
0.237587
0.282204
0.158319
0.106099
0.149943
0.161028
0.079230
0.291967
0.070690
0.156577
0.234537
0.201341
0.189342
0.137834
0.081647
0.204790
0.203271
0.188361
0.179292
0.264484
0.081117
0.215164
0.045134
0.238245
0.333933
0.183567
0.297636
0.254632
0.116061
0.289896
0.162809
0.147492
0.206604
0.128744
0.145876
0.071540
0.243906
0.104038
0.263029
0.190624
0.169690
0.143204
0.098656
0.485787
0.109346
0.185650
0.137962
0.250082
0.205626
0.158857
0.137681
0.401221
0.080673
0.200582
0.196775
0.085869
0.140791
0.254916
0.099476
0.121324
0.126747
0.256183
0.074586
0.133984
0.248719
0.340195
0.116402
0.240394
0.181248
0.180982
0.066470
0.326740
0.075913
0.184107
0.057670
0.328612
0.286068
0.070236
0.033860
0.260432
0.293998
0.150438
0.104969
0.112554
0.195087
0.212551
0.012980
0.129611
0.335182
0.195724
0.138163
0.146288
0.026587
0.282637
0.089075
0.105194
0.169215
0.133132
0.134031
0.233151
0.385903
0.035101
0.224424
0.188571
0.095718
0.177969
0.070419
0.392455
0.085366
0.298930
0.126646
0.266015
0.164047
0.024053
0.059400
0.351266
0.145264
0.207265
0.086109
0.128104
0.043560
0.114878
0.236252
0.034960
0.093811
0.350923
0.120054
0.192067
0.143513
0.307447
0.118119
0.266321
0.219685
0.153133
0.065790
0.281929
0.081975
0.217580
0.136587
0.433605
0.277849
0.156502
0.076867
0.300343
0.321105
0.096163
0.065178
0.077804
0.255156
0.221976
0.082700
0.055628
0.217741
0.107398
0.141427
0.176001
0.157968
0.246727
0.080622
0.094080
0.146412
0.088729
0.171857
0.342289
0.364605
0.099940
0.107601
0.252236
0.125144
0.215879
0.177422
0.382494
0.076049
0.279991
0.064517
0.292240
0.117796
0.191527
0.083944
0.170678
0.187263
0.222999
0.024509
0.041705
0.047833
0.085554
0.360612
0.097845
0.114358
0.305082
0.203114
0.206367
0.030378
0.103538
0.081908
0.137388
0.155020
0.216059
0.177721
0.160460
0.101821
0.243300
0.261075
0.382558
0.169716
0.342690
0.064653
0.240301
0.320680
0.069776
0.234848
0.180745
0.227297
0.143566
0.160605
0.200305
0.071119
0.034670
0.166799
0.253661
0.273807
0.185513
0.051349
0.123911
0.130242
0.099482
0.219720
0.283541
0.212156
0.168363
0.076463
0.324625
0.114066
0.292234
0.160147
0.267167
0.096709
0.236535
0.017521
0.240567
0.025658
0.394209
0.034663
0.083186
0.241101
0.163289
0.105445
0.090595
0.215696
0.167975
0.329158
0.169043
0.149332
0.184995
0.313154
0.214577
0.177974
0.204046
0.066154
0.031025
0.113589
0.212954
0.173291
0.056291
0.051424
0.232288
0.287685
0.168178
0.163674
0.325593
0.039410
0.171911
0.330450
0.131981
0.342931
0.341719
0.197287
0.091033
0.225883
0.342757
0.070148
0.044819
0.196857
0.222598
0.309751
0.043570
0.222315
0.159871
0.080154
0.175708
0.216624
0.163728
0.056323
0.162376
0.134714
0.361196
0.124850
0.324212
0.048472
0.131116
0.138860
0.282850
0.094064
0.196815
0.191186
0.502002
0.087606
0.277787
0.284478
0.158751
0.130061
0.087683
0.299246
0.242803
0.127259
0.230987
0.135661
0.099720
0.345547
0.144133
0.279773
0.374233
0.071614
0.040448
0.071228
0.127037
0.148092
0.114782
0.100618
0.163484
0.256999
0.165647
0.180907
0.146336
0.071018
0.097336
0.299004
0.137742
0.278288
0.375591
0.148017
0.117454
0.258940
0.338365
0.130224
0.070862
0.087660
0.201331
0.264815
0.119281
0.296438
0.217532
0.061589
0.174175
0.165818
0.060864
0.107170
0.186631
0.060589
0.264114
0.173955
0.277096
0.155092
0.055349
0.118313
0.179276
0.158239
0.229072
0.240801
0.455432
0.144615
0.261231
0.284533
0.144906
0.178668
0.027154
0.269753
0.162375
0.076961
0.232925
0.193226
0.080262
0.238654
0.113409
0.310539
0.437648
0.018620
0.128617
0.050082
0.223922
0.161543
0.031654
0.168485
0.111460
0.224041
0.235907
0.093021
0.151469
0.159143
0.044119
0.270050
0.080287
0.165958
0.242941
0.019239
0.191276
0.315341
0.230127
0.188720
0.129639
0.113186
0.144340
0.201444
0.240428
0.231496
0.168516
0.188932
0.101816
0.056826
0.123872
0.131706
0.233973
0.070980
0.100481
0.190817
0.078122
0.168328
0.221844
0.097783
0.062425
0.165941
0.200262
0.164956
0.394214
0.184333
0.141551
0.281291
0.184717
0.180305
0.043192
0.189121
0.094016
0.162238
0.163617
0.236318
0.091054
0.126379
0.111747
0.278481
0.442119
0.112406
0.115145
0.127727
0.378653
0.244793
0.038853
0.095333
0.067383
0.121395
0.182819
0.096826
0.202698
0.162821
0.191172
0.183800
0.132833
0.079309
0.066236
0.196374
0.246382
0.302730
0.111644
0.168559
0.188751
0.248736
0.115489
0.202497
0.378132
0.160093
0.052913
0.242296
0.090289
0.105494
0.254173
0.170121
0.280986
0.158763
0.090357
0.177124
0.136861
0.178618
0.404808
0.129785
0.102951
0.119113
0.060260
0.208724
0.289745
0.235698
0.049736
0.171327
0.338131
0.157235
0.086507
0.095603
0.135324
0.216394
0.084705
0.177696
0.179939
0.139170
0.118962
0.174582
0.407461
0.181883
0.042124
0.130189
0.348166
0.228797
0.084335
0.042641
0.040951
0.187695
0.098699
0.252589
0.267725
0.097856
0.254962
0.092273
0.181552
0.066342
0.083744
0.279259
0.387283
0.213004
0.106782
0.195519
0.165335
0.285066
0.118410
0.130630
0.421394
0.134505
0.170799
0.309041
0.093010
0.209939
0.287866
0.198601
0.264386
0.166417
0.089048
0.139056
0.234965
0.168313
0.466885
0.217538
0.262227
0.054953
0.087489
0.220792
0.166630
0.207629
0.135775
0.046632
0.425420
0.061070
0.156917
0.148257
0.076216
0.182009
0.037527
0.183991
0.238663
0.141120
0.162744
0.150860
0.339416
0.143632
0.136111
0.118428
0.226607
0.131625
0.108190
0.082285
0.161868
0.225266
0.078387
0.288322
0.336449
0.230718
0.180201
0.237942
0.222430
0.224892
0.027838
0.245566
0.411956
0.191324
0.076205
0.246840
0.108746
0.254286
0.203986
0.010218
0.322621
0.125748
0.226608
0.290519
0.032867
0.254566
0.211117
0.192608
0.146947
0.172904
0.056714
0.162874
0.232440
0.062162
0.319952
0.296054
0.310134
0.105614
0.174185
0.143515
0.216669
0.011930
0.160670
0.091263
0.394782
0.172406
0.228311
0.074919
0.043980
0.097526
0.012743
0.175647
0.183688
0.030073
0.158605
0.163012
0.228135
0.040444
0.203732
0.177319
0.154372
0.064044
0.156615
0.066673
0.255547
0.156184
0.079771
0.218601
0.326308
0.207328
0.137224
0.394100
0.180231
0.290045
0.090360
0.196895
0.348282
0.296322
0.153017
0.266505
0.174424
0.181059
0.214765
0.176502
0.216773
0.132298
0.353155
0.114830
0.122449
0.170585
0.208254
0.165878
0.066675
0.035800
0.096328
0.109402
0.253998
0.197387
0.126493
0.280631
0.226981
0.179311
0.299529
0.091341
0.291526
0.144416
0.167665
0.062182
0.352281
0.302333
0.222825
0.097608
0.043338
0.169562
0.100329
0.167481
0.102465
0.110627
0.145127
0.124708
0.102171
0.053059
0.227722
0.152961
0.096790
0.207941
0.188489
0.039134
0.302290
0.114995
0.083909
0.071068
0.261487
0.104249
0.151748
0.480685
0.100811
0.208667
0.069700
0.136363
0.222778
0.218739
0.142987
0.187695
0.164755
0.173650
0.226337
0.275899
0.162815
0.206689
0.471621
0.061425
0.204190
0.148487
0.221833
0.116339
0.237835
0.090395
0.050684
0.110011
0.264579
0.279627
0.024671
0.187074
0.193131
0.209739
0.373125
0.118473
0.334583
0.201559
0.080596
0.020158
0.228619
0.265746
0.181654
0.148284
0.033636
0.257216
0.201660
0.192565
0.065432
0.138675
0.105230
0.122871
0.164959
0.113546
0.261445
0.063737
0.069760
0.300301
0.146494
0.117014
0.355281
0.141219
0.018507
0.128637
0.232744
0.080664
0.169269
0.472579
0.126829
0.149385
0.017679
0.101111
0.063193
0.102201
0.051863
0.053091
0.073611
0.146272
0.265772
0.209162
0.019073
0.212934
0.328621
0.098720
0.180386
0.200415
0.257774
0.010402
0.293635
0.124604
0.022182
0.193645
0.271816
0.209223
0.028400
0.202316
0.180927
0.133626
0.246032
0.145150
0.336294
0.204058
0.068666
0.131876
0.084950
0.211229
0.138556
0.094160
0.116527
0.398288
0.273545
0.140328
0.105465
0.042633
0.146120
0.183632
0.198627
0.066781
0.181374
0.068616
0.240266
0.227259
0.051234
0.150399
0.315260
0.137023
0.110387
0.196346
0.184966
0.068771
0.191996
0.329420
0.194731
0.119541
0.099233
0.034479
0.067185
0.065537
0.060338
0.292342
0.060354
0.091591
0.370445
0.117023
0.217069
0.148321
0.094558
0.076025
0.102552
0.137944
0.174206
0.132305
0.274876
0.163311
0.092368
0.184015
0.308914
0.090555
0.077695
0.172555
0.134562
0.070119
0.115836
0.121987
0.264790
0.166924
0.112903
0.197401
0.119371
0.200076
0.098941
0.100064
0.135656
0.381677
0.237473
0.126676
0.203032
0.077453
0.182537
0.232667
0.276441
0.078455
0.160904
0.092646
0.279263
0.097409
0.108617
0.121975
0.196877
0.096303
0.112177
0.183913
0.083750
0.052972
0.257889
0.178078
0.294650
0.074451
0.183038
0.036760
0.076989
0.122139
0.132260
0.342755
0.191103
0.178662
0.332536
0.091181
0.294266
0.063412
0.060110
0.058928
0.139286
0.058040
0.096860
0.187892
0.229905
0.228083
0.073077
0.176513
0.308965
0.184599
0.104699
0.293215
0.180754
0.138717
0.034144
0.090828
0.179371
0.164114
0.159178
0.228759
0.135291
0.148378
0.159753
0.119384
0.098378
0.217429
0.142085
0.139886
0.244849
0.120580
0.149940
0.180359
0.303626
0.063584
0.175408
0.075998
0.226663
0.032502
0.120107
0.123414
0.123883
0.056896
0.131383
0.090776
0.065478
0.050169
0.204660
0.060052
0.241735
0.113543
0.208777
0.145008
0.180730
0.238828
0.130271
0.252580
0.277991
0.201556
0.169458
0.064618
0.276124
0.241836
0.066401
0.152775
0.104103
0.135294
0.256289
0.146223
0.210179
0.298822
0.198922
0.129719
0.238253
0.182411
0.112984
0.342402
0.146398
0.261563
0.050141
0.103375
0.043154
0.208462
0.155892
0.213159
0.222042
0.074329
0.194548
0.111951
0.209908
0.061614
0.065549
0.061835
0.278079
0.015612
0.010020
0.063610
0.228376
0.095278
0.196738
0.056768
0.159531
0.068927
0.110300
0.180380
0.102390
0.139917
0.242572
0.041619
0.124496
0.078859
0.085736
0.065512
0.141296
0.055871
0.188266
0.234026
0.333981
0.387508
0.041544
0.178926
0.402698
0.145905
0.040257
0.153693
0.208741
0.353858
0.133670
0.211824
0.009466
0.208988
0.260357
0.125531
0.207656
0.339773
0.253412
0.066543
0.100886
0.180067
0.200845
0.294087
0.138401
0.287124
0.178406
0.109223
0.151990
0.256643
0.102179
0.186914
0.287955
0.186189
0.237699
0.123203
0.322567
0.079551
0.091747
0.112340
0.225255
0.183186
0.154697
0.192674
0.119099
0.006860
0.255657
0.098964
0.215977
0.054854
0.076631
0.154928
0.127216
0.073997
0.176714
0.086670
0.165453
0.050716
0.171189
0.202766
0.022352
0.033353
0.146614
0.147094
0.423974
0.584153
0.108962
0.166328
0.421628
0.128321
0.133026
0.257872
0.168862
0.203738
0.227372
0.160770
0.198814
0.257354
0.184261
0.189362
0.236232
0.291520
0.184768
0.007712
0.144776
0.253351
0.251742
0.154511
0.198488
0.173618
0.163060
0.132233
0.306712
0.316018
0.152892
0.140157
0.246548
0.341902
0.258261
0.165886
0.309877
0.140098
0.147544
0.241258
0.135217
0.240271
0.214327
0.319880
0.104678
0.176318
0.408647
0.154298
0.237614
0.068604
0.039764
0.119221
0.167305
0.043430
0.071506
0.097586
0.239945
0.129968
0.321352
0.290941
0.171386
0.050486
0.106582
0.126510
0.412048
0.615647
0.165285
0.216567
0.327035
0.114976
0.254998
0.167679
0.143463
0.051301
0.287118
0.068332
0.316160
0.232561
0.193603
0.240903
0.278846
0.190270
0.045123
0.064153
0.301436
0.322469
0.212299
0.086319
0.225532
0.120021
0.074983
0.103540
0.290249
0.250378
0.230003
0.197739
0.211599
0.300756
0.225038
0.170380
0.286787
0.155438
0.088677
0.253917
0.051938
0.143237
0.156307
0.378172
0.124908
0.287133
0.475656
0.117937
0.205568
0.148812
0.035025
0.164884
0.249438
0.060501
0.160934
0.056556
0.198086
0.211635
0.343376
0.305024
0.224029
0.062999
0.039493
0.333776
0.376422
0.467146
0.076540
0.233588
0.120195
0.055727
0.322706
0.150456
0.098232
0.156757
0.309582
0.080747
0.212432
0.132615
0.166599
0.302942
0.254717
0.155105
0.087545
0.118342
0.273624
0.238689
0.210793
0.078426
0.171421
0.215255
0.058162
0.033751
0.212572
0.172870
0.232255
0.191440
0.241539
0.291151
0.108577
0.170838
0.178344
0.145747
0.036022
0.113209
0.127682
0.068209
0.154799
0.391116
0.186398
0.308075
0.361808
0.075917
0.125020
0.128180
0.093319
0.133192
0.361170
0.063135
0.192138
0.083656
0.111271
0.158009
0.297467
0.249062
0.243771
0.111812
0.062073
0.408260
0.291077
0.239901
0.145657
0.150863
0.159915
0.139681
0.303018
0.214058
0.205669
0.150825
0.189275
0.126018
0.093092
0.102712
0.120619
0.320690
0.130203
0.085883
0.181171
0.200169
0.212080
0.164807
0.147169
0.179885
0.199313
0.230661
0.077057
0.162168
0.201002
0.225506
0.126700
0.117183
0.230721
0.251796
0.120135
0.079913
0.032139
0.238473
0.233757
0.135629
0.178878
0.122460
0.117054
0.280374
0.137821
0.281900
0.185766
0.137029
0.165142
0.018773
0.088342
0.155384
0.356097
0.120442
0.152548
0.222202
0.159939
0.060660
0.233931
0.247780
0.293123
0.081532
0.124192
0.320196
