# G_2, p = 1.0000 GPa (dir_10000.0_bar).
# Isolated-8MR (not in any D8R): 48 rings x 101 frames = 4848 samples.
# Column: per-isolated-8MR Delta [A]
1.073146
1.068914
1.073146
1.068919
1.073131
1.068907
1.073134
1.068910
1.073139
1.068892
1.073142
1.068889
1.073139
1.068911
1.073135
1.068911
1.073134
1.068926
1.073134
1.068924
1.073147
1.068921
1.073148
1.068917
1.073141
1.068924
1.073145
1.068924
1.073151
1.068914
1.073153
1.068914
1.073128
1.068926
1.073129
1.068924
1.073139
1.068916
1.073141
1.068919
1.073119
1.068933
1.073124
1.068931
1.073144
1.068933
1.073143
1.068933
1.073522
1.094502
1.093068
1.128257
1.060222
1.090911
1.237724
1.099377
1.083552
1.119425
1.135350
0.869847
1.022294
1.118300
1.224084
0.998020
0.967817
1.016198
0.926065
0.920798
1.022597
1.177273
1.211246
0.991205
1.001486
0.975209
1.317438
1.196253
1.049038
1.110425
0.969644
1.026087
0.994364
1.082465
1.105246
1.184427
1.178623
1.025261
1.125586
1.043807
0.899894
1.073636
1.135689
0.989631
1.183805
1.028704
1.061556
0.941159
0.995049
1.103517
1.091443
1.139047
1.092534
1.057385
1.370397
1.147002
1.175525
1.165176
1.221370
0.623361
0.852797
1.157919
1.224769
0.957086
0.979290
0.928498
0.866925
0.820774
1.132045
1.178211
1.251861
1.026003
0.937687
0.851652
1.410369
1.252796
0.992257
1.289994
0.762711
1.007165
0.949059
1.039931
1.137315
1.231404
1.363427
0.948322
1.012127
1.053979
0.840213
1.006926
1.047786
0.983122
1.174350
1.030883
0.986150
0.929279
0.898789
1.068478
1.225545
1.123916
1.087223
1.041358
1.348754
1.153085
1.217537
1.163412
1.144085
0.532510
0.678272
1.037018
1.270079
1.015968
1.082213
0.901833
0.937219
0.823034
1.299393
1.197932
1.233153
1.141578
0.883679
0.866551
1.265332
1.328773
0.919659
1.412063
0.666499
1.056792
0.976716
1.093255
1.189778
1.191901
1.362281
0.897294
0.960730
1.096421
0.873878
0.907829
0.982368
1.037270
1.240148
1.030083
0.960506
0.953267
0.873334
1.110006
1.300113
1.146918
1.033447
1.061737
1.311022
1.109222
1.222219
1.124094
1.172977
0.459853
0.697410
0.886306
1.344242
1.035104
1.047440
0.972376
1.000238
0.839908
1.258156
1.190884
1.197018
1.147235
0.924730
0.830440
1.123627
1.422562
0.909774
1.373670
0.633195
1.029143
1.045117
1.246597
1.146912
1.044967
1.223753
0.910818
1.066300
1.101295
0.900304
0.857874
1.012779
1.018596
1.349077
1.027188
0.880426
0.917952
0.852069
1.053551
1.176745
1.095549
1.064603
0.959142
1.303967
1.034925
1.203245
1.121272
1.262745
0.292836
0.659116
0.851877
1.393094
1.028304
1.013907
1.101352
1.049024
0.768117
1.245127
1.207833
1.216067
1.089510
1.034306
0.803289
1.055580
1.478804
0.907487
1.288556
0.729613
1.062956
1.029683
1.401974
1.041237
1.015818
1.158643
0.881896
1.142353
1.016469
0.868138
0.910965
1.029957
0.984373
1.407907
0.946531
0.729342
0.900130
0.845965
0.999752
1.005638
1.078879
1.067577
0.949626
1.267183
0.978568
1.254119
1.102404
1.262551
0.291193
0.445722
0.895371
1.366109
1.068873
1.054705
1.174542
1.049368
0.597085
1.294403
1.293709
1.268720
1.093498
1.030959
0.733708
1.075604
1.478187
0.934734
1.243816
0.882339
1.011841
0.890328
1.397760
1.026253
1.120561
1.191784
0.804828
1.053546
0.897919
0.888933
1.018499
1.042854
0.989979
1.394633
0.877173
0.604876
0.917616
0.842405
1.038730
0.925158
1.113751
0.924241
1.126377
1.211272
0.925010
1.266809
1.152975
1.271141
0.302162
0.357486
1.020917
1.367877
1.228852
1.130397
1.085535
1.049446
0.492025
1.300955
1.346816
1.276077
1.091516
0.972139
0.687008
1.046996
1.455424
0.958399
1.228632
1.011424
0.926450
0.909928
1.321311
1.130326
1.137335
1.131965
0.853521
1.036786
0.853558
0.864313
1.115534
0.989132
1.004476
1.406471
0.882209
0.601224
0.896034
0.910038
1.165797
0.898657
1.158843
0.880891
1.180478
1.254458
0.908070
1.127140
1.305316
1.155749
0.434335
0.446872
0.995315
1.394486
1.311750
1.113875
1.035175
0.934752
0.537507
1.233215
1.237664
1.312396
1.066058
0.996535
0.707877
0.911973
1.366874
0.836278
1.110873
1.043806
0.940783
1.009178
1.254653
1.254392
1.010692
0.987392
1.000953
1.046786
0.895108
0.790614
1.117464
0.834188
1.088313
1.436844
0.855357
0.640197
0.833907
0.917998
1.287134
0.816057
1.157599
0.885910
1.046539
1.256111
0.894870
0.935801
1.428958
1.061421
0.609155
0.489237
0.895298
1.288378
1.207199
1.110794
1.181630
0.817659
0.658794
1.051622
1.066832
1.151880
1.042883
1.103496
0.739216
0.846284
1.368152
0.751618
0.977923
1.015564
0.999307
0.967101
1.214594
1.223161
0.988271
0.892785
1.133667
0.928759
0.897573
0.738545
1.108604
0.699730
1.224984
1.240382
0.853159
0.684213
0.828215
0.852999
1.288957
0.692387
1.080975
0.856282
0.875420
1.042866
0.961979
0.890021
1.342233
1.076120
0.781076
0.471346
0.823043
1.098530
1.073530
1.089061
1.272664
0.779656
0.747966
0.860281
0.977898
0.985682
0.900000
1.096821
0.850010
0.812493
1.387642
0.818241
0.968593
1.002726
0.987586
0.816074
1.197892
1.182602
1.086424
1.001281
1.115324
0.856405
0.821464
0.739524
1.099180
0.847373
1.242428
1.084802
0.826222
0.905728
0.880080
0.785038
1.199484
0.806431
0.985549
0.821886
0.825506
0.836517
0.984111
0.926912
1.188709
1.091543
0.944181
0.458628
0.894266
0.937583
1.050136
1.095931
1.234194
0.826583
0.805278
0.735338
0.927776
0.901440
0.679731
1.003296
0.975659
0.828452
1.395667
0.896451
1.025390
1.094091
0.908063
0.775404
1.160973
1.185177
1.081644
1.151827
0.889361
1.025178
0.774618
0.786961
1.033422
1.116351
1.103672
1.107579
0.834350
1.113665
0.944157
0.837261
1.087268
0.999920
0.884078
0.875552
0.790388
0.745681
0.929341
0.974592
1.177714
1.024416
1.090401
0.622031
0.874070
0.911537
1.025029
1.059937
1.152476
0.840791
0.899586
0.633907
0.905667
0.865276
0.527521
0.966602
1.005973
0.895689
1.290799
0.911309
1.009553
1.024747
0.827866
0.850193
1.088067
1.055882
0.862735
1.117754
0.797584
1.165720
0.815085
0.840036
0.942598
1.175974
0.999238
1.114770
0.946632
1.175625
1.001459
0.897959
1.042988
1.022716
0.833505
0.930326
0.702819
0.682638
0.772382
0.935110
1.106154
0.992055
1.097336
0.792556
0.811847
0.911969
0.930244
0.981858
1.020522
0.909519
0.934944
0.707047
0.886889
0.874226
0.495542
0.956160
0.972087
0.968266
1.141516
0.918610
0.942011
1.039201
0.841461
0.822541
0.992308
0.855531
0.631876
1.015272
0.934753
1.179067
0.835386
0.796057
0.872093
0.968501
0.976415
0.958884
0.973340
1.089639
1.077168
0.886441
1.031502
1.002084
0.779273
0.975220
0.683304
0.634937
0.773408
0.868442
0.976789
1.043011
1.114912
0.882632
0.791199
0.888321
0.868161
0.794613
0.902707
1.013332
0.962992
0.837634
0.898209
0.826014
0.463408
0.893544
1.022223
0.978149
1.004603
1.038608
0.832622
1.119293
0.781664
0.760351
0.923930
0.698326
0.661067
0.913127
1.089283
1.189227
0.767237
0.768968
0.809776
0.784473
0.967982
0.818998
0.911190
0.966226
1.046193
0.887742
1.009881
1.017476
0.778972
0.967939
0.743451
0.641725
0.856948
0.744391
0.809354
1.007944
1.098983
0.908911
0.983619
0.802375
0.828222
0.710670
0.830635
1.002587
1.061452
0.814629
0.903459
0.745470
0.477808
0.845887
1.080344
0.870779
0.876758
1.135973
0.803214
1.023791
0.733736
0.775589
0.813454
0.631080
0.826871
0.845759
0.973554
1.151812
0.760618
0.827790
0.793118
0.748626
0.826813
0.775143
0.884129
0.790183
0.943144
0.935742
0.859160
1.012063
0.857011
1.118146
0.833434
0.634546
0.880619
0.654734
0.690806
0.954626
1.107632
1.038225
1.076555
0.751662
0.891186
0.693247
0.761737
0.941909
1.166295
0.751637
0.945646
0.726114
0.519159
0.869320
1.072501
0.799979
0.741565
0.969530
0.816877
0.902237
0.770741
0.799380
0.752034
0.565794
0.828530
0.769339
0.755585
1.057362
0.847068
0.913088
0.826461
0.744291
0.717914
0.775974
0.813761
0.709887
0.884026
0.908476
0.678355
1.029856
0.811002
1.223128
0.824777
0.539627
0.783555
0.529994
0.541087
0.923415
1.043983
1.206707
1.051290
0.724112
0.934972
0.686639
0.708221
0.873943
1.086092
0.813941
0.999697
0.734930
0.581629
0.921194
1.028597
0.781060
0.618558
0.730440
0.730749
0.761141
0.896132
0.828867
0.701081
0.577165
0.714471
0.690630
0.635682
0.999377
0.958972
1.037795
0.752561
0.769618
0.684648
0.683482
0.803569
0.713440
0.860874
0.818385
0.627713
0.991743
0.679065
1.157832
0.812331
0.480866
0.651578
0.432248
0.310077
0.904243
0.971401
1.373743
1.052066
0.663139
0.800779
0.538833
0.647259
0.843156
0.988805
0.934204
1.061629
0.761385
0.710825
0.896920
1.002703
0.658430
0.518711
0.691104
0.635419
0.665844
0.976005
0.877867
0.695460
0.609014
0.775827
0.636627
0.625009
0.938224
1.030949
1.044642
0.720155
0.813723
0.707891
0.531016
0.860393
0.784069
0.832751
0.790511
0.672876
1.029018
0.629539
0.968118
0.757914
0.595956
0.701908
0.422586
0.250139
0.913453
0.934135
1.446742
1.102695
0.548277
0.556367
0.372915
0.641520
0.789141
1.034740
0.830440
0.909941
0.710822
0.880365
0.849987
0.895494
0.546103
0.413513
0.830037
0.523094
0.647271
0.963408
0.883243
0.602117
0.601141
0.929036
0.656108
0.610039
0.865986
1.038537
1.018200
0.783281
0.806056
0.773549
0.514293
0.877877
0.824106
0.828799
0.821935
0.717470
0.996449
0.670489
0.893893
0.714304
0.740985
0.903729
0.449997
0.347231
0.838863
0.908733
1.389676
0.963855
0.382377
0.431266
0.362001
0.648894
0.770086
1.151804
0.680439
0.766985
0.610802
0.932285
0.868409
0.824271
0.564907
0.327108
0.741637
0.370514
0.623317
0.935174
0.813732
0.458563
0.587347
0.936048
0.669357
0.614949
0.785401
1.025722
1.062910
0.827322
0.784769
0.840086
0.639723
0.837341
0.865861
0.854450
0.750092
0.622404
0.837806
0.678249
0.840517
0.758867
0.762729
1.020343
0.557434
0.356811
0.528591
0.938889
1.185106
0.801309
0.328004
0.503289
0.484241
0.493081
0.774571
1.164233
0.625245
0.775906
0.579952
0.877448
0.849804
0.858930
0.616393
0.244917
0.560308
0.306422
0.525213
0.945916
0.744333
0.420317
0.644764
0.913603
0.652536
0.626287
0.725985
0.959577
1.003735
0.785861
0.826828
0.787584
0.674143
0.753632
0.941000
0.854811
0.636079
0.492589
0.672862
0.639780
0.765138
0.778837
0.710614
0.984715
0.686908
0.262176
0.324818
0.873404
0.981060
0.701714
0.373085
0.564009
0.558777
0.340721
0.776119
0.998273
0.630945
0.755942
0.553665
0.800746
0.806107
0.897064
0.624423
0.216227
0.578955
0.332783
0.509707
0.932928
0.741247
0.356516
0.684136
0.972328
0.499468
0.671271
0.722225
0.855879
0.946263
0.651114
0.825376
0.619382
0.633769
0.742738
0.909482
0.794921
0.583506
0.491495
0.584055
0.545258
0.608361
0.724666
0.655676
0.840376
0.647491
0.241223
0.287213
0.641601
0.851060
0.602224
0.381216
0.582985
0.692418
0.338032
0.743605
0.851632
0.703956
0.592629
0.653332
0.879191
0.781720
0.937929
0.604079
0.230482
0.656554
0.432354
0.626984
0.946205
0.766744
0.414997
0.656019
0.918620
0.375253
0.632381
0.606263
0.753387
0.923820
0.611552
0.722838
0.465388
0.569327
0.750596
0.712645
0.659669
0.541991
0.538513
0.569631
0.565118
0.453627
0.689155
0.609355
0.818274
0.547558
0.346492
0.388804
0.493180
0.824828
0.469239
0.295661
0.553781
0.795691
0.410431
0.682770
0.817804
0.766972
0.397576
0.741226
1.096179
0.759357
0.891116
0.651342
0.233470
0.610266
0.556703
0.818289
0.962610
0.752608
0.473519
0.599763
0.735611
0.388567
0.529759
0.447113
0.681733
0.828539
0.666461
0.571084
0.488025
0.516835
0.778584
0.576890
0.619658
0.491769
0.561637
0.579747
0.615634
0.331358
0.690823
0.599012
0.812719
0.486030
0.365622
0.341878
0.509447
0.828699
0.473173
0.250078
0.494145
0.839622
0.471184
0.572066
0.850502
0.785238
0.332932
0.655721
1.160017
0.696378
0.762723
0.766421
0.167080
0.578951
0.506987
0.827731
0.917877
0.721614
0.533434
0.582739
0.588660
0.419278
0.563945
0.392115
0.599253
0.721891
0.664523
0.530719
0.471019
0.529689
0.702839
0.583789
0.647786
0.577465
0.523163
0.468676
0.603815
0.356465
0.658323
0.637657
0.746555
0.510561
0.563757
0.186508
0.687905
0.804700
0.543826
0.343111
0.428207
0.818593
0.530553
0.470150
0.711355
0.778496
0.364483
0.503611
1.010545
0.534392
0.650409
0.782394
0.143780
0.614399
0.462431
0.724719
0.748180
0.690119
0.630154
0.591233
0.584080
0.364907
0.638051
0.388577
0.584988
0.580867
0.644073
0.457542
0.464290
0.523679
0.523798
0.595184
0.635648
0.637637
0.414502
0.296921
0.537109
0.375696
0.663915
0.679336
0.626904
0.525089
0.658550
0.150348
0.862547
0.748109
0.489872
0.446854
0.429981
0.863878
0.617670
0.365418
0.419776
0.632967
0.351391
0.424271
0.890575
0.310022
0.531650
0.783463
0.323430
0.653990
0.500665
0.591927
0.584452
0.592061
0.675714
0.480308
0.545221
0.338788
0.530555
0.303767
0.586355
0.395966
0.647450
0.316820
0.509275
0.429228
0.476004
0.517810
0.518010
0.667003
0.286599
0.246503
0.511738
0.347739
0.711837
0.724624
0.594427
0.575709
0.721992
0.254727
0.854877
0.579725
0.410362
0.575873
0.492491
0.919145
0.628968
0.282311
0.230203
0.503336
0.285823
0.394087
0.789928
0.246271
0.432948
0.729571
0.533037
0.671800
0.593885
0.545280
0.564034
0.539468
0.636395
0.468367
0.420900
0.343335
0.397472
0.230958
0.543258
0.319861
0.693544
0.250393
0.511617
0.402657
0.646499
0.430417
0.319330
0.597308
0.259987
0.289800
0.496033
0.342946
0.762009
0.705746
0.564245
0.564907
0.855007
0.416277
0.693543
0.433141
0.330595
0.677184
0.513628
0.834427
0.661938
0.302908
0.316314
0.516776
0.209367
0.380451
0.727576
0.208810
0.266213
0.626017
0.616033
0.673808
0.635260
0.551362
0.533631
0.594562
0.590465
0.534207
0.263296
0.402539
0.378611
0.259452
0.486799
0.347010
0.700972
0.329684
0.517825
0.445146
0.646210
0.446480
0.186979
0.469111
0.344964
0.303630
0.510902
0.312474
0.703072
0.715867
0.485956
0.500559
0.943988
0.481927
0.533952
0.370204
0.341612
0.712841
0.520744
0.632319
0.673680
0.331248
0.397063
0.483451
0.125457
0.345157
0.632213
0.158903
0.091852
0.601963
0.628348
0.684836
0.683925
0.540850
0.463691
0.615848
0.552414
0.534226
0.293010
0.409787
0.435332
0.284621
0.507471
0.354341
0.548029
0.393341
0.504954
0.412358
0.510523
0.483621
0.242661
0.399712
0.434812
0.209457
0.501829
0.209624
0.548657
0.652461
0.349456
0.414171
0.900891
0.465585
0.482614
0.334786
0.302017
0.685537
0.551738
0.514085
0.742102
0.362384
0.251462
0.348711
0.074413
0.346915
0.587302
0.226146
0.135313
0.630030
0.678651
0.659126
0.663237
0.505646
0.383381
0.535962
0.481785
0.467969
0.430577
0.388129
0.503735
0.182564
0.464734
0.346050
0.327008
0.441989
0.517403
0.342022
0.462246
0.448988
0.334307
0.502455
0.460323
0.158913
0.466155
0.111106
0.494143
0.579163
0.304258
0.437329
0.809704
0.401415
0.527836
0.170419
0.294981
0.673200
0.612802
0.474730
0.819985
0.319016
0.050973
0.113205
0.124590
0.349223
0.470992
0.263170
0.040236
0.560947
0.767427
0.529375
0.622950
0.409778
0.277141
0.472046
0.469540
0.549292
0.468310
0.453674
0.490666
0.056208
0.449066
0.299595
0.183924
0.510623
0.596977
0.306940
0.474460
0.417926
0.416531
0.554385
0.608739
0.151736
0.383564
0.133406
0.465789
0.622168
0.322204
0.584129
0.777450
0.414589
0.553324
0.069057
0.158936
0.717628
0.621117
0.414555
0.879803
0.255215
0.037132
0.043279
0.121416
0.378205
0.282149
0.545183
0.031494
0.437653
0.822507
0.405059
0.581790
0.286619
0.189320
0.430958
0.426921
0.678659
0.413586
0.566897
0.514955
0.056035
0.362803
0.282061
0.207117
0.658523
0.575396
0.323801
0.450900
0.445510
0.472891
0.504834
0.773393
0.204805
0.294040
0.305661
0.432150
0.717206
0.317955
0.708660
0.786818
0.496787
0.448863
0.261585
0.107994
0.845329
0.594323
0.282033
0.766451
0.220787
0.074105
0.050011
0.164638
0.393026
0.216602
0.569000
0.053506
0.334196
0.789931
0.440706
0.672253
0.221435
0.014352
0.386310
0.399950
0.580266
0.370777
0.724543
0.626039
0.107423
0.257825
0.262848
0.272113
0.700723
0.503641
0.340476
0.336983
0.521427
0.489293
0.451681
0.802688
0.189517
0.174392
0.324666
0.404549
0.678946
0.186439
0.619326
0.726071
0.458192
0.262279
0.193103
0.093693
0.947303
0.567835
0.279159
0.592359
0.172157
0.079467
0.112063
0.231180
0.444179
0.309525
0.472988
0.211734
0.427333
0.671316
0.422855
0.706271
0.206446
0.089850
0.364015
0.353513
0.353968
0.399041
0.748726
0.649418
0.317747
0.156100
0.210465
0.210420
0.598103
0.466938
0.309729
0.265316
0.480136
0.420014
0.377484
0.692269
0.181705
0.144697
0.262746
0.335905
0.535978
0.076115
0.506511
0.620591
0.254017
0.079220
0.088696
0.081427
0.809010
0.544800
0.348227
0.495570
0.238049
0.051268
0.238013
0.380324
0.501720
0.383645
0.455138
0.412030
0.479571
0.504494
0.325428
0.797156
0.194867
0.137636
0.361615
0.316508
0.326382
0.376273
0.753284
0.603248
0.369393
0.156732
0.275260
0.176767
0.531247
0.581751
0.311084
0.225946
0.342121
0.321916
0.304220
0.594354
0.266416
0.283327
0.278914
0.196745
0.377404
0.063973
0.443054
0.457529
0.168541
0.169468
0.144114
0.127961
0.621614
0.576646
0.283048
0.543337
0.317027
0.195317
0.335552
0.486094
0.470816
0.441909
0.520414
0.533506
0.418567
0.401130
0.259273
0.942750
0.219416
0.068078
0.301362
0.339147
0.425370
0.251333
0.759618
0.519898
0.341952
0.192427
0.483414
0.178732
0.551190
0.717278
0.331561
0.176902
0.213324
0.313954
0.310998
0.571445
0.327822
0.311376
0.392984
0.130923
0.284062
0.139728
0.402766
0.399530
0.048156
0.185995
0.272774
0.268956
0.583137
0.597457
0.232643
0.518789
0.325543
0.275687
0.378233
0.593307
0.448619
0.438318
0.511251
0.533883
0.327923
0.394910
0.214735
0.929608
0.368232
0.157396
0.186490
0.426478
0.436824
0.146095
0.664403
0.452977
0.315350
0.220401
0.505927
0.120493
0.537305
0.642529
0.327875
0.222072
0.166140
0.399293
0.274860
0.560654
0.354208
0.139614
0.500653
0.164192
0.217483
0.315602
0.345564
0.284605
0.162495
0.217805
0.305526
0.350119
0.690975
0.493369
0.234644
0.351767
0.296084
0.358118
0.432522
0.659449
0.469467
0.383886
0.449492
0.487133
0.288515
0.442020
0.193005
0.768455
0.435198
0.192709
0.042501
0.445422
0.316796
0.180316
0.562519
0.377692
0.324434
0.195279
0.334337
0.078940
0.504952
0.531429
0.263531
0.164132
0.244320
0.408749
0.254748
0.400484
0.460791
0.287706
0.486551
0.248054
0.165001
0.400583
0.251803
0.215997
0.203292
0.115038
0.198278
0.372084
0.658690
0.390781
0.231638
0.216947
0.373845
0.508479
0.395440
0.707765
0.526895
0.273362
0.384715
0.405786
0.331610
0.438851
0.141326
0.570764
0.416001
0.126049
0.059386
0.431747
0.234221
0.182114
0.435140
0.271298
0.402547
0.291917
0.125787
0.083252
0.471394
0.462481
0.268620
0.121194
0.260657
0.302622
0.241870
0.205408
0.561652
0.411462
0.463011
0.278316
0.141257
0.378286
0.180170
0.181187
0.216541
0.152929
0.092940
0.434972
0.453703
0.460575
0.199699
0.199743
0.514908
0.608349
0.354659
0.722379
0.516098
0.218234
0.475723
0.304935
0.306126
0.330387
0.088291
0.439229
0.238870
0.115739
0.091607
0.345514
0.166203
0.218240
0.250147
0.254657
0.482794
0.400019
0.119174
0.145955
0.273540
0.507616
0.350239
0.292057
0.259763
0.257420
0.191109
0.160844
0.601231
0.421193
0.572286
0.310216
0.207603
0.356523
0.068929
0.130164
0.370255
0.140704
0.136262
0.546048
0.274682
0.527050
0.040407
0.176828
0.580102
0.538157
0.338990
0.674438
0.539494
0.245346
0.481731
0.293136
0.197653
0.248733
0.170630
0.390031
0.129692
0.225866
0.127100
0.270057
0.097248
0.352867
0.170476
0.268811
0.623434
0.360874
0.148408
0.244982
0.125662
0.463465
0.375104
0.311666
0.154548
0.233970
0.149546
0.216878
0.506716
0.305617
0.540769
0.230834
0.324759
0.307399
0.101852
0.041452
0.577525
0.195543
0.203352
0.638380
0.372726
0.408313
0.024692
0.178898
0.588323
0.488922
0.373120
0.496027
0.598858
0.138778
0.469054
0.297947
0.112609
0.206111
0.198412
0.317418
0.046459
0.246991
0.102847
0.231022
0.080832
0.493890
0.105078
0.181316
0.763709
0.243765
0.110255
0.361029
0.219164
0.260303
0.377196
0.308535
0.115245
0.225867
0.171424
0.209754
0.400783
0.284475
0.427849
0.218974
0.357089
0.302317
0.135452
0.128230
0.550093
0.164424
0.422855
0.629871
0.358400
0.185036
0.146270
0.191300
0.546045
0.394492
0.361361
0.398681
0.554321
0.062991
0.453921
0.291812
0.043500
0.163607
0.134062
0.249236
0.083929
0.295998
0.044728
0.214534
0.198259
0.504703
0.123781
0.187815
0.767836
0.243194
0.145545
0.469833
0.275592
0.204338
0.418194
0.330400
0.100513
0.187957
0.156048
0.243988
0.400945
0.401551
0.314807
0.278652
0.349133
0.298630
0.226184
0.161392
0.432244
0.113708
0.658184
0.632000
0.339203
0.154292
0.213334
0.224490
0.496883
0.307247
0.381360
0.416144
0.441654
0.180693
0.379694
0.356054
0.064106
0.161469
0.109523
0.126544
0.196982
0.377440
0.040596
0.184785
0.321233
0.428528
0.145714
0.213993
0.669340
0.300778
0.191456
0.608214
0.342835
0.146087
0.466045
0.402085
0.158011
0.227763
0.215704
0.320704
0.405714
0.505931
0.392167
0.201212
0.270235
0.306365
0.362434
0.185213
0.459782
0.161889
0.724607
0.701374
0.314613
0.259614
0.130903
0.154530
0.476897
0.236949
0.347450
0.486939
0.316961
0.227101
0.340308
0.512982
0.054346
0.105288
0.100505
0.302467
0.215373
0.451168
0.172362
0.157842
0.337358
0.434445
0.265148
0.184237
0.607896
0.221494
0.120661
0.702562
0.381383
0.083716
0.481649
0.418569
0.204855
0.282426
0.115240
0.438798
0.338294
0.420885
0.577666
0.094819
0.174183
0.295901
0.319519
0.150266
0.478423
0.241382
0.788032
0.630666
0.210768
0.311788
0.081515
0.087822
0.415258
0.260853
0.328025
0.408114
0.157944
0.209662
0.249295
0.592883
0.089572
0.053627
0.114669
0.427324
0.266705
0.532286
0.229454
0.147565
0.213460
0.436683
0.266924
0.065807
0.616593
0.145197
0.159723
0.712220
0.317104
0.062447
0.501022
0.378278
0.334087
0.273194
0.043559
0.378938
0.262446
0.377020
0.510973
0.237621
0.037197
0.258262
0.120578
0.078328
0.461433
0.405105
0.876257
0.497135
0.168847
0.259925
0.086336
0.254341
0.382111
0.291418
0.257577
0.247536
0.132554
0.182841
0.119272
0.661283
0.115186
0.141245
0.073031
0.380111
0.329657
0.641111
0.212856
0.163866
0.103163
0.423301
0.218092
0.161498
0.576924
0.283372
0.157456
0.637096
0.224442
0.053704
0.474123
0.333511
0.395990
0.219844
0.085466
0.328483
0.250614
0.439566
0.369532
0.260762
0.057212
0.200790
0.059591
0.054742
0.432473
0.474984
0.900539
0.388521
0.190441
0.162469
0.084556
0.269047
0.362359
0.209176
0.235763
0.272614
0.180538
0.081749
0.201301
0.672080
0.125311
0.053967
0.025091
0.330696
0.465144
0.731805
0.165531
0.211671
0.082984
0.331962
0.146277
0.189716
0.514150
0.444271
0.238637
0.577703
0.154937
0.098427
0.442184
0.344065
0.439594
0.239821
0.186347
0.218817
0.283332
0.560641
0.291617
0.226552
0.038172
0.117320
0.237031
0.055091
0.429690
0.405344
0.746162
0.370192
0.190957
0.042969
0.117272
0.205833
0.331089
0.168156
0.229678
0.325360
0.144188
0.112520
0.305904
0.658304
0.093543
0.155118
0.101371
0.331011
0.542746
0.750913
0.114922
0.220104
0.138886
0.174349
0.101769
0.142453
0.463540
0.519085
0.274408
0.601444
0.076626
0.267999
0.450741
0.340808
0.522156
0.298721
0.154756
0.198037
0.311471
0.545739
0.275473
0.201481
0.108427
0.152413
0.203759
0.164757
0.399073
0.360882
0.577230
0.446358
0.169116
0.040845
0.119556
0.206039
0.216698
0.188193
0.254041
0.332944
0.147627
0.095832
0.334964
0.563082
0.145049
0.191575
0.128668
0.228584
0.511639
0.841994
0.213114
0.264451
0.134383
0.066032
0.056679
0.200568
0.371472
0.446630
0.271897
0.529212
0.031489
0.236730
0.507376
0.333427
0.545804
0.316109
0.044368
0.219379
0.311859
0.488398
0.214807
0.232716
0.204121
0.053154
0.081074
0.092749
0.278829
0.466351
0.495584
0.400282
0.114131
0.079775
0.192514
0.241819
0.122744
0.241206
0.245329
0.240044
0.153322
0.156177
0.350960
0.418749
0.182962
0.151574
0.217152
0.076464
0.515769
0.919572
0.277717
0.289372
0.068197
0.053484
0.150113
0.351933
0.215809
0.397379
0.237560
0.298197
0.056203
0.172427
0.470583
0.284427
0.478671
0.208168
0.062838
0.326351
0.193407
0.390761
0.105084
0.173256
0.219196
0.115849
0.086634
0.040825
0.156426
0.573520
0.435381
0.294613
0.067904
0.087432
0.325182
0.310645
0.194063
0.278232
0.301473
0.300423
0.092135
0.208113
0.268504
0.305954
0.312682
0.134824
0.297947
0.216827
0.539450
0.883900
0.302813
0.319441
0.090843
0.123101
0.359232
0.226939
0.170759
0.382641
0.333371
0.183494
0.059388
0.190073
0.352935
0.263761
0.370130
0.248799
0.087414
0.461527
0.087834
0.271185
0.078040
0.115010
0.211287
0.118484
0.120740
0.051078
0.214706
0.527285
0.309466
0.216695
0.104285
0.053425
0.321183
0.237510
0.190808
0.210550
0.351545
0.286117
0.270511
0.321495
0.164632
0.287963
0.255114
0.170660
0.268032
0.155339
0.442318
0.697014
0.351059
0.302904
0.096077
0.204400
0.448154
0.074347
0.142016
0.340166
0.403441
0.175002
0.039320
0.140499
0.205502
0.291895
0.285122
0.337148
0.169735
0.514743
0.062515
0.161348
0.073493
0.331958
0.200471
0.112999
0.148289
0.118822
0.211462
0.396989
0.117389
0.225023
0.154513
0.147685
0.272778
0.088458
0.128822
0.055066
0.337427
0.140950
0.281327
0.404802
0.062444
0.245485
0.167103
0.228164
0.259873
0.219301
0.282631
0.565847
0.413921
0.228561
0.101985
0.134028
0.402605
0.168475
0.048216
0.140379
0.357412
0.144809
0.071281
0.110723
0.124360
0.334826
0.307688
0.291655
0.238568
0.464958
0.127925
0.076429
0.078024
0.352178
0.250642
0.027216
0.112349
0.167256
0.189620
0.281586
0.132038
0.192015
0.251647
0.138913
0.321151
0.079224
0.075630
0.073772
0.206367
0.076546
0.251397
0.420432
0.083643
0.068298
0.197890
0.251341
0.261242
0.386119
0.145085
0.358417
0.466990
0.142289
0.060411
0.128040
0.427026
0.181789
0.193234
0.060507
0.259889
0.147144
0.176762
0.115026
0.082113
0.347986
0.384091
0.160977
0.267619
0.474609
0.210774
0.164719
0.048266
0.395377
0.255368
0.108204
0.060959
0.260894
0.121156
0.200786
0.031961
0.126550
0.188139
0.098180
0.405682
0.157132
0.178698
0.165118
0.087467
0.154086
0.353806
0.451232
0.119807
0.116338
0.206336
0.245894
0.265121
0.403847
0.120944
0.155983
0.541013
0.117779
0.066092
0.299705
0.572968
0.174308
0.353531
0.060254
0.219073
0.263427
0.318299
0.126178
0.077177
0.325088
0.400608
0.077756
0.275732
0.506873
0.258413
0.250097
0.198474
0.492379
0.230859
0.043058
0.099374
0.318698
0.082662
0.175325
0.068299
0.085862
0.292187
0.191819
0.409244
0.304768
0.202026
0.298482
0.054890
0.228587
0.477242
0.506070
0.227301
0.168954
0.263480
0.210934
0.231315
0.308688
0.072137
0.118247
0.465069
0.240094
0.124894
0.362379
0.635320
0.289220
0.398328
0.034384
0.213269
0.383731
0.299764
0.196846
0.257611
0.294585
0.333922
0.137397
0.347306
0.477728
0.243810
0.286968
0.156669
0.431918
0.343038
0.031819
0.193946
0.240793
0.042430
0.161286
0.086340
0.171872
0.425379
0.154705
0.289416
0.424327
0.167817
0.280275
0.056682
0.091186
0.547608
0.511743
0.319884
0.149111
0.329724
0.161830
0.177777
0.340873
0.033072
0.285939
0.361408
0.303585
0.185277
0.281896
0.482326
0.343355
0.391097
0.087406
0.242163
0.398956
0.319216
0.293315
0.355434
0.281931
0.211071
0.198653
0.475506
0.330879
0.268861
0.264421
0.139721
0.389119
0.520535
0.098981
0.205536
0.214957
0.032195
0.198090
0.162968
0.251901
0.459106
0.215871
0.150925
0.490471
0.127843
0.312810
0.039148
0.156238
0.531435
0.553733
0.288583
0.099958
0.413186
0.160551
0.201482
0.479984
0.085374
0.469543
0.231370
0.212585
0.288085
0.194042
0.296162
0.261897
0.396493
0.107579
0.288969
0.282596
0.248749
0.300624
0.451037
0.138813
0.121341
0.190204
0.557944
0.265004
0.192614
0.116707
0.122359
0.461712
0.605413
0.249629
0.220369
0.248937
0.093071
0.259930
0.155391
0.281157
0.499013
0.210397
0.165933
0.485806
0.126266
0.298537
0.090823
0.124008
0.425487
0.620708
0.204490
0.090718
0.378179
0.208381
0.263034
0.427617
0.034432
0.584410
0.196489
0.241791
0.407117
0.034730
0.202870
0.182895
0.352568
0.188873
0.252436
0.102852
0.273349
0.203052
0.473433
0.075648
0.093737
0.182359
0.556161
0.241759
0.072759
0.156926
0.111211
0.503050
0.461893
0.358770
0.280245
0.236207
0.129706
0.195457
0.310390
0.183168
0.636234
0.224029
0.176913
0.432206
0.093922
0.266814
0.045222
0.088955
0.300918
0.578357
0.252436
0.132178
0.225632
0.281703
0.294167
0.313548
0.152948
0.688859
0.209466
0.305914
0.465401
0.012755
0.241381
0.239573
0.278265
0.287925
0.233578
0.062434
0.222709
0.191502
0.437994
0.124683
0.176403
0.120584
0.544699
0.271534
0.190999
0.221707
0.149046
0.405211
0.272546
0.396257
0.396700
0.338398
0.141684
0.160603
0.366381
0.194010
0.792594
0.274742
0.042812
0.464947
0.018143
0.214334
0.149277
0.071142
0.225901
0.460335
0.309232
0.103695
0.208062
0.290145
0.210435
0.395006
0.176325
0.646120
0.160831
0.335467
0.475727
0.112855
0.342833
0.362045
0.218499
0.283709
0.255250
0.020320
0.233750
0.292288
0.290959
0.194094
0.106859
0.082631
0.504227
0.325222
0.250578
0.190748
0.284066
0.317163
0.252299
0.384384
0.365877
0.507818
0.194041
0.111873
0.326434
0.114324
0.775116
0.331212
0.153288
0.564512
0.039522
0.163241
0.113504
0.168097
0.205950
0.352323
0.361200
0.009458
0.297011
0.168387
0.127409
0.487203
0.131923
0.529643
0.036790
0.387701
0.418322
0.249895
0.363260
0.416359
0.085363
0.219550
0.286675
0.047817
0.253382
0.239858
0.128471
0.250784
0.010091
0.105563
0.461020
0.258002
0.164900
0.166528
0.227279
0.417500
0.288955
0.319654
0.290155
0.599405
0.250486
0.094880
0.248121
0.058368
0.634063
0.341068
0.132162
0.650366
0.218538
0.133734
0.125391
0.178426
0.224586
0.328649
0.382396
0.016481
0.283995
0.054230
0.041329
0.479916
0.143475
0.412563
0.096757
0.415368
0.404561
0.225844
0.246302
0.334152
0.192233
0.155387
0.203071
0.143276
0.209143
0.156393
0.078958
0.207132
0.085033
0.186293
0.362714
0.215864
0.070483
0.350033
0.203442
0.336244
0.227498
0.326525
0.267766
0.579591
0.276956
0.215480
0.275226
0.088804
0.515032
0.313073
0.134169
0.596239
0.313377
0.189651
0.093620
0.091605
0.278740
0.352033
0.319853
0.133765
0.177894
0.068867
0.202349
0.340767
0.168877
0.309984
0.151753
0.436639
0.361554
0.074135
0.166432
0.309714
0.322474
0.182897
0.171311
0.274688
0.284522
0.266416
0.224611
0.128438
0.200133
0.208849
0.298030
0.207741
0.154281
0.551926
0.217454
0.378689
0.141365
0.441861
0.277514
0.590140
0.165665
0.225923
0.217793
0.137276
0.509750
0.331107
0.224282
0.516283
0.233996
0.308091
0.065109
0.098666
0.309689
0.285982
0.330831
0.149410
0.121333
0.254073
0.347098
0.295572
0.135855
0.223788
0.145135
0.283390
0.343139
0.059159
0.127103
0.358116
0.293225
0.210823
0.142416
0.354603
0.488248
0.335161
0.251503
0.158091
0.136929
0.273817
0.301692
0.166708
0.249204
0.537937
0.135949
0.334822
0.046104
0.372070
0.320214
0.553572
0.207838
0.169700
0.120026
0.120462
0.444924
0.338791
0.213544
0.445651
0.266739
0.295618
0.088026
0.124783
0.325177
0.243014
0.342710
0.141544
0.081849
0.411207
0.333333
0.262238
0.179586
0.171731
0.258610
0.197930
0.370549
0.113085
0.264943
0.373427
0.324812
0.163291
0.064993
0.370229
0.723475
0.260725
0.271100
0.143810
0.073032
0.196357
0.237591
0.167106
0.218345
0.405163
0.041041
0.181699
0.095065
0.216061
0.392610
0.440068
0.197400
0.172025
0.182097
0.202032
0.268985
0.278266
0.242241
0.453031
0.331286
0.240229
0.021070
0.170271
0.242254
0.318837
0.223080
0.137529
0.155779
0.410354
0.095902
0.270438
0.254955
0.050032
0.230264
0.129024
0.349515
0.122858
0.344366
0.252586
0.332934
0.069062
0.077286
0.335035
0.822524
0.272872
0.333953
0.061378
0.046028
0.141314
0.102985
0.089444
0.105841
0.369353
0.225411
0.169320
0.127866
0.098464
0.429080
0.338264
0.147790
0.116289
0.196454
0.239722
0.135232
0.183553
0.260278
0.566022
0.424956
0.155812
0.117639
0.281329
0.085096
0.372080
0.073320
0.232550
0.164339
0.368632
0.039933
0.244017
0.242375
0.140426
0.154267
0.059781
0.352938
0.129632
0.319482
0.126398
0.295848
0.063130
0.179655
0.353739
0.782130
0.223580
0.445981
0.045587
0.126515
0.190646
0.138622
0.048599
0.035397
0.416872
0.364539
0.225028
0.022726
0.069868
0.449262
0.337223
0.103989
0.169364
0.204971
0.196211
0.074581
0.095203
0.218778
0.521326
0.542377
0.182965
0.114691
0.309230
0.071439
0.188656
0.029218
0.382649
0.141265
0.394297
0.139934
0.165261
0.191801
0.379706
0.193773
0.016085
0.365122
0.138802
0.235138
0.105112
0.252489
0.123689
0.176845
0.417144
0.697297
0.222109
0.594708
0.032502
0.195560
0.334879
0.133887
0.077716
0.124994
0.427831
0.418196
0.174831
0.034691
0.088054
0.466441
0.332841
0.248120
0.203829
0.170634
0.194390
0.161851
0.135137
0.212242
0.250557
0.562199
0.169473
0.190881
0.252081
0.041471
0.118112
0.059034
0.486212
0.093289
0.440648
0.199876
0.068290
0.105584
0.531572
0.278134
0.035767
0.333693
0.205860
0.189096
0.008471
0.307930
0.196689
0.147830
0.486148
0.630907
0.139020
0.657025
0.131135
0.063382
0.295770
0.161529
0.113293
0.240213
0.376642
0.411343
0.152594
0.038120
0.181871
0.533441
0.329753
0.353125
0.169104
0.356683
0.185478
0.226795
0.133924
0.200005
0.175661
0.467782
0.178816
0.224005
0.261658
0.154200
0.074612
0.069221
0.444360
0.153443
0.376357
0.177572
0.043358
0.037882
0.621199
0.247601
0.188471
0.208232
0.177851
0.125007
0.112618
0.288925
0.253711
0.106298
0.503717
0.448617
0.114723
0.624791
0.144783
0.049083
0.239082
0.266906
0.089749
0.338394
0.309149
0.514954
0.234685
0.109232
0.196404
0.608347
0.299152
0.410757
0.073274
0.473367
0.175813
0.252999
0.136031
0.254956
0.250524
0.500985
0.151454
0.228544
0.315676
0.081963
0.161422
0.110210
0.336804
0.267123
0.260393
0.121389
0.081296
0.033941
0.598507
0.127049
0.182981
0.128613
0.134120
0.030301
0.157358
0.325225
0.221188
0.076601
0.406399
0.179617
0.234287
0.644792
0.190540
0.154201
0.247817
0.136134
0.160489
0.415182
0.282090
0.611685
0.251872
0.009459
0.226800
0.497516
0.256251
0.371505
0.069904
0.401275
0.228395
0.166389
0.124101
0.291804
0.294871
0.622807
0.200199
0.257490
0.320160
0.059787
0.168810
0.074184
0.264630
0.211119
0.167088
0.057926
0.080937
0.157206
0.598980
0.048902
0.206213
0.134009
0.183443
0.071677
0.141634
0.355796
0.178196
0.162942
0.352386
0.148104
0.202265
0.674565
0.291727
0.152020
0.291610
0.057153
0.318308
0.515837
0.294447
0.651363
0.275670
0.032857
0.246375
0.304400
0.265424
0.359566
0.052860
0.313094
0.219393
0.057121
0.032737
0.242895
0.284158
0.578716
0.360104
0.280663
0.314044
0.074267
0.150016
0.098109
0.303910
0.104062
0.145577
0.086019
0.038850
0.129056
0.653795
0.104265
0.212468
0.172297
0.295094
0.165583
0.226211
0.347925
0.230104
0.270730
0.365063
0.113540
0.197279
0.649154
0.206640
0.132760
0.337623
0.095338
0.429811
0.573572
0.305706
0.586169
0.250578
0.059270
0.204789
0.265945
0.261923
0.456598
0.229567
0.275060
0.304587
0.035147
0.083457
0.180401
0.334499
0.442773
0.534909
0.371515
0.374990
0.128889
0.125027
0.054257
0.355983
0.083433
0.199784
0.128443
0.146015
0.125106
0.768432
0.032658
0.158336
0.134544
0.316155
0.412893
0.351182
0.225833
0.177085
0.262755
0.381658
0.159297
0.194167
0.441144
0.180429
0.106931
0.326422
0.080290
0.419856
0.648057
0.375349
0.487475
0.211733
0.151434
0.171620
0.314272
0.331286
0.647096
0.197232
0.275585
0.388193
0.098117
0.169591
0.111197
0.401334
0.332618
0.605323
0.381702
0.461754
0.240072
0.122321
0.064247
0.459260
0.054192
0.246312
0.145831
0.230640
0.099533
0.816509
0.136704
0.131173
0.151753
0.292722
0.611638
0.458642
0.105135
0.040525
0.329974
0.367463
0.209362
0.365269
0.236225
0.171924
0.111409
0.235860
0.041664
0.436751
0.599205
0.390384
0.451026
0.121130
0.110870
0.245100
0.288002
0.199733
0.718550
0.049231
0.314175
0.467132
0.067545
0.188390
0.080643
0.426735
0.302604
0.600790
0.380178
0.490595
0.267072
0.056170
0.156639
0.429445
0.108094
0.162098
0.098531
0.208224
0.151095
0.689367
0.187938
0.130345
0.108579
0.358547
0.668838
0.462321
0.103263
0.099431
0.343619
0.370306
0.266882
0.460138
0.218505
0.206352
0.117458
0.162850
0.163171
0.457838
0.584758
0.313400
0.457442
0.076379
0.084971
0.395208
0.259799
0.033503
0.625633
0.182312
0.412505
0.526608
0.130495
0.286630
0.071443
0.447720
0.325580
0.641755
0.369649
0.419044
0.273729
0.043677
0.340207
0.356492
0.180034
0.148621
0.059791
0.186618
0.197489
0.515988
0.139583
0.173965
0.018387
0.448194
0.637240
0.427781
0.192629
0.194027
0.401520
0.382386
0.247441
0.384537
0.198146
0.279664
0.163202
0.123378
0.313220
0.474551
0.527558
0.228634
0.359878
0.025708
0.210697
0.350355
0.192036
0.084299
0.504105
0.353600
0.506210
0.514350
0.216268
0.476529
0.116198
0.451606
0.295250
0.641820
0.410157
0.401022
0.291264
0.102645
0.482026
0.332990
0.234469
0.285441
0.138534
0.126795
0.054271
0.386175
0.191023
0.197985
0.126161
0.474250
0.656888
0.467190
0.209886
0.228457
0.416193
0.301909
0.199884
0.254198
0.245160
0.261128
0.283865
0.109153
0.374522
0.426134
0.543842
0.285457
0.309135
0.095120
0.126684
0.059108
0.205258
0.129952
0.450024
0.436027
0.522850
0.500704
0.183299
0.601870
0.111439
0.325866
0.267143
0.598314
0.377819
0.502165
0.263854
0.113984
0.474124
0.355291
0.270581
0.366487
0.284116
0.132639
0.109262
0.287164
0.267026
0.218845
0.263183
0.475072
0.654246
0.475156
0.221244
0.231093
0.358424
0.391366
0.279770
0.261492
0.093529
0.228185
0.394272
0.078855
0.360723
0.362746
0.601528
0.317450
0.306101
0.085592
0.016905
0.133281
0.261924
0.272417
0.407705
0.449606
0.496202
0.450752
0.112786
0.524955
0.160434
0.098609
0.225198
0.601841
0.298439
0.553968
0.132360
0.053919
0.413960
0.372890
0.313038
0.465661
0.361029
0.187264
0.191162
0.211928
0.338512
0.228324
0.192571
0.476281
0.592450
0.386260
0.179670
0.283500
0.318685
0.340671
0.363518
0.351956
0.074812
0.235374
0.434874
0.074348
0.323585
0.394417
0.606284
0.289738
0.290286
0.023066
0.046687
0.135990
0.228787
0.348010
0.340670
0.506178
0.462438
0.409888
0.068012
0.381303
0.209636
0.054389
0.118567
0.638620
0.232972
0.425430
0.121041
0.256429
0.346942
0.400015
0.319140
0.480473
0.269663
0.215693
0.253737
0.217002
0.315039
0.243466
0.160558
0.510617
0.499853
0.223291
0.272850
0.370196
0.358400
0.200975
0.269866
0.352082
0.125901
0.334011
0.505417
0.127021
0.242754
0.441150
0.450720
0.311765
0.189378
0.055121
0.049029
0.153316
0.106932
0.151615
0.356073
0.700389
0.347851
0.337026
0.067678
0.348084
0.275006
0.084757
0.005300
0.630634
0.185498
0.232724
0.170161
0.315597
0.344199
0.445326
0.330121
0.360336
0.271786
0.276879
0.268212
0.238829
0.271078
0.265713
0.175163
0.586061
0.441476
0.107288
0.285603
0.457913
0.364586
0.172243
0.118767
0.239417
0.152865
0.390724
0.646413
0.322660
0.218742
0.417629
0.283575
0.370712
0.094842
0.058409
0.076145
0.256032
0.105216
0.063330
0.432678
0.858255
0.255225
0.321733
0.163715
0.350461
0.403375
0.110263
0.042738
0.557301
0.159977
0.166220
0.110122
0.273658
0.393760
0.467211
0.359856
0.209971
0.416137
0.274633
0.353650
0.144779
0.153262
0.287933
0.239460
0.467345
0.406752
0.100144
0.257470
0.498428
0.395975
0.194483
0.141360
0.145486
0.128462
0.364450
0.848503
0.400592
0.189289
0.290475
0.168241
0.317310
0.217175
0.138339
0.191308
0.251714
0.153442
0.017169
0.423055
0.916208
0.223842
0.336002
0.270671
0.344098
0.591102
0.311728
0.028026
0.476203
0.196709
0.141750
0.085009
0.308716
0.456293
0.483533
0.388671
0.178647
0.470316
0.231678
0.473878
0.104624
0.036841
0.281057
0.195806
0.294704
0.331718
0.169448
0.317202
0.509518
0.358994
0.203923
0.137492
0.166157
0.119624
0.258447
0.901403
0.379004
0.246423
0.320626
0.197310
0.239593
0.162282
0.172863
0.204830
0.273008
0.344729
0.146240
0.313292
0.820744
0.290846
0.347023
0.317134
0.386760
0.665641
0.527722
0.049260
0.331779
0.261793
0.110370
0.107360
0.522095
0.417615
0.500040
0.356111
0.291352
0.453897
0.243690
0.558578
0.096053
0.137990
0.345149
0.180258
0.255971
0.324126
0.171486
0.403318
0.548739
0.322769
0.313234
0.151638
0.190196
0.204921
0.201428
0.789820
0.324247
0.384988
0.469726
0.202937
0.237668
0.104972
0.215351
0.271354
0.278950
0.479127
0.279368
0.263426
0.631937
0.302922
0.283222
0.319903
0.392490
0.563252
0.612358
0.154587
0.287622
0.289876
0.122381
0.202498
0.686615
0.372580
0.434061
0.307838
0.294496
0.364273
0.407726
0.584280
0.196301
0.138879
0.414240
0.230280
0.264166
0.236346
0.142569
0.457041
0.566894
0.301684
0.375186
0.225476
0.168164
0.270783
0.247594
0.588483
0.345995
0.474146
0.582920
0.090523
0.369011
0.181965
0.301497
0.484830
0.281307
0.504645
0.338196
0.267603
0.426480
0.258704
0.234475
0.375579
0.380819
0.476408
0.614042
0.193597
0.312080
0.305587
0.213116
0.229948
0.654222
0.408563
0.323338
0.250006
0.192217
0.330001
0.519548
0.552263
0.230330
0.326529
0.396991
0.242743
0.176745
0.254842
0.233883
0.486373
0.534461
0.358384
0.328364
0.368208
0.194199
0.306521
0.332126
0.551985
0.315556
0.586942
0.594701
0.107908
0.429567
0.227942
0.273757
0.661027
0.265761
0.532353
0.343974
0.171341
0.271087
0.257729
0.229213
0.444834
0.361012
0.457628
0.719193
0.132971
0.134673
0.267286
0.326411
0.219471
0.555527
0.466950
0.288370
0.205915
0.122575
0.376662
0.480843
0.476484
0.280043
0.395533
0.301350
0.263282
0.119209
0.190602
0.262296
0.475813
0.529757
0.492005
0.244942
0.477286
0.304579
0.258239
0.388285
0.498954
0.185917
0.717370
0.411796
0.151717
0.366724
0.250704
0.214309
0.698127
0.353443
0.552414
0.294118
0.066784
0.157964
0.301029
0.301181
0.522770
0.391937
0.334242
0.829277
0.080203
0.122107
0.264057
0.306264
0.322265
0.670522
0.467124
0.281361
0.238593
0.218459
0.405333
0.401670
0.402288
0.411778
0.386217
0.326300
0.299260
0.216252
0.125318
0.376435
0.523798
0.520169
0.457840
0.250926
0.599335
0.332340
0.163930
0.438722
0.343092
0.134142
0.821827
0.300102
0.108628
0.395007
0.035376
0.316599
0.726312
0.581601
0.579812
0.272645
0.070727
0.073285
0.258279
0.290292
0.527636
0.408520
0.232287
0.815093
0.063772
0.204899
0.230323
0.247439
0.442734
0.736890
0.349070
0.213672
0.376912
0.326893
0.406037
0.347446
0.422806
0.412569
0.289372
0.398736
0.243879
0.260131
0.052640
0.412111
0.560676
0.430279
0.225457
0.298425
0.653378
0.308999
0.129625
0.470555
0.201462
0.185432
0.744749
0.327024
0.044512
0.426451
0.197683
0.580169
0.779017
0.761495
0.616428
0.367107
0.146323
0.100775
0.256621
0.287527
0.530879
0.336221
0.222967
0.844009
0.166222
0.239121
0.323608
0.281912
0.575220
0.701385
0.280254
0.169851
0.519821
0.320522
0.282151
0.349028
0.426700
0.365518
0.223628
0.463192
0.257851
0.080094
0.085000
0.302695
0.487748
0.421267
0.177034
0.306198
0.650334
0.268886
0.215381
0.495416
0.192284
0.190106
0.740899
0.378003
0.065202
0.412491
0.257601
0.704143
0.823197
0.854552
0.667921
0.494925
0.205836
0.201874
0.340652
0.356274
0.536055
0.178023
0.225595
0.835495
0.282326
0.294336
0.354975
0.265843
0.658555
0.563372
0.223661
0.115751
0.584217
0.216468
0.279509
0.406286
0.328842
0.281842
0.215994
0.495130
0.300831
0.138286
0.128695
0.161271
0.412041
0.512623
0.119738
0.230745
0.558429
0.271576
0.294165
0.560959
0.258171
0.205629
0.747792
0.470153
0.129663
0.417456
0.214933
0.686002
0.794328
0.917529
0.614588
0.566599
0.197107
0.171503
0.444805
0.367380
0.564535
0.191476
0.231013
0.823438
0.337998
0.317009
0.351187
0.171950
0.713524
0.550650
0.250371
0.152187
0.662023
0.235615
0.217693
0.543974
0.260646
0.308922
0.380995
0.588594
0.371165
0.203404
0.180395
0.171955
0.379258
0.485492
0.108346
0.145522
0.525559
0.317563
0.281385
0.643844
0.249913
0.205278
0.666948
0.521443
0.167248
0.414744
0.290565
0.729441
0.588750
0.929024
0.480790
0.600933
0.104350
0.124315
0.459243
0.330149
0.515726
0.171296
0.353663
0.832422
0.349958
0.360286
0.397962
0.064528
0.787358
0.645872
0.229518
0.111496
0.710794
0.354616
0.145809
0.688298
0.318688
0.344129
0.537240
0.718461
0.370747
0.209026
0.253914
0.344002
0.339481
0.401338
0.099877
0.200239
0.561578
0.396252
0.288508
0.588864
0.180858
0.256492
0.473489
0.510158
0.238177
0.405778
0.401835
0.775574
0.421780
0.849836
0.397957
0.542250
0.044931
0.227489
0.374112
0.316325
0.571693
0.209138
0.495182
0.831442
0.412835
0.347954
0.471636
0.096715
0.741037
0.721718
0.142761
0.045600
0.645358
0.515920
0.166455
0.729437
0.349497
0.345562
0.555076
0.722779
0.397913
0.256997
0.290285
0.491216
0.339360
0.368897
0.118208
0.348939
0.623563
0.480100
0.444322
0.475044
0.148098
0.391263
0.325093
0.421142
0.333150
0.384966
0.432542
0.769806
0.306201
0.686741
0.394691
0.525339
0.108898
0.165557
0.173855
0.360967
0.670463
0.257974
0.595152
0.773542
0.453783
0.423051
0.420292
0.239388
0.692559
0.701990
0.112313
0.094623
0.435111
0.576078
0.105969
0.682596
0.405703
0.324806
0.546269
0.573258
0.485298
0.252427
0.344111
0.466254
0.322416
0.312095
0.086095
0.525535
0.630697
0.541284
0.581382
0.479280
0.175630
0.523645
0.244608
0.372183
0.430233
0.366837
0.471439
0.630999
0.248306
0.472390
0.433337
0.557290
0.071567
0.145263
0.066840
0.477217
0.677633
0.376962
0.583819
0.641388
0.506183
0.537531
0.377256
0.313131
0.637531
0.603624
0.116852
0.209061
0.315022
0.545351
0.111423
0.612286
0.382404
0.363490
0.658284
0.460229
0.572197
0.392854
0.402152
0.373966
0.317918
0.284259
0.220197
0.613104
0.627536
0.581003
0.596503
0.575475
0.177801
0.680037
