# G_4, p = 0.2000 GPa (dir_2000.0_bar).
# D8R-only: 48 rings x 101 frames = 4848 samples.
# Column: per-D8R Delta [A]
0.308130
0.254226
0.212698
0.335961
0.308115
0.254215
0.212689
0.335956
0.308130
0.254195
0.212667
0.335983
0.308112
0.254201
0.212673
0.335988
0.307898
0.254263
0.212758
0.335843
0.307880
0.254259
0.212751
0.335870
0.307882
0.254295
0.212804
0.335875
0.307877
0.254284
0.212800
0.335870
0.307873
0.254269
0.212762
0.335874
0.307867
0.254264
0.212761
0.335877
0.307858
0.254331
0.212778
0.335859
0.307865
0.254282
0.212786
0.335862
0.299635
0.304998
0.109505
0.481604
0.341099
0.251819
0.312049
0.374033
0.322299
0.209506
0.228512
0.304307
0.340035
0.150714
0.116117
0.248069
0.329026
0.369279
0.300962
0.325306
0.302944
0.230519
0.548369
0.385210
0.267631
0.290657
0.298422
0.275066
0.230615
0.224638
0.307676
0.149906
0.290830
0.344240
0.173999
0.399924
0.407487
0.141142
0.160436
0.471577
0.423634
0.160613
0.272331
0.342498
0.124115
0.325422
0.246132
0.363370
0.364216
0.387727
0.068055
0.436789
0.445102
0.185317
0.320895
0.403632
0.290851
0.149607
0.285947
0.269176
0.347574
0.088901
0.003507
0.303297
0.303976
0.433936
0.268050
0.195550
0.277545
0.246626
0.655919
0.430650
0.239632
0.170151
0.296157
0.150018
0.126433
0.182982
0.282141
0.068172
0.272104
0.325257
0.353735
0.437518
0.499937
0.094010
0.072696
0.596463
0.431553
0.187191
0.283537
0.395517
0.093674
0.304218
0.370143
0.433531
0.430761
0.477088
0.118277
0.235599
0.518822
0.046617
0.260084
0.435071
0.490487
0.155017
0.316031
0.248338
0.376033
0.108016
0.030386
0.384006
0.327651
0.410233
0.356958
0.148315
0.241606
0.232270
0.510339
0.417497
0.172338
0.228450
0.269487
0.142795
0.110024
0.215062
0.368145
0.028240
0.276996
0.242196
0.388198
0.429891
0.599021
0.026172
0.133852
0.668917
0.314749
0.283489
0.250048
0.460338
0.172900
0.217480
0.480341
0.548376
0.404162
0.508507
0.205353
0.116591
0.482232
0.123065
0.215405
0.434903
0.601552
0.163367
0.240481
0.265591
0.437185
0.147102
0.225432
0.326104
0.350740
0.444384
0.276716
0.265648
0.176292
0.182307
0.441802
0.378852
0.228716
0.239139
0.248680
0.043020
0.047763
0.261319
0.220021
0.046477
0.235382
0.220286
0.393462
0.334983
0.698869
0.134523
0.220011
0.812986
0.263874
0.351972
0.249521
0.506873
0.255772
0.127677
0.458898
0.586248
0.356265
0.399122
0.181864
0.101917
0.388566
0.203178
0.294118
0.437888
0.560771
0.174694
0.223692
0.216701
0.485043
0.139151
0.358524
0.203869
0.332318
0.536323
0.181788
0.268891
0.133326
0.218265
0.496574
0.285736
0.194764
0.155109
0.257616
0.126995
0.091952
0.296938
0.210385
0.175204
0.197672
0.287352
0.452370
0.405583
0.733955
0.169080
0.168501
0.881116
0.260297
0.395377
0.272202
0.554212
0.270789
0.128432
0.420421
0.527195
0.361618
0.302915
0.079851
0.050210
0.391423
0.180278
0.351870
0.468896
0.416434
0.156407
0.292878
0.215909
0.452260
0.121039
0.369435
0.150273
0.295359
0.515364
0.322260
0.293212
0.243506
0.210049
0.461561
0.210846
0.112138
0.101164
0.298519
0.014612
0.090144
0.243381
0.343042
0.311867
0.199405
0.285883
0.327604
0.566132
0.764343
0.177433
0.148128
0.837523
0.210632
0.373566
0.326778
0.525183
0.126890
0.153162
0.458678
0.399971
0.321167
0.267467
0.246607
0.122775
0.399286
0.313030
0.334842
0.381959
0.311181
0.059949
0.469205
0.229178
0.350278
0.102936
0.352797
0.204913
0.267906
0.358280
0.370822
0.235907
0.418402
0.201777
0.349913
0.193999
0.179024
0.225043
0.290803
0.160636
0.156458
0.263702
0.292936
0.434275
0.262469
0.282972
0.183789
0.699155
0.743172
0.191478
0.100418
0.722682
0.378348
0.305423
0.397300
0.418306
0.044541
0.215290
0.509678
0.367603
0.208002
0.270896
0.368693
0.285021
0.418432
0.388506
0.276450
0.252765
0.312811
0.045157
0.469891
0.114170
0.284549
0.121863
0.400592
0.205772
0.243519
0.212481
0.398664
0.207032
0.422939
0.110668
0.291682
0.194344
0.250595
0.229795
0.309573
0.132518
0.202364
0.183485
0.229254
0.555303
0.266672
0.262890
0.119886
0.711980
0.624321
0.278156
0.100982
0.642732
0.465847
0.238551
0.427965
0.354985
0.136684
0.243344
0.446886
0.392797
0.092781
0.247019
0.275688
0.290341
0.358146
0.418459
0.317470
0.166603
0.345398
0.107946
0.405172
0.027416
0.118116
0.168458
0.439014
0.180245
0.232124
0.197944
0.408440
0.213047
0.294393
0.130982
0.253942
0.172629
0.255595
0.269462
0.314301
0.063664
0.133196
0.175068
0.257643
0.480225
0.252175
0.322161
0.137464
0.707722
0.478706
0.398967
0.223201
0.499614
0.411019
0.293480
0.397606
0.341939
0.228045
0.256652
0.342438
0.432150
0.123096
0.147522
0.165234
0.335165
0.289442
0.345784
0.432440
0.245971
0.426768
0.233412
0.396491
0.125834
0.045175
0.223255
0.395628
0.162724
0.207717
0.258387
0.348003
0.191558
0.227532
0.101511
0.198270
0.153104
0.255562
0.367581
0.370676
0.101246
0.150696
0.100464
0.149877
0.356637
0.167244
0.331398
0.122652
0.646543
0.388879
0.482222
0.315066
0.291484
0.402450
0.348708
0.273357
0.316655
0.379563
0.222508
0.305431
0.483138
0.208691
0.276731
0.197798
0.538000
0.200301
0.373395
0.476308
0.429187
0.315502
0.207402
0.245474
0.185308
0.049203
0.218414
0.352698
0.095393
0.118262
0.252576
0.233845
0.175063
0.396872
0.108107
0.144752
0.093645
0.318039
0.342872
0.385019
0.178590
0.296826
0.094412
0.038520
0.244344
0.145301
0.307476
0.116743
0.561652
0.362677
0.431111
0.339612
0.187229
0.379523
0.343876
0.154837
0.185861
0.404265
0.310664
0.354831
0.495498
0.286163
0.372628
0.188245
0.633123
0.093827
0.283103
0.299513
0.571257
0.248822
0.285638
0.171219
0.235923
0.087595
0.122286
0.255378
0.119237
0.073094
0.143373
0.097650
0.171339
0.531543
0.045607
0.230789
0.016699
0.408806
0.293036
0.398234
0.149076
0.377362
0.189040
0.039476
0.091431
0.213777
0.221086
0.149762
0.440577
0.296177
0.321266
0.204713
0.073612
0.453205
0.242569
0.117980
0.162744
0.289939
0.289404
0.221204
0.361952
0.280844
0.412005
0.283957
0.515308
0.091874
0.077497
0.118184
0.421893
0.284579
0.366183
0.225846
0.233218
0.109031
0.114231
0.318417
0.187792
0.190015
0.046488
0.204250
0.195976
0.534286
0.190646
0.199763
0.097502
0.452865
0.318753
0.335219
0.017410
0.276330
0.107379
0.018860
0.169790
0.332694
0.203526
0.199278
0.378579
0.210666
0.277767
0.189239
0.124112
0.538412
0.255900
0.148947
0.103528
0.429863
0.201769
0.089572
0.284949
0.259210
0.438089
0.437986
0.382341
0.190447
0.258396
0.073444
0.308442
0.299307
0.221929
0.291352
0.203400
0.158519
0.151822
0.289998
0.253829
0.137226
0.050344
0.284220
0.293189
0.518452
0.308894
0.184320
0.249695
0.294969
0.286420
0.302472
0.054196
0.122147
0.175975
0.162491
0.412568
0.429768
0.267788
0.244970
0.249687
0.159131
0.320885
0.157267
0.275145
0.506138
0.358180
0.054623
0.198986
0.341282
0.079753
0.186018
0.285679
0.224826
0.387501
0.669286
0.292353
0.250453
0.391104
0.084551
0.255375
0.217178
0.078603
0.212594
0.217445
0.186575
0.124889
0.239488
0.245295
0.137950
0.019592
0.273869
0.356131
0.555698
0.448496
0.229463
0.314399
0.093102
0.168353
0.313335
0.018783
0.023854
0.315427
0.298797
0.499187
0.418169
0.185120
0.254139
0.121121
0.081562
0.198977
0.131411
0.251840
0.359559
0.370271
0.080801
0.213767
0.241013
0.036268
0.206189
0.279133
0.251297
0.265355
0.730122
0.210916
0.130329
0.324654
0.054332
0.258158
0.114513
0.077193
0.113818
0.117356
0.141844
0.078044
0.257004
0.261632
0.141346
0.069825
0.238800
0.338802
0.477999
0.520850
0.173715
0.313394
0.125710
0.093479
0.210393
0.107828
0.206705
0.383282
0.352522
0.581004
0.370251
0.132240
0.273235
0.087367
0.126700
0.004314
0.124018
0.223212
0.292138
0.152999
0.119257
0.157472
0.265039
0.034320
0.310481
0.116588
0.284710
0.314078
0.609675
0.162666
0.074027
0.239095
0.132994
0.223845
0.026307
0.147796
0.143778
0.128251
0.099581
0.046015
0.298171
0.310960
0.154443
0.118825
0.399167
0.423165
0.287812
0.436399
0.104780
0.263520
0.090762
0.153573
0.136859
0.205232
0.429078
0.403088
0.507272
0.671928
0.212645
0.082588
0.240195
0.103685
0.191195
0.204946
0.099684
0.193684
0.262888
0.120080
0.177965
0.217524
0.220241
0.060355
0.313583
0.064535
0.240566
0.334757
0.446028
0.205210
0.029891
0.183142
0.248692
0.189984
0.058671
0.109634
0.286948
0.116462
0.022887
0.144854
0.234322
0.285370
0.280143
0.163586
0.485769
0.477907
0.212128
0.330597
0.096530
0.188071
0.106016
0.170356
0.130047
0.263664
0.481661
0.326270
0.542662
0.608267
0.109259
0.059880
0.225513
0.118160
0.141832
0.390453
0.143402
0.347437
0.118090
0.130465
0.284637
0.222736
0.135644
0.053658
0.313964
0.051749
0.096400
0.244807
0.346507
0.167451
0.118775
0.192523
0.259333
0.214781
0.157094
0.090876
0.317206
0.091032
0.212929
0.368863
0.091102
0.264606
0.426336
0.197796
0.305538
0.451275
0.297960
0.217268
0.120808
0.297051
0.052737
0.228579
0.084779
0.273869
0.407879
0.276507
0.364423
0.498763
0.155977
0.123820
0.242571
0.140928
0.064109
0.560846
0.121505
0.410248
0.214497
0.159480
0.289791
0.242580
0.105381
0.054229
0.216491
0.140983
0.111269
0.209413
0.210810
0.210893
0.091768
0.165883
0.315388
0.093531
0.133342
0.039203
0.258673
0.047767
0.424584
0.527341
0.166634
0.189803
0.397662
0.251421
0.211937
0.391701
0.362583
0.066376
0.135611
0.401335
0.110624
0.204036
0.112834
0.327355
0.326407
0.176534
0.317099
0.415472
0.213493
0.207120
0.149903
0.061261
0.096236
0.492437
0.139834
0.446735
0.417358
0.303322
0.254059
0.229571
0.256115
0.118627
0.142545
0.212381
0.078897
0.232372
0.053681
0.354665
0.054189
0.096291
0.308277
0.091770
0.142384
0.112269
0.282846
0.115098
0.428611
0.608717
0.185771
0.056595
0.392740
0.191501
0.231642
0.360800
0.393943
0.128228
0.271280
0.417004
0.105602
0.214428
0.221667
0.322225
0.271437
0.116570
0.118379
0.388269
0.107305
0.168427
0.109341
0.050926
0.151078
0.389793
0.019300
0.461034
0.461134
0.454998
0.205510
0.234938
0.273837
0.225509
0.099847
0.133593
0.136564
0.216340
0.208637
0.319688
0.031305
0.061549
0.170228
0.183249
0.116194
0.220759
0.399384
0.115137
0.343480
0.577706
0.208258
0.075633
0.490930
0.199452
0.188411
0.346166
0.435983
0.229859
0.306536
0.408319
0.187933
0.245342
0.312216
0.363469
0.133342
0.120437
0.077746
0.311343
0.102621
0.029548
0.116342
0.144102
0.102902
0.252566
0.160424
0.453050
0.399778
0.463851
0.195871
0.269837
0.200321
0.280606
0.060017
0.106831
0.122602
0.189141
0.325289
0.082818
0.163880
0.092066
0.079523
0.148668
0.125515
0.224213
0.495133
0.103696
0.384969
0.428887
0.283574
0.145371
0.387779
0.223046
0.181963
0.345786
0.360556
0.201860
0.249133
0.315335
0.104223
0.392263
0.354035
0.330092
0.039801
0.139138
0.213716
0.233398
0.182273
0.054943
0.202132
0.118174
0.025426
0.104443
0.144855
0.349378
0.368092
0.393088
0.084880
0.357861
0.184686
0.271367
0.245045
0.114842
0.017771
0.146139
0.436134
0.100087
0.161547
0.087237
0.119853
0.152914
0.314241
0.102695
0.368430
0.170729
0.456765
0.275403
0.324492
0.315938
0.305819
0.182491
0.151313
0.220861
0.293408
0.189162
0.141412
0.240086
0.107065
0.427787
0.378820
0.295424
0.151536
0.143681
0.238195
0.129155
0.294189
0.021661
0.324858
0.122219
0.146889
0.174001
0.094268
0.186143
0.341224
0.376477
0.208290
0.349947
0.305958
0.149763
0.258673
0.192412
0.109738
0.120852
0.637716
0.119275
0.105135
0.041731
0.200020
0.239061
0.398036
0.074752
0.239431
0.203387
0.406868
0.114074
0.255905
0.447782
0.465409
0.156311
0.118712
0.198382
0.362892
0.178106
0.061865
0.243888
0.187658
0.263192
0.265634
0.234464
0.184922
0.068464
0.224532
0.230631
0.280943
0.019586
0.213014
0.293419
0.338598
0.185145
0.173372
0.145669
0.374249
0.373884
0.264744
0.439294
0.375301
0.224743
0.132936
0.191812
0.235215
0.075670
0.793783
0.190121
0.061720
0.023625
0.186433
0.328044
0.309678
0.142914
0.220117
0.274511
0.371828
0.141299
0.153984
0.445551
0.431529
0.119715
0.129332
0.196864
0.409968
0.102328
0.234525
0.184036
0.172185
0.111442
0.095726
0.204636
0.222783
0.092662
0.218041
0.276799
0.198031
0.035321
0.155276
0.308246
0.366620
0.276847
0.286960
0.171401
0.417028
0.370434
0.188716
0.568784
0.341564
0.195332
0.147091
0.147281
0.310739
0.193745
0.794991
0.287917
0.075703
0.054083
0.087534
0.345273
0.265962
0.145203
0.149762
0.258332
0.314961
0.106509
0.109535
0.335735
0.173895
0.050775
0.047379
0.123018
0.326413
0.141990
0.270357
0.285188
0.142745
0.240798
0.156479
0.118093
0.301321
0.117866
0.273961
0.339860
0.144584
0.060378
0.225362
0.234223
0.338897
0.338704
0.299203
0.193873
0.405649
0.334395
0.209150
0.417573
0.255419
0.176524
0.127842
0.190549
0.292015
0.226460
0.631526
0.248315
0.122444
0.103268
0.023552
0.287187
0.262819
0.124399
0.094412
0.250823
0.131190
0.114069
0.066584
0.192036
0.195712
0.084051
0.184825
0.020337
0.168721
0.102538
0.141123
0.218622
0.130135
0.204851
0.128488
0.059421
0.356150
0.106777
0.260822
0.407133
0.109257
0.169687
0.198240
0.304369
0.283164
0.360491
0.191469
0.234592
0.248851
0.323707
0.172150
0.295849
0.257733
0.068609
0.122565
0.314485
0.327746
0.176749
0.392802
0.160923
0.162493
0.134239
0.065860
0.206504
0.328031
0.242383
0.033629
0.238811
0.156014
0.203426
0.081949
0.103408
0.230452
0.119143
0.231250
0.229032
0.127910
0.092209
0.140403
0.139851
0.150733
0.182368
0.185751
0.089499
0.379665
0.102645
0.256910
0.445518
0.162307
0.126048
0.128871
0.372420
0.175179
0.239356
0.109853
0.216319
0.215502
0.280677
0.246968
0.355487
0.222386
0.135686
0.029662
0.296455
0.336206
0.248882
0.187565
0.260543
0.180432
0.041626
0.069886
0.161699
0.353655
0.213665
0.072720
0.303407
0.201211
0.202398
0.164798
0.186077
0.251158
0.058095
0.103758
0.484959
0.127573
0.116140
0.171634
0.169167
0.101503
0.269808
0.262100
0.066216
0.376065
0.158168
0.294334
0.329624
0.101197
0.069001
0.142000
0.395650
0.175994
0.101256
0.165610
0.262354
0.206547
0.179389
0.314872
0.217542
0.111122
0.039570
0.151721
0.324669
0.493103
0.209641
0.133023
0.441218
0.161888
0.148341
0.095228
0.175612
0.316020
0.080315
0.172049
0.267384
0.274136
0.084856
0.161962
0.167915
0.234731
0.085883
0.111372
0.642465
0.252807
0.153444
0.227817
0.220539
0.166899
0.364168
0.356352
0.165046
0.254527
0.218254
0.274683
0.332986
0.111991
0.188867
0.176775
0.266035
0.395920
0.105705
0.161461
0.293560
0.117283
0.133017
0.288658
0.024204
0.075664
0.186010
0.171294
0.345617
0.452832
0.196405
0.162656
0.576053
0.123802
0.194801
0.353809
0.099594
0.236805
0.105148
0.145844
0.196562
0.301237
0.111942
0.135978
0.221212
0.342446
0.111290
0.123534
0.702816
0.239872
0.047437
0.237835
0.175421
0.348225
0.396030
0.376382
0.335584
0.144080
0.307132
0.155228
0.426768
0.116656
0.099127
0.192121
0.382215
0.544202
0.186455
0.170167
0.313012
0.135577
0.163024
0.404253
0.055593
0.128714
0.263803
0.187978
0.354590
0.308940
0.121941
0.228738
0.650830
0.155267
0.196976
0.360978
0.091713
0.203939
0.168873
0.140055
0.225436
0.228772
0.217445
0.126997
0.280377
0.524850
0.194407
0.177051
0.749324
0.193372
0.046534
0.167267
0.228570
0.435462
0.444266
0.354209
0.428826
0.170128
0.343184
0.091037
0.377510
0.199974
0.097377
0.151198
0.337074
0.568904
0.193245
0.314797
0.177966
0.190114
0.156656
0.261355
0.125316
0.200886
0.222441
0.185729
0.326771
0.317710
0.108634
0.137159
0.638274
0.237304
0.135916
0.282573
0.173339
0.242342
0.167511
0.185843
0.185600
0.073839
0.264756
0.084949
0.318247
0.551334
0.217553
0.218647
0.741130
0.276383
0.084163
0.251118
0.350369
0.457530
0.498514
0.315962
0.400313
0.229739
0.348713
0.104537
0.272335
0.330814
0.098419
0.121934
0.191480
0.494126
0.166618
0.330173
0.125540
0.164462
0.221968
0.245896
0.112455
0.196663
0.246709
0.166426
0.255617
0.548995
0.078638
0.085439
0.556587
0.293514
0.104430
0.317945
0.209177
0.264304
0.181418
0.211284
0.152386
0.021091
0.258738
0.172117
0.285567
0.492151
0.278001
0.249738
0.709662
0.362319
0.036756
0.309345
0.412633
0.490407
0.454682
0.311607
0.472895
0.360328
0.332592
0.213564
0.358061
0.335836
0.127895
0.062695
0.221922
0.492750
0.153177
0.207632
0.190164
0.124031
0.188211
0.163249
0.122559
0.094567
0.253547
0.141472
0.278020
0.678211
0.047214
0.065583
0.432518
0.428423
0.083664
0.375066
0.124738
0.245480
0.220600
0.146434
0.196105
0.224959
0.302166
0.174908
0.257671
0.464653
0.224816
0.229375
0.738169
0.331780
0.052712
0.252308
0.357235
0.603431
0.375754
0.236217
0.552547
0.402735
0.319270
0.215017
0.410494
0.344177
0.253122
0.206769
0.360660
0.459224
0.147808
0.091247
0.247057
0.099007
0.089945
0.292973
0.020657
0.172857
0.189573
0.191818
0.334281
0.578572
0.242964
0.117813
0.379988
0.627403
0.143485
0.233830
0.140163
0.100251
0.375397
0.173532
0.312647
0.262511
0.437035
0.136003
0.273255
0.427358
0.127928
0.152232
0.794130
0.286158
0.074575
0.215043
0.344233
0.712391
0.376624
0.202879
0.463091
0.281748
0.315908
0.117153
0.347640
0.256468
0.409397
0.299462
0.541579
0.373460
0.087093
0.044579
0.316086
0.164217
0.087396
0.299158
0.089540
0.232664
0.092041
0.295055
0.402855
0.498264
0.357829
0.167808
0.393988
0.709394
0.220084
0.130485
0.254804
0.024138
0.530935
0.133358
0.384703
0.258739
0.548934
0.320605
0.333663
0.322842
0.151536
0.147226
0.777343
0.316957
0.141754
0.104832
0.380985
0.657713
0.511361
0.195301
0.337087
0.133861
0.422446
0.076460
0.226956
0.176556
0.358824
0.238794
0.566891
0.254638
0.146032
0.240537
0.356478
0.143726
0.081972
0.190372
0.095247
0.208079
0.056986
0.308100
0.447836
0.398739
0.303135
0.275514
0.392673
0.612666
0.259413
0.156480
0.278303
0.058379
0.520617
0.030586
0.459883
0.310400
0.607167
0.420609
0.304219
0.176021
0.148256
0.195614
0.676599
0.340478
0.199397
0.056956
0.391930
0.486067
0.567481
0.205874
0.311235
0.049568
0.559879
0.062863
0.190274
0.166596
0.253744
0.223074
0.376785
0.168867
0.201967
0.326192
0.392045
0.106699
0.058275
0.069669
0.067637
0.197005
0.160959
0.237125
0.493638
0.298642
0.100291
0.382812
0.393684
0.519232
0.190901
0.200135
0.248303
0.135992
0.357514
0.144353
0.557249
0.373040
0.607187
0.378722
0.255507
0.166169
0.135409
0.094810
0.557891
0.376741
0.194438
0.153056
0.379940
0.327885
0.496542
0.183014
0.293670
0.129472
0.566208
0.055768
0.278576
0.197592
0.271978
0.310034
0.241849
0.096230
0.370799
0.359057
0.443114
0.043816
0.222712
0.104638
0.023931
0.302700
0.298366
0.232129
0.474764
0.273338
0.061519
0.391094
0.444141
0.530804
0.092221
0.142987
0.274171
0.204012
0.302264
0.202162
0.568537
0.396871
0.520149
0.417121
0.249927
0.234673
0.138374
0.176165
0.453740
0.353907
0.195287
0.183156
0.449462
0.213487
0.307182
0.154493
0.334484
0.219326
0.389055
0.028398
0.315099
0.299300
0.452868
0.420731
0.121597
0.179707
0.395169
0.350386
0.530015
0.195413
0.281873
0.120631
0.183253
0.405766
0.366412
0.292465
0.394626
0.339234
0.016058
0.347334
0.460898
0.506085
0.134042
0.084372
0.386356
0.299692
0.355795
0.237470
0.532091
0.443082
0.434090
0.443315
0.340757
0.289024
0.139005
0.305262
0.325641
0.432345
0.270643
0.335041
0.535332
0.174359
0.221720
0.166302
0.247475
0.185088
0.315611
0.092584
0.314802
0.394985
0.513134
0.438964
0.235373
0.119218
0.305546
0.341454
0.556430
0.353012
0.255636
0.271549
0.414302
0.455574
0.366470
0.334238
0.255663
0.289446
0.189152
0.290881
0.378618
0.329599
0.317780
0.162462
0.539237
0.294134
0.347354
0.197185
0.406534
0.382149
0.450282
0.451539
0.419253
0.204937
0.119347
0.262742
0.217284
0.458193
0.257792
0.518581
0.500280
0.173362
0.200867
0.137615
0.167555
0.141851
0.430276
0.195225
0.440343
0.451128
0.363695
0.381843
0.385255
0.144712
0.326271
0.334381
0.622204
0.460218
0.282404
0.346652
0.399507
0.512107
0.368898
0.363306
0.207590
0.263603
0.310618
0.337238
0.370707
0.178771
0.371433
0.142110
0.531924
0.234903
0.337683
0.191629
0.260082
0.407097
0.394403
0.389115
0.441693
0.138036
0.366990
0.187969
0.177730
0.382649
0.237809
0.546253
0.377459
0.169200
0.200931
0.272958
0.209253
0.111961
0.494855
0.231009
0.513566
0.547304
0.278274
0.345890
0.467622
0.090693
0.315209
0.337782
0.678485
0.543986
0.230072
0.324364
0.305151
0.606054
0.430499
0.421856
0.267660
0.379809
0.226980
0.423240
0.403781
0.104319
0.346200
0.094572
0.478986
0.231679
0.277946
0.268751
0.142288
0.400661
0.208622
0.349788
0.374439
0.111443
0.433324
0.250094
0.153483
0.363358
0.245013
0.439359
0.366040
0.148634
0.208936
0.313620
0.358200
0.302762
0.367930
0.212709
0.339941
0.604649
0.318721
0.261776
0.547278
0.049637
0.207454
0.245346
0.744058
0.567569
0.236252
0.306670
0.355421
0.599706
0.447780
0.484360
0.322281
0.393939
0.181611
0.419285
0.384691
0.139091
0.324582
0.202759
0.504779
0.265451
0.298297
0.389108
0.184351
0.441392
0.050655
0.261149
0.266738
0.099055
0.384181
0.284956
0.065619
0.395085
0.298811
0.318194
0.366431
0.191323
0.240021
0.279629
0.433237
0.437755
0.183397
0.214721
0.136659
0.584580
0.270466
0.163105
0.580465
0.057934
0.197791
0.158411
0.660283
0.504862
0.303138
0.426229
0.401170
0.412930
0.495675
0.415044
0.334318
0.335011
0.253589
0.291393
0.365971
0.131321
0.393138
0.379092
0.521893
0.306483
0.280504
0.399217
0.284954
0.506327
0.202537
0.186943
0.225768
0.091314
0.314631
0.265226
0.177247
0.408720
0.344770
0.367672
0.281940
0.198344
0.205116
0.315466
0.436381
0.392102
0.177754
0.279433
0.115322
0.510949
0.196611
0.113749
0.551454
0.122319
0.215469
0.142521
0.548238
0.501147
0.384190
0.453177
0.418647
0.379729
0.499145
0.293299
0.350612
0.355145
0.301038
0.181566
0.458436
0.156640
0.465384
0.382623
0.410756
0.156672
0.215337
0.346856
0.315285
0.523027
0.305146
0.139625
0.265784
0.189828
0.290819
0.281425
0.225311
0.427523
0.395762
0.452366
0.223918
0.207389
0.051529
0.414653
0.379608
0.315439
0.179145
0.351872
0.197190
0.504812
0.191134
0.068928
0.551301
0.270424
0.295468
0.121403
0.440207
0.546712
0.342940
0.337736
0.461458
0.409748
0.427164
0.321559
0.448695
0.432803
0.315586
0.155187
0.530128
0.292226
0.484574
0.372920
0.205666
0.138987
0.040360
0.302192
0.335991
0.513603
0.335983
0.213723
0.279123
0.278266
0.246661
0.322693
0.211488
0.415049
0.364311
0.415475
0.291214
0.137656
0.102695
0.452898
0.393463
0.319284
0.081175
0.478611
0.286081
0.615787
0.073280
0.097060
0.524433
0.242805
0.369682
0.218679
0.432101
0.591708
0.359803
0.328618
0.484231
0.347980
0.296514
0.271611
0.569298
0.311818
0.381928
0.055607
0.437826
0.326906
0.424031
0.431747
0.129741
0.342432
0.058537
0.308201
0.326275
0.523843
0.217464
0.295581
0.315616
0.186245
0.215810
0.297802
0.111169
0.323055
0.323547
0.176921
0.313471
0.070573
0.207182
0.410772
0.382854
0.432005
0.026896
0.488934
0.327734
0.692127
0.089026
0.145301
0.491671
0.033628
0.357648
0.099415
0.390722
0.560320
0.361268
0.446725
0.444239
0.361377
0.163269
0.162574
0.585227
0.136665
0.481535
0.032546
0.288664
0.208540
0.342365
0.383977
0.114238
0.463935
0.041668
0.257108
0.260863
0.551998
0.090380
0.359125
0.342718
0.044165
0.411367
0.335844
0.053739
0.256530
0.256920
0.137477
0.250974
0.105042
0.171847
0.284372
0.396416
0.524566
0.053798
0.341596
0.308225
0.583851
0.178375
0.118068
0.338133
0.064771
0.265314
0.117832
0.420676
0.444214
0.410655
0.545807
0.463863
0.406252
0.192697
0.110136
0.511434
0.114172
0.412671
0.078004
0.291764
0.128192
0.224762
0.277571
0.156242
0.418254
0.093130
0.176708
0.286385
0.422104
0.142277
0.381060
0.322463
0.073382
0.435110
0.317427
0.123614
0.178453
0.303592
0.181399
0.130757
0.203805
0.154015
0.186732
0.428537
0.514934
0.134705
0.211487
0.290778
0.410259
0.152212
0.152760
0.228512
0.117678
0.219772
0.089501
0.414913
0.336045
0.435291
0.564249
0.482389
0.317517
0.287323
0.143547
0.411080
0.271790
0.298663
0.183468
0.247271
0.155390
0.246836
0.204616
0.151303
0.316576
0.149834
0.122696
0.304466
0.249538
0.179268
0.369052
0.274415
0.202841
0.376954
0.278449
0.107079
0.136640
0.364718
0.159879
0.126043
0.182001
0.155393
0.181766
0.458654
0.447940
0.138426
0.221938
0.319105
0.303158
0.089896
0.185259
0.195277
0.278792
0.164409
0.147770
0.370554
0.239520
0.467347
0.517064
0.507932
0.280162
0.387820
0.180028
0.375927
0.324511
0.272068
0.193032
0.233044
0.094883
0.273254
0.182745
0.122514
0.323305
0.071469
0.171722
0.307992
0.180364
0.201911
0.206322
0.260409
0.376517
0.438459
0.188271
0.108113
0.133129
0.335252
0.208661
0.188211
0.192392
0.148945
0.217686
0.418891
0.408355
0.067907
0.172843
0.348274
0.284939
0.030320
0.112295
0.132383
0.415150
0.155790
0.202271
0.256787
0.082513
0.461516
0.516902
0.503912
0.220873
0.335298
0.277290
0.387522
0.331381
0.358893
0.116443
0.244907
0.175748
0.283752
0.246044
0.226363
0.406158
0.126497
0.203829
0.350165
0.148482
0.198005
0.079563
0.288795
0.484289
0.549986
0.146184
0.198578
0.168548
0.190112
0.167762
0.196765
0.292863
0.211980
0.192451
0.426078
0.408637
0.135092
0.123015
0.348595
0.273182
0.078385
0.187137
0.049148
0.315886
0.145932
0.209682
0.171544
0.084906
0.424072
0.415518
0.533201
0.160028
0.157320
0.256998
0.314644
0.254295
0.332966
0.041125
0.239374
0.300356
0.180659
0.260790
0.407452
0.413585
0.135367
0.209390
0.375995
0.078532
0.178129
0.180596
0.277559
0.406766
0.448628
0.112345
0.214256
0.166715
0.123411
0.126228
0.209321
0.365382
0.159478
0.188469
0.481301
0.410946
0.172630
0.157417
0.251324
0.228489
0.046263
0.293636
0.119365
0.205946
0.095823
0.379309
0.154334
0.121335
0.347996
0.218376
0.463633
0.186748
0.035269
0.153718
0.199514
0.285771
0.240503
0.080369
0.123944
0.413107
0.067413
0.173160
0.522146
0.569798
0.191716
0.205773
0.414158
0.114605
0.076936
0.096319
0.241018
0.315950
0.231538
0.044177
0.185194
0.155157
0.092926
0.193573
0.196478
0.363335
0.198365
0.225622
0.476617
0.341261
0.135051
0.039221
0.178026
0.107159
0.122773
0.221640
0.077797
0.278613
0.016987
0.524558
0.142379
0.193953
0.252317
0.187172
0.265419
0.229048
0.042156
0.153374
0.103439
0.392466
0.187521
0.117299
0.201780
0.367294
0.287018
0.125991
0.540745
0.550817
0.212056
0.221384
0.376015
0.174457
0.066042
0.049072
0.125884
0.337682
0.273413
0.153680
0.081288
0.164416
0.062034
0.139379
0.233241
0.372755
0.183310
0.327689
0.388973
0.252537
0.074656
0.061453
0.076184
0.051275
0.086334
0.234096
0.089010
0.235227
0.043437
0.621589
0.139726
0.312682
0.137467
0.161047
0.027933
0.206402
0.025398
0.170525
0.036986
0.540199
0.239799
0.136266
0.290252
0.365816
0.349304
0.233362
0.379374
0.470323
0.183123
0.200729
0.314409
0.131086
0.075380
0.026568
0.090837
0.416046
0.285358
0.167025
0.161785
0.245527
0.046534
0.052932
0.203781
0.440450
0.103676
0.312687
0.261844
0.187603
0.074947
0.154295
0.082367
0.104535
0.018094
0.319223
0.087364
0.382563
0.101651
0.567828
0.076918
0.309491
0.091330
0.209576
0.033649
0.264924
0.124946
0.267173
0.146762
0.542203
0.200533
0.155150
0.198194
0.354372
0.304875
0.233608
0.195353
0.463940
0.171251
0.173506
0.224855
0.073200
0.232984
0.120065
0.123632
0.380028
0.249413
0.237609
0.217359
0.324900
0.068456
0.097320
0.133357
0.466484
0.078070
0.164702
0.274794
0.231255
0.110649
0.256455
0.081969
0.117503
0.098810
0.290150
0.099820
0.417345
0.163541
0.241509
0.170580
0.160946
0.132115
0.183335
0.026239
0.310290
0.184534
0.303546
0.147291
0.454574
0.117319
0.244530
0.159701
0.364764
0.188430
0.191908
0.137830
0.406430
0.182357
0.238543
0.238622
0.070705
0.302026
0.111631
0.105313
0.250436
0.208800
0.202035
0.220194
0.253721
0.015724
0.230841
0.111551
0.450448
0.067172
0.078397
0.369849
0.313292
0.078464
0.142075
0.064984
0.208081
0.103310
0.180634
0.119047
0.327450
0.176930
0.060250
0.327732
0.146258
0.139886
0.250127
0.225062
0.287340
0.216884
0.268280
0.039363
0.328795
0.131244
0.396124
0.274658
0.320158
0.138532
0.120512
0.128019
0.312500
0.261871
0.192920
0.335697
0.089042
0.215906
0.024124
0.153117
0.223697
0.071824
0.109024
0.194460
0.129481
0.093484
0.178024
0.185049
0.399439
0.147939
0.098057
0.358702
0.319582
0.170441
0.112203
0.158630
0.215234
0.109280
0.174429
0.210026
0.189128
0.171990
0.081828
0.308075
0.187085
0.156859
0.345762
0.322886
0.257753
0.248100
0.206446
0.227325
0.203385
0.223851
0.485470
0.384494
0.232943
0.129970
0.145389
0.228892
0.221461
0.223288
0.139622
0.272075
0.188995
0.158427
0.111490
0.101941
0.250554
0.077456
0.101032
0.063085
0.060201
0.204483
0.082588
0.265934
0.381520
0.292457
0.165042
0.238878
0.129382
0.302986
0.176372
0.249288
0.210289
0.095031
0.135486
0.285236
0.156498
0.105997
0.246251
0.173495
0.183446
0.188172
0.218164
0.202975
0.242092
0.341690
0.082933
0.390284
0.086534
0.232663
0.406492
0.361909
0.112978
0.206501
0.153754
0.294094
0.178972
0.162194
0.311226
0.128481
0.185685
0.095419
0.144385
0.054386
0.163385
0.177616
0.118350
0.154255
0.102047
0.175489
0.046807
0.242270
0.379605
0.346504
0.253771
0.104237
0.098131
0.344940
0.150786
0.164893
0.230599
0.150146
0.170995
0.323789
0.183651
0.064023
0.234987
0.249790
0.041823
0.210992
0.088114
0.070134
0.204173
0.334182
0.093688
0.425630
0.066011
0.216640
0.300829
0.227617
0.049366
0.264129
0.208342
0.427279
0.084177
0.118064
0.246367
0.113655
0.116244
0.198353
0.247227
0.030321
0.121922
0.293575
0.125325
0.177134
0.252877
0.195827
0.080290
0.176505
0.338066
0.197933
0.299032
0.147673
0.160943
0.219930
0.083889
0.199210
0.285999
0.186993
0.207112
0.310984
0.233768
0.068058
0.178243
0.277509
0.003909
0.163980
0.123688
0.044362
0.133014
0.296683
0.083980
0.305610
0.072318
0.166137
0.211193
0.145461
0.041485
0.249380
0.269715
0.488158
0.053933
0.057642
0.152981
0.188383
0.244620
0.253337
0.209437
0.070358
0.235596
0.356094
0.105486
0.165394
0.248985
0.128565
0.127334
0.086723
0.188821
0.112697
0.238874
0.187809
0.043754
0.252904
0.071608
0.175336
0.320632
0.206255
0.097015
0.329397
0.192108
0.232337
0.233468
0.322193
0.082845
0.090000
0.198878
0.135277
0.127765
0.281482
0.092931
0.242014
0.075205
0.138105
0.138709
0.110207
0.197396
0.207986
0.188029
0.435886
0.098638
0.087291
0.195520
0.228341
0.379317
0.253130
0.173943
0.100207
0.237600
0.333123
0.121362
0.235753
0.101262
0.154271
0.330289
0.101558
0.141428
0.151604
0.130905
0.294673
0.029980
0.247357
0.082167
0.092718
0.201053
0.272864
0.096474
0.307082
0.168275
0.375035
0.184504
0.331646
0.104412
0.043793
0.177978
0.113458
0.186978
0.250367
0.211728
0.244658
0.113385
0.087638
0.096678
0.092339
0.400022
0.250126
0.196037
0.320516
0.149047
0.089945
0.217670
0.346446
0.331377
0.274534
0.048818
0.133417
0.335223
0.395425
0.188355
0.265679
0.105780
0.174801
0.429648
0.253228
0.065338
0.165579
0.096566
0.355727
0.170371
0.251472
0.280058
0.154869
0.054697
0.293715
0.100177
0.213994
0.046693
0.319220
0.105039
0.322294
0.129698
0.113167
0.040114
0.124505
0.227362
0.091803
0.266368
0.200232
0.137991
0.182098
0.027869
0.057518
0.466329
0.273592
0.201166
0.233736
0.244114
0.078372
0.229485
0.408036
0.293362
0.339987
0.122078
0.174061
0.443420
0.414817
0.291879
0.368002
0.166102
0.123887
0.380015
0.398090
0.023434
0.197447
0.170979
0.407575
0.327110
0.262122
0.387472
0.091595
0.125809
0.190702
0.110482
0.125563
0.038992
0.160507
0.285740
0.299565
0.133963
0.130228
0.037667
0.161873
0.187969
0.075338
0.223889
0.157612
0.158952
0.234584
0.073907
0.076045
0.393999
0.253685
0.194127
0.187518
0.222030
0.018167
0.198779
0.362288
0.265260
0.391190
0.170637
0.096266
0.456660
0.336706
0.243531
0.434234
0.149590
0.100117
0.415948
0.463444
0.146356
0.330599
0.121989
0.483553
0.367435
0.207035
0.365307
0.014545
0.268873
0.103547
0.178553
0.159690
0.050863
0.167488
0.234872
0.236468
0.192736
0.120488
0.063067
0.201128
0.209251
0.119596
0.137956
0.147597
0.256518
0.203608
0.249005
0.138185
0.281862
0.261414
0.262512
0.154676
0.287351
0.033751
0.175468
0.324885
0.203529
0.324687
0.319327
0.186795
0.397553
0.165742
0.194223
0.395997
0.086868
0.029238
0.374151
0.528778
0.233459
0.339512
0.149131
0.522226
0.269496
0.107495
0.391902
0.108910
0.263234
0.315407
0.227709
0.222129
0.078315
0.223145
0.274029
0.191262
0.266559
0.022541
0.076097
0.184909
0.196107
0.087784
0.066500
0.138452
0.412618
0.128338
0.368042
0.194145
0.256209
0.153117
0.378652
0.112026
0.284712
0.071138
0.103122
0.293727
0.138635
0.280073
0.254143
0.318196
0.392264
0.126669
0.249914
0.263918
0.116338
0.140029
0.209495
0.502382
0.271797
0.286525
0.121605
0.509286
0.199479
0.104186
0.364533
0.201818
0.102208
0.288799
0.209702
0.185498
0.177876
0.257397
0.328611
0.212170
0.354742
0.043556
0.102485
0.224961
0.125820
0.206660
0.068793
0.182128
0.417001
0.085554
0.277624
0.199427
0.221210
0.080331
0.392968
0.093259
0.301003
0.197445
0.135649
0.280522
0.124901
0.232279
0.163128
0.255619
0.374083
0.146936
0.210442
0.191705
0.140168
0.182117
0.097769
0.374623
0.263013
0.281718
0.019907
0.475664
0.188369
0.121290
0.195805
0.147506
0.050510
0.085467
0.381611
0.145491
0.166262
0.196224
0.247911
0.220260
0.305585
0.043548
0.063479
0.210218
0.066169
0.401404
0.102859
0.206728
0.254368
0.087175
0.173300
0.176928
0.250482
0.061913
0.374144
0.048104
0.305096
0.280112
0.170014
0.306824
0.040574
0.186776
0.201168
0.154163
0.224856
0.196048
0.177410
0.174806
0.103398
0.105793
0.145063
0.331095
0.273071
0.292710
0.011949
0.501465
0.203648
0.247932
0.152246
0.168065
0.062633
0.102787
0.428848
0.132381
0.244321
0.152193
0.145939
0.263108
0.148777
0.111715
0.035589
0.159760
0.126237
0.508776
0.156703
0.175214
0.169158
0.085071
0.179084
0.118727
0.388194
0.069229
0.320029
0.110729
0.283211
0.214549
0.059719
0.358741
0.088853
0.217940
0.195843
0.328667
0.114929
0.038862
0.226061
0.071135
0.178872
0.056561
0.214804
0.309290
0.296350
0.281579
0.166955
0.447103
0.313128
0.238344
0.233479
0.160762
0.101912
0.186901
0.248646
0.149793
0.293883
0.191809
0.108986
0.263742
0.102037
0.231157
0.101188
0.045337
0.133155
0.371088
0.192193
0.141682
0.243014
0.057588
0.218642
0.053923
0.537237
0.064641
0.356075
0.204937
0.204197
0.111547
0.169770
0.326263
0.099552
0.256968
0.073829
0.515223
0.182501
0.067093
0.296678
0.027558
0.289368
0.185626
0.292578
0.327609
0.330125
0.201521
0.332039
0.392463
0.398457
0.319361
0.222521
0.185828
0.052679
0.201625
0.136825
0.091350
0.246348
0.217593
0.022407
0.322731
0.078314
0.274016
0.165320
0.010295
0.111781
0.276187
0.212040
0.156044
0.282391
0.072083
0.202829
0.105060
0.508674
0.148644
0.384166
0.351705
0.175005
0.121592
0.217901
0.328423
0.276226
0.345566
0.065745
0.462119
0.352120
0.105843
0.318447
0.060718
0.300554
0.261785
0.239994
0.370321
0.283291
0.126937
0.288703
0.499826
0.399692
0.260931
0.100765
0.222553
0.039845
0.227525
0.145200
0.087171
0.238483
0.210216
0.109167
0.433618
0.042724
0.220347
0.172476
0.143451
0.214057
0.304660
0.201131
0.334794
0.218642
0.102588
0.181738
0.165735
0.346202
0.204311
0.268233
0.381810
0.168919
0.125744
0.250005
0.336705
0.400943
0.414432
0.126286
0.423888
0.407624
0.095934
0.251453
0.102362
0.318332
0.313408
0.197843
0.316810
0.231547
0.174375
0.237966
0.487166
0.352995
0.167237
0.117583
0.273185
0.150171
0.355820
0.139382
0.104669
0.371824
0.324737
0.165490
0.451349
0.077751
0.288683
0.146222
0.217812
0.174937
0.274000
0.189805
0.390316
0.126670
0.117935
0.205950
0.131136
0.164339
0.184983
0.087490
0.231506
0.211663
0.175684
0.338169
0.359236
0.413267
0.275862
0.186751
0.439995
0.266514
0.104852
0.249873
0.068474
0.459161
0.359100
0.147826
0.320324
0.256600
0.182345
0.249527
0.478240
0.282028
0.223951
0.106112
0.371424
0.085713
0.386029
0.202042
0.073556
0.398386
0.544565
0.192477
0.324986
0.144605
0.365175
0.067793
0.194233
0.179000
0.232811
0.196421
0.252490
0.137177
0.278993
0.286686
0.197474
0.080418
0.140004
0.222569
0.157940
0.231635
0.242721
0.459856
0.246831
0.507165
0.180684
0.153443
0.446400
0.187327
0.189885
0.317096
0.155334
0.480992
0.379720
0.317891
0.334818
0.300753
0.192651
0.316065
0.328552
0.444795
0.152576
0.159522
0.515300
0.070771
0.335316
0.263718
0.093923
0.310921
0.637828
0.086999
0.316786
0.248027
0.388148
0.152930
0.212554
0.217488
0.275070
0.144501
0.369789
0.105996
0.323431
0.281395
0.250949
0.084508
0.206631
0.323163
0.164405
0.432670
0.273544
0.571653
0.030144
0.616563
0.155364
0.100894
0.415007
0.290606
0.242782
0.366130
0.239218
0.297885
0.362222
0.342426
0.327324
0.297723
0.222966
0.307551
0.203252
0.566290
0.095779
0.185255
0.595451
0.161526
0.260938
0.198940
0.194829
0.263297
0.459430
0.102742
0.349080
0.401313
0.325482
0.323572
0.318715
0.248017
0.217080
0.065922
0.406326
0.014661
0.201989
0.242831
0.359226
0.176650
0.295192
0.320445
0.296284
0.533629
0.214452
0.598378
0.068821
0.607690
0.147870
0.096429
0.298789
0.478364
0.195904
0.273018
0.263962
0.180749
0.242173
0.243895
0.327362
0.315159
0.187504
0.286940
0.198659
0.468806
0.200472
0.309222
0.488947
0.224641
0.293162
0.174147
0.167405
0.275157
0.346059
0.246239
0.278624
0.554321
0.378143
0.394158
0.352666
0.232294
0.109117
0.142023
0.321416
0.078041
0.086970
0.215267
0.430346
0.201664
0.379285
0.261766
0.329545
0.580337
0.167031
0.453960
0.063475
0.407854
0.177978
0.132563
0.175649
0.476171
0.018654
0.158099
0.232351
0.228104
0.115175
0.159357
0.301544
0.352634
0.072894
0.344906
0.294990
0.331253
0.333527
0.344262
0.348802
0.254078
0.332154
0.159282
0.113543
0.299040
0.369054
0.345655
0.102176
0.571189
0.435789
0.329188
0.333925
0.260197
0.065074
0.123773
0.220373
0.055209
0.156997
0.266716
0.405238
0.137040
0.420744
0.278983
0.293155
0.559185
0.146007
0.283210
0.170322
0.310308
0.181543
0.277233
0.121398
0.294636
0.108570
0.096638
0.251048
0.128564
0.057286
0.052850
0.250095
0.386051
0.026860
0.370169
0.354096
0.245353
0.379310
0.338071
0.302178
0.302371
0.230186
0.221507
0.257073
0.296977
0.354828
0.297175
0.113452
0.502160
0.384348
0.283867
0.316084
0.318309
0.158786
0.148979
0.230985
0.215194
0.294519
0.294647
0.288862
0.079510
0.462530
0.256740
0.189755
0.449625
0.206657
0.202621
0.131950
0.369388
0.152329
0.351573
0.189724
0.218434
0.201149
0.069840
0.201872
0.080139
0.084555
0.116359
0.222146
0.283047
0.033057
0.333155
0.403282
0.231565
0.369880
0.483749
0.287491
0.257353
0.090788
0.160604
0.362421
0.317615
0.231907
0.321046
0.268526
0.500305
0.258810
0.317631
0.336028
0.381016
0.240168
0.190858
0.377168
0.195973
0.436516
0.283325
0.270932
0.078401
0.473750
0.243000
0.199374
0.291232
0.224377
0.171762
0.060849
0.451474
0.145594
0.314747
0.287553
0.245799
0.251175
0.147553
0.156020
0.090351
0.071302
0.143738
0.267910
0.199012
0.081845
0.244257
0.437443
0.170312
0.263616
0.596432
0.207266
0.236051
0.183044
0.219777
0.404668
0.308542
0.195265
0.301652
0.360082
0.523229
0.179612
0.375851
0.418356
0.415578
0.333176
0.234966
0.497406
0.127364
0.460285
0.157209
0.303883
0.136379
0.495421
0.222281
0.132982
0.262940
0.161994
0.121810
0.107806
0.403516
0.198507
0.352886
0.342497
0.267099
0.316179
0.110296
0.206364
0.068522
0.227624
0.188250
0.314355
0.216040
0.177046
0.251287
0.361206
0.165434
0.168729
0.534411
0.161640
0.278089
0.336604
0.242071
0.515465
0.315958
0.200603
0.261964
0.315763
0.430632
0.171689
0.286435
0.468244
0.450380
0.324382
0.196968
0.452729
0.128914
0.360335
0.049285
0.267940
0.135981
0.466897
0.178264
0.058166
0.299141
0.131463
0.034308
0.177973
0.267019
0.248374
0.258368
0.353556
0.258436
0.327395
0.039443
0.281089
0.132712
0.393251
0.352880
0.250010
0.298621
0.173250
0.333077
0.281035
0.162789
0.147432
0.397560
0.240109
0.372368
0.276127
0.181338
0.643567
0.332271
0.170165
0.337881
0.408737
0.360370
0.190673
0.223276
0.507685
0.446159
0.239151
0.214715
0.376864
0.182753
0.260680
0.088080
0.223194
0.150398
0.399628
0.087016
0.142711
0.255115
0.136788
0.049034
0.185552
0.121750
0.405421
0.250698
0.369512
0.176421
0.338286
0.144623
0.404075
0.154345
0.253978
0.426089
0.164765
0.325924
0.182744
0.382639
0.208368
0.263837
0.133615
0.188640
0.297923
0.388444
0.091027
0.243131
0.551574
0.380782
0.071513
0.341242
0.419735
0.381214
0.173438
0.244180
0.529072
0.407705
0.271152
0.248707
0.412309
0.272623
0.258189
0.082318
0.265166
0.256761
0.337007
0.131634
0.323265
0.233143
0.217000
0.006469
0.234718
0.033334
0.463103
0.184542
0.391217
0.075125
0.495664
0.196445
0.465945
0.218191
0.213414
0.483124
0.153251
0.377555
0.280448
0.260304
0.157754
0.256474
0.100870
0.147135
0.325399
0.386788
0.080471
0.344901
0.420151
0.394297
0.086377
0.176405
0.422073
0.409073
0.119012
0.272046
0.595454
0.479190
0.322416
0.232548
0.571719
0.368196
0.268666
0.043418
0.287426
0.336516
0.299770
0.165026
0.453395
0.246111
0.184308
0.028086
0.362402
0.049454
0.356224
0.114067
0.315078
0.127201
0.626020
0.261983
0.509520
0.321890
0.266523
0.524804
0.252515
0.391797
0.327729
0.047732
0.220034
0.270181
0.076449
0.078557
0.296321
0.429211
0.130316
0.312465
0.326488
0.404901
0.026464
0.074323
0.370326
0.424973
0.051740
0.307920
0.530333
0.511102
0.326304
0.264628
0.672691
0.414721
0.265591
0.077914
0.199125
0.303458
0.198826
0.225018
0.448085
0.266039
0.218584
0.130837
0.382855
0.076451
0.289742
0.095444
0.267910
0.110093
0.565708
0.260214
0.526443
0.394825
0.343564
0.526644
0.251517
0.333302
0.353622
0.141070
0.335409
0.235801
0.054688
0.052736
0.254411
0.430883
0.133428
0.224345
0.349186
0.354356
0.079152
0.064077
0.336822
0.364038
0.072721
0.237379
0.422864
0.523804
0.327557
0.387495
0.638114
0.375414
0.239183
0.168579
0.052025
0.274794
0.171344
0.238436
0.358908
0.182397
0.239575
0.173102
0.322978
0.072665
0.364426
0.146715
0.199368
0.091529
0.351862
0.199552
0.441540
0.423857
0.323370
0.381955
0.240519
0.246961
0.418859
0.202024
0.315944
0.157504
0.081540
0.120731
0.240917
0.394789
0.212625
0.126523
0.337055
0.324163
0.140233
0.203169
0.309473
0.283319
0.160127
0.222748
0.340706
0.386697
0.432476
0.462832
0.578403
0.354373
0.169833
0.209706
0.133958
0.286303
0.133439
0.300157
0.319966
0.118318
0.254993
0.185753
0.254723
0.177063
0.461072
0.267142
0.168914
0.116040
0.240516
0.141547
0.377687
0.442743
0.207921
0.237806
0.252046
0.277269
0.498035
0.144789
0.354427
0.019409
0.155248
0.188933
0.112676
0.382783
0.193680
0.084460
0.366827
0.336061
0.197036
0.348414
0.176165
0.185414
0.114424
0.186931
0.380132
0.261704
0.497400
0.454929
0.620077
0.378840
0.152048
0.337594
0.243912
0.256132
0.047859
0.423890
0.245951
0.090146
0.332304
0.265191
0.288789
0.112965
0.477048
0.437686
0.120794
0.082135
0.266424
0.194361
0.356775
0.435511
0.138247
0.206670
0.169920
0.239105
0.409670
0.156229
0.384964
0.018879
0.180916
0.300366
0.199203
0.301955
0.116652
0.030452
0.390517
0.290362
0.189993
0.336635
0.055768
0.138837
0.165754
0.101599
0.331415
0.233578
0.420328
0.469954
0.509027
0.373043
0.160160
0.388558
0.362602
0.208160
0.109226
0.518537
0.207859
0.098860
0.377357
0.301970
0.361469
0.186548
0.555927
0.456448
0.068510
0.026017
0.268988
0.285486
0.411794
0.476481
0.093515
0.255130
0.138709
0.108409
0.297795
0.107716
0.398116
0.065890
0.264080
0.341594
0.188089
0.279467
0.090837
0.065793
0.336862
0.251957
0.257347
0.281003
0.170046
0.177821
0.296187
0.144876
0.193782
0.278037
0.342332
0.492559
0.386471
0.311064
0.236225
0.359669
0.333421
0.213723
0.149336
0.494642
0.265063
0.101476
0.395204
0.230460
0.365066
0.196558
0.658162
0.235142
0.076014
0.080637
0.176478
0.296076
0.446386
0.542634
0.171370
0.210672
0.127385
0.081191
0.310291
0.132651
0.388065
0.099643
0.350405
0.319833
0.336638
0.276981
0.109897
0.113936
0.251358
0.300631
0.130269
0.407542
0.259044
0.235246
0.310764
0.268793
0.076289
0.192203
0.365381
0.421986
0.358536
0.368844
0.343808
0.352061
0.304259
0.370794
0.202362
0.522503
0.399584
0.097915
0.321079
0.150833
0.348909
0.188147
0.714937
0.086036
0.105981
0.208997
0.105838
0.225920
0.381515
0.507273
0.224888
0.088920
0.291133
0.118603
0.423892
0.225486
0.499568
0.112411
0.399263
0.175838
0.547572
0.206118
0.155150
0.164072
0.274352
0.417467
0.053125
0.473259
0.267859
0.212290
0.360250
0.255889
0.132164
0.099557
0.480627
0.284438
0.427860
0.468684
0.403212
0.349120
0.334069
0.414278
0.289848
0.625196
0.506387
0.184411
0.260889
0.140425
0.486163
0.206752
0.641155
0.068410
0.100860
0.300289
0.117139
0.165574
0.285943
0.441150
0.307253
0.110149
0.387873
0.095360
0.453699
0.218306
0.487701
0.165374
0.398129
0.160858
0.636307
0.098154
0.171436
0.070041
0.384672
0.394430
0.122886
0.420410
0.349920
0.200659
0.430917
0.133566
0.242519
0.091886
0.443059
0.225761
0.407401
0.404209
0.354034
0.320672
0.414283
0.299055
0.301439
0.691146
0.440015
0.205880
0.167852
0.087766
0.534716
0.267326
0.480959
0.090322
0.129084
0.353341
0.180756
0.171576
0.354101
0.455146
0.353351
0.131423
0.384005
0.106022
0.381736
0.116626
0.291518
0.225702
0.418677
0.190545
0.602033
0.069701
0.241972
0.129221
0.488075
0.263765
0.217489
0.393831
0.348490
0.270640
0.494409
0.088416
0.284416
0.163968
0.384692
0.304562
0.308349
