# G_2, p = 0.0000 GPa (dir_0.0_bar).
# Isolated-8MR (not in any D8R): 48 rings x 101 frames = 4848 samples.
# Column: per-isolated-8MR Delta [A]
0.021038
0.020992
0.021039
0.020991
0.021039
0.020995
0.021034
0.021001
0.021029
0.020995
0.021030
0.021001
0.021030
0.020991
0.021025
0.020991
0.021004
0.021014
0.021003
0.021021
0.021003
0.020996
0.021006
0.020986
0.021030
0.021001
0.021018
0.020995
0.021005
0.020995
0.021016
0.021004
0.020992
0.020999
0.021001
0.020995
0.021017
0.021003
0.021025
0.020996
0.020992
0.021002
0.021002
0.021002
0.021017
0.021003
0.021015
0.021003
0.110686
0.093792
0.109249
0.105438
0.102248
0.074280
0.124473
0.107882
0.060424
0.096522
0.041785
0.156683
0.045718
0.048138
0.128322
0.192878
0.180508
0.087395
0.145396
0.108668
0.050571
0.133884
0.144955
0.099252
0.131374
0.058107
0.222433
0.158393
0.113714
0.098682
0.094484
0.097176
0.101638
0.099260
0.109940
0.130814
0.077163
0.072496
0.044997
0.129432
0.191417
0.074297
0.133124
0.043263
0.124323
0.007716
0.017949
0.129189
0.138338
0.132021
0.226577
0.189387
0.124196
0.076400
0.304467
0.133516
0.067310
0.167881
0.080297
0.312381
0.167775
0.093947
0.137719
0.112432
0.136900
0.221313
0.207517
0.223281
0.149114
0.166892
0.220559
0.156654
0.300504
0.095027
0.387045
0.321597
0.290304
0.198630
0.268931
0.225611
0.141023
0.025766
0.245491
0.204437
0.221391
0.058862
0.021974
0.070516
0.217712
0.152845
0.100247
0.065587
0.187374
0.125771
0.070734
0.194752
0.150008
0.121118
0.277181
0.194397
0.071617
0.031375
0.341183
0.194642
0.134295
0.215807
0.045041
0.334204
0.346375
0.043346
0.145837
0.139934
0.081000
0.164377
0.213487
0.268230
0.259638
0.177229
0.336751
0.125206
0.359174
0.146549
0.310095
0.425823
0.353401
0.343911
0.418829
0.194712
0.199777
0.011869
0.256858
0.228196
0.265447
0.082835
0.090819
0.068343
0.120013
0.220279
0.067917
0.058906
0.238866
0.208051
0.101109
0.133135
0.241579
0.138756
0.277239
0.177753
0.199015
0.048941
0.295764
0.236215
0.212059
0.230773
0.133490
0.378738
0.362443
0.159001
0.251407
0.145161
0.055804
0.053607
0.208181
0.178347
0.310711
0.186864
0.421178
0.244979
0.205386
0.141353
0.250941
0.480370
0.393813
0.372946
0.477381
0.124420
0.163390
0.104201
0.152526
0.128054
0.278805
0.034572
0.109189
0.136614
0.014580
0.279004
0.134426
0.038629
0.375432
0.226081
0.150456
0.074173
0.350030
0.104785
0.249848
0.161557
0.325564
0.107571
0.305992
0.268042
0.290485
0.295066
0.261738
0.503894
0.370833
0.218723
0.387337
0.111396
0.218115
0.207263
0.203973
0.198748
0.136840
0.166957
0.419662
0.259071
0.075776
0.112102
0.283201
0.518680
0.326018
0.323577
0.338801
0.060519
0.100320
0.179881
0.083554
0.060871
0.339461
0.006210
0.107555
0.200554
0.058256
0.249202
0.135043
0.094253
0.597974
0.280410
0.198058
0.072230
0.370988
0.043774
0.294717
0.111691
0.489647
0.133214
0.319289
0.259498
0.372242
0.280010
0.265266
0.597315
0.495814
0.179526
0.413069
0.167040
0.377376
0.259506
0.133252
0.408747
0.190177
0.220179
0.321840
0.196196
0.179725
0.067422
0.274054
0.509697
0.179296
0.316440
0.160847
0.134614
0.196437
0.187492
0.158071
0.114767
0.366608
0.092761
0.099454
0.190705
0.029533
0.146771
0.062618
0.164808
0.731327
0.270420
0.254526
0.098622
0.333233
0.143951
0.285987
0.165484
0.585145
0.115437
0.318183
0.175438
0.331689
0.246829
0.208115
0.637467
0.573351
0.151038
0.356815
0.392458
0.363278
0.282708
0.115843
0.476812
0.285181
0.286849
0.352252
0.175263
0.303620
0.096227
0.285733
0.443132
0.093546
0.397408
0.118603
0.138241
0.204926
0.153692
0.206695
0.270055
0.448796
0.177915
0.108709
0.158421
0.110295
0.032380
0.056764
0.240409
0.728481
0.244978
0.276855
0.126274
0.267145
0.201547
0.191546
0.300144
0.504245
0.008256
0.316173
0.083014
0.214106
0.305908
0.330289
0.597088
0.506939
0.193011
0.351005
0.556736
0.305618
0.252672
0.088986
0.354360
0.265322
0.239653
0.357820
0.136639
0.226059
0.174361
0.217579
0.314620
0.102698
0.342949
0.149820
0.066224
0.181126
0.147768
0.210493
0.289543
0.385901
0.356538
0.152962
0.087172
0.234200
0.028159
0.236147
0.175447
0.654628
0.186310
0.358358
0.262289
0.256978
0.172012
0.082689
0.371484
0.303862
0.129907
0.261632
0.047379
0.194119
0.428422
0.446664
0.516742
0.421974
0.229521
0.343422
0.576682
0.262991
0.351051
0.027525
0.199631
0.123398
0.207971
0.241201
0.077195
0.069684
0.121079
0.141247
0.260758
0.108511
0.176490
0.091912
0.034897
0.194048
0.168761
0.153642
0.244183
0.237262
0.490235
0.176001
0.106527
0.224912
0.051970
0.296476
0.233243
0.426133
0.175725
0.398636
0.250455
0.220754
0.223379
0.169668
0.322188
0.294585
0.224158
0.206717
0.142295
0.168039
0.451052
0.545258
0.360912
0.438060
0.167159
0.334563
0.569102
0.252115
0.414937
0.097152
0.216207
0.063562
0.367907
0.152468
0.101265
0.028301
0.141180
0.095509
0.243377
0.076453
0.208568
0.075369
0.014472
0.273944
0.185916
0.118715
0.236170
0.052736
0.468119
0.186310
0.213073
0.195643
0.056692
0.146018
0.200165
0.228092
0.131141
0.237564
0.267326
0.165299
0.185844
0.151200
0.262941
0.245429
0.210068
0.277783
0.240439
0.184535
0.314660
0.610371
0.181517
0.512259
0.189973
0.209276
0.530065
0.117370
0.335166
0.019504
0.153952
0.044274
0.407681
0.074467
0.029982
0.086914
0.100950
0.128081
0.240365
0.153831
0.176565
0.195896
0.029223
0.300710
0.162709
0.153799
0.281582
0.216254
0.292185
0.215476
0.226978
0.241687
0.068542
0.101291
0.216644
0.198349
0.113372
0.153116
0.233728
0.117503
0.190079
0.079187
0.225314
0.080556
0.125767
0.255209
0.362500
0.265041
0.182410
0.621152
0.294195
0.378052
0.180881
0.089248
0.424649
0.073247
0.225354
0.166101
0.165241
0.072117
0.400363
0.161066
0.040926
0.160157
0.111992
0.115595
0.178945
0.179742
0.269694
0.066280
0.075410
0.151951
0.112007
0.150258
0.233841
0.242630
0.158235
0.225915
0.095308
0.250166
0.053573
0.153707
0.215898
0.224364
0.115286
0.059933
0.171456
0.085486
0.125111
0.096773
0.151527
0.155042
0.140033
0.198147
0.433802
0.158273
0.188067
0.392343
0.174723
0.130459
0.099312
0.075425
0.228341
0.119857
0.095468
0.252732
0.221545
0.045679
0.377054
0.224333
0.040087
0.202615
0.182338
0.133048
0.137685
0.114802
0.246462
0.025173
0.149479
0.079135
0.075728
0.229652
0.113945
0.152040
0.162761
0.363002
0.195465
0.226215
0.149187
0.111293
0.103335
0.077982
0.141065
0.015919
0.327592
0.115497
0.071706
0.078285
0.111541
0.213500
0.152600
0.315176
0.393349
0.085524
0.137580
0.125329
0.070230
0.143923
0.030705
0.033453
0.138194
0.180196
0.012890
0.292146
0.217180
0.158028
0.298587
0.286643
0.130398
0.227031
0.291030
0.146474
0.129323
0.138553
0.193372
0.080779
0.228824
0.113345
0.163430
0.173838
0.078921
0.121345
0.189992
0.428107
0.132527
0.199940
0.217036
0.123783
0.097415
0.128969
0.094636
0.085575
0.323059
0.161075
0.115370
0.107168
0.144136
0.245714
0.128645
0.339299
0.224152
0.183669
0.134636
0.133929
0.079979
0.211823
0.082169
0.040626
0.095637
0.251994
0.051411
0.241354
0.227846
0.177371
0.163252
0.203597
0.211162
0.281602
0.212970
0.102414
0.045564
0.171712
0.136932
0.237071
0.204020
0.156710
0.200376
0.161699
0.117187
0.177710
0.087243
0.400850
0.059413
0.169264
0.198866
0.136597
0.218027
0.179768
0.183188
0.093809
0.214069
0.350160
0.155732
0.130138
0.200364
0.328246
0.174813
0.275786
0.129438
0.168169
0.180683
0.245459
0.217556
0.297003
0.243600
0.117320
0.058386
0.218506
0.209286
0.236326
0.309427
0.143993
0.188330
0.121484
0.164607
0.305761
0.143443
0.100543
0.135860
0.108469
0.062490
0.373056
0.210291
0.129368
0.188662
0.203863
0.078401
0.144081
0.051621
0.307604
0.100609
0.177796
0.223378
0.106099
0.159300
0.269752
0.161455
0.210487
0.322380
0.481823
0.114608
0.090999
0.231913
0.371805
0.208357
0.203610
0.289293
0.209254
0.199920
0.313172
0.356216
0.461539
0.350345
0.197710
0.064150
0.074758
0.338718
0.229513
0.339471
0.140802
0.130505
0.043100
0.212932
0.176204
0.116544
0.095213
0.139467
0.030036
0.085007
0.251595
0.327066
0.066371
0.102426
0.287106
0.088249
0.083272
0.066398
0.218095
0.176899
0.096913
0.204602
0.126419
0.199040
0.286081
0.182218
0.297736
0.328526
0.432544
0.118332
0.109866
0.153721
0.325478
0.174124
0.210612
0.429649
0.247749
0.305249
0.235617
0.384419
0.619392
0.366568
0.198577
0.247686
0.195831
0.301580
0.237785
0.236184
0.111625
0.033696
0.053719
0.232599
0.227429
0.158923
0.222412
0.142496
0.074886
0.111838
0.094731
0.405464
0.082070
0.056010
0.336505
0.011084
0.124192
0.093907
0.160176
0.131179
0.213076
0.188346
0.098015
0.362312
0.290089
0.243006
0.213523
0.264547
0.315619
0.146686
0.069106
0.159769
0.201365
0.184691
0.178588
0.395847
0.223849
0.336079
0.192044
0.346325
0.744657
0.351077
0.204660
0.344898
0.275980
0.141572
0.310536
0.157473
0.106028
0.152509
0.102405
0.215950
0.127720
0.027199
0.309888
0.152621
0.128277
0.176820
0.063603
0.333241
0.125081
0.154209
0.245428
0.157757
0.100286
0.196280
0.139813
0.153502
0.243104
0.368744
0.037299
0.387790
0.360506
0.254915
0.346796
0.253860
0.214741
0.233486
0.061631
0.103201
0.132334
0.195891
0.095346
0.195386
0.152199
0.292354
0.217391
0.342606
0.836285
0.299989
0.333228
0.405806
0.267296
0.105013
0.275750
0.196841
0.112763
0.287213
0.061570
0.196722
0.247378
0.162286
0.276988
0.134680
0.145293
0.247469
0.120287
0.372414
0.196304
0.309307
0.127133
0.222560
0.038978
0.230072
0.093128
0.258543
0.203563
0.420063
0.131916
0.275238
0.293194
0.235126
0.480007
0.198256
0.138300
0.194155
0.147396
0.082210
0.184107
0.154326
0.105960
0.143030
0.090254
0.214739
0.281698
0.394345
0.705114
0.317816
0.440166
0.319692
0.127266
0.101303
0.206523
0.363564
0.224622
0.291413
0.112574
0.186276
0.261154
0.071412
0.232625
0.181451
0.274447
0.316424
0.075986
0.400259
0.215859
0.380057
0.131860
0.316868
0.053730
0.309577
0.152009
0.318667
0.263507
0.315149
0.136287
0.328815
0.287184
0.203704
0.546128
0.190783
0.108624
0.144095
0.192235
0.098305
0.124468
0.096397
0.062316
0.197698
0.164761
0.239171
0.089171
0.445766
0.468732
0.343912
0.417747
0.253457
0.129176
0.054879
0.182150
0.418199
0.252437
0.312431
0.178854
0.188601
0.210144
0.103690
0.212820
0.206394
0.228987
0.334507
0.061657
0.416927
0.222941
0.297962
0.194266
0.202314
0.241345
0.298514
0.183171
0.212378
0.271065
0.198032
0.132793
0.222719
0.299208
0.199187
0.546347
0.158342
0.114742
0.179505
0.235587
0.091295
0.158996
0.148939
0.122370
0.280698
0.138164
0.280210
0.118866
0.402935
0.236298
0.304440
0.362587
0.253775
0.094905
0.058133
0.162275
0.318034
0.186821
0.256963
0.177197
0.198355
0.142102
0.212489
0.162448
0.246239
0.179701
0.307395
0.103317
0.371837
0.241959
0.242556
0.154413
0.106711
0.360720
0.248785
0.251513
0.108288
0.209320
0.255423
0.127467
0.229451
0.268398
0.167058
0.436999
0.113784
0.102907
0.184765
0.258916
0.131473
0.208818
0.161532
0.157583
0.342843
0.179408
0.226672
0.098066
0.350685
0.151765
0.161918
0.305997
0.256523
0.036938
0.128295
0.088332
0.234972
0.151956
0.147488
0.151038
0.274161
0.091720
0.217870
0.292687
0.313328
0.239927
0.250878
0.179592
0.292173
0.250568
0.188734
0.173241
0.118946
0.327816
0.193621
0.267441
0.106051
0.154497
0.233061
0.214386
0.239932
0.246371
0.072424
0.309604
0.084069
0.207297
0.103112
0.230780
0.134029
0.231567
0.100313
0.161161
0.408756
0.168896
0.295001
0.092287
0.287645
0.180452
0.105750
0.226218
0.232079
0.245253
0.075668
0.188898
0.262531
0.145131
0.082954
0.199817
0.281784
0.033077
0.123807
0.300587
0.277947
0.173865
0.239418
0.310291
0.273946
0.272446
0.162673
0.181884
0.226343
0.278054
0.182693
0.192327
0.133806
0.134886
0.149796
0.306585
0.280513
0.173974
0.110735
0.267373
0.060777
0.289799
0.121963
0.185640
0.183682
0.230978
0.118030
0.095711
0.463715
0.165395
0.370532
0.035874
0.282724
0.149469
0.121679
0.081935
0.234863
0.332177
0.075386
0.242839
0.160302
0.085059
0.120225
0.289792
0.124104
0.041480
0.141548
0.346940
0.180387
0.080662
0.241821
0.315646
0.207164
0.248266
0.133312
0.154107
0.167044
0.279501
0.157533
0.148317
0.221446
0.163374
0.105202
0.309568
0.259712
0.240997
0.180240
0.233819
0.124760
0.246996
0.199659
0.134859
0.263460
0.312229
0.096797
0.217631
0.484820
0.164473
0.304426
0.126099
0.338530
0.087286
0.189311
0.194565
0.241321
0.329232
0.137821
0.239551
0.088359
0.083555
0.141914
0.265431
0.097858
0.086782
0.075899
0.377159
0.115307
0.220261
0.231011
0.246678
0.265672
0.205638
0.149782
0.161099
0.083581
0.293883
0.128854
0.222521
0.296214
0.082892
0.076493
0.203845
0.336605
0.263747
0.356845
0.170237
0.023320
0.111622
0.171016
0.093495
0.220521
0.419366
0.041842
0.315359
0.319612
0.161163
0.142569
0.154992
0.314099
0.166793
0.274737
0.262076
0.184849
0.320500
0.193344
0.311019
0.313429
0.087196
0.167858
0.183089
0.227862
0.129508
0.104710
0.356695
0.088579
0.213546
0.259979
0.183413
0.358882
0.185661
0.087368
0.181423
0.282535
0.244807
0.137163
0.234866
0.293084
0.062926
0.053832
0.179223
0.294580
0.226596
0.301805
0.314203
0.280989
0.138176
0.127378
0.015657
0.133278
0.339110
0.052058
0.334977
0.140521
0.232630
0.059003
0.109862
0.153355
0.254321
0.291290
0.291582
0.072859
0.325453
0.167193
0.288993
0.381610
0.062421
0.078636
0.099431
0.193935
0.089047
0.101273
0.218297
0.054248
0.313374
0.251426
0.133332
0.271137
0.204356
0.015934
0.149373
0.378259
0.207698
0.278625
0.153453
0.239751
0.119010
0.160443
0.177547
0.225816
0.090642
0.181438
0.443124
0.503209
0.267136
0.188280
0.052433
0.076665
0.266216
0.111224
0.289271
0.051543
0.290305
0.198273
0.061471
0.056192
0.313504
0.319013
0.359896
0.109499
0.326223
0.101126
0.286733
0.383862
0.042014
0.055611
0.075347
0.131308
0.033719
0.125546
0.272675
0.007436
0.392089
0.200275
0.101082
0.223900
0.146671
0.055439
0.109629
0.237741
0.240384
0.253180
0.067713
0.238418
0.183890
0.135602
0.149452
0.194113
0.068024
0.180931
0.503897
0.509925
0.336221
0.186943
0.086853
0.081220
0.328117
0.098851
0.138368
0.045403
0.305085
0.330436
0.049049
0.088985
0.372204
0.373234
0.387131
0.113906
0.227992
0.093696
0.356974
0.407510
0.068658
0.085980
0.116471
0.137977
0.049417
0.245824
0.272601
0.069751
0.274908
0.231331
0.104145
0.260728
0.064961
0.160861
0.151779
0.262591
0.199067
0.291137
0.156713
0.267506
0.193028
0.047775
0.064343
0.099562
0.095178
0.219286
0.541878
0.452846
0.286673
0.130219
0.071063
0.177827
0.370836
0.039599
0.074888
0.043635
0.244851
0.396875
0.020050
0.050127
0.511627
0.472628
0.311576
0.068570
0.120481
0.144832
0.338163
0.415053
0.307279
0.100816
0.021582
0.204091
0.095402
0.318041
0.111840
0.126100
0.120039
0.199828
0.164198
0.223181
0.082901
0.227475
0.144202
0.268449
0.250647
0.302910
0.232491
0.216276
0.096713
0.110616
0.055434
0.204096
0.139799
0.135978
0.585116
0.424450
0.213863
0.134370
0.086479
0.141757
0.247897
0.082709
0.039817
0.027231
0.078283
0.269789
0.091593
0.030056
0.617047
0.473022
0.277830
0.117770
0.135267
0.190666
0.155368
0.430839
0.438600
0.008822
0.077032
0.281065
0.122453
0.206986
0.171503
0.234221
0.173244
0.154414
0.219017
0.209318
0.032364
0.222415
0.026943
0.221979
0.250730
0.313244
0.181109
0.057225
0.053216
0.091546
0.197235
0.288038
0.151751
0.005007
0.491461
0.386136
0.186347
0.164129
0.137574
0.057509
0.055266
0.091026
0.153823
0.009903
0.189987
0.213091
0.217495
0.100706
0.662074
0.411689
0.379831
0.154076
0.171788
0.209061
0.056876
0.432959
0.380140
0.033053
0.140403
0.210572
0.036867
0.100289
0.323115
0.279201
0.167413
0.229053
0.269800
0.362161
0.081239
0.124774
0.107862
0.072551
0.308594
0.245746
0.110037
0.120242
0.124556
0.095315
0.263762
0.234162
0.129270
0.104466
0.321860
0.305327
0.149618
0.226625
0.135182
0.006404
0.193014
0.153535
0.115844
0.059206
0.310024
0.198211
0.200619
0.164647
0.571421
0.388068
0.465653
0.204413
0.213662
0.196171
0.019284
0.408286
0.287377
0.129503
0.156499
0.104715
0.117320
0.082279
0.344823
0.203750
0.159752
0.313067
0.255238
0.350968
0.126305
0.053401
0.150339
0.052998
0.472424
0.102595
0.202596
0.271021
0.128705
0.181586
0.175850
0.098410
0.175488
0.163237
0.232658
0.170017
0.184282
0.182202
0.170643
0.031939
0.286288
0.071382
0.197627
0.145564
0.212300
0.217636
0.105258
0.269181
0.474435
0.380165
0.345547
0.286422
0.169912
0.109076
0.120793
0.265697
0.180112
0.160308
0.111726
0.122685
0.118450
0.189128
0.260765
0.091293
0.267271
0.360034
0.315923
0.245694
0.171680
0.070324
0.205711
0.013470
0.407392
0.044635
0.199062
0.380022
0.197764
0.217066
0.077093
0.267899
0.144830
0.189142
0.294886
0.071651
0.204665
0.119014
0.163511
0.109377
0.273566
0.110534
0.316960
0.184674
0.147334
0.232202
0.156111
0.428831
0.435998
0.354190
0.088813
0.321613
0.093843
0.131102
0.395507
0.067088
0.189300
0.153972
0.084106
0.089896
0.022502
0.271273
0.252457
0.179054
0.344621
0.366091
0.394919
0.190843
0.203629
0.146597
0.184075
0.140362
0.252773
0.062280
0.184222
0.477752
0.218690
0.152565
0.196530
0.276040
0.135522
0.266530
0.367266
0.069299
0.066691
0.121713
0.196060
0.116194
0.193764
0.064459
0.312347
0.168334
0.159711
0.202215
0.174685
0.489966
0.431024
0.318597
0.160210
0.230762
0.215475
0.108896
0.451057
0.098057
0.014215
0.151824
0.073089
0.022957
0.110028
0.218639
0.307903
0.291863
0.327108
0.326001
0.373817
0.275088
0.329331
0.136246
0.130086
0.246766
0.176360
0.044166
0.165871
0.495625
0.296397
0.149010
0.196824
0.171929
0.125190
0.392370
0.338888
0.114288
0.174197
0.169373
0.294716
0.096715
0.249986
0.016410
0.260541
0.141242
0.240986
0.080271
0.218810
0.453267
0.336556
0.098889
0.285767
0.098963
0.375045
0.105242
0.368217
0.122057
0.125385
0.192170
0.004004
0.042321
0.100330
0.163445
0.269644
0.365970
0.301329
0.334108
0.324485
0.374085
0.446149
0.060747
0.054753
0.212247
0.071343
0.027498
0.184249
0.476061
0.355936
0.156599
0.138976
0.097533
0.027662
0.367491
0.386777
0.212052
0.162960
0.208302
0.337212
0.028603
0.227543
0.152241
0.093201
0.190677
0.190743
0.067861
0.344548
0.339210
0.174351
0.024899
0.301693
0.063534
0.415829
0.306088
0.374174
0.082462
0.155908
0.203685
0.133823
0.079200
0.071371
0.055571
0.069969
0.299271
0.263829
0.353518
0.417386
0.368116
0.482091
0.166675
0.022181
0.202599
0.162095
0.067791
0.133420
0.344228
0.494099
0.167564
0.144431
0.063336
0.147698
0.291520
0.287957
0.259537
0.058472
0.118375
0.249372
0.040928
0.139684
0.186263
0.092114
0.276409
0.073227
0.201934
0.413083
0.265485
0.074416
0.064980
0.357901
0.166241
0.410675
0.454256
0.391670
0.100338
0.134734
0.193151
0.241115
0.026894
0.111862
0.124706
0.062050
0.155476
0.217598
0.317452
0.421206
0.258152
0.399575
0.089918
0.133843
0.192990
0.232794
0.106127
0.157110
0.219981
0.599145
0.219953
0.105995
0.090029
0.175208
0.216390
0.195627
0.267340
0.131347
0.105715
0.196285
0.061594
0.087634
0.078050
0.149009
0.254758
0.031733
0.134810
0.348098
0.231291
0.090055
0.112232
0.554737
0.133477
0.438904
0.417017
0.341916
0.175015
0.078215
0.215635
0.268889
0.017713
0.192949
0.156172
0.175185
0.149267
0.062190
0.269289
0.307571
0.145968
0.383521
0.054959
0.100262
0.246135
0.208173
0.186190
0.224638
0.166258
0.661243
0.270465
0.173873
0.131115
0.046851
0.205009
0.103242
0.211539
0.265741
0.222651
0.235562
0.065197
0.096465
0.035877
0.303617
0.218125
0.101354
0.062721
0.208116
0.253440
0.056422
0.352286
0.545010
0.116838
0.426099
0.208041
0.217285
0.220388
0.137089
0.259928
0.263771
0.100036
0.226450
0.256125
0.143281
0.133482
0.106583
0.257168
0.216215
0.204915
0.350318
0.086574
0.128140
0.207327
0.199071
0.180106
0.207491
0.213611
0.556455
0.078296
0.197959
0.155310
0.079624
0.192848
0.016659
0.200076
0.336995
0.267772
0.387454
0.085294
0.092745
0.070588
0.370872
0.230770
0.209100
0.103401
0.126380
0.242871
0.106477
0.372403
0.560071
0.112616
0.362260
0.090124
0.202964
0.183690
0.119261
0.170002
0.162591
0.076050
0.240051
0.347243
0.045761
0.040372
0.093311
0.364438
0.159683
0.067416
0.212228
0.090974
0.182892
0.205799
0.235003
0.190291
0.137622
0.182664
0.346659
0.063702
0.170029
0.225636
0.089723
0.282794
0.076214
0.235930
0.245726
0.315883
0.352942
0.070303
0.216612
0.120674
0.260153
0.222576
0.183724
0.201184
0.114602
0.222406
0.204488
0.213805
0.639703
0.091381
0.297093
0.136073
0.129872
0.108820
0.128460
0.117490
0.063894
0.129290
0.240351
0.361612
0.015407
0.062860
0.109598
0.304159
0.085443
0.094705
0.158343
0.044859
0.240114
0.164555
0.191551
0.120544
0.129099
0.095364
0.169949
0.057633
0.120437
0.239834
0.212282
0.215135
0.228150
0.201470
0.249495
0.299236
0.128527
0.181348
0.278586
0.236649
0.240004
0.158819
0.094258
0.168992
0.129621
0.215905
0.262355
0.157887
0.579813
0.065049
0.267641
0.327019
0.059637
0.010019
0.035165
0.042970
0.193974
0.194673
0.285775
0.280508
0.055147
0.097904
0.146839
0.318449
0.110100
0.044182
0.171457
0.140893
0.309219
0.110249
0.127209
0.048868
0.178924
0.036338
0.167651
0.080356
0.121932
0.260976
0.214041
0.155570
0.402595
0.144898
0.161606
0.198766
0.040385
0.094751
0.224631
0.307252
0.318374
0.050608
0.004723
0.159674
0.141074
0.174679
0.308790
0.200631
0.390015
0.104571
0.252078
0.345933
0.217283
0.089735
0.108024
0.168993
0.264615
0.158765
0.365004
0.206227
0.181835
0.179647
0.093634
0.322901
0.238459
0.055017
0.185294
0.115405
0.298576
0.140347
0.076005
0.229657
0.155713
0.063353
0.058447
0.176661
0.223854
0.294121
0.109136
0.164424
0.436650
0.240201
0.038603
0.119509
0.060347
0.094799
0.134968
0.448994
0.319631
0.122717
0.023219
0.221653
0.172922
0.201587
0.271153
0.293715
0.260981
0.213591
0.172718
0.240511
0.323724
0.151786
0.141431
0.232057
0.366306
0.163413
0.446636
0.132106
0.165472
0.243506
0.036755
0.350851
0.143969
0.165236
0.226487
0.077717
0.227613
0.129647
0.052396
0.273702
0.159999
0.118173
0.086720
0.192226
0.255364
0.297640
0.058794
0.218348
0.336889
0.203312
0.127942
0.117481
0.149939
0.202777
0.197995
0.368903
0.124687
0.120731
0.095839
0.256059
0.198229
0.180904
0.163113
0.272094
0.247781
0.259034
0.127178
0.202452
0.456604
0.228213
0.064547
0.224286
0.457201
0.116708
0.399161
0.137359
0.167335
0.238568
0.053351
0.395598
0.164924
0.238881
0.159320
0.085807
0.118521
0.129415
0.024064
0.224187
0.224859
0.111386
0.175276
0.175578
0.281779
0.274525
0.069853
0.183939
0.236524
0.109681
0.175417
0.144893
0.208625
0.179996
0.237592
0.261020
0.034597
0.139711
0.112354
0.293399
0.160366
0.095313
0.125100
0.161687
0.192931
0.229831
0.176280
0.205983
0.494536
0.058819
0.128162
0.297416
0.471944
0.058588
0.304921
0.151399
0.223670
0.133721
0.118515
0.393576
0.267493
0.235232
0.051556
0.092196
0.072757
0.126988
0.071175
0.255252
0.279825
0.126604
0.188118
0.184535
0.355387
0.266155
0.087759
0.189992
0.277145
0.012915
0.210168
0.144752
0.227289
0.157480
0.199534
0.272675
0.154232
0.109604
0.143480
0.378574
0.100940
0.229872
0.165580
0.058447
0.190408
0.167392
0.125809
0.177034
0.519898
0.109844
0.160238
0.273903
0.387483
0.132640
0.305553
0.123201
0.267655
0.049880
0.102488
0.191392
0.317885
0.296591
0.052158
0.106459
0.060012
0.216007
0.014886
0.229621
0.362959
0.155704
0.179664
0.238931
0.442791
0.278850
0.088806
0.275302
0.430114
0.067643
0.304236
0.162096
0.249063
0.112340
0.204718
0.228399
0.327421
0.071471
0.231307
0.418424
0.137784
0.178771
0.138957
0.110952
0.215649
0.128804
0.220018
0.099481
0.505475
0.186756
0.215128
0.120004
0.292876
0.075521
0.336245
0.093057
0.211229
0.027587
0.097086
0.056064
0.286435
0.355168
0.092068
0.238102
0.079297
0.206918
0.203327
0.176857
0.347249
0.068910
0.204112
0.094636
0.444073
0.196649
0.100379
0.335775
0.419920
0.130563
0.303217
0.191522
0.226428
0.101575
0.257714
0.086657
0.393173
0.096773
0.285526
0.405651
0.160979
0.149908
0.293429
0.208921
0.222706
0.113161
0.286173
0.116852
0.497417
0.165971
0.257814
0.060039
0.300135
0.084480
0.322048
0.079005
0.143948
0.029165
0.069104
0.087821
0.189065
0.361733
0.065086
0.300498
0.149502
0.274560
0.294796
0.128179
0.365076
0.142074
0.117994
0.166070
0.342478
0.090125
0.108180
0.317903
0.189474
0.161840
0.269982
0.291369
0.182539
0.117021
0.278871
0.128890
0.369128
0.151696
0.243869
0.342830
0.279528
0.364148
0.340036
0.160199
0.211360
0.040542
0.246429
0.060747
0.391256
0.128561
0.212476
0.181439
0.198492
0.049571
0.215173
0.154360
0.136106
0.077969
0.062161
0.140708
0.125488
0.241789
0.072767
0.237836
0.280762
0.306274
0.181246
0.140155
0.177244
0.238856
0.018392
0.183311
0.259229
0.175042
0.071769
0.381594
0.084055
0.194379
0.190200
0.313239
0.158728
0.102548
0.140478
0.206095
0.317646
0.151122
0.133897
0.183338
0.330716
0.444577
0.323553
0.068398
0.253487
0.201899
0.228677
0.178715
0.270868
0.158003
0.163161
0.154012
0.143455
0.149903
0.083280
0.268519
0.130847
0.058316
0.152268
0.194862
0.183652
0.142187
0.195706
0.124172
0.413605
0.215512
0.090366
0.171469
0.116516
0.170927
0.154184
0.277812
0.244712
0.256008
0.052962
0.376787
0.171939
0.295630
0.109205
0.265581
0.230273
0.067261
0.065070
0.241266
0.396315
0.205581
0.184223
0.052261
0.318843
0.403670
0.136571
0.089646
0.328176
0.263300
0.226150
0.343983
0.221229
0.221166
0.142618
0.212215
0.126159
0.088327
0.100173
0.279415
0.118248
0.087891
0.235181
0.263468
0.150425
0.018449
0.346947
0.073987
0.390884
0.060374
0.058071
0.077141
0.146639
0.097955
0.192363
0.359481
0.164414
0.279121
0.101134
0.290907
0.134160
0.419289
0.103309
0.288176
0.288268
0.031124
0.068966
0.131024
0.298956
0.253384
0.220096
0.076966
0.386520
0.232689
0.074533
0.128204
0.311890
0.259020
0.257917
0.421464
0.097631
0.166789
0.101596
0.299208
0.219360
0.039980
0.276245
0.245132
0.277023
0.140301
0.088676
0.284732
0.218389
0.159384
0.406254
0.049309
0.213720
0.035332
0.107909
0.057647
0.190581
0.127361
0.148173
0.367954
0.037814
0.133318
0.111328
0.203889
0.026806
0.429821
0.226381
0.220645
0.169416
0.085842
0.117339
0.131291
0.086389
0.202579
0.190155
0.100668
0.203032
0.173623
0.118463
0.087726
0.214367
0.258706
0.284183
0.366846
0.031795
0.153375
0.097133
0.287312
0.345350
0.114784
0.342584
0.295026
0.367449
0.210119
0.072059
0.204186
0.118588
0.319623
0.383579
0.130859
0.088204
0.097897
0.174414
0.127587
0.298876
0.200955
0.148928
0.247234
0.110281
0.107236
0.107701
0.041452
0.111084
0.354713
0.222410
0.219176
0.017680
0.089715
0.137520
0.104420
0.076500
0.102099
0.210960
0.015531
0.125351
0.289113
0.144206
0.120786
0.170608
0.261537
0.212617
0.388336
0.094606
0.117520
0.137209
0.155671
0.496382
0.159522
0.340032
0.368292
0.345620
0.227927
0.077198
0.207066
0.081553
0.394967
0.318615
0.190842
0.047476
0.097689
0.079542
0.054883
0.376872
0.174953
0.127765
0.122091
0.143982
0.243370
0.100318
0.085124
0.137647
0.178329
0.286074
0.128877
0.146209
0.103985
0.190969
0.149542
0.115033
0.125451
0.193097
0.176732
0.207112
0.345239
0.124028
0.141121
0.160167
0.240173
0.101026
0.451396
0.234019
0.148882
0.142559
0.096878
0.503599
0.240191
0.299315
0.402838
0.269261
0.160080
0.212036
0.282074
0.115652
0.377788
0.300526
0.252367
0.070743
0.017017
0.044257
0.014937
0.363392
0.206157
0.128756
0.128148
0.126910
0.449871
0.038004
0.032302
0.245836
0.118116
0.325071
0.242449
0.204614
0.131173
0.277569
0.266431
0.185373
0.204906
0.110559
0.329782
0.260630
0.278798
0.148122
0.146811
0.138246
0.184123
0.146872
0.414595
0.358920
0.105514
0.120909
0.145655
0.466453
0.246513
0.226382
0.399403
0.264704
0.075147
0.272110
0.254498
0.058762
0.295530
0.199869
0.381569
0.059099
0.027979
0.048200
0.098532
0.304342
0.367816
0.182146
0.177120
0.235448
0.488396
0.008250
0.140355
0.237438
0.102897
0.357580
0.325369
0.218092
0.146686
0.184589
0.323237
0.206458
0.207462
0.035173
0.342808
0.240948
0.178361
0.170191
0.114249
0.118375
0.089408
0.079629
0.238371
0.441377
0.139955
0.101111
0.180358
0.343438
0.140401
0.205367
0.315665
0.281222
0.020338
0.259357
0.210411
0.110767
0.234229
0.128055
0.538029
0.227848
0.105137
0.025269
0.118297
0.299686
0.414515
0.227087
0.213707
0.294761
0.348241
0.008051
0.290659
0.137165
0.202594
0.249428
0.409228
0.232066
0.144917
0.141804
0.239070
0.220581
0.169844
0.103326
0.310291
0.139374
0.156695
0.188666
0.126857
0.106818
0.044759
0.122726
0.075450
0.455531
0.048155
0.049660
0.139635
0.237345
0.187416
0.229184
0.178291
0.172577
0.077045
0.192891
0.196485
0.163918
0.141952
0.175174
0.613945
0.254013
0.256960
0.051783
0.080691
0.228635
0.299878
0.228001
0.296746
0.282222
0.303114
0.095019
0.339614
0.115480
0.308737
0.192363
0.419220
0.229461
0.152178
0.099028
0.168451
0.215700
0.185050
0.096823
0.358194
0.240838
0.142693
0.214397
0.087299
0.093220
0.197552
0.254007
0.115154
0.410486
0.220244
0.065651
0.200334
0.211799
0.177516
0.280394
0.039110
0.053292
0.184302
0.242138
0.194632
0.096351
0.164323
0.130103
0.559112
0.152387
0.181907
0.088424
0.079196
0.135592
0.216925
0.195874
0.309632
0.372155
0.410872
0.077851
0.397328
0.139069
0.271075
0.196663
0.335221
0.143362
0.064183
0.074828
0.184249
0.311842
0.253047
0.026044
0.510638
0.274519
0.118189
0.201556
0.166816
0.017038
0.280031
0.255885
0.113094
0.441152
0.223189
0.102478
0.110625
0.218464
0.159026
0.297147
0.049296
0.041211
0.202870
0.226233
0.236331
0.089642
0.142282
0.143435
0.452331
0.222200
0.065821
0.029782
0.142867
0.118098
0.313355
0.190985
0.244767
0.509010
0.372556
0.132452
0.360705
0.084012
0.178818
0.209002
0.312846
0.163127
0.058213
0.279409
0.247580
0.261693
0.309406
0.078904
0.671366
0.213098
0.255212
0.266239
0.224016
0.142425
0.263312
0.168183
0.083761
0.441308
0.244307
0.146097
0.025242
0.198112
0.105323
0.210534
0.131158
0.062411
0.203891
0.121821
0.253017
0.214896
0.187711
0.163445
0.338198
0.408850
0.056703
0.079048
0.319645
0.173856
0.333491
0.107652
0.208041
0.546540
0.271719
0.152755
0.278288
0.206095
0.133261
0.231827
0.262522
0.230375
0.117047
0.311607
0.221939
0.212935
0.263622
0.138195
0.602351
0.122236
0.187146
0.262583
0.219409
0.127991
0.142268
0.169915
0.104310
0.397089
0.476785
0.183494
0.080727
0.085965
0.032768
0.117962
0.225861
0.101326
0.289940
0.078282
0.143903
0.244916
0.253194
0.076920
0.270454
0.545344
0.033308
0.128387
0.407560
0.157967
0.283212
0.051111
0.255238
0.472592
0.177864
0.166196
0.215672
0.285022
0.147975
0.227360
0.123418
0.217373
0.096884
0.324544
0.174770
0.173983
0.240529
0.330592
0.423162
0.149238
0.039875
0.248069
0.287849
0.151193
0.062749
0.305421
0.328125
0.314316
0.509879
0.269946
0.174000
0.027156
0.017324
0.162482
0.328920
0.139349
0.401476
0.055899
0.059665
0.161447
0.326455
0.230331
0.081891
0.520101
0.062462
0.065062
0.328155
0.127223
0.150035
0.079124
0.263345
0.390012
0.133512
0.356499
0.146731
0.293398
0.267475
0.289959
0.019878
0.172895
0.109333
0.354138
0.180394
0.179108
0.232397
0.476839
0.339658
0.042893
0.076781
0.321801
0.327399
0.115370
0.025153
0.337322
0.310072
0.274289
0.319853
0.327287
0.282697
0.099852
0.039079
0.116532
0.349430
0.124561
0.491935
0.114873
0.168755
0.205228
0.363893
0.265469
0.118427
0.400454
0.042872
0.066066
0.205425
0.202284
0.075962
0.067252
0.189006
0.358930
0.126634
0.362450
0.085612
0.178279
0.383622
0.267778
0.104815
0.120619
0.172786
0.311800
0.192557
0.092723
0.226368
0.379715
0.441579
0.201121
0.117137
0.329110
0.308486
0.146985
0.049538
0.290742
0.168019
0.327241
0.331027
0.316286
0.527782
0.073584
0.084692
0.157078
0.316756
0.146257
0.525904
0.112844
0.278235
0.240617
0.369054
0.171227
0.166278
0.339279
0.071621
0.164125
0.121993
0.133024
0.091970
0.085791
0.143194
0.260388
0.175908
0.172903
0.084733
0.180955
0.372953
0.292055
0.139793
0.023813
0.195533
0.250222
0.104218
0.132827
0.100841
0.251206
0.555292
0.169931
0.126583
0.252695
0.228796
0.159324
0.090052
0.276470
0.091033
0.309960
0.329840
0.329025
0.518375
0.067636
0.074406
0.261838
0.171708
0.197648
0.492867
0.059463
0.202924
0.074854
0.392026
0.187429
0.154487
0.373041
0.146178
0.208606
0.083512
0.046465
0.239747
0.081878
0.260125
0.119814
0.179493
0.047086
0.052067
0.249995
0.332108
0.183593
0.129691
0.070730
0.200938
0.271390
0.077701
0.117336
0.082633
0.266992
0.495780
0.156255
0.072686
0.158869
0.070674
0.322250
0.075419
0.238299
0.124977
0.171612
0.394424
0.297142
0.366953
0.105318
0.102961
0.367072
0.095344
0.198467
0.381297
0.098463
0.046801
0.111182
0.323348
0.124347
0.259610
0.434081
0.149098
0.223702
0.096736
0.135339
0.291290
0.095805
0.347959
0.027379
0.130976
0.206086
0.126315
0.154530
0.305434
0.189937
0.219070
0.138439
0.227221
0.324557
0.090523
0.108949
0.168494
0.306194
0.272333
0.270262
0.037374
0.147165
0.116852
0.288358
0.061830
0.125291
0.155390
0.068881
0.352706
0.268311
0.218967
0.218398
0.059060
0.313927
0.057652
0.189479
0.302981
0.136522
0.085053
0.165047
0.260087
0.054213
0.279325
0.440411
0.278736
0.198729
0.122325
0.110943
0.115802
0.124253
0.361608
0.070446
0.234464
0.307127
0.154595
0.087268
0.227119
0.190179
0.331608
0.243386
0.187227
0.286607
0.120664
0.127948
0.203436
0.207610
0.108894
0.357333
0.124079
0.142824
0.249069
0.149525
0.071171
0.048262
0.104867
0.210547
0.215677
0.161732
0.114828
0.211830
0.123070
0.117201
0.122791
0.191766
0.259850
0.226490
0.108955
0.109957
0.278868
0.128938
0.252717
0.250154
0.332084
0.180399
0.133662
0.072868
0.150084
0.211444
0.283063
0.075011
0.296091
0.371207
0.117521
0.042683
0.169269
0.191677
0.403750
0.252850
0.115593
0.375689
0.078876
0.135199
0.185393
0.070441
0.033039
0.365138
0.262901
0.081048
0.166493
0.128037
0.007677
0.010571
0.084156
0.241197
0.132076
0.144047
0.083203
0.240292
0.191082
0.068655
0.218883
0.128118
0.169270
0.297235
0.073308
0.173710
0.349091
0.041815
0.203772
0.019488
0.394423
0.080969
0.179980
0.022088
0.304576
0.213996
0.227823
0.204686
0.299929
0.295904
0.156705
0.162665
0.241927
0.206445
0.341387
0.259674
0.144275
0.457655
0.050085
0.097567
0.164768
0.082322
0.135523
0.275852
0.287740
0.136667
0.037250
0.196395
0.049010
0.131800
0.132257
0.152860
0.117353
0.018460
0.103609
0.231078
0.181640
0.136471
0.338247
0.164615
0.099761
0.341434
0.078480
0.303487
0.254218
0.053835
0.160074
0.190075
0.471609
0.108663
0.166336
0.004748
0.196994
0.179867
0.323769
0.388938
0.245040
0.184322
0.228205
0.242177
0.208990
0.212917
0.243011
0.242966
0.153453
0.406844
0.140920
0.137011
0.132913
0.079907
0.147142
0.285848
0.131209
0.094050
0.072359
0.218745
0.126872
0.101373
0.168687
0.038000
0.140869
0.051302
0.182866
0.167613
0.141429
0.137562
0.424898
0.213173
0.051263
0.348603
0.209565
0.277046
0.086538
0.143244
0.055113
0.220794
0.533993
0.195492
0.142350
0.047906
0.131583
0.222218
0.358175
0.373407
0.254413
0.267634
0.192472
0.247830
0.213374
0.195987
0.192343
0.238143
0.101096
0.276984
0.214301
0.211266
0.098350
0.072493
0.118658
0.157883
0.115300
0.081499
0.153474
0.245700
0.223693
0.043544
0.209047
0.090491
0.077175
0.077687
0.230520
0.072538
0.078269
0.031383
0.410561
0.171940
0.009894
0.512695
0.178319
0.243751
0.096293
0.210879
0.052983
0.169213
0.526709
0.179283
0.172810
0.061729
0.153293
0.228681
0.278481
0.227686
0.208882
0.304955
0.287684
0.171527
0.158795
0.149274
0.258372
0.254377
0.234195
0.267620
0.193506
0.079097
0.138735
0.123715
0.321807
0.069586
0.053492
0.126073
0.061382
0.292699
0.209774
0.118505
0.216504
0.096679
0.125444
0.037213
0.187243
0.114878
0.058750
0.170994
0.345087
0.038905
0.084539
0.572528
0.142523
0.350136
0.045444
0.201809
0.084660
0.096736
0.394488
0.179704
0.277027
0.110361
0.257945
0.172207
0.250026
0.183524
0.215556
0.184449
0.405399
0.191576
0.171073
0.165314
0.167556
0.282745
0.281679
0.166880
0.347858
0.089228
0.178682
0.143933
0.420882
0.224059
0.168115
0.158622
0.204621
0.223120
0.167322
0.180702
0.200741
0.090032
0.199763
0.036435
0.214988
0.125195
0.137325
0.189958
0.301528
0.127073
0.265486
0.377430
0.082287
0.251372
0.137654
0.166163
0.184512
0.070799
0.314244
0.225906
0.314045
0.189555
0.351441
0.194896
0.094853
0.243287
0.253054
0.040070
0.441709
0.211611
0.200590
0.122423
0.056516
0.293714
0.218310
0.294160
0.256464
0.136361
0.188722
0.217108
0.390543
0.204696
0.100109
0.182432
0.372607
0.139591
0.248751
0.354987
0.219095
0.081856
0.090215
0.081310
0.250926
0.201593
0.056761
0.203834
0.293280
0.155622
0.354542
0.223542
0.196917
0.106381
0.237208
0.144288
0.101856
0.224878
0.265689
0.355887
0.302410
0.159484
0.350710
0.171045
0.113131
0.230043
0.160375
0.162743
0.392599
0.266168
0.205026
0.218875
0.060649
0.270487
0.235173
0.494957
0.050242
0.188518
0.094843
0.242732
0.306863
0.103624
0.042492
0.198334
0.281842
0.164318
0.274294
0.377354
0.206468
0.235552
0.081913
0.148451
0.170171
0.190096
0.031390
0.167404
0.268695
0.154532
0.275857
0.126367
0.289733
0.051545
0.285179
0.117555
0.101232
0.373167
0.117521
0.398028
0.248838
0.086164
0.299375
0.145229
0.189746
0.121857
0.132476
0.310925
0.322594
0.249589
0.156856
0.150706
0.091094
0.262214
0.291335
0.586564
0.060961
0.301288
0.037363
0.233119
0.161336
0.092116
0.082961
0.146153
0.163245
0.191434
0.165214
0.304101
0.251653
0.232160
0.140583
0.150623
0.228968
0.205854
0.147008
0.016924
0.219792
0.157126
0.167561
0.135886
0.237397
0.138999
0.271963
0.106786
0.200748
0.373732
0.126253
0.365144
0.113982
0.107320
0.225730
0.271447
0.206020
0.053668
0.081448
0.418873
0.198795
0.234261
0.104575
0.053766
0.100730
0.139647
0.292018
0.518863
0.153104
0.355734
0.021829
0.225705
0.055390
0.195826
0.165436
0.033334
0.160064
0.123626
0.096731
0.408637
0.345668
0.231666
0.159372
0.164694
0.205429
0.243631
0.253528
0.084205
0.168869
0.165973
0.168818
0.158163
0.203260
0.144765
0.330298
0.128698
0.128682
0.257596
0.236141
0.336411
0.191799
0.109652
0.204503
0.249340
0.238568
0.110734
0.042029
0.333873
0.100406
0.296959
0.157178
0.066070
0.108218
0.101879
0.266947
0.487017
0.074292
0.281692
0.028165
0.200260
0.125462
0.187565
0.233878
0.059408
0.242316
0.208043
0.056646
0.436518
0.466992
0.305612
0.061546
0.150828
0.235514
0.246900
0.318582
0.136041
0.118734
0.182419
0.212847
0.191593
0.276655
0.158915
0.309531
0.090389
0.111164
0.250086
0.261625
0.293648
0.304247
0.144669
0.277561
0.174460
0.249771
0.166450
0.109062
0.239059
0.109982
0.382676
0.215609
0.109528
0.137701
0.153071
0.330026
0.494523
0.068712
0.268720
0.043331
0.174866
0.111631
0.147476
0.230407
0.083187
0.296245
0.263317
0.168873
0.353338
0.385116
0.373278
0.138565
0.153819
0.303594
0.188726
0.374142
0.167238
0.188014
0.066999
0.191106
0.231031
0.283277
0.240688
0.286055
0.023777
0.278669
0.363943
0.240780
0.260586
0.324301
0.164557
0.360976
0.185788
0.286631
0.213943
0.272470
0.279709
0.254844
0.228145
0.316854
0.177168
0.091864
0.173047
0.372210
0.446932
0.117645
0.337841
0.106178
0.158209
0.149889
0.083166
0.188156
0.138206
0.333468
0.186431
0.204707
0.240985
0.275835
0.425735
0.125180
0.113565
0.419946
0.076720
0.312565
0.124073
0.221994
0.120415
0.167135
0.296199
0.276254
0.348068
0.321219
0.038051
0.425467
0.452140
0.202092
0.257572
0.283786
0.206177
0.272134
0.177402
0.313907
0.284560
0.256486
0.222207
0.245168
0.039053
0.257869
0.211149
0.031866
0.260461
0.263127
0.393529
0.123317
0.379391
0.150389
0.135977
0.099955
0.188645
0.140178
0.165900
0.331500
0.123810
0.111504
0.205703
0.172457
0.380350
0.002718
0.116869
0.309926
0.122620
0.180344
0.087262
0.188784
0.208700
0.052104
0.244414
0.212396
0.321188
0.256984
0.063890
0.348816
0.307448
0.249421
0.123352
0.259250
0.119253
0.106587
0.228302
0.232930
0.318561
0.125215
0.101562
0.121985
0.064042
0.247161
0.263397
0.070966
0.262926
0.317157
0.227289
0.111959
0.297672
0.119657
0.113507
0.083883
0.113696
0.113655
0.126970
0.262719
0.074007
0.112319
0.018334
0.218544
0.333314
0.142958
0.082845
0.166621
0.169866
0.144508
0.215274
0.221271
0.207338
0.075924
0.221453
0.239713
0.093490
0.120518
0.148645
0.245411
0.091283
0.404554
0.212556
0.223489
0.075352
0.110645
0.188065
0.169369
0.281886
0.107020
0.024469
0.144010
0.087000
0.189848
0.280103
0.068484
0.305952
0.319601
0.201696
0.176845
0.094036
0.048602
0.152001
0.114617
0.124186
0.071745
0.071651
0.139699
0.041882
0.151086
0.200532
0.043701
0.249606
0.171498
0.148426
0.119738
0.213046
0.167166
0.181779
0.202495
0.180232
0.081188
0.267979
0.189160
0.060828
0.223273
0.099169
0.285872
0.058463
0.434055
0.324441
0.192502
0.106163
0.226206
0.098515
0.130285
0.184714
0.214087
0.043318
0.057198
0.106850
0.132311
0.171084
0.045310
0.438343
0.208164
0.210498
0.147618
0.059714
0.092083
0.224967
0.060183
0.090600
0.064171
0.103671
0.099361
0.109255
0.094125
0.266680
0.042123
0.110966
0.137596
0.222955
0.147132
0.264976
0.194830
0.132518
0.025893
0.166035
0.040392
0.266064
0.072784
0.181479
0.237306
0.060221
0.363080
0.080276
0.244550
0.288287
0.154393
0.129948
0.204181
0.112723
0.096549
0.090338
0.089980
0.001839
0.094177
0.162871
0.103003
0.060869
0.109450
0.511616
0.255341
0.125428
0.157256
0.136700
0.013902
0.242010
0.077816
0.210015
0.089248
0.133236
0.122135
0.122726
0.029193
0.225702
0.037188
0.152527
0.039041
0.246083
0.224588
0.213087
0.185125
0.064262
0.154415
0.202754
0.139876
0.216563
0.130135
0.133087
0.159775
0.025229
0.279322
0.228552
0.147875
0.316532
0.223506
0.056103
0.036699
0.218769
0.131383
0.026187
0.186122
0.017620
0.061640
0.125371
0.095055
0.103097
0.039370
0.397939
0.355022
0.157456
0.101125
0.202141
0.151906
0.203334
0.038471
0.242601
0.106345
0.070226
0.161727
0.145312
0.095502
0.214158
0.067518
0.211614
0.054546
0.223739
0.290248
0.172990
0.175296
0.086674
0.230537
0.309314
0.127345
0.128066
0.208376
0.114004
0.073229
0.064786
0.195045
0.128645
0.101550
0.385965
0.299242
0.008167
0.136069
0.270311
0.074305
0.032749
0.268708
0.040472
0.059885
0.069280
0.091690
0.100287
0.067422
0.230131
0.343617
0.157983
0.064759
0.310645
0.269433
0.103575
0.129319
0.096717
0.152652
0.061265
0.127995
0.161592
0.068134
0.169011
0.259808
0.118539
0.014226
0.246265
0.267560
0.328216
0.063626
0.137852
0.280203
0.355479
0.066288
0.160696
0.192173
0.041244
0.115772
0.160114
0.137362
0.075198
0.129045
0.352588
0.257255
0.064768
0.233219
0.305405
0.098348
0.055993
0.157112
0.107372
0.010686
0.116262
0.105871
0.111662
0.075088
0.102498
0.410180
0.225034
0.109322
0.360396
0.211960
0.133971
0.285098
0.031392
0.283196
0.051427
0.195814
0.233316
0.075810
0.121703
0.352467
0.068013
0.118917
0.166502
0.283702
0.292255
0.206977
0.247611
0.379290
0.304570
0.102486
0.228606
0.221214
0.092564
0.193729
0.152228
0.057138
0.156652
0.106892
0.271448
0.203520
0.109671
0.320562
0.173192
0.138357
0.140522
0.133547
0.200188
0.074920
0.218182
0.157133
0.259563
0.008391
0.091398
0.348703
0.271740
0.111133
0.406387
0.217443
0.196369
0.232937
0.031576
0.286990
0.173800
0.255386
0.290325
0.158317
0.195141
0.301234
0.108622
0.190799
0.037470
0.381702
0.206179
0.177437
0.324408
0.381227
0.230486
0.154933
0.267320
0.249228
0.280406
0.219879
0.052661
0.136296
0.149504
0.059492
0.270027
0.138693
0.202701
0.354348
0.142800
0.144345
0.215157
0.278907
0.194664
0.139014
0.298731
0.239410
0.320443
0.037843
0.053480
0.292026
0.368198
0.047290
0.427996
0.176922
0.287644
0.143236
0.125981
0.121108
0.287174
0.236243
0.273170
0.113740
0.300718
0.177681
0.240649
0.245903
0.054998
0.344456
0.287186
0.162893
0.337669
0.276687
0.136135
0.118106
0.184292
0.259043
0.403855
0.247762
0.063827
0.210959
0.074993
0.022655
0.372590
0.114070
0.228093
0.153098
0.150060
0.078381
0.242800
0.263207
0.191094
0.094617
0.312032
0.383506
0.389309
0.023797
0.055294
0.327426
0.452011
0.093910
0.491585
0.077050
0.360070
0.107115
0.122882
0.152297
0.404351
0.114099
0.293904
0.120240
0.285767
0.150517
0.270725
0.218530
0.043558
0.158768
0.357388
0.248940
0.418320
0.200088
0.134093
0.171812
0.134049
0.154718
0.259295
0.357263
0.127706
0.308920
0.079823
0.106447
0.368134
0.148202
0.078981
0.099075
0.174464
0.103668
0.243221
0.196974
0.151885
0.070578
0.330509
0.374827
0.403724
0.070149
0.057781
0.277193
0.320345
0.192304
0.501144
0.120031
0.276968
0.171177
0.123926
0.073274
0.380048
0.070268
0.270688
0.190262
0.230535
0.166727
0.140811
0.117377
0.101952
0.087356
0.289914
0.337998
0.483925
0.264708
0.151340
0.257571
0.219623
0.114020
0.136912
0.427678
0.083950
0.340514
0.161089
0.160220
0.328789
0.266230
0.037129
0.157790
0.179191
0.115782
0.180835
0.206576
0.126792
0.043369
0.393397
0.235787
0.418048
0.087650
0.156520
0.101373
0.214103
0.178849
0.478626
0.132344
0.134400
0.139001
0.142587
0.112299
0.271229
0.160576
0.202746
0.264140
0.270088
0.148003
0.114230
0.053375
0.103795
0.075404
0.264157
0.383176
0.378908
0.280716
0.145601
0.234556
0.163696
0.018310
0.220331
0.301179
0.047383
0.345606
0.160945
0.183939
0.351066
0.328469
0.021139
0.308139
0.284519
0.177422
0.214871
0.185976
0.114205
0.050220
0.449590
0.156980
