# G_2, p = 0.2000 GPa (dir_2000.0_bar).
# D8R-only: 24 rings x 101 frames = 2424 samples.
# Column: per-D8R Delta [A]
0.019412
0.024692
0.019412
0.024624
0.020051
0.023611
0.020029
0.023660
0.019383
0.024637
0.019355
0.024635
0.020042
0.023588
0.020059
0.023610
0.019712
0.024163
0.019677
0.024115
0.019723
0.024090
0.019756
0.024115
0.115025
0.043550
0.047327
0.103732
0.053164
0.053730
0.071622
0.100381
0.122345
0.099082
0.130369
0.203837
0.077840
0.168180
0.139095
0.046234
0.072803
0.152097
0.150024
0.183935
0.202577
0.107632
0.100937
0.078167
0.171445
0.070273
0.047677
0.213451
0.164944
0.068173
0.155638
0.177575
0.210310
0.194371
0.171592
0.327971
0.196591
0.260280
0.162690
0.081013
0.175023
0.261681
0.194291
0.147733
0.291272
0.105729
0.026668
0.203381
0.187928
0.171861
0.148752
0.287519
0.342725
0.069338
0.180072
0.220988
0.283191
0.210688
0.196218
0.297051
0.312989
0.341289
0.208742
0.106787
0.321227
0.470262
0.164181
0.172523
0.256959
0.016675
0.095249
0.236827
0.270647
0.149887
0.206707
0.508460
0.435665
0.110907
0.238001
0.133748
0.281175
0.150629
0.164244
0.230097
0.212067
0.353648
0.170933
0.078048
0.324374
0.435000
0.232256
0.261211
0.148412
0.085243
0.049036
0.161178
0.418867
0.163619
0.239867
0.536137
0.368286
0.064878
0.309755
0.114868
0.189181
0.158494
0.113506
0.279933
0.126891
0.237278
0.151273
0.190658
0.240182
0.237623
0.352659
0.286541
0.153777
0.150953
0.108407
0.088758
0.350913
0.174438
0.290365
0.427430
0.349815
0.114627
0.211423
0.110356
0.211588
0.280167
0.019560
0.454183
0.054705
0.119090
0.221873
0.254287
0.138141
0.155952
0.359583
0.209438
0.274353
0.121270
0.179505
0.104141
0.281875
0.310955
0.196037
0.361488
0.375137
0.128387
0.165582
0.036734
0.325447
0.385229
0.053252
0.488605
0.101157
0.176708
0.211388
0.469579
0.097218
0.087541
0.277965
0.209483
0.381862
0.117886
0.201197
0.109062
0.299182
0.422679
0.081300
0.354552
0.354447
0.058675
0.194098
0.088104
0.289358
0.362736
0.088265
0.357415
0.178961
0.205133
0.149802
0.467452
0.101919
0.183112
0.323053
0.135226
0.371427
0.136005
0.287797
0.255386
0.497368
0.401410
0.083868
0.348616
0.209375
0.133277
0.256501
0.220620
0.274623
0.336615
0.128435
0.301816
0.301897
0.227144
0.030017
0.279288
0.142061
0.227601
0.372949
0.072043
0.401432
0.097646
0.197090
0.407476
0.447432
0.262367
0.061993
0.332991
0.184912
0.231713
0.194630
0.301645
0.161359
0.251519
0.199453
0.327576
0.293052
0.283754
0.113052
0.237541
0.133102
0.213044
0.245462
0.094067
0.353200
0.130015
0.098236
0.258022
0.355645
0.203202
0.130092
0.351534
0.246405
0.173694
0.167607
0.325738
0.016514
0.186940
0.170778
0.297690
0.196006
0.289771
0.084027
0.242529
0.090399
0.217152
0.106134
0.117826
0.157383
0.083197
0.093744
0.091961
0.258961
0.152743
0.292733
0.306412
0.194089
0.182611
0.240647
0.217959
0.096214
0.130962
0.212276
0.164088
0.109563
0.215026
0.024482
0.186132
0.060802
0.235741
0.197788
0.068086
0.109015
0.128718
0.150865
0.109073
0.186853
0.128113
0.369262
0.137679
0.063038
0.136286
0.272244
0.266344
0.169483
0.076935
0.254715
0.083922
0.147499
0.086942
0.029192
0.137055
0.126373
0.263702
0.225530
0.040268
0.072016
0.125760
0.107483
0.228199
0.071614
0.207897
0.281818
0.057879
0.171336
0.097706
0.319240
0.294341
0.052610
0.064336
0.188692
0.077062
0.239719
0.076328
0.078941
0.268544
0.094728
0.359714
0.195560
0.052391
0.138155
0.097926
0.213623
0.310756
0.273148
0.271559
0.238753
0.034690
0.236243
0.081595
0.335426
0.215621
0.034062
0.038855
0.120402
0.202628
0.241531
0.113586
0.083272
0.226670
0.085551
0.429080
0.222691
0.096818
0.328787
0.067688
0.271829
0.166595
0.370619
0.254059
0.239533
0.122048
0.251654
0.100493
0.296123
0.211874
0.224096
0.178581
0.028674
0.393130
0.187187
0.071016
0.043539
0.192468
0.111046
0.447753
0.206532
0.092530
0.323841
0.104587
0.218304
0.092266
0.366252
0.241000
0.134307
0.030460
0.236800
0.156108
0.219939
0.160164
0.180143
0.322675
0.064641
0.547407
0.161640
0.059772
0.061048
0.120846
0.057698
0.373314
0.156474
0.078758
0.290288
0.178400
0.132272
0.021787
0.455365
0.221731
0.034483
0.202047
0.237820
0.129168
0.213549
0.071998
0.170839
0.314284
0.077982
0.534291
0.135758
0.012795
0.191789
0.123293
0.194206
0.247438
0.091816
0.152118
0.399423
0.133468
0.108912
0.031616
0.443082
0.264885
0.092016
0.272856
0.232326
0.063296
0.300816
0.028591
0.284594
0.177496
0.177717
0.464795
0.055079
0.091187
0.209356
0.074153
0.251089
0.199871
0.122684
0.186676
0.387351
0.053942
0.093944
0.167566
0.482020
0.226737
0.077887
0.238422
0.210384
0.074438
0.348669
0.106625
0.267777
0.161896
0.334393
0.523651
0.048417
0.202432
0.091964
0.110295
0.411123
0.209752
0.092880
0.093410
0.162152
0.087977
0.140526
0.060560
0.539365
0.232171
0.112711
0.233880
0.204070
0.105022
0.265066
0.139022
0.218332
0.164823
0.350411
0.534626
0.184508
0.198610
0.092222
0.100465
0.432962
0.053686
0.110038
0.071784
0.037258
0.170100
0.163815
0.064803
0.613733
0.282685
0.080993
0.338948
0.135708
0.107174
0.279332
0.181700
0.213237
0.110916
0.183259
0.401656
0.277128
0.185781
0.076056
0.139901
0.302524
0.186502
0.221414
0.122361
0.042008
0.223542
0.161161
0.118112
0.417675
0.361865
0.150637
0.476191
0.045981
0.080180
0.284667
0.209640
0.200151
0.073246
0.168193
0.187955
0.210313
0.081963
0.038776
0.170754
0.177891
0.345112
0.153795
0.140588
0.009025
0.248912
0.085630
0.231952
0.194849
0.332409
0.129961
0.496689
0.109760
0.137532
0.222267
0.259708
0.126841
0.143378
0.240324
0.292562
0.017274
0.121022
0.128611
0.163525
0.129029
0.458651
0.076351
0.094480
0.069524
0.234981
0.108034
0.063760
0.177160
0.232376
0.149896
0.361739
0.095224
0.131850
0.089410
0.387679
0.203084
0.151622
0.169436
0.314841
0.125037
0.227916
0.117746
0.317229
0.124717
0.516703
0.074605
0.070306
0.095200
0.237492
0.180405
0.118384
0.158002
0.139832
0.188753
0.204242
0.034952
0.177474
0.109530
0.423019
0.187436
0.103122
0.067617
0.271743
0.072449
0.280445
0.078298
0.260073
0.123167
0.479674
0.086369
0.143296
0.068715
0.174154
0.365485
0.199806
0.157927
0.122895
0.239227
0.051576
0.064619
0.174278
0.211673
0.369008
0.130729
0.018615
0.107113
0.320128
0.042338
0.157447
0.114983
0.147443
0.025148
0.343733
0.128238
0.078362
0.049602
0.099891
0.391755
0.077279
0.332940
0.168052
0.242447
0.090271
0.205674
0.050135
0.217572
0.254524
0.179073
0.114638
0.098064
0.295728
0.099773
0.082979
0.183479
0.103103
0.016767
0.238932
0.138093
0.060681
0.074542
0.127729
0.306394
0.182424
0.414636
0.259816
0.270022
0.166250
0.165142
0.070237
0.291171
0.220047
0.150493
0.189210
0.157733
0.268432
0.200172
0.068272
0.171506
0.087533
0.063598
0.159391
0.085822
0.143530
0.048927
0.143208
0.252534
0.275073
0.473956
0.321673
0.337974
0.126164
0.202166
0.186956
0.355022
0.126594
0.071115
0.247037
0.181649
0.309234
0.173375
0.068602
0.120123
0.074144
0.171705
0.149992
0.165297
0.191706
0.037545
0.120539
0.349572
0.192887
0.593344
0.384947
0.307490
0.128341
0.296600
0.269673
0.306015
0.125308
0.107349
0.253138
0.196434
0.405986
0.172792
0.117646
0.003000
0.042079
0.181265
0.101663
0.040047
0.202975
0.081596
0.162710
0.230713
0.302308
0.542192
0.454024
0.274446
0.160262
0.333042
0.292618
0.193281
0.097529
0.197862
0.273766
0.087363
0.545137
0.147007
0.118577
0.088127
0.105711
0.187743
0.091743
0.067087
0.195458
0.062567
0.185757
0.096137
0.321248
0.297892
0.446708
0.114346
0.214296
0.353762
0.172497
0.153211
0.104353
0.203147
0.231144
0.044927
0.540808
0.213495
0.035323
0.170570
0.035813
0.126413
0.046728
0.189992
0.196026
0.030616
0.164874
0.107855
0.227772
0.164409
0.413688
0.111408
0.202122
0.321975
0.106777
0.039457
0.034377
0.162443
0.302290
0.151796
0.446639
0.259497
0.087973
0.268428
0.163383
0.157177
0.191936
0.236527
0.128558
0.096552
0.137856
0.142004
0.158903
0.141936
0.469079
0.272540
0.185005
0.201558
0.166675
0.166902
0.123493
0.128625
0.209958
0.178954
0.336394
0.158762
0.086069
0.298999
0.307065
0.171645
0.197176
0.143178
0.105704
0.139144
0.035677
0.203201
0.087081
0.068855
0.487450
0.265672
0.259102
0.081518
0.063097
0.241720
0.218963
0.171679
0.067436
0.258414
0.252000
0.119644
0.113635
0.234825
0.194140
0.119293
0.246457
0.141460
0.141818
0.114967
0.109369
0.228103
0.147719
0.068966
0.298008
0.298710
0.297288
0.154549
0.075851
0.286999
0.233733
0.177207
0.125185
0.259764
0.201614
0.166704
0.100820
0.139067
0.031837
0.114762
0.265343
0.173168
0.171045
0.083903
0.236093
0.071586
0.312058
0.119405
0.114565
0.455225
0.137191
0.158603
0.098230
0.362563
0.202159
0.186069
0.163342
0.169400
0.164177
0.093167
0.099043
0.185820
0.169250
0.131487
0.156196
0.091306
0.163430
0.095495
0.276759
0.124965
0.235686
0.234405
0.102905
0.510685
0.090890
0.240742
0.045427
0.439839
0.266705
0.121626
0.080105
0.108216
0.146757
0.213845
0.179376
0.230235
0.309446
0.239286
0.133350
0.105472
0.103903
0.155481
0.306548
0.149269
0.098978
0.282811
0.155465
0.541430
0.091884
0.286822
0.029831
0.433001
0.440360
0.082205
0.078509
0.041563
0.048557
0.392163
0.252467
0.216819
0.187117
0.262570
0.143732
0.130183
0.056070
0.148805
0.283420
0.176669
0.154467
0.342546
0.072012
0.590326
0.072677
0.173379
0.070006
0.377200
0.467542
0.052243
0.066296
0.014251
0.070399
0.363436
0.247146
0.076958
0.033952
0.241766
0.163939
0.111303
0.110009
0.045700
0.210551
0.208792
0.135985
0.356363
0.112848
0.585411
0.159217
0.130726
0.113700
0.295974
0.274360
0.080558
0.061783
0.041919
0.285986
0.388327
0.153445
0.088667
0.041635
0.232708
0.148998
0.174903
0.128821
0.116132
0.168773
0.274388
0.125142
0.402514
0.288342
0.390212
0.241492
0.283895
0.094336
0.251145
0.122031
0.082987
0.212917
0.101781
0.338539
0.324702
0.196432
0.154729
0.199660
0.221569
0.150999
0.312958
0.113311
0.234419
0.187124
0.372814
0.236931
0.331901
0.364186
0.203537
0.164347
0.395206
0.214205
0.251568
0.081117
0.061702
0.375690
0.125694
0.151383
0.175774
0.299621
0.204997
0.144529
0.155175
0.102311
0.302605
0.104358
0.222455
0.119079
0.461602
0.393132
0.256224
0.344573
0.204891
0.317511
0.273290
0.306487
0.149870
0.189279
0.199650
0.458662
0.097321
0.023591
0.108662
0.351456
0.234106
0.132832
0.039750
0.105256
0.226971
0.120948
0.064477
0.151063
0.464506
0.418827
0.147267
0.329310
0.277271
0.340697
0.056499
0.293969
0.115747
0.219784
0.168311
0.510395
0.023648
0.077075
0.054539
0.213697
0.177497
0.265438
0.053421
0.133149
0.219986
0.206579
0.021971
0.212542
0.382489
0.352859
0.147772
0.314256
0.361356
0.230134
0.095448
0.386226
0.123059
0.155864
0.044841
0.481413
0.049946
0.168346
0.107900
0.075609
0.091067
0.252361
0.053027
0.052804
0.245121
0.171448
0.059365
0.218259
0.233867
0.291622
0.056076
0.284040
0.397957
0.179105
0.087709
0.497978
0.095609
0.191035
0.133051
0.379208
0.220951
0.235579
0.264624
0.144794
0.097276
0.266844
0.104524
0.051848
0.161011
0.160336
0.069542
0.207475
0.104137
0.173294
0.176923
0.237923
0.486601
0.206235
0.059280
0.423661
0.185394
0.223411
0.117546
0.295788
0.196262
0.253156
0.277532
0.181827
0.068538
0.301185
0.161435
0.166116
0.211815
0.225792
0.080522
0.207489
0.040176
0.267327
0.240793
0.151387
0.550418
0.189136
0.064477
0.389497
0.307176
0.190949
0.108393
0.349689
0.091099
0.241085
0.208197
0.176456
0.003572
0.267819
0.137929
0.189434
0.128147
0.249562
0.166826
0.277924
0.226860
0.293818
0.213169
0.113105
0.719797
0.216621
0.037835
0.422491
0.321170
0.104032
0.106418
0.330002
0.089064
0.188759
0.273594
0.216362
0.050819
0.287990
0.115211
0.104590
0.135867
0.202326
0.338687
0.372662
0.325713
0.316541
0.241032
0.116620
0.702363
0.231999
0.074203
0.385565
0.328304
0.121077
0.092988
0.161151
0.150817
0.157902
0.204011
0.195515
0.143817
0.325900
0.184343
0.091650
0.155938
0.155783
0.298596
0.273612
0.286524
0.298696
0.236198
0.144575
0.546222
0.147868
0.153009
0.225936
0.320045
0.262864
0.104062
0.071889
0.254336
0.130898
0.297842
0.152357
0.223657
0.283788
0.152463
0.079393
0.170478
0.168392
0.138536
0.199211
0.256425
0.181640
0.145057
0.120550
0.411630
0.134639
0.152308
0.116099
0.224686
0.279821
0.081266
0.116772
0.221407
0.133487
0.311326
0.131445
0.207378
0.111039
0.011086
0.104143
0.127836
0.149937
0.094891
0.174666
0.306214
0.105734
0.132881
0.054948
0.343311
0.247529
0.201943
0.050418
0.203613
0.223013
0.154290
0.161406
0.144367
0.207339
0.246763
0.183211
0.124758
0.050823
0.161457
0.070043
0.120223
0.197171
0.098536
0.182736
0.248899
0.128347
0.188765
0.125059
0.295363
0.245345
0.224333
0.122601
0.304376
0.230978
0.307431
0.198332
0.099740
0.197977
0.119123
0.231328
0.109669
0.250662
0.199865
0.086110
0.046192
0.249350
0.178989
0.122553
0.118385
0.085685
0.097620
0.206162
0.184134
0.175485
0.062200
0.147528
0.316625
0.143259
0.399796
0.196220
0.162383
0.159061
0.081010
0.192544
0.116748
0.382090
0.198800
0.188954
0.168190
0.191887
0.190933
0.147737
0.195489
0.127448
0.114331
0.266349
0.214260
0.135326
0.072890
0.102706
0.190213
0.194876
0.372418
0.151450
0.198611
0.177880
0.181118
0.065782
0.069024
0.342548
0.077791
0.183933
0.184938
0.162735
0.092596
0.163414
0.301170
0.302078
0.201611
0.315094
0.258192
0.088631
0.121037
0.149468
0.248930
0.199300
0.368676
0.208634
0.092546
0.254659
0.278028
0.054356
0.067215
0.192226
0.207668
0.078863
0.091689
0.106764
0.162226
0.123257
0.140769
0.398533
0.234853
0.317107
0.265660
0.058180
0.239288
0.242911
0.195935
0.186148
0.306432
0.251259
0.132724
0.254628
0.327754
0.034772
0.097946
0.124745
0.208851
0.324360
0.133237
0.122029
0.249425
0.237593
0.067938
0.450353
0.303987
0.340375
0.194338
0.185011
0.295819
0.202890
0.240833
0.198552
0.137705
0.192438
0.279439
0.258555
0.222785
0.093703
0.044844
0.069881
0.140649
0.440477
0.183302
0.138646
0.157601
0.284566
0.107118
0.485097
0.333488
0.388140
0.249164
0.170800
0.308547
0.140699
0.355370
0.192774
0.055015
0.108017
0.191857
0.269662
0.226545
0.035375
0.033839
0.096968
0.127395
0.425222
0.181218
0.140694
0.149537
0.303303
0.083931
0.395065
0.252033
0.341416
0.405326
0.097865
0.249824
0.316112
0.419747
0.102546
0.117489
0.194131
0.168157
0.223813
0.258018
0.265161
0.124126
0.102119
0.059898
0.319839
0.054850
0.199330
0.242800
0.331805
0.202654
0.398763
0.208576
0.186660
0.481794
0.205457
0.193476
0.466446
0.292934
0.042066
0.127151
0.251843
0.213912
0.176490
0.238208
0.315865
0.179830
0.194867
0.086785
0.185533
0.077791
0.205091
0.335213
0.382269
0.357479
0.502447
0.185876
0.141086
0.482225
0.293847
0.186652
0.471373
0.239405
0.062044
0.215166
0.202141
0.330229
0.130518
0.148342
0.222773
0.115737
0.357415
0.153559
0.104634
0.105147
0.118356
0.200743
0.357218
0.386196
0.465747
0.228549
0.070764
0.470108
0.210226
0.254264
0.419837
0.246260
0.133860
0.163342
0.165568
0.344205
0.047025
0.024892
0.131304
0.172010
0.321673
0.126254
0.126081
0.202539
0.124616
0.165433
0.357792
0.305756
0.343547
0.312743
0.049280
0.618720
0.076367
0.267704
0.305039
0.300292
0.177977
0.202923
0.119210
0.259273
0.129060
0.054397
0.224081
0.163887
0.217394
0.188246
0.124060
0.236550
0.066074
0.239167
0.308421
0.169592
0.199062
0.332251
0.074433
0.639735
0.052260
0.207975
0.230086
0.363628
0.190699
0.165345
0.060172
0.169345
0.232193
0.075009
0.279458
0.104683
0.138672
0.230677
0.188514
0.272517
0.006120
0.218562
0.177443
0.131075
0.264196
0.306906
0.095625
0.477490
0.046837
0.159215
0.234176
0.337637
0.254261
0.087053
0.125892
0.162998
0.325937
0.022076
0.221027
0.054968
0.175336
0.242321
0.215044
0.286783
0.118726
0.244095
0.151927
0.034309
0.124390
0.269132
0.154739
0.260252
0.110845
0.111416
0.300661
0.299921
0.279399
0.053465
0.104894
0.137421
0.359898
0.037187
0.124459
0.065505
0.244080
0.285150
0.168320
0.267870
0.189354
0.252650
0.178018
0.124227
0.029147
0.285552
0.170959
0.219826
0.157421
0.134670
0.334566
0.338983
0.188209
0.037404
0.130304
0.030348
0.422999
0.024539
0.086042
0.113932
0.234884
0.358054
0.204687
0.157658
0.174319
0.221436
0.241570
0.352007
0.172167
0.326348
0.179729
0.028309
0.181293
0.290377
0.257098
0.341808
0.025978
0.073074
0.260835
0.086171
0.466483
0.093511
0.128385
0.147897
0.153801
0.366781
0.133781
0.122245
0.114180
0.220470
0.197401
0.444012
0.242330
0.410906
0.128438
0.145937
0.143766
0.401705
0.287680
0.327014
0.089664
0.056939
0.295133
0.096725
0.394240
0.088052
0.131862
0.109292
0.108637
0.263910
0.100455
0.129578
0.181528
0.177021
0.204422
0.365642
0.200260
0.387751
0.065664
0.223601
0.083316
0.396176
0.222082
0.185817
0.126480
0.073559
0.206084
0.115256
0.250076
0.068482
0.203743
0.085790
0.127502
0.136193
0.179120
0.042106
0.241495
0.105447
0.245110
0.206611
0.105549
0.275002
0.081015
0.234780
0.208383
0.375091
0.109665
0.074431
0.198652
0.160863
0.137256
0.231738
0.148005
0.179799
0.199410
0.045771
0.153397
0.117580
0.224798
0.163571
0.246445
0.343401
0.328044
0.138040
0.090956
0.157324
0.110628
0.341041
0.295833
0.297629
0.029590
0.108712
0.154309
0.263785
0.115649
0.219344
0.171728
0.060541
0.156716
0.076647
0.142055
0.243243
0.044311
0.248488
0.230256
0.353030
0.263609
0.172414
0.056855
0.064280
0.108246
0.487284
0.306332
0.285465
0.111461
0.273992
0.135088
0.321916
0.074955
0.310458
0.211637
0.034532
0.123089
0.175947
0.059298
0.444065
0.187577
0.153593
0.263458
0.295428
0.136156
0.064735
0.122761
0.053367
0.098305
0.507553
0.262136
0.343372
0.099803
0.225966
0.175762
0.362620
0.074476
0.227027
0.213208
0.057779
0.168664
0.209957
0.061740
0.474257
0.269142
0.237156
0.265906
0.331913
0.054270
0.075232
0.081203
0.150424
0.166503
0.457633
0.159006
0.356257
0.157875
0.168311
0.280540
0.402929
0.126792
0.122398
0.105574
0.124505
0.257079
0.180170
0.057436
0.378303
0.222131
0.149947
0.190585
0.398702
0.006336
0.165591
0.041700
0.142609
0.227283
0.344923
0.204894
0.321905
0.344089
0.200810
0.271494
0.394551
0.140126
0.172761
0.051367
0.244349
0.345906
0.184270
0.214900
0.341615
0.205809
0.129166
0.209320
0.395426
0.009498
0.233912
0.060084
0.057801
0.190060
0.276074
0.220005
0.259916
0.269624
0.223598
0.173243
0.352684
0.204129
0.090349
0.044430
0.227679
0.372262
0.192242
0.249409
0.238576
0.183721
0.082476
0.125814
0.203942
0.071914
0.331263
0.116802
0.071380
0.131269
0.165261
0.167115
0.269480
0.149234
0.190334
0.146569
0.238661
0.246292
0.159092
0.088210
0.110890
0.411862
0.112744
0.178369
0.068476
0.199283
0.117333
0.164966
0.227744
0.140187
0.285885
0.189904
0.125751
0.184612
0.135953
0.279359
0.302254
0.075235
0.151963
0.030205
0.110392
0.214795
0.215818
0.134976
0.118237
0.429350
0.047566
0.192613
0.151648
0.182520
0.136034
0.250851
0.156792
0.144082
0.151719
0.236376
0.214689
0.236558
0.181171
0.377964
0.357640
0.145013
0.256788
0.078565
0.051152
0.162080
0.212991
0.218544
0.163753
0.343832
0.063775
0.137608
0.088030
0.225135
0.319821
0.297947
0.160702
0.066632
0.168982
0.280138
0.293138
0.155482
0.178449
0.301292
0.194891
0.211994
0.286766
0.123333
0.171188
0.199297
0.308440
0.195298
0.181683
0.153198
0.089679
0.118642
0.116902
0.152867
0.364727
0.168752
0.235967
0.130954
0.222692
0.277653
0.296626
0.122224
0.238330
0.415394
0.124536
0.202115
0.165901
0.113826
0.134521
0.246300
0.257932
0.183928
0.116611
0.032511
0.064289
0.051756
0.161776
0.133284
0.345676
0.142035
0.253370
0.146190
0.219367
0.292492
0.268128
0.155676
0.426986
0.452015
0.261606
0.160786
0.232994
0.174369
0.204336
0.265879
0.127360
0.181448
0.136732
0.142117
0.035494
0.195087
0.156652
0.287340
0.411344
0.091619
0.386466
0.137659
0.228420
0.197151
0.292219
0.246773
0.557259
0.379757
0.526312
0.062775
0.333033
0.168615
0.265487
0.191949
0.100033
0.200832
0.157331
0.229253
0.047887
0.191924
0.091476
0.257988
0.467704
0.075365
0.449057
0.100940
0.199551
0.129307
0.332488
0.216797
0.548373
0.295256
0.463654
0.093372
0.418422
0.190220
0.211286
0.201235
0.175954
0.174239
0.126388
0.210489
0.097270
0.159544
0.157086
0.160574
0.291250
0.044865
0.466870
0.120647
0.181739
0.173952
0.414512
0.158373
0.504107
0.221044
0.357613
0.197790
0.437607
0.109193
0.158895
0.177848
0.106881
0.134735
0.023216
0.161842
0.111417
0.225823
0.160421
0.162173
0.200701
0.065860
0.370621
0.157852
0.248476
0.170655
0.362369
0.114824
0.364799
0.138329
0.351452
0.184701
0.376764
0.080072
0.182263
0.172321
0.005175
0.041676
0.098774
0.089452
0.047701
0.267018
0.092408
0.296813
0.080379
0.121541
0.237964
0.169249
0.129817
0.107037
0.298790
0.078124
0.201040
0.106582
0.238679
0.170411
0.268617
0.190123
0.198345
0.171408
0.138244
0.094984
0.114175
0.052217
0.050022
0.211733
0.198576
0.334252
0.124008
0.139163
0.100664
0.189120
0.093328
0.222329
0.226616
0.046761
0.055073
0.151924
0.033654
0.183670
0.199775
0.227855
0.118306
0.142026
0.142145
0.187581
0.096244
0.119630
0.087410
0.151919
0.223194
0.310486
0.121207
0.161859
0.093227
0.190939
0.084153
0.163052
0.129940
0.151723
0.053829
0.083181
0.132283
0.215157
0.130040
0.220896
0.024919
0.126620
0.271389
0.173027
0.068563
0.184762
0.069653
0.142855
0.130939
0.225132
0.330795
0.191233
0.179610
0.226738
0.077301
0.150360
0.021357
0.150056
0.112619
0.077137
0.259995
0.163573
0.044592
0.213391
0.065750
0.100458
0.353465
0.165937
0.158081
0.267677
0.062654
0.131768
0.095761
0.183134
0.380206
0.244920
0.128581
0.255906
0.215986
0.133527
0.142907
0.121283
0.254258
0.107125
0.440709
0.083493
0.238702
0.159129
0.118628
0.161774
0.320606
0.227529
0.132114
0.306352
0.085540
0.127081
0.146221
0.296890
0.264284
0.309237
0.191113
0.205702
0.340650
0.178338
0.301958
0.186080
0.367015
0.214328
0.575575
0.065132
0.319355
0.289516
0.107483
0.270259
0.240133
0.298593
0.125026
0.277258
0.096048
0.073601
0.111973
0.397060
0.249916
0.222955
0.230131
0.117585
0.298070
0.144723
0.395211
0.201680
0.384023
0.242870
0.561833
0.061564
0.307528
0.331757
0.241967
0.271665
0.225983
0.338018
0.196456
0.215497
0.093131
0.185853
0.063015
0.431702
0.316261
0.132338
0.238505
0.115462
0.177561
0.118423
0.545966
0.161312
0.368347
0.323980
0.509117
0.098983
0.280195
0.201281
0.242602
0.168775
0.149545
0.255065
0.220532
0.129680
0.096981
0.195921
0.158170
0.346181
0.260073
0.155855
0.207911
0.214993
0.059731
0.220640
0.621934
0.172993
0.301571
0.354530
0.375094
0.236066
0.316957
0.066287
0.162800
0.199207
0.077300
0.199437
0.132739
0.097098
0.178696
0.141671
0.065147
0.257517
0.050649
0.218106
0.159066
0.262283
0.092742
0.234441
