# G_3, p = 0.6000 GPa (dir_6000.0_bar).
# 6MR distortion Gamma = (1/2)(max - min) over the three opposite-O diagonals.
# 24 rings x 101 frames = 2424 samples.
# Column: per-6MR Gamma [A]
0.004064
0.004053
0.004059
0.004056
0.004071
0.004065
0.004069
0.004073
0.003122
0.003126
0.003152
0.003143
0.003121
0.003117
0.003140
0.003126
0.003157
0.003157
0.003124
0.003136
0.003157
0.003157
0.003124
0.003145
0.057265
0.231283
0.098009
0.060344
0.144315
0.068630
0.108784
0.109048
0.066598
0.109498
0.006099
0.097029
0.095619
0.212553
0.169589
0.079589
0.039983
0.204549
0.118571
0.163819
0.091197
0.083855
0.050514
0.057491
0.033100
0.292300
0.158489
0.068800
0.303575
0.200035
0.235240
0.169024
0.234975
0.189707
0.058634
0.137939
0.067199
0.441313
0.280532
0.096498
0.173840
0.361395
0.216586
0.284008
0.134033
0.121949
0.113366
0.088044
0.070790
0.231113
0.145212
0.123972
0.498143
0.267949
0.309781
0.233439
0.301184
0.182728
0.095375
0.128925
0.036247
0.522881
0.231280
0.078185
0.257825
0.419674
0.142681
0.325737
0.232474
0.060081
0.166118
0.006629
0.032119
0.308612
0.209246
0.102058
0.597311
0.159474
0.342151
0.262940
0.229427
0.162277
0.010054
0.080238
0.055734
0.467798
0.070163
0.091412
0.143806
0.357282
0.055231
0.275568
0.352905
0.149445
0.323711
0.141829
0.090066
0.294966
0.283622
0.075866
0.613795
0.137015
0.302812
0.323426
0.137409
0.197183
0.247995
0.095916
0.070990
0.384889
0.042884
0.107578
0.117870
0.286080
0.143123
0.113552
0.270320
0.293519
0.346927
0.229245
0.145406
0.205146
0.254719
0.067589
0.600573
0.153942
0.274955
0.383414
0.059830
0.186869
0.407374
0.170646
0.129010
0.326504
0.067834
0.146700
0.112588
0.139106
0.193569
0.101483
0.197236
0.352657
0.250809
0.149587
0.206812
0.167667
0.230318
0.170215
0.551398
0.274108
0.169104
0.411197
0.154436
0.127823
0.331916
0.175260
0.220788
0.206698
0.042430
0.154600
0.106878
0.084649
0.204394
0.089424
0.202888
0.301503
0.178012
0.143903
0.262840
0.157271
0.271789
0.200801
0.303819
0.377587
0.187157
0.322142
0.048978
0.104535
0.235055
0.128238
0.317940
0.056179
0.003754
0.189430
0.142479
0.166970
0.214626
0.092906
0.247875
0.176438
0.086997
0.384787
0.266483
0.181285
0.368426
0.177254
0.153024
0.426146
0.215158
0.061403
0.083369
0.132772
0.231297
0.092307
0.354519
0.171193
0.043051
0.198809
0.159292
0.184037
0.232170
0.148018
0.175272
0.218889
0.040416
0.451757
0.289977
0.211343
0.388410
0.219023
0.241220
0.384579
0.197372
0.124235
0.101903
0.129652
0.191534
0.119381
0.281821
0.229503
0.132658
0.144048
0.178897
0.217571
0.210606
0.237376
0.179373
0.302173
0.136223
0.355690
0.332311
0.247184
0.252285
0.213237
0.257576
0.307902
0.149826
0.127108
0.259104
0.068028
0.141641
0.057324
0.163687
0.257867
0.271542
0.132037
0.249420
0.195887
0.164027
0.292650
0.311164
0.281817
0.225572
0.189760
0.319222
0.268744
0.150270
0.160660
0.239193
0.144400
0.127795
0.070092
0.249338
0.067658
0.105027
0.074535
0.140638
0.321224
0.320854
0.162349
0.196221
0.086577
0.163746
0.227252
0.272737
0.217909
0.167875
0.196334
0.253140
0.195367
0.107512
0.060983
0.242830
0.128372
0.167460
0.062364
0.113016
0.093821
0.065142
0.140389
0.099669
0.269803
0.336938
0.116554
0.069602
0.154169
0.286377
0.172932
0.207465
0.138362
0.037310
0.232555
0.256899
0.053929
0.311195
0.049060
0.185850
0.166484
0.086831
0.110290
0.135931
0.099780
0.109685
0.228997
0.156583
0.117227
0.310847
0.022158
0.250969
0.093429
0.300090
0.119448
0.140513
0.140156
0.149860
0.273764
0.312977
0.103640
0.582184
0.025720
0.119735
0.136349
0.207309
0.070568
0.210699
0.098459
0.236622
0.222193
0.196110
0.109075
0.238410
0.103892
0.336503
0.157373
0.297262
0.137721
0.151758
0.136907
0.220542
0.233581
0.338870
0.123165
0.693924
0.131787
0.033867
0.183754
0.311154
0.101733
0.235798
0.164465
0.376854
0.054902
0.212983
0.222043
0.148760
0.218874
0.394177
0.208836
0.303482
0.253185
0.209577
0.145538
0.257964
0.120157
0.303558
0.080951
0.577972
0.076701
0.047370
0.186686
0.272393
0.052918
0.133194
0.242860
0.379824
0.139120
0.184527
0.211137
0.095864
0.264595
0.453170
0.222928
0.264366
0.203789
0.271296
0.132957
0.294704
0.147047
0.237762
0.023078
0.368493
0.038578
0.080834
0.182176
0.261944
0.108955
0.094592
0.251394
0.308175
0.127142
0.117146
0.307644
0.168114
0.270541
0.319311
0.225198
0.218522
0.078463
0.327348
0.065370
0.189140
0.309809
0.226828
0.071953
0.129445
0.130851
0.073168
0.122426
0.332440
0.047602
0.174514
0.288777
0.212221
0.062555
0.104639
0.281397
0.164465
0.265155
0.061173
0.234333
0.096101
0.106758
0.321199
0.169364
0.077258
0.274732
0.345075
0.181645
0.067629
0.273452
0.042034
0.125266
0.319751
0.017182
0.223534
0.197232
0.159234
0.156215
0.118886
0.127586
0.037549
0.301577
0.121336
0.126567
0.049515
0.111266
0.168432
0.181314
0.077552
0.140977
0.374143
0.234898
0.168874
0.373988
0.052405
0.161736
0.250940
0.158362
0.145262
0.127596
0.128587
0.163041
0.221307
0.113205
0.111960
0.238041
0.223600
0.191316
0.097046
0.171295
0.024590
0.131288
0.070919
0.084528
0.416506
0.319966
0.248926
0.287732
0.101838
0.255465
0.142435
0.261192
0.053164
0.118161
0.285100
0.068543
0.244139
0.189993
0.140191
0.113194
0.234758
0.254312
0.154314
0.157844
0.027102
0.157798
0.059493
0.104525
0.450701
0.343033
0.267107
0.219754
0.273655
0.272031
0.042299
0.331957
0.027287
0.128859
0.386450
0.097319
0.117609
0.277343
0.282132
0.118236
0.183456
0.278081
0.141827
0.060913
0.027115
0.233414
0.142335
0.130905
0.367448
0.238873
0.231840
0.207495
0.318073
0.241878
0.026790
0.339154
0.152360
0.179559
0.380794
0.134524
0.035073
0.319959
0.358549
0.115086
0.183796
0.230359
0.088696
0.159828
0.120025
0.243595
0.239662
0.186360
0.288667
0.051391
0.215257
0.210512
0.199119
0.194428
0.072805
0.204412
0.311042
0.139612
0.330068
0.119516
0.135231
0.386653
0.299611
0.157890
0.165811
0.131525
0.089865
0.245994
0.255627
0.200284
0.327281
0.179866
0.275384
0.162836
0.237512
0.108398
0.043974
0.178945
0.155637
0.065525
0.304044
0.135673
0.276457
0.064210
0.166701
0.370675
0.172592
0.234650
0.132754
0.062696
0.116920
0.220634
0.381439
0.141873
0.337187
0.233532
0.262956
0.353913
0.199175
0.274058
0.148314
0.282012
0.170298
0.143681
0.126685
0.012158
0.163252
0.231231
0.114806
0.280537
0.111030
0.216267
0.138774
0.122534
0.161660
0.235743
0.454153
0.135575
0.265510
0.240789
0.151646
0.435474
0.119976
0.372900
0.290759
0.433668
0.207890
0.223436
0.104362
0.215741
0.077605
0.310645
0.106958
0.108703
0.280473
0.132564
0.093134
0.120445
0.178871
0.244493
0.312113
0.137935
0.152356
0.168653
0.043632
0.416180
0.050708
0.379371
0.325876
0.426100
0.277913
0.155226
0.163912
0.392160
0.129123
0.250101
0.098226
0.081496
0.412570
0.243058
0.128585
0.115704
0.156471
0.252117
0.126518
0.191279
0.130287
0.129483
0.168821
0.280165
0.034925
0.284344
0.268306
0.457183
0.245883
0.090220
0.157493
0.400053
0.169426
0.147622
0.093460
0.261066
0.425426
0.342604
0.080783
0.059261
0.098263
0.248557
0.161014
0.284863
0.091578
0.151917
0.299449
0.078844
0.006685
0.155958
0.188898
0.450412
0.129062
0.129480
0.098811
0.304496
0.134190
0.078756
0.111853
0.450911
0.306753
0.345883
0.088949
0.112078
0.018245
0.212805
0.265559
0.282120
0.141785
0.228369
0.340448
0.101331
0.100007
0.042047
0.120611
0.501006
0.139535
0.190428
0.059217
0.213369
0.110063
0.038031
0.127777
0.469170
0.235841
0.291003
0.095760
0.118372
0.166602
0.213734
0.235467
0.279036
0.123886
0.221256
0.319579
0.125799
0.203340
0.018656
0.107945
0.616191
0.097052
0.331153
0.050549
0.076019
0.168761
0.135462
0.102464
0.364361
0.171805
0.128507
0.179907
0.069990
0.244179
0.290205
0.111669
0.317054
0.155266
0.227862
0.310962
0.071659
0.260290
0.075741
0.162539
0.593083
0.084216
0.337249
0.101904
0.190014
0.178840
0.199919
0.104282
0.247322
0.037997
0.130904
0.262518
0.137869
0.221049
0.270010
0.045221
0.253839
0.157570
0.230716
0.321573
0.072714
0.259569
0.132336
0.157188
0.576409
0.142140
0.211955
0.202138
0.358108
0.159157
0.254629
0.141541
0.249093
0.195006
0.285832
0.241462
0.246911
0.151110
0.238235
0.088844
0.322175
0.200307
0.177667
0.321066
0.041719
0.173656
0.204987
0.209752
0.436106
0.183333
0.220984
0.247281
0.340228
0.099667
0.289827
0.143442
0.247816
0.329561
0.367619
0.196641
0.244198
0.131369
0.233286
0.100111
0.265191
0.258576
0.206520
0.221087
0.225293
0.240510
0.178406
0.299845
0.319714
0.152239
0.361584
0.210559
0.193545
0.092384
0.207596
0.174330
0.209274
0.353340
0.312589
0.145794
0.166760
0.043828
0.160282
0.190001
0.130810
0.179406
0.240873
0.107137
0.333991
0.363150
0.100964
0.374004
0.254794
0.130083
0.429249
0.137629
0.088312
0.084208
0.083450
0.207026
0.158799
0.308705
0.213420
0.025078
0.146690
0.074882
0.019320
0.319967
0.214225
0.174634
0.176539
0.094757
0.420583
0.389197
0.105345
0.284269
0.138064
0.046413
0.360696
0.051082
0.193712
0.035783
0.119472
0.186920
0.045460
0.214696
0.164348
0.170819
0.231249
0.166228
0.109668
0.374794
0.282544
0.190949
0.061368
0.115263
0.459445
0.317586
0.151001
0.144854
0.231433
0.069960
0.205630
0.080156
0.145959
0.015758
0.161761
0.178973
0.091654
0.108002
0.105403
0.200203
0.282976
0.331568
0.190001
0.252678
0.311299
0.095231
0.122645
0.185069
0.489710
0.261621
0.167572
0.077754
0.419863
0.148299
0.129229
0.184159
0.146111
0.061625
0.244637
0.130192
0.102245
0.134435
0.035846
0.184180
0.234369
0.367109
0.272585
0.123961
0.309628
0.037538
0.312936
0.279765
0.470267
0.294235
0.168727
0.103730
0.463864
0.213916
0.125584
0.174420
0.199480
0.111068
0.274077
0.109424
0.065118
0.134590
0.155685
0.162061
0.116113
0.306654
0.231416
0.126908
0.253862
0.057606
0.336424
0.319297
0.362480
0.247600
0.125566
0.167203
0.334702
0.162921
0.144543
0.231146
0.201645
0.182390
0.176270
0.171456
0.044158
0.081538
0.189794
0.114590
0.179278
0.233619
0.049233
0.201826
0.212344
0.074397
0.188491
0.255832
0.263530
0.138013
0.023623
0.191990
0.207739
0.247472
0.081664
0.243941
0.071127
0.206177
0.051014
0.199856
0.060770
0.061706
0.231315
0.047714
0.271498
0.135348
0.097919
0.318240
0.230768
0.079763
0.220411
0.173723
0.246436
0.124261
0.085164
0.215534
0.144912
0.362100
0.161558
0.153119
0.145082
0.159487
0.143583
0.132881
0.038611
0.067226
0.255187
0.110240
0.296973
0.109863
0.133924
0.329641
0.242741
0.161421
0.205965
0.165464
0.311177
0.196136
0.107759
0.241471
0.220722
0.356309
0.282253
0.068176
0.205472
0.083279
0.181038
0.094841
0.090549
0.089706
0.226751
0.113450
0.300451
0.069578
0.199092
0.279225
0.292714
0.229972
0.141216
0.215854
0.366666
0.206505
0.065782
0.167182
0.177714
0.196963
0.270236
0.025354
0.125836
0.093521
0.176010
0.229310
0.224187
0.109809
0.211007
0.076406
0.341168
0.247673
0.282438
0.257104
0.254564
0.165426
0.153812
0.226457
0.401365
0.146861
0.109925
0.234723
0.031996
0.039880
0.161019
0.031483
0.102176
0.146222
0.138183
0.284269
0.355001
0.113807
0.288472
0.123232
0.257556
0.357550
0.200998
0.249468
0.085922
0.129150
0.099086
0.144474
0.354253
0.075610
0.026526
0.415489
0.115198
0.111129
0.085911
0.111328
0.129700
0.189706
0.076687
0.146550
0.334101
0.069151
0.351809
0.140692
0.183245
0.348775
0.160831
0.177917
0.278681
0.157309
0.150849
0.240315
0.267835
0.143966
0.117057
0.389147
0.193098
0.169083
0.058342
0.163301
0.071425
0.220017
0.073851
0.046647
0.236964
0.101685
0.420105
0.186988
0.231441
0.224623
0.281409
0.111162
0.375056
0.201572
0.287858
0.269426
0.213599
0.182676
0.164904
0.292765
0.220542
0.227515
0.019930
0.142213
0.148891
0.254305
0.096156
0.141109
0.114543
0.116792
0.417687
0.152159
0.187968
0.101552
0.303925
0.156733
0.374014
0.185207
0.243672
0.295379
0.249591
0.193376
0.169511
0.227841
0.222233
0.226247
0.049072
0.138585
0.074982
0.244320
0.156404
0.206992
0.037616
0.117915
0.259753
0.062520
0.092579
0.057790
0.292742
0.190294
0.303174
0.143852
0.104028
0.333348
0.230465
0.134220
0.242523
0.262768
0.227167
0.237356
0.113024
0.296290
0.021055
0.236411
0.151436
0.267333
0.049122
0.110465
0.128801
0.156416
0.044664
0.100188
0.361293
0.080143
0.202125
0.089235
0.026186
0.271585
0.141997
0.053088
0.222405
0.387799
0.098961
0.249148
0.154221
0.336529
0.058377
0.222340
0.089802
0.223437
0.082698
0.134722
0.293434
0.184688
0.094350
0.220212
0.302222
0.073291
0.152180
0.066812
0.083071
0.244705
0.104073
0.197053
0.178543
0.372262
0.038945
0.213912
0.200093
0.270032
0.126459
0.156363
0.047796
0.085703
0.111906
0.111693
0.474949
0.143566
0.123748
0.258302
0.188087
0.091420
0.118987
0.056305
0.067715
0.253888
0.113018
0.253507
0.152538
0.436826
0.111762
0.185518
0.226273
0.206186
0.142549
0.167662
0.132376
0.036470
0.202969
0.017900
0.453247
0.152436
0.145774
0.298929
0.127328
0.060909
0.067624
0.038944
0.061946
0.183299
0.030566
0.225654
0.186302
0.387808
0.159567
0.193961
0.257575
0.141036
0.092158
0.231936
0.227847
0.024833
0.286227
0.063347
0.495289
0.149499
0.259497
0.253986
0.019388
0.103370
0.071395
0.060674
0.091289
0.175713
0.158922
0.140792
0.180180
0.283422
0.255270
0.237636
0.174212
0.083386
0.112448
0.210310
0.240311
0.122571
0.262054
0.073850
0.492236
0.055475
0.285489
0.169395
0.066971
0.128925
0.202338
0.039463
0.157176
0.283679
0.229004
0.105512
0.282536
0.185945
0.335921
0.251430
0.062249
0.189251
0.095310
0.134979
0.178671
0.168160
0.172142
0.087569
0.344597
0.128039
0.205492
0.160543
0.119915
0.143379
0.267177
0.080283
0.234445
0.357806
0.147269
0.021675
0.313439
0.074598
0.345310
0.261569
0.132714
0.213602
0.158820
0.050334
0.144675
0.112272
0.176010
0.047809
0.128725
0.209511
0.055677
0.216760
0.222877
0.113187
0.194120
0.219044
0.182446
0.327840
0.062981
0.106235
0.319882
0.082615
0.282451
0.172449
0.188952
0.142067
0.163990
0.038812
0.216997
0.069449
0.069631
0.048025
0.071385
0.175287
0.121344
0.197769
0.257546
0.100632
0.078567
0.319300
0.094579
0.269901
0.193842
0.097617
0.347084
0.250180
0.305751
0.106537
0.288581
0.194075
0.253374
0.109762
0.220842
0.154339
0.109289
0.090559
0.098493
0.106792
0.193372
0.115859
0.182283
0.155564
0.160292
0.176483
0.220701
0.223988
0.292062
0.115108
0.276387
0.331877
0.306711
0.087434
0.328534
0.219603
0.304876
0.134921
0.123392
0.255034
0.216357
0.088063
0.119208
0.149459
0.147108
0.053685
0.107113
0.164841
0.251494
0.021251
0.287650
0.174444
0.295827
0.170181
0.220052
0.303978
0.222137
0.104825
0.315002
0.205017
0.273405
0.081963
0.104320
0.243084
0.291875
0.137180
0.167127
0.256358
0.039681
0.029790
0.045781
0.229192
0.240072
0.167712
0.231252
0.050448
0.253087
0.110479
0.136453
0.253887
0.139609
0.161469
0.306241
0.150920
0.190235
0.084386
0.193449
0.156876
0.259276
0.191999
0.154244
0.263743
0.059343
0.073851
0.081616
0.270183
0.203475
0.318535
0.080945
0.125615
0.131939
0.098292
0.031377
0.321596
0.161523
0.190728
0.390062
0.076637
0.132736
0.117303
0.236461
0.055132
0.143800
0.165103
0.144289
0.290665
0.057072
0.185934
0.074821
0.331093
0.187619
0.433388
0.100218
0.118146
0.137742
0.158719
0.126225
0.321269
0.251413
0.098938
0.448714
0.064739
0.110653
0.013359
0.283942
0.091536
0.012530
0.067763
0.327776
0.306972
0.154454
0.282272
0.098211
0.277558
0.200159
0.351861
0.176293
0.095869
0.169690
0.153496
0.331949
0.207055
0.264976
0.148921
0.379523
0.057362
0.123260
0.188263
0.324798
0.165405
0.140684
0.071690
0.447704
0.186946
0.215284
0.374189
0.157471
0.102772
0.288887
0.112893
0.137735
0.241576
0.194178
0.226074
0.361206
0.143974
0.235203
0.257132
0.235108
0.143442
0.164963
0.263859
0.258341
0.249399
0.199747
0.174218
0.419471
0.070524
0.250289
0.316684
0.192183
0.073693
0.330819
0.178167
0.081777
0.255467
0.227358
0.208875
0.265726
0.160566
0.201093
0.241310
0.044988
0.235400
0.218515
0.264140
0.209021
0.348574
0.097711
0.261007
0.260329
0.074516
0.298193
0.182768
0.135462
0.150712
0.251886
0.270399
0.089878
0.275657
0.221815
0.123149
0.152446
0.140543
0.078870
0.165194
0.166751
0.159140
0.206185
0.209793
0.215858
0.310109
0.043444
0.300275
0.077023
0.091198
0.295276
0.130497
0.106677
0.213148
0.142009
0.294642
0.120482
0.256356
0.155342
0.141239
0.080468
0.199483
0.095702
0.166837
0.189652
0.115148
0.128954
0.086402
0.257562
0.208133
0.103958
0.237176
0.104047
0.148927
0.149317
0.089949
0.125027
0.275420
0.194841
0.258025
0.119505
0.183875
0.074588
0.167451
0.040721
0.333720
0.176656
0.148536
0.120274
0.139806
0.131450
0.084154
0.282475
0.040796
0.087360
0.129969
0.144433
0.203571
0.104519
0.117143
0.082173
0.282971
0.152894
0.225864
0.150003
0.089764
0.084518
0.156323
0.132978
0.399285
0.151474
0.110155
0.130196
0.145886
0.156052
0.207321
0.181566
0.112397
0.116178
0.106329
0.113967
0.244054
0.129388
0.163698
0.065346
0.206597
0.051548
0.153471
0.117838
0.038387
0.130013
0.100884
0.186174
0.348135
0.104190
0.053104
0.198465
0.117691
0.071939
0.227495
0.180440
0.123697
0.127482
0.152331
0.155833
0.200567
0.087920
0.172325
0.136473
0.224590
0.077110
0.116678
0.119132
0.106798
0.195485
0.069479
0.229979
0.186404
0.089280
0.062244
0.270633
0.135706
0.107902
0.190025
0.292146
0.088171
0.076802
0.192793
0.228089
0.248466
0.218431
0.166003
0.114102
0.156971
0.054017
0.078947
0.251177
0.107887
0.260231
0.219785
0.235094
0.023215
0.164261
0.066577
0.292716
0.086305
0.208011
0.200540
0.360643
0.154609
0.140161
0.206683
0.264053
0.174659
0.353089
0.220631
0.074032
0.053343
0.042963
0.079439
0.187628
0.106669
0.282848
0.355003
0.234237
0.090645
0.245735
0.151192
0.206764
0.146600
0.210330
0.226376
0.310805
0.140148
0.217255
0.218288
0.321372
0.112319
0.337393
0.240788
0.100939
0.077485
0.097916
0.127333
0.085357
0.099105
0.186399
0.321668
0.251060
0.146179
0.281133
0.201784
0.089462
0.192585
0.105438
0.196250
0.262367
0.151365
0.224554
0.151893
0.372194
0.150244
0.279837
0.156952
0.102917
0.134412
0.174835
0.181602
0.154462
0.117138
0.086418
0.203748
0.194286
0.096783
0.198580
0.116044
0.073882
0.257981
0.054993
0.263399
0.173626
0.181057
0.225551
0.119452
0.237154
0.225242
0.258318
0.206623
0.108991
0.126014
0.130894
0.193108
0.219316
0.261770
0.020639
0.127740
0.188202
0.100554
0.161390
0.142166
0.160240
0.211585
0.052160
0.210103
0.169233
0.166546
0.246347
0.219764
0.116544
0.276120
0.208575
0.257253
0.118165
0.077851
0.064037
0.203577
0.201721
0.238939
0.177112
0.077558
0.259254
0.125978
0.118887
0.312839
0.028466
0.251962
0.074208
0.119307
0.279108
0.183842
0.232570
0.211092
0.165544
0.197728
0.190957
0.321938
0.077324
0.143252
0.058104
0.175547
0.100829
0.105987
0.297853
0.125382
0.359092
0.126490
0.030645
0.367621
0.135889
0.441631
0.064666
0.190103
0.311570
0.244692
0.105875
0.119584
0.155718
0.029552
0.129969
0.331681
0.011683
0.202868
0.118561
0.078363
0.171970
0.023035
0.293243
0.192349
0.378492
0.070714
0.026129
0.285469
0.227690
0.430941
0.050614
0.154779
0.259460
0.149582
0.022986
0.134645
0.184647
0.233031
0.060866
0.263282
0.099293
0.151264
0.144408
0.188512
0.156956
0.117657
0.190856
0.281573
0.347374
0.086450
0.103146
0.105370
0.252347
0.283179
0.100937
0.151623
0.264908
0.062302
0.113194
0.205328
0.127107
0.298455
0.098406
0.146329
0.132123
0.038996
0.089597
0.237683
0.180829
0.118398
0.139203
0.240018
0.376331
0.151662
0.133964
0.022244
0.205516
0.285196
0.109252
0.211089
0.240180
0.141255
0.226560
0.309848
0.098614
0.293892
0.178058
0.073794
0.214485
0.171140
0.125483
0.235187
0.185225
0.098811
0.192703
0.250715
0.372857
0.283538
0.151295
0.192916
0.214873
0.163461
0.117966
0.261887
0.204170
0.181083
0.245063
0.404466
0.179083
0.246906
0.157550
0.084447
0.197985
0.273046
0.130282
0.236006
0.148208
0.124369
0.234327
0.251871
0.177134
0.438471
0.215317
0.314924
0.249233
0.092416
0.151456
0.203610
0.217522
0.171131
0.145546
0.396175
0.119055
0.143592
0.062447
0.051806
0.114967
0.320978
0.031068
0.183665
0.123209
0.146696
0.224225
0.157321
0.119241
0.443000
0.312818
0.288861
0.218369
0.318414
0.156318
0.192406
0.248300
0.189859
0.090161
0.351737
0.073030
0.053940
0.096137
0.102794
0.061321
0.318248
0.081192
0.101133
0.114606
0.096342
0.273519
0.092433
0.316643
0.320884
0.332660
0.272873
0.228906
0.435834
0.135103
0.150907
0.239370
0.213056
0.260239
0.309742
0.091303
0.095942
0.118869
0.166392
0.065779
0.172632
0.146743
0.060878
0.119589
0.263481
0.256338
0.077878
0.409480
0.243428
0.255596
0.198529
0.204378
0.488168
0.198605
0.174617
0.245394
0.212310
0.237894
0.226676
0.094269
0.163111
0.125883
0.180117
0.142236
0.070663
0.214822
0.042333
0.093689
0.363900
0.188709
0.074628
0.465460
0.162086
0.172147
0.081536
0.165323
0.464710
0.331385
0.311886
0.240332
0.214248
0.178804
0.113145
0.060475
0.113892
0.169337
0.123757
0.204570
0.202400
0.204979
0.126299
0.118767
0.326103
0.169596
0.110033
0.366153
0.217464
0.151892
0.040874
0.154419
0.340115
0.422474
0.337237
0.312663
0.192011
0.161553
0.026232
0.132314
0.157810
0.207614
0.093961
0.192029
0.310311
0.109041
0.282141
0.137654
0.199791
0.217777
0.273359
0.176984
0.186121
0.154216
0.068929
0.165479
0.150895
0.353570
0.281935
0.372427
0.129072
0.178815
0.087012
0.211426
0.260006
0.151374
0.116242
0.157785
0.325499
0.175221
0.378898
0.162671
0.130861
0.200032
0.346281
0.062246
0.046141
0.209786
0.081728
0.146553
0.102017
0.252209
0.109649
0.264994
0.207712
0.169099
0.125426
0.148041
0.305423
0.088144
0.102874
0.089721
0.282484
0.247711
0.303061
0.269821
0.077631
0.148604
0.271571
0.150044
0.079559
0.211313
0.080684
0.103852
0.157161
0.178420
0.211847
0.131270
0.173601
0.309502
0.220013
0.151171
0.302456
0.204397
0.066275
0.155228
0.158102
0.248162
0.098022
0.311719
0.122186
0.123223
0.150799
0.200768
0.184192
0.107194
0.073173
0.040004
0.234757
0.129271
0.382748
0.156153
0.059096
0.404470
0.212513
0.169331
0.222790
0.238755
0.081276
0.176013
0.198772
0.187246
0.140837
0.264377
0.219969
0.156159
0.078035
0.241077
0.235384
0.082764
0.064074
0.039979
0.211882
0.054087
0.440023
0.173208
0.137280
0.345644
0.247308
0.192140
0.211611
0.113139
0.151095
0.130225
0.303216
0.094049
0.199352
0.210564
0.289707
0.142999
0.141619
0.189164
0.262939
0.306428
0.064517
0.052922
0.209684
0.247857
0.424502
0.321289
0.125055
0.272294
0.256839
0.202921
0.154733
0.093383
0.189218
0.250618
0.257461
0.064325
0.137667
0.131646
0.449236
0.196142
0.074572
0.100585
0.260881
0.377425
0.044097
0.121823
0.250566
0.391957
0.383488
0.340451
0.083585
0.236543
0.165389
0.207048
0.094680
0.069832
0.215941
0.416418
0.194899
0.132097
0.022504
0.064672
