# G_5, p = 0.1000 GPa (dir_1000.0_bar).
# 6MR distortion Gamma = (1/2)(max - min) over the three opposite-O diagonals.
# 40 rings x 51 frames = 2040 samples.
# Column: per-6MR Gamma [A]
0.002378
0.001944
0.002378
0.001909
0.002446
0.001952
0.002471
0.001976
0.002433
0.001925
0.002429
0.001957
0.002433
0.001957
0.002460
0.001995
0.002152
0.001772
0.002179
0.001832
0.002231
0.001813
0.002227
0.001853
0.002217
0.001832
0.002203
0.001813
0.002176
0.001826
0.002205
0.001799
0.001845
0.001813
0.001832
0.001810
0.001848
0.001842
0.001864
0.001824
0.453600
0.227875
0.234169
0.187290
0.030013
0.087259
0.122959
0.122886
0.194896
0.462311
0.100770
0.303042
0.378230
0.219669
0.323072
0.202610
0.159593
0.122590
0.191860
0.081288
0.180220
0.051109
0.014228
0.123362
0.204296
0.136775
0.332410
0.187466
0.347868
0.219474
0.100979
0.300972
0.225849
0.359550
0.087407
0.197578
0.151116
0.183505
0.190278
0.115805
0.401276
0.214698
0.096045
0.052736
0.146379
0.195905
0.211260
0.220475
0.324861
0.402763
0.149223
0.301426
0.236557
0.179194
0.311831
0.111283
0.069910
0.101663
0.171128
0.043456
0.226860
0.155068
0.118234
0.131897
0.141147
0.508187
0.337402
0.218667
0.373585
0.332669
0.392648
0.527021
0.159379
0.399704
0.101103
0.101889
0.190681
0.269060
0.088999
0.205554
0.170272
0.206418
0.382687
0.052636
0.092897
0.074673
0.261585
0.354379
0.207317
0.258071
0.250099
0.204537
0.136697
0.164463
0.131081
0.356534
0.205690
0.164044
0.182352
0.143399
0.247297
0.198085
0.097013
0.201496
0.220903
0.355919
0.201275
0.255260
0.180874
0.188409
0.193108
0.279638
0.307463
0.210143
0.144792
0.246984
0.181654
0.196746
0.231402
0.032263
0.109889
0.102858
0.080305
0.104345
0.089901
0.265191
0.085378
0.153762
0.102868
0.074059
0.261700
0.119218
0.270332
0.380055
0.125422
0.116293
0.110655
0.093313
0.299178
0.274018
0.256967
0.109160
0.040779
0.137952
0.101534
0.153627
0.093690
0.124966
0.050183
0.242582
0.199995
0.095740
0.364722
0.097722
0.168658
0.305095
0.406365
0.219636
0.223923
0.236974
0.276016
0.167988
0.087403
0.188559
0.080688
0.264376
0.256328
0.180513
0.437373
0.134516
0.100286
0.123748
0.192235
0.350199
0.306425
0.252097
0.276655
0.047965
0.225455
0.255651
0.269751
0.148223
0.090445
0.313425
0.108848
0.339309
0.158206
0.414370
0.134580
0.254083
0.224995
0.279235
0.172272
0.340749
0.190849
0.155358
0.560598
0.077180
0.143588
0.194405
0.137944
0.162918
0.337849
0.307068
0.159256
0.312083
0.052785
0.014586
0.349868
0.196365
0.129991
0.104651
0.111315
0.163046
0.444604
0.179946
0.184540
0.113276
0.348653
0.158776
0.266100
0.200056
0.063613
0.268949
0.067886
0.142491
0.111839
0.288205
0.121764
0.311546
0.117447
0.217741
0.286358
0.262503
0.201483
0.056912
0.321002
0.087645
0.069985
0.088913
0.228380
0.208495
0.246595
0.139266
0.178750
0.080093
0.115075
0.386441
0.052871
0.312119
0.254801
0.108125
0.236063
0.117033
0.178067
0.050426
0.089363
0.096298
0.195011
0.244184
0.066555
0.109738
0.228875
0.316702
0.131956
0.214796
0.152338
0.137296
0.262145
0.245693
0.056882
0.212002
0.461202
0.037910
0.220862
0.250210
0.217700
0.140270
0.280858
0.196733
0.285226
0.144459
0.392699
0.086597
0.412582
0.064145
0.314598
0.308496
0.264177
0.225569
0.355083
0.194693
0.245451
0.519876
0.139389
0.103201
0.153729
0.257485
0.100372
0.231628
0.167190
0.170368
0.084604
0.054336
0.355887
0.016064
0.098363
0.300020
0.330549
0.346378
0.198261
0.318812
0.268730
0.272711
0.075378
0.308401
0.471404
0.162374
0.223305
0.207640
0.159605
0.248268
0.251954
0.211962
0.070616
0.399365
0.142968
0.154130
0.450986
0.290171
0.483933
0.169149
0.043100
0.493468
0.177758
0.061577
0.190604
0.284763
0.123666
0.220315
0.177246
0.288898
0.143145
0.266624
0.303744
0.153364
0.149879
0.098388
0.172414
0.084554
0.295749
0.108755
0.375971
0.285150
0.274944
0.281815
0.342522
0.116069
0.052552
0.328385
0.130125
0.214578
0.305241
0.077757
0.388537
0.256967
0.191619
0.336860
0.324541
0.126926
0.113522
0.160432
0.133963
0.386342
0.245969
0.161350
0.363409
0.166736
0.216799
0.122722
0.022487
0.181986
0.315277
0.170343
0.026062
0.210466
0.269585
0.126551
0.465588
0.191420
0.124649
0.205453
0.248543
0.050651
0.255839
0.131880
0.205465
0.174479
0.141341
0.093638
0.254177
0.221636
0.036397
0.122361
0.155915
0.054367
0.060361
0.209334
0.231853
0.117461
0.407820
0.222077
0.208516
0.461452
0.128217
0.174655
0.147788
0.249971
0.165462
0.335817
0.078681
0.143503
0.172732
0.289292
0.413815
0.352601
0.294081
0.101465
0.384494
0.307050
0.053837
0.224466
0.244229
0.218863
0.048455
0.027006
0.172521
0.219071
0.157980
0.356826
0.307600
0.053178
0.119571
0.055175
0.297619
0.163338
0.108468
0.121449
0.237388
0.155104
0.374694
0.182880
0.214935
0.023093
0.103959
0.147034
0.228129
0.341078
0.103870
0.432437
0.273962
0.132729
0.235483
0.388202
0.323629
0.146474
0.168946
0.173898
0.176974
0.235569
0.220489
0.338566
0.102842
0.134947
0.184812
0.096821
0.266701
0.073021
0.121990
0.316411
0.148797
0.116669
0.039213
0.328030
0.191317
0.358280
0.096266
0.341267
0.415622
0.205684
0.196955
0.145669
0.272220
0.248864
0.041856
0.298462
0.280891
0.157363
0.361732
0.261788
0.127496
0.060088
0.231458
0.340202
0.234895
0.156986
0.289347
0.300312
0.039453
0.085757
0.222941
0.132368
0.157187
0.131333
0.294375
0.159127
0.133720
0.014378
0.305914
0.261155
0.379885
0.250616
0.213678
0.244505
0.132010
0.260175
0.105063
0.232229
0.338659
0.210257
0.104855
0.114458
0.171203
0.415566
0.077689
0.312472
0.145566
0.120441
0.159556
0.232903
0.088925
0.080876
0.040261
0.129874
0.141037
0.244324
0.468051
0.158349
0.171677
0.071767
0.248689
0.127897
0.269687
0.078313
0.229432
0.096179
0.357797
0.187504
0.321987
0.346437
0.434165
0.443996
0.169644
0.244504
0.100535
0.095306
0.109518
0.060850
0.035593
0.116403
0.287012
0.282122
0.069279
0.318537
0.035051
0.100410
0.163382
0.130910
0.191606
0.018865
0.125082
0.168332
0.088917
0.264856
0.123530
0.046740
0.229796
0.225493
0.232777
0.065387
0.278211
0.199245
0.094331
0.116469
0.099672
0.209500
0.265205
0.185075
0.191638
0.280000
0.133724
0.182150
0.240858
0.279689
0.165541
0.146700
0.260128
0.273660
0.100524
0.210164
0.045769
0.202598
0.323050
0.091367
0.235202
0.338577
0.107247
0.245492
0.190504
0.216076
0.081294
0.278277
0.200923
0.300166
0.254916
0.088650
0.128518
0.358062
0.074620
0.203165
0.236994
0.186388
0.162386
0.243861
0.232183
0.158787
0.053159
0.114040
0.174454
0.251135
0.144216
0.073977
0.148324
0.291408
0.263918
0.177065
0.199329
0.527820
0.467089
0.300832
0.217247
0.093006
0.294383
0.343914
0.112565
0.431060
0.340903
0.106478
0.360584
0.189850
0.199203
0.422381
0.181803
0.314465
0.136488
0.105956
0.165343
0.250727
0.119275
0.096080
0.295234
0.106528
0.056294
0.237133
0.120157
0.089762
0.201623
0.243855
0.199116
0.090725
0.399831
0.174085
0.202157
0.272288
0.270535
0.074161
0.239458
0.305478
0.273163
0.095859
0.120417
0.067829
0.048075
0.191744
0.080810
0.201509
0.305722
0.136023
0.318206
0.367018
0.265690
0.183994
0.172847
0.239812
0.195175
0.091117
0.205083
0.150038
0.130321
0.138512
0.263070
0.204516
0.161957
0.305197
0.170209
0.124324
0.167198
0.093163
0.274289
0.269905
0.379331
0.242041
0.181001
0.214747
0.115357
0.123542
0.169572
0.182361
0.027808
0.109653
0.259830
0.103656
0.352052
0.307334
0.172714
0.197339
0.302926
0.078238
0.189677
0.359935
0.049515
0.182261
0.170324
0.130946
0.066419
0.083371
0.358366
0.257940
0.123634
0.122339
0.160810
0.191866
0.176496
0.204713
0.115207
0.119861
0.311899
0.202599
0.184834
0.351786
0.063150
0.198867
0.193905
0.396234
0.408910
0.094824
0.065461
0.446228
0.111534
0.214345
0.093314
0.065081
0.258912
0.140900
0.221486
0.096720
0.083795
0.025771
0.303823
0.216061
0.046137
0.341150
0.425097
0.286086
0.218519
0.031255
0.403324
0.205944
0.123968
0.109997
0.311148
0.117243
0.175566
0.184748
0.039376
0.233138
0.133578
0.125123
0.166686
0.235348
0.378401
0.123283
0.314021
0.337365
0.469895
0.121669
0.090570
0.339017
0.060203
0.379700
0.107751
0.087525
0.248439
0.046277
0.130966
0.125222
0.242524
0.058289
0.164384
0.004299
0.122797
0.269598
0.314602
0.042121
0.114409
0.061718
0.319711
0.271636
0.106588
0.124638
0.258061
0.082618
0.155575
0.157201
0.098878
0.227521
0.087165
0.070672
0.214348
0.171516
0.270231
0.083336
0.552820
0.315349
0.120731
0.119801
0.320681
0.109000
0.154617
0.333606
0.118394
0.134086
0.442201
0.068839
0.182069
0.189501
0.172737
0.296222
0.246214
0.105752
0.113518
0.223147
0.163866
0.081798
0.250124
0.072476
0.262317
0.175502
0.141968
0.241628
0.144088
0.034012
0.153075
0.124474
0.245533
0.207299
0.041896
0.126346
0.039063
0.053480
0.182662
0.113013
0.308410
0.063328
0.125469
0.161177
0.247016
0.155876
0.099392
0.139820
0.230763
0.173398
0.311004
0.077568
0.116889
0.161016
0.200478
0.296924
0.347420
0.164280
0.200478
0.163780
0.034566
0.086020
0.120308
0.168907
0.143353
0.137002
0.286583
0.295445
0.114743
0.208008
0.135625
0.053368
0.116898
0.284790
0.172149
0.071709
0.111645
0.286973
0.230734
0.081539
0.303417
0.182495
0.199453
0.085449
0.161648
0.191672
0.178141
0.206651
0.122166
0.152888
0.285712
0.102353
0.382854
0.069155
0.108907
0.021957
0.220858
0.290546
0.111449
0.165762
0.034735
0.046075
0.245963
0.129735
0.312335
0.044781
0.252573
0.049467
0.103371
0.133697
0.050764
0.095342
0.181107
0.138132
0.155234
0.118569
0.220524
0.161525
0.168954
0.092478
0.294318
0.149781
0.033362
0.338897
0.205981
0.074706
0.272933
0.341497
0.096823
0.018870
0.316120
0.126848
0.350010
0.145875
0.229411
0.269989
0.157551
0.112977
0.135722
0.191112
0.192594
0.208893
0.446369
0.257535
0.358763
0.080483
0.230606
0.147264
0.237440
0.102848
0.133694
0.127753
0.149404
0.219882
0.130798
0.136591
0.209887
0.247078
0.383529
0.197321
0.177900
0.338936
0.060431
0.393489
0.186972
0.233927
0.247856
0.376467
0.073927
0.317762
0.369716
0.232768
0.139806
0.188982
0.248848
0.213215
0.411223
0.097685
0.129177
0.061616
0.364393
0.150540
0.203490
0.122756
0.197127
0.174574
0.171793
0.233623
0.104662
0.126251
0.382128
0.075697
0.232867
0.271213
0.210030
0.303185
0.061825
0.324059
0.248281
0.125744
0.062447
0.133663
0.082870
0.175089
0.241255
0.173043
0.087688
0.086760
0.265333
0.283927
0.394351
0.074798
0.260226
0.260135
0.351085
0.018714
0.201195
0.160683
0.058765
0.126968
0.354587
0.117584
0.143334
0.193864
0.191516
0.207555
0.213845
0.290424
0.281018
0.045109
0.275452
0.034158
0.121775
0.212990
0.222991
0.198440
0.033141
0.216890
0.116363
0.096427
0.222895
0.313461
0.095621
0.182297
0.271913
0.095219
0.389424
0.118363
0.272968
0.161708
0.048314
0.241838
0.275671
0.401500
0.365083
0.065845
0.148170
0.139430
0.066646
0.007189
0.350173
0.204728
0.169702
0.102531
0.276056
0.155973
0.173747
0.406057
0.289635
0.126976
0.170259
0.241550
0.099665
0.419050
0.200857
0.225697
0.103898
0.079237
0.053410
0.055848
0.274688
0.261717
0.105037
0.440046
0.173732
0.223488
0.259669
0.110720
0.123053
0.026980
0.036209
0.267384
0.278259
0.199918
0.395394
0.146137
0.273402
0.096142
0.282751
0.130877
0.155071
0.227716
0.172354
0.227799
0.226117
0.195255
0.189426
0.199968
0.189472
0.226252
0.143548
0.150201
0.093367
0.263380
0.320646
0.263900
0.256044
0.110878
0.380658
0.077018
0.188212
0.200039
0.167533
0.373186
0.442323
0.167350
0.235740
0.162181
0.320492
0.246239
0.113158
0.084680
0.188196
0.226480
0.125844
0.093912
0.325259
0.252765
0.169039
0.168930
0.123889
0.231537
0.205460
0.146622
0.210876
0.173092
0.151651
0.138541
0.107229
0.251419
0.297170
0.112658
0.348519
0.250970
0.252456
0.271904
0.234941
0.195365
0.123900
0.142869
0.328088
0.070244
0.206717
0.207045
0.304775
0.136346
0.199412
0.157905
0.224781
0.123866
0.372418
0.177911
0.222961
0.245720
0.111205
0.117284
0.230958
0.230390
0.196076
0.124349
0.307087
0.118625
0.166655
0.187849
0.140054
0.366283
0.088497
0.192797
0.159226
0.229057
0.386264
0.116296
0.330415
0.082460
0.334025
0.249257
0.162279
0.406810
0.323594
0.088030
0.140876
0.142310
0.293637
0.119047
0.303107
0.068075
0.219371
0.183208
0.143135
0.100423
0.318853
0.141501
0.283767
0.203145
0.166727
0.124674
0.110592
0.245054
0.073008
0.192091
0.252684
0.356863
0.151748
0.196339
0.105409
0.314339
0.102577
0.308349
0.310943
0.121705
0.302110
0.222214
0.199923
0.160733
0.243111
0.172277
0.170263
0.469525
0.454660
0.142588
0.102066
0.242339
0.063171
0.228152
0.200737
0.139252
0.186731
0.094847
0.126673
0.169325
0.263914
0.078495
0.223789
0.178628
0.108067
0.193582
0.080273
0.282951
0.081854
0.169045
0.120356
0.359767
0.060654
0.144626
0.109571
0.180383
0.214242
0.275310
0.260313
0.042465
0.149568
0.112917
0.276211
0.237585
0.214425
0.150315
0.096635
0.089155
0.224407
0.184737
0.089994
0.275564
0.177507
0.336175
0.207893
0.136653
0.198366
0.109741
0.052107
0.252311
0.441905
0.096728
0.292777
0.139518
0.050286
0.165511
0.201827
0.127528
0.095646
0.201512
0.093201
0.177983
0.121695
0.149535
0.178962
0.101962
0.291547
0.146963
0.055273
0.224156
0.331946
0.297669
0.302297
0.309162
0.144225
0.106837
0.072130
0.124483
0.098457
0.134054
0.213559
0.033416
0.080961
0.273242
0.026287
0.077347
0.084492
0.109967
0.080753
0.173944
0.332350
0.191631
0.167973
0.152983
0.271139
0.303207
0.206516
0.146780
0.207343
0.450108
0.171185
0.451544
0.158546
0.151275
0.111872
0.242738
0.120034
0.279050
0.178151
0.167977
0.329065
0.210335
0.177476
0.158753
0.107962
0.198072
0.149380
0.244294
0.226418
0.104814
0.260873
0.318964
0.157748
0.101160
0.200140
0.155930
0.117679
0.118265
0.079694
0.175344
0.226023
0.080138
0.084610
0.007517
0.277859
0.195483
0.122242
0.218219
0.287456
0.216178
0.177529
0.275032
0.125291
0.082570
0.119711
0.311828
0.193070
0.318301
0.148233
0.217758
0.244336
0.110068
0.162671
0.092759
0.137088
0.236184
0.136133
0.121102
0.268781
0.121366
0.103548
0.182741
0.169732
0.062353
0.191618
0.172416
0.207540
0.014877
0.068907
0.474921
0.281590
0.207838
0.203098
0.208928
0.104092
0.098520
0.086309
0.201528
0.071051
0.041169
0.236736
0.348133
0.375996
0.080352
0.097491
0.120659
0.254304
0.106754
0.278663
0.134561
0.200169
0.162241
0.310076
0.098053
0.167548
0.032127
0.315255
0.200350
0.164951
0.024264
0.217704
0.167385
0.119396
0.081740
0.288642
0.059470
0.246536
0.121564
0.099351
0.301255
0.376876
0.253920
0.026478
0.174462
0.343780
0.113121
0.438812
0.084899
0.236520
0.344319
0.138011
0.358515
0.076803
0.065559
0.198292
0.386157
0.287239
0.205870
0.147495
0.423574
0.293564
0.208052
0.163742
0.114286
0.151913
0.123456
0.179433
0.254815
0.281023
0.078127
0.173091
0.227097
0.157260
0.054880
0.270975
0.063926
0.111169
0.106220
0.058001
0.056321
0.386412
0.170050
0.291293
0.267566
0.328408
0.151380
0.215363
0.232319
0.203855
0.464901
0.130768
0.047868
0.266285
0.158627
0.355592
0.140891
0.168871
0.169193
0.215842
0.370703
0.092232
0.022586
0.234788
0.122301
0.219037
0.067152
0.250709
0.088974
0.116711
0.325361
0.264975
0.128804
0.389219
0.088496
0.269070
0.302626
0.248956
0.314217
0.151352
0.151736
0.323597
0.055061
0.142645
0.211881
0.250718
0.169273
0.132891
0.137802
0.156041
0.278174
0.096902
0.128861
0.357259
0.225196
0.227890
0.109605
0.575393
0.293065
0.052352
0.064616
0.096741
0.048880
0.193630
0.036407
0.323376
0.160516
0.211310
0.168352
0.075779
0.282292
0.449538
0.169354
0.254246
0.215606
0.030604
0.071577
0.234144
0.372607
0.245481
0.198888
0.357254
0.129146
0.162981
0.089967
0.063421
0.070761
0.280833
0.356286
0.117810
0.018308
0.108861
0.041451
0.290900
0.046135
0.149533
0.158252
0.207840
0.210626
0.136229
0.389393
0.200067
0.047209
0.250337
0.053491
0.193527
0.213370
0.087277
0.159474
0.241446
0.099739
0.308997
0.294851
0.341271
0.181976
0.091697
0.272976
0.019307
0.201038
0.286229
0.243844
0.281162
0.053884
0.260427
0.339332
0.316388
0.145250
0.349360
0.359766
0.200943
0.247835
0.121775
0.074332
0.328328
0.360446
0.191045
0.071302
0.157514
0.143681
0.145144
0.334047
0.103395
0.213520
0.461061
0.037285
0.211261
0.043012
0.082989
0.228678
0.303543
0.094878
0.268635
0.129044
0.290176
0.095516
0.241960
0.189412
0.190404
0.033270
0.184671
0.332361
0.295480
0.208460
0.286364
0.300725
0.257644
0.123909
0.392438
0.237385
0.239735
0.277647
0.084970
0.036680
0.350914
0.279724
0.041041
0.118990
0.325111
0.301347
0.245144
0.030532
0.084200
0.094590
0.202238
0.103155
0.190821
0.051353
0.114265
0.060812
0.247622
0.194230
0.291808
0.221775
0.451100
0.131536
0.156642
0.098214
0.257270
0.330107
0.057553
0.140731
0.398004
0.145332
0.113340
0.097878
0.096512
0.078082
0.105127
0.295920
0.181211
0.116542
0.118816
0.172775
0.187967
0.257688
0.176556
0.229466
0.359314
0.197629
0.089950
0.291834
0.203041
0.169121
0.148744
0.122918
0.359583
0.398992
0.185795
0.191561
0.179695
0.095152
0.146993
0.379381
0.227187
0.126445
0.193651
0.025317
0.205010
0.254751
0.163025
0.095708
0.197100
0.182434
0.027723
0.075105
0.099290
0.124033
0.307681
0.215870
0.254258
0.233618
0.230449
0.174478
0.525373
0.114104
0.268495
0.172575
0.166741
0.172531
0.295057
0.246262
0.156119
0.233551
0.256574
0.135551
0.115676
0.348982
0.087239
0.101327
0.279881
0.163406
0.341111
0.305491
0.080859
0.058683
0.112681
0.073763
0.198145
0.103227
0.054358
0.049577
0.214142
0.161027
0.287286
0.139343
0.210878
0.168086
0.300761
0.191891
0.280487
0.153016
0.226406
0.133460
0.396391
0.179383
0.132439
0.244493
0.205358
0.414770
0.170872
0.179759
0.299629
0.019680
0.120635
0.163013
0.242601
0.132857
0.195975
0.078849
0.323664
0.058210
0.341771
0.178456
0.303870
0.031790
0.170275
0.067563
0.193790
0.321051
0.091922
0.092252
0.329552
0.298261
0.346014
0.130270
0.228831
0.127658
0.165933
0.351907
0.158511
0.098622
0.070513
0.207060
0.121916
0.293038
0.190536
0.346443
0.405266
0.295182
0.146197
0.339456
0.051700
0.160277
0.118807
0.079631
0.261434
0.262370
0.246887
0.283324
0.377221
0.294737
0.147972
0.208443
0.229041
0.077086
0.213977
0.029957
0.203208
0.093420
0.185789
0.057690
0.373572
0.303592
0.114955
0.116751
0.244125
0.232809
0.070705
0.354245
0.268585
0.140702
0.142579
0.282028
0.222726
0.330379
0.246213
0.148547
0.277143
0.131623
0.212723
0.348734
0.166580
0.054909
0.246495
0.023521
0.050839
0.068167
0.223447
0.306689
0.183691
0.331621
0.160949
0.125574
0.086729
0.084815
0.085156
0.159726
0.235209
0.164047
0.066901
0.273544
0.228514
0.439930
0.143367
0.175107
0.080827
0.143794
0.170744
0.101709
0.601654
0.276915
0.135040
0.215825
0.282850
0.342317
0.234943
0.141838
0.075886
0.091716
0.123262
0.215478
0.193211
0.099386
0.310737
0.236883
0.092331
0.121263
0.213354
0.043435
0.099288
0.280109
0.284881
0.275430
0.148240
0.102866
0.074117
0.178458
0.103242
0.242877
0.103146
0.121588
0.253233
0.352304
0.244845
0.197271
0.081705
0.141791
0.291479
0.231486
0.403153
0.198714
0.193712
0.072479
0.236741
0.047769
0.174117
0.177089
0.341677
0.025184
0.251759
0.022824
0.064472
0.122986
0.153708
0.279826
0.039911
0.033312
0.127436
0.064956
