# G_2, p = 0.8000 GPa (dir_8000.0_bar).
# Isolated-8MR (not in any D8R): 48 rings x 101 frames = 4848 samples.
# Column: per-isolated-8MR Delta [A]
0.800230
0.809316
0.800231
0.809321
0.800170
0.809449
0.800170
0.809452
0.800312
0.809453
0.800315
0.809450
0.800143
0.809293
0.800143
0.809293
0.800485
0.810702
0.800486
0.810705
0.800464
0.810854
0.800460
0.810843
0.800577
0.810863
0.800576
0.810862
0.800447
0.810696
0.800449
0.810696
0.800636
0.809853
0.800637
0.809852
0.800557
0.809944
0.800557
0.809943
0.800727
0.809939
0.800726
0.809935
0.800585
0.809819
0.800586
0.809828
0.801415
0.836603
0.823270
0.874175
0.785919
0.833068
0.962752
0.843667
0.813920
0.866617
0.855764
0.613329
0.755243
0.855027
0.954621
0.745768
0.689970
0.762828
0.656895
0.665295
0.753186
0.919442
0.939329
0.722642
0.720612
0.723139
1.049476
0.941978
0.770833
0.852490
0.702956
0.769316
0.720080
0.821851
0.831500
0.924342
0.904948
0.767203
0.855440
0.781565
0.626809
0.811032
0.867591
0.733856
0.920302
0.771349
0.791251
0.676262
0.736887
0.863008
0.835726
0.902189
0.797380
0.815223
1.124434
0.899241
0.902635
0.916731
0.938034
0.381657
0.590095
0.901044
0.965917
0.735492
0.686985
0.686400
0.587447
0.557158
0.858111
0.925526
0.974492
0.734359
0.631550
0.623689
1.170609
1.025864
0.710575
1.032138
0.495396
0.743074
0.674859
0.780070
0.868301
0.979387
1.082893
0.707781
0.753517
0.792107
0.573372
0.730398
0.793670
0.723352
0.927307
0.761230
0.721579
0.652410
0.638188
0.835217
0.975037
0.889196
0.789870
0.789620
1.132457
0.920856
0.951708
0.924455
0.866608
0.344173
0.404778
0.778640
1.002895
0.806617
0.790951
0.645915
0.632321
0.546780
1.015109
0.942633
0.948841
0.854590
0.565036
0.639670
1.040441
1.105895
0.630920
1.170928
0.373635
0.785671
0.697837
0.819077
0.923617
0.954382
1.099069
0.672207
0.694417
0.835968
0.626556
0.617653
0.707348
0.774528
0.989605
0.753782
0.697187
0.693805
0.592553
0.867358
1.059586
0.900783
0.748546
0.789317
1.095146
0.899243
0.973719
0.893560
0.901419
0.227298
0.405629
0.613279
1.080011
0.824101
0.760917
0.709293
0.688079
0.584333
0.966650
0.942860
0.912247
0.881526
0.620688
0.596688
0.890589
1.188569
0.614752
1.145934
0.322665
0.754235
0.762291
0.953794
0.898602
0.812955
0.982498
0.684957
0.785240
0.827749
0.676799
0.556287
0.705314
0.768971
1.111808
0.757151
0.624142
0.685270
0.546778
0.816801
0.958995
0.840336
0.769800
0.694480
1.090237
0.843455
0.977493
0.905241
0.989027
0.136812
0.362249
0.572341
1.147684
0.806546
0.709887
0.852405
0.732335
0.527209
0.965691
0.953005
0.945515
0.806904
0.737306
0.567004
0.819567
1.245366
0.617667
1.061154
0.427082
0.768478
0.749110
1.123940
0.801313
0.764840
0.931275
0.667196
0.867036
0.738439
0.642799
0.596538
0.737201
0.727861
1.216848
0.697781
0.493397
0.666750
0.533450
0.758868
0.798425
0.827659
0.748312
0.688660
1.065209
0.779836
1.033924
0.881372
0.987166
0.257209
0.196605
0.619442
1.139235
0.851499
0.754708
0.965394
0.751030
0.331061
1.033524
1.028830
0.991601
0.788168
0.716841
0.517877
0.832759
1.241949
0.651526
1.021757
0.589918
0.711667
0.620617
1.133980
0.784319
0.862548
0.981219
0.616448
0.789435
0.620423
0.649787
0.699343
0.780033
0.712060
1.234640
0.614646
0.371360
0.666309
0.548459
0.768878
0.705163
0.894202
0.595387
0.846574
1.019729
0.696659
1.042363
0.905331
0.979636
0.277276
0.267388
0.719588
1.135890
1.042933
0.860923
0.900366
0.800871
0.208777
1.066470
1.078595
0.997134
0.802785
0.634044
0.461593
0.818366
1.201550
0.676677
1.038425
0.705246
0.643168
0.640996
1.037720
0.873392
0.911908
0.945409
0.689505
0.755756
0.586307
0.628633
0.797383
0.713928
0.744362
1.239426
0.619385
0.352560
0.645886
0.626421
0.883856
0.661408
0.960541
0.534479
0.889828
1.043740
0.658670
0.915654
1.037949
0.874456
0.179243
0.286800
0.687788
1.160292
1.162691
0.864296
0.840093
0.710828
0.274620
1.007716
0.973399
1.057619
0.798328
0.657425
0.474019
0.695964
1.095428
0.568434
0.925517
0.726838
0.675551
0.723403
0.952348
0.978306
0.810092
0.790731
0.839229
0.749019
0.627084
0.548798
0.814413
0.541487
0.840853
1.248066
0.605786
0.355743
0.576785
0.652533
1.032721
0.568122
0.965854
0.534975
0.766032
1.040331
0.642209
0.729836
1.184307
0.786039
0.291800
0.243684
0.598465
1.080565
1.089079
0.827332
0.971881
0.577041
0.386852
0.829745
0.798774
0.960272
0.771933
0.790632
0.498744
0.620677
1.087682
0.500406
0.768406
0.721725
0.738878
0.678684
0.928278
0.954749
0.777216
0.666219
0.957242
0.641823
0.622399
0.476445
0.812740
0.410161
0.973025
1.050610
0.629265
0.371266
0.551919
0.624346
1.066878
0.429189
0.888574
0.507246
0.618931
0.839353
0.715269
0.690243
1.139588
0.774184
0.468728
0.254327
0.549772
0.925087
0.959413
0.794743
1.073310
0.513883
0.465799
0.638263
0.685063
0.803336
0.640488
0.816905
0.606051
0.558925
1.108198
0.589105
0.719895
0.746334
0.730445
0.516393
0.937478
0.909514
0.857604
0.754849
0.929930
0.562978
0.538285
0.449318
0.803893
0.551802
0.973440
0.880433
0.609824
0.569490
0.598794
0.575586
0.970851
0.511011
0.807394
0.496369
0.581412
0.620375
0.738310
0.747753
0.980283
0.759511
0.656984
0.151317
0.610864
0.754349
0.905514
0.843056
1.033800
0.581820
0.514341
0.525885
0.615278
0.694954
0.479269
0.730214
0.740792
0.545160
1.129750
0.672553
0.804222
0.846726
0.662291
0.464310
0.912068
0.915053
0.870550
0.921115
0.710429
0.748736
0.500007
0.467405
0.754912
0.813258
0.856884
0.883860
0.615673
0.771589
0.679860
0.614327
0.839236
0.695911
0.712543
0.574510
0.569186
0.502660
0.667713
0.800333
0.928031
0.687496
0.813938
0.297914
0.587906
0.681551
0.852152
0.833829
0.926888
0.626096
0.612698
0.433197
0.577744
0.631425
0.380131
0.678153
0.783677
0.628478
1.039437
0.677450
0.822919
0.751135
0.575038
0.570286
0.827969
0.814658
0.683947
0.901951
0.593498
0.936469
0.564184
0.495516
0.668279
0.892128
0.768054
0.893477
0.704176
0.860196
0.762039
0.675091
0.770308
0.723569
0.649700
0.669150
0.483985
0.429659
0.478070
0.751844
0.857956
0.662207
0.812835
0.519559
0.534641
0.677796
0.729389
0.741995
0.769208
0.687111
0.668872
0.501117
0.540196
0.633284
0.357094
0.689442
0.728091
0.723900
0.900857
0.667336
0.764089
0.728195
0.591346
0.585417
0.752639
0.624271
0.466182
0.797178
0.685112
0.997924
0.614080
0.454367
0.609241
0.739116
0.744669
0.720088
0.736515
0.833138
0.852401
0.667670
0.751086
0.683864
0.584866
0.729109
0.443408
0.359858
0.446681
0.671348
0.732818
0.707742
0.804472
0.638533
0.519987
0.688437
0.653121
0.556844
0.642199
0.760531
0.694761
0.616375
0.562388
0.603464
0.331393
0.663020
0.729319
0.735708
0.790342
0.776324
0.628971
0.806302
0.544791
0.508012
0.730764
0.453264
0.487152
0.712988
0.791124
0.992163
0.557162
0.433780
0.563629
0.596360
0.736071
0.533592
0.662424
0.751638
0.828838
0.673555
0.740871
0.688675
0.570931
0.721969
0.530944
0.343170
0.549631
0.535426
0.562085
0.681343
0.811489
0.652753
0.700941
0.618815
0.608101
0.505587
0.563517
0.744243
0.778315
0.591652
0.620426
0.541209
0.343905
0.635090
0.772209
0.620832
0.666108
0.865891
0.590705
0.759830
0.483371
0.475773
0.652807
0.389397
0.645009
0.652165
0.699548
0.926099
0.558179
0.489257
0.554538
0.568414
0.628962
0.482826
0.633654
0.593013
0.721678
0.750198
0.617087
0.699772
0.623188
0.845586
0.662362
0.335971
0.585047
0.415951
0.448228
0.613333
0.883763
0.766323
0.839725
0.525534
0.638765
0.504676
0.466958
0.660070
0.893986
0.499667
0.676101
0.512412
0.388688
0.657382
0.799137
0.520924
0.515407
0.725096
0.623843
0.640906
0.493769
0.501495
0.582227
0.320591
0.643537
0.551445
0.512204
0.789081
0.664543
0.552511
0.587405
0.566857
0.548734
0.503997
0.591290
0.488974
0.642069
0.755786
0.442881
0.723832
0.571381
0.961657
0.649124
0.275751
0.450716
0.280295
0.319440
0.590541
0.856088
0.952296
0.838931
0.459064
0.639335
0.491798
0.386266
0.578031
0.856806
0.557612
0.709312
0.514962
0.446668
0.723694
0.798045
0.477878
0.408048
0.529378
0.573408
0.518658
0.651602
0.564665
0.488793
0.311701
0.522355
0.450068
0.389050
0.716623
0.769446
0.668399
0.527672
0.563213
0.521420
0.414843
0.581384
0.487127
0.636470
0.655850
0.398654
0.669287
0.423990
0.914655
0.578116
0.216910
0.275425
0.203783
0.088779
0.600687
0.762145
1.126648
0.795943
0.395860
0.491637
0.332193
0.333048
0.555171
0.744702
0.706629
0.737000
0.535856
0.550585
0.714964
0.771845
0.360198
0.328267
0.510890
0.438454
0.440724
0.754141
0.607076
0.455105
0.323889
0.555863
0.368360
0.347981
0.630756
0.790169
0.731302
0.538759
0.570642
0.496443
0.252923
0.633561
0.588260
0.632949
0.573043
0.463169
0.709584
0.364878
0.725230
0.521351
0.295943
0.312674
0.205126
0.118871
0.663932
0.745702
1.230435
0.838162
0.304254
0.245460
0.230635
0.374388
0.516812
0.750015
0.611365
0.635896
0.476564
0.682851
0.645444
0.636975
0.239503
0.226871
0.655378
0.290935
0.439424
0.761671
0.615520
0.373249
0.329169
0.658564
0.373605
0.317920
0.536889
0.771510
0.763708
0.649296
0.572451
0.537282
0.244899
0.654623
0.674123
0.617247
0.569895
0.525420
0.745013
0.379282
0.641274
0.482126
0.426653
0.539488
0.213214
0.099926
0.645015
0.752874
1.230199
0.759209
0.202989
0.163813
0.271131
0.417780
0.492400
0.874470
0.405498
0.567293
0.343655
0.719059
0.635804
0.514972
0.246378
0.172147
0.580828
0.280782
0.424852
0.720023
0.595512
0.371367
0.328685
0.610457
0.386532
0.305943
0.434417
0.783490
0.849348
0.676126
0.544806
0.612469
0.291294
0.592560
0.727770
0.622719
0.501664
0.429996
0.637838
0.368160
0.661933
0.524082
0.480057
0.715509
0.296846
0.140200
0.402805
0.779767
1.048713
0.654223
0.287029
0.216085
0.244188
0.284611
0.475420
0.962361
0.289758
0.612947
0.276037
0.659509
0.595419
0.549747
0.297566
0.164712
0.373054
0.285538
0.343947
0.742067
0.564604
0.432791
0.399694
0.530204
0.383339
0.319466
0.390977
0.750427
0.831127
0.614239
0.561555
0.564934
0.294174
0.481701
0.785118
0.641143
0.394248
0.281047
0.463426
0.326956
0.609160
0.538315
0.452416
0.742368
0.417027
0.126054
0.215127
0.728697
0.817445
0.558731
0.339492
0.247738
0.281512
0.143640
0.458907
0.850525
0.271869
0.603054
0.226030
0.560109
0.520338
0.649753
0.336056
0.123043
0.330802
0.267201
0.324214
0.743009
0.547235
0.322864
0.443703
0.602051
0.220698
0.363705
0.375065
0.634027
0.778369
0.474173
0.563314
0.406439
0.231426
0.466463
0.752621
0.615172
0.351834
0.288103
0.376286
0.234097
0.431722
0.497309
0.437663
0.654779
0.364491
0.225888
0.180127
0.547067
0.666433
0.466726
0.278082
0.208977
0.381584
0.147790
0.434727
0.718156
0.344311
0.441379
0.288646
0.565892
0.467772
0.736430
0.356162
0.116888
0.403148
0.236173
0.414810
0.724492
0.544312
0.193865
0.422469
0.609494
0.214403
0.316217
0.249790
0.521072
0.742602
0.389722
0.475280
0.216237
0.233126
0.474743
0.578946
0.467111
0.289576
0.336280
0.387679
0.217059
0.247151
0.466596
0.424737
0.653556
0.222809
0.321644
0.272340
0.422694
0.652018
0.300647
0.163978
0.157406
0.467546
0.226175
0.379716
0.669663
0.400937
0.236633
0.333880
0.740188
0.465402
0.663962
0.415049
0.083388
0.356284
0.184858
0.548979
0.685676
0.515697
0.164572
0.340569
0.430963
0.338680
0.232558
0.119017
0.434476
0.664073
0.391808
0.286301
0.187692
0.222804
0.459798
0.426519
0.406212
0.175280
0.321652
0.418737
0.259309
0.106844
0.472419
0.398077
0.702132
0.125288
0.346563
0.219347
0.394810
0.654687
0.265522
0.071575
0.144532
0.545145
0.292339
0.286000
0.700722
0.437075
0.165129
0.252700
0.841567
0.429306
0.490456
0.548740
0.122148
0.282781
0.165206
0.533734
0.669432
0.505318
0.249596
0.296874
0.242333
0.333202
0.294397
0.112492
0.346486
0.573076
0.355128
0.162190
0.178006
0.213773
0.388489
0.375316
0.454975
0.194015
0.255813
0.323252
0.248830
0.181065
0.436642
0.359076
0.693227
0.146451
0.331502
0.065969
0.489085
0.582244
0.334136
0.033708
0.120435
0.553502
0.324972
0.239512
0.538586
0.449815
0.169229
0.142130
0.708115
0.288971
0.371518
0.604976
0.111984
0.286032
0.170003
0.439762
0.538958
0.496727
0.368213
0.284034
0.213707
0.315418
0.399775
0.151121
0.363990
0.451517
0.333889
0.194354
0.216337
0.187836
0.244719
0.335957
0.455977
0.243905
0.265777
0.196373
0.201935
0.144209
0.404251
0.338782
0.579349
0.165698
0.342327
0.092305
0.630034
0.476814
0.315897
0.126870
0.157502
0.588199
0.370885
0.189588
0.215420
0.314458
0.133603
0.081559
0.531719
0.063194
0.307512
0.630985
0.011975
0.334034
0.175646
0.310195
0.417105
0.426021
0.414482
0.235360
0.218737
0.169856
0.308245
0.072443
0.384375
0.275746
0.357117
0.261396
0.304430
0.148753
0.218078
0.215802
0.317843
0.271498
0.215223
0.224129
0.194277
0.124120
0.419944
0.390553
0.463413
0.205627
0.403000
0.057915
0.607211
0.284133
0.212385
0.210717
0.141326
0.600035
0.407361
0.297445
0.084547
0.201471
0.098875
0.103125
0.349070
0.019862
0.251211
0.567693
0.125744
0.366220
0.224694
0.264787
0.408506
0.369016
0.333168
0.233741
0.157941
0.100461
0.171942
0.014216
0.331246
0.181756
0.397325
0.242506
0.252607
0.158056
0.284944
0.181353
0.072250
0.200719
0.148553
0.156179
0.181749
0.194179
0.462931
0.400454
0.368639
0.201770
0.488686
0.125698
0.409465
0.138847
0.180717
0.285386
0.192205
0.535318
0.334025
0.338437
0.028692
0.242696
0.054724
0.143790
0.288907
0.056834
0.105433
0.418378
0.190591
0.338649
0.283064
0.291958
0.255604
0.410080
0.276148
0.248446
0.157555
0.126250
0.207836
0.025252
0.244811
0.213078
0.403798
0.193062
0.232872
0.169888
0.258181
0.168424
0.165190
0.096504
0.087551
0.088936
0.157255
0.097473
0.434824
0.408506
0.284974
0.139187
0.556767
0.151533
0.201425
0.082420
0.202178
0.300821
0.219360
0.350390
0.305352
0.350573
0.063212
0.256178
0.031622
0.100276
0.261409
0.130941
0.117486
0.355957
0.233356
0.322478
0.339897
0.321438
0.233991
0.407443
0.293877
0.195801
0.137142
0.082301
0.250553
0.074612
0.263855
0.215306
0.270600
0.230688
0.212630
0.160866
0.160176
0.165118
0.178081
0.164192
0.097966
0.027151
0.154354
0.135847
0.269935
0.320104
0.134522
0.223276
0.541473
0.189465
0.135714
0.065678
0.290175
0.319014
0.215992
0.204120
0.344727
0.424057
0.080035
0.108482
0.131010
0.143006
0.252394
0.165962
0.250054
0.333120
0.312080
0.275277
0.348516
0.292123
0.295097
0.260600
0.261226
0.128328
0.174581
0.019777
0.319241
0.078962
0.247816
0.134565
0.095882
0.223166
0.174362
0.112065
0.181434
0.178964
0.165409
0.187686
0.191379
0.089363
0.153820
0.253470
0.138949
0.221517
0.108008
0.147702
0.507607
0.132430
0.192192
0.155329
0.279888
0.315381
0.229447
0.092213
0.416478
0.404079
0.237771
0.186434
0.165095
0.080829
0.150654
0.089476
0.263936
0.237825
0.420522
0.140478
0.352827
0.145202
0.176753
0.148250
0.255851
0.166006
0.209529
0.074486
0.282480
0.183322
0.202826
0.016501
0.026636
0.220724
0.245030
0.100557
0.181224
0.219383
0.204378
0.138410
0.217410
0.125910
0.087744
0.196646
0.058723
0.263848
0.169821
0.194218
0.493848
0.099409
0.224496
0.421576
0.329831
0.342557
0.233393
0.069154
0.477965
0.268636
0.398335
0.388586
0.136858
0.086696
0.055176
0.177058
0.204283
0.149449
0.487240
0.074256
0.309987
0.110049
0.036173
0.126996
0.209735
0.317437
0.150102
0.174534
0.268717
0.250682
0.108792
0.040336
0.036765
0.373410
0.253692
0.061400
0.192427
0.202329
0.071199
0.098994
0.347229
0.180623
0.058848
0.027276
0.062264
0.343575
0.060377
0.416287
0.525312
0.227827
0.116863
0.649482
0.349242
0.457715
0.217224
0.136193
0.391327
0.171556
0.485008
0.405649
0.159270
0.222298
0.137813
0.185601
0.129388
0.171825
0.458626
0.130605
0.370864
0.136648
0.187022
0.124197
0.101212
0.296175
0.088000
0.279362
0.307881
0.157538
0.114279
0.122216
0.021286
0.396850
0.204435
0.051093
0.282306
0.092355
0.070929
0.083151
0.367496
0.159014
0.116713
0.266062
0.100911
0.292981
0.162365
0.386792
0.462810
0.181196
0.048317
0.620292
0.361355
0.589447
0.194513
0.229135
0.246628
0.127666
0.495265
0.301316
0.206901
0.113833
0.209405
0.061897
0.082577
0.071110
0.314708
0.070964
0.390084
0.116577
0.307101
0.115263
0.078710
0.126417
0.142686
0.364424
0.254340
0.091090
0.231732
0.205737
0.118583
0.212441
0.163217
0.095734
0.254293
0.055775
0.099856
0.011558
0.268130
0.216641
0.210421
0.232961
0.048513
0.155174
0.268125
0.259401
0.360309
0.054274
0.223916
0.535460
0.424569
0.518989
0.163333
0.194499
0.137702
0.080778
0.406262
0.176867
0.193457
0.115764
0.198994
0.022408
0.164254
0.035688
0.137389
0.128616
0.435671
0.155280
0.415462
0.040825
0.125792
0.085872
0.079936
0.333591
0.177471
0.082432
0.327925
0.169628
0.197099
0.069260
0.233657
0.124745
0.132153
0.124243
0.123745
0.099177
0.169258
0.172185
0.293836
0.199276
0.195339
0.193350
0.319434
0.180419
0.375291
0.210619
0.422946
0.582653
0.414284
0.315793
0.181399
0.090985
0.171689
0.119862
0.286740
0.093095
0.173172
0.110463
0.030987
0.086523
0.251714
0.097062
0.101771
0.241354
0.545631
0.215042
0.421052
0.159478
0.069614
0.181523
0.117674
0.290576
0.122932
0.056257
0.321788
0.075698
0.192513
0.143055
0.362387
0.141657
0.186850
0.254834
0.150480
0.167846
0.116686
0.159984
0.319602
0.207964
0.274085
0.241871
0.259523
0.184934
0.437172
0.286558
0.536104
0.716915
0.252773
0.207545
0.191853
0.223697
0.196865
0.232475
0.207596
0.093677
0.067350
0.080845
0.055560
0.066314
0.219989
0.197805
0.173428
0.265401
0.531863
0.308890
0.468336
0.289515
0.052937
0.201845
0.185924
0.222806
0.083507
0.121826
0.305325
0.120887
0.259869
0.149571
0.330199
0.101639
0.372800
0.278259
0.099916
0.157633
0.059140
0.207904
0.233029
0.187254
0.326913
0.237629
0.142041
0.157371
0.263554
0.350108
0.577295
0.750759
0.139309
0.276534
0.141604
0.265857
0.105746
0.277958
0.124879
0.119925
0.062324
0.083674
0.078859
0.079616
0.133578
0.188340
0.202371
0.242597
0.425004
0.361044
0.549956
0.417013
0.096904
0.036978
0.181823
0.146844
0.041104
0.176053
0.362695
0.259554
0.304196
0.171664
0.220011
0.040844
0.415206
0.386777
0.050105
0.174128
0.122768
0.158739
0.150738
0.123616
0.281738
0.182596
0.124620
0.056175
0.234821
0.370969
0.504756
0.646967
0.160033
0.226679
0.072960
0.232156
0.250074
0.324112
0.035965
0.181876
0.011282
0.170829
0.091523
0.148327
0.030536
0.078468
0.133679
0.271093
0.489922
0.411426
0.568908
0.503174
0.099030
0.128382
0.227428
0.132724
0.106289
0.171018
0.288358
0.437556
0.334183
0.136769
0.148951
0.123743
0.309559
0.355549
0.095341
0.207629
0.254844
0.318805
0.110497
0.026351
0.217869
0.206015
0.161084
0.132294
0.277676
0.295929
0.425944
0.467958
0.140405
0.125420
0.116581
0.293707
0.344021
0.351388
0.150077
0.093757
0.095158
0.183469
0.177933
0.186784
0.200698
0.095751
0.036330
0.360557
0.450664
0.445205
0.513315
0.535765
0.092492
0.177308
0.240178
0.129420
0.133695
0.151008
0.155025
0.444908
0.290702
0.133015
0.187608
0.151561
0.195201
0.312489
0.137517
0.184854
0.220515
0.408765
0.079810
0.008876
0.130000
0.281239
0.109122
0.244985
0.249827
0.339040
0.366404
0.383625
0.028962
0.286435
0.206482
0.458320
0.356180
0.347378
0.116121
0.150761
0.122882
0.164337
0.142780
0.156792
0.319106
0.267218
0.145158
0.294308
0.341238
0.467876
0.449531
0.588904
0.205255
0.234486
0.169342
0.180477
0.165531
0.218134
0.169151
0.446021
0.231810
0.313591
0.108981
0.121453
0.193783
0.284254
0.099028
0.189994
0.221845
0.334080
0.096864
0.035602
0.188739
0.397776
0.110276
0.396249
0.359786
0.441846
0.363811
0.352841
0.209836
0.456740
0.176934
0.472693
0.278807
0.283025
0.052689
0.164096
0.161786
0.184933
0.277212
0.116399
0.362741
0.330903
0.166305
0.229575
0.341257
0.474483
0.400593
0.558992
0.250397
0.351654
0.115703
0.228936
0.264624
0.240672
0.283168
0.483624
0.203677
0.391333
0.161755
0.245050
0.233463
0.262623
0.057831
0.222829
0.263861
0.342346
0.206159
0.105419
0.251838
0.414230
0.203167
0.435935
0.523638
0.447875
0.432879
0.230465
0.210263
0.635826
0.066977
0.378859
0.233025
0.311203
0.091021
0.126871
0.208359
0.155694
0.393556
0.210110
0.366812
0.317675
0.179217
0.216301
0.505362
0.423327
0.372064
0.458056
0.258582
0.416097
0.283131
0.259872
0.257731
0.200259
0.301619
0.415955
0.189484
0.384364
0.364555
0.295211
0.272233
0.289253
0.058630
0.334195
0.335551
0.377003
0.190122
0.262933
0.192050
0.486711
0.296401
0.402490
0.534435
0.391180
0.498543
0.098483
0.257808
0.802280
0.161354
0.310751
0.261761
0.371738
0.203402
0.124131
0.164348
0.201974
0.457079
0.236696
0.352309
0.293414
0.237188
0.202140
0.573752
0.391151
0.293385
0.389327
0.221262
0.481613
0.257772
0.342005
0.209012
0.076676
0.224670
0.301005
0.241699
0.424475
0.461281
0.183711
0.257045
0.293436
0.133939
0.311221
0.418939
0.298493
0.181744
0.305614
0.250937
0.547695
0.328850
0.375598
0.493464
0.374728
0.445665
0.116496
0.148675
0.813854
0.125383
0.388229
0.401861
0.190851
0.260275
0.098703
0.037280
0.225424
0.528053
0.236282
0.292239
0.382140
0.319982
0.222657
0.693159
0.392908
0.211879
0.326480
0.237517
0.557451
0.248386
0.441674
0.283602
0.043400
0.194792
0.278889
0.194528
0.485077
0.631146
0.185484
0.252129
0.223696
0.239748
0.340751
0.506556
0.314897
0.214046
0.204400
0.531781
0.560790
0.319601
0.415824
0.464256
0.211527
0.339576
0.243923
0.168124
0.695982
0.158658
0.461532
0.540017
0.207870
0.214878
0.225219
0.099827
0.432914
0.594300
0.332479
0.263643
0.522599
0.450151
0.249647
0.761146
0.286701
0.165519
0.291820
0.289059
0.672150
0.242050
0.498346
0.415321
0.096922
0.202257
0.295626
0.159334
0.582808
0.743884
0.151054
0.282021
0.125295
0.194276
0.394624
0.379139
0.357171
0.241720
0.261614
0.736066
0.544589
0.372575
0.456716
0.472990
0.240643
0.159085
0.299226
0.093757
0.682496
0.312983
0.473356
0.609937
0.319514
0.168779
0.335595
0.171424
0.660632
0.670417
0.538783
0.196378
0.567622
0.526232
0.308329
0.777061
0.169203
0.127466
0.380886
0.347194
0.719778
0.236326
0.499951
0.499533
0.126039
0.109588
0.332091
0.064966
0.744836
0.737664
0.170014
0.358490
0.139582
0.137072
0.482924
0.340976
0.376582
0.247745
0.444695
0.727475
0.540948
0.452072
0.447562
0.519815
0.301078
0.211386
0.296291
0.076670
0.803634
0.425728
0.475664
0.591742
0.390743
0.257158
0.332455
0.213458
0.775442
0.624589
0.715012
0.151952
0.542170
0.504778
0.378706
0.867517
0.116753
0.217360
0.475635
0.405343
0.660934
0.253718
0.431683
0.503445
0.159750
0.045088
0.359295
0.028759
0.782866
0.709560
0.194611
0.373981
0.170737
0.158648
0.482977
0.440087
0.342448
0.148326
0.517367
0.689596
0.530252
0.535438
0.344740
0.640434
0.270143
0.219963
0.223381
0.223724
0.812832
0.526371
0.566325
0.630330
0.496318
0.415624
0.320766
0.215968
0.790952
0.506967
0.762775
0.158691
0.532970
0.472304
0.389237
0.905070
0.114646
0.175872
0.492118
0.500794
0.576081
0.373516
0.421510
0.543803
0.187288
0.086253
0.290672
0.038801
0.685320
0.692061
0.231073
0.370399
0.068313
0.190449
0.470749
0.413371
0.340469
0.131510
0.466493
0.778629
0.501165
0.609254
0.407478
0.794768
0.273148
0.278778
0.124917
0.240318
0.670468
0.614082
0.590905
0.681193
0.630841
0.410446
0.363255
0.236135
0.763986
0.432514
0.800660
0.207313
0.488066
0.458083
0.438163
0.722950
0.097456
0.132296
0.396833
0.534737
0.519205
0.491719
0.437998
0.641781
0.238310
0.223284
0.241198
0.078554
0.627536
0.635955
0.241844
0.285413
0.084819
0.285039
0.539922
0.389534
0.363150
0.145169
0.489802
0.832617
0.469811
0.598903
0.580116
0.771255
0.374519
0.294922
0.119408
0.320488
0.588473
0.692676
0.498628
0.654692
0.722991
0.391564
0.465941
0.318231
0.781614
0.409352
0.797065
0.292345
0.419595
0.508285
0.436183
0.455964
0.077729
0.193676
0.383849
0.629969
0.544593
0.539876
0.351037
0.674161
0.318794
0.302134
0.233802
0.202427
0.661432
0.477121
0.344091
0.261916
0.073110
0.426989
0.556338
0.329152
0.373787
0.182271
0.601579
0.655999
0.465797
0.524101
0.696313
0.655641
0.547132
0.289910
0.249785
0.449653
0.500053
0.727888
0.419260
0.698699
0.760343
0.431434
0.478791
0.398245
0.753453
0.470170
0.741050
0.386157
0.284908
0.627540
0.404572
0.405394
0.092821
0.230315
0.440438
0.589799
0.639829
0.494227
0.253497
0.682456
0.441027
0.345171
0.323815
0.402891
0.704482
0.405714
0.461438
0.271847
0.290127
0.462345
0.538664
0.284419
0.360271
0.270603
0.652307
0.342284
0.494289
0.523151
0.677459
0.649121
0.518899
0.292457
0.476805
0.472596
0.503820
0.675689
0.352953
0.674197
0.671984
0.496987
0.471646
0.505574
0.616883
0.440299
0.672580
0.333267
0.308799
0.657566
0.471415
0.510993
0.194389
0.123867
0.452855
0.536562
0.733167
0.413172
0.278558
0.661064
0.560687
0.418424
0.371188
0.583822
0.646013
0.467109
0.586518
0.218867
0.480354
0.477421
0.548112
0.268680
0.339154
0.344258
0.542549
0.168537
0.530725
0.629205
0.589479
0.622129
0.462274
0.319765
0.601206
0.456203
0.586791
0.608316
0.390149
0.581016
0.595025
0.648254
0.497360
0.635239
0.448316
0.358953
0.622109
0.335222
0.377283
0.601147
0.455083
0.448484
0.420853
0.072213
0.329660
0.574312
0.779973
0.446459
0.360396
0.654196
0.639220
0.624029
0.416909
0.668457
0.529699
0.440611
0.626710
0.301946
0.472488
0.559488
0.575540
0.246973
0.373563
0.497071
0.464234
0.315360
0.483333
0.681818
0.567541
0.544464
0.440857
0.344835
0.596735
0.579395
0.616210
0.584562
0.350471
0.524038
0.633466
0.732672
0.558940
0.709988
0.368249
0.306668
0.474739
0.454258
0.395741
0.653611
0.376664
0.357949
0.658590
0.198725
0.177562
0.681314
0.672313
0.465349
0.333849
0.706355
0.652664
0.759613
0.551667
0.770301
0.430425
0.401236
0.620090
0.405712
0.418787
0.744767
0.599947
0.230691
0.430306
0.645124
0.536396
0.300220
0.481495
0.636315
0.677698
0.544008
0.451050
0.470287
0.577515
0.711979
0.529608
0.559951
0.237810
0.480145
0.715803
0.636454
0.569353
0.715762
0.292747
0.229993
0.392318
0.598472
0.430249
0.666328
0.379230
0.423061
0.744939
0.438064
0.150432
0.665466
0.542961
0.410125
0.187614
0.697222
0.697496
0.786589
0.668389
0.882514
0.420268
0.379201
0.632739
0.325457
0.429786
0.888867
0.651658
0.228719
0.489768
0.778173
0.634285
0.238942
0.576750
0.634030
0.603027
0.557576
0.550242
0.601158
0.655043
0.767529
0.393983
0.577462
0.183599
0.406368
0.831445
0.456277
0.603352
0.712599
0.209632
0.169321
0.317186
0.627382
0.459729
0.563673
0.477144
0.471456
0.699592
0.620266
0.232454
0.574548
0.507419
0.456287
0.231580
0.527632
0.808362
0.724131
0.650318
0.927585
0.439846
0.386582
0.793124
0.344060
0.556375
0.824880
0.617085
0.289678
0.493466
0.834645
0.608261
0.227779
0.608605
0.666890
0.440894
0.569391
0.726507
0.594896
0.733246
0.791341
0.313902
0.590328
0.342535
0.359627
0.851340
0.391233
0.629908
0.767393
0.093042
0.206779
0.313435
0.525361
0.434707
0.521490
0.615909
0.425810
0.679403
0.751500
0.300806
0.510108
0.469702
0.505561
0.402382
0.380710
0.882808
0.707682
0.611753
0.902801
0.472883
0.298204
0.821971
0.448443
0.733861
0.704854
0.512034
0.425835
0.505137
0.824415
0.586183
0.275449
0.464307
0.626091
0.332184
0.420251
0.801372
0.450683
0.794490
0.768316
0.359885
0.589198
0.579522
0.359967
0.803290
0.493964
0.679082
0.870059
0.070597
0.225394
0.338904
0.448006
0.437677
0.586625
0.668455
0.374598
0.684593
0.871761
0.406348
0.535098
0.388780
0.551331
0.591181
0.481309
0.895245
0.651903
0.630148
0.837804
0.509725
0.190557
0.804144
0.531483
0.810389
0.744479
0.469437
0.544280
0.594255
0.714545
0.627323
0.279580
0.268421
0.526102
0.322093
0.287331
0.737283
0.372949
0.798256
0.740077
0.354289
0.632470
0.745499
0.336860
0.778289
0.588994
0.712899
0.927676
0.194086
0.203213
0.439660
0.454038
0.527894
0.624818
0.662934
0.503189
0.650031
0.945653
0.507525
0.488882
0.300504
0.635644
0.654381
0.645293
0.904111
0.511383
0.683303
0.705328
0.493960
0.308599
0.819119
0.546744
0.779034
0.758135
0.476871
0.700132
0.721919
0.699856
0.770876
0.276055
0.285683
0.467676
0.381169
0.289410
0.578118
0.448084
0.890946
0.759374
0.233821
0.640713
0.708543
0.392794
0.728933
0.547923
0.702006
0.924107
0.323722
0.204591
0.490535
0.524372
0.701766
0.646175
0.615416
0.637355
0.474781
1.062629
0.585373
0.284996
0.163444
0.714129
0.726222
0.662551
0.911288
0.408788
0.677199
0.624819
0.407368
0.463251
0.863047
0.557986
0.737747
0.720431
0.458827
0.833914
0.807074
0.751323
0.885816
0.406792
0.450486
0.472412
0.370294
0.283739
0.529924
0.493575
0.954117
0.800679
0.291268
0.594123
0.719351
0.461127
0.680656
0.472835
0.703261
0.903786
0.407390
0.372822
0.516938
0.552714
0.693285
0.644115
0.647275
0.517344
0.362504
1.090298
0.683546
0.204563
0.182962
0.726675
0.871004
0.587195
0.878365
0.395568
0.595562
0.537025
0.385130
0.517417
0.744842
0.619441
0.683372
0.682534
0.453614
0.892852
0.844053
0.798325
0.869991
0.614222
0.458904
0.486075
0.346921
0.146586
0.609209
0.537213
0.928886
0.757433
0.270806
0.491746
0.771658
0.451635
0.664314
0.489723
0.763753
0.824865
0.525899
0.510244
0.487682
0.572043
0.626214
0.724717
0.757012
0.293679
0.447996
1.066890
0.829695
0.230875
0.309575
0.682378
0.940169
0.506477
0.775757
0.453084
0.532779
0.503810
0.361483
0.580406
0.616197
0.651031
0.684967
0.674520
0.432857
0.915051
0.808410
0.797366
0.808662
0.655180
0.344415
0.514682
0.440564
0.172040
0.750805
0.661622
0.791861
0.662354
0.544022
0.512673
0.737313
0.307105
0.650834
0.714601
0.770213
0.740659
0.622213
0.480151
0.433117
0.585184
0.681554
0.756776
0.803888
0.224723
0.493257
1.024913
0.907613
0.283898
0.347207
0.618519
0.850205
0.489225
0.679604
0.512023
0.556713
0.544516
0.377637
0.593095
0.514276
0.638352
0.715921
0.654236
0.478424
0.994378
0.785824
0.815941
0.792295
0.513500
0.388094
0.515874
0.572408
0.231439
0.774756
0.730470
0.698586
0.666480
0.732651
0.570761
0.691321
0.270171
0.628134
0.980993
0.746787
0.531652
0.574147
0.407127
0.465713
0.620629
0.817668
0.704599
0.650709
0.286308
0.426210
0.898893
0.862269
0.307860
0.407385
0.606534
0.773757
0.474568
0.647968
0.580580
0.616930
0.603082
0.409772
0.581496
0.492442
0.635339
0.736220
0.554691
0.503553
1.053148
0.797506
0.834366
0.758570
0.467608
0.564942
0.420070
0.645817
0.419831
0.703360
0.711223
0.640644
0.713696
0.718047
0.560438
0.701830
0.384887
0.575741
0.986585
0.728258
0.426123
0.581673
0.447856
0.504814
0.669263
0.914676
0.682100
0.524265
0.334424
0.452164
0.749267
0.742038
0.407080
0.542120
0.550776
0.826988
0.470576
0.599547
0.596600
0.617223
0.598822
0.439370
0.591465
0.536181
0.722287
0.784748
0.488336
0.532845
1.056062
0.843671
0.726032
0.699943
0.609255
0.597753
0.366148
0.639610
0.450192
0.577560
0.754742
0.611467
0.676690
0.621488
0.499183
0.703134
0.575831
0.413740
0.849969
0.720699
0.451851
0.638774
0.533269
0.551718
0.735520
0.972365
0.698517
0.571676
0.385715
0.512431
0.675291
0.663290
0.510582
0.578773
0.524474
0.873055
0.465827
0.537578
0.617378
0.515243
0.586887
0.399484
0.606254
0.562665
0.926156
0.813359
0.547898
0.623660
1.036061
0.843864
0.587500
0.714399
0.696189
0.557625
0.392492
0.639633
0.491312
0.531276
0.843990
0.553452
0.466654
0.650484
0.512390
0.590459
0.596871
0.346664
0.765855
0.713072
0.459707
0.770036
0.604539
0.673833
0.781332
0.882331
0.607809
0.721627
0.375726
0.519492
0.645948
0.640896
0.601086
0.544054
0.564341
0.896327
0.472914
0.535147
0.620849
0.484081
0.651747
0.354604
0.684000
0.568922
1.010985
0.802757
0.544337
0.726592
0.988997
0.813221
0.517674
0.688933
0.709332
0.661189
0.444520
0.695945
0.596821
0.609510
0.815330
0.568058
0.380829
0.757707
0.552934
0.543500
0.480965
0.285015
0.735489
0.673360
0.296133
0.846082
0.668650
0.811789
0.767067
0.783827
0.545738
0.659664
0.388632
0.527376
0.598991
0.686058
0.598639
0.526975
0.599213
0.928461
0.478664
0.522724
0.578653
0.528623
0.685863
0.395171
0.727484
0.492750
0.919863
0.757457
0.562886
0.855064
0.931964
0.710346
0.483317
0.576126
0.793189
0.845467
0.475215
0.692257
0.655566
0.667580
0.756504
0.605742
0.496459
0.732339
0.489714
0.651770
0.463030
0.218582
0.658113
0.531447
0.176093
0.808107
0.830535
0.866301
0.700512
0.660781
0.484864
0.557983
0.520408
0.608833
0.536406
0.634004
0.661312
0.594049
0.601381
1.010361
0.550452
0.476076
0.615157
0.624162
0.667120
0.545492
0.753126
0.380062
0.854279
0.725590
0.617586
0.935464
0.863423
0.682087
0.485922
0.446985
0.820898
0.925281
0.512580
0.620702
0.685563
0.566201
0.702060
0.604979
0.601746
0.601851
0.461099
0.739376
0.654546
0.216544
0.595821
0.384770
0.207685
0.744144
1.008695
0.858887
0.655213
0.527896
0.486138
0.590606
0.586049
0.706205
0.464278
0.534185
0.841315
0.595534
0.622485
1.033740
0.605853
0.388994
0.742959
0.654920
0.606643
0.692378
0.748332
0.244458
0.808057
0.752859
0.629555
0.938219
0.746485
0.699450
0.529419
0.487336
0.640745
0.938406
0.535478
0.686525
0.724798
0.480787
0.760916
0.479155
0.561320
0.563937
0.467346
0.810867
0.825034
0.297799
0.538662
0.377351
0.355514
0.731526
1.077529
0.776365
0.643700
0.471369
0.463595
0.646642
0.608772
0.694411
0.485508
0.488499
0.965336
0.588325
0.669803
0.908783
0.616151
0.412556
0.727422
0.614846
0.553198
0.790474
0.719346
0.268747
0.789618
0.832602
0.551113
0.902498
0.563098
0.681444
0.532050
0.568688
0.500249
0.871096
0.554115
0.685556
0.783947
0.419572
0.738620
0.468607
0.564437
0.639879
0.463091
0.782665
0.881704
0.220903
0.482536
0.361033
0.411573
0.788210
0.969201
0.724581
0.656099
0.588777
0.482982
0.672677
0.690941
0.700338
0.512299
0.643209
0.929134
0.626894
0.638531
0.797491
0.643290
0.433035
0.689791
0.615624
0.541749
0.934221
0.682133
0.319308
0.770915
0.830084
0.541072
0.819560
0.394480
0.498128
0.540178
0.529380
0.569133
0.859039
0.546704
0.666193
0.774847
0.474295
0.766692
0.583602
0.553249
0.704067
0.526297
0.667387
0.886924
0.090936
0.503635
0.309391
0.491764
0.898928
0.901758
0.761676
0.699619
0.722644
0.613491
0.723130
0.766052
0.801043
0.492736
0.810431
0.834078
0.749499
0.535831
0.723821
0.611048
0.471607
0.724030
0.671657
0.451518
1.072333
0.670226
0.378313
0.656130
0.683835
0.575349
0.733779
0.286318
0.348819
0.560696
0.461754
0.653959
0.907671
0.596215
0.686099
0.701655
0.581773
0.778280
0.757263
0.485344
0.655952
0.629352
0.526875
0.838262
0.238964
0.483572
0.326864
0.614280
0.875284
1.014256
0.828530
0.705855
0.733304
0.797397
0.795331
0.794725
0.980666
0.403463
0.787962
0.750611
0.712593
0.497030
0.643226
0.481011
0.518896
0.843592
0.633606
0.257968
1.122078
0.734686
0.500168
0.558138
0.573228
0.501031
0.701692
0.183384
0.320494
0.539881
0.418508
0.665163
0.939622
0.633895
0.796149
0.715468
0.621928
0.752648
0.830557
0.426224
0.632232
0.780653
0.467454
0.831834
0.589199
0.412329
0.320626
0.676592
0.684773
1.082646
0.828344
0.721663
0.658422
0.779976
0.778697
0.846930
1.033314
0.379561
0.595406
0.698420
0.726845
0.551234
0.465116
0.428364
0.562574
1.016083
0.544020
0.247110
1.050751
0.745041
0.627395
0.515270
0.561056
0.313099
0.670099
0.185399
0.288114
0.424514
0.434650
0.780159
0.844343
0.632977
0.806511
0.822657
0.589496
0.678063
0.739821
0.463149
0.668127
0.870600
0.560874
0.855748
0.768169
0.387603
0.297326
0.630776
0.556169
0.942330
0.829105
0.702757
0.638400
0.638188
0.652119
0.849982
0.973591
0.395946
0.468941
0.681460
0.864847
0.589551
0.304581
0.493131
0.597843
1.004474
0.415195
0.325556
0.966833
0.727201
0.643871
0.513012
0.599299
0.249054
0.616656
0.260737
0.248153
0.417530
0.404377
0.931577
0.684812
0.653503
0.818569
0.872085
0.590091
0.668328
0.615939
0.530347
0.691757
0.851234
0.697699
0.835286
0.685030
0.380312
0.375667
0.532272
0.524116
0.668792
0.830040
0.727093
0.618998
0.516640
0.655434
0.847327
0.939652
0.438887
0.508212
0.781523
0.993402
0.497835
0.235938
0.499688
0.589196
0.782334
0.475583
0.378768
0.923018
0.650628
0.613382
0.461948
0.632436
0.337185
0.460965
0.159064
0.309459
0.574928
0.306104
0.995137
0.546931
0.652791
0.813707
0.845980
0.645377
0.639166
0.531569
0.383207
0.685956
0.783021
0.768125
0.858192
0.543832
0.415931
0.527027
0.505397
0.528610
0.534129
0.812463
0.735679
0.599442
0.425099
0.703446
0.814631
0.928744
0.485450
0.627256
0.872943
0.918460
0.430454
0.246691
0.498756
0.503159
0.574758
0.596068
0.354548
0.901790
0.619598
0.633745
0.362960
0.651647
0.437805
0.327024
0.346574
0.485267
0.669044
0.367037
0.986827
0.442683
0.710469
0.781004
0.839240
0.640958
0.544976
0.479324
0.296469
0.638497
0.723297
0.764482
0.902428
0.664433
0.424558
0.628628
0.503896
0.545440
0.566928
0.756749
0.720948
0.520527
0.280704
0.584552
0.732921
0.888247
0.520662
0.554012
0.874041
0.785366
0.437654
0.210849
0.589502
0.513665
0.482865
0.683657
0.362351
0.818219
0.593592
0.794229
0.336679
0.595520
0.561407
0.378320
0.471005
0.454056
0.494395
0.479121
0.893944
0.397656
0.791823
0.649075
0.825584
0.576507
0.437663
0.492270
0.378577
0.611469
0.726322
0.773067
0.780565
0.859737
0.424093
0.623131
0.519013
0.653358
0.545601
0.779192
0.678113
0.431024
0.217823
0.433837
0.646062
0.784101
0.557482
0.393906
0.834447
0.752688
0.398793
0.244992
0.698953
0.556624
0.549002
0.727991
0.482991
0.709847
0.556731
0.900068
0.321674
0.551045
0.676953
0.486453
0.521873
0.370047
0.433241
0.518589
0.881855
0.428403
0.810963
0.580504
0.666483
0.591374
0.428381
0.465140
0.463647
0.625207
0.755725
0.805355
0.587830
0.901040
0.424938
0.595592
0.633193
0.672060
0.453612
0.715208
0.622977
0.391320
0.167515
0.364050
0.580930
0.653938
0.533399
0.305106
0.760487
0.793533
0.387191
0.321191
0.671713
0.480099
0.607721
0.760587
0.587857
0.673442
0.478728
0.865521
0.404471
0.495512
0.781432
0.583705
0.544687
0.534198
0.573098
0.518751
0.829524
0.484438
0.717354
0.512184
0.409452
0.667442
0.363013
0.483605
0.469661
0.642462
0.721358
0.788391
0.463050
0.903407
0.430367
0.751695
0.736612
0.578848
0.332675
0.570259
0.479401
0.414431
0.276247
0.353557
0.522441
0.533822
0.526415
0.408143
0.682627
0.792043
0.400019
0.397619
0.609949
0.374941
0.553387
0.830244
0.631651
0.618409
0.438374
0.799412
0.477517
0.364165
0.711521
0.659750
0.562994
0.834634
0.605855
0.596067
0.768334
0.534326
0.681805
0.351844
0.313932
0.733861
0.188198
0.477852
0.454628
0.612813
0.666924
0.728914
0.440672
0.990618
0.528781
0.956276
0.813893
0.530070
0.263632
0.454716
0.332509
0.456498
0.467896
0.312055
0.449003
0.506131
0.598944
0.571908
0.587617
0.716150
0.417716
0.458952
0.586692
0.446923
0.441253
0.882934
0.678146
0.519139
0.391378
0.674731
0.541763
0.252170
0.644373
0.604128
0.611203
0.952596
0.515440
0.791479
0.656746
0.459985
0.719574
0.121022
0.284444
0.699118
0.163009
0.531950
0.419378
0.565754
0.610276
0.554709
0.468397
1.047503
0.636841
0.905652
0.808459
0.548311
0.257387
0.438692
0.194213
0.486002
0.558430
0.131114
0.340180
0.400331
0.644017
0.704174
0.485788
0.582218
0.498813
0.522259
0.578322
0.593437
0.363894
0.752922
0.739378
0.460950
0.434773
0.604561
0.600616
0.243492
0.701702
0.497556
0.704242
0.874332
0.518656
0.855935
0.426199
0.374285
0.841716
0.079612
0.303462
0.597659
0.310843
0.558621
0.376964
0.556357
0.525262
0.346538
0.394141
0.972367
0.638853
0.725594
0.817326
0.532253
0.256457
0.385755
0.142227
0.482720
0.682212
0.082851
0.283300
0.224608
0.689041
0.735179
0.474871
0.527264
0.550098
0.586893
0.620614
0.651402
0.387630
0.571159
0.752143
0.397201
0.474868
0.640937
0.605330
0.361107
0.772226
0.413563
0.661132
0.752922
0.546177
0.828028
0.326999
0.395734
0.839598
0.036209
0.256908
0.604578
0.474442
0.542429
0.341556
0.546330
0.429318
0.229499
0.320201
0.790930
0.556107
0.675157
0.852498
0.463904
0.275646
0.264961
0.192162
0.534171
0.902057
0.223180
0.344978
0.088941
0.718420
0.659125
0.409790
0.590025
0.525341
0.702764
0.696689
0.647658
0.422163
0.588431
0.747338
0.374764
0.479903
0.671826
0.535575
0.391951
0.661718
0.378027
0.500272
0.743628
0.461413
0.824500
0.377192
0.405002
0.736571
0.114732
0.218192
0.666968
0.460079
0.530066
0.442903
0.490457
0.362489
0.206815
0.274798
0.638896
0.619183
0.715117
0.836640
0.410104
0.198261
0.136380
0.317900
0.561449
0.978704
0.410083
0.409353
0.102917
0.716535
0.554788
0.296997
0.647159
0.556333
0.752064
0.744383
0.585176
0.380197
0.659469
0.764596
0.345015
0.514691
0.648425
0.541241
0.375697
0.590144
0.295325
0.423139
0.753241
0.373401
0.897379
0.334409
0.375557
0.576154
0.255336
0.271492
0.638156
0.302499
0.568281
0.616677
0.533522
0.321537
0.226553
0.257678
0.609693
0.771925
0.747332
0.681557
0.309562
0.059057
0.139327
0.420718
0.644897
0.960089
0.451838
0.343832
0.186372
0.679945
0.535017
0.278592
0.589682
0.571642
0.673262
0.647475
0.643147
0.381351
0.615219
0.777107
0.187322
0.559126
0.631661
0.536494
0.389221
0.603142
0.153764
0.490643
0.763008
0.347811
0.950745
0.145633
0.285685
0.505925
0.391996
0.469135
0.631881
0.272612
0.542283
0.698738
0.548179
0.264345
0.214272
0.157267
0.685495
0.794025
0.722946
0.553499
0.239046
0.111475
0.258577
0.376196
0.774552
0.912414
0.472490
0.286196
0.170450
0.579992
0.533899
0.288616
0.520811
0.509567
0.588852
0.589291
0.691435
0.334848
0.445068
0.659625
0.204010
0.560138
0.590491
0.477475
0.451070
0.605976
0.101902
0.584539
0.699249
0.410992
0.898042
0.059321
0.206287
0.518311
0.538302
0.707348
0.553857
0.370911
0.489227
0.656304
0.419706
0.173951
0.265341
0.193050
0.623542
0.704998
0.665744
0.505648
0.184060
0.164936
0.286022
0.420102
0.737649
0.858668
0.556917
0.340590
0.162098
0.497492
0.564698
0.159790
0.480894
0.545188
0.614660
0.600784
0.647720
0.322989
0.413607
0.561395
0.145751
0.502983
0.513600
0.366770
0.555237
0.495413
0.160285
0.639834
0.637487
0.396215
0.668812
0.133946
0.217870
0.617050
0.665494
0.795625
0.445554
0.473476
0.425176
0.582091
0.245888
0.197420
0.367068
0.263219
0.380811
0.717190
0.523965
0.521649
0.188610
0.108437
0.246745
0.550421
0.581829
0.836746
0.648842
0.376021
0.228404
0.523368
0.526883
0.191551
0.425969
0.625247
0.732018
0.662923
0.601372
0.277845
0.489845
0.478123
0.158953
0.369672
0.398551
0.357926
0.589223
0.525974
0.222713
0.570959
0.579455
0.331414
0.527535
0.169096
0.244114
0.477987
0.725305
0.633219
0.337361
0.552285
0.400281
0.531850
0.234327
0.255600
0.462174
0.242735
0.205939
0.702582
0.454633
0.460669
0.198760
0.039351
0.243697
0.515707
0.512713
0.728835
0.667745
0.348643
0.340577
0.567667
0.411849
0.131356
0.427942
0.617036
0.778905
0.650212
0.656848
0.205148
0.490558
0.482605
0.166458
0.204847
0.235006
0.404302
0.550447
0.605537
0.220740
0.455803
0.472646
0.364690
0.457573
0.216145
0.263363
0.173467
0.698256
0.480553
0.308444
0.643881
0.341909
0.612421
0.280053
0.327992
0.502927
0.147779
0.239954
0.530189
0.470633
0.416896
0.211998
0.124252
0.358608
0.332736
0.594557
0.574709
0.645977
0.332951
0.496825
0.621860
0.334917
0.147708
0.415900
0.558109
0.602453
0.567154
0.663830
0.159919
0.463028
0.503129
0.302780
0.158150
0.196987
0.364437
0.538077
0.561590
0.166098
0.396202
0.414163
0.413232
0.409301
0.143500
0.338535
0.083003
0.630131
0.456979
0.379200
0.646514
0.328625
0.633385
0.235769
0.282045
0.496216
0.339455
0.397502
0.381993
0.420890
0.396067
0.258963
0.306177
0.373686
0.220639
0.520333
0.413139
0.604077
0.317117
0.564472
0.560487
0.289251
0.157455
0.307306
0.571626
0.369438
0.411521
0.571820
0.145452
0.440108
0.427205
0.220142
0.207036
0.253339
0.303575
0.542637
0.575326
0.160206
0.471357
0.436926
0.432821
0.322080
0.074734
0.463292
0.098591
0.633845
0.422758
0.381524
0.637188
0.351409
0.592241
0.176107
0.297828
0.442544
0.284998
0.489754
0.357612
0.335233
0.368468
0.286408
0.441418
0.332254
0.285105
0.377247
0.370790
0.657883
0.283448
0.569593
0.499580
0.306019
0.115954
0.138492
0.571297
0.259161
0.185148
0.499702
0.179099
0.467935
0.279281
0.272858
0.311751
0.286277
0.287540
0.459452
0.568596
0.310528
0.506227
0.395034
0.489895
0.211000
0.013920
0.490202
0.046061
0.702828
0.330833
0.234073
0.582358
0.370222
0.423255
0.178598
0.376608
0.388726
0.206659
0.398946
0.292047
0.281910
0.365066
0.290674
0.479723
0.320332
0.437875
0.283096
0.317280
0.664980
0.250000
0.409641
0.396367
0.291577
0.088774
0.091621
0.459901
0.322698
0.052882
0.543859
0.252828
0.339919
0.101047
0.324392
0.333818
0.228924
0.262036
0.457523
0.359613
0.484004
0.474174
0.337895
0.544648
0.180133
0.093033
0.487709
0.052520
0.652970
0.264735
0.104692
0.524592
0.371346
0.355221
0.197861
0.384510
0.397856
0.309821
0.255843
0.270053
0.221000
0.321306
0.283702
0.536609
0.432561
0.426024
0.296125
0.206169
0.603601
0.277279
0.282827
0.313208
0.254536
0.235799
0.116721
0.340056
0.347683
0.051248
0.539890
0.390487
0.193799
0.073993
0.485600
0.284188
0.201112
0.312499
0.540728
0.110676
0.570703
0.366174
0.221883
0.491097
0.125331
0.085264
0.485242
0.075220
0.433267
0.267343
0.122516
0.377384
0.357841
0.332762
0.109296
0.324921
0.480382
0.368092
0.216509
0.232187
0.202685
0.274350
0.247641
0.622034
0.503226
0.293487
0.303973
0.119290
0.567341
0.274705
0.266689
0.321194
0.292589
0.401854
0.043321
0.261584
0.272472
0.136713
0.430692
0.503376
0.096652
0.124039
0.580160
0.307147
0.204121
0.375786
0.713057
0.095809
