# G_4, p = 0.6000 GPa (dir_6000.0_bar).
# D8R-only: 48 rings x 101 frames = 4848 samples.
# Column: per-D8R Delta [A]
0.916760
0.797223
0.686776
0.965963
0.916751
0.797215
0.686758
0.965966
0.916729
0.797207
0.686761
0.965966
0.916756
0.797212
0.686761
0.965966
0.916709
0.797263
0.686816
0.965972
0.916717
0.797272
0.686808
0.965978
0.916725
0.797263
0.686800
0.965975
0.916722
0.797271
0.686791
0.965993
0.916410
0.797514
0.686951
0.965976
0.916408
0.797516
0.686956
0.965976
0.916410
0.797529
0.686936
0.965977
0.916410
0.797516
0.686933
0.965976
0.907324
0.836932
0.579679
1.104428
0.945982
0.810271
0.775960
1.005325
0.932775
0.759350
0.708925
0.945412
0.948502
0.711128
0.597946
0.882515
0.937659
0.909046
0.781214
0.951722
0.913650
0.767993
1.018861
1.015318
0.887329
0.832843
0.764242
0.910412
0.825312
0.789391
0.784397
0.774648
0.898482
0.882426
0.558601
1.023049
1.008140
0.675493
0.627717
1.090844
1.030483
0.697422
0.753309
0.983068
0.742107
0.861538
0.716329
1.003701
1.009846
0.872219
0.517614
1.056347
1.064785
0.753606
0.783216
1.067868
0.882261
0.693380
0.777074
0.904990
0.971848
0.670968
0.492634
0.968783
0.896525
0.951951
0.711180
0.796476
0.888956
0.766806
1.110305
1.056514
0.868011
0.717290
0.760382
0.742671
0.630555
0.800018
0.711066
0.611282
0.887762
0.843376
0.393174
1.039248
1.092979
0.551309
0.528917
1.213498
1.021580
0.700305
0.778930
1.061661
0.650107
0.844136
0.859174
1.105554
1.083228
0.924441
0.575434
0.855528
1.169373
0.619220
0.740547
1.118538
0.762479
0.652301
0.788328
0.898111
0.987651
0.681142
0.445930
1.037797
0.919423
0.917894
0.582645
0.671445
0.857828
0.769673
0.942570
1.032649
0.755754
0.509295
0.761249
0.588285
0.508938
0.831344
0.538397
0.576691
0.922913
0.772118
0.376630
1.057177
1.199740
0.492921
0.452143
1.316064
0.903452
0.801547
0.734306
1.147945
0.682637
0.751823
0.975624
1.198560
1.017135
0.952399
0.666848
0.656836
1.140277
0.484232
0.713792
1.109814
0.680711
0.662305
0.693189
0.956697
1.029550
0.710688
0.403017
0.963182
0.949254
0.959760
0.536137
0.639443
0.775977
0.665903
0.850229
0.954398
0.594538
0.442621
0.751103
0.667380
0.560760
0.843974
0.462096
0.605612
0.865201
0.785361
0.405259
0.989832
1.285841
0.565629
0.481572
1.480143
0.842147
0.860424
0.724445
1.174177
0.812257
0.675189
0.954419
1.184077
0.968437
0.849800
0.641618
0.532718
1.039444
0.393513
0.811712
1.073145
0.682466
0.690970
0.687661
0.932165
1.083153
0.697722
0.415706
0.861736
0.882921
1.054572
0.630700
0.663804
0.720582
0.525928
0.897220
0.880439
0.589078
0.453690
0.741105
0.722782
0.604882
0.873468
0.567045
0.609256
0.708938
0.841861
0.327349
1.044646
1.248426
0.628815
0.562259
1.495081
0.807956
0.902861
0.719201
1.190798
0.805595
0.694202
0.927755
1.112687
0.978874
0.748695
0.478869
0.512218
1.031004
0.429886
0.866034
1.084208
0.643302
0.685494
0.770182
0.800406
1.063257
0.686280
0.434736
0.845087
0.816747
1.019864
0.739011
0.618206
0.829085
0.491981
0.850466
0.854791
0.713117
0.402512
0.749953
0.567543
0.507017
0.853542
0.657168
0.622392
0.545570
0.804914
0.239596
1.177071
1.197598
0.618922
0.585822
1.392904
0.737755
0.858215
0.757770
1.124937
0.645550
0.712272
0.989456
1.064392
0.904912
0.695564
0.255082
0.482133
1.037529
0.500924
0.818068
1.003285
0.622048
0.562835
0.959593
0.693150
0.989795
0.654274
0.432213
0.849661
0.847204
0.865688
0.797752
0.547970
0.994313
0.469447
0.770918
0.802389
0.780750
0.312989
0.729380
0.439388
0.414741
0.806560
0.549374
0.640381
0.474547
0.813305
0.214270
1.316959
1.149303
0.626217
0.565664
1.299695
0.724585
0.756710
0.834396
0.991001
0.613034
0.756573
1.030493
1.102305
0.781479
0.683763
0.376572
0.517827
1.031293
0.506635
0.750056
0.892167
0.686055
0.521229
0.951712
0.658579
0.905338
0.655255
0.475654
0.782642
0.880768
0.737571
0.815593
0.607450
0.965115
0.442388
0.740354
0.797892
0.782796
0.312443
0.739183
0.438959
0.379702
0.695750
0.360775
0.629078
0.485071
0.825387
0.281111
1.350553
1.035621
0.716543
0.589179
1.247679
0.826676
0.652602
0.873792
0.926510
0.743028
0.772768
0.978317
1.143619
0.730680
0.622628
0.289166
0.622555
0.946310
0.481572
0.775982
0.808987
0.800268
0.569785
0.828585
0.642761
0.696046
0.693945
0.560910
0.768366
0.856763
0.688305
0.814731
0.688986
0.800776
0.418050
0.699298
0.768383
0.762500
0.378328
0.681699
0.497893
0.417323
0.602876
0.287461
0.575208
0.498993
0.875859
0.373526
1.327471
0.896890
0.862619
0.683396
1.083889
0.907355
0.672862
0.815985
0.937926
0.949951
0.767915
0.881078
1.072118
0.760097
0.509984
0.305505
0.708182
0.820428
0.467681
0.887791
0.869172
0.853979
0.608108
0.660147
0.635434
0.615965
0.646482
0.563707
0.812212
0.745984
0.711735
0.750842
0.807648
0.771293
0.479315
0.541229
0.663787
0.731598
0.425587
0.543568
0.467531
0.356284
0.532764
0.368542
0.584223
0.594969
0.845472
0.426478
1.255405
0.817227
0.978707
0.723307
0.889335
0.878378
0.716366
0.640851
0.901639
1.060222
0.723201
0.825216
0.979848
0.791235
0.461679
0.454132
0.622537
0.688761
0.471200
0.924886
1.042454
0.733333
0.566866
0.517343
0.728871
0.589502
0.592822
0.572879
0.748649
0.600645
0.709100
0.658702
0.936040
0.969776
0.515353
0.386871
0.558015
0.744328
0.418671
0.409494
0.449735
0.276238
0.531972
0.389747
0.566075
0.651207
0.807519
0.480631
1.181384
0.773421
0.946190
0.704112
0.696852
0.867263
0.726517
0.495467
0.719097
0.986023
0.739707
0.826471
0.855259
0.849701
0.504351
0.541196
0.517107
0.590164
0.513023
0.732499
1.156329
0.707050
0.531150
0.278504
0.737561
0.583749
0.516860
0.637590
0.674972
0.494290
0.600069
0.504840
0.944151
1.016526
0.536141
0.341498
0.533577
0.808140
0.493412
0.444138
0.494930
0.270213
0.450919
0.320321
0.510648
0.703777
0.722167
0.517255
1.017361
0.667467
0.844970
0.560412
0.550763
0.965074
0.641373
0.440774
0.595610
0.829810
0.748960
0.676302
0.781964
0.842816
0.641115
0.633163
0.530551
0.537950
0.569242
0.528130
0.928592
0.769156
0.460174
0.131991
0.624315
0.493423
0.405712
0.699247
0.662972
0.535607
0.472225
0.372683
0.891948
0.976238
0.520372
0.334859
0.478605
0.857555
0.631676
0.385297
0.624095
0.341338
0.406031
0.288633
0.505029
0.723620
0.606974
0.600308
0.855799
0.473813
0.794054
0.335826
0.309064
1.050608
0.657901
0.379819
0.638081
0.756001
0.630247
0.421117
0.732727
0.781840
0.783787
0.793318
0.631162
0.499741
0.732722
0.448077
0.621904
0.761779
0.323748
0.093239
0.493274
0.394490
0.310027
0.671959
0.660469
0.612123
0.379822
0.341966
0.892826
0.985897
0.440969
0.317705
0.373937
0.690709
0.623185
0.353185
0.680557
0.449454
0.480497
0.365578
0.576609
0.800405
0.496378
0.653430
0.698573
0.429779
0.695804
0.283830
0.234222
1.039403
0.714823
0.305623
0.697432
0.760169
0.447049
0.265581
0.680430
0.731766
0.712055
1.023373
0.666864
0.461016
0.821948
0.468781
0.447636
0.618181
0.183882
0.007082
0.516889
0.393227
0.346459
0.653409
0.639431
0.656109
0.330836
0.401532
0.969885
1.014762
0.454688
0.311130
0.426363
0.485707
0.501161
0.248113
0.685803
0.580711
0.665600
0.427302
0.673466
0.865084
0.409469
0.649889
0.585923
0.528162
0.511459
0.397437
0.328561
0.916125
0.718689
0.251019
0.687166
0.827094
0.406299
0.281661
0.588233
0.705750
0.491347
1.044713
0.688121
0.473825
0.717392
0.425977
0.395645
0.483084
0.245948
0.072068
0.577969
0.479102
0.429687
0.668076
0.682570
0.644845
0.284144
0.406864
0.939069
0.934011
0.532285
0.326276
0.532518
0.445684
0.431768
0.041077
0.683158
0.722546
0.741609
0.366257
0.752105
0.817035
0.345877
0.638807
0.479473
0.613198
0.450459
0.367118
0.396413
0.873431
0.523538
0.198863
0.639015
0.828990
0.413164
0.414124
0.446031
0.596442
0.296849
0.911655
0.756739
0.393427
0.563215
0.288496
0.451327
0.480625
0.392614
0.059582
0.630577
0.554740
0.462478
0.583562
0.624346
0.708601
0.244803
0.390176
0.855333
0.800215
0.527746
0.323528
0.603967
0.549028
0.476614
0.137185
0.700497
0.905729
0.726387
0.454406
0.878771
0.687514
0.291972
0.604761
0.472353
0.601647
0.496241
0.155691
0.248995
0.806275
0.331629
0.190543
0.540849
0.740305
0.412520
0.415411
0.390983
0.431240
0.212847
0.761423
0.749160
0.309136
0.515766
0.118291
0.532767
0.454606
0.452210
0.159150
0.593696
0.495920
0.389690
0.421140
0.400635
0.715603
0.215668
0.474317
0.853971
0.597260
0.385933
0.233129
0.501856
0.589876
0.453147
0.227899
0.646959
0.971055
0.636419
0.558561
1.020458
0.611638
0.255569
0.551474
0.502399
0.573321
0.568746
0.111322
0.339219
0.555584
0.267243
0.306227
0.413271
0.592256
0.385618
0.325766
0.453043
0.348550
0.112639
0.677852
0.609921
0.307512
0.488465
0.121427
0.621046
0.354306
0.428912
0.197580
0.607084
0.456441
0.390522
0.245054
0.352315
0.575263
0.195577
0.336102
0.808195
0.403026
0.268996
0.170523
0.447213
0.521927
0.483437
0.221466
0.540269
0.923780
0.592608
0.679046
1.008602
0.581655
0.235859
0.480572
0.460426
0.545161
0.564880
0.318387
0.453853
0.297814
0.260326
0.321281
0.337671
0.413234
0.307246
0.247275
0.603486
0.378385
0.117786
0.526112
0.626115
0.487760
0.457245
0.138509
0.579167
0.378815
0.415749
0.178419
0.579057
0.557789
0.403873
0.149234
0.484664
0.358560
0.156280
0.152036
0.653857
0.418021
0.223310
0.205518
0.599153
0.446535
0.473684
0.335421
0.518031
0.859244
0.534130
0.634296
0.898438
0.512952
0.173399
0.438485
0.314038
0.459135
0.560889
0.446182
0.490729
0.159955
0.134915
0.268478
0.325586
0.254451
0.249183
0.132417
0.601850
0.437181
0.129687
0.286202
0.771053
0.529997
0.308844
0.178649
0.465537
0.542513
0.552156
0.227269
0.608560
0.506712
0.496311
0.137057
0.608597
0.348311
0.183946
0.072414
0.592046
0.458296
0.267660
0.242136
0.732004
0.395158
0.499705
0.470340
0.597475
0.827677
0.546682
0.476362
0.778803
0.339048
0.135914
0.406485
0.298478
0.309482
0.521995
0.259929
0.396892
0.099912
0.029963
0.188906
0.297857
0.215843
0.181961
0.135634
0.438104
0.469276
0.214761
0.118467
0.688731
0.406611
0.201189
0.156785
0.338533
0.583030
0.659948
0.315102
0.554913
0.395539
0.487507
0.096494
0.609100
0.444717
0.281274
0.093254
0.747652
0.446255
0.208031
0.338915
0.671487
0.324551
0.463299
0.607235
0.644111
0.699469
0.615770
0.330110
0.673344
0.210844
0.175133
0.378818
0.443554
0.271268
0.443762
0.095854
0.257765
0.086483
0.059316
0.226460
0.239880
0.299953
0.138557
0.256880
0.250622
0.396487
0.254549
0.118922
0.433347
0.259384
0.149846
0.118654
0.363925
0.381990
0.691878
0.435990
0.579114
0.394965
0.362668
0.091694
0.620691
0.488207
0.364625
0.152656
0.821388
0.361870
0.193982
0.301278
0.578406
0.362918
0.478035
0.659139
0.483649
0.496179
0.588803
0.255973
0.521902
0.205059
0.220361
0.321684
0.448941
0.296098
0.291001
0.152952
0.210776
0.059452
0.119676
0.294981
0.113566
0.366034
0.112951
0.381342
0.191475
0.268572
0.270598
0.070222
0.374539
0.273081
0.199070
0.231943
0.380910
0.216913
0.613633
0.382609
0.562503
0.450418
0.269036
0.239428
0.593722
0.505689
0.341090
0.167994
0.573802
0.265919
0.257162
0.245931
0.556924
0.400427
0.449659
0.670322
0.417256
0.339553
0.482320
0.280721
0.362942
0.342690
0.163387
0.291276
0.247226
0.367565
0.157770
0.201107
0.286156
0.074379
0.069470
0.454109
0.106420
0.327433
0.170373
0.396575
0.273444
0.177640
0.214842
0.282342
0.452651
0.335088
0.207356
0.340235
0.284493
0.220087
0.495305
0.348488
0.530863
0.379408
0.273606
0.281533
0.425950
0.441691
0.328486
0.202474
0.267182
0.189921
0.272037
0.126649
0.521627
0.378231
0.491372
0.598164
0.478780
0.254634
0.344356
0.298239
0.211515
0.334625
0.129732
0.206362
0.096865
0.309589
0.117528
0.108166
0.291108
0.023919
0.015124
0.536602
0.341319
0.351777
0.335880
0.333220
0.329744
0.171577
0.161869
0.481003
0.437054
0.380321
0.194819
0.323962
0.092494
0.158680
0.415918
0.347219
0.468473
0.317585
0.282062
0.256605
0.244232
0.424454
0.317608
0.228714
0.225775
0.169186
0.201870
0.185743
0.402193
0.270087
0.553252
0.512629
0.529848
0.224564
0.262469
0.192029
0.143036
0.289427
0.206833
0.071005
0.073711
0.389497
0.239901
0.113594
0.440194
0.114261
0.104183
0.411915
0.461344
0.311902
0.327608
0.286046
0.253717
0.154741
0.055269
0.536284
0.316572
0.354192
0.150580
0.232163
0.059076
0.132891
0.374493
0.370868
0.357993
0.267005
0.267841
0.225579
0.218658
0.165937
0.287946
0.196254
0.252611
0.179208
0.192323
0.211248
0.344793
0.261141
0.647875
0.399332
0.466307
0.140118
0.154726
0.233838
0.088508
0.261972
0.173682
0.058333
0.120400
0.361077
0.296547
0.086590
0.598128
0.204590
0.087377
0.232693
0.372210
0.239169
0.184895
0.277956
0.156138
0.236998
0.058424
0.470038
0.316864
0.346846
0.190985
0.195831
0.128231
0.106546
0.305601
0.412271
0.212404
0.158057
0.190436
0.155786
0.248464
0.133613
0.187880
0.134109
0.196664
0.162349
0.266013
0.153556
0.450736
0.334902
0.586217
0.293103
0.376106
0.124960
0.058610
0.232946
0.116307
0.130473
0.132609
0.080543
0.295950
0.293650
0.270924
0.014046
0.598755
0.110894
0.098319
0.189569
0.414149
0.070639
0.130307
0.254712
0.165182
0.387887
0.093938
0.356706
0.192050
0.236954
0.170871
0.331361
0.215674
0.060060
0.295498
0.460266
0.162934
0.139072
0.061252
0.016553
0.212808
0.090471
0.152008
0.132655
0.064025
0.178448
0.292463
0.123359
0.568345
0.416261
0.397427
0.179845
0.232497
0.157831
0.029721
0.222885
0.169365
0.062733
0.081102
0.020657
0.304272
0.272341
0.132875
0.042224
0.445589
0.046477
0.105364
0.315255
0.353693
0.049548
0.156586
0.167143
0.112583
0.387229
0.262022
0.215394
0.183815
0.233997
0.144905
0.368818
0.179282
0.110179
0.332273
0.489660
0.264049
0.050229
0.065358
0.100125
0.310000
0.016699
0.254562
0.234635
0.187509
0.082702
0.184910
0.035714
0.513428
0.326618
0.138171
0.056012
0.172305
0.121926
0.130355
0.315294
0.197566
0.153754
0.196279
0.095884
0.237535
0.173383
0.126897
0.074161
0.447349
0.073728
0.065101
0.371124
0.329806
0.156826
0.083090
0.119371
0.210192
0.276745
0.306843
0.083968
0.179397
0.267002
0.119141
0.203254
0.097877
0.187350
0.263183
0.494509
0.304830
0.129704
0.135926
0.114020
0.188826
0.128893
0.336376
0.256942
0.388433
0.138213
0.134065
0.052538
0.407598
0.107531
0.056951
0.093214
0.130420
0.061143
0.154443
0.303439
0.157540
0.187490
0.347538
0.025400
0.134536
0.140164
0.078909
0.122497
0.501505
0.089849
0.103397
0.432356
0.335754
0.240278
0.209048
0.166751
0.270946
0.204965
0.392540
0.187079
0.264729
0.286095
0.112004
0.043499
0.152126
0.159073
0.142042
0.426815
0.225172
0.164664
0.114091
0.162168
0.117171
0.120237
0.257373
0.140873
0.483472
0.203679
0.227601
0.089091
0.371381
0.153856
0.188452
0.145815
0.193813
0.104829
0.140814
0.197494
0.216921
0.155672
0.272628
0.088626
0.056341
0.221689
0.043658
0.158396
0.475334
0.186227
0.150016
0.446909
0.345055
0.171385
0.309430
0.119733
0.113014
0.205960
0.365158
0.288596
0.391670
0.177330
0.032297
0.060712
0.065128
0.133003
0.108977
0.288749
0.150790
0.107166
0.026902
0.123181
0.179817
0.259159
0.122419
0.087306
0.534706
0.222297
0.238047
0.047034
0.319333
0.320274
0.324792
0.125706
0.293471
0.137738
0.181476
0.150742
0.153633
0.278950
0.173189
0.034543
0.123980
0.294199
0.017917
0.178261
0.291888
0.319938
0.203333
0.402492
0.237660
0.206925
0.275646
0.092391
0.105062
0.119768
0.314852
0.235698
0.488153
0.159173
0.032950
0.040314
0.104228
0.083103
0.049068
0.257601
0.124686
0.061702
0.159213
0.059291
0.214530
0.371408
0.267654
0.143961
0.540167
0.267245
0.163394
0.130395
0.324188
0.195495
0.303213
0.065735
0.299623
0.178424
0.197760
0.173846
0.171346
0.311220
0.258632
0.077404
0.254268
0.338464
0.058255
0.184873
0.190500
0.361780
0.276798
0.336728
0.215399
0.265606
0.256420
0.062992
0.068558
0.197447
0.266551
0.248275
0.424189
0.113510
0.047473
0.110381
0.181676
0.035921
0.251032
0.265807
0.119009
0.075639
0.187687
0.160172
0.193973
0.436845
0.272089
0.272685
0.543680
0.335232
0.112686
0.207725
0.199494
0.249163
0.292151
0.131701
0.464944
0.274276
0.249100
0.249682
0.205685
0.275601
0.334022
0.049905
0.255904
0.390610
0.093194
0.105352
0.128366
0.279560
0.317880
0.192244
0.210599
0.198069
0.210378
0.061455
0.060486
0.381830
0.135847
0.265733
0.261225
0.207461
0.147988
0.198386
0.125630
0.074918
0.285312
0.155639
0.085832
0.202521
0.199940
0.151214
0.174456
0.311594
0.226437
0.295454
0.625906
0.292537
0.100907
0.168146
0.192793
0.424588
0.278970
0.224011
0.500224
0.340923
0.305326
0.211748
0.247682
0.334544
0.223286
0.010820
0.280437
0.321696
0.048987
0.065433
0.210614
0.189636
0.281188
0.158778
0.158828
0.105535
0.143603
0.112426
0.110816
0.359532
0.117867
0.260024
0.182297
0.434387
0.252861
0.132363
0.171600
0.109563
0.261038
0.164195
0.181672
0.218933
0.284273
0.065346
0.122774
0.215075
0.199200
0.142773
0.774862
0.217817
0.107159
0.110274
0.180120
0.480933
0.285999
0.232653
0.346181
0.243082
0.375520
0.115763
0.230327
0.324473
0.211040
0.054098
0.410608
0.277480
0.094187
0.058015
0.325640
0.202586
0.222093
0.216724
0.074239
0.193601
0.193585
0.219843
0.269119
0.293999
0.286362
0.147999
0.216106
0.624232
0.326860
0.137073
0.373171
0.064445
0.531890
0.207347
0.263633
0.207135
0.388966
0.176668
0.131230
0.217930
0.242433
0.113672
0.819686
0.173520
0.018145
0.070333
0.278577
0.451863
0.352189
0.214355
0.317870
0.121658
0.487202
0.023596
0.149175
0.220958
0.222649
0.088552
0.464026
0.252696
0.139184
0.162114
0.333491
0.171660
0.135539
0.200117
0.018626
0.174013
0.202959
0.274637
0.340522
0.239180
0.221401
0.082259
0.232997
0.697736
0.345971
0.212057
0.380813
0.098187
0.635728
0.162991
0.337285
0.266583
0.420103
0.192781
0.230417
0.100033
0.223395
0.196834
0.742489
0.155928
0.066927
0.131790
0.380117
0.392227
0.382898
0.290181
0.409009
0.076819
0.609186
0.050363
0.175764
0.148577
0.217338
0.161600
0.378919
0.236561
0.093267
0.182555
0.280054
0.258785
0.052992
0.190313
0.063937
0.168837
0.089583
0.239781
0.367370
0.226185
0.028268
0.061789
0.262559
0.601501
0.362669
0.205759
0.292306
0.114092
0.523487
0.048782
0.417305
0.294822
0.391133
0.205057
0.364169
0.034985
0.127384
0.190781
0.606856
0.205811
0.185469
0.146892
0.415294
0.338342
0.387321
0.242269
0.387881
0.185277
0.578700
0.062095
0.307804
0.158610
0.200152
0.229367
0.240123
0.108198
0.277040
0.205347
0.314251
0.216508
0.186952
0.176162
0.109887
0.301362
0.081201
0.231091
0.365499
0.310973
0.077646
0.116800
0.361850
0.528515
0.187359
0.123570
0.325282
0.134008
0.444963
0.180018
0.410201
0.312323
0.322319
0.283489
0.424979
0.140577
0.020004
0.131176
0.525368
0.219987
0.216403
0.087153
0.489955
0.245550
0.326320
0.191530
0.326111
0.291220
0.416811
0.100990
0.319423
0.217768
0.331850
0.363662
0.111898
0.084055
0.242193
0.233187
0.442397
0.082302
0.257562
0.184453
0.245108
0.462419
0.229677
0.313904
0.351179
0.402877
0.229381
0.192852
0.374452
0.478923
0.094602
0.178370
0.509876
0.178509
0.440361
0.313180
0.419888
0.395293
0.271197
0.357568
0.409762
0.186925
0.114627
0.146500
0.455768
0.281521
0.260839
0.164794
0.592517
0.304348
0.332196
0.212429
0.288382
0.205884
0.388417
0.081026
0.295109
0.289521
0.386515
0.393784
0.174158
0.072466
0.163627
0.283880
0.533041
0.188844
0.291627
0.263084
0.378854
0.578660
0.278473
0.390646
0.240774
0.374857
0.386701
0.271103
0.262978
0.401997
0.193872
0.269368
0.676413
0.165145
0.397915
0.378170
0.401647
0.452652
0.246376
0.350813
0.349346
0.100461
0.222982
0.119548
0.315599
0.276250
0.255445
0.388384
0.629121
0.483466
0.319437
0.215111
0.230029
0.144102
0.536258
0.257716
0.420779
0.368760
0.342975
0.390714
0.364644
0.031435
0.184444
0.356813
0.591353
0.410651
0.260240
0.314025
0.352111
0.703650
0.268001
0.428952
0.244645
0.270189
0.357622
0.382614
0.262164
0.299449
0.275346
0.304082
0.665895
0.214840
0.365046
0.416257
0.373237
0.362626
0.204797
0.278701
0.387659
0.244555
0.267518
0.092527
0.233430
0.207220
0.321234
0.455601
0.625478
0.546929
0.350631
0.404284
0.218418
0.231848
0.605085
0.355242
0.417310
0.514497
0.364019
0.379799
0.521152
0.020759
0.209504
0.364004
0.626813
0.581605
0.266564
0.315503
0.421528
0.790971
0.288348
0.428332
0.370425
0.421221
0.279707
0.456520
0.354973
0.218496
0.342259
0.194212
0.649799
0.403450
0.411907
0.490814
0.300548
0.380348
0.161668
0.335498
0.461312
0.203673
0.410265
0.173867
0.241441
0.234623
0.349038
0.423738
0.645596
0.350364
0.396953
0.458880
0.345055
0.388403
0.519216
0.381440
0.297833
0.594653
0.437287
0.320751
0.536118
0.094929
0.230797
0.259124
0.709071
0.671819
0.308570
0.302118
0.533579
0.775167
0.386882
0.510681
0.463374
0.384493
0.334093
0.538260
0.425730
0.157719
0.390671
0.332025
0.634343
0.485881
0.421032
0.583142
0.353028
0.466826
0.163187
0.368763
0.483363
0.284710
0.375186
0.246354
0.268755
0.391877
0.434005
0.401473
0.619613
0.219772
0.466902
0.472651
0.448481
0.475297
0.351834
0.414080
0.161976
0.606532
0.404109
0.270245
0.589041
0.168055
0.265050
0.184340
0.672411
0.661791
0.407848
0.359962
0.553334
0.648539
0.514613
0.514954
0.458908
0.275707
0.443662
0.540547
0.503432
0.180624
0.495249
0.512068
0.605562
0.479715
0.321065
0.627320
0.453780
0.595222
0.103578
0.347685
0.527243
0.252383
0.299162
0.314717
0.252988
0.526289
0.528801
0.503607
0.588101
0.222914
0.556546
0.525042
0.501911
0.477906
0.322858
0.377686
0.180086
0.560342
0.384278
0.321464
0.657853
0.227528
0.365195
0.174346
0.633193
0.774646
0.494780
0.469398
0.638291
0.531216
0.515608
0.381438
0.487181
0.298626
0.460527
0.521399
0.648261
0.148066
0.667826
0.520094
0.588137
0.476244
0.239178
0.634078
0.564900
0.662915
0.106691
0.295567
0.534755
0.195018
0.221683
0.419406
0.302508
0.618033
0.580572
0.630173
0.543585
0.203409
0.521581
0.610923
0.549952
0.464095
0.266965
0.370180
0.160416
0.594858
0.368707
0.353012
0.718685
0.307068
0.551752
0.116597
0.636531
0.976203
0.514229
0.495537
0.758722
0.474582
0.420136
0.345970
0.640823
0.363909
0.498227
0.462103
0.738449
0.292161
0.721995
0.481421
0.558526
0.551887
0.296899
0.624556
0.596604
0.690602
0.227135
0.349428
0.538029
0.236852
0.206814
0.515516
0.350072
0.685564
0.491598
0.655031
0.577704
0.209883
0.417417
0.712917
0.688928
0.493106
0.165618
0.532196
0.279941
0.699575
0.508611
0.280458
0.765474
0.332768
0.620113
0.053452
0.700620
1.126922
0.548939
0.391719
0.890152
0.463339
0.370681
0.285172
0.782191
0.451412
0.597119
0.495413
0.710846
0.400294
0.650548
0.588902
0.457300
0.582467
0.347928
0.570270
0.589667
0.681804
0.355107
0.389734
0.591186
0.318590
0.358751
0.544184
0.336487
0.639257
0.459619
0.515624
0.615614
0.153277
0.378592
0.773895
0.815818
0.564340
0.131492
0.520080
0.440763
0.846344
0.599342
0.209184
0.824956
0.304894
0.608576
0.109747
0.633032
1.075703
0.605819
0.483752
0.919894
0.478653
0.389661
0.321272
0.846996
0.581935
0.685337
0.522481
0.668774
0.484700
0.603390
0.664300
0.350273
0.586608
0.311181
0.435828
0.629872
0.725194
0.446908
0.446711
0.733349
0.388498
0.596947
0.593290
0.288976
0.547374
0.502081
0.373959
0.643505
0.288675
0.427501
0.713218
0.830211
0.664473
0.078333
0.426273
0.601161
0.842043
0.679385
0.259868
0.798440
0.335330
0.590969
0.191858
0.553641
0.934306
0.696850
0.619313
0.918152
0.545665
0.447456
0.366381
0.839082
0.552302
0.719390
0.444536
0.674983
0.340506
0.608683
0.577966
0.334607
0.660379
0.239291
0.333404
0.689975
0.734393
0.460928
0.545068
0.889569
0.459819
0.718417
0.640468
0.270026
0.443797
0.629150
0.312038
0.590937
0.462310
0.473932
0.571747
0.799341
0.762279
0.181673
0.447841
0.746652
0.757096
0.644658
0.303378
0.757565
0.443805
0.589447
0.238332
0.484629
0.823774
0.719522
0.667175
0.973688
0.513808
0.537768
0.360187
0.893298
0.589590
0.782432
0.366505
0.643944
0.240655
0.663169
0.395011
0.471598
0.784430
0.203563
0.287979
0.716879
0.748406
0.439061
0.672560
0.835166
0.555752
0.763461
0.665750
0.222082
0.507000
0.642519
0.307644
0.648909
0.509306
0.482253
0.523348
0.826524
0.735848
0.269817
0.558962
0.886008
0.694802
0.592735
0.287981
0.762507
0.576796
0.533130
0.292911
0.532450
0.742902
0.685846
0.662392
1.095077
0.471654
0.707647
0.421058
0.949208
0.659097
0.850136
0.394073
0.590243
0.348880
0.668882
0.336625
0.555710
0.769629
0.218407
0.297724
0.758763
0.692958
0.488367
0.583719
0.749334
0.718486
0.842870
0.726236
0.246687
0.706599
0.601400
0.248862
0.794533
0.603992
0.584528
0.566365
0.803631
0.698721
0.239934
0.574936
0.900158
0.696389
0.627298
0.377649
0.755846
0.704763
0.560111
0.433686
0.607108
0.601543
0.692594
0.680532
1.091256
0.469553
0.760618
0.446931
0.967110
0.763575
0.835559
0.369383
0.644881
0.589395
0.707230
0.355998
0.588140
0.747848
0.323894
0.353025
0.765788
0.633618
0.622859
0.400597
0.764226
0.867453
0.887971
0.788275
0.357346
0.746981
0.550108
0.286998
0.902611
0.773818
0.597300
0.456208
0.807195
0.749748
0.145527
0.488940
0.917448
0.721902
0.773141
0.589060
0.748814
0.805979
0.635277
0.666993
0.540055
0.476551
0.705002
0.670535
1.038154
0.478878
0.707176
0.468900
0.907663
0.808094
0.761542
0.364043
0.728455
0.802192
0.646429
0.349339
0.509764
0.884296
0.464732
0.452956
0.816294
0.510764
0.786467
0.258180
0.765017
0.901857
0.834165
0.682817
0.501284
0.668859
0.552139
0.398080
0.836146
0.849284
0.534314
0.279522
0.901221
0.920169
0.098929
0.484249
0.927050
0.736155
0.702161
0.665171
0.744620
0.818848
0.620638
0.770979
0.401116
0.416445
0.738383
0.569106
0.909957
0.500281
0.718083
0.466258
0.837832
0.864910
0.801193
0.464143
0.684121
0.951404
0.455635
0.320797
0.575698
1.014156
0.597500
0.616208
0.898214
0.469753
0.817471
0.371456
0.723592
0.904156
0.803664
0.496792
0.587213
0.608043
0.587785
0.476827
0.758529
0.832589
0.426946
0.308577
0.984386
0.987959
0.165946
0.538028
0.905623
0.700638
0.585867
0.608855
0.650264
0.808792
0.518927
0.834467
0.472655
0.300969
0.712130
0.449360
0.804520
0.539638
0.749483
0.438358
0.762866
0.971319
0.884456
0.603312
0.632536
0.995219
0.226395
0.319782
0.598931
1.012707
0.576093
0.777619
0.944464
0.489288
0.741453
0.525309
0.719067
0.991432
0.840400
0.356834
0.567185
0.592539
0.645554
0.440646
0.695632
0.907192
0.502240
0.353523
1.015894
0.931001
0.269572
0.566785
0.879269
0.623749
0.547940
0.641487
0.584674
0.843270
0.452826
0.921674
0.649378
0.219693
0.671877
0.495871
0.658150
0.610046
0.784429
0.280159
0.725929
1.088186
0.888388
0.562547
0.632467
1.113417
0.231931
0.279282
0.585749
1.042522
0.591452
0.828491
1.013197
0.574488
0.682751
0.536553
0.867907
1.071523
0.884237
0.353635
0.528837
0.601369
0.622867
0.429157
0.705535
1.030374
0.670104
0.294136
1.004245
0.805390
0.371095
0.509542
0.889003
0.619239
0.624460
0.746317
0.591045
0.973910
0.475097
0.903671
0.834821
0.193571
0.600830
0.657856
0.556971
0.647908
0.699394
0.214312
0.730885
1.104689
0.693597
0.463320
0.708411
1.110599
0.365622
0.245644
0.729647
1.074423
0.703336
0.744186
1.106668
0.630141
0.830703
0.444506
0.984451
1.097540
0.844455
0.425245
0.571240
0.575353
0.588279
0.575035
0.739573
1.051864
0.738500
0.267849
1.066385
0.821460
0.465728
0.487710
0.852974
0.665934
0.600869
0.676080
0.684640
0.941957
0.514314
0.651822
0.897113
0.323700
0.575489
0.692201
0.541215
0.656326
0.656228
0.267053
0.707559
1.069724
0.525553
0.461652
0.767939
1.141205
0.531664
0.360654
0.778613
1.032279
0.795460
0.609284
1.107953
0.645554
1.028757
0.464298
0.993935
1.078237
0.730326
0.501926
0.710148
0.529471
0.565459
0.817834
0.835586
0.914710
0.702785
0.224030
1.051052
0.907544
0.569829
0.495343
0.773638
0.731206
0.530844
0.456752
0.737883
0.812318
0.443962
0.416176
0.972535
0.396336
0.562729
0.497786
0.600313
0.659591
0.655798
0.309769
0.723561
1.034904
0.455117
0.591904
0.731469
1.121630
0.544539
0.540409
0.707970
0.892398
0.736238
0.579246
0.938872
0.636627
1.055907
0.568883
0.942900
1.076710
0.701790
0.622884
0.805708
0.523680
0.626731
0.854754
0.895929
0.812025
0.806428
0.251861
0.927181
0.920813
0.700991
0.565369
0.783312
0.742992
0.443678
0.354284
0.715131
0.795327
0.399784
0.404365
1.029134
0.448910
0.507286
0.334482
0.620684
0.775565
0.578867
0.292631
0.669854
1.010308
0.417958
0.689172
0.638142
1.144105
0.560587
0.686451
0.715092
0.813881
0.606914
0.626231
0.896306
0.693427
0.913900
0.615321
0.846738
0.991293
0.721901
0.668279
0.861500
0.541437
0.676288
0.801902
0.908207
0.876028
0.863422
0.403549
0.873826
0.836666
0.820966
0.623670
0.866067
0.799200
0.396669
0.468914
0.778750
0.889786
0.436575
0.406424
1.016074
0.478457
0.465675
0.367945
0.615356
0.876187
0.478933
0.367805
0.570439
0.838665
0.374969
0.664409
0.619385
1.145218
0.580527
0.759810
0.816693
0.830180
0.625757
0.628190
0.983000
0.800672
0.770261
0.469806
0.798063
0.921064
0.682125
0.645580
0.924338
0.539051
0.701313
0.743307
0.892609
1.032607
0.838243
0.575699
0.895541
0.741872
0.911006
0.593605
0.921673
0.772954
0.418254
0.514888
0.853759
0.900649
0.513078
0.358038
0.924164
0.588134
0.525300
0.405093
0.565794
0.943241
0.504146
0.480621
0.475145
0.708153
0.381609
0.672638
0.732605
1.051201
0.704066
0.841079
0.855026
0.848567
0.697623
0.486591
0.997454
0.937301
0.611882
0.494797
0.849962
0.796406
0.633362
0.641553
1.057540
0.588593
0.706601
0.681534
0.955900
1.110021
0.781754
0.693616
0.840350
0.716721
0.935962
0.526669
0.875195
0.733040
0.541949
0.459804
0.771552
0.826175
0.506548
0.326646
0.880502
0.721334
0.605582
0.355657
0.589399
0.990554
0.521497
0.490330
0.516329
0.621250
0.412943
0.749682
0.800596
0.878155
0.721698
0.856066
0.869234
0.844683
0.715129
0.306593
0.833811
0.874558
0.481943
0.632540
0.897798
0.725384
0.474893
0.658414
1.078727
0.716234
0.672141
0.557630
0.919821
0.943927
0.838180
0.694406
0.715466
0.729849
0.955265
0.515716
0.741963
0.725163
0.688975
0.459779
0.641972
0.798807
0.512382
0.459608
0.862429
0.822777
0.681901
0.258635
0.642284
1.013709
0.521373
0.479872
0.593207
0.668024
0.427617
0.682969
0.955806
0.784573
0.752967
0.746820
0.928492
0.892824
0.753634
0.221000
0.539134
0.683724
0.359800
0.668931
0.913740
0.737055
0.350748
0.655482
0.980528
0.841376
0.633147
0.451296
0.930947
0.774027
0.885082
0.592272
0.673573
0.805626
1.025445
0.545082
0.641188
0.905565
0.784406
0.511218
0.671861
0.916262
0.571213
0.659034
0.880138
0.906134
0.700644
0.281920
0.742349
0.951667
0.595667
0.618973
0.642143
0.766585
0.392653
0.582244
1.099598
0.696014
0.761549
0.647410
1.073478
0.836832
0.765611
0.330572
0.499905
0.599301
0.300784
0.567439
0.927116
0.699563
0.244636
0.656417
0.855959
0.957238
0.691059
0.375125
1.016961
0.696252
0.865368
0.559635
0.695376
0.790959
1.036953
0.537171
0.624185
1.065195
0.806133
0.603593
0.802637
0.961407
0.645741
0.717326
0.870628
1.036251
0.761485
0.434308
0.733332
0.889398
0.786439
0.857422
0.702419
0.846985
0.499614
0.625045
1.214056
0.625814
0.773020
0.722258
1.093134
0.731706
0.755720
0.470617
0.627062
0.792858
0.263966
0.532078
0.924693
0.621263
0.225944
0.694099
0.774899
1.035085
0.711043
0.335475
1.046743
0.704908
0.751075
0.661770
0.711808
0.683361
1.089577
0.381018
0.737674
1.039350
0.757117
0.720918
0.988548
0.949189
0.708157
0.599712
0.876408
1.085785
0.829458
0.464257
0.754667
0.778115
0.881300
0.891564
0.845626
0.859337
0.647313
0.628832
1.170029
0.571361
0.772822
0.786207
0.971328
0.627102
0.694239
0.499122
0.697699
1.030494
0.265564
0.673470
0.827794
0.587277
0.199867
0.622100
0.770298
1.135713
0.732261
0.199612
0.877150
0.716818
0.733846
0.757561
0.701786
0.604672
1.001966
0.275723
0.841875
0.871531
0.656344
0.793345
1.104505
0.959276
0.731290
0.551929
0.817496
1.147908
0.847473
0.340815
0.773668
0.782574
0.741295
0.755036
0.908916
0.842832
0.723794
0.461029
1.108097
0.632620
0.837034
0.754134
0.840390
0.578714
0.678968
0.448904
0.694628
1.125899
0.346609
0.826091
0.813817
0.613033
0.321201
0.445264
0.908810
1.226054
0.714719
0.161804
0.726537
0.741325
0.802484
0.837539
0.745061
0.683309
0.839821
0.396568
0.912821
0.759524
0.641592
0.766103
1.216581
1.047982
0.831710
0.688592
0.840857
1.168140
0.753651
0.330437
0.919584
0.863377
0.657340
0.714997
0.968442
0.788293
0.734534
0.402568
1.027022
0.624609
0.828094
0.686820
0.848453
0.532219
0.670881
0.459554
0.755610
1.062001
0.503051
0.782733
0.944415
0.646079
0.394472
0.304723
0.944031
1.301392
0.788184
0.293129
0.699808
0.833183
0.781139
0.873382
0.805876
0.753584
0.717395
0.597041
0.894637
0.804202
0.734113
0.603330
1.236158
1.029887
1.066712
0.822857
0.863882
1.260376
0.709124
0.514573
0.977072
0.943902
0.659208
0.748356
1.060743
0.766115
0.781662
0.526066
1.011471
0.684755
0.856929
0.664507
0.958800
0.521901
0.598003
0.549783
0.852454
0.965150
0.565236
0.742136
1.003628
0.685736
0.446925
0.344317
0.893115
1.224325
0.834816
0.485766
0.737172
0.810178
0.667256
0.888919
0.819926
0.736208
0.630114
0.648545
0.858049
0.931702
0.830057
0.469856
1.249719
0.962985
1.076951
0.767978
0.842777
1.290942
0.693441
0.683711
1.026732
0.982788
0.648245
0.620252
1.159612
0.732385
0.812343
0.690360
0.975688
0.738315
0.837391
0.599798
0.991928
0.563900
0.571505
0.620576
0.855324
0.947139
0.501313
0.780833
0.827453
0.766398
0.469066
0.435660
0.854558
1.114582
0.838566
0.556595
0.827975
0.709888
0.598193
0.759123
0.702481
0.681199
0.569115
0.576134
0.684970
1.042286
0.779371
0.397647
1.298486
0.909467
0.880137
0.597666
0.769236
1.194221
0.691106
0.792998
0.981457
0.977710
0.482978
0.406796
1.087342
0.688280
0.850188
0.682744
0.973246
0.740698
0.797190
0.522441
0.945353
0.636363
0.644461
0.533191
0.851653
1.031389
0.556416
0.832884
0.664622
0.885376
0.533208
0.405399
0.967692
0.974442
0.772503
0.687338
0.885314
0.631689
0.546668
0.622035
0.578111
0.771423
0.558594
0.607357
0.604037
1.034907
0.748500
0.416012
1.289488
0.938265
0.737973
0.542344
0.751898
1.055006
0.672647
0.869656
1.006625
0.969795
0.439493
0.318510
0.943641
0.631523
0.908039
0.600949
0.908955
0.675515
0.703543
0.455319
0.895976
0.687856
0.748172
0.489111
0.937282
0.998218
0.700640
0.721825
0.687488
0.938444
0.627053
0.392990
1.072951
0.860711
0.727570
0.799774
0.798487
0.673108
0.464708
0.536750
0.600298
0.786100
0.547500
0.709602
0.651598
0.901353
0.801205
0.394764
1.102092
0.948246
0.846777
0.671469
0.742410
0.966699
0.679214
0.945661
1.020567
0.874350
0.605431
0.396194
0.998816
0.589409
0.917993
0.575451
0.797841
0.614300
0.689944
0.482205
0.861671
0.754203
0.782130
0.544538
0.998189
0.916237
0.834037
0.578722
0.716712
0.870261
0.792074
0.512598
1.064819
0.749340
0.627460
0.811051
0.692087
0.728102
0.334483
0.529055
0.714382
0.742688
0.526845
0.738496
0.792057
0.760646
0.806125
0.460963
0.961056
0.832071
0.987536
0.730606
0.647249
0.923193
0.649807
0.923823
1.183113
0.823015
0.733060
0.505999
1.115801
0.585995
0.836218
0.606801
0.728664
0.726051
0.729068
0.577809
0.816976
0.863447
0.704391
0.626847
0.971041
0.758414
0.913007
0.489323
0.605794
0.840403
0.928150
0.657270
0.915018
0.552090
0.501750
0.737181
0.655317
0.723431
0.273757
0.501081
0.836523
0.706300
0.397482
0.669076
0.839729
0.696850
0.671072
0.509782
0.935998
0.731216
0.897493
0.682941
0.573734
0.872108
0.650707
0.848530
1.237150
0.758801
0.777003
0.631699
1.128979
0.608004
0.758549
0.645537
0.753604
0.973742
0.788271
0.592553
0.708622
0.906918
0.650670
0.616040
0.848443
0.756184
1.053253
0.429463
0.621261
0.909120
0.907061
0.657321
0.954669
0.320101
0.378677
0.713005
0.709341
0.701429
0.228757
0.401321
0.835239
0.703159
0.317927
0.636547
0.856640
0.642271
0.589113
0.482299
0.969792
0.866156
0.716955
0.635779
0.708243
0.755144
0.593773
0.823222
1.185018
0.783623
0.873802
0.668953
1.030952
0.708931
0.637990
0.590330
0.729288
1.077903
0.744711
0.555549
0.676174
0.846346
0.652919
0.506613
0.895814
0.779969
1.051952
0.334936
0.715238
0.978649
0.818985
0.622082
1.087661
0.283811
0.401491
0.784748
0.667839
0.676958
0.259651
0.276024
0.768863
0.704288
0.437840
0.693640
0.917595
0.674783
0.574499
0.386231
0.944156
1.045735
0.674008
0.643843
0.760454
0.685692
0.405956
0.776391
1.028869
0.798455
1.007140
0.658545
0.993177
0.746586
0.621429
0.472625
0.752115
1.080411
0.642851
0.541330
0.666621
0.744017
0.654712
0.302606
0.964156
0.684452
0.896659
0.277666
0.729419
0.929572
0.842116
0.625476
1.140161
0.347356
0.444532
0.829935
0.674738
0.559479
0.340355
0.219970
0.759695
0.636379
0.588793
0.726991
0.914215
0.605906
0.552130
0.364684
0.887872
0.997980
0.699051
0.675228
0.793546
0.697178
0.255896
0.573636
0.914313
0.808627
1.126438
0.630734
0.991900
0.812372
0.651207
0.376459
0.778523
1.064384
0.575072
0.602916
0.568337
0.655095
0.666409
0.205933
0.935526
0.525758
0.852793
0.256783
0.724876
0.804935
0.925802
0.718001
0.983507
0.401890
0.503523
0.778695
0.827174
0.442064
0.488634
0.299679
0.712262
0.649528
0.635681
0.609815
0.822506
0.546185
0.458102
0.463491
0.839358
0.865604
0.647166
0.582826
0.902187
0.692272
0.296310
0.439475
0.819756
0.722042
1.093330
0.660875
0.912461
0.917102
0.660368
0.328247
0.691354
1.025720
0.576663
0.624051
0.462758
0.614950
0.593184
0.241024
0.828937
0.528472
0.987320
0.225188
0.831555
0.672021
0.895957
0.749246
0.864924
0.475647
0.554585
0.704304
0.934893
0.541308
0.548188
0.398502
0.710605
0.687295
0.638277
0.453439
0.798550
0.584780
0.371474
0.603531
0.713018
0.818897
0.581623
0.428886
1.070766
0.623151
0.419188
0.462620
0.766142
0.620737
0.986406
0.734822
0.842451
0.882491
0.586501
0.368198
0.583966
0.865452
0.567092
0.626678
0.474366
0.625151
0.483791
0.297418
0.675577
0.562918
1.066670
0.175808
0.906398
0.629041
0.715723
0.733858
0.888982
0.528160
0.622805
0.692341
0.884119
0.799750
0.604228
0.406456
0.753205
0.756751
0.645262
0.459031
0.826490
0.615894
0.407192
0.584770
0.572430
0.710611
0.472556
0.314168
1.034881
0.587990
0.399345
0.391415
0.672443
0.562348
0.915178
0.711131
0.813819
0.741650
0.473041
0.426943
0.564895
0.715727
0.483280
0.617555
0.593745
0.654721
0.398935
0.301884
0.640027
0.576973
0.935282
0.169039
0.820357
0.610952
0.639347
0.715060
0.886949
0.551395
0.708664
0.675730
0.824351
0.927674
0.677179
0.336231
0.795125
0.851576
0.661661
0.512238
0.782707
0.570977
0.496100
0.485850
0.443212
0.479774
0.389112
0.317428
0.888229
0.631806
0.330526
0.378552
0.612253
0.601677
0.788914
0.559737
0.808836
0.652871
0.398894
0.418997
0.600239
0.610848
0.409139
0.613206
0.707531
0.590081
0.419235
0.310610
0.682623
0.568838
0.718922
0.229655
0.722137
0.619921
0.637355
0.696287
0.838518
0.653528
0.855903
0.552492
0.767350
0.893573
0.670592
0.260832
0.691629
0.907855
0.685193
0.543612
0.691363
0.480754
0.528507
0.505995
0.404041
0.345605
0.362007
0.415986
0.759019
0.629359
0.399424
0.203087
0.591401
0.578886
0.581682
0.437944
0.744320
0.633210
0.376355
0.346505
0.630974
0.637310
0.386938
0.585106
0.726157
0.624438
0.513187
0.261200
0.661379
0.586391
0.636172
0.396052
0.762129
0.559061
0.621016
0.620295
0.742576
0.736101
0.988448
0.441615
0.758622
0.792434
0.503770
0.145647
0.676065
0.875086
0.734483
0.495955
0.725672
0.506269
0.501499
0.598562
0.417461
0.326655
0.331761
0.416746
0.764734
0.510035
0.571186
0.315843
0.521678
0.480249
0.444787
0.318502
0.708085
0.649348
0.322003
0.278489
0.667653
0.634872
0.371574
0.533036
0.764275
0.624273
0.576047
0.217866
0.590628
0.533385
0.607028
0.568300
0.849902
0.532374
0.507634
0.545844
0.550707
0.824237
0.925692
0.380423
0.831416
0.659210
0.411070
0.136441
0.747916
0.826371
0.733238
0.414414
0.698762
0.527630
0.457263
0.545175
0.504584
0.326581
0.305864
0.371694
0.690039
0.459286
0.643980
0.428585
0.449392
0.405213
0.422684
0.275306
0.659869
0.616128
0.256897
0.212948
0.758504
0.596927
0.385003
0.511217
0.718764
0.546619
0.532970
0.257157
0.621010
0.534280
0.497803
0.674192
0.810825
0.446591
0.414420
0.435033
0.380755
0.785575
0.638653
0.348041
0.938362
0.438703
0.403459
0.186612
0.859545
0.727350
0.688401
0.355756
0.593270
0.465479
0.403097
0.389805
0.516644
0.283471
0.241654
0.354561
0.580094
0.461380
0.629269
0.336670
0.441282
0.373502
0.320205
0.290417
0.619657
0.574432
0.213229
0.157725
0.765371
0.518167
0.410396
0.447923
0.680566
0.476372
0.456244
0.334249
0.643534
0.587700
0.474562
0.653931
0.745540
0.364968
0.322052
0.278668
0.320798
0.650161
0.439701
0.185244
0.913468
0.238441
0.460878
0.148547
0.908116
0.673541
0.701914
0.332610
0.590729
0.444360
0.445263
0.320269
0.498943
0.354538
0.191210
0.437924
0.541770
0.458364
0.681705
0.192984
0.493086
0.333921
0.193154
0.312260
0.489869
0.546246
0.262136
0.195419
0.667407
0.523079
0.414043
0.390341
0.642014
0.508539
0.418022
0.584686
0.597696
0.673828
0.387221
0.568061
0.716494
0.328312
0.267236
0.144364
0.392266
0.550341
0.369613
0.083355
0.776419
0.268571
0.481244
0.189415
0.866170
0.546417
0.722525
0.300063
0.664246
0.501295
0.505132
0.364459
0.468859
0.423257
0.138369
0.445712
0.580106
0.393713
0.840787
0.196346
0.417042
0.359648
0.196239
0.328386
0.345933
0.532078
0.306345
0.352086
0.525205
0.475409
0.365190
0.351019
0.715490
0.467736
0.390523
0.657014
0.545834
0.600066
0.224729
0.577926
0.619122
0.394249
0.230247
0.165513
0.368025
0.549719
0.320034
0.104148
0.606769
0.391863
0.490149
0.246698
0.868633
0.441970
0.575269
0.254241
0.685682
0.515702
0.502937
0.342508
0.440877
0.380688
0.145317
0.406287
0.523878
0.404048
0.933801
0.222017
0.295028
0.465845
0.232857
0.279482
0.311167
0.514922
0.371883
0.470080
0.454365
0.307251
0.315912
0.293852
0.762993
0.356559
0.356635
0.520348
0.548714
0.489108
0.136327
0.615060
0.560891
0.484572
0.239686
0.178414
0.246619
0.560337
0.234578
0.092773
0.603881
0.390394
0.497835
0.465353
0.910658
0.424503
0.432648
0.203078
0.529227
0.439429
0.509230
0.343631
0.342248
0.264361
0.247126
0.398708
0.442174
0.428117
0.750535
0.161066
0.207785
0.496396
0.167754
0.191232
0.382080
0.510456
0.495628
0.496624
0.421201
0.165480
0.330890
0.165298
0.757733
0.285856
0.343192
0.427069
0.513800
0.427606
0.071055
0.645950
0.619847
0.537042
0.173337
0.130404
0.243490
0.630599
0.274419
0.047054
0.656483
0.337674
0.432335
0.604829
0.816347
0.484652
0.472746
0.247776
0.381424
0.457003
0.516492
0.422385
0.363793
0.288485
0.361712
0.489758
0.382804
0.338170
0.576292
0.096298
0.162479
0.361995
0.041343
0.155728
0.374937
0.507882
0.527893
0.467085
0.439467
0.213972
0.379871
0.160284
0.615809
0.384097
0.340054
0.415406
0.451388
0.396878
0.100479
0.574667
0.660693
0.599791
0.069317
0.159408
0.373370
0.674200
0.342243
0.134261
0.712138
0.356042
0.425848
0.633026
0.736145
0.573753
0.552013
0.335392
0.368888
0.585258
0.504036
0.525446
0.451746
0.301854
0.407614
0.491316
0.474715
0.170228
0.498755
0.114096
0.239739
0.246297
0.056038
0.220011
0.415757
0.510696
0.484143
0.430364
0.510983
0.379344
0.400491
0.242339
0.486493
0.461214
0.326873
0.391162
0.416358
0.366721
0.189543
0.456980
0.570094
0.645126
0.039216
0.214150
0.364718
0.588284
0.359513
0.094954
0.680200
0.389704
0.448608
0.562193
0.736306
0.575215
0.437156
0.358146
0.369056
0.659881
0.437808
0.401814
0.519987
0.279307
0.392560
0.337725
0.495040
0.137445
0.531315
0.193318
0.373346
0.344845
0.080079
0.184500
0.425108
0.483900
0.325101
0.363541
0.488321
0.371681
0.392742
0.219368
0.404480
0.403096
0.415647
0.334153
0.509759
0.393976
0.318187
0.323752
0.459210
0.625206
0.141321
0.209301
0.228332
0.402269
0.343392
0.127190
0.447226
0.425890
0.436887
0.523756
0.768491
0.542506
0.277074
0.351147
0.334183
0.607226
0.368630
0.322363
0.471023
0.159047
0.386812
0.262094
0.457714
0.072305
0.463302
0.168430
0.515863
0.491272
0.137194
0.175682
0.400839
0.387660
0.246037
0.285903
0.380312
0.231812
0.388795
0.094855
0.364608
0.294112
0.453444
0.250249
0.531843
0.358631
0.397710
0.229986
0.392912
0.534952
0.228615
0.174089
0.084521
0.210829
0.304376
0.290183
0.120922
0.476743
0.337544
0.505033
0.694024
0.484699
0.304571
0.348889
0.148739
0.499346
0.387518
0.367490
0.402140
0.114354
0.463484
0.256095
0.436580
0.152771
0.311341
0.153188
0.574951
0.580912
0.141690
0.210025
0.266275
0.363720
0.223285
0.235397
0.270111
0.192918
0.407583
0.048584
0.271366
0.327972
0.414972
0.184423
0.432955
0.282486
0.447112
0.211128
0.394526
0.408269
0.243924
0.233442
0.263697
0.121142
0.236660
0.273702
0.115422
0.525450
0.338400
0.550511
0.550666
0.418918
0.307114
0.360462
0.083341
0.461706
0.432254
0.517743
0.381416
0.052282
0.518498
0.312917
0.520652
0.137601
0.401930
0.217433
0.611879
0.610840
0.150906
0.191744
0.266162
0.408584
0.171610
0.256620
0.236977
0.279266
0.385684
0.065607
0.252511
0.377733
0.251282
0.202030
0.372736
0.209514
0.399182
0.178289
0.379280
0.369011
0.199265
0.269356
0.334674
0.082963
0.156133
0.257369
0.065433
0.487854
0.369053
0.580390
0.429584
0.324431
0.249722
0.322288
0.275697
0.443105
0.359567
0.497339
0.277574
0.150884
0.495284
0.281433
0.581662
0.200174
0.452354
0.256364
0.605908
0.532716
0.235006
0.262044
0.324472
