# G_2, p = 2.0000 GPa (dir_20000.0_bar).
# 6MR distortion Gamma = (1/2)(max - min) over the three opposite-O diagonals.
# 16 rings x 101 frames = 1616 samples.
# Column: per-6MR Gamma [A]
0.002178
0.002182
0.002178
0.002178
0.002159
0.002162
0.002174
0.002173
0.001261
0.001265
0.001240
0.001240
0.001253
0.001256
0.001264
0.001259
0.136069
0.018111
0.054732
0.101777
0.116501
0.073150
0.124045
0.079405
0.021251
0.141538
0.092612
0.035090
0.113995
0.282441
0.083444
0.087868
0.121738
0.087674
0.047404
0.029101
0.193179
0.060287
0.091456
0.159484
0.064626
0.246971
0.149983
0.091111
0.067269
0.383229
0.167309
0.063654
0.107967
0.063872
0.121334
0.142965
0.274788
0.019870
0.069027
0.097675
0.165756
0.237123
0.152073
0.034950
0.042260
0.374409
0.280626
0.143680
0.127385
0.101135
0.232469
0.197281
0.360851
0.111912
0.078331
0.037023
0.202998
0.095038
0.028974
0.119747
0.123022
0.425194
0.272335
0.208869
0.131258
0.139947
0.217004
0.171777
0.386040
0.153216
0.240474
0.033239
0.262330
0.049642
0.128107
0.128394
0.135512
0.466187
0.269576
0.209315
0.064366
0.082291
0.190810
0.211279
0.266395
0.188082
0.292527
0.226264
0.379132
0.062071
0.112078
0.054970
0.092645
0.351458
0.271399
0.164650
0.063286
0.288598
0.040595
0.114903
0.095127
0.298078
0.257891
0.306908
0.310873
0.240863
0.068784
0.095761
0.094092
0.195767
0.198236
0.241213
0.101623
0.203063
0.127277
0.075487
0.087283
0.335853
0.296788
0.203473
0.246575
0.274047
0.041350
0.092727
0.200337
0.095558
0.245084
0.264930
0.114357
0.134334
0.197155
0.038298
0.099676
0.290701
0.289898
0.099780
0.244120
0.148814
0.021298
0.157313
0.233656
0.064477
0.177682
0.181243
0.170493
0.102752
0.165791
0.062459
0.031193
0.263801
0.216986
0.112174
0.282471
0.098711
0.163711
0.120815
0.237919
0.087642
0.034690
0.114229
0.137200
0.031146
0.169186
0.052363
0.156807
0.197840
0.128901
0.129806
0.291848
0.093301
0.157554
0.111445
0.149155
0.121368
0.117716
0.074706
0.034136
0.098759
0.075168
0.074949
0.405261
0.122129
0.157542
0.172081
0.182919
0.099489
0.147377
0.129010
0.114928
0.216421
0.223998
0.122486
0.125734
0.141869
0.007851
0.118983
0.459819
0.080086
0.119455
0.087719
0.105131
0.120385
0.174765
0.086203
0.145450
0.227128
0.227660
0.237906
0.167499
0.128134
0.122925
0.112026
0.184845
0.034702
0.044560
0.129092
0.041802
0.092479
0.101196
0.210434
0.190268
0.218564
0.189258
0.103810
0.161794
0.099698
0.158062
0.143704
0.041173
0.043191
0.032785
0.146830
0.034801
0.022176
0.096703
0.327287
0.207058
0.147736
0.135770
0.151479
0.136659
0.116999
0.093652
0.219362
0.106449
0.150978
0.055175
0.135658
0.109145
0.003542
0.177545
0.320864
0.129480
0.148987
0.122458
0.185746
0.136599
0.107080
0.115749
0.152353
0.143772
0.170047
0.098123
0.046456
0.175169
0.163747
0.135748
0.215047
0.152498
0.182911
0.130724
0.209108
0.101098
0.073656
0.192932
0.092168
0.102268
0.191231
0.048033
0.126231
0.092507
0.237349
0.070911
0.105665
0.138343
0.183140
0.119990
0.187560
0.035384
0.104471
0.178268
0.057158
0.203947
0.150109
0.119441
0.108056
0.102284
0.276144
0.074324
0.119504
0.072593
0.121007
0.082756
0.123585
0.109941
0.116599
0.217724
0.015275
0.186429
0.122777
0.167937
0.079714
0.104770
0.207278
0.147293
0.043297
0.149338
0.116021
0.071061
0.184021
0.144251
0.075983
0.162669
0.117096
0.194948
0.138632
0.124741
0.193483
0.207475
0.135202
0.222864
0.158054
0.219651
0.164198
0.014864
0.153297
0.104465
0.076150
0.054382
0.159985
0.154997
0.111115
0.064395
0.256155
0.269354
0.108132
0.275057
0.291804
0.250942
0.144548
0.021434
0.159533
0.191559
0.073782
0.133744
0.181925
0.155581
0.071124
0.094352
0.227906
0.225405
0.120982
0.153266
0.293118
0.288966
0.108556
0.077069
0.140884
0.326625
0.200354
0.124457
0.203844
0.169213
0.131125
0.167941
0.193918
0.056526
0.078473
0.136705
0.259343
0.381941
0.170699
0.116289
0.119070
0.428810
0.389124
0.187993
0.101651
0.102206
0.148025
0.214916
0.051976
0.061132
0.291677
0.179120
0.321310
0.412066
0.199159
0.100170
0.224542
0.344233
0.329419
0.114258
0.069542
0.111022
0.165941
0.254285
0.044835
0.168788
0.510365
0.074405
0.345585
0.307277
0.335522
0.172953
0.262009
0.141271
0.212551
0.169335
0.132689
0.150496
0.149682
0.183912
0.149675
0.180836
0.418782
0.096438
0.193063
0.106771
0.370024
0.196415
0.209308
0.115440
0.142854
0.141347
0.158175
0.114471
0.114879
0.133162
0.243799
0.102284
0.407992
0.140716
0.253819
0.119637
0.374401
0.201449
0.080811
0.335172
0.170277
0.196975
0.164297
0.218157
0.119105
0.088642
0.321986
0.077225
0.365368
0.153207
0.372551
0.186235
0.358284
0.162885
0.088685
0.442598
0.200975
0.210772
0.194789
0.213087
0.061370
0.176852
0.291353
0.151813
0.198525
0.063283
0.358456
0.192623
0.273607
0.200350
0.159955
0.339557
0.094251
0.161434
0.166138
0.050238
0.112526
0.257234
0.154673
0.125336
0.067202
0.183451
0.331197
0.184572
0.214464
0.140628
0.205395
0.259017
0.206001
0.083838
0.092067
0.088626
0.226333
0.239559
0.053856
0.051729
0.024809
0.246797
0.291999
0.081943
0.131313
0.149192
0.190434
0.247773
0.203011
0.240845
0.076132
0.072735
0.281261
0.193515
0.105074
0.041845
0.158009
0.195785
0.122166
0.090744
0.117819
0.274801
0.203099
0.237029
0.226930
0.199157
0.044436
0.097205
0.144745
0.174652
0.144796
0.056070
0.226652
0.067842
0.052796
0.127942
0.164464
0.315008
0.122426
0.060987
0.240064
0.026097
0.058655
0.091963
0.126336
0.049157
0.197203
0.162124
0.145177
0.091904
0.136735
0.179258
0.189907
0.254366
0.084554
0.157467
0.189858
0.062220
0.049463
0.091656
0.146712
0.123287
0.239983
0.243817
0.128982
0.226675
0.171676
0.276772
0.096598
0.121451
0.131693
0.257768
0.160534
0.014685
0.120822
0.150186
0.114689
0.190964
0.198654
0.246363
0.165999
0.199886
0.207391
0.157923
0.148112
0.184819
0.162560
0.253457
0.051979
0.076864
0.157658
0.142656
0.132834
0.104375
0.069789
0.162988
0.147173
0.084377
0.246920
0.146935
0.231168
0.246660
0.074498
0.209181
0.099702
0.035562
0.092485
0.044052
0.185705
0.015163
0.059834
0.135501
0.110274
0.077921
0.284182
0.229894
0.200195
0.282212
0.122327
0.158139
0.236624
0.179544
0.080286
0.053216
0.168324
0.099274
0.171914
0.115899
0.132352
0.114370
0.292810
0.204300
0.258943
0.323572
0.167245
0.038409
0.316744
0.278812
0.041234
0.059915
0.024718
0.128725
0.158427
0.175666
0.169956
0.134858
0.219655
0.147192
0.325290
0.211738
0.102265
0.110272
0.220223
0.243946
0.071465
0.177833
0.126704
0.161730
0.138653
0.132450
0.210601
0.123802
0.180786
0.048385
0.217824
0.111473
0.079242
0.039337
0.110884
0.140062
0.117167
0.268946
0.125965
0.178986
0.172371
0.080147
0.189230
0.144129
0.098799
0.146441
0.100188
0.111978
0.195246
0.022722
0.100378
0.115589
0.206227
0.200514
0.041900
0.144593
0.204982
0.101286
0.088261
0.115655
0.038872
0.240202
0.089911
0.131199
0.192446
0.074373
0.131074
0.087240
0.212966
0.053821
0.035302
0.109819
0.126958
0.132297
0.024727
0.233899
0.123475
0.226211
0.097933
0.255018
0.197323
0.147015
0.116098
0.076631
0.139054
0.148140
0.166745
0.173047
0.212670
0.108339
0.041826
0.315168
0.172087
0.269414
0.072232
0.311676
0.147498
0.197942
0.121354
0.157811
0.104042
0.241788
0.126839
0.242012
0.168074
0.133492
0.046533
0.223650
0.167721
0.131814
0.016495
0.275291
0.057998
0.177228
0.171061
0.262647
0.157627
0.270557
0.109386
0.107385
0.204699
0.133157
0.068866
0.098843
0.247866
0.058305
0.088838
0.067791
0.177057
0.146987
0.173279
0.370839
0.102081
0.309663
0.201058
0.074633
0.221193
0.130755
0.116541
0.113331
0.184870
0.083705
0.087682
0.146639
0.207701
0.250879
0.129571
0.296029
0.044362
0.212426
0.166379
0.134987
0.216489
0.243427
0.033072
0.075026
0.086912
0.141096
0.087323
0.213508
0.142154
0.193036
0.027619
0.049829
0.123209
0.162882
0.082004
0.070024
0.098248
0.150263
0.100318
0.069394
0.086043
0.144449
0.178127
0.099819
0.089257
0.157040
0.091418
0.146849
0.197898
0.092020
0.115427
0.127994
0.145945
0.087799
0.191452
0.054769
0.082044
0.211426
0.148071
0.124415
0.149905
0.269580
0.168844
0.224434
0.154856
0.078500
0.181797
0.376799
0.096582
0.073712
0.238329
0.129251
0.105454
0.264443
0.161449
0.118793
0.191932
0.361183
0.149226
0.349503
0.095957
0.105951
0.200093
0.365825
0.179871
0.024864
0.301118
0.168866
0.155311
0.270838
0.118379
0.101273
0.211608
0.351418
0.100782
0.294434
0.065736
0.179734
0.195071
0.226368
0.266129
0.086521
0.316423
0.152875
0.253767
0.216651
0.147991
0.139704
0.223969
0.321422
0.095078
0.230148
0.196541
0.147884
0.132973
0.072241
0.138941
0.106675
0.281357
0.178163
0.209507
0.111470
0.148576
0.085345
0.182583
0.131874
0.110895
0.115797
0.213769
0.151418
0.070691
0.131886
0.050338
0.138480
0.195507
0.137137
0.194813
0.174574
0.045774
0.054868
0.190916
0.140389
0.093005
0.119377
0.112920
0.139109
0.071787
0.248323
0.092186
0.144790
0.081304
0.133061
0.155914
0.159490
0.069650
0.180875
0.235068
0.277045
0.091666
0.132443
0.041185
0.163923
0.110210
0.228951
0.145473
0.100411
0.026927
0.028851
0.103877
0.117851
0.223942
0.234210
0.185443
0.414245
0.103933
0.239660
0.032223
0.165487
0.108529
0.118858
0.178418
0.220126
0.190312
0.099765
0.068317
0.167922
0.250076
0.188335
0.035302
0.408204
0.028764
0.385233
0.097634
0.058994
0.145976
0.091424
0.147516
0.275567
0.270305
0.100152
0.091153
0.134928
0.092452
0.178189
0.130442
0.229572
0.137104
0.381060
0.087459
0.012646
0.155747
0.216168
0.136411
0.219008
0.253071
0.069146
0.150804
0.067344
0.076608
0.221424
0.078361
0.174432
0.132201
0.279581
0.016934
0.212452
0.223119
0.162418
0.097593
0.246902
0.188328
0.067011
0.086636
0.085144
0.226061
0.152353
0.062188
0.239060
0.032972
0.132528
0.072374
0.251989
0.332557
0.073927
0.127891
0.358215
0.038757
0.042353
0.221030
0.106892
0.218879
0.151211
0.134989
0.134738
0.045604
0.219638
0.076174
0.150565
0.365123
0.201784
0.167470
0.268058
0.095558
0.046823
0.257321
0.077513
0.068894
0.266880
0.190831
0.123804
0.028017
0.122791
0.116702
0.189615
0.226955
0.202824
0.153989
0.104415
0.208679
0.036705
0.198540
0.083747
0.072945
0.287725
0.192552
0.238014
0.028785
0.068483
0.041838
0.226481
0.160420
0.304674
0.065782
0.073208
0.339327
0.116890
0.108712
0.099749
0.121106
0.286234
0.158569
0.177265
0.050662
0.116342
0.047831
0.247729
0.085780
0.176172
0.037648
0.173475
0.387510
0.151070
0.032554
0.139752
0.137957
0.381752
0.053835
0.043451
0.038953
0.119556
0.099061
0.236380
0.125535
0.310010
0.045019
0.323168
0.346876
0.228971
0.035066
0.133475
0.281563
0.429673
0.027274
0.097908
0.182854
0.217288
0.164736
0.100920
0.230389
0.355144
0.052753
0.411298
0.252854
0.275913
0.034616
0.098827
0.217632
0.299792
0.094619
0.168746
0.269589
0.145673
0.118022
0.110014
0.318131
0.219297
0.077627
0.377565
0.156592
0.268866
0.148308
0.206115
0.069410
0.228296
0.129631
0.177856
0.240881
0.082578
0.124198
0.133824
0.261307
0.072194
0.117858
0.224286
0.103934
0.154667
0.164143
0.220959
0.111871
0.188236
0.157489
0.172633
0.223429
0.076390
0.148445
0.117363
0.236106
0.021312
0.140062
0.214170
0.041861
0.045231
0.092403
0.181092
0.111329
0.225567
0.152753
0.120362
0.188156
0.090839
0.150700
0.178274
0.180472
0.097271
0.063744
0.238603
0.106522
0.044463
0.135156
0.119094
0.047140
0.247717
0.065170
0.167534
0.141291
0.183752
0.071157
0.237531
0.226789
0.191550
0.003736
0.114650
0.045271
0.069642
0.175766
0.056968
0.083601
0.288153
0.100774
0.189978
0.086426
0.183089
0.013266
0.194881
0.194591
0.212890
0.019139
0.048302
0.060904
0.156624
0.194087
0.216464
0.173134
0.335430
0.120704
0.136422
0.214987
0.092265
0.041756
0.046904
0.043829
0.112491
0.034345
0.068806
0.051943
0.086849
0.171139
0.290520
0.092776
0.284702
0.133930
0.105336
0.165651
0.081335
0.173515
0.335446
0.086348
0.169062
0.148195
0.135928
0.109366
0.033530
0.049150
0.232489
0.073779
0.121548
0.184266
0.148906
0.093616
0.087668
0.273108
0.483575
0.222132
0.152112
0.199237
0.059905
0.031251
0.140639
0.150719
0.221033
0.038938
0.054573
0.275369
0.122757
0.141426
0.254846
0.329685
0.371420
0.244734
0.084223
0.143856
0.166009
0.129826
0.140226
0.168934
0.132654
0.105785
0.072106
0.279701
0.088795
0.170464
0.319956
0.180441
0.254564
0.175744
0.141747
0.149526
0.249094
0.219408
0.174009
0.147607
0.016881
0.187041
0.167516
0.206690
0.138553
0.091216
0.267907
0.117409
0.107158
0.144482
0.259794
0.158744
0.233133
0.156597
0.223571
0.161878
0.111996
0.167174
0.209140
0.242719
0.267712
0.105930
0.201854
0.112288
0.172717
0.157195
0.297678
0.204311
0.169104
0.095688
0.242400
0.228597
0.089527
0.096084
0.178601
0.200751
0.379942
0.090901
0.178417
0.150756
0.160434
0.262618
0.208207
0.091450
0.147542
0.136287
0.175676
0.307342
0.060842
0.151009
0.186274
0.101784
0.348997
0.040222
0.171812
0.166778
0.194435
0.279199
0.073332
0.058368
0.179815
0.135826
0.214813
0.278022
0.116759
0.207685
0.250765
0.109385
0.291584
0.114991
0.109927
0.133990
0.254134
0.235310
0.056257
0.056583
0.099961
0.082894
0.196075
0.178920
0.202110
0.103814
0.128002
0.047129
0.121134
0.074154
0.186319
0.143984
0.240560
0.255515
0.198597
0.021219
0.097917
0.137358
0.128954
0.158542
0.159833
0.059081
0.061167
0.051752
0.013932
0.107261
0.302459
0.123603
0.255132
0.267660
0.175552
0.126184
0.260544
0.196814
0.163301
0.133812
0.104111
0.135449
0.145796
0.125686
0.048248
0.074291
0.249529
0.123191
0.249689
0.210679
0.114451
0.322817
0.300768
0.079237
0.129954
0.074040
0.121463
0.216455
0.170493
0.176181
0.112278
0.063945
0.078443
0.144469
0.119876
0.110982
0.065185
0.311685
0.206479
0.157802
0.019414
0.077079
0.165681
0.208570
0.215800
0.190626
0.060316
0.054973
0.036145
0.127783
0.192761
0.093340
0.039626
0.233661
0.166997
0.225579
0.124317
0.084015
0.156657
0.207602
0.276201
0.161109
0.082953
0.058923
0.199188
0.090088
0.206076
0.080316
0.135300
0.137164
0.104138
0.153080
0.142339
0.051581
0.190084
0.155147
0.286131
0.117583
0.075215
0.094105
0.225615
0.195038
0.252032
0.115857
0.156721
0.049235
0.169434
0.065302
0.176637
0.062669
0.288918
0.029462
0.270406
0.076488
0.092095
0.078050
0.167105
0.185542
0.307107
0.150434
0.133142
0.150393
0.262258
0.179002
0.190709
0.122155
0.264965
0.114751
0.087413
0.088670
0.171718
0.030871
0.086022
0.151696
0.364226
0.157820
0.061171
0.177644
0.153060
0.172074
0.208206
0.118594
0.254368
0.183042
0.103811
0.115079
0.046513
0.070515
0.134370
0.176328
0.238928
0.239786
0.019199
0.216070
0.187419
0.113366
0.229257
0.198329
0.179763
0.205667
0.165886
0.175990
0.027945
0.161591
0.157954
0.067212
0.023764
0.281647
0.044951
0.181190
0.215050
0.195439
0.199164
0.230346
0.190326
0.190453
0.075160
0.073795
0.180642
0.266227
0.038453
0.137316
0.162230
0.208771
0.105558
0.100757
0.107943
0.238525
0.248043
0.027186
0.138167
0.291555
0.131406
0.043333
0.346612
0.207121
0.035665
0.209009
0.223881
0.126526
0.030699
0.112381
0.069097
0.064818
0.274082
0.168299
0.035063
0.261445
0.120422
0.069313
0.315487
0.165709
0.025376
0.168206
0.284926
0.167825
0.068235
0.109497
0.140432
0.060659
0.321389
0.235071
0.100563
0.122375
0.085764
0.043056
