# G_5, p = 1.5000 GPa (dir_15000.0_bar).
# 6MR distortion Gamma = (1/2)(max - min) over the three opposite-O diagonals.
# 40 rings x 51 frames = 2040 samples.
# Column: per-6MR Gamma [A]
0.002097
0.002119
0.002437
0.002335
0.002763
0.002446
0.003467
0.002686
0.003653
0.002358
0.004002
0.002503
0.003461
0.002587
0.003375
0.002765
0.002107
0.000466
0.001790
0.000550
0.002769
0.001804
0.002871
0.001708
0.003127
0.003022
0.002669
0.002418
0.005675
0.003599
0.006183
0.004014
0.002351
0.002310
0.001998
0.001918
0.002313
0.002699
0.002056
0.001951
0.315339
0.196234
0.110382
0.064186
0.046502
0.064278
0.036754
0.062271
0.166733
0.346255
0.155570
0.242988
0.220043
0.189301
0.372746
0.183150
0.170113
0.112107
0.081649
0.076132
0.125684
0.049274
0.032537
0.062756
0.147319
0.172795
0.224078
0.188037
0.261162
0.155730
0.107084
0.315288
0.170900
0.313310
0.014574
0.210438
0.109046
0.140045
0.146814
0.019805
0.235760
0.163747
0.123457
0.196547
0.172073
0.156201
0.251729
0.222519
0.232980
0.321822
0.152447
0.195636
0.097189
0.047410
0.232880
0.090359
0.028293
0.141414
0.119255
0.040304
0.087167
0.087713
0.073177
0.194487
0.002859
0.452452
0.195645
0.216873
0.207480
0.115339
0.363942
0.532277
0.108979
0.284959
0.107761
0.079514
0.106618
0.315346
0.151548
0.188226
0.182158
0.123065
0.290091
0.086578
0.162985
0.116516
0.244980
0.300025
0.083584
0.177691
0.132204
0.093946
0.117992
0.215868
0.117421
0.269802
0.258733
0.158347
0.100722
0.061804
0.212666
0.317462
0.089331
0.200799
0.121961
0.557758
0.112262
0.241554
0.242042
0.064958
0.252056
0.402522
0.343702
0.114150
0.101490
0.158626
0.212812
0.198980
0.271234
0.134180
0.023927
0.104470
0.040568
0.091495
0.249749
0.249291
0.056964
0.116950
0.084395
0.171100
0.254357
0.202034
0.048895
0.357098
0.139286
0.013708
0.082628
0.127680
0.246079
0.137680
0.205462
0.185620
0.079007
0.046289
0.192539
0.182136
0.076417
0.149206
0.128179
0.290743
0.100291
0.118949
0.319659
0.079045
0.179017
0.138928
0.407510
0.158244
0.228762
0.249701
0.181168
0.071611
0.116095
0.131091
0.051185
0.263432
0.110709
0.147184
0.273999
0.012959
0.014086
0.095622
0.070931
0.233853
0.291496
0.170937
0.117083
0.085966
0.182474
0.059134
0.215991
0.114431
0.180262
0.202514
0.110003
0.293644
0.244679
0.229376
0.074748
0.112809
0.128126
0.128516
0.228488
0.209520
0.267661
0.193890
0.625453
0.154331
0.167191
0.080268
0.218865
0.187033
0.145584
0.219844
0.341067
0.116685
0.051280
0.156524
0.243422
0.170654
0.170225
0.103589
0.100045
0.252091
0.279952
0.050676
0.239021
0.238766
0.080038
0.287823
0.227755
0.187878
0.132591
0.217644
0.089472
0.219939
0.096527
0.311139
0.084578
0.084000
0.111738
0.164394
0.159049
0.212291
0.223066
0.024957
0.414769
0.142193
0.106758
0.448956
0.278704
0.154650
0.411559
0.076671
0.264875
0.082604
0.137363
0.214505
0.236873
0.240217
0.257103
0.144202
0.121768
0.301071
0.063667
0.052815
0.153391
0.049971
0.162286
0.252715
0.179993
0.103794
0.122536
0.248819
0.131145
0.312801
0.075098
0.187515
0.260742
0.269010
0.150394
0.139182
0.437832
0.140891
0.131406
0.227686
0.158912
0.102697
0.258391
0.593927
0.221180
0.192657
0.293347
0.240837
0.310871
0.054493
0.187381
0.120464
0.221231
0.230820
0.305392
0.231053
0.019787
0.514534
0.279465
0.128419
0.236461
0.155602
0.145017
0.090811
0.283388
0.138772
0.044950
0.051976
0.166648
0.145658
0.168582
0.226372
0.149933
0.446660
0.110058
0.143529
0.441593
0.276570
0.128560
0.225920
0.326470
0.212473
0.187654
0.563610
0.263816
0.249324
0.074616
0.226088
0.023396
0.162162
0.286304
0.185952
0.340629
0.207746
0.268465
0.193287
0.147063
0.415385
0.025391
0.127334
0.130936
0.120101
0.240898
0.281533
0.221856
0.051176
0.242918
0.083480
0.194718
0.224132
0.087099
0.151107
0.287370
0.243110
0.214275
0.195825
0.368949
0.465790
0.094578
0.250203
0.140410
0.132372
0.224139
0.163309
0.165017
0.077527
0.282416
0.122145
0.260587
0.174872
0.121997
0.201949
0.132847
0.208631
0.066794
0.126816
0.170506
0.287726
0.044093
0.062178
0.382759
0.073275
0.101066
0.531671
0.140822
0.146651
0.197198
0.147782
0.054903
0.169591
0.098789
0.049907
0.404942
0.234540
0.103832
0.183162
0.449854
0.143174
0.161829
0.157127
0.167858
0.260515
0.082198
0.155591
0.166064
0.177449
0.243332
0.336244
0.178486
0.235630
0.140585
0.161587
0.160993
0.131104
0.239983
0.172969
0.304511
0.168230
0.104499
0.083854
0.234406
0.106695
0.134803
0.526829
0.152751
0.066875
0.121621
0.328978
0.191225
0.265448
0.120436
0.062091
0.313293
0.189162
0.232462
0.220810
0.422733
0.063991
0.006428
0.125353
0.237142
0.220785
0.143027
0.241788
0.276662
0.205867
0.078717
0.169949
0.050280
0.028236
0.197048
0.143822
0.312454
0.166692
0.152599
0.171222
0.337919
0.061612
0.056158
0.068183
0.097215
0.177300
0.197545
0.226805
0.265516
0.172158
0.165255
0.380913
0.340117
0.317173
0.034814
0.106875
0.143861
0.348533
0.218506
0.068987
0.094025
0.168292
0.109021
0.058946
0.025032
0.211606
0.230102
0.111020
0.337520
0.153616
0.177400
0.109416
0.110934
0.237564
0.335687
0.234474
0.277112
0.129382
0.122752
0.189628
0.196743
0.192756
0.183654
0.154830
0.392296
0.170552
0.267261
0.118100
0.135991
0.152221
0.156290
0.197257
0.312339
0.265756
0.127114
0.098094
0.121878
0.097255
0.184062
0.103899
0.250505
0.161158
0.105867
0.171216
0.227035
0.110834
0.144957
0.226844
0.171590
0.103134
0.224935
0.180631
0.141357
0.306493
0.402745
0.336656
0.170039
0.282892
0.015677
0.284768
0.139187
0.210375
0.090644
0.082827
0.294011
0.072216
0.331206
0.118124
0.074439
0.205007
0.219413
0.268032
0.404005
0.201636
0.099912
0.185361
0.228673
0.219451
0.243363
0.174410
0.369364
0.137678
0.103438
0.261923
0.217354
0.157362
0.122304
0.353061
0.099066
0.092728
0.075242
0.057513
0.046829
0.347611
0.119311
0.110454
0.231432
0.171009
0.194595
0.180604
0.078753
0.187652
0.161225
0.160435
0.106753
0.070019
0.236548
0.039427
0.089949
0.118861
0.217546
0.221001
0.172541
0.183002
0.172320
0.150328
0.052593
0.129980
0.070365
0.118754
0.169723
0.183775
0.095829
0.073594
0.272693
0.233326
0.409573
0.176291
0.083530
0.105118
0.087360
0.137295
0.150545
0.252834
0.385736
0.127203
0.353167
0.244984
0.441852
0.210985
0.217913
0.099922
0.106088
0.135780
0.272517
0.172970
0.080208
0.197380
0.078611
0.305176
0.132572
0.329160
0.218320
0.041013
0.258735
0.218987
0.056589
0.063495
0.145211
0.166223
0.092017
0.146397
0.111055
0.047238
0.033471
0.383037
0.296496
0.102899
0.052024
0.165450
0.092021
0.285855
0.251693
0.128664
0.354298
0.084244
0.153470
0.367888
0.281614
0.042943
0.088324
0.096273
0.198520
0.226772
0.287286
0.318314
0.116766
0.110477
0.190887
0.329679
0.140839
0.053079
0.134152
0.010726
0.200491
0.071001
0.114831
0.065940
0.245775
0.270528
0.093626
0.297806
0.230708
0.133855
0.135782
0.329640
0.236613
0.165990
0.104561
0.098013
0.121707
0.134422
0.171407
0.365374
0.081429
0.175971
0.246909
0.128343
0.094490
0.244928
0.193055
0.072685
0.106148
0.015642
0.307796
0.231015
0.107617
0.051169
0.064108
0.278970
0.129609
0.176320
0.120691
0.130337
0.119349
0.153678
0.349740
0.304818
0.163334
0.220327
0.200348
0.069538
0.189618
0.086131
0.190598
0.179632
0.153155
0.196454
0.139923
0.019310
0.259578
0.259834
0.109018
0.170561
0.075719
0.122036
0.434998
0.218089
0.209705
0.123302
0.285567
0.067556
0.120426
0.102648
0.249137
0.120419
0.129314
0.159099
0.132272
0.122386
0.236879
0.273389
0.328877
0.154722
0.018349
0.202830
0.378028
0.265580
0.269031
0.265853
0.116197
0.166067
0.246399
0.185867
0.167655
0.179604
0.200417
0.012162
0.252659
0.056077
0.209704
0.282439
0.134934
0.350060
0.198411
0.181137
0.362688
0.081380
0.132201
0.143353
0.101614
0.243895
0.012768
0.068208
0.316252
0.255613
0.145287
0.250445
0.149533
0.214574
0.227967
0.340357
0.298366
0.074883
0.036918
0.170528
0.143765
0.067703
0.277801
0.139365
0.070288
0.194405
0.136763
0.293305
0.175917
0.205144
0.283042
0.162100
0.210224
0.274453
0.158263
0.069155
0.152353
0.265126
0.258540
0.239628
0.270017
0.052611
0.177731
0.133160
0.354308
0.107418
0.218778
0.064042
0.094084
0.157807
0.253773
0.180530
0.055377
0.084996
0.304077
0.349359
0.134445
0.122037
0.075624
0.181158
0.161344
0.106216
0.110396
0.321372
0.046879
0.056138
0.249842
0.193772
0.202870
0.252152
0.161850
0.111675
0.252758
0.419307
0.030040
0.046131
0.105955
0.028314
0.125219
0.281925
0.150335
0.134482
0.055588
0.066218
0.330056
0.050060
0.196193
0.273506
0.120205
0.318080
0.262145
0.099579
0.141983
0.117772
0.216273
0.125362
0.128204
0.152771
0.178344
0.241952
0.171320
0.127399
0.279707
0.240355
0.084097
0.086436
0.330119
0.244825
0.159169
0.211345
0.220361
0.198104
0.143584
0.321661
0.202283
0.078766
0.151464
0.272968
0.088041
0.228065
0.214853
0.189135
0.297312
0.136206
0.136853
0.244352
0.140426
0.171591
0.069368
0.371367
0.323048
0.122782
0.264685
0.090979
0.236482
0.357300
0.037235
0.150260
0.108499
0.102273
0.141284
0.239794
0.166422
0.168516
0.052673
0.145425
0.113700
0.232686
0.029742
0.174246
0.371225
0.149800
0.129280
0.252964
0.260386
0.079416
0.144391
0.313146
0.100570
0.141210
0.146185
0.157930
0.372577
0.148365
0.223120
0.183122
0.024796
0.098472
0.094517
0.162063
0.044434
0.127070
0.321715
0.288436
0.109640
0.284367
0.145467
0.160134
0.099172
0.043472
0.199971
0.084995
0.191407
0.159344
0.084957
0.193191
0.192599
0.051901
0.080663
0.154909
0.271005
0.208878
0.090261
0.160240
0.151763
0.151245
0.141084
0.208713
0.022179
0.389913
0.154102
0.171619
0.109006
0.072461
0.207800
0.218453
0.072278
0.272894
0.216208
0.251229
0.067087
0.234544
0.018911
0.223391
0.138462
0.318890
0.187568
0.089952
0.331319
0.151096
0.258106
0.134598
0.123021
0.058079
0.253121
0.062764
0.111351
0.158486
0.265038
0.211266
0.095487
0.229962
0.091122
0.300760
0.109781
0.135459
0.159954
0.175980
0.136993
0.287233
0.015960
0.209131
0.214999
0.181412
0.156086
0.084306
0.123221
0.071791
0.114891
0.075525
0.129866
0.069098
0.260332
0.083734
0.202611
0.064585
0.191055
0.040840
0.164739
0.329438
0.289457
0.110788
0.086088
0.303173
0.299148
0.037419
0.150507
0.172416
0.200966
0.184703
0.238390
0.049865
0.180011
0.450557
0.145316
0.069083
0.209981
0.317821
0.207858
0.027103
0.124097
0.051560
0.193052
0.083165
0.213056
0.114517
0.047549
0.252269
0.097667
0.083470
0.075667
0.177084
0.208853
0.056858
0.217733
0.151638
0.137101
0.016811
0.161777
0.086692
0.163254
0.294137
0.123013
0.166463
0.058098
0.140690
0.258950
0.073754
0.163485
0.101648
0.214919
0.152192
0.137149
0.455454
0.111503
0.242091
0.095228
0.258294
0.480935
0.017635
0.092286
0.134459
0.073126
0.122371
0.245838
0.286769
0.145350
0.166305
0.280617
0.038892
0.109252
0.231283
0.251461
0.213522
0.181745
0.097125
0.199129
0.055652
0.092124
0.169779
0.314353
0.065091
0.054114
0.316215
0.254783
0.134903
0.261990
0.196438
0.071983
0.213853
0.199832
0.354354
0.059274
0.217260
0.069035
0.235634
0.112732
0.237909
0.258499
0.138298
0.091638
0.097281
0.273531
0.349220
0.286477
0.296905
0.153716
0.045807
0.099636
0.053827
0.290377
0.256096
0.380374
0.328012
0.095685
0.248236
0.188136
0.050804
0.221977
0.289387
0.094026
0.102585
0.200451
0.287028
0.353523
0.099721
0.243726
0.260186
0.160358
0.065950
0.142841
0.261372
0.038348
0.284450
0.095083
0.039243
0.135642
0.178147
0.083004
0.300376
0.041275
0.197323
0.286862
0.284890
0.234834
0.172307
0.034473
0.130979
0.169515
0.203154
0.071838
0.172419
0.238795
0.082159
0.282945
0.412427
0.172964
0.262312
0.107954
0.184828
0.236712
0.182322
0.127114
0.239521
0.179835
0.122573
0.089275
0.190870
0.061128
0.198363
0.193481
0.103039
0.096724
0.176499
0.162669
0.151280
0.177194
0.219836
0.182269
0.074859
0.230374
0.148671
0.076786
0.178412
0.165888
0.146288
0.109266
0.201262
0.344750
0.411225
0.252276
0.211450
0.179589
0.238238
0.392087
0.120484
0.122344
0.315873
0.192933
0.122609
0.191928
0.086350
0.042955
0.145434
0.190501
0.183797
0.123479
0.085512
0.147917
0.243068
0.204601
0.268742
0.245780
0.237119
0.204799
0.297776
0.267010
0.382046
0.144835
0.216511
0.026653
0.282004
0.188433
0.258019
0.197487
0.467145
0.073799
0.250668
0.250350
0.343725
0.257267
0.151165
0.211770
0.162945
0.199174
0.275053
0.269782
0.066245
0.149500
0.190557
0.198485
0.085114
0.113315
0.146071
0.016836
0.120521
0.045975
0.338228
0.110261
0.127787
0.154392
0.416276
0.161393
0.126721
0.042934
0.216639
0.069114
0.256224
0.115627
0.174746
0.012979
0.388352
0.222980
0.075179
0.108728
0.228573
0.082789
0.309350
0.207370
0.086138
0.094292
0.262385
0.255378
0.091028
0.126844
0.130548
0.231422
0.175626
0.186078
0.115788
0.204990
0.110197
0.024858
0.260045
0.025785
0.116356
0.254160
0.364873
0.247582
0.237194
0.223361
0.171863
0.029794
0.061779
0.157247
0.449155
0.070820
0.068692
0.063027
0.265460
0.026913
0.027589
0.050799
0.015629
0.148824
0.240660
0.030752
0.182889
0.202399
0.069667
0.191546
0.151970
0.256069
0.173633
0.196441
0.108923
0.137454
0.331928
0.220496
0.088486
0.047433
0.148502
0.137689
0.284656
0.147645
0.066225
0.360346
0.093762
0.094091
0.247928
0.124439
0.149340
0.168723
0.247453
0.321601
0.130403
0.154636
0.103893
0.162069
0.401156
0.078077
0.113373
0.124666
0.152455
0.168589
0.186838
0.060206
0.196741
0.166705
0.248065
0.242528
0.323205
0.165746
0.180026
0.380640
0.067897
0.084059
0.181868
0.142363
0.123081
0.231297
0.046981
0.179202
0.108070
0.223193
0.109428
0.281478
0.226767
0.090911
0.190480
0.169447
0.194952
0.141100
0.207299
0.190544
0.161599
0.149851
0.248360
0.255286
0.284105
0.100867
0.221044
0.110594
0.213443
0.098495
0.191407
0.058021
0.202653
0.247602
0.241881
0.217192
0.229714
0.192804
0.095699
0.217343
0.126005
0.126120
0.159641
0.101289
0.213410
0.209477
0.045064
0.294036
0.171572
0.086862
0.183485
0.260834
0.241779
0.227669
0.240559
0.229566
0.203338
0.112735
0.251925
0.100269
0.163793
0.138101
0.248134
0.191058
0.220983
0.219977
0.219966
0.078446
0.065887
0.144117
0.134523
0.239276
0.216978
0.249423
0.318249
0.135776
0.155751
0.242275
0.138456
0.023287
0.116679
0.153809
0.277235
0.171068
0.234576
0.161913
0.237174
0.056266
0.256634
0.116529
0.272013
0.306825
0.175914
0.138191
0.223857
0.070092
0.302928
0.110911
0.233180
0.080786
0.326865
0.199744
0.157951
0.046229
0.214576
0.195443
0.124255
0.032685
0.033055
0.111637
0.064429
0.168988
0.280019
0.103755
0.179259
0.146784
0.051644
0.144229
0.224916
0.161026
0.301317
0.091259
0.327528
0.145186
0.093769
0.201356
0.231436
0.247924
0.236469
0.082602
0.046438
0.073403
0.248024
0.006420
0.129388
0.104978
0.021441
0.155230
0.195682
0.048698
0.296665
0.138979
0.195109
0.104616
0.325843
0.170021
0.254827
0.089335
0.056689
0.255371
0.258718
0.121130
0.380784
0.218685
0.087796
0.281714
0.117881
0.226465
0.251311
0.084132
0.154117
0.153172
0.196809
0.169653
0.200696
0.210370
0.147018
0.311019
0.248403
0.138694
0.142032
0.087125
0.231048
0.113074
0.084302
0.310673
0.203164
0.020845
0.148231
0.067967
0.080292
0.143817
0.118718
0.073345
0.139227
0.172252
0.147502
0.161769
0.078574
0.190164
0.253297
0.185385
0.176606
0.430236
0.123004
0.158742
0.226270
0.169154
0.244725
0.145152
0.285340
0.092165
0.168238
0.161154
0.306521
0.150133
0.147113
0.290278
0.180973
0.221122
0.181525
0.140036
0.072962
0.299768
0.169508
0.215871
0.174032
0.097054
0.106266
0.107492
0.273657
0.070384
0.163869
0.202282
0.205632
0.097513
0.025783
0.246943
0.120977
0.054932
0.318684
0.193041
0.200505
0.295635
0.214075
0.141445
0.154607
0.173764
0.185689
0.218275
0.332373
0.109400
0.184527
0.200828
0.233211
0.221262
0.222883
0.264090
0.108911
0.111280
0.181033
0.081805
0.099460
0.181383
0.060251
0.075530
0.261478
0.102213
0.204382
0.240089
0.307600
0.236826
0.156859
0.238745
0.092642
0.149261
0.262019
0.038977
0.189937
0.046380
0.083230
0.107048
0.243865
0.097672
0.154120
0.180957
0.173908
0.169827
0.275283
0.063015
0.253953
0.055588
0.219095
0.187548
0.219878
0.055603
0.117367
0.380992
0.364886
0.080467
0.101090
0.190145
0.240589
0.278453
0.027745
0.136898
0.153161
0.083029
0.129717
0.162871
0.294685
0.250230
0.140707
0.058275
0.201489
0.176855
0.318009
0.170479
0.178251
0.205618
0.077612
0.186989
0.118290
0.350209
0.179349
0.076217
0.059337
0.233527
0.132642
0.113524
0.196204
0.030548
0.119105
0.118699
0.181818
0.054844
0.145974
0.224831
0.114803
0.059751
0.065918
0.183337
0.080892
0.176533
0.124695
0.047211
0.068285
0.164494
0.110621
0.225663
0.201809
0.144766
0.228220
0.058363
0.133497
0.077310
0.142598
0.298827
0.208997
0.226147
0.167633
0.073126
0.101602
0.349628
0.281000
0.195472
0.099723
0.195129
0.195880
0.275387
0.154306
0.166863
0.164096
0.176804
0.330657
0.144891
0.195866
0.135567
0.430400
0.079418
0.104959
0.093026
0.222879
0.124917
0.222359
0.281474
0.212256
0.138610
0.106112
0.127189
0.232213
0.095431
0.310429
0.165399
0.198024
0.124560
0.027884
0.236682
0.048440
0.067813
0.231276
0.051650
0.194263
0.121412
0.224089
0.210890
0.231379
0.084395
0.245032
0.323122
0.307351
0.204832
0.092622
0.160975
0.259156
0.148941
0.153938
0.118277
0.283805
0.132663
0.183562
0.124460
0.124211
0.292814
0.168235
0.305227
0.258279
0.183007
0.304493
0.155831
0.398046
0.166259
0.098129
0.226892
0.117554
0.188839
0.188048
0.081714
0.196273
0.113573
0.165974
0.172367
0.044547
0.044463
0.138231
0.106017
0.200094
0.204380
0.139684
0.256456
0.200108
0.044665
0.234032
0.130875
0.177236
0.032969
0.145899
0.218554
0.066376
0.176623
0.198552
0.101132
0.147440
0.201147
0.155722
0.086959
0.189645
0.138377
0.070886
0.254567
0.182375
0.096554
0.128692
0.434470
0.031960
0.215515
0.177186
0.084664
0.277318
0.017542
0.236200
0.140058
0.192413
0.161095
0.191655
0.105098
0.162251
0.279061
0.362565
0.215754
0.034831
0.081846
0.096479
0.052149
0.242182
0.286656
0.264169
0.215682
0.111949
0.138277
0.117714
0.203016
0.126358
0.074049
0.152691
0.183925
0.108854
0.140393
0.232668
0.300581
0.304435
0.203113
0.140871
0.116030
0.072140
0.106592
0.253222
0.040118
0.058221
0.140545
0.258611
0.038514
0.090490
0.274649
0.260702
0.081065
0.044150
0.266572
0.272955
0.127250
0.067159
0.169760
0.113297
0.089085
0.318392
0.115762
0.219242
0.214644
0.232048
0.254116
0.053778
0.128078
0.134118
0.135968
0.211011
0.138522
0.253285
0.229847
0.145186
0.294626
0.143058
0.111458
0.150904
0.157947
0.159721
0.270079
0.144837
0.187271
0.093162
0.111181
0.152514
0.129612
0.275404
0.282277
0.310563
0.048963
0.164139
0.150512
0.156018
0.205447
0.018827
0.083543
0.133144
0.109240
0.293116
0.040362
0.075279
0.322621
0.113933
0.222223
0.143229
0.062712
0.206484
0.214883
0.050161
0.205693
0.131463
0.028903
0.225111
0.094249
0.215161
0.028675
0.458950
0.285570
0.095417
0.263815
0.051171
0.123573
0.067043
0.118940
0.068053
0.156134
0.243612
0.147089
0.126760
0.038728
0.090593
0.228529
0.088414
0.171381
0.125460
0.137735
0.218828
0.185312
0.245041
0.044632
0.125942
0.034572
0.232716
0.227656
0.177244
0.172775
0.193951
0.073053
0.143138
0.063566
0.169586
