# G_3, p = 1.0000 GPa (dir_10000.0_bar).
# 6MR distortion Gamma = (1/2)(max - min) over the three opposite-O diagonals.
# 24 rings x 101 frames = 2424 samples.
# Column: per-6MR Gamma [A]
0.000615
0.000609
0.000624
0.000622
0.000628
0.000630
0.000632
0.000630
0.000334
0.000333
0.000329
0.000329
0.000334
0.000333
0.000357
0.000362
0.000408
0.000440
0.000437
0.000449
0.000440
0.000408
0.000437
0.000449
0.049395
0.225824
0.097240
0.056691
0.147734
0.074821
0.113621
0.093196
0.065150
0.111977
0.014008
0.082256
0.106887
0.203035
0.170322
0.076437
0.031976
0.204587
0.119471
0.155866
0.087537
0.079277
0.048196
0.060080
0.032949
0.292308
0.157921
0.065014
0.305991
0.179421
0.247769
0.149688
0.224239
0.187032
0.090009
0.079965
0.097441
0.419062
0.262963
0.073344
0.159465
0.354146
0.202110
0.281898
0.125565
0.120990
0.098571
0.109741
0.057155
0.233429
0.125045
0.124389
0.494847
0.238417
0.325635
0.206455
0.280593
0.163780
0.154840
0.055699
0.040719
0.500887
0.208872
0.042826
0.243046
0.399549
0.102512
0.316488
0.225523
0.059458
0.172551
0.005153
0.011306
0.273368
0.173486
0.091930
0.529495
0.153134
0.371071
0.248113
0.214865
0.186012
0.043493
0.021863
0.047385
0.415106
0.034497
0.053626
0.141297
0.329834
0.084475
0.236407
0.345648
0.150435
0.322519
0.147007
0.062281
0.254983
0.219635
0.078883
0.550366
0.177622
0.307171
0.300292
0.119119
0.239764
0.222219
0.065104
0.075139
0.333308
0.084721
0.090874
0.163640
0.267771
0.156094
0.105065
0.265897
0.285199
0.336633
0.223935
0.139122
0.196194
0.223971
0.095195
0.623111
0.197432
0.264945
0.346321
0.081463
0.218197
0.376654
0.119852
0.127786
0.368588
0.097401
0.157442
0.144069
0.116797
0.166792
0.132623
0.200930
0.345588
0.224123
0.140011
0.178041
0.153936
0.243288
0.196276
0.561124
0.343506
0.161624
0.390421
0.161219
0.113262
0.281885
0.093360
0.198641
0.244350
0.044275
0.146860
0.139037
0.090743
0.172487
0.091064
0.219171
0.310570
0.192636
0.181779
0.211337
0.122127
0.257665
0.167894
0.284244
0.463895
0.138659
0.347379
0.049106
0.030736
0.202871
0.057959
0.301899
0.110697
0.045508
0.163066
0.208962
0.138925
0.182888
0.060874
0.279571
0.192814
0.089305
0.399999
0.251348
0.125330
0.344912
0.130200
0.149920
0.493725
0.173975
0.123688
0.088188
0.127682
0.192061
0.059799
0.345483
0.185026
0.034316
0.192656
0.239859
0.127667
0.205431
0.117937
0.193818
0.224584
0.062530
0.457513
0.321782
0.178238
0.302588
0.181772
0.194218
0.408421
0.158556
0.095832
0.117706
0.125627
0.120404
0.115978
0.269408
0.229596
0.122936
0.166968
0.237630
0.138612
0.190480
0.205557
0.184231
0.296749
0.090027
0.370813
0.331057
0.200732
0.139577
0.204651
0.219888
0.281896
0.160736
0.089356
0.289949
0.059129
0.070069
0.064455
0.157788
0.258150
0.267995
0.152311
0.289482
0.097644
0.154233
0.255608
0.297536
0.304353
0.129507
0.198005
0.292152
0.219293
0.085974
0.140080
0.262331
0.148567
0.162069
0.037965
0.294133
0.066226
0.064458
0.094335
0.161167
0.315879
0.352485
0.158822
0.224476
0.035083
0.152829
0.202448
0.257347
0.265343
0.101123
0.205145
0.184549
0.132461
0.039642
0.075820
0.308692
0.177374
0.167084
0.104414
0.156122
0.081399
0.109830
0.140608
0.069629
0.240630
0.314123
0.094603
0.087123
0.175658
0.300542
0.187682
0.210167
0.158714
0.094906
0.263698
0.208468
0.062198
0.306653
0.059014
0.276608
0.215050
0.071037
0.146292
0.152737
0.068388
0.165727
0.212735
0.107337
0.101751
0.271902
0.024647
0.254498
0.070160
0.325434
0.192379
0.114746
0.144156
0.151731
0.305404
0.234885
0.126292
0.577261
0.040841
0.202161
0.200631
0.212274
0.100798
0.233778
0.070204
0.270824
0.219442
0.144757
0.126063
0.176757
0.079405
0.327317
0.132621
0.322854
0.153587
0.110031
0.178158
0.154365
0.250594
0.234798
0.113187
0.654162
0.171760
0.074993
0.215396
0.323283
0.140362
0.251340
0.228683
0.375994
0.088068
0.164070
0.218510
0.063489
0.145176
0.392237
0.183865
0.310814
0.219616
0.220743
0.215035
0.214296
0.105309
0.237440
0.052065
0.533089
0.140436
0.038209
0.151129
0.298204
0.068383
0.139955
0.292445
0.355699
0.094077
0.146602
0.216907
0.117445
0.185189
0.489852
0.182357
0.297265
0.187113
0.304261
0.182692
0.260009
0.162549
0.136536
0.078780
0.357933
0.078129
0.030051
0.133201
0.305192
0.070563
0.025609
0.270368
0.260009
0.077214
0.127677
0.330115
0.188602
0.204840
0.383242
0.224333
0.188308
0.067270
0.356287
0.189755
0.175975
0.310249
0.157002
0.149697
0.126643
0.059803
0.031879
0.086633
0.357060
0.022022
0.128225
0.216023
0.152963
0.018821
0.136611
0.286849
0.142972
0.291959
0.122871
0.235851
0.007333
0.085377
0.301884
0.269811
0.161146
0.265587
0.318587
0.223313
0.043150
0.269197
0.030387
0.135828
0.333363
0.071252
0.203108
0.164590
0.118102
0.113564
0.136544
0.234574
0.018480
0.327791
0.055157
0.100551
0.132698
0.122441
0.132493
0.202492
0.179001
0.134820
0.390241
0.195705
0.154242
0.412132
0.026903
0.182293
0.254879
0.135897
0.168287
0.148034
0.102414
0.127278
0.233423
0.178438
0.150215
0.243015
0.155433
0.107317
0.196470
0.210180
0.033569
0.086923
0.168729
0.103738
0.344614
0.269357
0.228351
0.313704
0.135058
0.249662
0.147537
0.204934
0.109897
0.131744
0.221000
0.043168
0.213186
0.152413
0.143218
0.068434
0.175334
0.137435
0.266862
0.207461
0.042633
0.152873
0.039392
0.147924
0.335015
0.305880
0.273541
0.203727
0.313391
0.243009
0.082767
0.257603
0.019329
0.207607
0.308821
0.055777
0.060128
0.197321
0.130320
0.061963
0.135865
0.184388
0.284054
0.090702
0.025712
0.262297
0.095768
0.174438
0.281313
0.233795
0.241363
0.190845
0.335849
0.248585
0.074359
0.223801
0.134000
0.314710
0.338907
0.112358
0.064989
0.273183
0.191828
0.126115
0.128429
0.194095
0.197126
0.127839
0.175620
0.297134
0.166910
0.201618
0.289679
0.108098
0.203851
0.137597
0.194612
0.232618
0.078960
0.110221
0.283471
0.317461
0.349287
0.116810
0.172241
0.349053
0.174443
0.161546
0.110518
0.117628
0.167068
0.197504
0.386214
0.279589
0.253903
0.199593
0.257559
0.079269
0.185053
0.062509
0.045959
0.263452
0.168674
0.135135
0.211458
0.228564
0.314773
0.094295
0.181819
0.336551
0.101451
0.229831
0.189927
0.060121
0.172011
0.180344
0.529151
0.190747
0.310845
0.217523
0.228010
0.230061
0.163827
0.282805
0.149768
0.345706
0.171120
0.221096
0.076314
0.038875
0.210678
0.067167
0.095080
0.228837
0.095043
0.223406
0.200207
0.101181
0.220682
0.196091
0.550384
0.143758
0.278305
0.156020
0.135679
0.345871
0.150856
0.343144
0.296175
0.489330
0.227567
0.220706
0.145031
0.226820
0.096094
0.095545
0.052380
0.049139
0.197225
0.183398
0.149646
0.112645
0.224964
0.146545
0.372274
0.178682
0.139702
0.076810
0.034677
0.340336
0.120409
0.315813
0.356468
0.455254
0.331203
0.077120
0.135531
0.382622
0.213556
0.088318
0.134874
0.115523
0.312936
0.261033
0.118444
0.036288
0.180696
0.069458
0.108727
0.331285
0.117622
0.089521
0.207931
0.199467
0.107027
0.274019
0.294600
0.426685
0.227070
0.062964
0.082484
0.304838
0.286216
0.043557
0.205029
0.233163
0.342782
0.335615
0.029017
0.068560
0.128656
0.125090
0.130578
0.430574
0.179021
0.112085
0.291273
0.140113
0.171278
0.198195
0.177375
0.413035
0.049688
0.068904
0.066903
0.199196
0.189532
0.044377
0.232732
0.345607
0.227605
0.324788
0.087455
0.135768
0.086468
0.182122
0.232800
0.340100
0.229240
0.220522
0.283592
0.170319
0.200188
0.117802
0.111137
0.548503
0.061378
0.153350
0.061931
0.174960
0.058887
0.160444
0.222991
0.358791
0.200477
0.272574
0.050483
0.148237
0.239951
0.181454
0.224583
0.320491
0.204094
0.228659
0.299795
0.165949
0.231603
0.080322
0.175203
0.663020
0.088626
0.259980
0.048892
0.130091
0.017197
0.266977
0.178377
0.275855
0.109347
0.166903
0.145289
0.070015
0.256326
0.176104
0.066966
0.285855
0.141816
0.219696
0.372932
0.163453
0.281441
0.064805
0.246100
0.608375
0.106287
0.252299
0.042062
0.270035
0.019822
0.270866
0.118459
0.140388
0.088546
0.113562
0.202617
0.038943
0.248864
0.124808
0.027338
0.247960
0.029512
0.194851
0.435690
0.175683
0.219247
0.010514
0.227661
0.506858
0.096952
0.173311
0.181736
0.350139
0.032537
0.180097
0.171693
0.132449
0.190474
0.260573
0.230945
0.106227
0.227327
0.097088
0.061129
0.241251
0.156933
0.144047
0.385135
0.098103
0.169625
0.045356
0.253055
0.422582
0.113256
0.197799
0.285745
0.246222
0.038948
0.105457
0.166276
0.250925
0.230032
0.335294
0.233249
0.101101
0.190198
0.077650
0.057131
0.239799
0.209501
0.120830
0.173060
0.169067
0.260861
0.034414
0.319462
0.390180
0.075669
0.262455
0.297412
0.067149
0.102127
0.120137
0.198933
0.280491
0.273993
0.307116
0.220120
0.031474
0.087155
0.063149
0.019561
0.264342
0.171551
0.157114
0.034607
0.360384
0.403527
0.084103
0.345029
0.316055
0.035587
0.303671
0.183250
0.207060
0.075042
0.131872
0.217028
0.213752
0.325086
0.252065
0.159617
0.121009
0.034562
0.090921
0.033360
0.359952
0.226549
0.113807
0.062854
0.508463
0.457341
0.150356
0.324347
0.121180
0.075615
0.256756
0.077764
0.280403
0.049347
0.159607
0.241205
0.106906
0.258059
0.192255
0.195521
0.245683
0.141964
0.105947
0.087412
0.343702
0.202584
0.073417
0.080934
0.501306
0.298560
0.124157
0.290703
0.100326
0.098740
0.057817
0.144271
0.262627
0.118064
0.204796
0.289272
0.178643
0.147914
0.093606
0.171128
0.246575
0.250723
0.153445
0.119489
0.209029
0.120088
0.091991
0.142715
0.427926
0.160854
0.049354
0.225458
0.256404
0.189967
0.094491
0.323041
0.254995
0.179782
0.290921
0.217844
0.166877
0.070589
0.056761
0.160137
0.190261
0.184531
0.242740
0.134587
0.103723
0.026835
0.263023
0.247547
0.358939
0.273069
0.082733
0.186585
0.325925
0.260018
0.142553
0.327153
0.305874
0.292798
0.271522
0.085551
0.180641
0.020166
0.128405
0.160728
0.030905
0.130416
0.278822
0.132974
0.160124
0.077665
0.236322
0.296085
0.209630
0.361305
0.108264
0.227346
0.276513
0.218984
0.161669
0.208355
0.286398
0.327796
0.161536
0.170955
0.208750
0.088667
0.148561
0.129759
0.106165
0.182423
0.261686
0.164384
0.283243
0.121676
0.084304
0.231921
0.254274
0.255584
0.181193
0.256542
0.156709
0.355002
0.058464
0.222506
0.146979
0.287324
0.160558
0.176826
0.171057
0.152288
0.174304
0.153032
0.123791
0.180102
0.255500
0.219905
0.318351
0.114070
0.186414
0.114644
0.450075
0.158781
0.200882
0.271112
0.102004
0.455524
0.216209
0.153309
0.121292
0.170020
0.237604
0.149333
0.062483
0.128115
0.171718
0.275578
0.082152
0.089764
0.277051
0.260739
0.324579
0.082306
0.167675
0.069411
0.546916
0.143640
0.132698
0.291428
0.122110
0.352716
0.358563
0.148396
0.195568
0.121219
0.230857
0.164960
0.184956
0.010090
0.189066
0.314824
0.076340
0.073769
0.360299
0.269371
0.370107
0.048380
0.053286
0.075513
0.611242
0.182707
0.083409
0.094417
0.038322
0.208549
0.375561
0.113604
0.167447
0.099830
0.296906
0.279777
0.415976
0.086073
0.185855
0.271217
0.145379
0.205167
0.418367
0.236467
0.265630
0.035533
0.099509
0.119552
0.522834
0.202464
0.070937
0.216359
0.030299
0.044606
0.247131
0.088182
0.110199
0.074156
0.227659
0.258302
0.600323
0.057010
0.286421
0.156514
0.227793
0.346884
0.226215
0.180336
0.059784
0.148913
0.119846
0.090361
0.320867
0.287813
0.181884
0.376898
0.139562
0.117599
0.286500
0.099916
0.158560
0.166303
0.089030
0.087580
0.606764
0.038620
0.326479
0.133576
0.211859
0.368132
0.066984
0.124723
0.105536
0.218506
0.051041
0.196248
0.259883
0.220454
0.306478
0.469809
0.262182
0.101630
0.195724
0.074932
0.178419
0.288159
0.108786
0.030088
0.465176
0.087546
0.237540
0.268264
0.150026
0.273944
0.258063
0.033153
0.070467
0.113980
0.235276
0.323442
0.203326
0.146993
0.257184
0.427332
0.213466
0.116333
0.119275
0.124102
0.186456
0.345691
0.170098
0.022711
0.321880
0.121767
0.199317
0.162214
0.179692
0.189264
0.379515
0.122780
0.190834
0.127249
0.323461
0.344191
0.233316
0.109569
0.049868
0.455135
0.064986
0.129194
0.030177
0.270288
0.171621
0.346365
0.260438
0.087617
0.238020
0.103102
0.191109
0.108191
0.266300
0.210945
0.433499
0.209881
0.282652
0.126251
0.243090
0.282403
0.291444
0.060987
0.091411
0.422047
0.011202
0.150712
0.117716
0.425331
0.081491
0.335091
0.312722
0.025506
0.198330
0.079605
0.234942
0.223306
0.242779
0.301427
0.471797
0.173225
0.293866
0.120344
0.116442
0.157920
0.337394
0.163001
0.131608
0.226879
0.085628
0.246404
0.138468
0.335551
0.117524
0.208789
0.231125
0.105492
0.202988
0.046451
0.342092
0.236591
0.210349
0.336199
0.434717
0.182393
0.294972
0.125740
0.008426
0.197218
0.249528
0.203730
0.166100
0.127952
0.181693
0.274664
0.184404
0.177236
0.317859
0.156869
0.202113
0.183858
0.156713
0.074664
0.359552
0.159726
0.115877
0.301305
0.271352
0.174818
0.269989
0.057559
0.123372
0.190087
0.124734
0.190518
0.218609
0.136664
0.185029
0.260272
0.178894
0.131537
0.331257
0.283048
0.116683
0.266354
0.207266
0.192459
0.322339
0.088907
0.034164
0.284031
0.151905
0.111518
0.152422
0.014352
0.107552
0.096334
0.081129
0.211519
0.256593
0.182104
0.152856
0.273782
0.224876
0.107636
0.241620
0.313714
0.219314
0.340001
0.400614
0.244006
0.302679
0.128377
0.093951
0.276407
0.017074
0.066408
0.062672
0.023726
0.026230
0.015784
0.239235
0.162720
0.276540
0.237166
0.146077
0.255848
0.197997
0.084504
0.199731
0.260186
0.395103
0.305284
0.465243
0.233055
0.410376
0.105923
0.091301
0.121131
0.106586
0.112856
0.223420
0.070725
0.091200
0.127936
0.362126
0.097058
0.265940
0.209115
0.127639
0.240081
0.021462
0.296571
0.199878
0.273694
0.372989
0.187571
0.348705
0.254619
0.436684
0.129200
0.075619
0.063141
0.207411
0.176341
0.267494
0.076553
0.036009
0.266602
0.285137
0.104273
0.166812
0.254620
0.104273
0.264811
0.086626
0.297660
0.180491
0.254205
0.283575
0.185888
0.179283
0.240630
0.312212
0.227334
0.082025
0.164036
0.265900
0.241456
0.215147
0.141543
0.045165
0.323802
0.156900
0.117254
0.118032
0.330953
0.112633
0.248813
0.172269
0.224961
0.170928
0.171248
0.247810
0.294298
0.163837
0.173293
0.185830
0.257139
0.102651
0.163834
0.147623
0.250045
0.108454
0.209032
0.110885
0.460008
0.053291
0.034671
0.152895
0.389169
0.062119
0.221843
0.137035
0.242632
0.237943
0.123077
0.114191
0.339718
0.246277
0.088744
0.046224
0.237254
0.088084
0.176282
0.033385
0.129477
0.059950
0.174748
0.121497
0.363991
0.172545
0.123307
0.260470
0.305091
0.064802
0.169710
0.174419
0.266731
0.261970
0.173648
0.129536
0.291696
0.272921
0.192275
0.115684
0.239136
0.082721
0.125910
0.138327
0.029504
0.156880
0.100221
0.069449
0.183651
0.210544
0.141960
0.329230
0.121130
0.051970
0.201880
0.315683
0.280163
0.204556
0.204923
0.273436
0.283428
0.201634
0.237703
0.165218
0.217774
0.109095
0.067200
0.241152
0.105868
0.230679
0.148365
0.146110
0.135162
0.229169
0.089437
0.265513
0.061022
0.046157
0.232021
0.382766
0.235565
0.177181
0.182294
0.404943
0.337094
0.288826
0.212267
0.222286
0.208522
0.116178
0.107166
0.327199
0.204128
0.278151
0.217180
0.200575
0.211453
0.134203
0.173648
0.248529
0.168618
0.103802
0.262556
0.267443
0.164424
0.171105
0.200856
0.370028
0.350126
0.357473
0.188663
0.310347
0.237684
0.125956
0.172592
0.288647
0.277379
0.278443
0.194205
0.217476
0.308493
0.076408
0.318081
0.193137
0.246605
0.177824
0.209599
0.284889
0.126195
0.138404
0.235504
0.246204
0.182685
0.232270
0.240019
0.324335
0.298342
0.109633
0.225632
0.164271
0.240257
0.217594
0.244352
0.250355
0.193640
0.166321
0.301452
0.186345
0.233956
0.161613
0.223609
0.209599
0.224488
0.146312
0.183084
0.181355
0.258181
0.079799
0.205466
0.344894
0.308034
0.095108
0.313528
0.167325
0.088634
0.135900
0.269191
0.217638
0.118976
0.209205
0.236747
0.125347
0.130070
0.112371
0.234963
0.158759
0.270016
0.024822
0.078300
0.154583
0.382198
0.097148
0.057735
0.320505
0.233369
0.105332
0.188780
0.266094
0.004917
0.166799
0.096631
0.130328
0.226776
0.120420
0.360563
0.035869
0.168274
0.167486
0.284045
0.120392
0.138657
0.121934
0.017503
0.114945
0.399461
0.080047
0.084346
0.180675
0.179757
0.216976
0.109322
0.272350
0.102140
0.277391
0.192562
0.043460
0.301032
0.008290
0.359398
0.089429
0.211287
0.098597
0.313520
0.231857
0.074970
0.122876
0.040984
0.193031
0.391732
0.215638
0.181915
0.068026
0.117057
0.277184
0.128098
0.168226
0.200323
0.293376
0.345243
0.085768
0.314492
0.072004
0.344087
0.117504
0.194239
0.051293
0.318344
0.369936
0.102700
0.152419
0.134722
0.281407
0.297484
0.353851
0.232935
0.146207
0.236375
0.294314
0.161067
0.048772
0.262617
0.133484
0.321211
0.109066
0.244314
0.112957
0.259056
0.097998
0.131488
0.132175
0.259187
0.332685
0.173199
0.267680
0.128807
0.329043
0.190107
0.309262
0.268183
0.077206
0.318295
0.198001
0.198544
0.041733
0.277524
0.062464
0.239691
0.094472
0.156393
0.123985
0.158715
0.069445
0.036418
0.172656
0.180512
0.260617
0.202682
0.225210
0.095391
0.399427
0.110550
0.188671
0.316536
0.052415
0.248799
0.165996
0.151473
0.071049
0.204712
0.160388
0.220566
0.162956
0.111445
0.072685
0.135015
0.062348
0.201236
0.073649
0.173430
0.182380
0.175464
0.155079
0.135054
0.357182
0.076081
0.102785
0.330097
0.145988
0.138865
0.321996
0.126031
0.084017
0.144803
0.162415
0.211954
0.321555
0.101249
0.130149
0.103254
0.195932
0.331792
0.099377
0.054717
0.275164
0.129310
0.211369
0.191601
0.134941
0.180775
0.088881
0.234313
0.203397
0.201766
0.328399
0.101647
0.107785
0.139199
0.175026
0.181983
0.374471
0.189754
0.222894
0.204498
0.232289
0.324039
0.070199
0.041133
0.375514
0.188081
0.191813
0.180162
0.149140
0.114107
0.067543
0.145168
0.183620
0.269227
0.290514
0.107190
0.128142
0.161770
0.209193
0.176241
0.282333
0.268980
0.277737
0.106132
0.292507
0.167304
0.033391
0.209229
0.330933
0.240619
0.110318
0.180319
0.090151
0.103983
0.165052
0.140260
0.125331
0.310948
0.293495
0.263920
0.033593
0.185451
0.139551
0.165278
0.230320
0.290533
0.272363
0.060582
0.281737
0.063709
0.065146
0.307347
0.198125
0.287550
0.276147
0.193759
0.072993
0.257035
0.293930
0.091198
0.128927
0.282721
0.279296
0.252772
0.080887
0.193952
0.078130
0.112357
0.108280
0.250737
0.190863
0.141943
0.202137
0.146740
0.106844
0.272452
0.084284
0.322888
0.240760
0.241372
0.085005
0.350303
0.326155
0.189923
0.197443
0.113170
0.237678
0.141418
0.153329
0.212366
0.263069
0.087793
0.143894
0.204029
0.141845
0.216746
0.113139
0.170622
0.229092
0.182696
0.151070
0.374495
0.239314
0.184744
0.136664
0.344065
0.246786
0.372418
0.222696
0.043771
0.164393
0.061913
0.167083
0.298033
0.447084
0.205731
0.315833
0.078559
0.222650
0.161946
0.070340
0.172964
0.341030
0.054670
0.287835
0.253471
0.310391
0.093531
0.074514
0.246165
0.177153
0.508193
0.253744
0.037867
0.120564
0.093872
0.156895
0.241008
0.558626
0.248235
0.386760
0.132500
0.242599
0.125178
0.137831
0.176072
0.347820
0.106134
0.325645
0.178907
0.308219
0.048345
0.024036
0.121957
0.087352
0.480161
0.267725
0.066582
0.111168
0.253399
0.151385
0.229244
0.524534
0.217409
0.351271
0.343015
0.186440
0.156365
0.192905
0.160580
0.267501
0.167188
0.209557
0.165761
0.212945
0.131856
0.039996
0.129823
0.032041
0.318876
0.234360
0.044865
0.161214
0.299617
0.169653
0.352565
0.357822
0.184199
0.243520
0.498173
0.109373
0.093761
0.254317
0.102892
0.242463
0.121532
0.023158
0.229625
0.178257
0.202413
0.133965
0.174579
0.036672
0.143002
0.194771
0.229536
0.142381
0.220846
0.145712
0.312897
0.132680
0.108506
0.040652
0.486569
0.100439
0.030070
0.232246
0.062297
0.172656
0.065797
0.106325
0.282330
0.143654
0.214977
0.185257
0.196293
0.069566
0.060281
0.185251
0.336062
0.047413
0.141613
0.097759
0.174038
0.110217
0.071447
0.133885
0.339577
0.129725
0.067942
0.256321
0.140780
0.082980
0.157913
0.166523
0.230815
0.164586
0.154601
0.095929
0.162529
0.115958
0.031213
0.159025
0.290262
0.081864
0.141094
0.080624
0.181716
0.250670
0.181774
0.185070
0.278018
0.099300
0.131313
0.195710
0.238114
0.100006
0.084775
0.219257
0.162699
0.174741
0.073942
0.029708
0.136297
0.078812
0.037116
0.174830
0.156863
0.110834
0.098515
0.084877
0.146983
0.215742
0.152112
0.166063
0.111553
0.098602
0.153908
0.169408
0.263639
0.087616
0.006567
0.178856
0.132307
0.082477
0.165953
0.079606
0.202582
0.026699
0.092655
0.075664
0.020482
0.084829
0.101119
0.202264
0.208239
0.224371
0.096436
0.171062
0.033157
0.226140
0.212077
0.260617
0.204157
0.176028
0.127099
0.186833
0.116776
0.089531
0.288974
0.187983
0.240198
0.075692
0.155597
0.047509
0.198487
0.079344
0.075809
0.255474
0.259541
0.173794
0.089430
0.142355
0.163408
0.275912
0.227403
0.321620
0.117467
0.232200
0.272305
0.247601
0.018138
0.220090
0.248471
0.227194
0.216269
0.149898
0.205403
0.207630
0.256263
0.169276
0.021036
0.196856
0.160944
0.138714
0.158249
0.206712
0.302217
0.260980
0.191685
0.291077
0.064636
0.201306
0.264622
0.355637
0.121991
0.252797
0.149593
0.193374
0.139228
0.137794
0.248140
0.380210
0.173265
0.170507
0.066250
0.203339
0.137672
0.069012
0.147668
0.325927
0.278904
0.175041
0.148087
0.178874
0.118948
0.093313
0.214614
0.419234
0.157698
0.173428
0.226531
0.133718
0.259249
0.154048
0.252242
0.453297
0.144994
0.108416
0.143462
0.215424
0.122120
0.032857
0.059122
0.334208
0.185994
0.228260
0.123847
0.152200
0.194883
0.111493
0.085011
0.341735
0.258698
0.110148
0.321332
0.103660
0.303451
0.245395
0.209260
0.416359
0.137101
0.034003
0.245742
0.207243
0.074074
0.138719
0.087332
0.260339
0.185090
0.179192
0.137236
0.191915
0.227126
0.145197
0.154883
0.129065
0.292347
0.097034
0.297655
0.102974
0.218630
0.302408
0.145587
0.382958
0.142647
0.104198
0.259652
0.121278
0.026999
0.221777
0.141443
0.267905
0.231222
0.181866
0.133980
0.124292
0.156858
0.150196
0.169970
0.095426
0.194882
0.261128
0.157170
0.111363
0.099948
0.283713
0.105408
0.350277
0.101214
0.151165
0.176980
0.070544
0.127893
0.202193
0.100502
0.236817
0.239187
0.296560
0.207740
0.145011
0.091145
0.125858
0.161148
0.186165
0.083462
0.295875
0.072276
0.073399
0.151691
0.298705
0.123785
0.328663
0.169181
0.206365
0.104457
0.202954
0.192342
0.039762
0.160774
0.158474
0.151870
0.436648
0.317524
0.128786
0.060918
0.150075
0.083362
0.150683
0.037791
0.282599
0.069975
0.107776
0.238743
0.269339
0.130715
0.281250
0.279843
0.257015
0.062702
0.156511
0.157953
0.240352
0.288327
0.105571
0.110306
0.485583
0.318969
0.085471
0.091048
0.150751
0.124383
0.153627
0.088898
0.312962
0.224094
0.080242
0.271305
0.147206
0.119769
0.269405
0.232043
0.332353
0.063572
0.039288
0.157746
0.376953
0.210819
0.120227
0.067025
0.456744
0.144538
0.141547
0.114576
0.134191
0.224104
0.238002
0.112145
0.235016
0.331398
0.090643
0.310251
0.069682
0.225069
0.269087
0.084569
0.295541
0.191084
0.052406
0.109504
0.367471
0.132633
0.216226
