# G_4, p = 0.4000 GPa (dir_4000.0_bar).
# 6MR distortion Gamma = (1/2)(max - min) over the three opposite-O diagonals.
# 32 rings x 101 frames = 3232 samples.
# Column: per-6MR Gamma [A]
0.001715
0.001272
0.001635
0.001172
0.001791
0.001726
0.001772
0.001446
0.001582
0.001292
0.001549
0.001372
0.001514
0.001236
0.001555
0.001258
0.000429
0.000760
0.000574
0.000949
0.001487
0.001133
0.001543
0.001233
0.000836
0.000983
0.000792
0.000940
0.001727
0.001448
0.001638
0.001490
0.127408
0.169991
0.075379
0.075219
0.091928
0.120123
0.167987
0.090418
0.081389
0.094305
0.133769
0.015509
0.074749
0.160669
0.109125
0.129066
0.224740
0.104291
0.130618
0.070124
0.063196
0.332169
0.056510
0.062516
0.090968
0.107556
0.065607
0.022625
0.104393
0.113936
0.092171
0.062398
0.357748
0.388847
0.293767
0.171010
0.165459
0.170272
0.349922
0.155052
0.075103
0.150760
0.216345
0.025556
0.133413
0.316024
0.187124
0.254891
0.361338
0.224634
0.388866
0.144955
0.101543
0.612044
0.099487
0.106807
0.084095
0.182413
0.084592
0.101718
0.215841
0.162463
0.145158
0.275241
0.524419
0.510443
0.484223
0.290737
0.252505
0.251928
0.469250
0.189426
0.157810
0.041342
0.138091
0.035080
0.184292
0.243265
0.234280
0.334816
0.386508
0.209596
0.567390
0.119948
0.043303
0.609395
0.175570
0.212069
0.111336
0.177659
0.090009
0.280623
0.261039
0.168136
0.163347
0.411710
0.533651
0.531159
0.468694
0.335267
0.324856
0.348256
0.492794
0.182796
0.242927
0.173543
0.105234
0.061130
0.145205
0.031371
0.326968
0.310286
0.413542
0.104140
0.559230
0.039813
0.101703
0.499620
0.218292
0.314288
0.098595
0.172988
0.129412
0.386651
0.261917
0.098277
0.257635
0.335728
0.417657
0.569759
0.285349
0.325302
0.324031
0.408210
0.453063
0.182975
0.297417
0.207215
0.133298
0.203895
0.112596
0.172402
0.412546
0.280721
0.350266
0.159359
0.451030
0.053728
0.180210
0.374136
0.211123
0.388014
0.042279
0.178581
0.095635
0.383123
0.278899
0.037522
0.302162
0.219392
0.229564
0.590977
0.115867
0.382262
0.305672
0.340869
0.311146
0.192810
0.318528
0.221044
0.108738
0.349153
0.159155
0.114615
0.337533
0.337814
0.236614
0.216801
0.361797
0.134605
0.171833
0.173026
0.157662
0.376487
0.168638
0.109377
0.035019
0.344437
0.184405
0.090202
0.277029
0.213948
0.035444
0.475784
0.196817
0.390091
0.236481
0.189936
0.064246
0.202558
0.293701
0.244337
0.090575
0.295620
0.216359
0.180081
0.215473
0.373515
0.301927
0.222635
0.288433
0.091957
0.098858
0.122553
0.172357
0.286975
0.350254
0.047846
0.117520
0.326654
0.163181
0.113702
0.225324
0.124377
0.182598
0.364475
0.302462
0.333221
0.154766
0.064362
0.131422
0.197670
0.236212
0.231921
0.123782
0.215921
0.182013
0.294731
0.123401
0.331395
0.355265
0.209737
0.206423
0.079186
0.076437
0.328495
0.333093
0.209034
0.366739
0.052542
0.123584
0.195297
0.157509
0.078188
0.169088
0.050838
0.228283
0.308370
0.271581
0.269689
0.135246
0.250125
0.177709
0.095597
0.203557
0.181003
0.122514
0.301167
0.158751
0.360552
0.073866
0.321119
0.374356
0.221383
0.110496
0.131648
0.059795
0.356690
0.392365
0.270887
0.271798
0.052992
0.104426
0.147696
0.148347
0.067679
0.092108
0.225760
0.221796
0.348566
0.184508
0.248035
0.154092
0.413029
0.165265
0.087273
0.236496
0.212380
0.027577
0.387344
0.141884
0.317220
0.077368
0.278485
0.374967
0.269953
0.197615
0.136408
0.013475
0.354302
0.304107
0.334038
0.285419
0.119942
0.131086
0.053737
0.168321
0.098978
0.062689
0.316399
0.205209
0.347924
0.179915
0.222987
0.123745
0.438628
0.242083
0.162095
0.195260
0.254613
0.205918
0.252244
0.141784
0.229052
0.059842
0.238385
0.307693
0.345066
0.332798
0.126092
0.014084
0.295103
0.162223
0.273466
0.281273
0.208006
0.171436
0.117776
0.196735
0.141519
0.025620
0.324499
0.188047
0.277444
0.248225
0.111606
0.151386
0.419910
0.325272
0.109637
0.125413
0.291660
0.224343
0.079728
0.268265
0.165935
0.100378
0.264215
0.205573
0.254900
0.260079
0.191136
0.060093
0.244041
0.054211
0.114825
0.314430
0.201274
0.207087
0.220218
0.174513
0.222306
0.212677
0.180560
0.187319
0.115594
0.180953
0.101263
0.291420
0.348663
0.331452
0.150801
0.129606
0.230002
0.139433
0.081481
0.306157
0.121291
0.163735
0.333878
0.192220
0.110301
0.134160
0.176074
0.139586
0.204581
0.199007
0.028163
0.253262
0.115652
0.160876
0.255683
0.073462
0.209415
0.360877
0.184639
0.283235
0.164409
0.117137
0.311731
0.379258
0.207418
0.275773
0.191623
0.296274
0.068311
0.021090
0.140424
0.330342
0.142873
0.171678
0.356739
0.137061
0.260655
0.095311
0.082437
0.242677
0.036566
0.307113
0.029075
0.133062
0.110332
0.134940
0.210409
0.090731
0.217615
0.325348
0.216032
0.330227
0.225590
0.056508
0.402721
0.326046
0.301746
0.198965
0.162982
0.382589
0.185372
0.195862
0.210638
0.329239
0.147965
0.086877
0.305674
0.037602
0.220534
0.087326
0.086029
0.257196
0.162049
0.321295
0.110262
0.161996
0.149084
0.147734
0.225515
0.149196
0.290803
0.190427
0.152562
0.307812
0.256627
0.023310
0.399865
0.239062
0.300413
0.059264
0.255582
0.360259
0.319334
0.367759
0.246893
0.231771
0.130213
0.032216
0.260353
0.120456
0.142722
0.106260
0.214975
0.257641
0.302685
0.325279
0.114084
0.136485
0.180959
0.136377
0.257241
0.223996
0.300782
0.122448
0.068026
0.207404
0.256454
0.041709
0.379665
0.145726
0.117049
0.037599
0.279520
0.286834
0.309331
0.395265
0.208098
0.089267
0.275384
0.112102
0.257393
0.200309
0.037139
0.172742
0.322881
0.133960
0.299153
0.338312
0.151056
0.115728
0.172921
0.128892
0.253630
0.226002
0.260432
0.192393
0.055160
0.206959
0.221516
0.112401
0.372795
0.035856
0.112488
0.106655
0.179880
0.183606
0.218055
0.226520
0.162256
0.082570
0.423972
0.166703
0.184197
0.167652
0.021827
0.284668
0.320662
0.102621
0.216390
0.367209
0.160040
0.175654
0.175803
0.152189
0.229630
0.112935
0.215163
0.270895
0.148293
0.168020
0.228217
0.226699
0.317091
0.204586
0.216767
0.182744
0.089710
0.033299
0.164670
0.095857
0.093756
0.163944
0.483800
0.229133
0.079772
0.172347
0.028114
0.221863
0.296275
0.198167
0.259697
0.315302
0.160287
0.251788
0.164378
0.226717
0.124946
0.066939
0.178879
0.311115
0.186273
0.110927
0.190520
0.287278
0.211857
0.212530
0.217827
0.198590
0.078900
0.106782
0.094432
0.198848
0.146083
0.243720
0.429113
0.256362
0.018343
0.191652
0.100822
0.161157
0.278879
0.254841
0.307974
0.214037
0.212557
0.281067
0.197835
0.205818
0.094387
0.135870
0.184613
0.277290
0.125378
0.110185
0.095765
0.214267
0.078658
0.094560
0.168767
0.211753
0.153395
0.094429
0.038195
0.200923
0.147750
0.224276
0.342347
0.204846
0.096816
0.158431
0.139780
0.162555
0.220957
0.242120
0.369425
0.282722
0.164818
0.338890
0.281137
0.085167
0.075947
0.130778
0.286312
0.195197
0.172318
0.244151
0.168407
0.129155
0.164350
0.142439
0.049609
0.172432
0.173362
0.136661
0.050539
0.264417
0.047906
0.131226
0.214892
0.187152
0.225092
0.018135
0.122466
0.189393
0.104698
0.120198
0.352447
0.382995
0.075607
0.296632
0.422237
0.016105
0.128739
0.082157
0.236079
0.220001
0.245337
0.326789
0.214840
0.046906
0.223683
0.098528
0.022494
0.106971
0.085840
0.184473
0.085652
0.330919
0.146322
0.206311
0.083009
0.208422
0.358292
0.166743
0.085406
0.302717
0.074061
0.086201
0.225534
0.336665
0.060092
0.278207
0.376040
0.037839
0.219012
0.079975
0.090314
0.297447
0.232764
0.286384
0.198717
0.066574
0.312510
0.038155
0.086147
0.008525
0.339386
0.195404
0.135227
0.336770
0.196457
0.143936
0.058980
0.215286
0.362562
0.347564
0.030117
0.370290
0.103894
0.216611
0.122100
0.346701
0.153553
0.211436
0.208886
0.028497
0.239432
0.170050
0.064178
0.285963
0.129492
0.348728
0.170668
0.197797
0.283616
0.109525
0.078289
0.093755
0.493932
0.168153
0.137719
0.352088
0.133484
0.022187
0.078228
0.298244
0.202204
0.434515
0.050166
0.335894
0.193418
0.288336
0.183233
0.345526
0.271608
0.191803
0.110127
0.019999
0.229073
0.220399
0.072168
0.091004
0.090984
0.384316
0.157995
0.277214
0.055074
0.151849
0.113207
0.166189
0.393621
0.089154
0.170139
0.310063
0.163873
0.105573
0.135801
0.338351
0.058819
0.430152
0.081820
0.266131
0.353945
0.251275
0.326546
0.268199
0.349469
0.217416
0.077497
0.122556
0.256871
0.213616
0.062302
0.126742
0.123155
0.283087
0.067461
0.350138
0.119111
0.211095
0.208079
0.223330
0.205983
0.026773
0.231809
0.246562
0.163208
0.112985
0.297756
0.240957
0.157999
0.296645
0.216920
0.184341
0.484641
0.155605
0.369507
0.121182
0.274029
0.243360
0.262938
0.292176
0.172482
0.199757
0.089806
0.235386
0.189165
0.125629
0.173690
0.340073
0.134732
0.229278
0.311934
0.253958
0.053669
0.125335
0.185412
0.155308
0.150974
0.106807
0.424278
0.150100
0.280824
0.295528
0.331009
0.164993
0.500068
0.105208
0.253196
0.132435
0.128812
0.194049
0.413927
0.338622
0.048051
0.214701
0.142944
0.217967
0.188409
0.035538
0.286277
0.285816
0.157697
0.174428
0.369237
0.222749
0.061714
0.169738
0.135507
0.119302
0.115955
0.167431
0.371945
0.093123
0.315467
0.198705
0.362968
0.132052
0.392786
0.098824
0.114275
0.154486
0.045569
0.107664
0.409409
0.313619
0.108518
0.197760
0.095158
0.141083
0.101815
0.138491
0.300149
0.318787
0.143844
0.089334
0.244604
0.130261
0.138960
0.147994
0.127666
0.358065
0.058968
0.106842
0.213854
0.126341
0.216928
0.165796
0.227176
0.055767
0.199994
0.085212
0.135718
0.153419
0.007010
0.201608
0.328350
0.197133
0.201285
0.126978
0.067031
0.163840
0.140678
0.186536
0.299804
0.244802
0.061089
0.042730
0.029710
0.082096
0.167816
0.152938
0.113506
0.550875
0.156908
0.052831
0.060030
0.193851
0.105645
0.283521
0.141916
0.087955
0.076119
0.105017
0.248639
0.214799
0.070047
0.264684
0.354754
0.154755
0.179619
0.037966
0.151712
0.225678
0.115451
0.238622
0.218444
0.247557
0.175921
0.130450
0.104002
0.067704
0.110910
0.174900
0.135146
0.560715
0.252595
0.152623
0.064095
0.228080
0.114190
0.332208
0.154326
0.216039
0.179645
0.104744
0.239604
0.209996
0.059917
0.352701
0.297697
0.130102
0.037070
0.109402
0.091343
0.220919
0.159627
0.278192
0.169839
0.293507
0.418155
0.135657
0.151939
0.061072
0.128478
0.174105
0.208802
0.394466
0.276228
0.211993
0.154200
0.224820
0.174673
0.248606
0.227636
0.269059
0.243754
0.065029
0.139902
0.167322
0.065399
0.284110
0.137185
0.105041
0.108348
0.195582
0.012404
0.222065
0.290400
0.359465
0.205891
0.452346
0.464352
0.072371
0.189240
0.082074
0.182456
0.130134
0.324369
0.225248
0.268198
0.250139
0.243362
0.219435
0.204527
0.113037
0.229708
0.259368
0.220884
0.110208
0.080772
0.176471
0.221502
0.125418
0.053963
0.152875
0.155086
0.249172
0.054121
0.268269
0.367546
0.301077
0.173183
0.513651
0.356178
0.145203
0.158729
0.106973
0.176405
0.165209
0.328963
0.065911
0.250978
0.311965
0.205282
0.221536
0.197408
0.071399
0.234227
0.203983
0.165489
0.108201
0.066341
0.114836
0.387551
0.016553
0.101645
0.139776
0.091643
0.258616
0.008277
0.262120
0.372895
0.225361
0.094217
0.485126
0.185162
0.290670
0.092055
0.126673
0.323665
0.211309
0.270334
0.185288
0.154926
0.407354
0.067110
0.179713
0.240037
0.050774
0.300023
0.254910
0.146086
0.071664
0.097573
0.075249
0.422321
0.132071
0.092156
0.088020
0.235337
0.193277
0.068552
0.100865
0.339289
0.058284
0.110081
0.440910
0.093451
0.383546
0.096838
0.128635
0.326344
0.175140
0.172570
0.333130
0.066499
0.432504
0.068540
0.155182
0.222004
0.072363
0.339018
0.228640
0.129846
0.166011
0.205224
0.197739
0.393688
0.221676
0.216707
0.273450
0.345179
0.128825
0.187618
0.101890
0.267801
0.117374
0.140821
0.440425
0.141802
0.363260
0.096440
0.112819
0.232381
0.162436
0.130410
0.313808
0.044485
0.354110
0.153860
0.075955
0.220358
0.100069
0.250911
0.202410
0.145871
0.218830
0.228847
0.164110
0.221140
0.247636
0.244473
0.389417
0.336136
0.123447
0.243206
0.187932
0.149248
0.208837
0.148426
0.479617
0.208346
0.201422
0.061383
0.084308
0.164938
0.214743
0.191320
0.235803
0.112325
0.309785
0.199070
0.028930
0.205071
0.105590
0.291385
0.285301
0.209982
0.215256
0.236833
0.066270
0.051448
0.308661
0.199022
0.305913
0.303476
0.123640
0.262236
0.174415
0.176827
0.181196
0.212558
0.464995
0.190533
0.111571
0.222037
0.054190
0.072986
0.279050
0.161091
0.192646
0.243630
0.256636
0.214854
0.120300
0.213195
0.049273
0.277525
0.303776
0.227584
0.245106
0.305101
0.157644
0.126381
0.360095
0.132181
0.106733
0.199055
0.095430
0.203316
0.176204
0.167301
0.172752
0.207104
0.394761
0.214151
0.292681
0.310669
0.072464
0.156102
0.243708
0.148313
0.181607
0.296473
0.197079
0.167453
0.094509
0.250810
0.073754
0.155965
0.151932
0.192585
0.312551
0.286679
0.283086
0.185103
0.314345
0.222585
0.193605
0.099493
0.177897
0.122962
0.242988
0.210543
0.149475
0.155322
0.363155
0.227262
0.393805
0.247202
0.139029
0.277211
0.210194
0.095079
0.174507
0.280174
0.182889
0.117186
0.172234
0.247512
0.089853
0.108582
0.113438
0.130850
0.272522
0.199011
0.235711
0.227707
0.094177
0.346282
0.273918
0.170620
0.291377
0.046730
0.334465
0.258576
0.161915
0.089085
0.391568
0.153637
0.329345
0.152470
0.168290
0.273375
0.190713
0.018797
0.191143
0.205173
0.239875
0.006711
0.294164
0.252451
0.099870
0.141766
0.194046
0.164803
0.120794
0.150958
0.154798
0.184613
0.195243
0.311862
0.270114
0.151317
0.261006
0.139942
0.330112
0.163454
0.224135
0.135181
0.422295
0.146882
0.185722
0.146505
0.223186
0.213110
0.166440
0.106623
0.111187
0.167049
0.288607
0.147605
0.348363
0.323781
0.203124
0.201431
0.156844
0.251147
0.065294
0.173518
0.074374
0.031330
0.374872
0.189463
0.236898
0.109778
0.154721
0.182736
0.216525
0.031296
0.184891
0.261102
0.377901
0.196836
0.065589
0.234945
0.172599
0.264640
0.211551
0.125263
0.071592
0.267390
0.229427
0.207728
0.336807
0.331032
0.256134
0.156352
0.074606
0.260176
0.163443
0.093242
0.039427
0.184260
0.346994
0.048436
0.117876
0.166256
0.188972
0.123723
0.047420
0.102430
0.076957
0.373527
0.293661
0.181347
0.041794
0.261521
0.066924
0.301025
0.184891
0.090951
0.072869
0.240661
0.153467
0.134682
0.134250
0.259606
0.161045
0.088742
0.087959
0.239138
0.242961
0.051174
0.139988
0.326068
0.209410
0.170708
0.052273
0.254429
0.217762
0.165304
0.209685
0.115065
0.013092
0.416483
0.147999
0.108857
0.046519
0.274648
0.188659
0.278576
0.120220
0.102908
0.105453
0.212412
0.197731
0.025891
0.157467
0.241293
0.086470
0.290781
0.118942
0.178425
0.313321
0.154971
0.207483
0.390167
0.085907
0.300581
0.123306
0.168389
0.142267
0.270918
0.379413
0.150123
0.003562
0.306464
0.069311
0.151797
0.126931
0.269136
0.283545
0.196562
0.114397
0.137017
0.139147
0.258398
0.177677
0.072101
0.268483
0.417198
0.239132
0.333290
0.188215
0.121905
0.379461
0.246262
0.211056
0.452387
0.048107
0.296849
0.189048
0.082310
0.105675
0.246613
0.424891
0.171758
0.098059
0.133679
0.113514
0.185825
0.186336
0.238532
0.237082
0.112920
0.157285
0.108955
0.042134
0.207703
0.113979
0.150404
0.222363
0.498012
0.270669
0.246900
0.211162
0.075383
0.313872
0.336478
0.236395
0.387764
0.104498
0.200546
0.227766
0.061727
0.061942
0.158591
0.255985
0.162791
0.227839
0.152288
0.263063
0.216163
0.096231
0.243075
0.163779
0.094843
0.185833
0.216142
0.126469
0.033426
0.063846
0.236455
0.086186
0.568610
0.181727
0.105393
0.156321
0.026491
0.177374
0.245481
0.212261
0.275946
0.165594
0.133554
0.248800
0.089766
0.053679
0.207987
0.057907
0.172215
0.290979
0.128098
0.346908
0.211108
0.080235
0.339442
0.122134
0.172657
0.225806
0.248414
0.202065
0.240858
0.039206
0.376510
0.023948
0.510267
0.098044
0.064314
0.041768
0.113988
0.089280
0.050176
0.117060
0.230345
0.211296
0.150274
0.233884
0.125033
0.092241
0.198556
0.198985
0.160864
0.392232
0.128023
0.340295
0.160670
0.243075
0.265107
0.144967
0.231519
0.207161
0.178482
0.219916
0.386941
0.108847
0.346610
0.032510
0.353808
0.167986
0.179849
0.213655
0.141361
0.070935
0.092593
0.063053
0.254200
0.173067
0.147056
0.299138
0.156130
0.136228
0.135284
0.273339
0.054274
0.470127
0.177230
0.296810
0.234569
0.344519
0.215204
0.193804
0.222147
0.230665
0.092727
0.262852
0.371619
0.136050
0.270268
0.084762
0.238539
0.272082
0.238347
0.283775
0.236977
0.020774
0.074933
0.173610
0.223967
0.078762
0.096585
0.277168
0.175737
0.150242
0.106264
0.309686
0.101564
0.444325
0.183595
0.224918
0.254846
0.322782
0.250806
0.228450
0.272238
0.365751
0.088021
0.342607
0.324648
0.166370
0.220519
0.142205
0.113984
0.280958
0.172496
0.287468
0.294466
0.146052
0.019821
0.244367
0.093873
0.099251
0.044389
0.184950
0.155886
0.208609
0.171773
0.280177
0.198122
0.308423
0.259691
0.122114
0.194544
0.238237
0.195556
0.162440
0.262746
0.420243
0.070646
0.372695
0.193593
0.196307
0.181073
0.169235
0.127825
0.169830
0.230413
0.279220
0.260380
0.286240
0.017457
0.322729
0.061029
0.283940
0.103401
0.291298
0.114249
0.257007
0.239315
0.174308
0.237163
0.287600
0.274780
0.125430
0.137445
0.163980
0.101270
0.019570
0.236971
0.273110
0.077784
0.285681
0.137792
0.222316
0.147068
0.182977
0.210294
0.016778
0.376656
0.223863
0.220011
0.412417
0.028474
0.354669
0.151679
0.359617
0.218690
0.303845
0.086837
0.225950
0.284928
0.202464
0.217823
0.300658
0.239323
0.124716
0.084884
0.096731
0.108277
0.226260
0.212806
0.319730
0.053646
0.182823
0.343110
0.177530
0.175619
0.164897
0.337134
0.128431
0.384309
0.217539
0.208694
0.383622
0.072540
0.228612
0.245111
0.314739
0.344894
0.196400
0.118530
0.182335
0.225159
0.312172
0.208715
0.280681
0.137728
0.041190
0.231537
0.193611
0.020366
0.420028
0.166333
0.333634
0.055784
0.089251
0.446709
0.182439
0.227582
0.243387
0.360469
0.158830
0.269627
0.138822
0.187169
0.261124
0.111264
0.088053
0.200821
0.243309
0.348994
0.143183
0.164454
0.198034
0.052623
0.289352
0.122779
0.373296
0.117498
0.056554
0.292996
0.207427
0.111458
0.515148
0.131059
0.320439
0.137618
0.170485
0.380364
0.132673
0.296733
0.275458
0.359409
0.182259
0.140151
0.005591
0.132799
0.269297
0.148827
0.084081
0.090770
0.207481
0.245708
0.145405
0.163032
0.115425
0.237262
0.245499
0.057741
0.359324
0.140552
0.187405
0.201592
0.147323
0.283925
0.333112
0.104079
0.162294
0.060216
0.219122
0.266873
0.032169
0.249563
0.198672
0.287847
0.144637
0.047774
0.125982
0.177798
0.236549
0.122514
0.121056
0.072767
0.149849
0.222048
0.183966
0.088301
0.116688
0.448886
0.231730
0.065934
0.321448
0.245063
0.318594
0.096422
0.122049
0.370825
0.178665
0.236220
0.069107
0.092137
0.352774
0.193706
0.137804
0.205581
0.143885
0.095139
0.043672
0.085216
0.210009
0.254388
0.194017
0.137590
0.090756
0.086638
0.097723
0.239984
0.262862
0.072844
0.207318
0.418613
0.176253
0.080683
0.230315
0.287735
0.374714
0.028399
0.062920
0.278282
0.295919
0.343219
0.134073
0.130333
0.399266
0.108378
0.218596
0.212411
0.207156
0.173014
0.125118
0.136803
0.300292
0.379015
0.201290
0.136222
0.173919
0.105563
0.207245
0.263837
0.190895
0.076426
0.218328
0.183180
0.152473
0.160119
0.185989
0.223551
0.340294
0.050262
0.202605
0.080379
0.303519
0.377941
0.162153
0.045728
0.366865
0.173471
0.243557
0.223104
0.274881
0.217248
0.211468
0.186706
0.278869
0.340182
0.188516
0.141125
0.121854
0.193063
0.288140
0.204472
0.092110
0.055748
0.214694
0.070609
0.128503
0.230474
0.252699
0.216461
0.243254
0.094176
0.190370
0.133242
0.328300
0.295223
0.163552
0.092962
0.285968
0.291950
0.239153
0.178017
0.388930
0.090094
0.223869
0.223617
0.168238
0.235372
0.298906
0.131156
0.131300
0.206334
0.282339
0.107243
0.100563
0.168568
0.129567
0.073832
0.142273
0.214974
0.237092
0.183548
0.176464
0.139746
0.089177
0.210729
0.387036
0.205664
0.178486
0.090306
0.258444
0.329658
0.184102
0.108074
0.319970
0.067438
0.183173
0.297029
0.187452
0.118499
0.363279
0.161397
0.231624
0.202989
0.207854
0.135121
0.147916
0.259530
0.084301
0.193159
0.212309
0.219968
0.208221
0.119043
0.135940
0.136465
0.204731
0.248679
0.360038
0.118260
0.235224
0.049729
0.213443
0.242229
0.112025
0.056219
0.194419
0.136616
0.125365
0.339577
0.341974
0.039053
0.380183
0.206916
0.245358
0.209077
0.111965
0.150312
0.094289
0.335353
0.112837
0.153767
0.200716
0.131402
0.105986
0.374123
0.112864
0.137850
0.334038
0.333854
0.189834
0.172587
0.275214
0.015934
0.082648
0.132704
0.146390
0.189110
0.200992
0.117679
0.070275
0.304374
0.289206
0.170490
0.430604
0.179885
0.261759
0.225178
0.035157
0.144313
0.019910
0.313552
0.143083
0.007003
0.111258
0.107724
0.092692
0.522812
0.103693
0.148808
0.414997
0.333680
0.068059
0.242482
0.319476
0.008317
0.201767
0.119492
0.184063
0.209670
0.347915
0.101183
0.083907
0.212404
0.168632
0.276449
0.290043
0.095045
0.305960
0.311962
0.131762
0.108064
0.103263
0.182802
0.190849
0.131588
0.057236
0.232949
0.215960
0.433286
0.097320
0.141052
0.391247
0.294787
0.195678
0.200503
0.321586
0.071691
0.325053
0.225501
0.255896
0.217482
0.393331
0.164599
0.074803
0.210358
0.212011
0.314509
0.087122
0.151120
0.259978
0.362665
0.119669
0.048809
0.119838
0.067802
0.281604
0.257356
0.108777
0.271873
0.271635
0.195957
0.167490
0.095273
0.360498
0.281376
0.290468
0.156883
0.184582
0.127338
0.322924
0.305585
0.360094
0.167284
0.310187
0.074882
0.107127
0.238648
0.228478
0.326293
0.105434
0.259618
0.169972
0.339948
0.058079
0.077757
0.071988
0.093029
0.239536
0.289794
0.133670
0.171747
0.301353
0.130490
0.188014
0.053280
0.292406
0.198577
0.338231
0.237470
0.070451
0.129637
0.218179
0.346622
0.341510
0.187601
0.223762
0.133523
0.157460
0.246161
0.190383
0.312692
0.120613
0.264357
0.208071
0.313391
0.089981
0.079508
0.151446
0.034773
0.139284
0.339603
0.145250
0.033738
0.277343
0.320067
0.084203
0.059499
0.389232
0.032740
0.305383
0.281860
0.155370
0.122350
0.119962
0.253467
0.305326
0.210077
0.178056
0.133721
0.114927
0.312484
0.211846
0.222530
0.191259
0.364556
0.290388
0.314135
0.098973
0.058641
0.118978
0.140340
0.145079
0.328534
0.114001
0.091947
0.311296
0.407975
0.114014
0.066824
0.373388
0.198552
0.228011
0.252885
0.177326
0.115549
0.143919
0.100723
0.272469
0.272117
0.393774
0.048232
0.078483
0.322164
0.154247
0.083580
0.291714
0.392217
0.352572
0.181930
0.027922
0.113017
0.230801
0.205714
0.238375
0.218450
0.085293
0.108930
0.284748
0.401373
0.142110
0.121960
0.395223
0.261853
0.145741
0.233952
0.208196
0.077511
0.258074
0.171294
0.186214
0.309182
0.527267
0.073370
0.038515
0.238122
0.108448
0.114475
0.373897
0.263088
0.413484
0.081396
0.137175
0.168348
0.261106
0.273411
0.433521
0.125912
0.118577
0.058547
0.181143
0.431273
0.148998
0.119874
0.369810
0.220399
0.130449
0.243992
0.277021
0.124726
0.256025
0.302340
0.159776
0.224046
0.528459
0.072157
0.056577
0.210049
0.361982
0.175711
0.364117
0.087410
0.405208
0.021790
0.215036
0.257837
0.170328
0.226491
0.509502
0.113816
0.179372
0.105088
0.102250
0.432974
0.175053
0.104698
0.327064
0.104893
0.118486
0.154223
0.347155
0.190989
0.130177
0.330272
0.181102
0.183778
0.567950
0.020592
0.076544
0.209745
0.404064
0.179650
0.217353
0.112902
0.229893
0.099318
0.172401
0.333445
0.120627
0.154345
0.324285
0.219041
0.218346
0.157068
0.066379
0.395771
0.148900
0.144452
0.204501
0.037453
0.017483
0.122887
0.338441
0.226742
0.058145
0.321441
0.190037
0.264287
0.468514
0.073349
0.073419
0.166500
0.256971
0.150125
0.174421
0.265216
0.053446
0.209157
0.100302
0.224775
0.193063
0.161347
0.015158
0.317581
0.215458
0.197767
0.083479
0.126126
0.110914
0.127881
0.257692
0.150693
0.133784
0.197524
0.422680
0.246923
0.203081
0.343441
0.183864
0.388306
0.249316
0.095811
0.076088
0.115060
0.072879
0.037700
0.210543
0.268870
0.016713
0.262784
0.162741
0.149802
0.181568
0.165467
0.228758
0.311590
0.197528
0.150919
0.201861
0.120060
0.106326
0.102713
0.285966
0.200337
0.254090
0.189976
0.412001
0.163643
0.268942
0.271526
0.162797
0.397345
0.081384
0.147945
0.098599
0.080031
0.117944
0.120792
0.142065
0.250750
0.080325
0.149749
0.127254
0.179400
0.158203
0.126578
0.285392
0.235820
0.200912
0.091675
0.276297
0.231940
0.086682
0.080612
0.295186
0.190511
0.294357
0.278542
0.266884
0.038269
0.234723
0.179514
0.095489
0.290631
0.030450
0.114813
0.176590
0.065948
0.225482
0.199676
0.141413
0.295646
0.159733
0.117692
0.116100
0.309930
0.106103
0.208293
0.223945
0.224828
0.164779
0.208826
0.269851
0.266487
0.073548
0.086791
0.447735
0.195363
0.388417
0.382933
0.069649
0.023749
0.158699
0.098136
0.184914
0.136542
0.041222
0.025203
0.163414
0.047096
0.131461
0.172001
0.155660
0.321085
0.196461
0.116675
0.290867
0.433723
0.109235
0.245864
0.039354
0.283231
0.062264
0.279802
0.176524
0.264996
0.097406
0.020579
0.433286
0.163166
0.385804
0.364916
0.286730
0.070462
0.252339
0.118465
0.266846
0.034106
0.135526
0.058764
0.062197
0.022937
0.041164
0.120512
0.109858
0.214767
0.156326
0.014171
0.387829
0.521095
0.265766
0.160660
0.093725
0.220952
0.068982
0.298487
0.158046
0.187042
0.124304
0.120040
0.235821
0.128345
0.227722
0.174335
0.390127
0.144460
0.230589
0.165039
0.259849
0.072248
0.196093
0.088970
0.055901
0.076924
0.148930
0.162518
0.061583
0.042340
0.114596
0.152402
0.327201
0.505464
0.279221
0.097896
0.071430
0.126369
0.149221
0.256278
0.095088
0.111240
0.157835
0.171699
0.039991
0.138466
0.066732
0.111034
0.333926
0.170476
0.068651
0.308148
0.175318
0.203782
0.206880
0.195214
0.147433
0.170930
0.113058
0.148647
0.069136
0.138130
0.062903
0.307575
0.252785
0.366066
0.146330
0.024178
0.114713
0.109856
0.274452
0.150098
0.066499
0.025981
0.221605
0.136307
0.150890
0.099370
0.122066
0.077246
0.140272
0.167073
0.115095
0.356601
0.052907
0.374166
0.166472
0.244895
0.249649
0.273568
0.064335
0.099143
0.166097
0.234850
0.121766
0.370149
0.201713
0.229067
0.321128
0.195651
0.267456
0.224488
0.308393
0.093706
0.070688
0.066357
0.217204
0.041607
0.281331
0.087624
0.263313
0.026935
0.069423
0.073705
0.143070
0.298777
0.107485
0.411135
0.092983
0.128613
0.236524
0.256070
0.048451
0.021357
0.217731
0.191729
0.141962
0.276595
0.097778
0.182708
0.474375
0.317894
0.282102
0.301054
0.218783
0.119140
0.060703
0.044388
0.113446
0.102080
0.295470
0.321472
0.374647
0.150284
0.157240
0.194904
0.073830
0.354054
0.248040
0.333539
0.008060
0.234092
0.192803
0.233652
0.132193
0.211252
0.236637
0.128201
0.064902
0.182355
0.179630
0.204929
0.455643
0.359542
0.180181
0.281982
0.127391
0.112127
0.130327
0.075391
0.068412
0.224704
0.182661
0.384783
0.363216
0.222892
0.107372
0.346612
0.104026
0.404804
0.308146
0.190351
0.064868
0.354966
0.111101
0.164041
0.194042
0.340254
0.289852
0.073208
0.057178
0.152834
0.340544
0.159700
0.291094
0.322459
0.070808
0.250079
0.174025
0.141534
0.139974
0.088915
0.052313
0.240203
0.088989
0.252234
0.195986
0.226824
0.033901
0.385257
0.138384
0.291011
0.294390
0.214396
0.093622
0.288884
0.134290
0.100728
0.179033
0.362416
0.331529
0.132860
0.064936
0.208553
0.361762
0.105536
0.120588
0.350713
0.134144
0.218319
0.208655
0.194563
0.101551
0.092974
0.097418
0.185801
0.147368
0.222320
0.047233
0.248494
0.069912
0.360800
0.141311
0.157377
0.270713
0.271762
0.143215
0.183007
0.149602
0.077842
0.233113
0.277800
0.275558
0.160155
0.077764
0.265596
0.257338
0.077212
0.079201
0.386564
0.149211
0.250687
0.188242
0.224532
0.193553
0.043745
0.177928
0.277697
0.133624
0.251900
0.143538
0.255094
0.102876
0.308248
0.112326
0.060089
0.205345
0.160559
0.233495
0.066593
0.195354
0.057154
0.292327
0.137647
0.234960
0.188015
0.029510
0.190597
0.150321
0.183544
0.088678
0.293086
0.088322
0.151136
0.248369
0.164967
0.233804
0.152206
0.273129
0.305081
0.094094
0.151693
0.175519
0.243368
0.070575
0.239140
0.099968
0.089668
0.148092
0.013435
0.298855
0.079094
0.169072
0.057805
0.265319
0.053573
0.217898
0.192032
0.017646
0.120901
0.273043
0.287640
0.047881
0.124020
0.118897
0.096196
0.241913
0.004496
0.175718
0.168215
0.280462
0.317012
0.087386
0.036935
0.222003
0.155587
0.044075
0.237565
0.073639
0.149493
0.127532
0.048254
0.275076
0.131496
0.178755
0.179526
0.236523
0.151979
0.314432
0.101543
0.073993
0.172195
0.289872
0.239616
0.092367
0.108819
0.140147
0.152828
0.163306
0.145872
0.160893
0.144152
0.162672
0.342753
0.174512
0.073124
0.257792
0.184974
0.050902
0.251847
0.041514
0.254018
0.189784
0.123945
0.214671
0.056371
0.207541
0.239739
0.215942
0.225645
0.436626
0.033227
0.084858
0.311818
0.289157
0.209086
0.099027
0.084447
0.096717
0.118702
0.066026
0.075532
0.154975
0.057944
0.031724
0.353789
0.293846
0.079091
0.257922
0.219438
0.122046
0.138628
0.078522
0.246204
0.156660
0.168725
0.156467
0.187696
0.159854
0.288175
0.153516
0.154188
0.331159
0.138023
0.079481
0.359056
0.293130
0.248565
0.135397
0.133271
0.067848
0.104863
0.076339
0.084766
0.132990
0.012986
0.075724
0.357143
0.337412
0.086322
0.197043
0.226667
0.220371
0.140880
0.126148
0.230614
0.083273
0.211477
0.193304
0.273801
0.046970
0.278943
0.050506
0.104610
0.169343
0.160940
0.144836
0.206299
0.232989
0.347149
0.156660
0.235140
0.061328
0.147753
0.207127
0.108061
0.326359
0.031733
0.138908
0.314547
0.248377
0.078597
0.088346
0.269691
0.246944
0.208759
0.071550
0.223444
0.145097
0.204355
0.251731
0.174154
0.130348
0.222904
0.095024
0.103103
0.097653
0.205036
0.202774
0.019652
0.102907
0.268360
0.131938
0.195073
0.125421
0.177666
0.344229
0.093030
0.306145
0.063590
0.166762
0.211474
0.166011
0.078214
0.125964
0.231514
0.118689
0.250009
0.139775
0.208878
0.180086
0.214622
0.260899
0.144327
0.258286
0.104627
0.200262
0.156105
0.086702
0.187200
0.141635
0.138424
0.025159
0.296718
0.092019
0.094646
0.168208
0.196357
0.404213
0.020030
0.203482
0.141256
0.120230
0.047303
0.197254
0.078458
0.203288
0.146578
0.050939
0.350075
0.227894
0.126789
0.109733
0.185128
0.238182
0.217719
0.325942
0.013407
0.265709
0.233688
0.148967
0.151839
0.076294
0.290260
0.071693
0.360160
0.077805
0.077264
0.165251
0.135077
0.302375
0.043505
0.128773
0.126535
0.129349
0.098828
0.208882
0.172827
0.213414
0.118018
0.201649
0.385743
0.204794
0.108243
0.059013
0.136831
0.159239
0.390984
0.327278
0.091932
0.289607
0.242970
0.160294
0.142170
0.121559
0.369780
0.123222
0.389080
0.082286
0.036287
0.138225
0.079139
0.172727
0.059574
