# G_2, p = 0.6000 GPa (dir_6000.0_bar).
# D8R-only: 24 rings x 101 frames = 2424 samples.
# Column: per-D8R Delta [A]
0.014479
0.018098
0.014477
0.018118
0.014755
0.017671
0.014737
0.017633
0.014470
0.018176
0.014440
0.018098
0.014717
0.017598
0.014752
0.017682
0.014647
0.017807
0.014641
0.017822
0.014566
0.017968
0.014563
0.017961
0.147589
0.043594
0.080420
0.105639
0.051531
0.094423
0.102301
0.101214
0.107149
0.142321
0.096665
0.160378
0.112142
0.170784
0.104744
0.064339
0.073469
0.153917
0.184336
0.142239
0.168029
0.064903
0.101410
0.079737
0.173269
0.100668
0.058486
0.215966
0.164545
0.106765
0.155799
0.215151
0.177625
0.241606
0.171263
0.281800
0.198499
0.264793
0.157601
0.122131
0.172800
0.220146
0.227809
0.128068
0.258379
0.060220
0.020851
0.161313
0.191782
0.211893
0.148828
0.333182
0.343148
0.082392
0.178172
0.255933
0.287923
0.259342
0.196376
0.249485
0.316748
0.350121
0.211899
0.148095
0.322778
0.426439
0.198795
0.174237
0.225699
0.025792
0.092185
0.197332
0.277320
0.187798
0.207365
0.558737
0.440564
0.117289
0.278282
0.166683
0.291001
0.169882
0.198135
0.189203
0.219340
0.364656
0.175124
0.115657
0.294518
0.387134
0.269910
0.264428
0.153975
0.083301
0.060095
0.127117
0.426630
0.165869
0.245546
0.584487
0.378495
0.033490
0.348851
0.114308
0.198998
0.203253
0.144959
0.243832
0.160599
0.246322
0.156003
0.180673
0.212397
0.192538
0.396332
0.288743
0.160217
0.148755
0.109705
0.053685
0.363517
0.131175
0.296374
0.476804
0.357896
0.110239
0.253643
0.114152
0.220744
0.333350
0.011330
0.420570
0.083190
0.128081
0.228646
0.295711
0.115666
0.113340
0.406481
0.208838
0.280633
0.115358
0.186076
0.102304
0.294087
0.263601
0.203025
0.418096
0.384912
0.124269
0.222539
0.043760
0.336883
0.435401
0.050321
0.454639
0.078829
0.140044
0.226400
0.517980
0.078583
0.060729
0.324300
0.210785
0.392598
0.114057
0.233050
0.107814
0.316686
0.379138
0.078873
0.416814
0.365959
0.054564
0.254699
0.055436
0.303037
0.408337
0.113348
0.330809
0.172055
0.216359
0.164004
0.513693
0.085561
0.192536
0.366861
0.137145
0.390191
0.135161
0.321888
0.287486
0.518460
0.369570
0.074271
0.413162
0.226842
0.122865
0.306141
0.189844
0.252096
0.381291
0.131531
0.289666
0.296789
0.247324
0.010706
0.332323
0.123678
0.248829
0.421442
0.110906
0.422179
0.123336
0.235603
0.440709
0.479464
0.239958
0.048467
0.402321
0.200463
0.212025
0.238516
0.275295
0.140055
0.306878
0.206771
0.328970
0.296303
0.312280
0.085015
0.216364
0.114798
0.231464
0.300320
0.139784
0.380389
0.147176
0.142781
0.296128
0.392996
0.201636
0.115552
0.425179
0.236167
0.155388
0.225958
0.298619
0.019946
0.248503
0.188458
0.309285
0.206222
0.325212
0.049436
0.229985
0.080109
0.241064
0.102041
0.162091
0.182352
0.097888
0.142537
0.132591
0.303084
0.147868
0.282829
0.380717
0.192232
0.213136
0.307912
0.213633
0.110132
0.165845
0.237791
0.185332
0.141521
0.256492
0.052409
0.187241
0.064689
0.261824
0.139647
0.109041
0.138059
0.132026
0.192925
0.120254
0.235687
0.129487
0.369341
0.217348
0.073155
0.163152
0.331879
0.263522
0.166244
0.139664
0.275024
0.095344
0.186794
0.129360
0.008991
0.147077
0.140019
0.239982
0.177759
0.074982
0.114198
0.135382
0.143849
0.244151
0.031397
0.215435
0.276151
0.093706
0.134198
0.075503
0.330648
0.301486
0.083970
0.130366
0.207668
0.047351
0.284248
0.110023
0.047533
0.286375
0.101103
0.341129
0.158970
0.094674
0.110530
0.121106
0.199686
0.336307
0.236852
0.278121
0.237937
0.110647
0.214350
0.085706
0.353594
0.232928
0.008878
0.056406
0.148302
0.220163
0.285154
0.143048
0.083407
0.264329
0.090577
0.425709
0.196810
0.142857
0.310454
0.038808
0.260859
0.210803
0.340556
0.257267
0.242243
0.194460
0.238525
0.125007
0.317614
0.240051
0.219182
0.118124
0.064678
0.348913
0.197705
0.075069
0.052876
0.235809
0.115801
0.451738
0.186226
0.131756
0.320187
0.088001
0.210246
0.111258
0.346076
0.247227
0.152312
0.068674
0.244976
0.189737
0.195869
0.196485
0.186772
0.272409
0.071954
0.518313
0.169482
0.020850
0.080472
0.142877
0.068600
0.403858
0.146033
0.080728
0.305939
0.172153
0.100253
0.064419
0.454578
0.238685
0.019580
0.124644
0.262213
0.169423
0.202442
0.081209
0.171669
0.276941
0.047501
0.535579
0.091879
0.060707
0.186893
0.145337
0.194259
0.289359
0.089610
0.157080
0.435903
0.137430
0.087335
0.007214
0.445119
0.288355
0.077697
0.193921
0.266001
0.100412
0.298763
0.009440
0.291023
0.156454
0.142118
0.497373
0.024920
0.110136
0.217348
0.083669
0.281017
0.233513
0.105080
0.196168
0.432274
0.061436
0.101036
0.139704
0.480663
0.247022
0.100753
0.159878
0.242484
0.052149
0.354659
0.087005
0.293868
0.148070
0.291935
0.561358
0.032339
0.197937
0.111389
0.082125
0.445895
0.240323
0.073197
0.107136
0.190207
0.113367
0.157581
0.040764
0.554803
0.249940
0.129662
0.154370
0.245797
0.070273
0.276432
0.111694
0.266326
0.204152
0.318039
0.585672
0.181135
0.221445
0.122439
0.094370
0.474505
0.083934
0.104261
0.094979
0.050640
0.198865
0.185885
0.073870
0.670637
0.315260
0.078965
0.282403
0.189655
0.054914
0.268613
0.144413
0.249453
0.124894
0.193001
0.477625
0.279680
0.203454
0.103592
0.116438
0.344514
0.139481
0.222131
0.152090
0.074583
0.264605
0.179339
0.084403
0.510313
0.413554
0.149557
0.458551
0.115070
0.087559
0.286604
0.174014
0.222351
0.096914
0.186104
0.252297
0.218735
0.101198
0.047878
0.157593
0.233459
0.301828
0.154449
0.186141
0.041488
0.301474
0.111749
0.209618
0.301047
0.393448
0.113300
0.515395
0.106807
0.115470
0.226378
0.275701
0.157151
0.154827
0.213113
0.315101
0.019490
0.148493
0.142345
0.142783
0.180198
0.436576
0.063490
0.115704
0.071066
0.289207
0.092982
0.056949
0.234887
0.303118
0.129674
0.405978
0.096456
0.166571
0.080662
0.410808
0.188286
0.153268
0.152587
0.368203
0.099719
0.259585
0.141408
0.301646
0.166201
0.503314
0.054628
0.059365
0.092467
0.264178
0.152419
0.112835
0.184611
0.236686
0.186057
0.264480
0.038790
0.235497
0.098118
0.467987
0.200944
0.108525
0.093049
0.341320
0.085482
0.315074
0.090513
0.272927
0.122540
0.482224
0.084534
0.145807
0.052713
0.234761
0.328476
0.217041
0.180276
0.137426
0.247723
0.131131
0.070445
0.219818
0.194548
0.429025
0.155617
0.030547
0.094824
0.399757
0.077134
0.193616
0.125093
0.193267
0.084451
0.371356
0.140347
0.104705
0.068507
0.094676
0.377999
0.126809
0.234369
0.162181
0.266053
0.015660
0.205701
0.092454
0.210896
0.326061
0.211796
0.097766
0.083106
0.375139
0.116762
0.064522
0.203262
0.111419
0.101850
0.295550
0.139591
0.025694
0.094817
0.100989
0.312507
0.100714
0.343998
0.150900
0.302614
0.113957
0.184793
0.069601
0.300421
0.260255
0.185946
0.181798
0.142474
0.187752
0.259376
0.077188
0.208871
0.160505
0.046607
0.199007
0.058446
0.116778
0.058423
0.111736
0.269009
0.230370
0.429265
0.209429
0.380270
0.083111
0.150902
0.183490
0.381988
0.204122
0.082789
0.233713
0.187491
0.203131
0.187948
0.101894
0.141253
0.144263
0.161524
0.176513
0.131617
0.162128
0.039745
0.106418
0.367330
0.194651
0.580152
0.300455
0.342186
0.076602
0.240445
0.272477
0.365599
0.196193
0.118540
0.272439
0.201200
0.316392
0.165432
0.096249
0.051898
0.031248
0.174685
0.146799
0.049975
0.187186
0.077248
0.123314
0.265890
0.333263
0.560014
0.413783
0.328534
0.101477
0.282229
0.334295
0.275937
0.161976
0.211457
0.345268
0.100642
0.479701
0.156792
0.128875
0.063693
0.078786
0.200591
0.159946
0.076913
0.183904
0.072025
0.164536
0.095179
0.365710
0.340178
0.431943
0.194828
0.165571
0.338821
0.207216
0.247678
0.128167
0.214200
0.272509
0.045030
0.504498
0.235873
0.056674
0.134134
0.037615
0.193844
0.115238
0.217970
0.194914
0.013018
0.158862
0.125271
0.290205
0.231553
0.402349
0.035013
0.171485
0.339896
0.146870
0.114511
0.061123
0.182862
0.278651
0.134648
0.453785
0.311104
0.072925
0.205791
0.146915
0.141155
0.140985
0.280518
0.157533
0.097276
0.171325
0.187250
0.179017
0.227769
0.473069
0.200534
0.172635
0.254029
0.189992
0.054681
0.038238
0.142333
0.214030
0.194400
0.387005
0.216560
0.054090
0.269205
0.302823
0.182158
0.182844
0.177756
0.114624
0.096630
0.089973
0.232638
0.140268
0.173954
0.526292
0.223848
0.269819
0.115088
0.126898
0.129199
0.135310
0.179651
0.105481
0.221960
0.300701
0.180715
0.058036
0.233807
0.243868
0.145058
0.246691
0.161882
0.148803
0.069500
0.035009
0.195361
0.187502
0.118538
0.387624
0.268661
0.349346
0.088657
0.111822
0.205711
0.190325
0.200460
0.177383
0.231940
0.220026
0.224854
0.064380
0.156350
0.080108
0.141923
0.283518
0.210617
0.146911
0.061701
0.172154
0.093248
0.328737
0.145238
0.200222
0.402808
0.219192
0.081826
0.152875
0.307528
0.150211
0.183018
0.221191
0.184500
0.210297
0.092124
0.068477
0.213681
0.159777
0.141189
0.163850
0.147522
0.178024
0.117857
0.231624
0.117201
0.268734
0.281086
0.172338
0.477393
0.141153
0.165156
0.127669
0.404993
0.207762
0.112976
0.124743
0.113527
0.183846
0.148949
0.131281
0.301325
0.306662
0.238832
0.150151
0.074926
0.119663
0.180449
0.274096
0.125147
0.114021
0.263179
0.221543
0.555996
0.181056
0.232217
0.095876
0.418740
0.398652
0.109529
0.032459
0.049477
0.137983
0.330238
0.198353
0.272053
0.243654
0.265841
0.126815
0.102535
0.084390
0.168920
0.265796
0.205579
0.162924
0.279398
0.169682
0.661802
0.174215
0.155641
0.081185
0.409235
0.498645
0.050456
0.071081
0.048343
0.065343
0.356185
0.210971
0.120729
0.070580
0.234579
0.133993
0.073958
0.143866
0.077404
0.249079
0.143975
0.172823
0.313173
0.053071
0.680886
0.165475
0.075814
0.135860
0.338891
0.337658
0.056204
0.078439
0.008038
0.239977
0.412243
0.128817
0.057423
0.037459
0.216285
0.158295
0.123706
0.183565
0.062784
0.230782
0.220721
0.071618
0.397342
0.165253
0.521000
0.183740
0.230483
0.117449
0.291433
0.195890
0.119225
0.152144
0.088055
0.358936
0.406609
0.202913
0.108415
0.214585
0.204007
0.188890
0.295845
0.176390
0.214120
0.198744
0.325201
0.183563
0.365720
0.242780
0.346133
0.115517
0.376857
0.191292
0.294428
0.143679
0.078733
0.316102
0.101264
0.265251
0.229094
0.317025
0.191079
0.205623
0.108039
0.158197
0.344427
0.114201
0.215249
0.129137
0.421681
0.350190
0.258481
0.254248
0.257438
0.237466
0.293299
0.298435
0.232604
0.275244
0.200814
0.400069
0.082243
0.127338
0.180611
0.392419
0.267169
0.152255
0.058941
0.144494
0.277016
0.043223
0.105304
0.070456
0.478982
0.427289
0.196879
0.283450
0.236713
0.309506
0.078741
0.275019
0.179042
0.322812
0.193246
0.462557
0.020379
0.051726
0.138408
0.283966
0.217184
0.240708
0.044951
0.125705
0.238035
0.165128
0.023692
0.161521
0.467511
0.351221
0.246307
0.281705
0.386119
0.214408
0.063091
0.315041
0.176688
0.266452
0.076916
0.478559
0.027006
0.089801
0.065806
0.118304
0.157361
0.229512
0.046397
0.058053
0.276950
0.153656
0.021754
0.158886
0.367856
0.304663
0.105791
0.266674
0.472331
0.181072
0.079270
0.454185
0.068056
0.253358
0.109960
0.435540
0.174538
0.160570
0.170849
0.115137
0.168401
0.217326
0.080163
0.029383
0.247089
0.150285
0.008415
0.162472
0.261906
0.261618
0.099313
0.226390
0.452428
0.286030
0.029467
0.432473
0.087702
0.286217
0.119938
0.387280
0.178120
0.244135
0.167214
0.190089
0.134448
0.284961
0.101187
0.123718
0.170603
0.230238
0.024264
0.154643
0.102287
0.357508
0.133327
0.148867
0.453047
0.320491
0.045984
0.439833
0.288045
0.321158
0.118338
0.460841
0.109796
0.252417
0.107308
0.205438
0.076989
0.283202
0.084383
0.142723
0.113546
0.311841
0.108057
0.254801
0.163852
0.389961
0.126162
0.058738
0.697821
0.229167
0.035856
0.497502
0.336717
0.247632
0.121830
0.465521
0.152130
0.213354
0.214527
0.318122
0.050032
0.304659
0.112254
0.088888
0.120597
0.281098
0.275577
0.358241
0.274356
0.443613
0.182963
0.105076
0.765968
0.263717
0.079234
0.492135
0.359048
0.177459
0.125009
0.323199
0.212090
0.139094
0.268632
0.294590
0.100735
0.365038
0.190039
0.036133
0.165996
0.237282
0.272113
0.338633
0.211147
0.463272
0.232914
0.193320
0.644792
0.215955
0.155253
0.336892
0.365356
0.147182
0.098412
0.123137
0.317141
0.127143
0.385609
0.185012
0.217184
0.391225
0.185404
0.049540
0.245246
0.266570
0.170050
0.311601
0.191601
0.358650
0.195420
0.218342
0.553940
0.185436
0.156596
0.200771
0.318623
0.170205
0.078756
0.048203
0.307676
0.163837
0.430976
0.041930
0.258600
0.247434
0.062566
0.146011
0.109628
0.261813
0.143314
0.340540
0.278825
0.244785
0.168509
0.185173
0.525873
0.295469
0.227565
0.116059
0.219335
0.114152
0.048437
0.064282
0.264814
0.211080
0.345754
0.105411
0.245251
0.139819
0.199790
0.144025
0.095447
0.230493
0.103406
0.298081
0.257365
0.260109
0.235955
0.162997
0.485192
0.345200
0.264888
0.131309
0.287765
0.108297
0.195635
0.049001
0.226715
0.219116
0.209310
0.197956
0.272730
0.177994
0.248196
0.033971
0.018020
0.270268
0.127690
0.217803
0.134878
0.238029
0.148553
0.180435
0.389527
0.322148
0.104634
0.198716
0.368604
0.040898
0.315414
0.035441
0.223099
0.142064
0.130146
0.267616
0.283816
0.283017
0.133949
0.152655
0.126603
0.244753
0.132739
0.268111
0.204426
0.175992
0.162047
0.243201
0.248290
0.274855
0.063593
0.246278
0.258873
0.155201
0.338616
0.163532
0.190175
0.139738
0.090630
0.133786
0.236409
0.352669
0.130668
0.225500
0.158602
0.242025
0.072049
0.289935
0.322473
0.114538
0.169821
0.314037
0.247625
0.234625
0.123218
0.222408
0.238604
0.180429
0.363828
0.110183
0.070810
0.223805
0.168029
0.039053
0.114660
0.238535
0.200061
0.114848
0.048873
0.194129
0.069016
0.285725
0.212180
0.291430
0.173574
0.358226
0.228108
0.127205
0.278641
0.263990
0.237606
0.218638
0.387750
0.156831
0.131039
0.273473
0.262544
0.071957
0.124095
0.137821
0.276198
0.170768
0.104638
0.130829
0.189621
0.231114
0.034659
0.416809
0.262207
0.419232
0.153581
0.083184
0.397152
0.308829
0.174587
0.280657
0.298594
0.123921
0.310197
0.324791
0.219194
0.097895
0.161665
0.130705
0.287451
0.225762
0.220175
0.100043
0.217892
0.250622
0.125795
0.427876
0.346752
0.484326
0.125845
0.144355
0.425923
0.184316
0.258327
0.307720
0.125736
0.064156
0.233357
0.396194
0.225194
0.033119
0.134494
0.182168
0.314020
0.236298
0.234396
0.185810
0.097458
0.277124
0.111628
0.340758
0.328549
0.493573
0.207605
0.107366
0.342265
0.091899
0.389362
0.209622
0.167192
0.125246
0.102781
0.403840
0.236710
0.259877
0.036712
0.173548
0.272962
0.214761
0.176858
0.267212
0.175013
0.341485
0.157436
0.246248
0.301620
0.355446
0.314113
0.219431
0.242321
0.285760
0.309002
0.124883
0.181887
0.190868
0.132474
0.380199
0.240436
0.346876
0.115032
0.194248
0.191211
0.138059
0.135230
0.273639
0.289918
0.387620
0.294812
0.364036
0.272569
0.193475
0.372601
0.341207
0.240123
0.307372
0.276496
0.078766
0.187607
0.252775
0.241073
0.385094
0.178022
0.233239
0.090097
0.176534
0.099790
0.096121
0.070944
0.235232
0.191864
0.391947
0.388990
0.419582
0.134510
0.132503
0.429209
0.326554
0.371406
0.255701
0.322353
0.049162
0.240316
0.257156
0.273449
0.373790
0.041276
0.108498
0.182504
0.104562
0.101505
0.074212
0.081247
0.246531
0.152698
0.391356
0.386264
0.341736
0.134195
0.145784
0.651704
0.231534
0.431781
0.183244
0.279577
0.130029
0.295971
0.190065
0.231826
0.180991
0.053123
0.219085
0.182162
0.143546
0.180554
0.124831
0.116757
0.267208
0.179994
0.332083
0.296124
0.175923
0.236322
0.146218
0.758557
0.162362
0.358997
0.125249
0.212066
0.129146
0.292621
0.093091
0.157872
0.117289
0.039457
0.386597
0.106412
0.109121
0.245960
0.141872
0.160284
0.206551
0.239464
0.206363
0.253296
0.328905
0.292351
0.147631
0.660529
0.077237
0.289802
0.141951
0.238290
0.195983
0.261825
0.040824
0.160907
0.136638
0.051601
0.393702
0.085688
0.060785
0.265504
0.196821
0.221121
0.071507
0.261504
0.066676
0.182340
0.234613
0.232461
0.217169
0.523850
0.022861
0.234258
0.217081
0.243630
0.271296
0.233838
0.032000
0.159974
0.162510
0.154891
0.316984
0.079800
0.138843
0.307419
0.169405
0.219725
0.170208
0.324815
0.034329
0.126169
0.124924
0.230832
0.133343
0.382246
0.079834
0.071534
0.242417
0.332584
0.274922
0.188301
0.050824
0.066644
0.248766
0.213084
0.275631
0.121029
0.218039
0.371724
0.156510
0.178240
0.168951
0.222168
0.094008
0.143898
0.148703
0.295940
0.140325
0.241840
0.161518
0.163838
0.207202
0.458936
0.098872
0.111708
0.203383
0.119956
0.327810
0.248252
0.271343
0.148189
0.121253
0.356672
0.156387
0.167399
0.163533
0.052392
0.084339
0.252979
0.215661
0.448594
0.218479
0.078661
0.270687
0.302044
0.213738
0.437615
0.241475
0.112765
0.274756
0.025535
0.308686
0.208796
0.234409
0.097581
0.059051
0.381413
0.151773
0.123917
0.247598
0.035653
0.100768
0.277497
0.212044
0.516526
0.124104
0.026292
0.282575
0.325135
0.229085
0.385646
0.238462
0.045598
0.249595
0.108335
0.204287
0.256888
0.153944
0.050503
0.051108
0.256453
0.082247
0.115432
0.324834
0.081769
0.123239
0.209113
0.206131
0.457821
0.084076
0.020671
0.127273
0.218772
0.174838
0.278261
0.144976
0.133483
0.299679
0.320243
0.136492
0.302013
0.083761
0.035308
0.122081
0.154981
0.183810
0.163212
0.234964
0.148254
0.166556
0.206401
0.235775
0.344264
0.026471
0.119596
0.171457
0.232592
0.113012
0.253938
0.162397
0.144126
0.290029
0.362856
0.119695
0.232740
0.104839
0.039583
0.217193
0.153543
0.053296
0.254253
0.186016
0.212985
0.165747
0.268924
0.189998
0.269787
0.105068
0.326102
0.247524
0.295421
0.138297
0.229014
0.100634
0.075568
0.174950
0.302101
0.191840
0.173086
0.152827
0.149471
0.107001
0.333168
0.171520
0.218264
0.230438
0.146979
0.132514
0.228495
0.095768
0.143946
0.077091
0.417585
0.297049
0.295255
0.122041
0.165629
0.073598
0.167395
0.167063
0.209146
0.199861
0.153071
0.097362
0.196135
0.023138
0.463001
0.258808
0.191379
0.297292
0.182108
0.103040
0.155826
0.072643
0.060066
0.044904
0.414966
0.257982
0.347883
0.026117
0.087867
0.098124
0.299714
0.179260
0.185040
0.148975
0.087266
0.118447
0.171021
0.037442
0.423750
0.223497
0.216566
0.249623
0.329791
0.041025
0.127521
0.157237
0.080176
0.100959
0.376740
0.215079
0.333933
0.181361
0.034663
0.197210
0.297417
0.096445
0.375171
0.097726
0.152843
0.131603
0.185438
0.149457
0.391728
0.271955
0.202511
0.155563
0.433813
0.029296
0.150993
0.161675
0.193251
0.111491
0.323431
0.145315
0.277161
0.150659
0.188028
0.206936
0.261594
0.078223
0.306808
0.097708
0.223578
0.199055
0.221196
0.210387
0.297418
0.324611
0.210617
0.087103
0.304637
0.128373
0.178178
0.145924
0.188018
0.169396
0.254915
0.060257
0.200047
0.188136
0.221775
0.217316
0.219290
0.119386
0.081632
0.008642
0.103767
0.299013
0.131403
0.174775
0.205994
0.207546
0.179250
0.103278
0.259571
0.180318
0.181755
0.076098
0.095353
0.092846
0.266887
0.111218
0.136071
0.158587
0.153211
0.167099
0.206333
0.124746
0.019759
0.068878
0.032668
0.339618
0.037051
0.117909
0.147461
0.091112
0.072184
0.188190
0.169548
0.155351
0.169616
0.072624
0.158294
0.177969
0.291178
0.282611
0.171683
0.218651
0.271386
0.170053
0.143967
0.105309
0.058329
0.207913
0.081445
0.270576
0.054454
0.192816
0.160554
0.160117
0.133664
0.328058
0.082415
0.071769
0.211727
0.119688
0.189294
0.174861
0.230439
0.322745
0.046278
0.217684
0.416313
0.083085
0.143847
0.070287
0.259349
0.288062
0.166568
0.172728
0.103063
0.242235
0.123889
0.201778
0.203666
0.317784
0.026930
0.035469
0.175574
0.191420
0.199184
0.148304
0.188405
0.274068
0.062499
0.164549
0.366546
0.106419
0.165227
0.091543
0.296063
0.351901
0.155294
0.133925
0.064688
0.177703
0.096260
0.169446
0.289249
0.256735
0.034235
0.075956
0.230074
0.312293
0.242931
0.216525
0.252060
0.287719
0.103893
0.204259
0.298429
0.118798
0.053580
0.143023
0.073577
0.351736
0.150595
0.139539
0.074947
0.020269
0.100898
0.182174
0.412302
0.215994
0.181473
0.069029
0.215055
0.333980
0.245732
0.284719
0.452684
0.323168
0.329003
0.258270
0.345544
0.143835
0.111987
0.214357
0.071468
0.307663
0.125622
0.188239
0.143232
0.054727
0.104043
0.175849
0.459516
0.167132
0.367004
0.096876
0.186997
0.135244
0.292642
0.290291
0.517173
0.300929
0.414725
0.254813
0.314682
0.281722
0.184147
0.215388
0.136841
0.221111
0.091305
0.221107
0.203683
0.148139
0.131688
0.146664
0.292648
0.087083
0.454386
0.197394
0.180779
0.168277
0.401032
0.212756
0.467988
0.267405
0.469354
0.238445
0.385164
0.299173
0.242273
0.208717
0.036710
0.220030
0.028851
0.178887
0.262208
0.195122
0.167368
0.207204
0.118937
0.135986
0.375546
0.242852
0.130931
0.130299
0.487510
0.140957
0.356779
0.187498
0.477166
0.334749
0.403600
0.142750
0.260706
0.203321
0.067639
0.174115
0.094810
0.161501
0.187536
0.226029
0.130584
0.218829
0.143516
0.165542
0.398016
0.216275
0.062334
0.143038
0.505333
0.147417
0.280100
0.137218
0.454254
0.212845
0.362057
0.090798
0.195882
0.201017
0.110384
0.072442
0.090999
0.121750
0.055031
0.197668
0.158684
0.337810
0.156193
0.158331
0.275447
0.163203
0.038231
0.127464
0.462073
0.110005
0.198289
0.143904
0.304975
0.028577
0.346625
0.182997
0.109861
0.135223
0.201103
0.046105
0.092771
0.041007
0.070001
0.157111
0.241831
0.327378
0.027848
0.180566
0.157554
0.178761
0.038863
0.086969
0.424985
0.171591
0.109917
0.133098
0.229786
0.081898
0.315557
0.159248
0.101152
0.074575
0.196311
0.022751
0.064514
0.066005
0.042897
0.141918
0.235341
0.271097
0.229613
0.250778
0.124577
0.246441
0.031713
0.075172
0.324342
0.226337
0.123049
0.190117
0.166555
0.093442
0.197668
0.064608
0.141735
0.087259
0.374621
0.041042
0.171988
0.151802
0.092012
0.189397
0.160657
0.270135
0.284051
0.246154
0.021536
0.270945
0.145437
0.112649
0.157837
0.207431
0.111460
0.190358
0.064234
0.066983
0.029659
0.103206
0.120134
0.069959
0.354884
0.102828
0.186108
0.196205
0.138841
0.268562
0.195706
0.211978
0.200557
0.257117
0.116005
0.170717
0.252369
0.167354
0.111983
0.242588
0.154095
0.122061
0.312588
0.131100
0.172381
0.170516
0.035356
0.154874
0.257281
0.225955
0.136207
0.209298
0.142585
0.153724
0.177034
0.253615
0.194008
0.227456
0.157971
0.164335
0.272677
0.094490
0.189870
0.174197
0.161011
0.167533
0.512818
0.191552
0.200228
0.305623
0.133688
0.134046
0.290026
0.224722
0.146446
0.238038
0.130093
0.138625
0.043261
0.286560
0.285291
0.152955
0.231696
0.060156
0.207600
0.061256
0.337418
0.134347
0.178780
0.171093
0.587967
0.133367
0.209482
0.274144
0.128461
0.120700
0.334154
0.175788
0.137532
0.270599
0.069884
0.179673
0.172634
0.303270
0.254051
0.184865
0.209335
0.090259
0.146706
0.074297
0.555780
0.034335
0.214485
0.216986
0.457284
0.080364
0.271384
0.122935
0.156141
0.129147
0.211955
0.186653
0.090625
0.291466
0.084684
0.144729
0.158013
0.278528
0.179884
0.215983
0.274041
0.204925
0.116902
0.167102
