# G_5, p = 0.0000 GPa (dir_0.0_bar).
# D8R-only: 60 rings x 101 frames = 6060 samples.
# Column: per-D8R Delta [A]
0.025054
0.020288
0.015531
0.013182
0.022390
0.024993
0.020399
0.015749
0.013174
0.022443
0.025704
0.020517
0.015627
0.012990
0.022504
0.025278
0.020707
0.015556
0.013069
0.022881
0.025790
0.020353
0.015709
0.013205
0.022570
0.025481
0.020397
0.015661
0.013270
0.022405
0.024854
0.020735
0.015652
0.013033
0.022799
0.025142
0.020492
0.015568
0.012995
0.022533
0.024892
0.020842
0.015703
0.013182
0.022733
0.025096
0.020470
0.015541
0.013002
0.022877
0.025408
0.020173
0.015569
0.013048
0.022466
0.025777
0.020490
0.015801
0.013216
0.022395
0.084343
0.193801
0.097192
0.117782
0.178671
0.101699
0.093660
0.119354
0.074608
0.102934
0.149298
0.044312
0.128619
0.104814
0.086477
0.050113
0.011226
0.014794
0.053939
0.080146
0.100469
0.137406
0.024603
0.080241
0.020646
0.098342
0.097977
0.051649
0.022610
0.006114
0.023127
0.045457
0.079813
0.102461
0.124273
0.038804
0.024422
0.124119
0.130252
0.110903
0.062437
0.215855
0.142038
0.088996
0.088534
0.105472
0.063045
0.044456
0.009353
0.071320
0.065810
0.109268
0.140263
0.131144
0.079105
0.035937
0.043507
0.019768
0.064540
0.062388
0.167166
0.262182
0.060912
0.274694
0.277054
0.167751
0.080576
0.108919
0.240149
0.146780
0.305832
0.105365
0.102421
0.037287
0.106603
0.071323
0.099659
0.153160
0.146681
0.106069
0.124253
0.252082
0.079722
0.164056
0.084945
0.170939
0.101411
0.061220
0.027699
0.075113
0.064308
0.144051
0.131465
0.152108
0.151885
0.114312
0.107810
0.183826
0.261655
0.167121
0.088623
0.384736
0.232420
0.118649
0.227351
0.151220
0.077513
0.144017
0.021466
0.088475
0.084639
0.163216
0.153747
0.330818
0.177216
0.133123
0.124451
0.106659
0.051153
0.133918
0.291699
0.253775
0.171306
0.331053
0.234923
0.206565
0.050541
0.014063
0.275386
0.338507
0.374663
0.099445
0.075770
0.308970
0.113134
0.026119
0.108625
0.165810
0.171204
0.086938
0.122664
0.266024
0.124940
0.228184
0.183680
0.227062
0.044476
0.085341
0.081251
0.135261
0.120561
0.254828
0.141798
0.192498
0.169370
0.212715
0.334574
0.231144
0.356345
0.223134
0.078727
0.376529
0.183258
0.208903
0.286491
0.173148
0.107323
0.132057
0.056347
0.173327
0.061423
0.254416
0.035216
0.443817
0.207143
0.223887
0.162209
0.231041
0.189158
0.140392
0.251166
0.296151
0.345045
0.254864
0.193027
0.264766
0.051306
0.057611
0.174090
0.394146
0.347372
0.242772
0.203368
0.463402
0.163539
0.122463
0.077571
0.068402
0.210538
0.167533
0.228079
0.237047
0.081974
0.296017
0.138982
0.143238
0.056419
0.225736
0.186740
0.129707
0.297551
0.358805
0.196632
0.216787
0.171543
0.273081
0.510990
0.362608
0.357013
0.286747
0.075233
0.239221
0.158441
0.225058
0.367881
0.296803
0.180990
0.167537
0.099654
0.262418
0.229279
0.434342
0.131627
0.422506
0.234764
0.256355
0.205624
0.266276
0.236498
0.178155
0.063832
0.300336
0.408066
0.263307
0.299713
0.292082
0.076181
0.083268
0.200406
0.391149
0.377069
0.390398
0.331613
0.417268
0.216998
0.176335
0.126289
0.112078
0.275491
0.187041
0.239723
0.267591
0.087968
0.316992
0.036888
0.184076
0.191793
0.322076
0.294177
0.098529
0.416258
0.450171
0.167096
0.265997
0.123239
0.416551
0.392393
0.471977
0.291969
0.261029
0.094644
0.104363
0.269859
0.173148
0.432993
0.245449
0.242505
0.189281
0.116024
0.269872
0.295160
0.447853
0.193927
0.358459
0.161708
0.276749
0.180921
0.228475
0.315811
0.149414
0.025872
0.247610
0.393185
0.148002
0.243295
0.360434
0.154557
0.180631
0.258317
0.443478
0.505567
0.221266
0.332002
0.288805
0.320795
0.113558
0.095753
0.132893
0.234885
0.112353
0.131607
0.243659
0.167477
0.262302
0.078812
0.296099
0.361645
0.214788
0.266537
0.018044
0.398086
0.453769
0.070721
0.243770
0.021007
0.250650
0.165420
0.585979
0.290637
0.224002
0.122266
0.147839
0.396931
0.113467
0.461514
0.131664
0.256358
0.292693
0.166173
0.176200
0.295245
0.337015
0.235698
0.246785
0.120898
0.283215
0.159734
0.286898
0.267736
0.226045
0.077824
0.230220
0.428259
0.090445
0.073884
0.389924
0.170791
0.188449
0.386264
0.468645
0.567361
0.100726
0.442059
0.280393
0.324153
0.096617
0.034746
0.187441
0.268154
0.038997
0.117844
0.179603
0.194684
0.226889
0.140655
0.175173
0.340213
0.079779
0.200495
0.069493
0.420772
0.423943
0.116641
0.220553
0.049754
0.185708
0.108282
0.625369
0.271501
0.216804
0.181469
0.268545
0.402549
0.069293
0.419427
0.077884
0.232927
0.346986
0.170743
0.211179
0.244381
0.373370
0.292942
0.239744
0.275257
0.163433
0.131386
0.313926
0.252955
0.245056
0.195870
0.329167
0.413760
0.141257
0.089024
0.403494
0.262164
0.116739
0.358173
0.413284
0.549386
0.235605
0.507412
0.365038
0.298739
0.067142
0.084656
0.325037
0.372578
0.097834
0.141895
0.170368
0.246985
0.297971
0.149750
0.124298
0.175197
0.046881
0.273310
0.144850
0.422404
0.357213
0.068951
0.240700
0.168729
0.133410
0.061741
0.516815
0.219364
0.213663
0.216796
0.392610
0.350326
0.031829
0.321701
0.158847
0.224597
0.338511
0.129703
0.143106
0.178717
0.492693
0.292413
0.335629
0.382364
0.159807
0.319816
0.359816
0.179821
0.192252
0.177159
0.358752
0.443576
0.122782
0.215988
0.564203
0.299816
0.148011
0.235291
0.292455
0.552082
0.289598
0.472748
0.385495
0.243271
0.087024
0.099125
0.348233
0.285504
0.278869
0.224945
0.211803
0.231341
0.362052
0.140609
0.051153
0.144493
0.138729
0.201838
0.268886
0.372081
0.340391
0.136781
0.279149
0.241084
0.084257
0.057237
0.358953
0.159570
0.173208
0.269004
0.318758
0.396598
0.048720
0.357822
0.288100
0.351907
0.342811
0.151430
0.069272
0.189148
0.433020
0.345459
0.424853
0.356990
0.125163
0.345749
0.366410
0.225522
0.164531
0.072624
0.218843
0.401403
0.226522
0.233619
0.632419
0.366303
0.104490
0.168454
0.323793
0.503791
0.404494
0.283853
0.267803
0.261545
0.155561
0.143592
0.217698
0.188648
0.266259
0.239263
0.125467
0.218059
0.358646
0.095301
0.125907
0.122672
0.297574
0.093010
0.243993
0.339970
0.327124
0.230310
0.242482
0.267740
0.100597
0.094177
0.229218
0.290070
0.130983
0.292483
0.296126
0.376105
0.032831
0.398467
0.267738
0.356199
0.356529
0.171648
0.109030
0.247627
0.353535
0.377963
0.307292
0.219114
0.099831
0.274357
0.355485
0.259744
0.210667
0.059130
0.144753
0.377230
0.214912
0.212193
0.481580
0.346191
0.072005
0.186487
0.389991
0.327660
0.320253
0.159644
0.168874
0.267167
0.248690
0.174205
0.056428
0.227649
0.170772
0.234455
0.126170
0.194806
0.267881
0.021629
0.136687
0.166851
0.352553
0.181357
0.229872
0.297630
0.330195
0.222489
0.160743
0.254846
0.034006
0.158954
0.153365
0.286825
0.056429
0.268824
0.235274
0.314499
0.097189
0.387978
0.255855
0.308092
0.272489
0.200516
0.070580
0.208523
0.426404
0.432211
0.207829
0.153499
0.163792
0.263370
0.271414
0.207170
0.274119
0.109883
0.035533
0.258042
0.222130
0.163752
0.325875
0.158922
0.022247
0.131680
0.363633
0.174301
0.113832
0.165634
0.225199
0.250297
0.426511
0.202475
0.041309
0.228691
0.198427
0.335592
0.109641
0.068574
0.185753
0.111951
0.130663
0.156609
0.224216
0.256629
0.298511
0.299813
0.308952
0.091325
0.204025
0.267031
0.036224
0.220360
0.097214
0.197895
0.053979
0.239448
0.120305
0.187240
0.142409
0.354897
0.286897
0.214752
0.161466
0.218534
0.102606
0.133164
0.464633
0.398128
0.216665
0.110198
0.214418
0.276271
0.177303
0.138773
0.272788
0.123985
0.034303
0.211326
0.136653
0.218673
0.339816
0.164177
0.077364
0.169813
0.153587
0.145119
0.015123
0.189736
0.263401
0.233476
0.516507
0.162854
0.131692
0.211493
0.154055
0.367197
0.048899
0.014277
0.147703
0.145450
0.076179
0.228003
0.194500
0.221693
0.394421
0.288611
0.225122
0.095936
0.235159
0.208305
0.066478
0.271933
0.151271
0.168609
0.075376
0.213982
0.119903
0.129767
0.182407
0.350945
0.279929
0.150592
0.116690
0.131063
0.155852
0.066906
0.334962
0.310930
0.340786
0.060286
0.325040
0.344060
0.095918
0.071507
0.223816
0.131701
0.051936
0.292344
0.079562
0.329456
0.388156
0.063524
0.074300
0.200617
0.082435
0.126103
0.090998
0.153481
0.183497
0.275519
0.437988
0.149914
0.233193
0.260996
0.077600
0.292169
0.034617
0.108064
0.141646
0.186884
0.118443
0.304872
0.124916
0.220005
0.362445
0.261223
0.171165
0.044602
0.327495
0.326745
0.054706
0.292058
0.185358
0.141405
0.095468
0.194076
0.275856
0.103867
0.202316
0.278210
0.282237
0.116602
0.066131
0.034317
0.159974
0.086978
0.270474
0.295187
0.344339
0.079547
0.425186
0.429110
0.093954
0.059492
0.193333
0.152834
0.022410
0.343950
0.154112
0.376322
0.300662
0.098440
0.085067
0.223892
0.081385
0.195448
0.141337
0.033393
0.094888
0.174137
0.318314
0.152451
0.272889
0.289832
0.014884
0.216844
0.076667
0.199879
0.063017
0.174633
0.088876
0.241269
0.080883
0.253183
0.305136
0.273922
0.149947
0.065066
0.373955
0.454471
0.064203
0.352069
0.181520
0.049364
0.122299
0.192577
0.303364
0.059967
0.259344
0.200888
0.207617
0.182869
0.027642
0.089267
0.178220
0.120683
0.323877
0.273341
0.367490
0.132392
0.418899
0.375849
0.146195
0.067452
0.139974
0.264512
0.093560
0.175602
0.142897
0.343232
0.084290
0.115988
0.208591
0.311089
0.124733
0.172446
0.199252
0.038318
0.087395
0.144200
0.301569
0.228237
0.236004
0.302730
0.054177
0.287609
0.075545
0.142819
0.049093
0.129777
0.024328
0.251209
0.108697
0.155482
0.309526
0.188823
0.249489
0.046104
0.389019
0.312835
0.086953
0.333007
0.189376
0.120286
0.190902
0.143210
0.219827
0.090306
0.297939
0.108410
0.058630
0.220298
0.093605
0.163182
0.161616
0.099999
0.257586
0.302147
0.270048
0.145458
0.410813
0.267328
0.216274
0.089897
0.066725
0.340034
0.167755
0.040759
0.084647
0.190574
0.046895
0.107936
0.304951
0.393852
0.131218
0.206169
0.209294
0.049928
0.088009
0.184508
0.346522
0.315314
0.222162
0.308193
0.083250
0.385312
0.129818
0.184842
0.079945
0.070205
0.172880
0.362503
0.028788
0.062653
0.325087
0.068966
0.222829
0.059360
0.314858
0.114904
0.134311
0.471836
0.240119
0.155643
0.229405
0.268730
0.151087
0.176470
0.255231
0.029955
0.159394
0.162802
0.127969
0.292498
0.077210
0.117331
0.161262
0.227794
0.220785
0.147795
0.393297
0.260343
0.234377
0.151149
0.098865
0.354774
0.313526
0.214332
0.059676
0.155122
0.096798
0.051064
0.304718
0.497072
0.158593
0.333675
0.157716
0.124124
0.125412
0.175687
0.367637
0.328984
0.246377
0.267749
0.172125
0.470155
0.188794
0.113288
0.051902
0.150863
0.255676
0.403956
0.128621
0.142444
0.298364
0.082263
0.142689
0.175705
0.230898
0.104232
0.124378
0.542569
0.427395
0.184883
0.353916
0.277761
0.172744
0.204240
0.207301
0.095277
0.289958
0.123644
0.099231
0.367186
0.059204
0.118753
0.318079
0.113519
0.148792
0.266726
0.341811
0.261466
0.187478
0.163871
0.100413
0.220781
0.361796
0.281608
0.093836
0.290084
0.107531
0.069678
0.264422
0.456384
0.164809
0.371575
0.210226
0.225892
0.272104
0.165126
0.376292
0.239684
0.180369
0.176778
0.238944
0.461396
0.166658
0.143005
0.089028
0.089115
0.280858
0.348645
0.173860
0.085493
0.311114
0.095839
0.083920
0.261406
0.145563
0.200357
0.113953
0.430404
0.553237
0.241840
0.314469
0.200471
0.142683
0.238385
0.134458
0.167461
0.225835
0.134833
0.099981
0.387964
0.067388
0.098254
0.367349
0.124063
0.212905
0.379582
0.293253
0.166536
0.154899
0.060974
0.104717
0.133327
0.333412
0.261932
0.079113
0.373166
0.028290
0.173508
0.213463
0.312186
0.188970
0.295176
0.221342
0.241234
0.379723
0.117167
0.349522
0.132572
0.090139
0.153003
0.282828
0.404718
0.130017
0.208351
0.162795
0.000909
0.314079
0.209662
0.234264
0.164413
0.324899
0.127102
0.108075
0.189635
0.070134
0.204362
0.094792
0.257406
0.454622
0.325361
0.263212
0.154686
0.095180
0.277300
0.112119
0.163832
0.147225
0.119904
0.076276
0.282779
0.038196
0.092082
0.424882
0.201543
0.197292
0.385464
0.257913
0.053035
0.213775
0.120060
0.134372
0.085051
0.249046
0.225653
0.053046
0.228009
0.093018
0.289882
0.147346
0.232258
0.248077
0.188839
0.245643
0.198995
0.291309
0.049738
0.250187
0.112304
0.069909
0.122471
0.255795
0.306469
0.134872
0.215306
0.187151
0.058617
0.259348
0.029885
0.232318
0.264719
0.217864
0.200615
0.205023
0.188786
0.040452
0.228884
0.100097
0.110763
0.380350
0.334897
0.291428
0.337147
0.171850
0.348898
0.069578
0.244543
0.045529
0.193053
0.075667
0.142813
0.052816
0.179315
0.325789
0.160428
0.090028
0.210735
0.297587
0.128946
0.256560
0.204282
0.147715
0.107194
0.227812
0.368934
0.055464
0.040218
0.158049
0.386037
0.107112
0.171257
0.204731
0.220442
0.309543
0.183067
0.127217
0.133604
0.032768
0.146340
0.070091
0.106662
0.255298
0.291031
0.116901
0.126421
0.237564
0.116786
0.231555
0.163691
0.159017
0.184018
0.171211
0.316976
0.318508
0.140612
0.105267
0.268311
0.053757
0.109739
0.424064
0.190559
0.372515
0.508422
0.141806
0.415068
0.025886
0.262066
0.072877
0.174774
0.104770
0.034214
0.068079
0.314606
0.174864
0.189192
0.086588
0.216382
0.414934
0.163615
0.226060
0.348143
0.195394
0.106953
0.179433
0.545560
0.015697
0.155366
0.220315
0.330512
0.043920
0.193185
0.023825
0.364482
0.287620
0.128393
0.086295
0.158132
0.101732
0.149614
0.164663
0.246646
0.170651
0.262327
0.152571
0.118764
0.258589
0.088141
0.184000
0.281075
0.128725
0.195460
0.174840
0.316485
0.330740
0.109942
0.124258
0.327381
0.113277
0.134112
0.402618
0.109490
0.306707
0.548998
0.216342
0.440059
0.057503
0.205335
0.184134
0.194471
0.094181
0.089848
0.083413
0.238348
0.131169
0.247917
0.095268
0.053661
0.357641
0.207540
0.073737
0.389909
0.117249
0.104522
0.155294
0.572342
0.070112
0.252412
0.145964
0.286384
0.089988
0.215897
0.031316
0.408849
0.228923
0.100330
0.112246
0.091991
0.153498
0.114920
0.120373
0.306257
0.111616
0.196429
0.213677
0.117322
0.289768
0.075487
0.192251
0.290904
0.154358
0.145432
0.195089
0.269630
0.295215
0.221691
0.075601
0.282544
0.224200
0.128573
0.235383
0.079960
0.265087
0.496664
0.181799
0.375964
0.167925
0.222117
0.230967
0.178690
0.045759
0.068477
0.250095
0.177843
0.126848
0.259489
0.045655
0.149152
0.230688
0.290374
0.109760
0.279763
0.084442
0.061820
0.166417
0.415818
0.080527
0.268773
0.119684
0.188212
0.112575
0.185137
0.170365
0.260247
0.182649
0.215187
0.169820
0.135003
0.189190
0.124115
0.061952
0.398904
0.155142
0.116168
0.115528
0.192444
0.305394
0.064676
0.218070
0.268487
0.082934
0.094733
0.281051
0.212502
0.328507
0.310243
0.051730
0.207605
0.324235
0.039247
0.145615
0.185320
0.331783
0.485844
0.028335
0.208079
0.153010
0.188310
0.213540
0.083300
0.044914
0.032243
0.224117
0.231711
0.031885
0.203702
0.088274
0.213538
0.264195
0.323651
0.043583
0.229487
0.249112
0.063160
0.114877
0.234644
0.250390
0.211485
0.148678
0.053465
0.119587
0.090861
0.269841
0.069345
0.240016
0.328994
0.078282
0.232587
0.245978
0.116026
0.008832
0.248534
0.114010
0.143037
0.082142
0.231594
0.281482
0.024400
0.225596
0.260229
0.033466
0.231609
0.312619
0.181235
0.284034
0.349756
0.042413
0.145812
0.301166
0.285777
0.159000
0.219801
0.319600
0.420185
0.106617
0.057208
0.150573
0.179303
0.184547
0.098477
0.137430
0.080235
0.168793
0.305230
0.071180
0.170647
0.089727
0.203041
0.173008
0.372529
0.008570
0.289808
0.221916
0.072759
0.054342
0.257118
0.425647
0.234088
0.178564
0.176685
0.061184
0.140208
0.236360
0.015812
0.304785
0.241400
0.158366
0.190261
0.246147
0.151475
0.097227
0.232480
0.045195
0.144792
0.154151
0.206654
0.240472
0.121394
0.184308
0.230695
0.067452
0.332755
0.402530
0.132443
0.183340
0.281255
0.013244
0.142145
0.279390
0.407280
0.125033
0.247858
0.131252
0.174875
0.167736
0.053661
0.228783
0.216468
0.146969
0.145344
0.134722
0.130078
0.186600
0.342600
0.082775
0.214021
0.097713
0.287860
0.153093
0.468558
0.080614
0.356211
0.158115
0.116020
0.123462
0.240554
0.435189
0.318350
0.214162
0.129516
0.154867
0.190868
0.172191
0.143316
0.351008
0.091497
0.113687
0.032849
0.254360
0.202430
0.128707
0.336074
0.041929
0.046662
0.093847
0.198111
0.199265
0.145396
0.151215
0.186230
0.063879
0.211622
0.514642
0.125520
0.111425
0.270275
0.118562
0.229199
0.355604
0.388581
0.144742
0.274968
0.061977
0.113373
0.121024
0.052733
0.256252
0.158214
0.234275
0.188973
0.065348
0.176732
0.161503
0.339018
0.030379
0.141035
0.187735
0.356127
0.184158
0.488494
0.139094
0.316410
0.187410
0.211969
0.094503
0.094211
0.334884
0.306529
0.180874
0.118557
0.180360
0.132476
0.232587
0.181293
0.241802
0.057697
0.055874
0.146088
0.288844
0.203933
0.298085
0.332798
0.122832
0.092267
0.116861
0.196147
0.185864
0.064578
0.095626
0.150617
0.050649
0.145345
0.499810
0.163923
0.149298
0.213226
0.172107
0.277678
0.337706
0.336295
0.273119
0.285189
0.004828
0.115785
0.064228
0.090275
0.206856
0.064846
0.190963
0.118650
0.142706
0.142691
0.123336
0.330126
0.037838
0.109962
0.293316
0.344924
0.203440
0.373961
0.153664
0.222160
0.106766
0.184498
0.053283
0.118239
0.335986
0.179437
0.155747
0.227154
0.045077
0.053482
0.171891
0.081325
0.138709
0.056034
0.145012
0.057286
0.336041
0.193311
0.346140
0.258046
0.200966
0.171943
0.104445
0.306737
0.147022
0.096948
0.100048
0.132762
0.053572
0.237322
0.368822
0.112227
0.259611
0.253445
0.179862
0.299886
0.226135
0.353636
0.326632
0.293365
0.136580
0.185573
0.090279
0.242908
0.214207
0.186335
0.093050
0.103244
0.106671
0.138998
0.181679
0.171015
0.081667
0.206377
0.304735
0.177394
0.220509
0.334454
0.134598
0.154734
0.112740
0.108151
0.090960
0.192974
0.250093
0.160738
0.140797
0.230912
0.024101
0.223302
0.231750
0.105065
0.059086
0.131343
0.135428
0.103293
0.307602
0.186453
0.264125
0.226318
0.218038
0.288546
0.251318
0.369541
0.216463
0.114547
0.079424
0.106844
0.083518
0.193798
0.314891
0.077747
0.294523
0.367595
0.213496
0.294354
0.223622
0.396618
0.305389
0.205241
0.132056
0.119359
0.152764
0.320219
0.158086
0.218931
0.071565
0.100166
0.125580
0.085739
0.187914
0.055644
0.199395
0.317449
0.368477
0.125806
0.274233
0.448464
0.114746
0.195562
0.093818
0.173299
0.143451
0.258911
0.137758
0.199216
0.107760
0.206945
0.005160
0.318593
0.253685
0.102919
0.034840
0.163270
0.164836
0.051538
0.275489
0.276458
0.199836
0.125718
0.198826
0.411472
0.206278
0.314052
0.165660
0.135720
0.060239
0.133357
0.074795
0.116616
0.395742
0.129738
0.261321
0.348178
0.253048
0.194262
0.259306
0.363864
0.394459
0.209742
0.117225
0.257665
0.148627
0.244839
0.147053
0.191543
0.084483
0.066507
0.177693
0.159587
0.025867
0.116820
0.132223
0.354279
0.467195
0.152373
0.309442
0.565344
0.143554
0.360923
0.091670
0.250697
0.111535
0.294629
0.145363
0.231295
0.202928
0.265801
0.051746
0.306353
0.141751
0.157319
0.020720
0.134903
0.213903
0.154976
0.341258
0.438843
0.115827
0.086117
0.115381
0.372856
0.107835
0.226936
0.076129
0.190883
0.155301
0.289056
0.095641
0.114321
0.449214
0.147201
0.308031
0.266314
0.158513
0.109415
0.180244
0.305093
0.420872
0.149194
0.226297
0.271233
0.145832
0.252095
0.090677
0.320742
0.181622
0.108911
0.129739
0.185544
0.166783
0.212896
0.171225
0.308479
0.445102
0.213659
0.287714
0.507755
0.213771
0.388792
0.102831
0.178220
0.074679
0.251537
0.267146
0.182212
0.207490
0.307690
0.092124
0.261784
0.025847
0.221904
0.066720
0.066874
0.327817
0.136116
0.397050
0.377576
0.078436
0.130223
0.161807
0.302043
0.025244
0.235085
0.029494
0.297820
0.153476
0.240215
0.034919
0.103038
0.362363
0.147697
0.113830
0.185781
0.049219
0.140134
0.208134
0.232808
0.227116
0.262165
0.357726
0.354594
0.107523
0.291352
0.090750
0.427529
0.238831
0.120675
0.165838
0.270365
0.151177
0.347653
0.130058
0.314094
0.200698
0.246358
0.148271
0.393056
0.227223
0.426158
0.077617
0.123824
0.101703
0.229737
0.343296
0.051345
0.159562
0.179817
0.149651
0.371378
0.077018
0.226203
0.085720
0.018142
0.215669
0.150769
0.450095
0.203578
0.175642
0.114958
0.146530
0.295326
0.037015
0.236382
0.061174
0.315532
0.163747
0.147742
0.128720
0.072301
0.384935
0.156182
0.218656
0.168605
0.052209
0.115388
0.229257
0.212253
0.210070
0.317245
0.438210
0.516022
0.149081
0.193104
0.228534
0.395366
0.274613
0.181509
0.180838
0.302508
0.090889
0.420815
0.161163
0.401275
0.056824
0.229833
0.125328
0.269868
0.177053
0.426099
0.074644
0.091461
0.123679
0.203333
0.284343
0.034024
0.147288
0.180218
0.062625
0.305713
0.015043
0.217308
0.263752
0.023438
0.104852
0.103642
0.402282
0.131641
0.211368
0.212760
0.103491
0.333919
0.090921
0.173978
0.037507
0.175447
0.147128
0.086569
0.131666
0.131481
0.326398
0.119345
0.291067
0.322641
0.109209
0.091705
0.165981
0.107038
0.419672
0.398495
0.452731
0.614565
0.289713
0.127260
0.234678
0.416811
0.315851
0.101327
0.098364
0.127704
0.119607
0.321341
0.253282
0.366204
0.020612
0.274856
0.300398
0.186827
0.088386
0.440582
0.040158
0.046026
0.112218
0.141657
0.262096
0.032055
0.149853
0.255622
0.064438
0.250989
0.026073
0.283652
0.327355
0.095792
0.052088
0.029497
0.292163
0.060021
0.092457
0.273935
0.105665
0.372432
0.054099
0.018835
0.088032
0.105487
0.181599
0.096679
0.098993
0.118866
0.189394
0.032544
0.342526
0.419914
0.163598
0.123109
0.053290
0.015828
0.495303
0.487349
0.460718
0.616430
0.348921
0.160701
0.137599
0.537033
0.243400
0.149737
0.105239
0.060627
0.154845
0.312651
0.232821
0.174225
0.085917
0.170858
0.387100
0.207185
0.099318
0.358066
0.024507
0.205731
0.168854
0.078461
0.202512
0.103296
0.148172
0.373702
0.082792
0.096368
0.030123
0.211308
0.317856
0.233239
0.056564
0.035574
0.163435
0.047453
0.108486
0.162867
0.047152
0.417415
0.116424
0.148543
0.212755
0.103206
0.373066
0.166294
0.075839
0.157351
0.203970
0.017350
0.327453
0.342259
0.314654
0.066922
0.081777
0.028597
0.391643
0.436146
0.490751
0.514334
0.219772
0.229417
0.089452
0.580781
0.155184
0.118883
0.080905
0.082692
0.112262
0.363414
0.156862
0.206350
0.138505
0.196595
0.360055
0.242858
0.075514
0.288602
0.047140
0.224359
0.192783
0.052810
0.184840
0.173449
0.147411
0.453864
0.096861
0.064766
0.057611
0.165040
0.220134
0.273296
0.084888
0.031145
0.111060
0.070924
0.097457
0.084001
0.316759
0.414411
0.157014
0.226625
0.218652
0.216758
0.550257
0.221450
0.088073
0.263874
0.230469
0.102787
0.292601
0.229099
0.316290
0.075856
0.061176
0.050036
0.360514
0.287892
0.563102
0.389607
0.205764
0.228643
0.033660
0.509647
0.156447
0.050248
0.080642
0.062405
0.159687
0.341386
0.092714
0.268504
0.133336
0.262389
0.334240
0.223044
0.127285
0.329077
0.030244
0.179494
0.102308
0.059228
0.101451
0.116024
0.174061
0.409257
0.188155
0.153292
0.092042
0.106468
0.177972
0.178547
0.264354
0.123106
0.161338
0.096367
0.117542
0.128888
0.425935
0.374257
0.154007
0.160763
0.133292
0.282703
0.604276
0.239810
0.149559
0.210937
0.156615
0.247356
0.288775
0.078969
0.264127
0.111025
0.117261
0.176127
0.399424
0.213952
0.575906
0.234197
0.116240
0.121859
0.092155
0.481304
0.235290
0.107597
0.153906
0.045520
0.253043
0.254034
0.030791
0.266377
0.121835
0.265227
0.376080
0.314916
0.206692
0.372354
0.125522
0.165157
0.044133
0.083209
0.097536
0.035158
0.228311
0.336955
0.174268
0.130757
0.060128
0.061089
0.064474
0.117986
0.388829
0.074528
0.197550
0.113654
0.105808
0.110226
0.332300
0.340166
0.116468
0.091461
0.052490
0.187974
0.582859
0.243578
0.107888
0.152691
0.149320
0.357513
0.236582
0.090744
0.223683
0.108510
0.259049
0.292666
0.319148
0.215783
0.460384
0.127427
0.204776
0.031873
0.109743
0.470499
0.287598
0.095494
0.187093
0.066378
0.262998
0.185144
0.076510
0.259540
0.094138
0.234030
0.345123
0.494838
0.263578
0.418332
0.133868
0.230643
0.108792
0.134353
0.076065
0.068671
0.236976
0.266007
0.067135
0.184338
0.129687
0.100832
0.021578
0.129409
0.389465
0.021704
0.183634
0.075798
0.010931
0.054014
0.332519
0.392063
0.092337
0.077683
0.112074
0.140211
0.523480
0.344474
0.074027
0.131345
0.137288
0.343878
0.291700
0.228715
0.225140
0.065271
0.248397
0.252024
0.306902
0.097183
0.304190
0.100763
0.323656
0.038739
0.152835
0.413725
0.278525
0.164778
0.129042
0.131052
0.281533
0.078397
0.195718
0.167002
0.117797
0.243404
0.264516
0.528020
0.328794
0.331133
0.134025
0.227574
0.278452
0.193393
0.121448
0.085306
0.264921
0.230049
0.048454
0.161480
0.291654
0.073513
0.025878
0.083575
0.362914
0.097890
0.209956
0.095670
0.098595
0.042586
0.411719
0.347172
0.040266
0.139941
0.068040
0.232915
0.553226
0.418627
0.085206
0.101577
0.104389
0.349894
0.197078
0.389010
0.155887
0.171566
0.207716
0.064214
0.303639
0.176453
0.229414
0.097900
0.324770
0.047650
0.208202
0.252941
0.242853
0.270159
0.096207
0.225886
0.321941
0.079467
0.178596
0.153905
0.105499
0.250418
0.229996
0.499779
0.300955
0.249709
0.182780
0.158566
0.330712
0.159112
0.196224
0.085141
0.284826
0.197352
0.064961
0.043597
0.296158
0.080195
0.080614
0.039615
0.361545
0.269429
0.205219
0.084771
0.144955
0.105994
0.364404
0.231158
0.097564
0.195703
0.125330
0.260191
0.551416
0.417296
0.107463
0.062019
0.063544
0.327098
0.112553
0.396048
0.209643
0.174824
0.297784
0.148953
0.245939
0.189508
0.179698
0.159794
0.325444
0.070883
0.230126
0.155520
0.160997
0.246941
0.187929
0.192642
0.429953
0.112900
0.122917
0.118983
0.093972
0.300997
0.324901
0.433232
0.264691
0.218294
0.131130
0.157707
0.271641
0.116073
0.249328
0.096167
0.345279
0.172033
0.052132
0.108423
0.268389
0.209807
0.158410
0.093666
0.354281
0.359602
0.140226
0.156176
0.306505
0.041742
0.332145
0.129007
0.210443
0.226631
0.118586
0.207749
0.474110
0.416597
0.053589
0.060353
0.118265
0.207208
0.031960
0.271435
0.092448
0.215750
0.327913
0.195123
0.273740
0.130114
0.029297
0.184871
0.179713
0.145719
0.222625
0.191873
0.230723
0.211359
0.334244
0.210458
0.487432
0.132944
0.167111
0.104281
0.123569
0.399621
0.409014
0.430259
0.179216
0.179527
0.087950
0.194979
0.269709
0.140773
0.278662
0.123259
0.258187
0.112833
0.089573
0.204695
0.291515
0.302424
0.191893
0.094040
0.281355
0.316754
0.175983
0.278085
0.467790
0.125532
0.410237
0.095543
0.205637
0.244804
0.042714
0.170999
0.285065
0.456805
0.129888
0.192796
0.183318
0.021461
0.166547
0.201876
0.087515
0.192364
0.239716
0.216201
0.294310
0.262722
0.097492
0.075200
0.112356
0.167038
0.172227
0.353772
0.283438
0.231209
0.320074
0.174921
0.439726
0.190629
0.170277
0.161054
0.184607
0.434552
0.411838
0.389914
0.091479
0.225254
0.131438
0.198359
0.195578
0.055013
0.120269
0.179623
0.214648
0.068431
0.231927
0.275330
0.314241
0.347794
0.207394
0.029797
0.131314
0.243468
0.154291
0.361303
0.419393
0.102011
0.401305
0.344866
0.131328
0.175583
0.066124
0.179175
0.188846
0.542940
0.156987
0.191866
0.304034
0.107477
0.259361
0.243264
0.114949
0.149147
0.195858
0.196980
0.222445
0.415239
0.110979
0.029840
0.092361
0.184525
0.157694
0.344132
0.329101
0.186873
0.238238
0.258437
0.341777
0.200537
0.160096
0.168407
0.138977
0.247168
0.347230
0.337110
0.083394
0.165521
0.161097
0.259891
0.158169
0.079795
0.093237
0.109698
0.309629
0.077991
0.212762
0.367969
0.292638
0.255968
0.261426
0.037358
0.119420
0.178427
0.082427
0.249167
0.321382
0.018244
0.298116
0.326907
0.159382
0.122232
0.099069
0.223710
0.105922
0.575758
0.093985
0.114650
0.360772
0.133070
0.226495
0.290753
0.135000
0.161485
0.175779
0.204336
0.154720
0.369818
0.158511
0.215998
0.221403
0.149063
0.063554
0.354999
0.316535
0.202490
0.122278
0.161205
0.295489
0.135818
0.140695
0.198632
0.114804
0.054572
0.247902
0.301559
0.100450
0.079532
0.105826
0.184379
0.198014
0.147530
0.138683
0.015470
0.420724
0.068216
0.114245
0.429528
0.262817
0.180809
0.194451
0.088747
0.172656
0.081248
0.075886
0.119382
0.404381
0.087387
0.247761
0.255570
0.191427
0.130411
0.150407
0.243250
0.055664
0.574037
0.078573
0.167296
0.375247
0.096888
0.302256
0.292283
0.146121
0.136789
0.132470
0.167955
0.104536
0.213238
0.285697
0.231227
0.401991
0.097716
0.019437
0.408487
0.323391
0.107052
0.085181
0.043654
0.325634
0.209929
0.185579
0.323288
0.075857
0.135215
0.306106
0.366593
0.288387
0.180881
0.131615
0.173401
0.220909
0.216199
0.096399
0.090020
0.383541
0.042628
0.121725
0.390822
0.222670
0.162472
0.130211
0.202928
0.240399
0.187624
0.132542
0.147612
0.539918
0.216568
0.389902
0.225859
0.071440
0.067828
0.143462
0.192438
0.137659
0.460326
0.093770
0.197593
0.430289
0.054958
0.270817
0.310868
0.142015
0.148042
0.070817
0.201206
0.091518
0.216525
0.346422
0.129262
0.524153
0.124219
0.115510
0.408308
0.251789
0.031467
0.124076
0.017505
0.377580
0.387831
0.122693
0.355128
0.238240
0.159602
0.274789
0.364129
0.450152
0.300044
0.194340
0.093371
0.160292
0.333765
0.113373
0.166992
0.329684
0.080162
0.161595
0.345534
0.245615
0.189379
0.092547
0.142341
0.293739
0.287435
0.153572
0.167643
0.508009
0.161928
0.393756
0.196543
0.055522
0.037834
0.091287
0.134529
0.051528
0.338138
0.142864
0.251810
0.327272
0.111034
0.207404
0.266842
0.179763
0.095098
0.140913
0.230031
0.097939
0.209777
0.355806
0.112115
0.537274
0.192863
0.222235
0.458343
0.178131
0.075505
0.208992
0.147056
0.260535
0.397547
0.090395
0.268738
0.343925
0.193218
0.214960
0.271518
0.564380
0.350349
0.142804
0.045945
0.134036
0.432388
0.158894
0.115057
0.335292
0.268399
0.266957
0.316431
0.240875
0.199497
0.121227
0.195540
0.303914
0.328990
0.084852
0.188429
0.455273
0.206971
0.331464
0.201800
0.036434
0.081621
0.099520
0.227957
0.034267
0.218201
0.210947
0.305283
0.208370
0.120006
0.136905
0.126526
0.231039
0.100505
0.189343
0.133921
0.106932
0.211814
0.392472
0.074872
0.496266
0.340394
0.234913
0.496637
0.158888
0.128165
0.227556
0.308224
0.145577
0.217085
0.152704
0.155284
0.300095
0.360323
0.301206
0.151011
0.575940
0.345900
0.159346
0.087121
0.125238
0.416421
0.160470
0.051586
0.359850
0.338180
0.215611
0.189970
0.200522
0.142405
0.143966
0.074239
0.257604
0.223391
0.226823
0.183465
0.441419
0.242990
0.333285
0.307154
0.093675
0.164129
0.112233
0.224410
0.089168
0.228424
0.240330
0.387574
0.199292
0.140782
0.120271
0.090028
0.125848
0.112929
0.342376
0.276642
0.072890
0.167802
0.426523
0.067778
0.479995
0.326880
0.240539
0.499404
0.178096
0.183976
0.097059
0.314092
0.053141
0.087245
0.157559
0.082713
0.113241
0.420259
0.321388
0.103470
0.645120
0.344573
0.213488
0.045585
0.237339
0.280341
0.187927
0.119684
0.285373
0.209730
0.240766
0.053695
0.147231
0.070709
0.180655
0.113738
0.151509
0.153779
0.270809
0.165285
0.399441
0.161782
0.211800
0.392644
0.283108
0.186902
0.077904
0.155124
0.197849
0.129883
0.201467
0.437972
0.256038
0.095969
0.116827
0.123692
0.034798
0.209943
0.435325
0.464088
0.139422
0.095215
0.296199
0.120728
0.363622
0.268308
0.214234
0.367750
0.208204
0.152825
0.107850
0.160888
0.044067
0.084244
0.135079
0.088075
0.032773
0.494384
0.369225
0.123584
0.666982
0.347692
0.246522
0.188380
0.429753
0.202336
0.281575
0.124647
0.171895
0.187317
0.213207
0.087182
0.111746
0.153424
0.175641
0.085443
0.130855
0.120040
0.233130
0.093152
0.251247
0.228206
0.187028
0.354018
0.313523
0.213660
0.051322
0.178180
0.183369
0.017567
0.235893
0.356870
0.276221
0.132842
0.223113
0.223251
0.133173
0.271421
0.426330
0.599754
0.119292
0.129193
0.129845
0.104804
0.236672
0.164918
0.094954
0.244888
0.260367
0.120046
0.176805
0.135075
0.060674
0.116443
0.146820
0.171532
0.147438
0.568314
0.263360
0.224586
0.555924
0.420004
0.234939
0.250927
0.461158
0.145096
0.245708
0.149699
0.119659
0.163959
0.145641
0.136257
0.166936
0.137763
0.179987
0.110460
0.127036
0.277262
0.159182
0.045445
0.345906
0.441424
0.190940
0.312954
0.335765
0.219586
0.208523
0.227160
0.217324
0.009126
0.316961
0.276701
0.219816
0.111665
0.319915
0.195040
0.200434
0.284163
0.389211
0.669044
0.139662
0.184576
0.078288
0.097007
0.222735
0.062435
0.105880
0.234225
0.246663
0.090318
0.115439
0.170642
0.067943
0.070538
0.216821
0.273471
0.179557
0.496884
0.104368
0.294697
0.301324
0.466667
0.311952
0.267544
0.409968
0.082386
0.033079
0.252236
0.180002
0.195151
0.058279
0.163564
0.196940
0.139550
0.231939
0.097957
0.097477
0.361653
0.262348
0.099031
0.285088
0.493004
0.171912
0.304251
0.281207
0.154273
0.341989
0.277034
0.220336
0.020561
0.369747
0.253200
0.164628
0.097113
0.278390
0.223379
0.169602
0.269980
0.293970
0.564495
0.134474
0.179381
0.224244
0.096264
0.201319
0.223401
0.109567
0.175981
0.146331
0.071299
0.109263
0.083780
0.091004
0.199173
0.239107
0.285404
0.269022
0.397110
0.050967
0.339741
0.153116
0.377525
0.323880
0.301088
0.297724
0.118497
0.159316
0.187549
0.255822
0.246565
0.045904
0.212287
0.109306
0.185156
0.230290
0.040913
0.075908
0.342921
0.334654
0.154124
0.188334
0.351734
0.165476
0.285461
0.327770
0.216067
0.348272
0.354890
0.255357
0.034911
0.350905
0.274663
0.102412
0.124882
0.213386
0.237366
0.101016
0.260229
0.266550
0.389482
0.138342
0.147620
0.314977
0.221997
0.217199
0.298002
0.028673
0.063241
0.043196
0.021282
0.086198
0.080358
0.089525
0.251028
0.193261
0.225688
0.389259
0.338301
0.176479
0.437255
0.154114
0.264513
0.240055
0.292628
0.247292
0.188340
0.147505
0.057845
0.134071
0.179990
0.053619
0.214635
0.065631
0.117100
0.152448
0.090643
0.135403
0.424214
0.219947
0.181913
0.108390
0.374469
0.258983
0.247743
0.263468
0.239380
0.286381
0.246942
0.231196
0.139851
0.333177
0.150838
0.040487
0.167185
0.148208
0.248631
0.022164
0.256916
0.275296
0.261815
0.055999
0.160123
0.209781
0.294310
0.287085
0.252964
0.131357
0.283442
0.220007
0.130608
0.091243
0.067194
0.061858
0.244949
0.251579
0.180701
0.369549
0.416025
0.287250
0.519873
0.202609
0.199535
0.250410
0.211550
0.225213
0.131974
0.152064
0.215603
0.142050
0.126249
0.089305
0.106482
0.086137
0.011694
0.051275
0.133840
0.184161
0.427941
0.108206
0.179385
0.202717
0.344250
0.349917
0.270717
0.299527
0.308511
0.197413
0.159556
0.183947
0.222683
0.314126
0.036724
0.053751
0.132074
0.114154
0.297810
0.023912
0.211059
0.307264
0.174357
0.142726
0.200962
0.199566
0.315046
0.315189
0.289493
0.200051
0.271023
0.270895
0.251324
0.221136
0.032805
0.039823
0.226980
0.302945
0.150138
0.339428
0.461028
0.265475
0.473737
0.208359
0.143410
0.323552
0.246113
0.115753
0.115573
0.238511
0.408054
0.206019
0.211002
0.050528
0.142913
0.051979
0.048716
0.085093
0.280781
0.257930
0.343506
0.168820
0.191543
0.131446
0.281533
0.274468
0.191283
0.465026
0.204217
0.272063
0.131398
0.181129
0.355164
0.196206
0.204392
0.181481
0.176493
0.254782
0.348252
0.081394
0.205040
0.221780
0.111143
0.240400
0.255381
0.162038
0.404030
0.278303
0.387401
0.349438
0.129735
0.219524
0.237914
0.232267
0.094616
0.150294
0.135369
0.362484
0.113147
0.347225
0.387514
0.231131
0.276737
0.078729
0.049984
0.329049
0.247815
0.068497
0.180276
0.197500
0.395462
0.097077
0.236326
0.072715
0.216433
0.141740
0.114955
0.241500
0.375322
0.355842
0.244388
0.170920
0.243450
0.131574
0.279659
0.146058
0.130223
0.365328
0.048476
0.310041
0.171169
0.132118
0.220681
0.294771
0.262670
0.400507
0.238272
0.338432
0.389176
0.108429
0.228032
0.119338
0.125236
0.223342
0.283214
0.067087
0.299567
0.213355
0.366542
0.282904
0.142404
0.210868
0.213889
0.221960
0.018059
0.293773
0.088700
0.404278
0.219076
0.397762
0.259656
0.248978
0.244704
0.226906
0.038698
0.261927
0.243823
0.086860
0.231745
0.281118
0.412747
0.124151
0.110971
0.177002
0.210450
0.234878
0.165581
0.282603
0.296881
0.307797
0.253584
0.234613
0.245859
0.326040
0.230627
0.101419
0.251953
0.254263
0.081303
0.281085
0.116136
0.048447
0.139525
0.223376
0.364801
0.510719
0.246172
0.357213
0.330359
0.191106
0.288934
0.125653
0.133599
0.253012
0.328177
0.057709
0.276201
0.197819
0.164584
0.308371
0.210467
0.072137
0.200466
0.207843
0.168218
0.381005
0.064598
0.350572
0.294483
0.340696
0.242407
0.294705
0.212111
0.272851
0.101268
0.183846
0.221997
0.105832
0.240463
0.387359
0.444083
0.242596
0.029098
0.218451
0.213406
0.302813
0.155066
0.206834
0.187254
0.269987
0.222230
0.312892
0.161886
0.424533
0.257530
0.184429
0.274945
0.298554
0.042446
0.249319
0.150196
0.121278
0.118722
0.107679
0.451181
0.471552
0.202566
0.398717
0.283106
0.237163
0.379854
0.138413
0.006390
0.358222
0.321541
0.078562
0.352859
0.238189
0.111709
0.288303
0.224583
0.017112
0.201360
0.114053
0.153862
0.340378
0.180900
0.256951
0.252388
0.205722
0.202176
0.430792
0.208472
0.285640
0.210837
0.205280
0.167242
0.201719
0.195543
0.329920
0.344949
0.348909
0.106040
0.210914
0.242878
0.352890
0.072364
0.172532
0.117224
0.277901
0.185315
0.301409
0.132338
0.299843
0.206286
0.215950
0.255785
0.199104
0.217335
0.202056
0.207644
0.057167
0.114814
0.058696
0.443044
0.329902
0.227926
0.328334
0.274400
0.261112
0.361249
0.027229
0.113553
0.391143
0.301952
0.152551
0.366233
0.301657
0.151163
0.260943
0.259098
0.069242
0.078137
0.146984
0.091379
0.317393
0.233975
0.220259
0.230173
0.193999
0.082248
0.349642
0.058829
0.281928
0.399552
0.214113
0.140828
0.273583
0.195674
0.173722
0.178060
0.326693
0.230983
0.263579
0.085426
0.322294
0.072934
0.224073
0.118452
0.323389
0.257585
0.250398
0.298810
0.191222
0.280160
0.047006
0.229011
0.145659
0.358920
0.112990
0.182425
0.089803
0.195897
0.087049
0.378894
0.334808
0.350669
0.205896
0.217004
0.337489
0.275547
0.081939
0.170734
0.340310
0.179763
0.278682
0.401394
0.302973
0.081344
0.267802
0.432957
0.161736
0.082782
0.069218
0.088987
0.247020
0.328571
0.129634
0.301913
0.167627
0.059141
0.270336
0.101078
0.202443
0.480200
0.126427
0.291247
0.299376
0.257240
0.125792
0.116949
0.305221
0.244415
0.274942
0.118463
0.295261
0.021463
0.144550
0.144119
0.260894
0.364573
0.248506
0.403472
0.295908
0.345768
0.032337
0.159493
0.143687
0.347998
0.067343
0.108611
0.103211
0.191606
0.160471
0.360321
0.415667
0.437661
0.149509
0.112357
0.243483
0.215326
0.175875
0.291622
0.212352
0.028670
0.254702
0.457094
0.106908
0.076493
0.109394
0.511103
0.252872
0.093141
0.164155
0.045178
0.120362
0.334106
0.085819
0.341788
0.090446
0.069804
0.246550
0.198445
0.126100
0.465288
0.157230
0.467227
0.346728
0.288576
0.214298
0.277519
0.330884
0.235106
0.270389
0.170052
0.329153
0.071797
0.100328
0.201792
0.199895
0.288631
0.276787
0.288326
0.367825
0.232972
0.055093
0.098091
0.212315
0.319113
0.029287
0.157996
0.121195
0.068439
0.189053
0.400595
0.332980
0.461981
0.223275
0.172616
0.023142
0.152282
0.228039
0.303233
0.199018
0.191183
0.161790
0.405608
0.108942
0.067050
0.061756
0.391112
0.259507
0.113116
0.363176
0.129029
0.124851
0.309234
0.123328
0.265234
0.046177
0.099826
0.148045
0.261022
0.228043
0.424224
0.199203
0.429524
0.322210
0.257734
0.275048
0.282353
0.331654
0.271218
0.218334
0.191161
0.385209
0.061297
0.090715
0.202615
0.167166
0.188648
0.287588
0.114055
0.408735
0.148411
0.150429
0.073511
0.129324
0.194597
0.113229
0.217311
0.137409
0.039524
0.328804
0.366560
0.151250
0.411013
0.185840
0.143631
0.106446
0.199315
0.206316
0.286707
0.084342
0.277801
0.066046
0.200324
0.232832
0.090350
0.052403
0.222464
0.307772
0.099947
0.361813
0.149713
0.158638
0.249502
0.201196
0.235219
0.052074
0.112680
0.111396
0.354406
0.383981
0.356594
0.214970
0.276113
0.269062
0.140958
0.214649
0.248046
0.296140
0.219081
0.199663
0.218069
0.383335
0.105259
0.081279
0.193869
0.040035
0.164817
0.227720
0.051175
0.347585
0.137600
0.266157
0.075710
0.203409
0.029781
0.178847
0.190628
0.104546
0.086164
0.475979
0.113318
0.091829
0.308667
0.199968
0.226672
0.143861
0.197887
0.073471
0.198241
0.105691
0.268059
0.044955
0.154414
0.304922
0.128499
0.052970
0.156385
0.376226
0.089035
0.270390
0.158130
0.101257
0.297050
0.202968
0.258995
0.068787
0.183790
0.080043
0.360309
0.362867
0.226960
0.177227
0.206449
0.235278
0.094190
0.183546
0.241070
0.214425
0.286577
0.288278
0.221295
0.292969
0.165267
0.067824
0.089087
0.049314
0.179948
0.162334
0.046350
0.168724
0.139749
0.266994
0.070644
0.272370
0.227531
0.168696
0.071231
0.051927
0.242826
0.444220
0.145750
0.089897
0.246542
0.184608
0.372587
0.209621
0.156724
0.014286
0.219182
0.163737
0.328179
0.041409
0.169954
0.431889
0.100327
0.113776
0.299389
0.336852
0.271054
0.165270
0.198771
0.030841
0.319845
0.211891
0.284290
0.139113
0.099317
0.094177
0.295828
0.190280
0.167430
0.081428
0.165627
0.089418
0.091280
0.061763
0.268594
0.146045
0.274550
0.258116
0.146602
0.116899
0.227230
0.172946
0.030387
0.056595
0.059286
0.082405
0.095586
0.051918
0.062488
0.216366
0.084373
0.253652
0.297437
0.111560
0.043400
0.041992
0.241688
0.400343
0.254703
0.059171
0.276027
0.123942
0.312674
0.309651
0.144253
0.048888
0.285901
0.223987
0.510980
0.022664
0.086181
0.454528
0.163111
0.198859
0.321629
0.226903
0.333852
0.140998
0.265160
0.170476
0.248911
0.230988
0.201066
0.173572
0.059456
0.113938
0.254132
0.096073
0.167828
0.073434
0.071187
0.029156
0.216887
0.274882
0.369613
0.114586
0.309169
0.148471
0.041431
0.165393
0.270393
0.092069
0.119037
0.076248
0.141109
0.192660
0.193206
0.144231
0.059468
0.255275
0.111978
0.371677
0.310420
0.154407
0.100354
0.055071
0.149673
0.387623
0.246793
0.236693
0.352747
0.242349
0.196556
0.324254
0.218593
0.154203
0.402414
0.175474
0.541479
0.117887
0.196220
0.287313
0.124505
0.179491
0.306927
0.196537
0.368679
0.198619
0.199204
0.219538
0.329421
0.284249
0.118234
0.091656
0.072927
0.154413
0.231837
0.124692
0.177989
0.085961
0.024445
0.021051
0.267323
0.319421
0.409335
0.050876
0.285752
0.033944
0.137651
0.202489
0.213072
0.105652
0.240556
0.243401
0.170475
0.134394
0.104265
0.266424
0.169291
0.276533
0.068406
0.318173
0.337218
0.133833
0.185875
0.159028
0.142497
0.349013
0.336568
0.330269
0.357288
0.200596
0.291926
0.226529
0.351353
0.143780
0.429217
0.214179
0.420858
0.258296
0.348272
0.128093
0.073675
0.211124
0.276864
0.315540
0.323886
0.273119
0.214734
0.311628
0.356042
0.381991
0.098960
0.053327
0.021426
0.217978
0.119220
0.133461
0.114225
0.088407
0.025746
0.124556
0.312968
0.228346
0.380243
0.075252
0.190490
0.147681
0.199888
0.174942
0.110618
0.121103
0.263088
0.276424
0.201599
0.186048
0.072832
0.310477
0.156241
0.279967
0.084921
0.227522
0.381313
0.087168
0.163723
0.170741
0.154596
0.320376
0.439631
0.279603
0.304492
0.101818
0.429502
0.147022
0.391022
0.103717
0.290556
0.172532
0.363679
0.337471
0.440237
0.182345
0.197273
0.323175
0.216130
0.417800
0.297219
0.238020
0.288113
0.380017
0.281725
0.434844
0.053403
0.090436
0.032178
0.268739
0.150636
0.121747
0.137310
0.101959
0.055113
0.300476
0.330454
0.128125
0.447187
0.109577
0.132493
0.289998
0.241504
0.197801
0.086893
0.028964
0.183911
0.267622
0.244558
0.247832
0.159849
0.347037
0.201247
0.207337
0.152266
0.257219
0.282238
0.240639
0.174417
0.089041
0.189409
0.319645
0.467066
0.330428
0.247046
0.105916
0.403558
0.119393
0.334248
0.121421
0.301352
0.154719
0.393289
0.265485
0.550720
0.152391
0.232050
0.210507
0.364771
0.361171
0.308688
0.139467
0.287316
0.301570
0.228343
0.417224
0.099880
0.066251
0.148789
0.305108
0.177975
0.153116
0.189809
0.103228
0.096887
0.324508
0.385886
0.245099
0.341074
0.169815
0.170277
0.330862
0.298452
0.210304
0.119647
0.055453
0.174588
0.385084
0.248850
0.268187
0.237394
0.329405
0.161931
0.189283
0.210356
0.355219
0.191444
0.262976
0.281545
0.149789
0.085435
0.212882
0.390278
0.342503
0.250360
0.157654
0.338771
0.102476
0.227441
0.192007
0.205420
0.219032
0.277150
0.184497
0.537820
0.062514
0.120956
0.135024
0.367437
0.364652
0.376417
0.050911
0.373624
0.206813
0.096257
0.368669
0.141354
0.091133
0.244598
0.272259
0.232027
0.161875
0.267467
0.314271
0.095725
0.374648
0.346410
0.333935
0.173788
0.314427
0.157253
0.234656
0.293523
0.199000
0.208709
0.107513
0.100855
0.405001
0.318525
0.211352
0.276444
0.295665
0.055041
0.106002
0.236246
0.346371
0.088487
0.187104
0.387202
0.155271
0.050951
0.083070
0.359414
0.174559
0.170337
0.217586
0.227565
0.093167
0.197791
0.301743
0.126196
0.275764
0.047839
0.091008
0.388621
0.028070
0.111910
0.207461
0.265849
0.403705
0.359428
0.050886
0.336813
0.197056
0.019479
0.309909
0.081587
0.062803
0.245268
0.238623
0.287510
0.140006
0.259167
0.304555
0.094973
0.438276
0.352185
0.275244
0.103781
0.383553
0.189203
0.223318
0.268983
0.193430
0.274703
0.228759
0.063036
0.260747
0.446435
0.196087
0.313018
0.255288
0.088258
0.113819
0.199670
0.411826
0.084384
0.144170
0.458343
0.185166
0.109316
0.221059
0.311954
0.200357
0.103355
0.128925
0.132178
0.107345
0.250195
0.272627
0.120925
0.317322
0.299453
0.126339
0.388040
0.081610
0.093287
0.229355
0.200124
0.340991
0.189800
0.097067
0.242244
0.164339
0.129336
0.196826
0.140645
0.205539
0.165134
0.219531
0.283555
0.249459
0.262536
0.168324
0.129957
0.345891
0.347765
0.230478
0.143644
0.395787
0.196912
0.359288
0.254732
0.146870
0.249041
0.314473
0.024913
0.185194
0.530329
0.188309
0.301931
0.215664
0.020035
0.154356
0.118800
0.388342
0.094570
0.176170
0.412810
0.179585
0.173870
0.474543
0.134329
0.282358
0.077833
0.141481
0.114363
0.166946
0.290181
0.137563
0.068429
0.393429
0.267658
0.226160
0.471246
0.164148
0.158659
0.161187
0.105944
0.269690
0.044627
0.244869
0.162659
0.176590
0.216430
0.178652
0.179605
0.272292
0.121620
0.325911
0.280782
0.355701
0.351256
0.192518
0.222490
0.343209
0.295408
0.197813
0.196825
0.384767
0.280180
0.422817
0.174533
0.094161
0.143906
0.249935
0.037331
0.300953
0.512684
0.158677
0.306076
0.175300
0.058726
0.192710
0.056183
0.275422
0.050090
0.142483
0.286144
0.060958
0.214362
0.629411
0.040583
0.280897
0.172633
0.151773
0.159351
0.197649
0.289185
0.017618
0.104154
0.445106
0.220684
0.272450
0.474253
0.175894
0.167385
0.143648
0.068427
0.340730
0.039758
0.303944
0.114052
0.115446
0.168170
0.067646
0.292698
0.219937
0.164723
0.264310
0.281564
0.304509
0.437711
0.104425
0.295548
0.322238
0.211005
0.103945
0.294578
0.300511
0.368978
0.265917
0.161621
0.033325
0.101335
0.095871
0.101716
0.419179
0.498676
0.219361
0.334608
0.276399
0.026844
0.253987
0.054685
0.090212
0.046417
0.086635
0.145893
0.152285
0.208107
0.638335
0.035553
0.174394
0.279814
0.127947
0.072540
0.136398
0.273449
0.078827
0.157721
0.411201
0.392006
0.255137
0.366040
0.107446
0.111724
0.207875
0.114662
0.311982
0.046325
0.174528
0.100883
0.025114
0.158215
0.093139
0.326690
0.227870
0.195735
0.176783
0.325349
0.243876
0.468212
0.103989
0.292486
0.272861
0.289937
0.114512
0.285575
0.420625
0.484631
0.136913
0.180304
0.011309
0.089755
0.189027
0.148002
0.322931
0.414401
0.203493
0.389175
0.304839
0.056809
0.170940
0.097551
0.096377
0.136785
0.069603
0.071682
0.269972
0.261867
0.562430
0.026596
0.166289
0.350461
0.054760
0.094933
0.024434
0.202900
0.100092
0.258473
0.176741
0.555569
0.258289
0.296429
0.078266
0.026026
0.148907
0.044920
0.252815
0.181377
0.071170
0.212501
0.089588
0.221601
0.195078
0.334821
0.280359
0.215257
0.180096
0.280125
0.183950
0.444262
0.194418
0.213711
0.291224
0.323010
0.108409
0.260100
0.505726
0.528283
0.179589
0.260368
0.064123
0.130551
0.098756
0.157732
0.250849
0.274896
0.158328
0.365065
0.306058
0.033495
0.015113
0.088739
0.185503
0.150629
0.151399
0.088105
0.220745
0.348673
0.485274
0.097839
0.212929
0.461001
0.089036
0.280423
0.031855
0.240511
0.046594
0.328675
0.288367
0.557820
0.243855
0.136251
0.078283
0.017398
0.052197
0.098787
0.255779
0.315963
0.109046
0.367006
0.128942
0.298353
0.314085
0.318438
0.155398
0.207670
0.282653
0.150213
0.049837
0.421928
0.184657
0.212300
0.303882
0.287186
0.059973
0.221050
0.358844
0.505794
0.121711
0.327088
0.239434
0.035034
0.098041
0.186135
0.261520
0.192076
0.201191
0.365419
0.164174
0.068594
0.038776
0.172891
0.150179
0.096710
0.135736
0.212806
0.153404
0.348683
0.466102
0.242756
0.234982
0.592506
0.175574
0.301040
0.010179
0.229786
0.128913
0.384240
0.335176
0.558460
0.188856
0.065652
0.173173
0.071411
0.082266
0.177538
0.300115
0.351739
0.213006
0.518296
0.128112
0.328598
0.274876
0.232634
0.107670
0.135831
0.219753
0.043504
0.045475
0.387262
0.146669
0.320551
0.249793
0.286218
0.182263
0.165078
0.406489
0.411085
0.071242
0.233097
0.423988
0.075872
0.122170
0.216677
0.122623
0.154915
0.219007
0.316164
0.127054
0.067595
0.071266
0.262583
0.201696
0.136576
0.121015
0.321680
0.026799
0.252043
0.473892
0.274915
0.192585
0.636851
0.192003
0.270367
0.076938
0.261309
0.103161
0.321440
0.300128
0.560063
0.142010
0.065249
0.365112
0.036733
0.114610
0.167117
0.458249
0.403721
0.237111
0.626212
0.039566
0.279211
0.233139
0.126382
0.242085
0.040182
0.189294
0.015511
0.056721
0.223086
0.214555
0.375237
0.204298
0.240413
0.278714
0.198467
0.462562
0.270695
0.034969
0.099950
0.376331
0.087192
0.160626
0.237507
0.161191
0.137894
0.154689
0.210009
0.112540
0.099734
0.130046
0.293703
0.195612
0.110512
0.153661
0.351577
0.111659
0.158087
0.423340
0.239911
0.168023
0.617056
0.152995
0.296617
0.107174
0.264671
0.131973
0.211242
0.289532
0.519698
0.179952
0.216742
0.455679
0.040153
0.107966
0.111377
0.505982
0.391452
0.206481
0.646537
0.133551
0.205279
0.253504
0.215011
0.173895
0.083945
0.154896
0.067692
0.230043
0.120590
0.154977
0.292364
0.192038
0.121227
0.219175
0.255012
0.513767
0.321254
0.163568
0.072671
0.220521
0.013364
0.292978
0.205260
0.175088
0.119348
0.134910
0.187752
0.102687
0.146996
0.160847
0.269934
0.240941
0.098556
0.358262
0.294709
0.136232
0.088440
0.338951
0.200807
0.155573
0.549813
0.172170
0.351447
0.027833
0.209437
0.230539
0.248738
0.338073
0.344249
0.165385
0.173147
0.438323
0.085658
0.080932
0.069051
0.475024
0.306639
0.101825
0.498298
0.084827
0.151330
0.228338
0.201666
0.207876
0.206021
0.206619
0.141550
0.106533
0.093167
0.037062
0.166524
0.209404
0.041142
0.168674
0.254314
0.494992
0.281497
0.253571
0.108816
0.202291
0.081362
0.324963
0.143972
0.144802
0.240857
0.197913
0.211557
0.175748
0.188392
0.106962
0.410800
0.281754
0.073187
0.546827
0.274494
0.164366
0.076965
0.250020
0.122016
0.172394
0.502037
0.244681
0.197363
0.114772
0.288426
0.283335
0.201739
0.296220
0.113681
0.117580
0.219559
0.426587
0.209220
0.046872
0.039533
0.406493
0.203738
0.038081
0.205514
0.036508
0.111413
0.149500
0.090094
0.230825
0.229203
0.191593
0.235743
0.110565
0.183869
0.080973
0.115734
0.136267
0.078256
0.170287
0.101849
0.425895
0.300467
0.117634
0.158856
0.128077
0.220270
0.378538
0.052440
0.180715
0.279014
0.300224
0.283737
0.089745
0.142862
0.077816
0.495550
0.199128
0.151032
0.518442
0.239372
0.198253
0.140855
0.185474
0.118637
0.146719
0.506201
0.235012
0.318376
0.153349
0.425882
0.244957
0.208546
0.206937
0.070730
0.134132
0.239965
0.346222
0.315717
0.048247
0.055917
0.459929
0.231893
0.033929
0.139451
0.052429
0.075275
0.173518
0.104197
0.188877
0.198705
0.127693
0.212330
0.125699
0.284252
0.167978
0.058174
0.070352
0.194859
0.125525
0.013760
0.364784
0.370086
0.046960
0.143744
0.132285
0.248220
0.431505
0.085067
0.147063
0.234752
0.285708
0.349231
0.093392
0.144568
0.065800
0.432180
0.088678
0.192832
0.342848
0.254328
0.131459
0.207996
0.172572
0.159175
0.141026
0.474775
0.123684
0.394003
0.123983
0.378502
0.262775
0.149655
0.117654
0.148782
0.077517
0.306825
0.209952
0.248782
0.089067
0.111738
0.597072
0.185965
0.063421
0.168494
0.173669
0.040104
0.220304
0.205704
0.129309
0.198183
0.184478
0.183566
0.108302
0.159370
0.257497
0.086172
0.131881
0.218270
0.207943
0.061823
0.243884
0.474134
0.084485
0.114375
0.102909
0.128098
0.476778
0.142551
0.180978
0.166422
0.206292
0.363766
0.092038
0.119691
0.075063
0.316113
0.035555
0.210151
0.209573
0.227351
0.123752
0.181807
0.248023
0.071800
0.192675
0.481954
0.138284
0.261946
0.095106
0.223573
0.290907
0.030039
0.106039
0.266497
0.049250
0.357721
0.092546
0.199045
0.154932
0.068094
0.696490
0.225337
0.053904
0.111792
0.144088
0.134650
0.217029
0.181556
0.171543
0.282181
0.230355
0.106921
0.103444
0.128808
0.245661
0.067463
0.126049
0.095073
0.289182
0.124940
0.156115
0.425109
0.115814
0.154438
0.088604
0.217216
0.335347
0.109716
0.253822
0.229553
0.167555
0.349586
0.145648
0.161734
0.024935
0.178642
0.071189
0.111810
0.146272
0.244518
0.204462
0.163908
0.285359
0.050485
0.199279
0.467210
0.220921
0.134330
0.015094
0.229202
0.276944
0.092438
0.233640
0.292509
0.057239
0.443338
0.039470
0.227896
0.140724
0.104416
0.599970
0.232984
0.076515
0.201783
0.195148
0.051338
0.160453
0.204422
0.283986
0.210813
0.245682
0.072497
0.131732
0.174154
0.244204
0.065920
0.106942
0.067328
0.342807
0.144909
0.165827
0.363604
0.146949
0.270361
0.227422
0.279236
0.171455
0.116998
0.369359
0.318549
0.216584
0.403664
0.194635
0.139195
0.118632
0.056258
0.132653
0.032038
0.055935
0.244063
0.157495
0.190101
0.295700
0.151861
0.134299
0.415044
0.272740
0.153213
0.109387
0.251604
0.279994
0.255888
0.260651
0.317774
0.150850
0.472315
0.153524
0.276486
0.155263
0.119200
0.399231
0.165996
0.199060
0.224188
0.213353
0.013039
0.183953
0.237267
0.353510
0.092910
0.132445
0.061074
0.106209
0.194466
0.312479
0.067493
0.136835
0.117802
0.322784
0.065654
0.113319
0.367598
0.193667
0.367510
0.284695
0.206143
0.046431
0.109845
0.282324
0.334454
0.238874
0.462418
0.224881
0.055528
0.173831
0.046546
0.146314
0.096052
0.087329
0.230348
0.127431
0.181595
0.463453
0.195643
0.074799
0.439340
0.287820
0.238451
0.204955
0.241557
0.210053
0.475562
0.227331
0.449484
0.220043
0.398651
0.153561
0.262632
0.135125
0.139674
0.276307
0.221203
0.273380
0.452671
0.260632
0.032936
0.193801
0.211727
0.340145
0.086375
0.056212
0.165986
0.026578
0.237713
0.406903
0.112779
0.159184
0.216897
0.206644
0.088998
0.127056
0.449875
0.112166
0.316328
0.246149
0.225136
0.229623
0.244804
0.328147
0.299642
0.246911
0.455367
0.248609
0.060399
0.184733
0.048541
0.124922
0.156990
0.146794
0.263184
0.242469
0.290265
0.516741
0.113715
0.120796
0.449002
0.195445
0.190121
0.305723
0.256944
0.233607
0.574709
0.139586
0.559370
0.228106
0.287614
0.102566
0.212338
0.193014
0.195829
0.366612
0.063864
0.108561
0.550126
0.148669
0.133776
0.145861
0.159850
0.306927
0.130785
0.091813
0.116774
0.082334
0.367803
0.389284
0.199507
0.139887
0.256336
0.179098
0.108393
0.017572
0.561408
0.152985
0.157718
0.110770
0.357164
0.392289
0.282715
0.356443
0.195548
0.242511
0.341439
0.250567
0.084543
0.246145
0.054806
0.098211
0.182172
0.078412
0.264064
0.237879
0.285511
0.463369
0.023657
0.153865
0.443992
0.285529
0.153608
0.316967
0.312612
0.203657
0.520494
0.158883
0.471301
0.144805
0.200951
0.064045
0.128731
0.196633
0.263480
0.423410
0.012297
0.148822
0.514137
0.087708
0.245857
0.140299
0.165048
0.211666
0.146238
0.229965
0.048839
0.155378
0.311547
0.250285
0.281713
0.106712
0.299650
0.135213
0.146302
0.218411
0.568854
0.114733
0.101895
0.037149
0.376836
0.373550
0.214510
0.305454
0.108062
0.219075
0.276379
0.192833
0.079802
0.298807
0.180129
0.070235
0.187533
0.202834
0.264211
0.266591
0.226393
0.425050
0.074620
0.248182
0.423160
0.327362
0.287479
0.291923
0.306710
0.162873
0.398535
0.105234
0.354439
0.056279
0.121642
0.104343
0.098175
0.108784
0.261870
0.316390
0.137499
0.140238
0.397977
0.125195
0.227678
0.109992
0.198525
0.150790
0.136049
0.179224
0.158334
0.088276
0.299420
0.202228
0.203972
0.214212
0.365714
0.106569
0.189374
0.315513
0.524819
0.012939
0.104878
0.080082
0.255524
0.371763
0.090890
0.175786
0.097287
0.206326
0.168798
0.139586
0.143287
0.140135
0.279622
0.074709
0.140359
0.381790
0.295422
0.280375
0.216489
0.372035
0.062821
0.394160
0.343409
0.284530
0.404729
0.164283
0.243455
0.121036
0.315468
0.285921
0.334051
0.131668
0.114246
0.116972
0.041525
0.172731
0.291818
0.357115
0.229707
0.060424
0.333605
0.101761
0.316102
0.071868
0.094561
0.218996
0.161945
0.210185
0.226884
0.028093
0.300142
0.179048
0.115416
0.226186
0.479368
0.192364
0.175308
0.333029
0.467526
0.099115
0.051283
0.148007
0.170976
0.445801
0.076361
0.234287
0.058941
0.213098
0.033192
0.092762
0.291053
0.043886
0.221590
0.152196
0.108566
0.348516
0.320555
0.357234
0.261176
0.396253
0.146177
0.374756
0.362556
0.080098
0.438044
0.091433
0.141298
0.104132
0.359910
0.373015
0.376383
0.143674
0.107617
0.021952
0.200965
0.234649
0.313877
0.466409
0.192760
0.065356
0.286674
0.087616
0.255481
0.142152
0.060187
0.351676
0.194462
0.237737
0.287040
0.060909
0.194105
0.178466
