# G_4, p = 0.8000 GPa (dir_8000.0_bar).
# 6MR distortion Gamma = (1/2)(max - min) over the three opposite-O diagonals.
# 32 rings x 101 frames = 3232 samples.
# Column: per-6MR Gamma [A]
0.000056
0.000057
0.000045
0.000068
0.000045
0.000057
0.000034
0.000057
0.000109
0.000042
0.000102
0.000042
0.000083
0.000057
0.000082
0.000046
0.000043
0.000031
0.000033
0.000031
0.000043
0.000031
0.000043
0.000031
0.000064
0.000041
0.000064
0.000041
0.000058
0.000020
0.000048
0.000020
0.142257
0.138570
0.044689
0.081846
0.084130
0.128778
0.154441
0.096061
0.064172
0.105193
0.131922
0.031240
0.065303
0.169636
0.089792
0.164130
0.229137
0.088486
0.093819
0.041626
0.056096
0.322456
0.063106
0.079540
0.084115
0.091611
0.072254
0.029814
0.107997
0.107894
0.087010
0.052305
0.384151
0.238228
0.161151
0.146124
0.081978
0.159217
0.276890
0.195711
0.033016
0.153190
0.195060
0.092910
0.178708
0.361586
0.137305
0.298597
0.346529
0.150364
0.271610
0.043309
0.042438
0.543438
0.085412
0.166992
0.058336
0.111828
0.129657
0.147725
0.211769
0.131304
0.105548
0.229798
0.499981
0.344541
0.294132
0.213790
0.097793
0.184232
0.309179
0.165346
0.192368
0.052512
0.116125
0.104863
0.254635
0.305231
0.234577
0.379207
0.330930
0.167222
0.453285
0.007036
0.073717
0.545938
0.147285
0.231470
0.040107
0.070086
0.136428
0.326911
0.273836
0.102275
0.037104
0.385542
0.538395
0.416372
0.272143
0.266116
0.136035
0.226189
0.323536
0.103350
0.309593
0.203271
0.027192
0.116762
0.293867
0.103241
0.397598
0.318893
0.325470
0.100836
0.427710
0.095136
0.178727
0.529040
0.211146
0.291795
0.069977
0.150630
0.138662
0.407940
0.303209
0.119981
0.118228
0.357715
0.492509
0.400793
0.219340
0.315761
0.182126
0.338880
0.334265
0.103523
0.373459
0.208210
0.068334
0.194268
0.240020
0.093823
0.531059
0.286253
0.330837
0.101019
0.337986
0.140685
0.149566
0.520941
0.174466
0.316591
0.037480
0.186934
0.041788
0.397919
0.327653
0.088231
0.181092
0.256541
0.300580
0.318862
0.281329
0.350389
0.299273
0.320593
0.255022
0.195734
0.392404
0.204032
0.101498
0.255318
0.181526
0.126885
0.547679
0.307430
0.316751
0.163015
0.313319
0.107370
0.131974
0.400013
0.086591
0.318860
0.070437
0.110626
0.157213
0.369842
0.250370
0.066236
0.183611
0.208558
0.076978
0.335197
0.227009
0.337676
0.318955
0.192733
0.090812
0.319332
0.359971
0.201005
0.103963
0.244513
0.229289
0.164367
0.472029
0.240274
0.212782
0.171946
0.238846
0.093785
0.159175
0.207850
0.108025
0.302241
0.177757
0.130740
0.177035
0.320468
0.190546
0.076227
0.113570
0.099218
0.093371
0.402692
0.216330
0.235905
0.256427
0.205829
0.103700
0.300425
0.295261
0.171581
0.063045
0.211196
0.252470
0.210848
0.365999
0.074645
0.257067
0.078153
0.288247
0.052325
0.127922
0.074646
0.199649
0.302750
0.224097
0.202772
0.127825
0.173164
0.104480
0.103835
0.058916
0.064667
0.123129
0.316899
0.223007
0.203991
0.168323
0.270085
0.168008
0.189355
0.265498
0.171510
0.084756
0.306418
0.279272
0.294179
0.151230
0.162886
0.339803
0.075775
0.264222
0.103149
0.033734
0.177146
0.313003
0.294001
0.281616
0.176831
0.062579
0.066132
0.021275
0.110463
0.032138
0.291069
0.191869
0.192721
0.141535
0.183280
0.105749
0.263912
0.190423
0.077496
0.296089
0.270320
0.056760
0.296967
0.261537
0.304859
0.077088
0.253516
0.400449
0.187176
0.175318
0.096827
0.085171
0.260482
0.425432
0.294114
0.270849
0.129554
0.055703
0.145618
0.178572
0.091110
0.023485
0.422889
0.260733
0.074644
0.113736
0.145953
0.016693
0.222537
0.261603
0.095418
0.247520
0.257410
0.176795
0.126723
0.226870
0.246462
0.180695
0.311829
0.365260
0.196332
0.163688
0.087967
0.144375
0.249298
0.342364
0.203505
0.254538
0.070035
0.126020
0.228955
0.264637
0.134455
0.032332
0.333593
0.243502
0.187336
0.210185
0.140728
0.092459
0.143672
0.322610
0.202640
0.096557
0.183927
0.216814
0.020713
0.252352
0.286908
0.239446
0.294203
0.252038
0.220141
0.158265
0.008551
0.169484
0.208364
0.133127
0.215300
0.165768
0.162310
0.112064
0.139938
0.185871
0.147182
0.023510
0.106479
0.178273
0.234610
0.274056
0.124311
0.129389
0.118233
0.283957
0.205337
0.135488
0.122170
0.188119
0.100203
0.297427
0.244962
0.206927
0.300605
0.132496
0.235437
0.138433
0.130568
0.211044
0.219542
0.175014
0.238256
0.113069
0.298922
0.096337
0.059917
0.112603
0.123069
0.028142
0.069504
0.075384
0.184329
0.250031
0.168864
0.100387
0.165061
0.220067
0.134736
0.350140
0.172103
0.093656
0.212524
0.285120
0.141329
0.146585
0.252793
0.036356
0.186612
0.257031
0.255842
0.245571
0.225791
0.341758
0.255966
0.174484
0.330228
0.283264
0.094058
0.217495
0.205876
0.008172
0.105589
0.175707
0.111774
0.304872
0.333049
0.105323
0.183230
0.162064
0.127230
0.440416
0.210910
0.139291
0.319390
0.254456
0.098097
0.137680
0.260740
0.125634
0.139107
0.235898
0.169967
0.259556
0.182717
0.426480
0.292614
0.285697
0.324451
0.350362
0.161247
0.244959
0.248763
0.034079
0.113957
0.211796
0.059239
0.331771
0.418198
0.158610
0.176571
0.164639
0.205795
0.395024
0.192858
0.227953
0.253891
0.192224
0.182991
0.205252
0.249878
0.264649
0.083300
0.148287
0.162963
0.321979
0.181788
0.404067
0.325699
0.264443
0.321283
0.301056
0.222638
0.187098
0.268147
0.111286
0.121805
0.131762
0.051326
0.233763
0.389959
0.177589
0.157813
0.156406
0.263929
0.349813
0.191143
0.263174
0.102171
0.071431
0.211319
0.235625
0.199702
0.279822
0.122493
0.101622
0.334679
0.320049
0.208937
0.331066
0.347972
0.195098
0.283059
0.217027
0.216603
0.178488
0.283203
0.138500
0.096394
0.088061
0.180665
0.103343
0.278666
0.173116
0.071164
0.105435
0.213539
0.298928
0.046685
0.249723
0.195487
0.045955
0.244223
0.239697
0.087337
0.188429
0.204960
0.185535
0.337264
0.256392
0.179509
0.319331
0.374343
0.170226
0.161269
0.085551
0.133529
0.182889
0.279311
0.081724
0.102646
0.136891
0.233548
0.083870
0.083081
0.131844
0.096074
0.056386
0.168523
0.229365
0.151230
0.194516
0.252532
0.129354
0.323858
0.225616
0.093905
0.083721
0.324970
0.235258
0.339519
0.125554
0.162484
0.312325
0.317473
0.151401
0.058552
0.037521
0.156463
0.215611
0.255204
0.151652
0.126146
0.193489
0.334668
0.163228
0.097876
0.068124
0.151542
0.107457
0.228459
0.178450
0.258830
0.128750
0.209904
0.275614
0.403556
0.249574
0.147957
0.092026
0.327083
0.184094
0.286899
0.026156
0.270060
0.197284
0.207910
0.253947
0.134849
0.070839
0.186205
0.179260
0.155431
0.115156
0.110149
0.243829
0.391184
0.231236
0.151706
0.130691
0.321526
0.153299
0.297676
0.065462
0.315111
0.232403
0.162250
0.340692
0.459658
0.262511
0.186608
0.086623
0.220418
0.216098
0.188060
0.103491
0.415313
0.098937
0.105259
0.318439
0.208603
0.058183
0.150674
0.232624
0.063227
0.077412
0.060407
0.279222
0.376382
0.215461
0.061222
0.173232
0.387403
0.237562
0.327489
0.045553
0.333703
0.267275
0.113042
0.205160
0.372321
0.259811
0.317324
0.021689
0.098923
0.249417
0.081448
0.202687
0.355655
0.173167
0.065256
0.232035
0.335958
0.180800
0.086107
0.303626
0.088674
0.194389
0.082208
0.288057
0.380618
0.216303
0.134289
0.164731
0.352383
0.268482
0.290085
0.112395
0.279233
0.294760
0.074057
0.058169
0.182321
0.228407
0.427907
0.088185
0.098190
0.204048
0.101461
0.223376
0.208114
0.261006
0.111651
0.117726
0.388071
0.250640
0.042632
0.253428
0.054306
0.253486
0.137776
0.262774
0.182105
0.117520
0.278471
0.048237
0.291320
0.124554
0.304574
0.181130
0.129645
0.221533
0.009053
0.141754
0.052061
0.231036
0.395445
0.167541
0.258020
0.089785
0.259252
0.151166
0.178259
0.372453
0.203735
0.093024
0.282961
0.187095
0.045653
0.055029
0.100735
0.289273
0.166856
0.311903
0.120373
0.092570
0.283463
0.174086
0.160918
0.068647
0.293489
0.217347
0.096332
0.207254
0.147651
0.199937
0.020346
0.301550
0.306724
0.222680
0.323223
0.080679
0.366597
0.149279
0.144745
0.425745
0.210757
0.126327
0.235192
0.118829
0.079673
0.206341
0.142321
0.194074
0.208169
0.282278
0.252849
0.187757
0.158125
0.403783
0.107336
0.171506
0.254204
0.174799
0.167520
0.150708
0.284270
0.237081
0.119878
0.383184
0.272221
0.205423
0.329344
0.090225
0.407500
0.169099
0.152554
0.389080
0.181224
0.214637
0.099135
0.251226
0.113424
0.364363
0.163702
0.103770
0.356126
0.154699
0.331355
0.277827
0.107619
0.552567
0.240237
0.146560
0.258246
0.126600
0.188591
0.051079
0.288997
0.272734
0.187405
0.361189
0.165581
0.173854
0.253997
0.056759
0.454902
0.142926
0.236941
0.278803
0.151553
0.221590
0.090278
0.422288
0.198156
0.358569
0.090800
0.073111
0.512444
0.170785
0.341449
0.338448
0.109875
0.513785
0.309145
0.091183
0.177007
0.146758
0.172695
0.065026
0.215687
0.218834
0.162571
0.286204
0.196587
0.130659
0.182970
0.167042
0.484272
0.133860
0.306207
0.232244
0.121397
0.121763
0.259725
0.382483
0.232407
0.288681
0.041449
0.047759
0.443183
0.298359
0.330221
0.267394
0.173647
0.278651
0.294448
0.070057
0.103230
0.109773
0.200183
0.181781
0.128920
0.229261
0.154201
0.276973
0.259332
0.084195
0.112110
0.263292
0.376605
0.101276
0.320108
0.208211
0.045460
0.104429
0.275707
0.189165
0.111617
0.153649
0.149403
0.099033
0.289284
0.403186
0.331331
0.156747
0.282237
0.032790
0.215334
0.025028
0.233557
0.058480
0.200568
0.223260
0.154731
0.174735
0.159782
0.250559
0.172344
0.048394
0.182902
0.254454
0.102631
0.257542
0.194165
0.169396
0.014296
0.166226
0.238350
0.266115
0.183920
0.093986
0.199624
0.123920
0.145113
0.314011
0.293270
0.038352
0.288160
0.145580
0.136445
0.062228
0.381529
0.090015
0.212436
0.184166
0.208124
0.105923
0.142144
0.244780
0.060388
0.163820
0.145996
0.169045
0.158916
0.318317
0.091313
0.084233
0.072654
0.147573
0.227900
0.361813
0.220997
0.136906
0.259303
0.098105
0.120693
0.173034
0.161876
0.140070
0.134373
0.192227
0.183188
0.121855
0.300354
0.104758
0.189123
0.118735
0.134192
0.138400
0.106443
0.214287
0.040408
0.219235
0.161214
0.140659
0.268897
0.322954
0.068412
0.070335
0.169419
0.084431
0.155806
0.322094
0.280033
0.180932
0.276781
0.111940
0.270105
0.106366
0.143655
0.226140
0.123636
0.139422
0.182372
0.112410
0.077578
0.136352
0.161132
0.108878
0.067187
0.262627
0.087895
0.138607
0.080697
0.224051
0.279605
0.119416
0.303177
0.218237
0.071406
0.102086
0.209407
0.050401
0.157292
0.181536
0.295793
0.314089
0.169318
0.228578
0.350211
0.120620
0.075470
0.277693
0.318477
0.178060
0.175325
0.132206
0.124287
0.190154
0.122276
0.093983
0.070546
0.341184
0.174016
0.129360
0.036987
0.226064
0.352350
0.043007
0.245068
0.074461
0.081930
0.112196
0.173043
0.054193
0.222269
0.068219
0.311759
0.348241
0.095611
0.402668
0.324981
0.141174
0.045351
0.232203
0.378946
0.223299
0.155555
0.151522
0.133392
0.191496
0.126169
0.056430
0.020221
0.261900
0.206365
0.255650
0.019325
0.219965
0.442940
0.033171
0.110438
0.198626
0.049467
0.182041
0.118336
0.028338
0.113414
0.061727
0.284466
0.287580
0.079005
0.486321
0.320970
0.134404
0.062408
0.197342
0.283715
0.280620
0.173317
0.168657
0.042357
0.179256
0.081858
0.082744
0.016272
0.087858
0.177766
0.338181
0.031915
0.206663
0.428798
0.139791
0.139575
0.236968
0.108723
0.186039
0.151413
0.074039
0.021705
0.021871
0.264847
0.252301
0.076885
0.359653
0.265690
0.085947
0.089668
0.385682
0.187879
0.320524
0.201308
0.175475
0.107014
0.117714
0.055859
0.140174
0.085753
0.246083
0.155881
0.336941
0.161311
0.183239
0.262936
0.178594
0.125570
0.203036
0.099296
0.183606
0.251205
0.188482
0.116053
0.054460
0.190979
0.215270
0.086062
0.207862
0.207590
0.066536
0.136001
0.430716
0.195310
0.268613
0.186565
0.086838
0.241456
0.076955
0.211926
0.121549
0.176653
0.333784
0.117461
0.197531
0.229439
0.166084
0.213163
0.084665
0.100112
0.115816
0.027754
0.245928
0.251609
0.302097
0.133104
0.124249
0.091070
0.120008
0.231465
0.045894
0.176273
0.055899
0.095184
0.294274
0.212866
0.226786
0.124626
0.142208
0.329399
0.273807
0.303944
0.072272
0.212924
0.268292
0.205474
0.118787
0.187422
0.123756
0.338375
0.075078
0.067676
0.029288
0.196370
0.228660
0.162704
0.350265
0.141754
0.188313
0.076324
0.229272
0.304708
0.166641
0.308956
0.058982
0.284905
0.208263
0.208399
0.223654
0.247471
0.246322
0.280573
0.326424
0.311762
0.098544
0.171228
0.140338
0.341133
0.113552
0.132716
0.090446
0.323560
0.225613
0.075359
0.042149
0.278189
0.281994
0.114070
0.340203
0.158305
0.212976
0.184461
0.238768
0.238938
0.216802
0.345528
0.233022
0.333912
0.339158
0.184945
0.332102
0.331457
0.288057
0.119540
0.218575
0.327886
0.114322
0.157944
0.184687
0.278954
0.103548
0.174538
0.144313
0.253131
0.369933
0.063295
0.077683
0.179233
0.333351
0.136492
0.326108
0.209102
0.270221
0.172809
0.235733
0.144505
0.205729
0.253976
0.344393
0.303582
0.325316
0.184534
0.412823
0.204724
0.325714
0.053626
0.097278
0.260262
0.093510
0.089401
0.148506
0.108937
0.148260
0.183167
0.236780
0.172604
0.396963
0.071986
0.123538
0.049592
0.296794
0.209318
0.165943
0.212551
0.272638
0.112396
0.137560
0.165912
0.170965
0.181188
0.380004
0.274495
0.120341
0.155932
0.405553
0.104896
0.266028
0.114744
0.042593
0.164460
0.162052
0.083555
0.137322
0.250184
0.190124
0.183330
0.343211
0.139028
0.369130
0.191306
0.122609
0.229916
0.198340
0.213820
0.026051
0.120829
0.163300
0.071461
0.086218
0.209794
0.164353
0.167861
0.308258
0.312116
0.240388
0.125598
0.319411
0.140155
0.122539
0.153333
0.127150
0.133307
0.235503
0.250981
0.120695
0.322490
0.184723
0.157994
0.356920
0.038152
0.288046
0.281685
0.170150
0.243616
0.127927
0.127499
0.065264
0.217409
0.088993
0.084937
0.236745
0.119542
0.142947
0.120486
0.157517
0.291106
0.326218
0.079960
0.239790
0.161281
0.087443
0.276319
0.209830
0.140908
0.265624
0.276271
0.053237
0.317039
0.161926
0.139537
0.240947
0.042325
0.136531
0.217262
0.125742
0.177762
0.142639
0.023572
0.167408
0.318302
0.102680
0.174470
0.243341
0.087138
0.145888
0.046427
0.125453
0.207808
0.305162
0.106891
0.161405
0.231217
0.113626
0.379630
0.169836
0.241931
0.155674
0.196020
0.122056
0.306059
0.091679
0.122444
0.091818
0.150297
0.156651
0.224408
0.030848
0.195128
0.355816
0.185478
0.228583
0.363871
0.110662
0.265279
0.195920
0.168984
0.108596
0.027711
0.071674
0.161210
0.292687
0.074656
0.075917
0.375309
0.056686
0.396803
0.105825
0.326488
0.121246
0.168157
0.131778
0.257024
0.072543
0.061241
0.087774
0.203144
0.228626
0.171392
0.120582
0.200768
0.479728
0.290250
0.215474
0.344068
0.066590
0.184365
0.163682
0.212116
0.072319
0.075584
0.210053
0.064085
0.187967
0.103956
0.193968
0.422676
0.093832
0.351830
0.025487
0.319011
0.081694
0.175775
0.104383
0.168552
0.146664
0.059802
0.216208
0.109629
0.205949
0.097660
0.096572
0.216635
0.427151
0.296786
0.154948
0.213584
0.199737
0.041514
0.132822
0.261120
0.045625
0.139912
0.349737
0.298413
0.078296
0.169896
0.213640
0.441227
0.100072
0.295750
0.153693
0.226176
0.054631
0.145175
0.152406
0.096619
0.135646
0.185597
0.184255
0.059670
0.184819
0.080650
0.017609
0.247644
0.359727
0.368744
0.071165
0.160197
0.449108
0.106656
0.078152
0.319106
0.015844
0.310688
0.350123
0.318206
0.045408
0.245534
0.212707
0.402820
0.135998
0.189131
0.245855
0.147894
0.218266
0.057196
0.153912
0.064953
0.112885
0.334366
0.060467
0.170767
0.134246
0.089277
0.073838
0.174835
0.283923
0.396105
0.050464
0.198980
0.590432
0.100196
0.078683
0.235082
0.128325
0.435317
0.265403
0.259854
0.196697
0.202254
0.257028
0.327304
0.146799
0.100791
0.250823
0.066549
0.320600
0.179620
0.105494
0.078516
0.067530
0.403769
0.183072
0.109531
0.202897
0.177127
0.209241
0.113951
0.111414
0.432705
0.106961
0.193802
0.446789
0.124533
0.111422
0.113088
0.257357
0.459300
0.272267
0.230789
0.240777
0.120039
0.317705
0.327751
0.156240
0.066404
0.219321
0.090058
0.361593
0.354861
0.087642
0.132497
0.114817
0.291768
0.237928
0.077118
0.277481
0.124169
0.300576
0.143748
0.067708
0.438655
0.120338
0.122296
0.130194
0.124950
0.138916
0.198673
0.363203
0.380811
0.312576
0.171767
0.203865
0.107583
0.444483
0.233210
0.149732
0.239935
0.082083
0.070452
0.341807
0.506444
0.076838
0.233157
0.138509
0.194129
0.245136
0.262233
0.350909
0.145988
0.258058
0.101909
0.144624
0.370354
0.064147
0.137897
0.110613
0.100362
0.140874
0.188871
0.422065
0.325692
0.231034
0.110904
0.215746
0.115734
0.474928
0.116203
0.128106
0.389136
0.066670
0.212537
0.216483
0.524868
0.108388
0.285929
0.156066
0.188319
0.216047
0.266124
0.391421
0.224303
0.092166
0.049900
0.249777
0.255336
0.080288
0.202515
0.204229
0.070718
0.084480
0.029782
0.393790
0.215101
0.215630
0.040120
0.291700
0.118271
0.382089
0.114343
0.223014
0.369561
0.154396
0.269334
0.235076
0.412021
0.145173
0.253564
0.153250
0.132964
0.125387
0.105116
0.360485
0.158901
0.108058
0.085899
0.386628
0.159500
0.249324
0.246568
0.182461
0.129337
0.143264
0.176301
0.258341
0.195973
0.349487
0.045575
0.187621
0.169548
0.226288
0.147471
0.226742
0.282783
0.205257
0.210044
0.294323
0.223750
0.099097
0.125353
0.052436
0.176481
0.096125
0.064499
0.283554
0.026069
0.230131
0.112951
0.361383
0.113416
0.332694
0.199762
0.087153
0.200322
0.228297
0.306729
0.092601
0.168109
0.331333
0.142083
0.036174
0.204501
0.098702
0.143108
0.207323
0.207624
0.178051
0.171486
0.198853
0.088896
0.026243
0.102060
0.134713
0.266368
0.127330
0.137038
0.189962
0.197390
0.290668
0.066025
0.196027
0.203078
0.277354
0.110577
0.059845
0.174632
0.138273
0.302681
0.115933
0.250078
0.202309
0.230590
0.179166
0.203030
0.184716
0.156246
0.411421
0.152633
0.096219
0.089754
0.161568
0.151988
0.078842
0.126314
0.250487
0.226488
0.113700
0.201006
0.110547
0.213255
0.251595
0.089085
0.112004
0.217405
0.210720
0.044010
0.108505
0.075261
0.033293
0.192863
0.326784
0.199333
0.009126
0.225167
0.255093
0.144933
0.189636
0.189119
0.487541
0.149585
0.075140
0.068191
0.196025
0.252900
0.203961
0.128205
0.254265
0.170715
0.081962
0.145866
0.074718
0.144171
0.160394
0.141151
0.093001
0.187335
0.159030
0.041846
0.135950
0.236529
0.126150
0.260446
0.470668
0.158849
0.131499
0.182274
0.186105
0.025229
0.056545
0.293556
0.361103
0.168385
0.040018
0.150792
0.119814
0.165059
0.257178
0.093141
0.158409
0.144963
0.188630
0.107493
0.087749
0.110824
0.208138
0.115086
0.054579
0.210698
0.077466
0.056864
0.078808
0.357995
0.209752
0.310119
0.459871
0.237169
0.175345
0.191397
0.113094
0.156466
0.082453
0.372446
0.169251
0.125895
0.156903
0.177835
0.056563
0.159974
0.316983
0.117075
0.086724
0.176022
0.310782
0.068859
0.147299
0.028783
0.251865
0.060816
0.049535
0.283734
0.037416
0.056373
0.118680
0.336939
0.278894
0.303913
0.361106
0.197437
0.128908
0.153167
0.083324
0.205050
0.145301
0.371819
0.101315
0.071270
0.292839
0.178076
0.075872
0.191371
0.388635
0.098333
0.027584
0.147245
0.413318
0.023921
0.306162
0.069177
0.233718
0.090490
0.142784
0.345352
0.114420
0.115589
0.175713
0.200186
0.252455
0.231511
0.218889
0.043043
0.073645
0.017506
0.033135
0.199899
0.140242
0.296264
0.153291
0.091998
0.341387
0.145410
0.125041
0.083218
0.382215
0.146331
0.067885
0.208043
0.475258
0.079868
0.381439
0.100958
0.144017
0.140643
0.275832
0.287635
0.229467
0.107830
0.157752
0.170336
0.187989
0.189491
0.051031
0.125416
0.129348
0.053850
0.039225
0.146944
0.100513
0.207936
0.192721
0.135633
0.300769
0.161870
0.119100
0.099167
0.282493
0.278982
0.085046
0.232561
0.477939
0.165111
0.330939
0.202580
0.046718
0.099941
0.334138
0.198483
0.212752
0.052018
0.166748
0.252782
0.108171
0.116054
0.237300
0.116274
0.149312
0.072209
0.043237
0.025376
0.119533
0.249334
0.232570
0.181830
0.164226
0.079227
0.202832
0.212506
0.160832
0.313848
0.131571
0.063241
0.368332
0.181278
0.251762
0.228337
0.207486
0.135035
0.253720
0.120235
0.272911
0.051928
0.098903
0.252069
0.056788
0.064282
0.339230
0.161856
0.031787
0.226422
0.060297
0.218867
0.229622
0.295694
0.217996
0.209458
0.030241
0.119728
0.235006
0.305288
0.143754
0.226016
0.180462
0.171863
0.261291
0.152510
0.238028
0.167656
0.325807
0.183580
0.102703
0.119966
0.289033
0.113398
0.064970
0.282522
0.067228
0.145705
0.288717
0.116536
0.152634
0.426053
0.102904
0.249831
0.305943
0.215680
0.138619
0.131976
0.098352
0.161844
0.121900
0.300336
0.287241
0.116546
0.160987
0.362942
0.157519
0.099317
0.262960
0.219180
0.375506
0.245709
0.135763
0.121178
0.257034
0.176991
0.146054
0.292710
0.088850
0.253555
0.178694
0.048402
0.153931
0.453113
0.167035
0.222727
0.261217
0.150797
0.062278
0.049140
0.170115
0.207780
0.005792
0.165910
0.377283
0.165942
0.117839
0.500644
0.039109
0.161484
0.193863
0.150026
0.287565
0.255976
0.169692
0.012884
0.324288
0.243744
0.218959
0.226712
0.130907
0.333236
0.145421
0.110493
0.075512
0.409721
0.210291
0.303417
0.128701
0.295103
0.112671
0.054580
0.206068
0.220517
0.072036
0.070771
0.518381
0.250972
0.044911
0.410080
0.044404
0.209563
0.085341
0.033975
0.201957
0.074436
0.168057
0.171607
0.342601
0.216142
0.254454
0.208763
0.122798
0.416729
0.104230
0.250938
0.082641
0.262922
0.186158
0.304417
0.107303
0.383577
0.116857
0.076951
0.147481
0.156918
0.170066
0.211435
0.613350
0.278069
0.095798
0.190478
0.103581
0.210402
0.073969
0.167648
0.267558
0.228784
0.247922
0.253774
0.307483
0.174110
0.185044
0.161988
0.087595
0.402219
0.110837
0.301549
0.090608
0.105100
0.232642
0.211903
0.300566
0.306289
0.092307
0.093395
0.062787
0.112890
0.271143
0.161031
0.546821
0.241230
0.199124
0.082258
0.209392
0.100802
0.280106
0.246093
0.227137
0.413697
0.308676
0.331784
0.224047
0.216499
0.104635
0.064481
0.042538
0.363555
0.212630
0.283769
0.054457
0.014217
0.254200
0.080725
0.442621
0.163490
0.077904
0.048634
0.095490
0.049740
0.293128
0.144186
0.343279
0.265140
0.209983
0.181301
0.315179
0.081008
0.421024
0.143140
0.129799
0.465954
0.270377
0.459439
0.174048
0.192184
0.010694
0.146792
0.112033
0.399876
0.247319
0.275245
0.109483
0.057382
0.212698
0.119042
0.395864
0.048871
0.024107
0.192968
0.227682
0.041162
0.299008
0.271495
0.184279
0.232243
0.201782
0.285726
0.292291
0.144412
0.372518
0.089796
0.105543
0.430200
0.144668
0.565244
0.172881
0.064153
0.054694
0.240114
0.263074
0.372275
0.241259
0.096817
0.277794
0.072631
0.173899
0.188632
0.326711
0.142392
0.121050
0.307215
0.184228
0.172380
0.254185
0.206050
0.113503
0.130642
0.230693
0.364869
0.096169
0.144446
0.265079
0.154348
0.160529
0.338385
0.035780
0.538408
0.238723
0.094156
0.075433
0.295252
0.392673
0.352518
0.279778
0.118581
0.310185
0.025699
0.181450
0.227472
0.379814
0.202936
0.186039
0.286760
0.073985
0.348508
0.143269
0.064169
0.144730
0.025533
0.246976
0.326646
0.041898
0.097057
0.210913
0.162856
0.279076
0.244240
0.095635
0.335342
0.332821
0.171706
0.073801
0.267331
0.439668
0.229228
0.224531
0.204680
0.237785
0.062134
0.234177
0.225802
0.345686
0.260738
0.217500
0.165164
0.106678
0.396667
0.024426
0.171327
0.163288
0.102881
0.213935
0.148954
0.058501
0.093928
0.160070
0.186083
0.356661
0.213376
0.110517
0.152732
0.260547
0.171669
0.041521
0.209935
0.417185
0.174957
0.125571
0.236139
0.139124
0.103260
0.227298
0.278903
0.211560
0.344546
0.216561
0.047286
0.202456
0.270129
0.132817
0.294457
0.172375
0.296374
0.306016
0.098964
0.035767
0.199143
0.110059
0.183940
0.406276
0.217498
0.097636
0.066206
0.123145
0.164478
0.066922
0.249280
0.370609
0.205792
0.056176
0.230362
0.097216
0.231735
0.155993
0.320069
0.102572
0.385897
0.140562
0.030422
0.265769
0.113586
0.187658
0.334405
0.146491
0.405768
0.392399
0.152581
0.091397
0.132377
0.118039
0.113638
0.333492
0.135954
0.134710
0.050937
0.126544
0.193648
0.037657
0.295586
0.259267
0.276840
0.086600
0.152174
0.119962
0.276864
0.170396
0.275441
0.062062
0.274190
0.147284
0.050118
0.360248
0.256420
0.173458
0.358580
0.110467
0.371391
0.344411
0.114228
0.190354
0.113368
0.212581
0.030035
0.255771
0.238228
0.057193
0.111241
0.253956
0.291155
0.066183
0.334755
0.178954
0.190787
0.262240
0.161874
0.025207
0.241305
0.303271
0.129283
0.071168
0.083027
0.090826
0.095152
0.397585
0.346928
0.106539
0.333800
0.101733
0.214363
0.246381
0.125138
0.202099
0.178630
0.360297
0.055737
0.157158
0.300709
0.037224
0.127759
0.303911
0.386292
0.166574
0.328131
0.166493
0.106203
0.367638
0.104105
0.199178
0.223135
0.333801
0.121236
0.279486
0.004743
0.097675
0.105747
0.270656
0.331639
0.105382
0.322349
0.070860
0.222749
0.246770
0.102583
0.107835
0.218911
0.412978
0.165252
0.118318
0.372220
0.024814
0.105473
0.202249
0.329444
0.246664
0.322047
0.156022
0.038383
0.390472
0.014087
0.273252
0.126012
0.368170
0.268053
0.362402
0.015747
0.173142
0.146162
0.089747
0.253391
0.255121
0.234063
0.080427
0.340852
0.377552
0.127553
0.176564
0.108530
0.364726
0.252359
0.106866
0.308311
0.026524
0.146192
0.122768
0.175957
0.277487
0.274907
0.103433
0.021429
0.281858
0.105776
0.202565
0.090691
0.362695
0.263309
0.276078
0.140830
0.233830
0.194676
0.054054
0.222905
0.409117
0.069781
0.027971
0.338766
0.385253
0.231356
0.160895
0.077608
0.232613
0.309227
0.110960
0.194467
0.051839
0.188014
0.127005
0.056219
0.360379
0.181401
0.109234
0.029062
0.087919
0.267950
0.080158
0.078968
0.230099
0.249512
0.202915
0.238763
0.289102
0.169948
0.177328
0.215975
0.342888
0.110491
0.095690
0.170212
0.271876
0.262516
0.115582
0.145069
0.105507
0.249832
0.183478
0.183249
0.095538
0.155630
0.103506
0.237945
0.304145
0.188593
0.077141
0.053881
0.062754
0.371196
0.263344
0.082251
0.091834
0.232489
0.144815
0.184255
0.254056
0.166389
0.321459
0.138991
0.092325
0.197736
0.179947
0.135382
0.171422
0.132191
0.010869
0.271945
0.183358
0.189808
0.179952
0.076847
0.034738
0.166614
0.103645
0.348388
0.364618
0.126845
0.168219
0.088048
0.100207
0.248697
0.447008
0.074375
0.015002
0.301776
0.064021
0.077386
0.170175
0.126454
0.448652
0.027640
0.159105
0.291749
0.197920
0.245461
0.112540
0.059927
0.100105
0.383605
0.282371
0.245609
0.129975
0.035689
0.104418
0.203714
0.134527
0.292910
0.289544
0.090268
0.233589
0.168409
0.117049
0.021447
0.479516
0.112164
0.074205
0.267071
0.115117
0.011302
0.073500
0.068607
0.473878
0.140959
0.338497
0.309247
0.118633
0.276278
0.108460
0.114553
0.111041
0.351965
0.180851
0.157022
0.134306
0.070830
0.075764
0.271533
0.140269
0.159789
0.234510
0.221442
0.189992
0.270012
0.136999
0.221018
0.387812
0.026766
0.203906
0.110188
0.187503
0.019218
0.062333
0.091548
0.399007
0.277854
0.393786
0.205853
0.034103
0.291304
0.196071
0.077932
0.039099
0.206376
0.067305
0.108334
0.287238
0.141989
0.038696
0.244793
0.151774
0.129905
0.123703
0.249123
0.136035
0.350165
0.028671
0.336626
0.252609
0.089305
0.226126
0.176517
0.254628
0.146113
0.095228
0.162897
0.304694
0.299492
0.388682
0.140902
0.041566
0.335801
0.278573
0.032243
0.207220
0.133025
0.081912
0.254778
0.257617
0.314225
0.046745
0.207664
0.058298
0.227433
0.110675
0.149209
0.115999
0.328008
0.105423
0.317705
0.106360
0.131951
0.187235
0.249629
0.290376
0.218644
0.150944
0.199816
0.227163
0.141543
0.360213
0.114596
0.108652
0.326073
0.303645
0.096568
0.351421
0.160594
0.282630
0.315804
0.181816
0.340729
0.036707
0.155168
0.129830
0.329255
0.172730
0.178044
0.037487
0.293634
0.128810
0.180010
0.045061
0.126532
0.258153
0.189969
0.211856
0.150891
0.124106
0.198777
0.300188
0.129945
0.257159
0.129989
0.169716
0.355654
0.206080
0.161374
0.316611
0.084044
0.410598
0.343329
0.034548
0.258137
0.068338
0.113060
0.121691
0.348646
0.178561
0.152657
0.143199
0.246352
0.106825
0.085300
0.131164
0.107984
0.306817
0.066137
0.032560
0.071174
0.141981
0.131646
0.266717
0.173104
0.119955
0.139141
0.171940
0.384243
0.042594
0.215771
0.251258
0.058568
0.412298
0.299977
0.151372
0.225302
0.032151
0.251765
0.062848
0.297676
0.117195
0.101065
0.279357
0.106079
0.111030
0.230106
0.213159
0.072907
0.300211
0.082207
0.134978
0.070047
0.153713
0.044511
0.270626
0.120548
0.064143
0.078716
0.115327
0.218874
0.159160
0.287910
0.214801
0.139475
0.327331
0.242692
0.205080
0.318076
0.049155
0.299240
0.112627
0.313739
0.107949
0.137624
0.255079
0.289778
0.185421
0.259785
0.219697
0.067957
0.233055
0.179095
0.174766
0.126092
0.139557
0.104083
0.375726
0.052532
0.082364
0.007459
0.106595
0.078090
0.212721
0.240315
0.211513
0.138753
0.247093
0.199516
0.151335
0.353206
0.072242
0.333695
0.167931
0.239136
0.231272
0.176738
0.201159
0.386092
0.045473
0.178102
0.207691
0.093683
0.187043
0.317169
0.170371
0.140084
0.195597
0.185758
0.321599
0.078869
0.123527
0.034928
0.162058
0.245745
0.340530
0.237764
0.291988
0.127799
0.290174
0.068769
0.054675
0.418122
0.034143
0.315005
0.137323
0.125087
0.261181
0.165305
0.130948
0.361903
0.250698
0.133233
0.236633
0.181491
0.206367
0.378093
0.132837
0.089993
0.227124
0.199515
0.204786
0.133045
0.162714
0.131440
0.160448
0.310743
0.446061
0.311013
0.322847
0.146499
0.352332
0.120149
0.018276
0.398406
0.071592
0.333070
0.124151
0.171966
0.232454
0.209665
0.100238
0.306827
0.342511
0.162880
0.321233
0.286780
0.241438
0.351286
0.045184
0.088747
0.202110
0.157559
0.021815
0.105794
0.240297
0.135889
0.143322
0.353438
0.400386
0.263716
0.262544
0.077855
0.359103
0.237708
0.082555
0.245233
0.142149
0.235274
0.086442
0.197030
0.256838
0.210855
0.094485
0.303476
0.261384
0.197698
0.456860
0.238998
0.213055
0.251806
0.085743
0.099390
0.128703
0.097083
0.140491
0.113891
0.178565
0.040325
0.264800
0.263765
0.266165
0.270008
0.141368
0.046975
0.256732
0.250362
0.170205
0.210664
0.177342
0.119106
0.100206
0.192117
0.262620
0.169730
0.115563
0.294854
0.219141
0.194789
0.501261
0.188305
0.155508
0.155807
0.113208
0.101177
0.167784
0.061973
0.206745
0.125633
0.064863
0.193988
0.347493
0.159568
0.088160
0.230785
0.044921
0.102167
0.201733
0.141176
0.177529
0.271160
0.193150
0.103277
0.277549
0.252652
0.265219
0.027973
0.183399
0.260307
0.151104
0.129717
0.459748
0.231199
0.128241
0.140997
0.230622
0.164328
0.137179
0.035692
0.177402
0.178342
0.127890
0.217961
0.387031
0.207363
0.108150
0.184390
0.143482
0.184773
0.239076
0.030248
0.169459
0.207435
0.173181
0.220032
0.352090
0.354610
0.180754
0.167972
0.257455
0.130368
0.041604
0.080640
