# G_2, p = 0.6000 GPa (dir_6000.0_bar).
# 6MR distortion Gamma = (1/2)(max - min) over the three opposite-O diagonals.
# 16 rings x 101 frames = 1616 samples.
# Column: per-6MR Gamma [A]
0.001766
0.001726
0.001735
0.001763
0.001659
0.001639
0.001840
0.001842
0.001721
0.001763
0.001759
0.001719
0.001641
0.001626
0.001829
0.001839
0.154437
0.040589
0.065452
0.095075
0.100934
0.095961
0.153712
0.040982
0.064629
0.157835
0.110692
0.022765
0.095043
0.309270
0.120962
0.084129
0.223614
0.112712
0.114852
0.045759
0.168047
0.099713
0.173585
0.068020
0.134408
0.343836
0.176895
0.088532
0.112154
0.492434
0.246378
0.104418
0.158132
0.132475
0.114330
0.162395
0.264878
0.116477
0.070956
0.065682
0.090805
0.454455
0.205751
0.087967
0.146596
0.446537
0.330902
0.165978
0.087577
0.044288
0.216438
0.281579
0.322929
0.113667
0.054938
0.110639
0.091417
0.353497
0.195257
0.117506
0.225218
0.434263
0.312803
0.216410
0.066675
0.153366
0.252452
0.317602
0.224508
0.082096
0.217843
0.148943
0.116638
0.223278
0.107710
0.184526
0.188876
0.415546
0.281634
0.160511
0.158192
0.160505
0.262418
0.361066
0.113391
0.232416
0.369068
0.153080
0.144383
0.267580
0.041683
0.129310
0.119871
0.376193
0.296188
0.041640
0.118347
0.090588
0.335644
0.311338
0.041529
0.424299
0.408922
0.128752
0.209367
0.363093
0.157731
0.029989
0.114356
0.288559
0.239857
0.128703
0.052122
0.177180
0.382164
0.249399
0.071987
0.466864
0.352057
0.116528
0.247235
0.431694
0.234989
0.113116
0.143359
0.260790
0.107576
0.152625
0.116356
0.185342
0.423604
0.207978
0.128047
0.346609
0.315602
0.094815
0.263887
0.340406
0.280941
0.042552
0.233295
0.372143
0.048811
0.195860
0.171863
0.141332
0.440101
0.168177
0.096185
0.130638
0.235378
0.109859
0.187321
0.237741
0.227927
0.068069
0.258885
0.295594
0.119074
0.292624
0.195069
0.089906
0.325066
0.142706
0.060189
0.061404
0.152949
0.043938
0.186849
0.124524
0.193500
0.082076
0.202821
0.154466
0.253870
0.319146
0.152403
0.159635
0.177516
0.209126
0.090502
0.148132
0.163817
0.161858
0.249819
0.161146
0.141111
0.044957
0.073831
0.310914
0.382184
0.315528
0.092208
0.245323
0.083656
0.255561
0.182030
0.204168
0.211156
0.170101
0.240026
0.201711
0.076707
0.137527
0.124737
0.373068
0.305727
0.247716
0.105671
0.276464
0.161720
0.276222
0.225319
0.242765
0.212629
0.128718
0.210758
0.123222
0.096018
0.221974
0.218468
0.355386
0.141291
0.116318
0.078176
0.217084
0.199966
0.270393
0.168035
0.221283
0.198054
0.080837
0.166710
0.075660
0.190063
0.248892
0.279546
0.281893
0.057395
0.083225
0.058382
0.105721
0.196178
0.347850
0.246818
0.144251
0.193977
0.062826
0.155896
0.087863
0.167453
0.192621
0.291497
0.178435
0.239997
0.204790
0.043543
0.098255
0.209958
0.365370
0.253589
0.089209
0.196905
0.192921
0.256205
0.085039
0.161353
0.086385
0.189711
0.109735
0.222613
0.273852
0.061688
0.153709
0.222924
0.278875
0.170826
0.055312
0.101023
0.256480
0.244513
0.157743
0.114829
0.109328
0.072671
0.088268
0.107329
0.278224
0.125066
0.199149
0.219998
0.275873
0.142497
0.066228
0.080018
0.243220
0.348954
0.240148
0.060768
0.331187
0.114089
0.105210
0.083603
0.130161
0.138888
0.246937
0.272726
0.371732
0.174924
0.187771
0.143821
0.244091
0.411198
0.282471
0.125788
0.471870
0.260492
0.100178
0.104257
0.216214
0.132274
0.240567
0.310559
0.422590
0.153017
0.206681
0.215224
0.256426
0.379800
0.246302
0.188256
0.511630
0.316354
0.097965
0.048255
0.320574
0.196111
0.193780
0.256694
0.253576
0.028735
0.194368
0.176344
0.280669
0.307615
0.150752
0.141794
0.375260
0.301482
0.235956
0.103106
0.288000
0.157770
0.163294
0.240385
0.028479
0.115481
0.235669
0.043491
0.303623
0.160911
0.235110
0.024906
0.222069
0.242969
0.302764
0.124695
0.164340
0.115198
0.112102
0.218282
0.198850
0.199933
0.234988
0.118707
0.258459
0.095811
0.273202
0.084064
0.129557
0.179444
0.253345
0.100275
0.091373
0.192083
0.156786
0.191070
0.264649
0.209131
0.104383
0.209391
0.173568
0.192121
0.152318
0.118099
0.114287
0.118158
0.085230
0.106527
0.128032
0.239240
0.229845
0.178984
0.222261
0.231755
0.156147
0.122872
0.109028
0.239532
0.035404
0.161902
0.158746
0.137076
0.111614
0.107191
0.215518
0.258314
0.176739
0.066007
0.279640
0.249932
0.363007
0.107056
0.065597
0.211898
0.069760
0.218650
0.193199
0.087199
0.227893
0.047939
0.193102
0.264888
0.053189
0.142613
0.384734
0.236687
0.400914
0.098552
0.170835
0.207151
0.181208
0.227591
0.199580
0.063940
0.280475
0.183005
0.027546
0.273916
0.247209
0.290031
0.440003
0.202871
0.413137
0.164731
0.134348
0.269758
0.183320
0.185772
0.195865
0.119064
0.300951
0.372519
0.185479
0.320319
0.317341
0.344813
0.429447
0.151888
0.329740
0.195051
0.087191
0.177411
0.127005
0.216685
0.134444
0.126582
0.273745
0.309265
0.323610
0.271533
0.220894
0.290864
0.248459
0.154940
0.138856
0.222702
0.165496
0.078969
0.155267
0.187616
0.147324
0.081094
0.196496
0.200449
0.364939
0.139452
0.127541
0.201127
0.137584
0.163422
0.223383
0.189135
0.231512
0.038617
0.148192
0.037698
0.142405
0.042948
0.129738
0.145078
0.272869
0.286568
0.061602
0.243174
0.374911
0.108506
0.332769
0.178958
0.198757
0.167085
0.149265
0.210429
0.120655
0.106214
0.145641
0.104686
0.111665
0.331232
0.022016
0.265210
0.513419
0.044322
0.401675
0.143598
0.120620
0.202532
0.119687
0.191253
0.149689
0.116747
0.090941
0.048201
0.178052
0.210492
0.130929
0.143649
0.460083
0.054712
0.327554
0.170826
0.038587
0.237585
0.015737
0.115344
0.073672
0.081541
0.054351
0.085013
0.137069
0.086824
0.122892
0.168501
0.301409
0.100361
0.427291
0.167863
0.058650
0.309987
0.081297
0.102126
0.059178
0.334499
0.236857
0.145094
0.011672
0.095459
0.118891
0.256285
0.150514
0.187891
0.418356
0.167796
0.145969
0.339330
0.084916
0.072013
0.155052
0.457130
0.456012
0.112203
0.060059
0.085102
0.076901
0.251461
0.087238
0.192804
0.260183
0.130394
0.198740
0.316449
0.147875
0.026865
0.227140
0.342591
0.448975
0.051495
0.101619
0.027994
0.010118
0.278821
0.111954
0.086162
0.062881
0.202540
0.249593
0.167501
0.124843
0.061008
0.215873
0.238027
0.258527
0.015333
0.161896
0.067410
0.011476
0.368330
0.121168
0.106164
0.273417
0.201243
0.192295
0.020565
0.130340
0.086437
0.132778
0.143133
0.054459
0.067358
0.147554
0.215629
0.013144
0.373300
0.098892
0.174976
0.389117
0.125971
0.012158
0.093397
0.240173
0.059643
0.126097
0.090130
0.129131
0.150562
0.194936
0.227724
0.114508
0.291846
0.161103
0.206762
0.405888
0.063319
0.100615
0.133496
0.317559
0.064143
0.156761
0.055172
0.221272
0.163505
0.171720
0.142541
0.273651
0.168573
0.250216
0.164389
0.316737
0.076198
0.153808
0.087636
0.223394
0.087053
0.119475
0.084257
0.214770
0.196822
0.174379
0.129931
0.299236
0.203011
0.194705
0.127755
0.183943
0.121725
0.201389
0.044924
0.073778
0.157264
0.019830
0.066526
0.159424
0.238274
0.166101
0.155464
0.328556
0.291989
0.115118
0.151093
0.084663
0.104130
0.290401
0.135329
0.185683
0.185085
0.119972
0.190863
0.177018
0.197264
0.039707
0.102097
0.286710
0.414354
0.177671
0.243436
0.137598
0.028845
0.357369
0.234506
0.262351
0.169324
0.195778
0.260335
0.186225
0.215238
0.168407
0.128411
0.250776
0.410220
0.179230
0.320529
0.131959
0.047663
0.372858
0.244713
0.229199
0.252697
0.141295
0.272126
0.171343
0.279530
0.267310
0.207428
0.204355
0.285791
0.173680
0.338823
0.012820
0.126029
0.358700
0.224161
0.246537
0.281932
0.077636
0.198535
0.209515
0.320700
0.290918
0.111208
0.223264
0.312502
0.212114
0.243229
0.148198
0.226104
0.236327
0.181642
0.158604
0.201740
0.102084
0.070379
0.204072
0.307896
0.262962
0.036023
0.238293
0.329418
0.221884
0.169326
0.201861
0.275599
0.129572
0.139769
0.100367
0.222493
0.072380
0.088829
0.097767
0.253323
0.112395
0.140526
0.280395
0.362379
0.130495
0.204914
0.214675
0.270060
0.273531
0.067417
0.134542
0.246537
0.024073
0.191728
0.039539
0.211087
0.176619
0.203646
0.387172
0.396153
0.084542
0.099507
0.282747
0.151332
0.341207
0.126977
0.190895
0.166576
0.030092
0.209576
0.082240
0.114985
0.366712
0.246120
0.365517
0.310555
0.104467
0.165726
0.222275
0.062829
0.336509
0.134584
0.178303
0.158361
0.075713
0.215734
0.090141
0.089011
0.482445
0.268763
0.302763
0.288025
0.170898
0.364687
0.100436
0.098754
0.229221
0.164795
0.133427
0.176208
0.153838
0.226036
0.100291
0.285066
0.490582
0.171201
0.322445
0.211906
0.250261
0.439484
0.083700
0.085370
0.214136
0.206978
0.126192
0.118755
0.237304
0.255651
0.130452
0.346621
0.397203
0.112099
0.315557
0.156682
0.283979
0.410623
0.031914
0.047363
0.229735
0.207718
0.188615
0.063610
0.223957
0.321856
0.170378
0.212431
0.284546
0.059127
0.266088
0.153780
0.245846
0.290325
0.048122
0.090077
0.191337
0.305323
0.173206
0.088352
0.144537
0.304198
0.238489
0.070049
0.202285
0.021699
0.222018
0.137314
0.198750
0.279187
0.037300
0.110639
0.180792
0.348076
0.027471
0.154462
0.074954
0.112385
0.237314
0.011256
0.110520
0.080323
0.246899
0.084601
0.165392
0.204614
0.135808
0.090313
0.198818
0.264515
0.218554
0.209998
0.113310
0.125345
0.171395
0.037393
0.084103
0.104899
0.208834
0.075136
0.127499
0.076192
0.257121
0.050732
0.191939
0.136845
0.389828
0.207349
0.199500
0.248280
0.130568
0.023122
0.090241
0.167700
0.210629
0.075174
0.150769
0.093626
0.261398
0.113321
0.185696
0.127877
0.433799
0.097082
0.172015
0.290334
0.103458
0.089001
0.182762
0.176375
0.124652
0.041497
0.169165
0.149511
0.199040
0.233324
0.133489
0.168699
0.470768
0.117459
0.067152
0.282455
0.044678
0.172064
0.281222
0.112130
0.050158
0.062013
0.166251
0.152310
0.148795
0.283068
0.172511
0.163755
0.449410
0.103928
0.145377
0.215134
0.191692
0.259719
0.215850
0.097854
0.117250
0.112332
0.133586
0.192144
0.227485
0.250303
0.196388
0.113576
0.264749
0.045679
0.287796
0.165568
0.263224
0.267160
0.079832
0.161541
0.155311
0.124566
0.026405
0.243747
0.333080
0.193189
0.247384
0.131942
0.211378
0.051717
0.293339
0.082388
0.214098
0.172826
0.069370
0.196870
0.097310
0.111626
0.087656
0.276806
0.393016
0.132742
0.256730
0.187597
0.293629
0.120576
0.254089
0.176548
0.161145
0.103810
0.120497
0.147376
0.122210
0.171268
0.147620
0.228344
0.391176
0.170562
0.258761
0.259385
0.277122
0.181919
0.230691
0.266816
0.186367
0.132305
0.077366
0.055363
0.234750
0.329241
0.176492
0.150246
0.389434
0.173171
0.326941
0.353965
0.203143
0.208252
0.196927
0.276714
0.084728
0.142952
0.032908
0.036777
0.413952
0.331988
0.213508
0.099220
0.344042
0.108489
0.309867
0.339650
0.165522
0.175687
0.116505
0.204353
0.120680
0.116379
0.157542
0.135274
0.503088
0.197160
0.230303
0.129614
0.245625
0.129675
0.317034
0.206161
0.353351
0.155570
0.081918
0.196723
0.212469
0.130063
0.244311
0.253223
0.503818
0.207738
0.174701
0.157023
0.184604
0.162298
0.240053
0.134073
0.545009
0.168901
0.094507
0.153745
0.196613
0.290217
0.278653
0.292340
0.394495
0.180146
0.131654
0.101868
0.296834
0.151387
0.093577
0.131389
0.542631
0.240960
0.162300
0.147338
0.144242
0.374888
0.188471
0.298254
0.165365
0.124696
0.136473
0.069608
0.381732
0.190270
0.037733
0.146084
0.426872
0.298884
0.196910
0.134803
0.205397
0.315984
0.144908
0.205124
0.112756
0.119637
0.101366
0.167599
0.394111
0.272694
0.068158
0.152951
0.442176
0.321111
0.090412
0.108258
0.332284
0.249059
0.394037
0.047073
0.228564
0.138548
0.074275
0.219660
0.377325
0.250155
0.108073
0.167711
0.357438
0.292302
0.084336
0.142915
0.331285
0.262538
0.402294
0.087590
0.306062
0.148759
0.255220
0.211820
0.261955
0.150893
0.128585
0.163219
0.251390
0.239763
0.139418
0.138469
0.331137
0.229594
0.330128
0.133146
0.184137
0.166427
0.380796
0.176534
0.127048
0.149068
0.237308
0.041789
0.141234
0.218599
0.175595
0.177769
0.190992
0.158783
0.231007
0.133559
0.035966
0.230590
0.416401
0.111284
0.121283
0.187407
0.319267
0.176903
0.027842
0.109961
0.177378
0.228492
0.143433
0.104906
0.090057
0.162037
0.133525
0.292684
0.387155
0.111617
0.194509
0.261720
0.429657
0.247966
0.072287
0.200611
0.058485
0.243141
0.206294
0.132220
0.043923
0.117711
0.159024
0.328568
0.323328
0.146387
0.146800
0.213343
0.383596
0.196759
0.144448
0.378043
0.113622
0.164024
0.367012
0.289857
0.095991
0.082467
0.148323
0.259976
0.209936
0.080384
0.198933
0.082324
0.186813
0.186528
0.179802
0.403931
0.089593
0.168252
0.468149
0.318274
0.149479
0.235713
0.160911
0.163550
0.146607
0.024614
0.246655
0.082384
0.156772
0.180403
0.268128
0.318840
0.135471
0.152908
0.335156
0.276927
0.211172
0.268711
0.135995
0.057566
0.277042
0.034840
0.212910
0.137423
0.252274
0.147117
0.314000
0.270092
0.129226
0.132057
0.089280
0.230842
0.192237
0.229281
0.080554
0.085970
0.414534
0.062997
0.213353
0.110199
0.300818
0.067162
0.318936
0.221592
0.113155
0.046722
0.214791
0.111214
0.119320
0.156888
0.061318
0.105482
0.409170
0.066623
0.262887
0.121197
0.263462
0.077130
0.264513
0.110199
0.206393
0.035958
0.351833
0.074498
0.077428
0.069841
0.097448
0.034264
0.370471
0.081430
0.269409
0.163536
0.200233
0.172480
0.267002
0.132962
0.163317
0.054441
0.401907
0.148579
0.079890
0.022321
0.289226
0.144248
0.290664
0.162106
0.248891
0.183484
0.174235
0.201448
0.263525
0.171334
0.199980
0.075978
0.422869
0.154585
0.074613
0.079838
0.433235
0.210652
0.250888
0.162642
0.259193
0.171471
0.214604
0.141002
0.146378
0.180949
0.174978
0.159612
0.411527
0.163025
0.145400
0.050918
0.472869
0.307650
0.234122
0.109119
0.237978
0.135345
0.276936
0.111785
0.139323
0.232658
0.054202
0.206467
0.274196
0.232653
0.274580
0.057866
0.421296
0.376392
0.286368
0.113154
0.100977
0.173838
0.198672
0.152555
0.239793
0.160994
0.071084
0.164690
0.102871
0.222314
0.252504
0.111633
0.267719
0.336559
0.289209
0.070283
0.156590
0.162116
0.180076
0.200720
0.267842
0.129905
0.178097
0.085073
0.016401
0.105540
0.182804
0.146821
0.048011
0.224240
0.234637
0.071765
0.348691
0.105676
0.227851
0.277408
0.272385
0.113211
0.128133
0.078548
0.092994
0.070410
0.156027
0.177281
0.260130
0.139972
0.077422
0.168569
0.410802
0.075607
0.210208
0.300877
0.159317
0.070136
0.037877
0.085703
0.219013
0.151415
0.099883
0.173411
0.320050
0.105555
0.152118
0.186356
0.360391
0.058723
0.101106
0.213007
0.081730
0.099201
0.163031
0.121732
0.233715
0.169574
0.073351
0.111878
0.336148
0.131486
0.221187
0.103806
0.244447
0.055237
0.019779
0.069361
0.171812
0.087570
0.333765
0.136663
0.239569
0.252114
0.117428
0.175817
0.295438
0.118095
0.289716
0.050441
0.167146
0.008249
0.064570
0.093981
0.164166
0.037443
0.391517
0.116814
0.274165
0.270943
0.165339
0.253565
0.156608
0.008528
0.308821
0.081420
0.121374
0.062234
0.182340
0.218250
0.130597
0.136884
0.293769
0.078993
0.274674
0.196562
0.304898
0.312507
0.181758
0.145813
0.206194
0.133505
0.158245
0.127036
0.243569
0.316777
0.085669
0.180935
0.244120
0.040153
0.252596
0.129582
0.386496
0.289441
0.203863
0.200274
0.120866
0.196871
0.190326
0.170219
0.240600
0.366965
0.121444
0.174267
0.304439
0.156035
0.349389
0.068330
0.379539
0.231456
0.206689
0.221384
0.097315
0.164988
0.165518
0.096941
0.257801
0.314608
0.189189
0.190834
0.279256
0.233375
0.317684
0.108079
0.324572
