# G_5, p = 1.0000 GPa (dir_10000.0_bar).
# 6MR distortion Gamma = (1/2)(max - min) over the three opposite-O diagonals.
# 40 rings x 51 frames = 2040 samples.
# Column: per-6MR Gamma [A]
0.000033
0.000058
0.000035
0.000045
0.000046
0.000058
0.000018
0.000077
0.000040
0.000032
0.000020
0.000033
0.000065
0.000051
0.000052
0.000077
0.000007
0.000026
0.000015
0.000026
0.000038
0.000026
0.000019
0.000013
0.000026
0.000026
0.000026
0.000013
0.000013
0.000032
0.000022
0.000007
0.000058
0.000039
0.000026
0.000039
0.000026
0.000026
0.000026
0.000026
0.375374
0.215553
0.165192
0.039680
0.028775
0.074365
0.046542
0.093206
0.162705
0.401377
0.148775
0.265942
0.281345
0.211708
0.387999
0.204293
0.168108
0.127327
0.123639
0.083655
0.160707
0.024045
0.018335
0.090046
0.183789
0.170907
0.269817
0.186529
0.292251
0.179701
0.077256
0.304799
0.199567
0.334903
0.041880
0.225837
0.137111
0.166720
0.172184
0.052153
0.294291
0.184338
0.074608
0.137201
0.136276
0.161882
0.250565
0.211310
0.233014
0.347045
0.171716
0.228706
0.140053
0.101143
0.317383
0.080175
0.043614
0.145077
0.114434
0.050633
0.146497
0.064785
0.077480
0.172213
0.043867
0.477866
0.239935
0.213322
0.251521
0.169858
0.363352
0.573611
0.112403
0.319925
0.110459
0.102999
0.137979
0.303573
0.133280
0.210526
0.164851
0.169814
0.349751
0.071004
0.155709
0.075869
0.254807
0.312419
0.059306
0.167144
0.190892
0.113232
0.088682
0.221316
0.083532
0.291227
0.240790
0.153229
0.151134
0.079221
0.245729
0.296562
0.087244
0.198464
0.180796
0.549619
0.172570
0.266232
0.240437
0.046987
0.251035
0.396486
0.354557
0.139915
0.117333
0.188527
0.193817
0.201890
0.283809
0.092656
0.049631
0.129942
0.066069
0.076787
0.205477
0.266565
0.071912
0.119247
0.074989
0.116230
0.234786
0.184884
0.127937
0.360892
0.154058
0.022141
0.067158
0.124741
0.249776
0.163178
0.236161
0.196107
0.123806
0.071781
0.165695
0.190558
0.127181
0.150932
0.107694
0.298799
0.146884
0.100132
0.321789
0.082841
0.156143
0.175563
0.434900
0.183430
0.256121
0.173796
0.227459
0.069179
0.050748
0.142332
0.021305
0.280201
0.184923
0.160938
0.302254
0.034815
0.048223
0.058733
0.117741
0.294613
0.294859
0.194701
0.122082
0.074117
0.224843
0.105147
0.219782
0.107388
0.164858
0.224787
0.126845
0.302570
0.217241
0.299645
0.090807
0.152631
0.161092
0.207250
0.207401
0.262915
0.223236
0.201900
0.661674
0.142606
0.182515
0.072375
0.196992
0.156612
0.162133
0.213738
0.299729
0.176669
0.023597
0.110269
0.273450
0.194882
0.138254
0.083010
0.151967
0.245817
0.415272
0.014209
0.213705
0.244574
0.188854
0.311203
0.270852
0.126426
0.128292
0.243279
0.093464
0.205080
0.111017
0.290366
0.084129
0.091419
0.068211
0.196039
0.199310
0.225632
0.244404
0.063976
0.411267
0.127044
0.074233
0.352477
0.267934
0.190832
0.430639
0.064000
0.258871
0.097319
0.175513
0.204354
0.233096
0.282187
0.229244
0.140956
0.197487
0.277631
0.051089
0.059510
0.164069
0.034447
0.226134
0.286250
0.175724
0.064303
0.211636
0.286217
0.158739
0.302837
0.103702
0.131785
0.276686
0.227170
0.095517
0.160200
0.471200
0.137647
0.176496
0.240917
0.226479
0.089997
0.248480
0.482410
0.312865
0.187098
0.388196
0.187614
0.399275
0.028871
0.182884
0.148930
0.230034
0.218087
0.379259
0.139510
0.058332
0.578011
0.302430
0.083637
0.269410
0.188537
0.076546
0.043184
0.247797
0.142653
0.092286
0.040226
0.226616
0.146587
0.160313
0.296576
0.235290
0.464080
0.064393
0.182789
0.413079
0.300528
0.113582
0.223368
0.465519
0.181884
0.235539
0.363280
0.223945
0.255633
0.076640
0.296815
0.045951
0.234705
0.277902
0.247660
0.391685
0.182529
0.434564
0.117288
0.198132
0.425927
0.076979
0.132883
0.122030
0.129154
0.206295
0.186753
0.209007
0.083377
0.156017
0.145313
0.194791
0.164373
0.100955
0.207381
0.260693
0.211643
0.239014
0.195088
0.310632
0.483095
0.136119
0.276197
0.274780
0.074141
0.241867
0.115074
0.224659
0.014150
0.340262
0.079979
0.385675
0.250578
0.281983
0.292878
0.250159
0.141150
0.034118
0.062415
0.285825
0.313382
0.106301
0.031744
0.296145
0.041973
0.241959
0.456680
0.135414
0.112145
0.321223
0.056224
0.011923
0.118881
0.107377
0.141595
0.477293
0.181161
0.083642
0.214467
0.457904
0.174886
0.112113
0.141080
0.176439
0.249809
0.099627
0.204587
0.271305
0.188933
0.225461
0.301857
0.275483
0.159371
0.213068
0.201562
0.123624
0.109568
0.168476
0.247060
0.252715
0.251393
0.056671
0.049098
0.215531
0.202349
0.062359
0.551675
0.081068
0.069917
0.127206
0.349394
0.269045
0.264732
0.134185
0.134433
0.369103
0.235179
0.270314
0.230099
0.460559
0.011520
0.045088
0.127125
0.270827
0.136182
0.178196
0.042763
0.243779
0.202645
0.121983
0.135666
0.118640
0.115525
0.107579
0.056238
0.274887
0.187063
0.155176
0.203289
0.373304
0.022520
0.088651
0.159339
0.062319
0.142471
0.272015
0.286807
0.206075
0.086874
0.107151
0.453403
0.393253
0.199662
0.097535
0.251491
0.224122
0.314782
0.220502
0.187700
0.189192
0.178754
0.125131
0.049157
0.136775
0.067896
0.298960
0.112072
0.275388
0.112319
0.079122
0.253193
0.211936
0.190062
0.177328
0.117776
0.284784
0.085354
0.210718
0.168536
0.315547
0.221114
0.219828
0.124978
0.464298
0.050586
0.319597
0.219278
0.160912
0.135226
0.159230
0.215423
0.290674
0.051285
0.102672
0.153625
0.111955
0.136534
0.227480
0.193909
0.293111
0.182180
0.166393
0.043499
0.166770
0.017500
0.176260
0.260133
0.152886
0.077575
0.173801
0.185737
0.218234
0.328591
0.352009
0.379257
0.300793
0.100962
0.069886
0.266683
0.179780
0.348909
0.047714
0.110002
0.374677
0.073445
0.215007
0.111653
0.045051
0.229550
0.095289
0.232729
0.216817
0.107452
0.222343
0.169760
0.266692
0.218499
0.197445
0.197393
0.460081
0.201270
0.129108
0.151612
0.298596
0.124141
0.190519
0.442143
0.219617
0.085099
0.031898
0.161883
0.151530
0.193813
0.187761
0.100232
0.277121
0.062808
0.156007
0.202111
0.199168
0.206877
0.115219
0.112372
0.023228
0.031294
0.185367
0.112707
0.017065
0.048229
0.050102
0.185714
0.104012
0.221352
0.093248
0.227940
0.083832
0.060397
0.142464
0.068555
0.200005
0.289280
0.183347
0.053443
0.302134
0.184198
0.420424
0.220932
0.052236
0.142673
0.190622
0.303972
0.279567
0.162009
0.362677
0.234405
0.175961
0.262249
0.227147
0.278442
0.341861
0.139725
0.143865
0.231328
0.229465
0.130691
0.097119
0.135784
0.023615
0.309517
0.154715
0.401997
0.166522
0.046473
0.184992
0.247135
0.137660
0.132765
0.074856
0.227578
0.057211
0.205784
0.199704
0.110302
0.147994
0.360110
0.358139
0.214960
0.109086
0.175315
0.164526
0.234032
0.404715
0.028533
0.326694
0.292533
0.159088
0.416566
0.324757
0.016084
0.203046
0.043858
0.255380
0.352279
0.332336
0.280226
0.069967
0.086834
0.194568
0.359801
0.107056
0.173098
0.140916
0.230791
0.153658
0.232323
0.243266
0.066153
0.203484
0.201857
0.139837
0.250899
0.191019
0.183631
0.085490
0.370006
0.327981
0.245542
0.264694
0.093606
0.155809
0.103004
0.361295
0.348709
0.150898
0.175392
0.238806
0.325909
0.094169
0.216473
0.062194
0.078601
0.144768
0.095956
0.347634
0.251604
0.033885
0.183137
0.238976
0.270672
0.062378
0.132429
0.138442
0.072063
0.071595
0.083332
0.393944
0.203078
0.160071
0.261912
0.187786
0.188193
0.279195
0.108431
0.296780
0.080177
0.216764
0.194990
0.182990
0.075779
0.151154
0.335522
0.208774
0.261529
0.222698
0.173744
0.322583
0.122006
0.277890
0.030224
0.341407
0.086971
0.223456
0.187487
0.367741
0.212717
0.112586
0.319000
0.028429
0.077038
0.170581
0.317393
0.192754
0.071354
0.136460
0.258368
0.134066
0.360423
0.196456
0.195860
0.136425
0.303072
0.230411
0.039955
0.270871
0.064886
0.307892
0.131341
0.133232
0.074587
0.289489
0.255855
0.112667
0.287305
0.191757
0.281942
0.404859
0.181771
0.249063
0.123222
0.226587
0.228954
0.133372
0.094474
0.252397
0.170810
0.170518
0.258516
0.104786
0.218059
0.454953
0.350070
0.302791
0.127824
0.215280
0.282472
0.038032
0.035435
0.387690
0.318288
0.027111
0.235050
0.194351
0.092015
0.107522
0.177051
0.269602
0.032666
0.279102
0.190580
0.186132
0.206878
0.210625
0.226217
0.248902
0.222435
0.222858
0.102444
0.226974
0.085967
0.267319
0.171664
0.222632
0.122008
0.156177
0.180346
0.150381
0.221307
0.068155
0.214661
0.528508
0.446388
0.344242
0.208324
0.041508
0.137310
0.182513
0.064885
0.214805
0.347847
0.215505
0.077617
0.264817
0.193444
0.131025
0.242958
0.241360
0.152622
0.324124
0.053198
0.217234
0.094185
0.167477
0.129794
0.115193
0.145442
0.096611
0.112057
0.271849
0.103640
0.457327
0.078849
0.254678
0.135049
0.135347
0.364969
0.159149
0.153470
0.139909
0.207462
0.221318
0.260035
0.385585
0.118838
0.266448
0.182009
0.082386
0.199712
0.211970
0.256585
0.124182
0.068287
0.280732
0.305527
0.134009
0.282320
0.152338
0.190295
0.133071
0.239591
0.149638
0.110990
0.120274
0.141421
0.244226
0.237883
0.297042
0.271212
0.318238
0.391875
0.296025
0.177886
0.102923
0.200225
0.155380
0.476485
0.355848
0.289561
0.208639
0.154627
0.104101
0.280320
0.213210
0.145100
0.090187
0.080066
0.419743
0.173032
0.173378
0.054321
0.062681
0.196811
0.179391
0.313930
0.103657
0.073721
0.200008
0.025475
0.059849
0.184735
0.224097
0.089991
0.116117
0.355043
0.057574
0.037094
0.159397
0.297065
0.317920
0.242384
0.095657
0.177569
0.173429
0.100609
0.128849
0.268305
0.174377
0.042672
0.175250
0.163511
0.268875
0.483723
0.194720
0.298393
0.107951
0.129263
0.310811
0.137878
0.092895
0.142638
0.250090
0.137596
0.106529
0.141478
0.314804
0.246627
0.297715
0.168610
0.148803
0.201451
0.198423
0.118491
0.067010
0.207425
0.126725
0.195792
0.206442
0.283846
0.382873
0.160650
0.242683
0.181477
0.117211
0.129291
0.301669
0.468585
0.221497
0.137959
0.172703
0.158742
0.318511
0.358934
0.406917
0.183140
0.218051
0.173547
0.182810
0.065378
0.182991
0.051680
0.366868
0.033239
0.032671
0.072050
0.274611
0.239598
0.071803
0.225840
0.182889
0.281308
0.097327
0.105992
0.128587
0.147327
0.063933
0.267388
0.106339
0.242093
0.015030
0.166277
0.223739
0.026679
0.246163
0.286426
0.231628
0.363869
0.231828
0.071090
0.081586
0.137610
0.267324
0.238058
0.338318
0.200439
0.233402
0.044030
0.290620
0.172077
0.126363
0.286516
0.266791
0.052785
0.097509
0.108863
0.131821
0.147989
0.146671
0.133745
0.228296
0.216966
0.146129
0.215484
0.117075
0.205898
0.096264
0.164083
0.164974
0.240777
0.262630
0.144458
0.095883
0.240878
0.095215
0.138787
0.190788
0.027669
0.097578
0.197184
0.064886
0.093471
0.229163
0.037364
0.064906
0.073539
0.154217
0.057893
0.170473
0.359220
0.281917
0.266464
0.079071
0.188669
0.204181
0.163078
0.194688
0.035405
0.157226
0.239259
0.277916
0.443445
0.061448
0.073200
0.125840
0.309061
0.250206
0.083447
0.068149
0.073007
0.046887
0.186417
0.108283
0.224227
0.126138
0.193064
0.071326
0.161442
0.105651
0.041373
0.032838
0.052806
0.292198
0.203697
0.132556
0.293106
0.034644
0.101579
0.256826
0.263103
0.094814
0.292862
0.312239
0.219246
0.098187
0.237690
0.232268
0.386054
0.132228
0.395670
0.177738
0.179773
0.086612
0.112105
0.148923
0.339830
0.357926
0.179401
0.251011
0.218599
0.120147
0.341178
0.088737
0.096710
0.253246
0.161552
0.205029
0.155753
0.193824
0.195413
0.119673
0.236064
0.360406
0.143242
0.224912
0.055894
0.088300
0.102490
0.103903
0.085514
0.129226
0.146726
0.274144
0.113731
0.100074
0.145618
0.031147
0.188869
0.131065
0.220664
0.074838
0.288635
0.176358
0.128592
0.113188
0.333885
0.076205
0.234248
0.262829
0.137878
0.077095
0.252607
0.212025
0.087368
0.290747
0.051684
0.328900
0.278186
0.015282
0.147644
0.320308
0.241632
0.318169
0.069869
0.120200
0.100173
0.079382
0.146208
0.081407
0.099717
0.093140
0.194149
0.210189
0.307514
0.186890
0.135800
0.045318
0.178712
0.247426
0.147236
0.083420
0.195957
0.132732
0.066733
0.136673
0.189776
0.148730
0.185815
0.106063
0.130291
0.046411
0.145311
0.126895
0.086436
0.185995
0.194448
0.208928
0.471352
0.255594
0.127373
0.270041
0.142145
0.417618
0.156479
0.031641
0.165068
0.181633
0.088402
0.215408
0.023617
0.037284
0.176550
0.148176
0.308346
0.286622
0.066062
0.275064
0.412604
0.087852
0.270203
0.234144
0.043149
0.080806
0.213417
0.218593
0.287173
0.173960
0.142234
0.085701
0.120510
0.101859
0.243287
0.195703
0.121552
0.186697
0.149507
0.314011
0.243631
0.149710
0.135803
0.299925
0.115039
0.249710
0.342495
0.232325
0.137631
0.130154
0.189863
0.053046
0.413207
0.118764
0.113445
0.105173
0.366606
0.043357
0.172572
0.110837
0.209791
0.124367
0.314143
0.285907
0.061677
0.121185
0.072081
0.232214
0.247219
0.075407
0.230864
0.167462
0.321255
0.112782
0.106761
0.020894
0.229326
0.083202
0.174310
0.152901
0.240584
0.145409
0.242167
0.222830
0.245523
0.063730
0.271699
0.102917
0.192997
0.204249
0.090689
0.265362
0.099394
0.211588
0.214296
0.078027
0.233346
0.258113
0.177200
0.113389
0.194768
0.270211
0.185747
0.019780
0.112344
0.140941
0.289388
0.278360
0.045958
0.091391
0.259660
0.131151
0.170764
0.177088
0.089927
0.114581
0.219101
0.077924
0.248791
0.054617
0.406636
0.311225
0.176373
0.159139
0.223868
0.175605
0.183658
0.137147
0.243496
0.091386
0.089533
0.110935
0.071321
0.174960
0.136375
0.197627
0.184902
0.235908
0.090589
0.302104
0.312919
0.066463
0.203635
0.190369
0.067842
0.024946
0.313111
0.107563
0.226316
0.079651
0.343967
0.115183
0.095490
0.131875
0.139219
0.139170
0.141343
0.084184
0.251062
0.276735
0.285243
0.462950
0.202219
0.138512
0.114753
0.215930
0.084080
0.086296
0.141982
0.212935
0.201230
0.137214
0.044791
0.109049
0.184937
0.125722
0.070523
0.214270
0.056937
0.204912
0.146857
0.219915
0.391345
0.142126
0.111838
0.105400
0.213146
0.189515
0.320487
0.089007
0.312206
0.040259
0.099349
0.011183
0.116832
0.204087
0.227203
0.128043
0.173775
0.394205
0.208433
0.174875
0.247183
0.100518
0.189889
0.303143
0.060418
0.074934
0.151401
0.291458
0.134382
0.082988
0.041339
0.039459
0.201221
0.118098
0.267978
0.085656
0.232871
0.153174
0.143001
0.232004
0.153895
0.013611
0.319368
0.070532
0.126771
0.254850
0.058200
0.192520
0.251130
0.191291
0.261914
0.133376
0.097572
0.278742
0.174718
0.144182
0.179163
0.092873
0.077887
0.342556
0.181265
0.162301
0.102126
0.056142
0.052823
0.255239
0.120674
0.313134
0.098910
0.145911
0.060600
0.007052
0.193997
0.135121
0.402455
0.508992
0.134838
0.265905
0.187518
0.179412
0.374208
0.078227
0.156596
0.100004
0.123690
0.166670
0.300653
0.163858
0.144389
0.127972
0.134581
0.180361
0.290202
0.073935
0.066326
0.069206
0.209892
0.123140
0.230842
0.256034
0.139432
0.376114
0.230214
0.178554
0.162378
0.098583
0.345981
0.181845
0.052675
0.124531
0.221721
0.308137
0.400445
0.221872
0.118846
0.171732
0.181956
0.166662
0.188628
0.054614
0.266473
0.169085
0.127328
0.082176
0.195291
0.104069
0.462212
0.269972
0.110907
0.030068
0.107384
0.149783
0.171355
0.131838
0.089840
0.166637
0.247054
0.235394
0.051926
0.130242
0.216347
0.421674
0.108586
0.050858
0.292280
0.206638
0.271757
0.295179
0.083001
0.062073
0.220365
0.155621
0.096742
0.075732
0.085467
0.242984
0.100634
0.036898
0.185745
0.284435
0.131991
0.167285
0.204847
0.101477
0.139951
0.164864
0.365036
0.241307
0.302047
0.079795
0.061404
0.116895
0.073377
0.177147
0.166070
0.216886
0.314344
0.271092
0.053682
0.156806
0.171141
0.164970
0.072574
0.337026
0.283692
0.116456
0.079030
0.433959
0.196612
0.061390
0.105294
0.109128
0.136874
0.168371
0.326147
0.120790
0.260340
0.142538
0.280800
0.277892
0.066656
0.340736
0.146552
0.105068
0.164589
0.192354
0.086347
0.159919
0.242168
0.098713
0.212993
0.064968
0.194228
0.159633
0.215352
0.101537
0.191909
0.032393
0.149942
0.218571
0.293212
0.118834
0.165907
0.226931
0.286563
0.292486
0.092055
0.214697
0.090260
0.080746
0.218367
0.210661
0.087981
0.301737
0.294432
0.172343
0.314633
0.105945
0.148493
0.120825
0.169446
0.253315
0.178394
0.084701
0.239438
0.208914
0.390793
0.096126
0.058406
0.112321
0.111040
0.077106
0.389844
0.165012
0.113012
0.194361
0.356358
0.257609
0.061881
0.109005
0.291444
0.130103
0.232676
0.138144
0.331512
0.251696
0.198578
0.265002
0.273019
0.231166
0.181601
0.233786
0.044913
0.101758
0.144105
0.267240
0.118658
0.166478
0.120371
0.220976
0.103030
0.076550
0.298334
0.376559
0.265950
0.231457
0.514828
0.275039
0.022888
0.307151
0.155179
0.297074
0.150659
0.169873
0.168340
0.184053
0.274157
0.313141
0.210316
0.091197
0.104645
0.037557
0.163933
0.237329
0.108402
0.317100
0.180990
0.038398
0.246379
0.152950
0.177163
0.037419
0.069063
0.215267
0.014756
0.266118
0.122687
0.042583
0.250258
0.100708
0.273877
0.275847
0.379279
0.401342
0.246875
0.204253
0.431490
0.204512
0.238343
0.338033
0.117907
0.353088
0.080116
0.231569
0.080506
0.295672
0.066978
0.207928
0.236187
0.138052
0.176863
0.091666
0.208764
0.123189
0.044116
0.219328
0.200009
0.219489
0.210159
0.215599
0.018843
0.061530
0.165631
0.250940
0.202830
0.113140
0.138877
0.212563
0.143759
0.123082
0.095213
0.320966
0.121413
0.209042
0.329127
0.109906
0.060361
0.319381
0.247388
0.026738
0.233773
0.138451
0.109130
0.215552
0.062414
0.231282
0.242703
0.179244
0.112240
0.188362
0.300033
0.202912
0.229242
0.147005
0.078335
0.054879
0.258891
0.250805
0.231505
0.144644
0.111553
0.092916
0.326409
0.155685
0.154315
0.021860
0.323424
0.214246
0.105290
0.138458
0.124071
0.313132
0.061407
0.077844
0.437088
0.060160
0.347971
0.162718
0.031100
0.101706
0.237410
0.091522
0.018636
0.096324
0.110505
0.145104
0.256386
0.127501
0.290718
0.180115
0.189074
0.197737
0.361017
0.231748
0.225390
0.187006
0.365541
0.180248
0.357001
0.101473
0.160352
0.242579
0.183832
0.200145
0.131678
0.184041
0.208096
0.176251
0.095070
0.130538
0.209252
0.149807
0.088352
0.155900
0.207884
0.204901
0.433044
0.365555
0.153499
0.243641
0.234218
0.172839
0.320522
0.116908
0.112986
0.209724
0.179841
0.281724
0.221401
0.097260
0.182094
0.166429
0.112012
0.241656
0.141360
0.106336
0.344316
0.138425
0.265576
0.218733
0.127464
0.386218
0.193544
0.116877
0.264223
0.266929
0.140620
0.167951
0.230096
0.267670
0.286002
0.200381
0.189692
0.072252
0.240549
0.158439
0.250927
0.137269
0.337760
0.058403
0.214207
0.152972
0.299134
0.108363
0.302941
0.118568
0.242203
0.101675
0.337699
0.087624
0.183479
0.096975
0.176848
0.032942
0.224058
0.255642
0.194702
0.192953
0.195623
0.169529
0.203369
0.257435
0.340570
0.072380
0.056944
0.421194
0.061960
0.093221
0.220908
0.310240
0.228176
0.161478
0.238040
0.099189
0.171303
0.098640
0.129736
0.267083
0.340432
0.105339
0.206544
0.184568
0.077415
0.171000
0.267062
0.094418
0.325193
0.216466
0.360683
0.048362
0.151172
0.086195
0.252089
0.269746
0.131186
0.068623
0.133322
0.331352
0.159913
0.189710
0.126948
0.202076
0.276886
0.212638
0.128964
0.147745
0.146747
0.009962
0.067570
0.157855
0.157209
0.436913
0.076432
0.130601
0.046625
0.212392
0.081666
0.386791
0.142955
0.213911
0.326377
0.060458
0.374838
0.196885
0.273123
0.093909
0.260181
0.258595
0.388827
0.202588
0.230372
0.113935
0.153901
0.178859
0.139642
0.278152
0.441439
0.190734
0.063926
0.088656
0.095834
0.173640
0.304440
0.150253
0.223663
0.224399
0.113399
0.212679
0.212590
0.174047
0.070075
