# G_2, p = 0.0000 GPa (dir_0.0_bar).
# 6MR distortion Gamma = (1/2)(max - min) over the three opposite-O diagonals.
# 16 rings x 101 frames = 1616 samples.
# Column: per-6MR Gamma [A]
0.000619
0.000618
0.000628
0.000624
0.000616
0.000624
0.000626
0.000624
0.000628
0.000624
0.000618
0.000618
0.000627
0.000624
0.000627
0.000624
0.153192
0.039885
0.065632
0.094394
0.100393
0.096686
0.152312
0.042743
0.064498
0.157596
0.110431
0.021579
0.095276
0.308795
0.120915
0.084741
0.221589
0.111738
0.114261
0.041448
0.166514
0.099148
0.169914
0.068804
0.133522
0.342234
0.174952
0.086217
0.111481
0.487958
0.244622
0.105830
0.154964
0.129216
0.113735
0.159437
0.261485
0.114812
0.068286
0.065458
0.088762
0.448536
0.201929
0.084018
0.143050
0.436384
0.327060
0.165104
0.083370
0.042014
0.213704
0.275790
0.315950
0.110445
0.055807
0.111134
0.094128
0.341701
0.188134
0.111123
0.216550
0.421658
0.306726
0.209853
0.062207
0.156101
0.246817
0.306066
0.213101
0.080609
0.214218
0.150948
0.120505
0.205433
0.098291
0.177078
0.179364
0.395821
0.271282
0.149739
0.159542
0.158575
0.251110
0.350750
0.097032
0.238952
0.358113
0.154389
0.146919
0.242498
0.053724
0.123544
0.120127
0.349578
0.287491
0.041074
0.114694
0.090352
0.321463
0.297939
0.024882
0.424053
0.390473
0.125037
0.216864
0.326868
0.170747
0.024651
0.117539
0.260793
0.215019
0.137467
0.064196
0.171573
0.363074
0.231356
0.082067
0.449454
0.320064
0.107748
0.253557
0.407266
0.241463
0.106583
0.143539
0.259820
0.082472
0.155146
0.127039
0.181284
0.421208
0.184165
0.129053
0.308735
0.284243
0.085158
0.260810
0.304543
0.281859
0.032083
0.224691
0.360159
0.065385
0.184576
0.171156
0.132993
0.415136
0.141410
0.096778
0.088613
0.205725
0.094688
0.178376
0.220446
0.222014
0.077936
0.252132
0.269065
0.135332
0.274200
0.183721
0.103792
0.276984
0.147674
0.069719
0.093985
0.163806
0.046957
0.170554
0.140905
0.178454
0.096391
0.200432
0.178583
0.251952
0.293073
0.136659
0.174331
0.109424
0.218574
0.104299
0.170775
0.178313
0.168658
0.229392
0.179406
0.119603
0.038821
0.083453
0.350108
0.365367
0.301289
0.067392
0.255173
0.094663
0.245341
0.188843
0.214192
0.220258
0.168883
0.217877
0.205130
0.068512
0.122073
0.126063
0.386137
0.273018
0.228015
0.076573
0.276607
0.215677
0.261825
0.225042
0.240740
0.210954
0.121576
0.189123
0.112048
0.119021
0.207493
0.210957
0.342009
0.100749
0.101026
0.058716
0.201673
0.241068
0.246593
0.158239
0.213225
0.191054
0.067873
0.138477
0.052600
0.197129
0.226685
0.272675
0.248896
0.090346
0.111727
0.049540
0.078569
0.223523
0.344428
0.229588
0.125331
0.183070
0.071256
0.161967
0.052693
0.167498
0.153731
0.278750
0.144040
0.252555
0.230763
0.019573
0.105217
0.238686
0.385378
0.221536
0.070586
0.205737
0.208206
0.255141
0.063735
0.184811
0.062986
0.176634
0.079349
0.209406
0.293108
0.077933
0.168250
0.220471
0.281483
0.163623
0.047672
0.102679
0.278128
0.261246
0.156723
0.097866
0.161024
0.053153
0.056772
0.080545
0.289515
0.131771
0.205768
0.226205
0.286792
0.140474
0.084868
0.142223
0.252403
0.342316
0.212495
0.040959
0.365924
0.123918
0.072149
0.053839
0.133322
0.133611
0.243262
0.263819
0.373035
0.187362
0.221783
0.209062
0.246052
0.394042
0.239603
0.136638
0.479919
0.272429
0.057690
0.098875
0.217477
0.143362
0.244271
0.274618
0.394976
0.159629
0.240331
0.246726
0.253914
0.335894
0.199853
0.165749
0.472382
0.322185
0.146282
0.058992
0.292734
0.209707
0.215904
0.200399
0.232171
0.028231
0.187689
0.162294
0.264728
0.240933
0.139327
0.095214
0.304522
0.298851
0.257353
0.133756
0.245888
0.165964
0.173894
0.203320
0.083293
0.148321
0.207415
0.007160
0.286840
0.131978
0.226115
0.044502
0.165258
0.215026
0.267074
0.146703
0.130541
0.125081
0.114662
0.177792
0.265209
0.234383
0.210112
0.156252
0.247571
0.140829
0.275138
0.138661
0.122069
0.128065
0.183615
0.101055
0.091702
0.202896
0.140523
0.123424
0.335955
0.210024
0.085049
0.231244
0.148249
0.214996
0.135991
0.151151
0.191323
0.119581
0.031274
0.092731
0.109419
0.231614
0.194788
0.123214
0.260764
0.252391
0.177583
0.121270
0.067086
0.234510
0.026547
0.178281
0.202488
0.169856
0.175983
0.077199
0.151680
0.252967
0.152142
0.082179
0.262324
0.275173
0.377844
0.090012
0.073956
0.199943
0.073819
0.212285
0.208697
0.101866
0.279880
0.003782
0.079430
0.228651
0.106104
0.202054
0.349599
0.261728
0.392137
0.117189
0.164644
0.172159
0.164448
0.211973
0.195106
0.067451
0.309480
0.192231
0.112669
0.284766
0.237687
0.327556
0.362612
0.196765
0.368837
0.190074
0.140887
0.214651
0.172310
0.176451
0.137713
0.115189
0.301974
0.365259
0.264793
0.293119
0.289344
0.346737
0.318879
0.115898
0.272342
0.194068
0.144020
0.091942
0.153008
0.182547
0.095304
0.089430
0.244471
0.303532
0.342092
0.215521
0.168135
0.259949
0.153117
0.082353
0.114321
0.179264
0.194312
0.036224
0.176212
0.129068
0.105482
0.048976
0.130855
0.174802
0.328443
0.133553
0.046958
0.150188
0.234951
0.140760
0.228733
0.184451
0.247198
0.105794
0.151525
0.153822
0.091949
0.034510
0.035725
0.128856
0.196481
0.317909
0.022605
0.190619
0.477022
0.123038
0.334261
0.163307
0.166731
0.204869
0.118836
0.308843
0.071230
0.069073
0.074996
0.075064
0.086869
0.337434
0.064440
0.195186
0.548742
0.125196
0.398973
0.143687
0.090653
0.244479
0.073491
0.254257
0.045555
0.056873
0.055840
0.031281
0.141372
0.227930
0.128616
0.066593
0.402404
0.113616
0.391232
0.185875
0.056788
0.260187
0.027883
0.131992
0.042970
0.141420
0.102648
0.125117
0.089161
0.126074
0.100410
0.210824
0.243637
0.129952
0.455495
0.178357
0.132751
0.325830
0.099472
0.090748
0.120820
0.350230
0.278622
0.187788
0.109552
0.080578
0.072513
0.264223
0.065327
0.201220
0.378773
0.157597
0.231634
0.345226
0.106794
0.088897
0.202719
0.408287
0.452227
0.137545
0.155946
0.034123
0.025709
0.196987
0.083449
0.139358
0.158499
0.154416
0.219476
0.278053
0.157967
0.097168
0.264115
0.259390
0.398056
0.035117
0.133041
0.035341
0.049185
0.267117
0.137694
0.036154
0.154588
0.226222
0.192362
0.107729
0.138966
0.106402
0.223084
0.140566
0.173318
0.008968
0.149556
0.071705
0.044920
0.383762
0.113503
0.168463
0.389230
0.181418
0.127231
0.025024
0.177082
0.052527
0.161980
0.155659
0.087886
0.047036
0.197585
0.134940
0.024000
0.286435
0.089621
0.208536
0.437731
0.085157
0.101876
0.101399
0.283862
0.026115
0.183539
0.103472
0.276029
0.108130
0.197402
0.105276
0.140743
0.158644
0.127689
0.178946
0.412547
0.055232
0.225018
0.133450
0.305485
0.024553
0.175726
0.084560
0.325844
0.120952
0.131202
0.038941
0.261063
0.155514
0.203314
0.150219
0.296052
0.061936
0.283942
0.105877
0.152198
0.096421
0.098209
0.130513
0.240970
0.155492
0.127645
0.056541
0.294877
0.257798
0.173611
0.233115
0.095666
0.103755
0.316322
0.079311
0.110884
0.217455
0.102804
0.092652
0.128650
0.188849
0.094091
0.086232
0.299689
0.358871
0.217059
0.236597
0.075050
0.079441
0.340781
0.147870
0.197314
0.229909
0.218620
0.231059
0.140323
0.195031
0.068739
0.032584
0.250811
0.409490
0.238784
0.290085
0.182119
0.039752
0.359228
0.178659
0.222771
0.177642
0.256157
0.282616
0.123704
0.277396
0.210687
0.075550
0.167149
0.366448
0.159604
0.269656
0.146588
0.086067
0.306410
0.117033
0.223370
0.258365
0.120023
0.246107
0.079711
0.323998
0.230582
0.165067
0.210982
0.340901
0.174015
0.208982
0.057398
0.156666
0.234744
0.062401
0.205127
0.245685
0.139148
0.136936
0.092474
0.344914
0.192673
0.084545
0.281462
0.372488
0.179739
0.098906
0.138161
0.204895
0.094575
0.119688
0.122275
0.155435
0.158758
0.059726
0.052929
0.270546
0.168577
0.092943
0.283871
0.410452
0.142127
0.090075
0.195043
0.210288
0.194274
0.166793
0.123790
0.234388
0.098212
0.185224
0.122335
0.191439
0.114351
0.185171
0.340594
0.444332
0.027943
0.110518
0.263794
0.175564
0.394405
0.147260
0.194088
0.258093
0.042122
0.222380
0.230404
0.097430
0.207812
0.256804
0.414924
0.381263
0.077095
0.101310
0.298080
0.063264
0.464140
0.179072
0.227015
0.176012
0.095828
0.194679
0.163327
0.114800
0.347335
0.206703
0.396653
0.272658
0.119441
0.260723
0.210269
0.189094
0.363517
0.177250
0.176339
0.164501
0.100073
0.187618
0.107270
0.226598
0.473806
0.151052
0.314224
0.255027
0.224436
0.378236
0.072656
0.196677
0.253692
0.120866
0.144684
0.158548
0.124654
0.198107
0.144440
0.302103
0.494200
0.176503
0.311092
0.277052
0.267895
0.337052
0.054835
0.160371
0.176602
0.154264
0.150736
0.149753
0.150800
0.224419
0.132118
0.302903
0.395710
0.197854
0.289222
0.244597
0.177352
0.288000
0.058856
0.109289
0.161161
0.180366
0.189545
0.144812
0.106927
0.206089
0.163034
0.232584
0.219007
0.112716
0.213969
0.232939
0.214291
0.251802
0.136023
0.097372
0.137160
0.170883
0.143124
0.163987
0.091551
0.083451
0.257462
0.148772
0.057778
0.029083
0.223233
0.119866
0.196620
0.165602
0.117173
0.107844
0.118960
0.149442
0.095330
0.234031
0.098498
0.115643
0.274406
0.105743
0.065534
0.024983
0.274062
0.062911
0.193147
0.089750
0.065184
0.176467
0.078890
0.105099
0.286445
0.244312
0.036376
0.262401
0.176093
0.056889
0.155799
0.050177
0.313461
0.094826
0.195253
0.172091
0.167278
0.248750
0.025607
0.091523
0.437181
0.202187
0.133671
0.333816
0.123592
0.069683
0.215295
0.079481
0.295043
0.073939
0.132244
0.183346
0.154455
0.254458
0.052578
0.161140
0.469470
0.123122
0.142895
0.398473
0.100875
0.118950
0.209345
0.127507
0.307978
0.055673
0.090398
0.194942
0.075940
0.247502
0.122191
0.165738
0.460563
0.202441
0.057821
0.314433
0.161188
0.227816
0.217653
0.158271
0.189297
0.127695
0.114529
0.226705
0.203449
0.207379
0.204551
0.093694
0.351342
0.168569
0.125650
0.152847
0.243846
0.255699
0.163522
0.134443
0.089926
0.122784
0.117187
0.241155
0.350593
0.119775
0.246609
0.018340
0.158122
0.080549
0.304081
0.102795
0.245043
0.119244
0.120403
0.171983
0.038342
0.102965
0.132747
0.222011
0.358594
0.159456
0.231089
0.190469
0.301932
0.022873
0.315735
0.249443
0.136411
0.067291
0.096528
0.155974
0.058779
0.141785
0.225866
0.206713
0.274067
0.208529
0.262906
0.316160
0.365469
0.069395
0.257968
0.310490
0.096105
0.114319
0.096074
0.115985
0.113929
0.200388
0.262079
0.165098
0.241187
0.282087
0.284489
0.352600
0.273984
0.101787
0.165641
0.260192
0.116598
0.122539
0.023962
0.041491
0.234592
0.319192
0.225493
0.078494
0.275275
0.278489
0.277665
0.388929
0.219823
0.140631
0.058287
0.211001
0.014079
0.163656
0.195760
0.073669
0.332993
0.217991
0.169231
0.033293
0.232990
0.239849
0.240827
0.292123
0.342652
0.150105
0.019825
0.168136
0.185118
0.204842
0.326400
0.149434
0.297502
0.138959
0.154293
0.103112
0.217870
0.225451
0.178981
0.119568
0.475288
0.222631
0.095364
0.111706
0.170091
0.219026
0.318414
0.221485
0.221778
0.250464
0.098220
0.120764
0.382362
0.190059
0.045869
0.015506
0.511002
0.218315
0.184667
0.081908
0.174808
0.259321
0.318921
0.258614
0.104124
0.249990
0.034109
0.133335
0.460614
0.140690
0.057444
0.036782
0.415575
0.233689
0.215309
0.165376
0.188116
0.250515
0.205300
0.264946
0.102186
0.193192
0.111931
0.149794
0.337138
0.185464
0.130229
0.093509
0.294924
0.230563
0.128856
0.209490
0.249764
0.233436
0.134020
0.203546
0.208505
0.203093
0.122427
0.161656
0.262071
0.215191
0.163131
0.147930
0.265816
0.194617
0.084340
0.154831
0.203073
0.188930
0.340444
0.180787
0.297251
0.244950
0.208652
0.202501
0.224230
0.179788
0.101488
0.163634
0.193669
0.089116
0.241658
0.124402
0.119749
0.049795
0.372805
0.104509
0.291274
0.212091
0.316088
0.156173
0.220471
0.122637
0.092454
0.160759
0.131748
0.009126
0.194806
0.052440
0.228086
0.112741
0.317141
0.034736
0.152930
0.134859
0.315553
0.129933
0.148943
0.114727
0.267874
0.229217
0.075395
0.039629
0.134293
0.187142
0.326845
0.245128
0.221696
0.066427
0.051694
0.090471
0.254275
0.165958
0.110547
0.128745
0.357090
0.274603
0.023506
0.158047
0.192063
0.268385
0.289117
0.328648
0.087033
0.088195
0.156379
0.094740
0.180121
0.093814
0.054882
0.125776
0.352228
0.233616
0.187062
0.271608
0.203564
0.227119
0.230512
0.334132
0.058954
0.053323
0.213096
0.077492
0.140477
0.067811
0.193883
0.090470
0.243493
0.107555
0.351072
0.315417
0.192620
0.099586
0.178827
0.337719
0.120836
0.159969
0.194114
0.109333
0.114058
0.033120
0.272156
0.124616
0.133307
0.046409
0.388557
0.335840
0.110005
0.136488
0.145167
0.296125
0.210169
0.325582
0.090930
0.270344
0.115307
0.155489
0.246135
0.140339
0.215151
0.083559
0.395549
0.237638
0.077705
0.226834
0.034525
0.236505
0.263251
0.359664
0.115974
0.252007
0.283762
0.260495
0.222655
0.054163
0.267378
0.108363
0.384002
0.078043
0.130097
0.200931
0.177393
0.108814
0.217751
0.265674
0.150845
0.100796
0.424788
0.297412
0.185838
0.112808
0.261116
0.055354
0.314681
0.113270
0.239141
0.072879
0.268549
0.082492
0.131844
0.118314
0.251819
0.082216
0.467295
0.243506
0.175090
0.126386
0.298949
0.136251
0.270984
0.273084
0.186526
0.051135
0.262812
0.186503
0.069867
0.043398
0.367170
0.236374
0.376091
0.183317
0.171966
0.136400
0.293890
0.242818
0.198769
0.271017
0.084927
0.073103
0.253360
0.198278
0.078486
0.174704
0.440484
0.266610
0.251423
0.156154
0.149643
0.165095
0.269948
0.256286
0.140491
0.198524
0.094939
0.087592
0.186742
0.196967
0.050035
0.311685
0.404649
0.160131
0.271119
0.082827
0.146545
0.186609
0.232243
0.202363
0.058531
0.271911
0.095021
0.134073
0.160725
0.098146
0.207571
0.283985
0.317644
0.294333
0.271396
0.038881
0.273922
0.232005
0.178563
0.188793
0.227387
0.317962
0.092501
0.155593
0.138330
0.126406
0.233339
0.134832
0.253660
0.328851
0.278129
0.087498
0.367556
0.205417
0.108388
0.163812
0.288093
0.158253
0.057043
0.182941
0.120308
0.251308
0.137574
0.099682
0.176856
0.285715
0.238952
0.198332
0.269694
0.104267
0.201209
0.159812
0.259124
0.045315
0.129209
0.162492
0.163129
0.214506
0.039729
0.137383
0.299753
0.185087
0.163590
0.228215
0.244822
0.056653
0.235507
0.176009
0.204991
0.023511
0.065647
0.074017
0.161376
0.126250
0.036573
0.100394
0.461975
0.137469
0.024791
0.162584
0.207749
0.044264
0.133000
0.093042
0.140541
0.100262
0.072572
0.091688
0.095662
0.200380
0.057017
0.107355
0.500404
0.121611
0.263539
0.084667
0.234406
0.082871
0.177824
0.043314
0.140309
0.170907
0.115517
0.083632
0.092027
0.305770
0.214638
0.144813
0.411019
0.101294
0.361125
0.119578
0.246911
0.088237
0.241688
0.148547
0.181023
0.271251
0.205504
0.053877
0.110867
0.393100
0.350755
0.217393
0.259270
0.140624
0.289871
0.079066
0.201626
0.102361
0.221126
0.228920
0.129228
0.201599
0.254812
0.109532
0.121582
0.254176
0.317536
0.182884
0.159986
0.232960
0.214793
0.034118
0.131224
0.158516
0.128533
0.285444
0.135054
0.261207
0.230208
0.139367
0.270121
0.110988
0.233171
0.160490
0.142463
0.279891
0.149799
0.100775
0.265150
0.257611
0.138575
0.352147
0.066364
0.372420
0.194373
0.101431
0.393833
0.052829
0.266829
0.135001
0.026474
0.261856
0.013663
0.131102
0.302394
0.271478
0.126659
0.349768
0.174098
0.363628
0.040344
0.061371
0.399009
0.012560
0.332383
0.122600
0.288250
0.228749
0.113082
0.091895
0.292087
0.243227
0.100592
0.263230
0.275005
0.295819
0.081890
0.011478
0.275383
0.040071
0.335110
