# G_5, p = 0.6000 GPa (dir_6000.0_bar).
# 6MR distortion Gamma = (1/2)(max - min) over the three opposite-O diagonals.
# 40 rings x 51 frames = 2040 samples.
# Column: per-6MR Gamma [A]
0.000757
0.000569
0.000749
0.000588
0.000717
0.000575
0.000720
0.000582
0.000848
0.000658
0.000873
0.000666
0.000803
0.000615
0.000793
0.000634
0.000420
0.000409
0.000415
0.000409
0.000366
0.000425
0.000365
0.000439
0.000433
0.000441
0.000433
0.000395
0.000465
0.000395
0.000482
0.000435
0.000487
0.000525
0.000492
0.000474
0.000525
0.000519
0.000479
0.000460
0.421281
0.227371
0.204448
0.093081
0.023575
0.083395
0.072344
0.111546
0.171546
0.437420
0.121858
0.283925
0.333597
0.220738
0.376345
0.209721
0.164535
0.130539
0.159379
0.084774
0.178243
0.018763
0.009759
0.108149
0.202214
0.162290
0.308370
0.187513
0.317695
0.199857
0.080350
0.299338
0.218094
0.348853
0.063553
0.223496
0.149423
0.179639
0.186743
0.083209
0.348632
0.204547
0.062599
0.081281
0.128070
0.177294
0.243508
0.208957
0.263726
0.370457
0.175948
0.255319
0.188504
0.139690
0.352810
0.092103
0.044097
0.134126
0.142802
0.053784
0.191099
0.070517
0.090926
0.154110
0.089501
0.496100
0.307853
0.216524
0.300601
0.230498
0.372611
0.569144
0.126511
0.354328
0.108492
0.113082
0.164551
0.290958
0.115258
0.216610
0.161144
0.193267
0.391482
0.078523
0.140214
0.021177
0.250846
0.329766
0.100310
0.183702
0.237428
0.153145
0.090530
0.204268
0.115067
0.319626
0.225111
0.158292
0.178901
0.105559
0.260570
0.261715
0.093931
0.198432
0.220760
0.491657
0.192788
0.274467
0.223011
0.080042
0.229793
0.353029
0.349173
0.169293
0.128035
0.214332
0.185929
0.205047
0.273843
0.063160
0.068660
0.131115
0.109529
0.082751
0.155660
0.271882
0.075345
0.132171
0.107175
0.074707
0.216320
0.163180
0.195408
0.371898
0.139909
0.052235
0.065402
0.117432
0.289655
0.200063
0.259373
0.176923
0.094548
0.098668
0.139492
0.174671
0.146683
0.125670
0.088935
0.283396
0.189081
0.085322
0.333422
0.088092
0.144646
0.233947
0.435583
0.205557
0.261382
0.112686
0.260715
0.115100
0.011974
0.169359
0.037673
0.276439
0.224329
0.180390
0.366107
0.086587
0.071605
0.057658
0.167187
0.339306
0.323327
0.215758
0.166825
0.059773
0.235633
0.176891
0.232010
0.129115
0.114871
0.258355
0.129067
0.318578
0.179691
0.363178
0.134190
0.185086
0.207898
0.247634
0.179663
0.306727
0.202917
0.189207
0.649151
0.116968
0.169155
0.101158
0.179782
0.149352
0.211509
0.254303
0.210800
0.237965
0.046978
0.044065
0.293460
0.205663
0.119972
0.082150
0.144521
0.215999
0.494823
0.092443
0.168796
0.226908
0.284689
0.269741
0.261341
0.093356
0.112617
0.276210
0.080241
0.180039
0.119248
0.282323
0.107200
0.130578
0.071901
0.212847
0.247138
0.273863
0.241687
0.074608
0.364858
0.107659
0.082078
0.238626
0.245569
0.216020
0.375061
0.092194
0.218827
0.111139
0.187105
0.295736
0.200574
0.302240
0.225276
0.141689
0.240147
0.204767
0.132646
0.045766
0.136924
0.046693
0.251968
0.285652
0.119688
0.053105
0.264655
0.312588
0.178165
0.275855
0.101731
0.121524
0.274869
0.202319
0.057301
0.196133
0.479733
0.118539
0.221308
0.244244
0.233216
0.108822
0.232570
0.362150
0.336220
0.166534
0.415938
0.114558
0.433873
0.026871
0.218083
0.237805
0.232817
0.202954
0.398256
0.091562
0.141380
0.581263
0.215529
0.069914
0.252963
0.216076
0.059778
0.072062
0.215065
0.145606
0.112201
0.032196
0.281814
0.088166
0.096086
0.323099
0.299486
0.422949
0.117937
0.247373
0.359348
0.308902
0.085001
0.256162
0.499548
0.156917
0.243809
0.191167
0.196448
0.243029
0.123053
0.279435
0.053723
0.312110
0.216525
0.249169
0.405250
0.230560
0.526018
0.022717
0.167983
0.424639
0.145789
0.136353
0.157824
0.195636
0.175375
0.083007
0.181529
0.126539
0.119655
0.205477
0.225108
0.140932
0.121085
0.176273
0.224011
0.146136
0.301964
0.176979
0.364551
0.425230
0.195803
0.289164
0.328658
0.058179
0.209225
0.244809
0.208516
0.064536
0.372524
0.023907
0.414645
0.267042
0.299880
0.349286
0.279820
0.071079
0.060929
0.047935
0.275738
0.358541
0.139497
0.043169
0.294863
0.080351
0.328537
0.322285
0.078196
0.095540
0.386760
0.025114
0.017487
0.067481
0.173415
0.169146
0.500875
0.143596
0.147331
0.233479
0.393431
0.163364
0.122182
0.130481
0.192134
0.184823
0.147957
0.181003
0.303731
0.153956
0.145143
0.239356
0.242428
0.097090
0.156140
0.228987
0.153187
0.130873
0.306130
0.232941
0.233422
0.329173
0.089823
0.074185
0.138128
0.193152
0.110988
0.489763
0.058065
0.124379
0.141164
0.340281
0.323800
0.291751
0.171475
0.143649
0.376755
0.284409
0.178464
0.224761
0.360092
0.084581
0.061256
0.122569
0.257893
0.078000
0.151386
0.168541
0.264484
0.169643
0.038806
0.064708
0.201764
0.205333
0.189546
0.048139
0.182189
0.234244
0.264830
0.128653
0.330193
0.024242
0.134374
0.194074
0.130282
0.197606
0.268956
0.352099
0.199025
0.059837
0.117522
0.477002
0.382575
0.120570
0.117535
0.292544
0.234339
0.280155
0.204149
0.325343
0.158725
0.076265
0.114562
0.078913
0.257828
0.040571
0.288483
0.252334
0.184692
0.088275
0.093807
0.366813
0.226688
0.280903
0.094384
0.209598
0.338447
0.108562
0.267248
0.192435
0.306240
0.264223
0.157208
0.135108
0.409163
0.085888
0.412826
0.274715
0.165748
0.112567
0.180745
0.306326
0.272024
0.100981
0.207711
0.197913
0.057485
0.107549
0.232909
0.091974
0.252081
0.205506
0.216691
0.114752
0.085615
0.021031
0.198669
0.269975
0.274354
0.196284
0.084407
0.175593
0.218615
0.298377
0.231374
0.357629
0.375875
0.109485
0.070430
0.227740
0.155599
0.460448
0.071715
0.181456
0.299306
0.103059
0.213104
0.142760
0.035138
0.147424
0.033581
0.214324
0.119497
0.141117
0.329895
0.161759
0.181791
0.129266
0.203495
0.199038
0.427560
0.164816
0.181637
0.127062
0.379793
0.105071
0.247064
0.458435
0.356801
0.305279
0.050504
0.196285
0.164464
0.132221
0.222473
0.105140
0.221061
0.057222
0.253285
0.221205
0.212561
0.253865
0.109689
0.141068
0.084718
0.055207
0.191501
0.090496
0.076438
0.025095
0.140265
0.221752
0.098490
0.177767
0.057646
0.267354
0.120939
0.017680
0.195374
0.047117
0.171326
0.266685
0.163030
0.079241
0.276872
0.123953
0.296114
0.242173
0.087532
0.065584
0.237425
0.323877
0.282578
0.042200
0.248596
0.332304
0.057593
0.298591
0.091068
0.237196
0.426571
0.108170
0.258852
0.276463
0.207095
0.137672
0.172358
0.161670
0.072235
0.276682
0.233852
0.368339
0.088795
0.086203
0.145073
0.304834
0.151070
0.203969
0.190051
0.272161
0.103778
0.291723
0.276046
0.167244
0.149476
0.241524
0.282720
0.262664
0.137326
0.158657
0.114004
0.242053
0.392838
0.088316
0.177186
0.410560
0.398893
0.427081
0.252949
0.061157
0.310305
0.135390
0.164857
0.370836
0.379814
0.141261
0.241107
0.125020
0.185831
0.439666
0.138325
0.243879
0.121246
0.209097
0.113023
0.297795
0.131399
0.114672
0.234710
0.219975
0.167664
0.240612
0.145768
0.164327
0.124695
0.322116
0.240036
0.214338
0.383637
0.165833
0.087399
0.216162
0.370817
0.203385
0.149397
0.260361
0.264524
0.262017
0.178841
0.202240
0.083694
0.154062
0.076429
0.090412
0.366296
0.250118
0.190513
0.329554
0.320910
0.286698
0.175884
0.141548
0.247754
0.096618
0.098737
0.066626
0.289594
0.044128
0.244668
0.157763
0.257714
0.321693
0.285922
0.172479
0.206800
0.047675
0.244524
0.199590
0.307907
0.138422
0.150437
0.293382
0.150092
0.236140
0.214344
0.102007
0.145299
0.082340
0.291930
0.027118
0.337984
0.280279
0.345301
0.224588
0.322907
0.212253
0.095756
0.454473
0.053635
0.100933
0.160731
0.263498
0.072462
0.131151
0.276644
0.258672
0.120363
0.260269
0.135334
0.126722
0.090979
0.359552
0.242037
0.051000
0.375554
0.042621
0.268750
0.261576
0.052410
0.128891
0.156523
0.287366
0.297487
0.124407
0.125753
0.395243
0.224087
0.112134
0.204174
0.073564
0.345150
0.300609
0.310794
0.068285
0.078197
0.037540
0.197346
0.344642
0.099034
0.203207
0.532057
0.361430
0.216925
0.154359
0.381936
0.239771
0.056197
0.044708
0.384394
0.242373
0.092230
0.178227
0.188482
0.090803
0.194550
0.132252
0.138598
0.129696
0.313882
0.113289
0.222156
0.328671
0.347111
0.090822
0.093226
0.313226
0.112882
0.129016
0.246124
0.083479
0.183828
0.197686
0.109602
0.083867
0.209182
0.034129
0.175401
0.169712
0.083014
0.243866
0.455853
0.159134
0.202887
0.123851
0.140134
0.243542
0.147782
0.206506
0.300061
0.190325
0.219421
0.061994
0.195875
0.335004
0.129917
0.184245
0.167721
0.157929
0.285703
0.134504
0.497759
0.225670
0.173882
0.174814
0.163348
0.036949
0.106313
0.130552
0.160278
0.217651
0.439281
0.074541
0.174550
0.175070
0.168159
0.311177
0.077532
0.070685
0.007921
0.117620
0.134523
0.249405
0.323121
0.250407
0.118731
0.248404
0.190578
0.229124
0.258408
0.188785
0.173768
0.010228
0.321625
0.347657
0.162875
0.129489
0.052743
0.027173
0.102240
0.114709
0.287458
0.038375
0.098822
0.035628
0.233560
0.094980
0.147210
0.202527
0.215109
0.332217
0.438467
0.102105
0.151883
0.273590
0.168122
0.530451
0.315611
0.303594
0.181660
0.127796
0.170580
0.044958
0.252868
0.063839
0.154653
0.144287
0.347785
0.335676
0.023870
0.015283
0.074854
0.090226
0.207890
0.347477
0.106402
0.046540
0.106326
0.089951
0.081023
0.253676
0.135749
0.162155
0.170129
0.138398
0.036892
0.089698
0.126318
0.201122
0.217459
0.199047
0.213445
0.055257
0.426422
0.068660
0.183292
0.163571
0.182086
0.354346
0.016961
0.241919
0.172530
0.207749
0.111444
0.234570
0.136570
0.090663
0.120538
0.028471
0.130014
0.220641
0.274306
0.124131
0.124880
0.263893
0.298380
0.263564
0.087553
0.154408
0.204113
0.047740
0.233271
0.138209
0.075166
0.161132
0.101921
0.167616
0.144378
0.213879
0.327784
0.119847
0.236924
0.031412
0.218001
0.075773
0.225745
0.373471
0.224880
0.147395
0.176569
0.049910
0.093047
0.236268
0.490475
0.239783
0.064814
0.094615
0.126765
0.056265
0.182640
0.115524
0.303959
0.149951
0.136053
0.177070
0.187067
0.308793
0.194078
0.030441
0.273598
0.155923
0.254912
0.283048
0.191925
0.322587
0.070644
0.127656
0.246418
0.286903
0.239446
0.291483
0.357497
0.059429
0.061580
0.243905
0.200522
0.300567
0.352575
0.051555
0.241725
0.064934
0.303215
0.199721
0.315263
0.086461
0.041146
0.185776
0.205658
0.232582
0.134952
0.043732
0.218728
0.060352
0.179915
0.266692
0.114192
0.204897
0.189100
0.219082
0.287341
0.218910
0.129148
0.296164
0.099605
0.258949
0.104889
0.053370
0.210209
0.246493
0.383415
0.133671
0.406020
0.104621
0.211366
0.200268
0.399727
0.132532
0.244498
0.203080
0.114317
0.101750
0.397414
0.295939
0.076020
0.301500
0.178323
0.309487
0.383216
0.267352
0.231063
0.062983
0.228000
0.052563
0.125505
0.266237
0.264575
0.122483
0.192155
0.231265
0.280872
0.117261
0.140513
0.114654
0.166044
0.022056
0.199314
0.244896
0.374940
0.074307
0.065293
0.099313
0.210923
0.231814
0.144643
0.381447
0.303993
0.133258
0.036927
0.151932
0.138051
0.169567
0.347929
0.263942
0.049085
0.196911
0.084403
0.268891
0.319781
0.339175
0.291211
0.230205
0.334345
0.151250
0.119738
0.327759
0.172165
0.270971
0.013903
0.268841
0.192680
0.081118
0.325503
0.257586
0.124372
0.198733
0.268287
0.243971
0.345280
0.159965
0.144860
0.074506
0.224069
0.243512
0.140682
0.333088
0.169609
0.229722
0.059486
0.089107
0.201956
0.189423
0.156355
0.201065
0.186907
0.118440
0.086727
0.064713
0.140007
0.303348
0.274762
0.324727
0.286736
0.163845
0.138748
0.160872
0.228944
0.116019
0.251292
0.329247
0.163996
0.128256
0.195300
0.019665
0.049065
0.272937
0.183831
0.254132
0.327912
0.202528
0.260551
0.205552
0.151022
0.092774
0.179710
0.191165
0.153672
0.153902
0.185489
0.063426
0.034214
0.341989
0.214776
0.171508
0.296184
0.049042
0.034811
0.038213
0.245009
0.068493
0.116380
0.285790
0.195007
0.105405
0.319381
0.304961
0.161631
0.113639
0.277717
0.128125
0.283226
0.146246
0.337831
0.105723
0.261079
0.196349
0.111094
0.174875
0.032164
0.283887
0.170318
0.141046
0.302558
0.118812
0.175927
0.165223
0.145994
0.220499
0.267578
0.099062
0.343753
0.217573
0.414557
0.134928
0.155152
0.126573
0.126883
0.248863
0.156748
0.187742
0.120390
0.332535
0.343967
0.261434
0.264876
0.262279
0.306388
0.226558
0.122954
0.369899
0.175030
0.067542
0.170678
0.193488
0.230722
0.212961
0.263481
0.180185
0.118819
0.204540
0.138139
0.207810
0.257703
0.127794
0.263741
0.215832
0.195290
0.291852
0.246657
0.057999
0.225415
0.169896
0.212446
0.410430
0.158992
0.227638
0.154897
0.282513
0.060276
0.202492
0.278613
0.315937
0.321874
0.273531
0.177896
0.060540
0.093843
0.104042
0.075106
0.376786
0.157439
0.139721
0.133181
0.246148
0.233037
0.075021
0.185620
0.304730
0.254290
0.021843
0.026267
0.063379
0.253053
0.113865
0.210475
0.158095
0.090757
0.239313
0.044321
0.281354
0.141156
0.124578
0.147535
0.479466
0.134716
0.144841
0.246898
0.190056
0.183079
0.122438
0.366939
0.150729
0.112381
0.190694
0.129505
0.271255
0.137634
0.132258
0.139119
0.073251
0.260022
0.089857
0.117244
0.072124
0.278509
0.204895
0.285791
0.248223
0.218888
0.141819
0.115439
0.302905
0.316016
0.128507
0.120908
0.277176
0.063907
0.232537
0.061749
0.191955
0.253311
0.229869
0.127442
0.096367
0.159822
0.129626
0.183236
0.055632
0.222871
0.083794
0.317097
0.117164
0.093502
0.400072
0.316171
0.475254
0.081065
0.245928
0.187484
0.089967
0.256022
0.062736
0.082175
0.281254
0.208343
0.107777
0.149921
0.012624
0.139263
0.045780
0.120619
0.361450
0.326999
0.164608
0.199364
0.099624
0.082204
0.198314
0.240278
0.153896
0.207955
0.329115
0.100055
0.328161
0.088313
0.246577
0.148342
0.219936
0.160772
0.330443
0.024350
0.243234
0.082820
0.314021
0.163988
0.287890
0.062671
0.218616
0.176737
0.173157
0.162596
0.091347
0.279166
0.163459
0.206397
0.191955
0.109276
0.070244
0.144500
0.227231
0.136500
0.238617
0.257792
0.107992
0.175547
0.043926
0.140878
0.102510
0.095352
0.280210
0.050092
0.199480
0.021756
0.354003
0.106685
0.322733
0.066071
0.371179
0.106207
0.262321
0.137019
0.306755
0.138692
0.155496
0.102999
0.118547
0.171575
0.108051
0.144454
0.207350
0.087710
0.227222
0.330513
0.081064
0.129869
0.034924
0.305660
0.110050
0.034620
0.232086
0.234425
0.226826
0.283264
0.304515
0.015302
0.160792
0.207572
0.041482
0.113129
0.205680
0.135290
0.160195
0.030468
0.251585
0.231816
0.236368
0.131616
0.364833
0.147895
0.188350
0.184308
0.055448
0.215282
0.384363
0.296913
0.123951
0.117150
0.271388
0.188692
0.174374
0.242773
0.148560
0.223515
0.211599
0.171985
0.029117
0.332542
0.044661
0.190642
0.218506
0.150622
0.409780
0.400576
0.206250
0.036231
0.144132
0.074700
0.067156
0.278807
0.066388
0.041405
0.218249
0.088382
0.297995
0.196697
0.065868
0.432620
0.097396
0.142666
0.223833
0.094163
0.485474
0.172300
0.261649
0.102847
0.225191
0.065930
0.214040
0.039204
0.420894
0.198127
0.102254
0.153428
0.282717
0.260307
0.097263
0.147410
0.254643
0.170147
0.142554
0.068733
0.126777
0.362109
0.169144
0.226184
0.137805
0.246079
0.108720
0.221357
0.082285
0.191912
0.312749
0.213552
0.086812
0.150012
0.057564
0.365669
0.187455
0.172277
0.164626
0.120117
0.355712
0.157829
0.136125
0.171307
0.156717
0.054765
0.148426
0.174341
0.110201
0.100980
0.367244
0.070115
0.172131
0.229219
0.043729
0.011537
0.311833
0.172869
0.376562
0.079887
0.025532
0.073417
0.067598
0.175638
0.240395
0.221710
0.053978
0.295451
0.191123
0.126102
0.312485
0.041587
0.153835
0.195879
0.106207
0.182487
0.256317
0.260673
0.110881
0.073204
0.092198
0.066694
0.129377
0.117388
0.116291
0.135929
0.153571
0.164491
0.247385
0.101248
0.357966
0.145093
0.221035
0.219905
0.102834
0.069776
0.026072
0.167025
0.254980
0.166950
0.081638
0.325836
0.134240
0.157887
0.108229
0.135357
0.197651
0.277302
0.166208
0.132673
0.140905
0.241000
0.209829
0.367594
0.165831
0.167225
0.297698
0.142919
0.367585
0.024873
0.207216
0.150173
0.236970
0.127076
0.299762
0.130383
0.306323
0.144759
0.205414
0.169236
0.160142
0.202173
0.310496
0.406412
0.128065
0.130410
0.246166
0.086052
0.212099
0.107531
0.106267
0.305251
0.224200
0.093384
0.126744
0.403651
0.290166
0.152538
0.242353
0.148482
0.106571
0.312347
0.139332
0.085499
0.150878
0.160549
0.135707
0.235933
0.048140
0.022503
0.182920
0.120375
0.136257
0.126359
0.213296
0.110942
0.216079
0.185146
0.247254
0.245391
0.060191
0.320265
0.231584
0.128452
0.112951
0.295333
0.399811
0.169553
0.088922
0.185290
0.110165
0.229501
0.049681
0.198237
0.107154
0.266822
0.130922
0.120092
0.081927
0.086093
0.216411
0.354367
0.226148
0.177075
0.107104
0.171163
0.161027
0.345242
0.150870
0.153511
0.156306
0.068805
0.070878
0.247177
0.176311
0.177153
0.117784
0.114041
0.145861
0.376794
0.211434
0.221554
0.288587
0.172427
0.113193
0.146670
0.116802
0.095005
0.230888
0.143152
0.131885
0.129915
0.210190
0.214898
0.187586
0.220131
0.018448
0.127145
0.264563
0.131014
0.176129
0.114692
0.185172
0.214815
0.122163
0.092834
0.111097
0.268115
0.169277
0.295601
0.258376
0.185717
0.047439
0.161549
0.116224
0.167084
0.241324
0.171212
0.093759
0.322433
0.150153
0.298025
0.190689
0.330003
0.190716
0.135722
0.208202
0.110970
0.116645
0.220817
0.248296
0.237411
0.235009
0.194296
0.289239
0.087607
0.078188
0.191503
0.385094
0.241330
0.132649
0.251171
0.178201
0.051874
0.241699
0.127167
0.116153
0.108468
0.132619
0.043546
0.177883
0.129446
0.159400
0.127719
0.162452
0.105342
0.352922
0.187510
0.168833
0.118126
0.109894
0.395605
0.249927
0.140635
0.101538
0.129558
0.240792
0.155217
0.128859
0.094480
0.229393
0.382225
0.153624
0.127732
0.370123
0.221877
0.061403
0.241503
0.110191
0.313348
0.156895
0.219288
0.202958
0.204665
0.072696
0.214198
0.063135
0.240903
0.022299
0.176226
0.310785
0.371476
0.179053
0.153682
0.185341
0.285917
0.179679
0.258925
0.214960
0.278021
0.068016
0.326152
0.191282
0.150966
0.141644
0.320934
0.121103
0.115724
0.387011
0.114109
0.207560
0.226992
0.300151
0.132836
0.340501
0.202838
0.140495
0.227319
0.146307
0.256093
0.154485
0.036170
0.234426
0.121797
0.133885
0.204894
0.094157
0.354978
0.228280
0.168203
0.505624
0.154211
0.041749
0.070803
0.340237
0.296373
0.120025
0.335755
0.224950
0.362071
0.082787
0.203295
0.137591
0.243055
0.107374
0.218989
0.300642
0.219911
0.251657
0.224510
0.377811
0.207426
0.135026
0.226209
0.166799
0.105091
0.263111
0.203942
0.107083
0.116627
0.095068
0.081499
0.395886
0.126035
0.104026
0.142877
0.170640
0.353417
0.171191
0.167891
0.439102
0.181194
0.069545
0.143689
0.098742
0.156435
0.166666
0.227356
0.011347
0.131741
0.266316
0.395118
0.178207
0.091599
0.169024
0.287332
0.168038
0.167974
0.035901
0.096014
0.332274
0.205362
0.038758
0.209432
0.232740
0.220418
0.131694
0.092296
0.202991
0.406795
0.203150
0.222038
0.213984
0.163850
0.222749
0.372828
0.246895
0.022633
0.129181
0.120637
0.147694
0.063092
0.065757
0.152767
0.256200
0.275965
0.146414
0.147154
0.157929
0.138855
0.288608
0.284340
0.054321
0.113652
0.252772
0.231058
0.261818
0.146901
0.103290
0.011974
0.116788
0.363482
0.215223
0.068860
0.206458
0.141132
0.157305
0.313321
0.051432
0.341170
0.324193
0.265245
0.033131
0.101803
0.205687
0.253776
0.264436
0.264142
0.093801
0.076144
0.173230
0.120389
0.107000
0.110029
0.303059
0.532829
0.100243
0.067660
0.375657
