# G_1, p = 0.2000 GPa (dir_2000.0_bar).
# D8R-only: 96 rings x 101 frames = 9696 samples.
# Column: per-D8R Delta [A]
0.009186
0.008891
0.008662
0.009058
0.009445
0.008923
0.009287
0.009668
0.009196
0.009539
0.009709
0.009133
0.009308
0.009331
0.008597
0.009547
0.009526
0.009035
0.009488
0.009167
0.009323
0.008891
0.008872
0.009275
0.009297
0.009161
0.009013
0.009308
0.009077
0.009553
0.009049
0.009549
0.009351
0.009510
0.009223
0.009372
0.009663
0.009523
0.009402
0.009811
0.009266
0.009950
0.009265
0.009568
0.009855
0.009651
0.009288
0.009779
0.009612
0.009578
0.009239
0.009594
0.009378
0.009285
0.009449
0.009479
0.009840
0.009027
0.009714
0.009219
0.009235
0.009038
0.009403
0.009644
0.008952
0.009672
0.009444
0.009404
0.009736
0.009790
0.009578
0.009536
0.009151
0.009007
0.009434
0.009529
0.008848
0.009766
0.009402
0.009122
0.009465
0.009759
0.009307
0.009432
0.009037
0.008767
0.009172
0.009456
0.008827
0.009495
0.009203
0.008955
0.009580
0.009831
0.009442
0.009338
0.179787
0.025032
0.131237
0.100101
0.005405
0.070550
0.078507
0.060590
0.083891
0.103149
0.095104
0.159423
0.154133
0.082246
0.069093
0.117745
0.142764
0.059747
0.176761
0.091175
0.034942
0.076543
0.100391
0.069704
0.116355
0.117675
0.092447
0.120142
0.111111
0.114061
0.162135
0.066785
0.079752
0.167720
0.217648
0.031751
0.098152
0.133190
0.068343
0.093217
0.062425
0.065558
0.088548
0.120435
0.131068
0.077326
0.152555
0.163408
0.050611
0.047543
0.071017
0.054352
0.171783
0.171598
0.024525
0.131592
0.010834
0.038966
0.092387
0.094863
0.062349
0.182843
0.102926
0.036295
0.066658
0.120624
0.148940
0.082386
0.085534
0.096891
0.047744
0.146415
0.067592
0.168525
0.132127
0.046349
0.129172
0.092410
0.118455
0.164857
0.184981
0.145376
0.109012
0.124262
0.111494
0.074973
0.043433
0.107716
0.039663
0.031943
0.228824
0.101078
0.100737
0.129031
0.024409
0.050504
0.276778
0.154968
0.173052
0.148307
0.103461
0.125084
0.136753
0.145920
0.109333
0.071565
0.194772
0.397293
0.152138
0.120381
0.077868
0.173059
0.226721
0.165943
0.229848
0.127383
0.044133
0.144918
0.127757
0.033176
0.282046
0.200286
0.182650
0.156358
0.034516
0.144419
0.177079
0.050960
0.091365
0.285337
0.371800
0.131459
0.191552
0.142067
0.092618
0.094486
0.137676
0.214057
0.219331
0.148838
0.170280
0.032296
0.259935
0.215937
0.083267
0.056111
0.158528
0.151375
0.226571
0.173591
0.072666
0.272489
0.050509
0.051049
0.257502
0.183830
0.059828
0.480784
0.193711
0.109371
0.101911
0.164881
0.233693
0.168322
0.157161
0.069703
0.164173
0.194380
0.048989
0.166876
0.285343
0.084953
0.119507
0.136111
0.058894
0.100646
0.300537
0.238356
0.193505
0.141065
0.071075
0.106714
0.081219
0.170861
0.137229
0.093800
0.368131
0.157170
0.163816
0.244651
0.091691
0.110968
0.268240
0.348997
0.210853
0.113000
0.162667
0.149477
0.206021
0.255765
0.099113
0.029826
0.330656
0.589937
0.085563
0.157776
0.084643
0.170713
0.281433
0.223226
0.239261
0.120696
0.083677
0.191977
0.113363
0.100211
0.357764
0.239157
0.224334
0.251887
0.071873
0.114681
0.129502
0.104828
0.087346
0.373886
0.336940
0.308784
0.335325
0.135739
0.172396
0.242314
0.206756
0.243200
0.350869
0.184012
0.284115
0.056234
0.341806
0.153843
0.156337
0.031853
0.145279
0.191031
0.215685
0.159913
0.115088
0.440387
0.094770
0.135064
0.312065
0.245074
0.069449
0.700093
0.224108
0.135508
0.110299
0.137353
0.205485
0.187808
0.245851
0.101036
0.299479
0.247915
0.160391
0.047356
0.318398
0.104924
0.135830
0.067211
0.047170
0.045350
0.285426
0.279131
0.281022
0.132141
0.156127
0.065006
0.146518
0.149246
0.292116
0.176884
0.297780
0.181632
0.170600
0.242245
0.156815
0.175562
0.323969
0.489397
0.338193
0.220590
0.212727
0.049615
0.245520
0.368361
0.095528
0.103530
0.458686
0.693076
0.157549
0.174794
0.132765
0.217054
0.300423
0.222041
0.356239
0.184567
0.030893
0.301907
0.146560
0.154349
0.313766
0.230797
0.131392
0.203587
0.196152
0.177703
0.254790
0.215096
0.098325
0.428286
0.270279
0.397631
0.491343
0.176412
0.075997
0.221773
0.212396
0.124846
0.456190
0.162765
0.289102
0.065149
0.518157
0.089183
0.237720
0.089214
0.122191
0.243591
0.304934
0.175901
0.110031
0.461380
0.060298
0.191287
0.266646
0.233347
0.054029
0.678708
0.233732
0.174586
0.033523
0.218508
0.175828
0.138104
0.355259
0.147647
0.295895
0.219757
0.155947
0.152954
0.261982
0.117320
0.240425
0.024468
0.039765
0.156803
0.276782
0.287629
0.373808
0.235243
0.168369
0.166237
0.207686
0.099792
0.276100
0.239401
0.281167
0.195888
0.191370
0.134530
0.129092
0.094672
0.382740
0.421691
0.451860
0.161561
0.140647
0.023655
0.170623
0.409238
0.198762
0.045543
0.448021
0.625096
0.225699
0.195646
0.090099
0.306223
0.218024
0.312126
0.522767
0.234153
0.191088
0.327669
0.119887
0.129167
0.230943
0.157682
0.097444
0.226946
0.347087
0.195643
0.279272
0.257118
0.121966
0.446674
0.384173
0.308686
0.522735
0.096154
0.053646
0.147783
0.185265
0.046908
0.438700
0.136256
0.250866
0.101371
0.575721
0.128997
0.205486
0.070079
0.161179
0.401150
0.229428
0.261172
0.158363
0.382404
0.034569
0.363616
0.211633
0.218142
0.097404
0.508600
0.245405
0.256163
0.093870
0.142280
0.150184
0.092288
0.324436
0.138208
0.220143
0.145219
0.056655
0.330891
0.252726
0.138951
0.263822
0.092532
0.147234
0.227842
0.295450
0.257961
0.415395
0.205234
0.061140
0.294970
0.327056
0.088584
0.260636
0.334487
0.388548
0.222795
0.188548
0.114129
0.177746
0.175939
0.373872
0.316973
0.388177
0.067443
0.080694
0.080008
0.112229
0.281681
0.260520
0.121542
0.461026
0.486163
0.259744
0.198889
0.060667
0.309989
0.092509
0.410797
0.513458
0.320075
0.147775
0.280579
0.138714
0.195296
0.317752
0.049583
0.141564
0.325377
0.482274
0.148348
0.218693
0.187979
0.101285
0.291470
0.420494
0.185691
0.408855
0.084354
0.222269
0.168200
0.208160
0.031633
0.264905
0.141948
0.140391
0.233542
0.593430
0.094316
0.154625
0.199280
0.164569
0.509316
0.247123
0.206888
0.187880
0.300153
0.120616
0.424054
0.231033
0.254999
0.124551
0.419779
0.211531
0.238747
0.202564
0.094529
0.100211
0.096309
0.201818
0.117370
0.145488
0.074713
0.210483
0.313169
0.321116
0.243037
0.175566
0.104142
0.135202
0.123984
0.315410
0.285350
0.320911
0.104413
0.056329
0.327135
0.370093
0.132412
0.378690
0.434049
0.469081
0.219666
0.166106
0.119929
0.209779
0.278208
0.300670
0.351818
0.282594
0.046336
0.094472
0.184021
0.174918
0.157833
0.245618
0.199414
0.510106
0.368033
0.304424
0.203706
0.058219
0.213264
0.211607
0.398368
0.486331
0.277836
0.034188
0.362049
0.193639
0.291725
0.300700
0.102126
0.272244
0.300832
0.436095
0.034136
0.255333
0.149335
0.136130
0.086998
0.390637
0.175479
0.287171
0.071258
0.359540
0.237047
0.355137
0.111535
0.116700
0.129958
0.032298
0.233261
0.631132
0.037006
0.212123
0.252135
0.116249
0.469469
0.285381
0.172537
0.277178
0.152786
0.125051
0.347468
0.242899
0.226396
0.097348
0.470100
0.136754
0.327476
0.219178
0.088923
0.046892
0.063336
0.174250
0.169370
0.037330
0.047266
0.282212
0.025214
0.351876
0.315942
0.208072
0.104516
0.072890
0.127336
0.293883
0.367208
0.207464
0.133295
0.115955
0.195358
0.387059
0.221833
0.422357
0.426212
0.403284
0.096662
0.104034
0.045405
0.150430
0.317885
0.290345
0.405792
0.256155
0.141250
0.140805
0.214816
0.272667
0.220784
0.197224
0.172603
0.434738
0.383000
0.325065
0.220769
0.096907
0.120263
0.230635
0.292851
0.505724
0.138499
0.045761
0.336531
0.275526
0.235494
0.180009
0.093316
0.383980
0.205996
0.278344
0.156894
0.360583
0.074566
0.167617
0.132558
0.394539
0.110905
0.215207
0.165679
0.427775
0.240952
0.301400
0.177777
0.051558
0.044659
0.136823
0.249217
0.508471
0.124361
0.196184
0.247909
0.130037
0.395901
0.277765
0.272530
0.298519
0.112292
0.189194
0.225194
0.193372
0.160768
0.172041
0.466798
0.094740
0.423513
0.345506
0.133138
0.110094
0.062588
0.165959
0.188192
0.111276
0.110041
0.304999
0.173021
0.369672
0.269413
0.221396
0.097017
0.142639
0.203270
0.305731
0.402910
0.268841
0.211885
0.133778
0.099017
0.303259
0.247951
0.418321
0.231045
0.253661
0.106187
0.150767
0.152822
0.115686
0.332300
0.275958
0.533833
0.180747
0.182135
0.142208
0.169840
0.167244
0.252048
0.216082
0.226007
0.306784
0.368918
0.171935
0.289395
0.114051
0.127620
0.174034
0.206530
0.396026
0.146723
0.025672
0.202165
0.309621
0.089778
0.067904
0.087071
0.379966
0.252185
0.232658
0.245337
0.290653
0.155620
0.173110
0.151092
0.389896
0.047537
0.199835
0.216524
0.431988
0.122392
0.229529
0.146752
0.212019
0.164411
0.207204
0.215232
0.338666
0.132372
0.181203
0.218182
0.237510
0.337702
0.276770
0.279309
0.263259
0.112119
0.163844
0.161904
0.281124
0.162558
0.277898
0.295013
0.267493
0.458141
0.320532
0.236979
0.184653
0.119744
0.202075
0.141379
0.168512
0.130650
0.329882
0.216140
0.251043
0.192677
0.126796
0.085447
0.197794
0.229129
0.296504
0.312488
0.330242
0.291881
0.069151
0.107796
0.290217
0.221151
0.447911
0.120989
0.205053
0.253583
0.150433
0.175654
0.079051
0.329764
0.222524
0.432110
0.201208
0.189313
0.183312
0.109501
0.006288
0.263600
0.267215
0.271925
0.294438
0.255104
0.260853
0.378056
0.096483
0.065862
0.166875
0.203162
0.258559
0.113966
0.042077
0.108799
0.295158
0.120862
0.085320
0.135702
0.320228
0.425335
0.302056
0.147936
0.146725
0.208323
0.090274
0.102104
0.343418
0.185640
0.109136
0.285820
0.407620
0.052073
0.298992
0.084190
0.362924
0.390097
0.227262
0.169566
0.181548
0.124119
0.258115
0.206421
0.239849
0.308867
0.214686
0.080248
0.253342
0.257732
0.116491
0.135908
0.319093
0.196500
0.285656
0.064566
0.262906
0.396076
0.334477
0.225073
0.113343
0.103264
0.274361
0.106148
0.086888
0.157228
0.317430
0.293163
0.166607
0.148266
0.123532
0.063678
0.275526
0.312649
0.385337
0.212186
0.227205
0.324741
0.066094
0.178634
0.369132
0.203206
0.449107
0.144516
0.408012
0.300135
0.146502
0.145747
0.115615
0.373853
0.235573
0.228124
0.205574
0.226017
0.167112
0.044535
0.017949
0.219167
0.249077
0.232942
0.248221
0.142138
0.371559
0.246136
0.184338
0.123474
0.233211
0.130851
0.149577
0.190082
0.049961
0.226810
0.281178
0.218232
0.036003
0.236706
0.273559
0.385982
0.362469
0.075997
0.048648
0.213870
0.026190
0.167664
0.326505
0.321892
0.227499
0.350816
0.303588
0.019101
0.354988
0.123980
0.379566
0.348128
0.165094
0.073570
0.127745
0.222525
0.185619
0.152626
0.174134
0.199201
0.168884
0.062302
0.210819
0.383856
0.251123
0.096170
0.261232
0.132790
0.260234
0.134914
0.149670
0.282886
0.305082
0.217186
0.145234
0.146931
0.335770
0.057199
0.059262
0.103960
0.290230
0.379133
0.163280
0.128068
0.092175
0.102915
0.374450
0.358261
0.386973
0.233078
0.138724
0.282001
0.054237
0.253872
0.388092
0.216108
0.403369
0.163210
0.442879
0.345193
0.225584
0.145855
0.234308
0.349141
0.210593
0.157597
0.179928
0.186146
0.168195
0.203675
0.052263
0.255941
0.107817
0.231910
0.292062
0.152330
0.342396
0.285234
0.319441
0.120624
0.299545
0.049686
0.125943
0.179042
0.065479
0.328174
0.282717
0.205622
0.235682
0.320251
0.296804
0.295195
0.295131
0.120301
0.108813
0.233365
0.052394
0.176986
0.403650
0.321787
0.355808
0.320841
0.173559
0.070608
0.318678
0.144040
0.238909
0.284421
0.158935
0.122082
0.244676
0.280131
0.043433
0.156228
0.079875
0.073489
0.149239
0.086678
0.251277
0.399253
0.327076
0.154153
0.182187
0.054945
0.227214
0.175599
0.164237
0.249281
0.197843
0.227398
0.105662
0.215208
0.227835
0.034699
0.140671
0.057497
0.258593
0.315321
0.060184
0.118891
0.168817
0.282422
0.458458
0.358795
0.233880
0.225432
0.178896
0.189973
0.177301
0.264543
0.179479
0.342984
0.270537
0.046178
0.234344
0.327798
0.140797
0.172951
0.221299
0.280470
0.092173
0.092666
0.181710
0.126093
0.209967
0.328685
0.063322
0.225463
0.022245
0.308017
0.303812
0.205594
0.325672
0.341077
0.369104
0.048759
0.334928
0.075257
0.184179
0.208859
0.088035
0.493635
0.208994
0.087248
0.463248
0.385180
0.150078
0.230665
0.137603
0.150519
0.331171
0.259069
0.107018
0.151462
0.365311
0.239297
0.460569
0.139528
0.116196
0.163490
0.294915
0.136824
0.212980
0.259086
0.201931
0.045361
0.383045
0.268383
0.064168
0.260534
0.191817
0.198137
0.100336
0.113938
0.308300
0.226346
0.360753
0.254283
0.224560
0.118612
0.219924
0.154101
0.114990
0.311934
0.124095
0.223912
0.046873
0.175578
0.292676
0.186294
0.133722
0.162179
0.259315
0.157593
0.075382
0.146639
0.280608
0.309717
0.419685
0.349405
0.073674
0.104608
0.228758
0.104779
0.327451
0.330249
0.249215
0.533452
0.172088
0.071384
0.115001
0.272866
0.107295
0.170473
0.153546
0.258041
0.091851
0.068272
0.385336
0.153652
0.420448
0.329729
0.085520
0.247644
0.086569
0.358572
0.442909
0.112441
0.287242
0.306338
0.458410
0.098882
0.385389
0.121298
0.228485
0.287192
0.154777
0.651295
0.136333
0.161573
0.414470
0.381257
0.210159
0.111688
0.130523
0.061951
0.354027
0.283625
0.165646
0.204455
0.381935
0.271923
0.513404
0.145685
0.083033
0.185139
0.240824
0.231109
0.343382
0.336623
0.206542
0.098530
0.479051
0.210007
0.153786
0.258946
0.214005
0.355132
0.096968
0.133197
0.363562
0.180708
0.409990
0.311410
0.298250
0.168984
0.204269
0.139073
0.189141
0.317456
0.039422
0.209949
0.071196
0.274790
0.330348
0.144816
0.121250
0.318352
0.223854
0.114421
0.079650
0.052314
0.312471
0.278705
0.403313
0.296501
0.106781
0.167271
0.213689
0.109877
0.282600
0.346512
0.281135
0.597765
0.060789
0.071715
0.021373
0.211928
0.084241
0.231939
0.177443
0.247952
0.078208
0.145072
0.583092
0.249281
0.492277
0.270019
0.081651
0.167553
0.121508
0.245676
0.503545
0.255969
0.199313
0.223379
0.452639
0.076054
0.362914
0.068203
0.178453
0.235689
0.176272
0.656052
0.166638
0.160543
0.285448
0.412494
0.295352
0.110480
0.041222
0.010032
0.334238
0.261433
0.239447
0.260193
0.374829
0.373934
0.471134
0.288714
0.096701
0.114845
0.327515
0.415707
0.421789
0.217836
0.233084
0.172577
0.513453
0.213528
0.185698
0.297540
0.133142
0.369279
0.187839
0.187484
0.408738
0.241511
0.461078
0.335341
0.489162
0.182285
0.127235
0.168782
0.253787
0.294539
0.129236
0.209958
0.125244
0.418075
0.260191
0.095549
0.156433
0.404778
0.316464
0.150864
0.202714
0.109932
0.258130
0.322919
0.381288
0.220394
0.026873
0.211220
0.218733
0.201649
0.247188
0.203166
0.225507
0.556867
0.095165
0.077053
0.064203
0.246001
0.096321
0.263202
0.257947
0.256467
0.184734
0.212282
0.535258
0.264730
0.466708
0.264620
0.241982
0.187444
0.187735
0.246892
0.443299
0.268972
0.123637
0.250523
0.420716
0.044539
0.286766
0.075571
0.088729
0.255836
0.185015
0.543189
0.242255
0.162917
0.372583
0.383394
0.358059
0.250421
0.061161
0.031322
0.340240
0.226404
0.320189
0.346183
0.370350
0.376696
0.351421
0.321221
0.098851
0.185872
0.359063
0.392858
0.330879
0.251464
0.207691
0.291045
0.473684
0.283419
0.249071
0.284130
0.114605
0.426993
0.443204
0.275852
0.429436
0.220337
0.359721
0.360192
0.513007
0.112142
0.138849
0.248050
0.253738
0.232696
0.121766
0.293913
0.244116
0.435328
0.225882
0.037585
0.170530
0.485096
0.414889
0.087699
0.122036
0.098944
0.336310
0.420489
0.337371
0.239868
0.165155
0.143531
0.168915
0.228695
0.373949
0.037603
0.300398
0.612854
0.153293
0.154017
0.140504
0.280672
0.099379
0.279197
0.234150
0.316578
0.237205
0.270876
0.432196
0.206987
0.373537
0.281356
0.247552
0.130347
0.243259
0.375403
0.374530
0.207779
0.159825
0.273514
0.326806
0.207654
0.159515
0.109171
0.028673
0.212144
0.213252
0.380612
0.227655
0.140911
0.529077
0.269627
0.357557
0.236353
0.146208
0.073040
0.387190
0.187630
0.368155
0.443978
0.346696
0.253550
0.288950
0.177054
0.096488
0.172671
0.240747
0.181527
0.244869
0.238821
0.139214
0.354671
0.413904
0.357390
0.328982
0.197082
0.162852
0.515962
0.466738
0.185145
0.402624
0.168951
0.266511
0.281720
0.403760
0.136496
0.231280
0.180884
0.273948
0.234893
0.131247
0.286778
0.270804
0.369875
0.226317
0.082683
0.237510
0.531360
0.451438
0.063235
0.124701
0.064592
0.439289
0.504232
0.281455
0.256121
0.209084
0.183833
0.260929
0.217083
0.471545
0.067448
0.310163
0.659036
0.156341
0.122775
0.187889
0.236418
0.171414
0.247420
0.297365
0.307306
0.275595
0.303514
0.455244
0.164158
0.302200
0.418507
0.164023
0.129578
0.348026
0.470895
0.342332
0.199895
0.202142
0.247078
0.316904
0.316684
0.046444
0.168163
0.056022
0.145866
0.287013
0.281311
0.069264
0.274773
0.489424
0.120595
0.412690
0.152860
0.173098
0.119626
0.372920
0.017577
0.402392
0.439990
0.241927
0.197237
0.184673
0.149209
0.130832
0.092641
0.113434
0.163872
0.273417
0.252306
0.168450
0.333318
0.321663
0.365544
0.324875
0.055155
0.194628
0.401094
0.316112
0.189514
0.295951
0.118682
0.301591
0.183091
0.279299
0.144925
0.333095
0.124121
0.252911
0.252393
0.171550
0.169724
0.277846
0.356081
0.264790
0.039975
0.302859
0.445550
0.404923
0.111815
0.310667
0.032918
0.391261
0.492146
0.250582
0.130160
0.077010
0.131939
0.289187
0.154703
0.396585
0.129529
0.315330
0.483349
0.063803
0.049865
0.137539
0.153774
0.130494
0.209669
0.380841
0.354402
0.417316
0.296445
0.456624
0.139149
0.371884
0.383030
0.172412
0.200469
0.269259
0.366864
0.284051
0.088497
0.138505
0.208266
0.283163
0.329805
0.113705
0.159840
0.131247
0.205324
0.355485
0.134135
0.038128
0.425270
0.374647
0.221711
0.346185
0.196288
0.169635
0.222408
0.333706
0.113108
0.402019
0.330321
0.212675
0.224154
0.141280
0.132576
0.084979
0.087602
0.096376
0.075966
0.309556
0.328581
0.126160
0.292755
0.256199
0.318616
0.242924
0.052794
0.194818
0.152305
0.246647
0.189067
0.139374
0.188992
0.298531
0.214665
0.150530
0.191966
0.338956
0.191445
0.210271
0.261237
0.181184
0.020969
0.191066
0.457765
0.324286
0.129634
0.306079
0.340423
0.286205
0.153213
0.448844
0.032007
0.248497
0.400565
0.166395
0.065467
0.172900
0.061484
0.259691
0.072286
0.408083
0.077820
0.304372
0.125546
0.104915
0.187815
0.241983
0.118745
0.121053
0.142095
0.363246
0.413133
0.404230
0.358318
0.287064
0.090826
0.411004
0.275764
0.249790
0.247462
0.221986
0.301708
0.220866
0.096345
0.144631
0.221959
0.276438
0.344705
0.186493
0.220934
0.195522
0.201516
0.325014
0.038231
0.126841
0.427696
0.408289
0.229096
0.180909
0.314641
0.201038
0.342574
0.345680
0.146098
0.339347
0.244823
0.100043
0.274803
0.164567
0.162050
0.153440
0.115278
0.260141
0.057715
0.219669
0.214668
0.149492
0.409754
0.177263
0.200526
0.308347
0.042331
0.199874
0.074036
0.297928
0.198877
0.159373
0.133990
0.207336
0.321061
0.210836
0.176943
0.302744
0.173704
0.197594
0.098640
0.207803
0.132453
0.186622
0.482359
0.370974
0.330848
0.268202
0.268700
0.240525
0.193292
0.511076
0.102441
0.196401
0.259055
0.168544
0.158267
0.247528
0.062839
0.243312
0.126993
0.339197
0.077344
0.361739
0.071445
0.208467
0.242854
0.364701
0.147292
0.106057
0.105518
0.225923
0.251665
0.265562
0.340162
0.077032
0.058479
0.369042
0.106186
0.253781
0.450091
0.231204
0.360776
0.211313
0.224059
0.156958
0.262266
0.178260
0.301845
0.298291
0.255443
0.228972
0.214323
0.215796
0.164480
0.165047
0.292169
0.413013
0.232864
0.121602
0.390685
0.127825
0.413730
0.279721
0.255167
0.260314
0.229528
0.130497
0.256842
0.045972
0.229301
0.259468
0.209324
0.402327
0.096755
0.087544
0.216973
0.223468
0.568099
0.158336
0.198317
0.369621
0.054513
0.231555
0.118755
0.366421
0.240022
0.377581
0.099152
0.111395
0.305692
0.144153
0.115189
0.405933
0.193376
0.264998
0.092017
0.241588
0.250557
0.188066
0.376501
0.317354
0.358935
0.198085
0.193363
0.186779
0.134596
0.645251
0.227795
0.239665
0.127254
0.196130
0.142806
0.195306
0.119718
0.339510
0.228575
0.194979
0.120033
0.371207
0.063020
0.193485
0.304674
0.292529
0.188984
0.199989
0.211582
0.041077
0.042307
0.103553
0.291562
0.029043
0.116035
0.310725
0.067954
0.243253
0.472138
0.310099
0.330806
0.200220
0.283594
0.148233
0.282091
0.129683
0.230028
0.387078
0.282377
0.264559
0.208091
0.251751
0.197893
0.107485
0.181638
0.135757
0.272440
0.069713
0.340018
0.081849
0.435430
0.263940
0.352591
0.175464
0.132652
0.152822
0.245380
0.029232
0.192819
0.292764
0.396445
0.504898
0.125154
0.145411
0.251287
0.221020
0.445156
0.154003
0.215007
0.398106
0.003427
0.209866
0.206968
0.283124
0.312523
0.434869
0.107069
0.027061
0.147136
0.164303
0.120361
0.380359
0.209945
0.343183
0.121212
0.282895
0.236814
0.248575
0.233489
0.268379
0.330336
0.091650
0.047401
0.096231
0.085828
0.574354
0.290424
0.217403
0.041073
0.192287
0.140996
0.167505
0.241629
0.353914
0.223124
0.186473
0.207482
0.247562
0.140246
0.180072
0.359317
0.160044
0.226941
0.266525
0.122353
0.088285
0.155162
0.136061
0.226256
0.074275
0.141804
0.218825
0.092424
0.298658
0.472520
0.185075
0.173184
0.130213
0.252471
0.122287
0.216621
0.126872
0.183436
0.379131
0.297176
0.277775
0.177718
0.283417
0.146698
0.039882
0.193757
0.147520
0.216749
0.113148
0.313975
0.221354
0.410525
0.245611
0.383963
0.126588
0.115761
0.231742
0.272047
0.088094
0.169799
0.354188
0.377327
0.559956
0.070475
0.195870
0.259212
0.198517
0.132909
0.055483
0.197713
0.365469
0.179017
0.197113
0.364378
0.163250
0.326233
0.379468
0.102516
0.050296
0.083442
0.258893
0.254503
0.353925
0.295534
0.323560
0.077354
0.198265
0.181542
0.264601
0.130442
0.271352
0.307573
0.042565
0.097389
0.090971
0.292656
0.425786
0.275910
0.084009
0.034272
0.121129
0.159964
0.208628
0.257453
0.354996
0.187239
0.236868
0.244490
0.167497
0.246132
0.187193
0.298538
0.109908
0.233396
0.228583
0.058023
0.194318
0.230180
0.273364
0.284953
0.128620
0.228381
0.029039
0.056343
0.390769
0.386028
0.078632
0.121242
0.152788
0.239045
0.182004
0.135212
0.077996
0.243167
0.264113
0.267180
0.294442
0.123413
0.277786
0.077675
0.126503
0.201775
0.230585
0.122652
0.207180
0.351632
0.238717
0.332095
0.107051
0.291836
0.043564
0.059528
0.412186
0.222007
0.126695
0.280133
0.387857
0.300342
0.503908
0.065925
0.131277
0.154082
0.115476
0.053047
0.144890
0.214955
0.263811
0.336686
0.288479
0.233088
0.321715
0.234681
0.332844
0.114813
0.092443
0.142296
0.280162
0.336987
0.314549
0.466658
0.139184
0.073309
0.059567
0.256407
0.228874
0.054522
0.316665
0.354144
0.097073
0.138741
0.097437
0.263098
0.349749
0.245666
0.024146
0.011672
0.254954
0.083690
0.164892
0.147782
0.309300
0.200749
0.402610
0.263589
0.128770
0.279805
0.170290
0.133600
0.136503
0.185909
0.225684
0.129153
0.280920
0.270235
0.252854
0.264809
0.191952
0.325965
0.115707
0.153440
0.280716
0.323181
0.131778
0.102183
0.106700
0.260667
0.226722
0.177286
0.029302
0.333026
0.349733
0.238307
0.297974
0.088978
0.212977
0.034386
0.121793
0.171809
0.232838
0.162742
0.205642
0.260508
0.317821
0.229085
0.101627
0.239549
0.127271
0.122600
0.451893
0.212927
0.261728
0.231637
0.351375
0.292290
0.245945
0.169997
0.060846
0.176938
0.035397
0.116251
0.152656
0.306086
0.250630
0.390736
0.338561
0.177673
0.489278
0.152214
0.308490
0.199283
0.098239
0.231558
0.296098
0.365270
0.208202
0.682087
0.034650
0.111944
0.134038
0.287867
0.215267
0.267278
0.272586
0.471184
0.182388
0.126666
0.121972
0.238849
0.303560
0.227158
0.060402
0.055929
0.337561
0.087903
0.169724
0.133620
0.244124
0.293940
0.409110
0.277480
0.143582
0.241258
0.109845
0.049494
0.128613
0.098584
0.283508
0.111794
0.164515
0.266563
0.139595
0.204939
0.220723
0.340363
0.227302
0.215807
0.233613
0.323219
0.221813
0.059151
0.160674
0.303280
0.160296
0.208233
0.030636
0.351375
0.266285
0.292919
0.235725
0.110643
0.220937
0.092727
0.016758
0.162049
0.247835
0.131738
0.208759
0.329334
0.409875
0.192937
0.214972
0.217332
0.273980
0.135749
0.308493
0.164064
0.219934
0.072360
0.353376
0.357572
0.007293
0.163913
0.200519
0.122759
0.003212
0.228974
0.056116
0.210904
0.209963
0.415028
0.304462
0.264923
0.423610
0.117010
0.163944
0.267306
0.145533
0.189274
0.296086
0.323008
0.147433
0.819552
0.151552
0.228071
0.268726
0.336720
0.282561
0.434167
0.172360
0.447019
0.205682
0.116838
0.260092
0.386080
0.251687
0.240374
0.151139
0.056142
0.296874
0.216185
0.160964
0.266719
0.169562
0.308677
0.426408
0.213345
0.104835
0.137841
0.097843
0.060148
0.050680
0.131720
0.359164
0.058979
0.099581
0.179119
0.185465
0.203086
0.242738
0.325252
0.327738
0.308413
0.192959
0.385334
0.369930
0.184616
0.227134
0.218052
0.202311
0.166231
0.131283
0.187928
0.239514
0.358631
0.193124
0.162440
0.215628
0.299167
0.133392
0.227852
0.130390
0.040323
0.194522
0.232038
0.398867
0.133351
0.342853
0.175086
0.272946
0.277996
0.355243
0.086004
0.140230
0.059129
0.211247
0.325516
0.071832
0.170985
0.173881
0.096317
0.009624
0.184498
0.109525
0.114806
0.381026
0.391467
0.313819
0.205325
0.272108
0.063122
0.100856
0.284969
0.229661
0.111721
0.308399
0.343157
0.201755
0.883707
0.204870
0.257806
0.316348
0.325861
0.239940
0.462864
0.205114
0.340240
0.168706
0.097247
0.309846
0.511138
0.154167
0.270377
0.160027
0.062690
0.302927
0.192108
0.159647
0.340158
0.027823
0.191632
0.448730
0.325411
0.013708
0.047212
0.100892
0.105791
0.112855
0.163162
0.390558
0.085464
0.201071
0.109136
0.095406
0.188612
0.262011
0.319311
0.385704
0.473516
0.197840
0.302428
0.393078
0.265983
0.125696
0.186627
0.226459
0.094420
0.168479
0.131294
0.208554
0.274643
0.238927
0.118201
0.217477
0.346501
0.047564
0.214123
0.049428
0.112959
0.075695
0.031468
0.293997
0.067858
0.320387
0.252528
0.176542
0.278228
0.381862
0.122870
0.226888
0.156378
0.198648
0.279027
0.093057
0.323562
0.086048
0.161739
0.074776
0.186620
0.231625
0.112429
0.517490
0.318812
0.163035
0.247765
0.097404
0.188865
0.170243
0.186490
0.303967
0.073493
0.353207
0.290875
0.170201
0.839501
0.253649
0.231404
0.326608
0.274851
0.401229
0.476682
0.136809
0.265057
0.195057
0.087371
0.215595
0.418311
0.070865
0.291889
0.238304
0.013459
0.317701
0.157765
0.137362
0.267402
0.150328
0.209737
0.455329
0.430410
0.123851
0.060590
0.215473
0.123987
0.216725
0.163361
0.303085
0.147659
0.175719
0.176382
0.061684
0.136454
0.253096
0.286819
0.255314
0.582068
0.233931
0.126907
0.276551
0.244425
0.152897
0.235451
0.226028
0.058876
0.151814
0.105402
0.148218
0.137792
0.243563
0.147927
0.225753
0.225849
0.135884
0.262886
0.045559
0.159592
0.113452
0.044984
0.300766
0.092241
0.282902
0.227985
0.141460
0.188504
0.398070
0.168258
0.284894
0.112960
0.313124
0.289680
0.111973
0.359702
0.182452
0.105830
0.100136
0.180290
0.203204
0.110632
0.403408
0.135400
0.189815
0.206476
0.043447
0.274255
0.232859
0.175033
0.205480
0.185977
0.307947
0.219020
0.213177
0.768122
0.287823
0.199251
0.251687
0.118047
0.387347
0.482875
0.201576
0.218546
0.184708
0.023052
0.190949
0.295717
0.114008
0.300415
0.320087
0.076530
0.251180
0.141375
0.249394
0.187138
0.283243
0.144077
0.300196
0.422617
0.273524
0.094192
0.291970
0.090712
0.150920
0.164631
0.166365
0.165525
0.056852
0.173100
0.049951
0.101131
0.248010
0.261554
0.407274
0.492430
0.215510
0.109402
0.309300
0.167518
0.137978
0.141062
0.111277
0.009733
0.165704
0.228683
0.136562
0.040639
0.109531
0.256466
0.214221
0.137122
0.203579
0.177042
0.085126
0.157905
0.100311
0.078628
0.239922
0.153325
0.222220
0.138423
0.083184
0.156923
0.495167
0.120636
0.270920
0.087808
0.363687
0.291406
0.056963
0.244826
0.210910
0.069739
0.084737
0.129257
0.055834
0.114262
0.260970
0.046682
0.215307
0.115299
0.116945
0.192824
0.269345
0.240386
0.081556
0.455694
0.380871
0.108013
0.254524
0.560930
0.240887
0.072149
0.334146
0.177047
0.254822
0.410738
0.318776
0.165576
0.171226
0.103936
0.274734
0.328548
0.225419
0.136001
0.348627
0.127961
0.103213
0.105257
0.295441
0.126572
0.289281
0.110301
0.248375
0.275744
0.306856
0.058177
0.240755
0.136717
0.118648
0.013874
0.033697
0.166053
0.086298
0.048749
0.101488
0.123111
0.216536
0.248873
0.438743
0.450487
0.096146
0.134861
0.310677
0.196110
0.160085
0.046769
0.083006
0.053810
0.170271
0.359835
0.176957
0.074726
0.186810
0.097100
0.205006
0.097508
0.250198
0.039350
0.252445
0.186777
0.119070
0.211230
0.112540
0.353106
0.274112
0.061323
0.069824
0.090766
0.517593
0.093314
0.218244
0.073686
0.305240
0.303669
0.059905
0.099988
0.165589
0.072372
0.100544
0.214434
0.116660
0.104856
0.245963
0.104384
0.148781
0.040798
0.239262
0.218790
0.251397
0.276872
0.026611
0.525851
0.465375
0.104392
0.256528
0.424163
0.146752
0.111710
0.300583
0.139967
0.299548
0.310967
0.371396
0.182705
0.288116
0.116986
0.219846
0.302023
0.264257
0.062583
0.242664
0.123696
0.020291
0.045940
0.170675
0.092220
0.108815
0.125000
0.197882
0.069680
0.298302
0.028866
0.136504
0.061025
0.149951
0.081825
0.051773
0.258269
0.172541
0.141644
0.144595
0.138591
0.200632
0.153845
0.438063
0.400850
0.054226
0.264476
0.245295
0.170211
0.208486
0.114038
0.071900
0.134628
0.068319
0.260530
0.131377
0.119730
0.142529
0.190644
0.274125
0.068731
0.187779
0.059999
0.267164
0.213274
0.209207
0.253838
0.133626
0.515778
0.272628
0.041848
0.087850
0.014684
0.473227
0.201925
0.142179
0.073645
0.349326
0.223768
0.105832
0.122179
0.055231
0.050672
0.144870
0.198851
0.048895
0.070168
0.265473
0.185199
0.188005
0.132660
0.361162
0.282490
0.289916
0.274844
0.076021
0.452695
0.412023
0.234452
0.228007
0.317007
0.115589
0.076577
0.128641
0.038221
0.366546
0.224955
0.381877
0.193913
0.215105
0.218042
0.119859
0.145399
0.174427
0.149996
0.191590
0.105425
0.099970
0.158991
0.069281
0.111830
0.071126
0.087823
0.204706
0.126572
0.413821
0.066907
0.114582
0.141084
0.236576
0.082445
0.078797
0.305812
0.156380
0.223408
0.249795
0.208896
0.237868
0.125126
0.387913
0.282376
0.122730
0.333593
0.288561
0.123308
0.195765
0.236616
0.071236
0.162850
0.033401
0.210496
0.248071
0.111046
0.094272
0.086447
0.259603
0.148246
0.136153
0.144684
0.275798
0.114584
0.185330
0.292961
0.243950
0.529853
0.231786
0.085775
0.098884
0.030700
0.323251
0.360569
0.105647
0.058586
0.325148
0.452477
0.111628
0.256656
0.101000
0.125110
0.146137
0.206415
0.090893
0.076832
0.194995
0.172185
0.292571
0.021686
0.354196
0.180042
0.262123
0.380397
0.085450
0.338323
0.351244
0.325093
0.317482
0.121990
0.179586
0.073900
0.079424
0.036624
0.365485
0.135303
0.471335
0.162423
0.080247
0.117647
0.141419
0.108100
0.147410
0.150923
0.109643
0.101356
0.150907
0.223144
0.089134
0.195514
0.187206
0.055745
0.244777
0.106886
0.430678
0.049673
0.157555
0.103777
0.145804
0.117046
0.187648
0.242057
0.152715
0.260531
0.140169
0.293215
0.318998
0.223592
0.321699
0.138808
0.149072
0.330285
0.331771
0.127647
0.136176
0.350864
0.108414
0.170756
0.073871
0.262568
0.263893
0.068844
0.100865
0.126810
0.222632
0.172197
0.113919
0.180366
0.357331
0.109493
0.126228
0.344217
0.277776
0.484161
0.211049
0.049946
0.015184
0.079947
0.205488
0.484008
0.065436
0.173388
0.280578
0.499153
0.036288
0.213015
0.208934
0.219240
0.169142
0.187128
0.173236
0.138034
0.139316
0.135348
0.316515
0.006269
0.308042
0.064491
0.276168
0.294333
0.132232
0.163765
0.137482
0.315785
0.383359
0.366612
0.206521
0.038261
0.109625
0.206372
0.322434
0.102523
0.410221
0.132718
0.106348
0.126106
0.084525
0.152178
0.238361
0.166613
0.134054
0.211364
0.271356
0.086760
0.045511
0.114278
0.178865
0.105716
0.142028
0.034610
0.392667
0.060819
0.077870
0.134192
0.048636
0.153001
0.327641
0.193102
0.162760
0.303239
0.097034
0.201863
0.251378
0.344411
0.293124
0.109127
0.226760
0.302510
0.271426
0.092970
0.035534
0.326624
0.163230
0.196296
0.106011
0.171631
0.234261
0.177832
0.267352
0.289565
0.307941
0.168377
0.087537
0.168171
0.362504
0.148126
0.080763
0.168502
0.314728
0.426210
0.067712
0.159176
0.088077
0.114255
0.094463
0.555308
0.155004
0.149335
0.320764
0.340149
0.079984
0.080605
0.277360
0.231402
0.189939
0.075456
0.204152
0.151765
0.131261
0.300477
0.243021
0.093220
0.322484
0.086074
0.231288
0.206749
0.199749
0.062136
0.187871
0.291059
0.321163
0.627152
0.236942
0.107656
0.062848
0.265802
0.294765
0.247275
0.275764
0.226805
0.153321
0.114246
0.079322
0.115411
0.227322
0.244818
0.268390
0.243718
0.353407
0.119449
0.221217
0.132521
0.059069
0.149906
0.156892
0.039710
0.353336
0.072695
0.079696
0.196140
0.098837
0.200585
0.388455
0.177679
0.190210
0.312590
0.114393
0.165386
0.190059
0.336532
0.357484
0.132361
0.267033
0.368732
0.144497
0.075093
0.016550
0.226208
0.172942
0.081752
0.105021
0.066172
0.186988
0.188116
0.383015
0.255002
0.368009
0.165852
0.246672
0.121829
0.210093
0.123800
0.145725
0.061117
0.349187
0.334903
0.108524
0.203850
0.060980
0.213663
0.091417
0.569893
0.176416
0.067601
0.437224
0.211263
0.072058
0.160621
0.308331
0.124047
0.232746
0.091759
0.259935
0.119829
0.116749
0.253087
0.184249
0.164396
0.373465
0.124341
0.150869
0.246308
0.150259
0.032021
0.306371
0.281679
0.174361
0.607306
0.219003
0.111006
0.170682
0.198588
0.286182
0.303872
0.244030
0.376789
0.156730
0.111774
0.210687
0.197092
0.159305
0.260196
0.151449
0.185314
0.389839
0.229558
0.301868
0.174070
0.017574
0.127696
0.116814
0.037984
0.334454
0.031281
0.174756
0.205366
0.146992
0.212756
0.397002
0.272567
0.148577
0.276312
0.082445
0.280958
0.229212
0.235857
0.272877
0.294099
0.308612
0.383514
0.105126
0.053727
0.040885
0.141857
0.303966
0.123740
0.086908
0.079562
0.258493
0.085834
0.378024
0.076328
0.290008
0.197578
0.265663
0.018829
0.062430
0.082784
0.136264
0.053185
0.406730
0.430586
0.215771
0.165891
0.069217
0.213886
0.227492
0.549242
0.079322
0.069706
0.444760
0.189374
0.090021
0.457994
0.296640
0.089067
0.262253
0.082856
0.338285
0.089556
0.143895
0.125289
0.193010
0.180423
0.291556
0.136163
0.136913
0.248547
0.060375
0.073237
0.362079
0.173855
0.287184
0.608098
0.241130
0.146600
0.292753
0.214866
0.315733
0.244359
0.209356
0.425687
0.245226
0.191432
0.195850
0.269526
0.040707
0.204005
0.162664
0.217989
0.297186
0.155501
0.323006
0.227172
0.116445
0.118036
0.149543
0.098873
0.224478
0.053267
0.092029
0.230157
0.176747
0.174324
0.464601
0.238388
0.091791
0.222500
0.108062
0.297060
0.247484
0.169905
0.192610
0.367215
0.210904
0.328165
0.076969
0.066485
0.084713
0.161474
0.306118
0.217570
0.042647
0.132856
0.196560
0.048983
0.361643
0.120960
0.383617
0.297063
0.213740
0.071401
0.224045
0.098389
0.154272
0.150898
0.342547
0.469012
0.311326
0.313218
0.114730
0.184772
0.351724
0.393816
0.170136
0.021050
0.359628
0.248693
0.193871
0.539499
0.122208
0.096470
0.269415
0.118102
0.280250
0.108563
0.091109
0.160472
0.232803
0.226351
0.092873
0.171825
0.136521
0.150190
0.156972
0.057309
0.384821
0.056368
0.260834
0.650707
0.238551
0.198610
0.262385
0.327069
0.209316
0.161648
0.258509
0.432471
0.281721
0.232194
0.212216
0.243357
0.090761
0.185053
0.238710
0.153432
0.254788
0.135537
0.366412
0.281234
0.266616
0.112942
0.185329
0.207759
0.133170
0.117542
0.110892
0.362259
0.197346
0.066474
0.555570
0.307064
0.105928
0.164927
0.110998
0.083725
0.127198
0.294745
0.321392
0.289971
0.128385
0.118964
0.137110
0.081590
0.141219
0.153064
0.221719
0.238286
0.141631
0.185108
0.195867
0.125876
0.327598
0.060021
0.526076
0.371573
0.243922
0.053263
0.219119
0.173638
0.063187
0.305668
0.178380
0.453970
0.420253
0.409882
0.126122
0.244215
0.281342
0.225664
0.194731
0.090378
0.293321
0.284771
0.214790
0.477028
0.101556
0.152455
0.358751
0.088578
0.151937
0.087229
0.123995
0.161501
0.256091
0.272271
0.067595
0.112819
0.124945
0.170334
0.186763
0.166012
0.369491
0.059099
0.329947
0.590987
0.181488
0.122046
0.192073
0.326720
0.146047
0.095600
0.297927
0.460870
0.236916
0.185138
0.296527
0.229222
0.251048
0.267366
0.176504
0.184533
0.187246
0.202701
0.329699
0.290244
0.240976
0.129675
0.242350
0.309035
0.101522
0.092224
0.278870
0.392255
0.225425
0.106676
0.460112
0.272948
0.204198
0.132901
0.185037
0.023893
0.166793
0.354178
0.443770
0.268677
0.245308
0.139159
0.194879
0.025087
0.182353
0.219417
0.184132
0.248744
0.151256
0.212939
0.260589
0.188156
0.341664
0.199608
0.444374
0.403499
0.185105
0.151363
0.202067
0.274671
0.183551
0.384970
0.116981
0.394844
0.376776
0.326880
0.096830
0.336295
0.140556
0.175422
0.219228
0.149339
0.347172
0.188012
0.167678
0.381317
0.225261
0.176134
0.442981
0.048977
0.232819
0.083042
0.200009
0.085516
0.173770
0.271243
0.044878
0.201982
0.156770
0.238683
0.171171
0.237889
0.341798
0.182818
0.396943
0.451336
0.201100
0.089104
0.165828
0.189797
0.044634
0.152154
0.242235
0.423651
0.151559
0.198517
0.398450
0.297167
0.356366
0.263294
0.031299
0.225125
0.087111
0.097687
0.314962
0.235716
0.196231
0.108534
0.222973
0.275579
0.145648
0.105315
0.264699
0.329024
0.291848
0.130561
0.205179
0.319439
0.258216
0.080418
0.220671
0.064315
0.306242
0.328769
0.462026
0.284343
0.371018
0.256344
0.193386
0.052737
0.277893
0.283178
0.166686
0.197992
0.007512
0.115437
0.215680
0.196775
0.340173
0.288279
0.284722
0.415925
0.060331
0.288434
0.086761
0.192275
0.255767
0.416138
0.120854
0.307476
0.309516
0.273800
0.181050
0.348943
0.170280
0.033494
0.319277
0.244765
0.347356
0.079680
0.103729
0.290173
0.295779
0.175772
0.308675
0.170986
0.286420
0.111836
0.283638
0.088876
0.025343
0.260066
0.013584
0.276998
0.198675
0.198046
0.239612
0.194879
0.318831
0.177025
0.419610
0.318368
0.331898
0.123295
0.243012
0.158990
0.035933
0.303320
0.075698
0.269827
0.146749
0.341197
0.356171
0.346895
0.472797
0.196875
0.049968
0.107162
0.108412
0.061672
0.265817
0.222635
0.197887
0.123897
0.189187
0.260915
0.218026
0.147138
0.134257
0.463734
0.427932
0.319576
0.083795
0.267303
0.219934
0.017181
0.226428
0.111267
0.348256
0.178870
0.444561
0.158712
0.230347
0.296407
0.246894
0.002880
0.313276
0.207073
0.108246
0.117283
0.123964
0.122526
0.222905
0.166969
0.303487
0.179790
0.325331
0.233916
0.142849
0.375184
0.136670
0.183254
0.201136
0.415952
0.080359
0.290964
0.422309
0.317961
0.107121
0.296691
0.160850
0.163457
0.295033
0.282705
0.350401
0.063235
0.101228
0.383594
0.342654
0.170473
0.190813
0.230018
0.282500
0.180224
0.292256
0.245500
0.100903
0.251926
0.082122
0.195859
0.171226
0.144433
0.231545
0.233724
0.336936
0.215156
0.499460
0.232936
0.482240
0.243299
0.301543
0.236489
0.048028
0.344481
0.159324
0.170825
0.265995
0.340624
0.315464
0.326461
0.504694
0.203385
0.183020
0.098183
0.085311
0.054048
0.196535
0.310603
0.310172
0.195365
0.212794
0.257098
0.117013
0.185958
0.161391
0.576324
0.364705
0.479764
0.082926
0.286473
0.360379
0.039167
0.226868
0.233057
0.358792
0.206053
0.430690
0.059872
0.298705
0.356622
0.305369
0.093022
0.395259
0.156818
0.077562
0.116117
0.176192
0.162093
0.200824
0.226886
0.279898
0.135873
0.226749
0.139334
0.236591
0.359696
0.140061
0.268408
0.178529
0.341650
0.158747
0.263774
0.489693
0.197129
0.226989
0.293177
0.143319
0.227492
0.279733
0.235483
0.311900
0.067954
0.125532
0.401836
0.252680
0.150055
0.233225
0.182620
0.411759
0.195607
0.240505
0.409153
0.176529
0.274694
0.059411
0.165179
0.084571
0.177122
0.222279
0.303372
0.269840
0.172786
0.582460
0.138812
0.492945
0.293904
0.327624
0.295559
0.161563
0.323643
0.110253
0.184120
0.388665
0.182396
0.274041
0.273074
0.439090
0.264413
0.339274
0.164871
0.184799
0.212026
0.042604
0.325793
0.304828
0.168882
0.207394
0.105718
0.158391
0.124490
0.169518
0.524960
0.190802
0.539518
0.179056
0.376573
0.513273
0.140677
0.256955
0.268157
0.394713
0.236274
0.394330
0.078651
0.287752
0.453404
0.133264
0.034520
0.358852
0.184597
0.240101
0.049023
0.220854
0.192958
0.150094
0.251639
0.300269
0.262320
0.149812
0.308766
0.186759
0.321034
0.110042
0.337806
0.250169
0.195491
0.258049
0.271450
0.287840
0.273205
0.202289
0.255393
0.201801
0.191033
0.338264
0.203576
0.214051
0.000853
0.087567
0.365112
0.090213
0.137840
0.238532
0.180961
0.546409
0.200004
0.223484
0.437103
0.126248
0.305244
0.157775
0.199228
0.042910
0.230459
0.266033
0.253862
0.162091
0.110864
0.530319
0.214217
0.352166
0.267248
0.343225
0.239780
0.199480
0.146014
0.108178
0.193813
0.457059
0.115471
0.224792
0.286911
0.321209
0.233569
0.320712
0.244038
0.368455
0.376599
0.070119
0.223548
0.182102
0.140840
0.163836
0.062120
0.182272
0.303162
0.210190
0.333676
0.066993
0.374296
0.276576
0.369731
0.471221
0.126380
0.277942
0.190503
0.387422
0.276585
0.461294
0.164667
0.279883
0.465107
0.106548
0.058313
0.325048
0.241116
0.272417
0.046146
0.366547
0.222358
0.195135
0.205642
0.243109
0.375285
0.208482
0.493264
0.128149
0.340383
0.151690
0.334294
0.252461
0.332883
0.274431
0.319073
0.229060
0.294127
0.018790
0.207661
0.106089
0.324654
0.472388
0.256145
0.302575
0.017117
0.102618
0.325344
0.068890
0.065641
0.290311
0.245109
0.544069
0.237781
0.252819
0.386279
0.099246
0.252457
0.297160
0.158382
0.126472
0.202233
0.272227
0.244505
0.214556
0.138989
0.423056
0.203622
0.366245
0.316895
0.363934
0.220713
0.221664
0.270245
0.207682
0.134389
0.457785
0.235674
0.190767
0.288752
0.243207
0.092532
0.243226
0.312424
0.545414
0.391555
0.201425
0.108373
0.066925
0.068391
0.270058
0.198701
0.285980
0.398930
0.239766
0.181036
0.112332
0.294579
0.336564
0.150398
0.336053
0.020299
0.215201
0.102703
0.347732
0.239715
0.384585
0.248519
0.256444
0.409918
0.157011
0.045529
0.190007
0.230654
0.268029
0.078569
0.412553
0.216378
0.199267
0.253131
0.201238
0.321340
0.224215
0.563804
0.162593
0.350033
0.326697
0.309231
0.274978
0.391754
0.284313
0.261942
0.168688
0.217410
0.085644
0.169611
0.090701
0.422235
0.475739
0.325877
0.262077
0.094822
0.157397
0.380385
0.171825
0.104132
0.394466
0.307477
0.459145
0.262995
0.257389
0.357814
0.099726
0.207311
0.347123
0.082709
0.127555
0.105525
0.246859
0.271569
0.338077
0.204454
0.330052
0.180544
0.298471
0.386892
0.312825
0.234355
0.195942
0.373754
0.105631
0.040889
0.487235
0.358339
0.139764
0.281843
0.227968
0.158603
0.274504
0.326971
0.625975
0.371968
0.195433
0.205556
0.066501
0.069254
0.442948
0.353480
0.406163
0.283311
0.237944
0.145872
0.165405
0.261027
0.308890
0.116855
0.246744
0.051330
0.208159
0.081354
0.298466
0.224574
0.375740
0.253620
0.204073
0.319125
0.178858
0.020573
0.189929
0.174483
0.293430
0.143112
0.383779
0.163193
0.312421
0.238214
0.177840
0.308139
0.165445
0.562948
0.154427
0.341334
0.381127
0.239485
0.317251
0.349272
0.202447
0.189366
0.113170
0.224101
0.147326
0.068020
0.087945
0.312824
0.395297
0.256934
0.170350
0.244710
0.183675
0.300289
0.197948
0.189306
0.489826
0.341393
0.455834
0.230500
0.357230
0.301991
0.164468
0.225818
0.250397
0.186063
0.115324
0.026378
0.221030
0.285878
0.293554
0.238736
0.299600
0.067507
0.200846
0.386386
0.206357
0.264485
0.255166
0.348230
0.099079
0.099109
0.514078
0.316714
0.058011
0.292744
0.236316
0.156275
0.379157
0.399683
0.667471
0.368771
0.144044
0.249072
0.193691
0.125910
0.615158
0.426935
0.442029
0.267444
0.138828
0.262229
0.183180
0.306013
0.300739
0.114908
0.202533
0.126919
0.177754
0.144989
0.297276
0.169477
0.450813
0.222215
0.097619
0.308428
0.215660
0.041647
0.212804
0.150163
0.292054
0.378215
0.352736
0.124875
0.348589
0.385954
0.161713
0.299018
0.079794
0.558263
0.076947
0.194195
0.361855
0.243316
0.280677
0.282225
0.259193
0.244206
0.135644
0.377438
0.178039
0.220396
0.045657
0.339810
0.359921
0.314936
0.127746
0.292135
0.137994
0.206206
0.254716
0.250921
0.548282
0.314672
0.451634
0.283513
0.365286
0.255183
0.169602
0.173688
0.143138
0.137427
0.220307
0.054617
0.230415
0.269853
0.191024
0.328751
0.200553
0.089587
0.189758
0.261265
0.138913
0.290675
0.337369
0.343956
0.142221
0.166296
0.446331
0.242455
0.127069
0.333825
0.174702
0.187959
0.407963
0.342797
0.636741
0.312998
0.052045
0.354767
0.241645
0.197491
0.574465
0.443368
0.423943
0.379891
0.172854
0.332048
0.152648
0.314279
0.199069
0.082587
0.146212
0.168397
0.129690
0.285420
0.270999
0.211805
0.381422
0.179364
0.071936
0.200118
0.289147
0.079848
0.233318
0.207625
0.324922
0.518414
0.392102
0.088439
0.203385
0.457090
0.156326
0.253735
0.114733
0.463958
0.112588
0.092774
0.380922
0.272027
0.176952
0.259435
0.307525
0.259151
0.216535
0.448573
0.161214
0.306713
0.142585
0.388739
0.341439
0.231161
0.146780
0.268313
0.107843
0.147395
0.369948
0.388001
0.522014
0.199682
0.357045
0.320994
0.241454
0.248448
0.085575
0.091308
0.181061
0.133539
0.296847
0.113733
0.225486
0.155689
0.290955
0.322078
0.325027
0.078943
0.189160
0.231493
0.163011
0.302949
0.266609
0.373460
0.249727
0.131508
0.262243
0.228367
0.185190
0.311924
0.107528
0.224537
0.351262
0.245728
0.520852
0.216426
0.089856
0.308010
0.167055
0.157813
0.416615
0.364302
0.345183
0.470893
0.188270
0.390638
0.054177
0.361955
0.094013
0.059400
0.151380
0.269296
0.136622
0.440140
0.232274
0.333254
0.386434
0.203898
0.173460
0.151023
0.369597
0.185245
0.297404
0.224816
0.398540
0.445268
0.470077
0.072360
0.050487
0.375243
0.151768
0.125637
0.214687
0.452782
0.167038
0.100692
0.337702
0.257266
0.126464
0.210948
0.324607
0.205355
0.275409
0.378457
0.129218
0.276921
0.217031
0.388785
0.286556
0.294235
0.234789
0.223337
0.145132
0.138659
0.386287
0.460330
0.468522
0.137701
0.172656
0.292207
0.123972
0.262991
0.022834
0.207123
0.251638
0.159525
0.249644
0.208118
0.173452
0.211922
0.377630
0.207641
0.272497
0.031221
0.159580
0.210635
0.143299
0.280255
0.137511
0.437905
0.224174
0.121885
0.137123
0.154547
0.182797
0.306992
0.087991
0.095028
0.391405
0.240523
0.332882
0.207476
0.130503
0.268161
0.181551
0.150204
0.337270
0.220394
0.185539
0.360770
0.193301
0.353163
0.033931
0.280132
0.065235
0.059811
0.193842
0.259721
0.181008
0.535390
0.277653
0.341820
0.281103
0.186192
0.212419
0.048135
0.368071
0.370858
0.355853
0.295782
0.369936
0.320164
0.442705
0.124870
0.115879
0.299971
0.154049
0.176153
0.282021
0.511816
0.155966
0.110123
0.248286
0.229844
0.252530
0.221797
0.265963
0.278790
0.268425
0.417479
0.234376
0.319290
0.306175
0.335690
0.188646
0.339486
0.256736
0.185858
0.179260
0.119512
0.349833
0.311659
0.360671
0.162924
0.114002
0.226727
0.181757
0.163964
0.020615
0.229200
0.353166
0.149430
0.283879
0.244554
0.135081
0.128039
0.344355
0.134512
0.178125
0.072071
0.319753
0.212991
0.171800
0.292688
0.171561
0.391122
0.154155
0.152288
0.127855
0.203784
0.187758
0.330694
0.066498
0.043035
0.389607
0.230931
0.228056
0.253696
0.154296
0.317604
0.301316
0.169610
0.408248
0.191853
0.143942
0.260687
0.302630
0.173967
0.036262
0.181956
0.175723
0.057244
0.090432
0.199518
0.167797
0.453533
0.336127
0.273294
0.188123
0.106407
0.100443
0.088942
0.289167
0.452287
0.302969
0.288947
0.260838
0.327784
0.254691
0.098460
0.160937
0.293883
0.184125
0.258351
0.208171
0.276096
0.205834
0.035585
0.237716
0.183936
0.381542
0.165191
0.262222
0.250526
0.376692
0.238061
0.258159
0.307689
0.223195
0.202096
0.228010
0.292661
0.162720
0.235256
0.238967
0.231867
0.309907
0.140840
0.342729
0.252591
0.186089
0.314534
0.238066
0.196963
0.115720
0.320586
0.360267
0.202839
0.262821
0.272037
0.201388
0.182150
0.188734
0.171449
0.237894
0.191333
0.404562
0.172279
0.185217
0.221346
0.321213
0.314578
0.190265
0.261803
0.145310
0.097549
0.267789
0.336708
0.061628
0.051434
0.288130
0.074089
0.181316
0.145525
0.104685
0.257653
0.317617
0.249696
0.467197
0.166992
0.109290
0.285705
0.361767
0.100784
0.039281
0.104108
0.319306
0.140549
0.131540
0.204320
0.103778
0.264034
0.321819
0.307337
0.255395
0.109240
0.065732
0.090284
0.241671
0.443693
0.266530
0.280594
0.204555
0.384102
0.124649
0.094927
0.183495
0.303042
0.236932
0.226740
0.177209
0.231820
0.276692
0.066107
0.238540
0.106568
0.368029
0.205033
0.278548
0.151945
0.353019
0.134121
0.222749
0.403382
0.213194
0.203006
0.411365
0.199263
0.129330
0.326219
0.362467
0.291103
0.271831
0.086174
0.356843
0.316755
0.180358
0.339847
0.159439
0.087786
0.204825
0.493288
0.303304
0.160278
0.224157
0.302684
0.238676
0.248565
0.125634
0.186129
0.223645
0.306597
0.473266
0.064960
0.110615
0.202546
0.396492
0.296279
0.341622
0.278039
0.126555
0.047148
0.376239
0.234695
0.104817
0.131552
0.058607
0.099110
0.146752
0.097620
0.052270
0.124391
0.409901
0.344158
0.483181
0.231267
0.087380
0.289272
0.463703
0.303085
0.068175
0.070450
0.269370
0.209638
0.177249
0.165196
0.156175
0.221392
0.163424
0.487651
0.221998
0.099334
0.138098
0.159366
0.228064
0.367095
0.338775
0.277140
0.208948
0.323741
0.131311
0.132070
0.178703
0.284635
0.329980
0.343065
0.229405
0.328030
0.238287
0.090633
0.222529
0.100317
0.292382
0.289529
0.220418
0.183446
0.292458
0.086126
0.290607
0.442727
0.295154
0.114121
0.467824
0.217377
0.226381
0.459508
0.416343
0.348476
0.218722
0.136783
0.241900
0.339964
0.097020
0.392796
0.082129
0.019779
0.230399
0.579564
0.354359
0.147129
0.250118
0.337904
0.176489
0.284270
0.112539
0.171467
0.147973
0.311641
0.435380
0.134281
0.087953
0.293695
0.339068
0.325854
0.340257
0.246080
0.182061
0.055992
0.328639
0.099769
0.085454
0.284459
0.060529
0.065999
0.125270
0.236993
0.117486
0.088096
0.306347
0.358983
0.425759
0.303833
0.081966
0.169094
0.615173
0.400931
0.104597
0.137972
0.141207
0.182878
0.153426
0.066413
0.212392
0.257906
0.122474
0.555819
0.045343
0.149219
0.186507
0.147747
0.188091
0.329197
0.250707
0.225003
0.232771
0.274781
0.117905
0.191822
0.145461
0.244330
0.218948
0.372206
0.277290
0.315379
0.137480
0.034784
0.231824
0.037593
0.331558
0.084794
0.133514
0.098719
0.260636
0.055881
0.452875
0.316881
0.355305
0.144170
0.377524
0.224971
0.279819
0.410259
0.227210
0.409032
0.108609
0.135945
0.146383
0.402725
0.072669
0.421989
0.085504
0.113974
0.239542
0.499839
0.349935
0.245125
0.266774
0.389230
0.189526
0.261737
0.190369
0.181065
0.189246
0.297016
0.237948
0.096276
0.194077
0.340554
0.357594
0.201000
0.263584
0.181617
0.118090
0.163324
0.371360
0.039892
0.118301
0.235412
0.119337
0.132972
0.250020
0.223635
0.223058
0.090484
0.230265
0.335108
0.312572
0.351893
0.097142
0.203679
0.628711
0.372253
0.185201
0.231272
0.272122
0.137977
0.081009
0.066340
0.288822
0.237313
0.136185
0.490450
0.135430
0.049131
0.258854
0.199303
0.063644
0.280296
0.109481
0.201409
0.178225
0.130100
0.029544
0.240894
0.136329
0.227745
0.189496
0.252181
0.252612
0.177904
0.104869
0.103454
0.248814
0.134469
0.384476
0.222984
0.105411
0.087690
0.190411
0.168858
0.461636
0.258135
0.298807
0.229580
0.232007
0.208678
0.372686
0.261522
0.138414
0.447529
0.125270
0.138339
0.193949
0.421266
0.093631
0.364240
0.064204
0.144749
0.232547
0.383865
0.414098
0.265373
0.228207
0.404379
0.245584
0.226261
0.161341
0.212883
0.255954
0.391757
0.171486
0.098673
0.159596
0.265491
0.365578
0.162029
0.173264
0.172216
0.093853
0.167159
0.379143
0.046966
0.102478
0.370656
0.205001
0.146571
0.239185
0.114404
0.306741
0.135450
0.312377
0.269280
0.337368
0.347218
0.074715
0.198601
0.386485
0.333754
0.253305
0.212792
0.357561
0.241246
0.213571
0.104768
0.324718
0.127411
0.042817
0.421687
0.308892
0.015218
0.270937
0.159911
0.045966
0.211578
0.111446
0.153599
0.180068
0.252459
0.194075
0.189838
0.210772
0.184008
0.302049
0.133288
0.155617
0.177248
0.177361
0.080107
0.269906
0.176440
0.354216
0.246031
0.144245
0.096344
0.094632
0.148975
0.349303
0.294069
0.246841
0.264396
0.249545
0.192013
0.282920
0.163337
0.104492
0.425454
0.111877
0.123491
0.172517
0.373360
0.142586
0.246211
0.097372
0.105268
0.261314
0.303637
0.351607
0.259374
0.219124
0.277565
0.223797
0.250563
0.075063
0.189454
0.233982
0.530882
0.183411
0.215823
0.214077
0.228298
0.281797
0.204268
0.190690
0.210908
0.150393
0.231014
0.317692
0.125059
0.096047
0.294815
0.101184
0.047642
0.211174
0.073259
0.270858
0.174729
0.341235
0.236531
0.371231
0.221625
0.056578
0.150814
0.114318
0.299720
0.277022
0.139261
0.422481
0.285155
0.268698
0.207148
0.304662
0.079495
0.103558
0.345729
0.298173
0.102130
0.249199
0.142960
0.055863
0.165766
0.047146
0.099006
0.099922
0.263101
0.314467
0.244674
0.348865
0.088249
0.384328
0.065638
0.108518
0.169445
0.285459
0.058326
0.142069
0.069602
0.235991
0.202149
0.202341
0.074949
0.049234
0.134473
0.264007
0.383290
0.196294
0.214068
0.292185
0.116187
0.141805
0.149077
0.240252
0.354171
0.076472
0.050457
0.111225
0.265509
0.128803
0.057916
0.256442
0.200708
0.260559
0.277246
0.216999
0.296117
0.230214
0.186720
0.154889
0.369378
0.073325
0.223272
0.227793
0.585218
0.104464
0.172026
0.112452
0.264371
0.313935
0.269440
0.210345
0.264451
0.221071
0.166876
0.298484
0.172709
0.115862
0.130220
0.055055
0.038284
0.314553
0.142984
0.172611
0.191205
0.191777
0.190024
0.282793
0.107308
0.155472
0.134428
0.150560
0.241340
0.303081
0.284596
0.390140
0.333774
0.297930
0.350435
0.257421
0.147730
0.110517
0.361594
0.132283
0.193190
0.282074
0.122385
0.145097
0.214281
0.110644
0.067157
0.054676
0.197280
0.443589
0.249422
0.383320
0.060565
0.342699
0.071782
0.128415
0.082935
0.348183
0.132422
0.067272
0.040105
0.231868
0.217748
0.168616
0.023011
0.098195
0.168625
0.228126
0.393439
0.192648
0.154994
0.282509
0.070845
0.066602
0.070373
0.202294
0.285706
0.043725
0.088068
0.019725
0.180846
0.162377
0.076187
0.171939
0.202464
0.273106
0.295572
0.105461
0.297807
0.192628
0.196390
0.183347
0.392048
0.086056
0.295776
0.321005
0.425799
0.167702
0.163714
0.054652
0.178000
0.350294
0.291608
0.182200
0.259654
0.206541
0.127251
0.281452
0.147669
0.132914
0.099285
0.078427
0.068509
0.308508
0.145067
0.172228
0.122007
0.218493
0.119642
0.241709
0.063433
0.241156
0.190852
0.202251
0.089009
0.285533
0.382390
0.319190
0.410646
0.280793
0.266083
0.232574
0.097375
0.127148
0.332762
0.125040
0.137269
0.240978
0.083281
0.009873
0.203136
0.060314
0.234090
0.081676
0.237771
0.321108
0.152910
0.289581
0.113160
0.278093
0.113000
0.110236
0.081896
0.204153
0.123493
0.092809
0.079975
0.165873
0.117243
0.107772
0.058637
0.164238
0.194168
0.090529
0.248798
0.209487
0.092349
0.181805
0.234793
0.054046
0.167285
0.126796
0.250036
0.023356
0.096574
0.100130
0.020379
0.145403
0.085331
0.123579
0.057801
0.252400
0.232659
0.108219
0.315811
0.023716
0.199296
0.126095
0.148321
0.131032
0.326023
0.219366
0.185281
0.257661
0.232134
0.133668
0.145657
0.292578
0.286088
0.099839
0.229377
0.108915
0.070169
0.175406
0.046773
0.156286
0.187496
0.166052
0.075905
0.239948
0.186055
0.257378
0.146015
0.292360
0.143857
0.251458
0.054638
0.308727
0.180728
0.199650
0.012784
0.204490
0.262681
0.200352
0.320155
0.203769
0.145964
0.215843
0.094700
0.249378
0.169287
0.109531
0.153945
0.185388
0.050657
0.068538
0.103277
0.054153
0.240091
0.134261
0.264599
0.141481
0.055480
0.120818
0.140214
0.249323
0.043438
0.091988
0.121763
0.032440
0.138544
0.234637
0.102908
0.167518
0.094975
0.105588
0.075272
0.208013
0.171645
0.156283
0.180638
0.237647
0.114901
0.129218
0.310146
0.090370
0.179261
0.162856
0.132901
0.050839
0.082881
0.257586
0.128734
0.291893
0.179599
0.119098
0.055011
0.140682
0.195754
0.161766
0.296673
0.127516
0.043232
0.120511
0.087580
0.146544
0.204894
0.090267
0.080232
0.252070
0.183054
0.178185
0.137348
0.210458
0.233036
0.014286
0.167635
0.107946
0.125220
0.050159
0.108840
0.279603
0.242351
0.138001
0.064561
0.351661
0.246766
0.289820
0.188424
0.152215
0.235924
0.253775
0.067185
0.347082
0.122172
0.259164
0.029548
0.190209
0.110878
0.070254
0.149839
0.160849
0.200634
0.196371
0.072314
0.323977
0.134169
0.035011
0.182480
0.130313
0.025606
0.055458
0.167642
0.093882
0.201285
0.121314
0.186038
0.024909
0.019999
0.027897
0.169576
0.228856
0.143603
0.105363
0.150685
0.063586
0.087638
0.279802
0.068383
0.255747
0.067593
0.158569
0.005481
0.161976
0.029153
0.297102
0.181094
0.114369
0.097186
0.074094
0.351510
0.121952
0.115495
0.187426
0.095110
0.112161
0.072358
0.319259
0.198049
0.244600
0.154438
0.107437
0.035872
0.041904
0.171235
0.209013
0.166855
0.125467
0.089512
0.108019
0.111465
0.134405
0.191205
0.127948
0.079582
0.224817
0.126365
0.120626
0.112814
0.162557
0.161429
0.087855
0.068252
0.145002
0.178083
0.082081
0.093025
0.260458
0.206827
0.181002
0.068667
0.341961
0.206533
0.238059
0.186419
0.177517
0.285634
0.231357
0.057451
0.282872
0.091289
0.191038
0.155221
0.145569
0.243393
0.081679
0.010296
0.143911
0.189479
0.225374
0.120687
0.302459
0.205719
0.042425
0.226359
0.081756
0.105618
0.103902
0.139510
0.127022
0.113802
0.209396
0.093711
0.142616
0.144401
0.108994
0.254243
0.181944
0.131408
0.114808
0.151185
0.152220
0.048070
0.160921
0.247797
0.235259
0.027809
0.130263
0.074889
0.063793
0.113605
0.284469
0.166554
0.172655
0.027420
0.115959
0.326962
0.205784
0.135150
0.054124
0.127426
0.180276
0.075147
0.321972
0.286361
0.124747
0.055555
0.084322
0.017002
0.159818
0.139008
0.213564
0.013786
0.084176
0.105927
0.111945
0.024441
0.092168
0.178622
0.142240
0.186280
0.183586
0.070749
0.120540
0.223591
0.211647
0.119504
0.116706
0.125735
0.252533
0.142602
0.117538
0.193237
0.256471
0.187163
0.331664
0.133979
0.255318
0.155305
0.173059
0.025975
0.261597
0.265791
0.240770
0.187948
0.155515
0.017480
0.183800
0.191826
0.098305
0.315313
0.109244
0.110490
0.162934
0.167609
0.086782
0.180808
0.217104
0.147500
0.102832
0.202838
0.030692
0.196867
0.120743
0.169914
0.073491
0.055531
0.279156
0.101843
0.365461
0.275582
0.060356
0.372354
0.276185
0.084956
0.141007
0.032130
0.319944
0.109628
0.164268
0.291293
0.194589
0.069987
0.069942
0.179038
0.065793
0.206844
0.340437
0.226092
0.441321
0.126378
0.102713
0.370339
0.216383
0.296541
0.204368
0.183277
0.216359
0.078426
0.347997
0.351718
0.184256
0.070294
0.068978
0.094719
0.187048
0.185678
0.228260
0.095922
0.201158
0.066598
0.142048
0.115486
0.112716
0.159247
0.195779
0.326881
0.077403
0.074751
0.169718
0.362248
0.341939
0.176451
0.216329
0.147973
0.209282
0.140278
0.276797
0.213299
0.288625
0.103937
0.218850
0.188931
0.148209
0.169634
0.038200
0.202275
0.177658
0.180737
0.254266
0.421972
0.256166
0.107384
0.207020
0.206923
0.143139
0.483203
0.121712
0.161347
0.119552
0.113702
0.075985
0.186154
0.094045
0.267494
0.126362
0.215060
0.170004
0.178997
0.043033
0.234890
0.127645
0.081216
0.281608
0.131899
0.461583
0.321041
0.074736
0.415416
0.319497
0.114826
0.265819
0.151450
0.294181
0.065998
0.245606
0.217779
0.213220
0.052982
0.073119
0.197878
0.068850
0.160731
0.424924
0.224264
0.521850
0.143822
0.197404
0.371365
0.266091
0.423288
0.241046
0.446936
0.299583
0.126227
0.360966
0.306280
0.320961
0.241013
0.241321
0.137629
0.168371
0.192496
0.295692
0.063503
0.282817
0.106627
0.127544
0.107329
0.181675
0.199365
0.291625
0.474202
0.116408
0.076513
0.242501
0.306811
0.437569
0.241167
0.344456
0.188936
0.081050
0.224116
0.283557
0.208919
0.141908
0.179029
0.151420
0.231910
0.057312
0.278987
0.064878
0.223437
0.148615
0.121286
0.211653
0.636198
0.201907
0.094239
0.178671
0.215855
0.180375
0.656959
0.123269
0.220669
0.031556
0.135378
0.165738
0.197657
0.042052
0.360298
0.159121
0.239685
0.257932
0.110037
0.018464
0.129242
0.191219
0.188336
0.142884
0.163054
0.424468
0.251668
0.170210
0.355748
0.362086
0.145404
0.276517
0.203643
0.212599
0.141669
0.204624
0.181922
0.285636
0.102094
0.162851
0.153478
0.160941
0.041471
0.385408
0.106421
0.534323
0.051339
0.337595
0.300262
0.414431
0.379050
0.070235
0.713292
0.274161
0.211908
0.261676
0.252358
0.273875
0.236017
0.182653
0.161449
0.224451
0.236474
0.188674
0.105442
0.223210
0.184262
0.149105
0.109286
0.198337
0.259023
0.325379
0.572093
0.229663
0.094700
0.186955
0.200489
0.419273
0.188862
0.276110
0.257319
0.005059
0.222547
0.280605
0.172834
0.074285
0.207560
0.188102
0.219182
0.052641
0.289938
0.197388
0.116213
0.200706
0.149902
0.244944
0.677167
0.224100
0.034352
0.203560
0.236781
0.209543
0.604683
0.148469
0.219880
0.065292
0.121402
0.238476
0.195859
0.092421
0.349412
0.181208
0.151604
0.250229
0.215722
0.068370
0.122131
0.308355
0.317420
0.033435
0.206361
0.342689
0.132136
0.214277
0.321290
0.304453
0.121498
0.184713
0.142665
0.142055
0.176297
0.109685
0.221367
0.334703
0.144551
0.224058
0.095907
0.146290
0.033508
0.264933
0.149713
0.544094
0.051522
0.451560
0.179389
0.385818
0.248733
0.200763
0.683047
0.356983
0.275544
0.139289
0.213545
0.193206
0.240533
0.138356
0.215941
0.249999
0.312997
0.147171
0.185458
0.210038
0.238342
0.169882
0.120202
0.234240
0.316470
0.318902
0.682830
0.149810
0.047594
0.282650
0.117490
0.326397
0.276335
0.101213
0.414767
0.065034
0.023046
0.264472
0.180945
0.175095
0.130637
0.284158
0.152873
0.114393
0.150636
0.363070
0.178021
0.222781
0.166951
0.175243
0.574018
0.337824
0.142265
0.282005
0.130865
0.281149
0.395962
0.218400
0.247414
0.170701
0.009548
0.194380
0.124546
0.114779
0.377106
0.183091
0.186176
0.337425
0.289987
0.092705
0.129986
0.487694
0.270294
0.148989
0.240748
0.269235
0.083510
0.282859
0.312449
0.185879
0.154509
0.122376
0.141891
0.118629
0.106095
0.144447
0.096314
0.253918
0.207461
0.171734
0.088160
0.173006
0.065646
0.176258
0.376223
0.479154
0.094987
0.443436
0.087709
0.240533
0.223807
0.358470
0.607746
0.429083
0.174449
0.163105
0.226351
0.156069
0.286803
0.127012
0.227279
0.164050
0.468209
0.084258
0.311164
0.341821
0.257457
0.182501
0.054140
0.279152
0.354740
0.405488
0.687703
0.157639
0.092005
0.253036
0.107976
0.323426
0.306599
0.070252
0.559419
0.113237
0.063858
0.253206
0.192249
0.362294
0.232102
0.381282
0.242449
0.125174
0.046236
0.331149
0.231661
0.210283
0.199493
0.135336
0.431021
0.311821
0.154930
0.324554
0.153214
0.293239
0.192425
0.297919
0.198663
0.265488
0.216729
0.200419
0.049854
0.041337
0.417179
0.213511
0.258404
0.352718
0.197547
0.147906
0.115635
0.556438
0.213757
0.156515
0.196371
0.134167
0.011188
0.303565
0.281589
0.259165
0.209886
0.171939
0.042494
0.212921
0.030749
0.142560
0.143602
0.217500
0.260292
0.138527
0.127600
0.240798
0.063761
0.207014
0.332751
0.302537
0.084658
0.317496
0.109533
0.189483
0.181752
0.287143
0.510923
0.412650
0.080510
0.183384
0.251465
0.283891
0.389656
0.219755
0.141485
0.140367
0.574258
0.201822
0.318700
0.370017
0.252237
0.117668
0.093544
0.367218
0.324108
0.280737
0.612093
0.374004
0.171811
0.230422
0.184592
0.360720
0.312136
0.225635
0.670603
0.159580
0.086024
0.165733
0.164729
0.395326
0.231506
0.395981
0.195634
0.086530
0.025157
0.265826
0.306894
0.167614
0.278111
0.128849
0.249146
0.281489
0.123282
0.240112
0.105495
0.226466
0.074508
0.330926
0.332317
0.319201
0.313710
0.232482
0.073792
0.090470
0.536429
0.182349
0.341399
0.313363
0.036876
0.207438
0.071377
0.440992
0.306396
0.322575
0.168247
0.145301
0.043556
0.341196
0.206225
0.386089
0.185032
0.170592
0.283154
0.279724
0.083588
0.083910
0.315441
0.214368
0.241555
0.177936
0.156197
0.266432
0.070092
0.232643
0.190900
0.173964
0.137437
0.332247
0.203888
0.244033
0.051266
0.270046
0.361084
0.358860
0.062989
0.194639
0.193241
0.255046
0.486178
0.321780
0.176395
0.142491
0.624259
0.151175
0.316466
0.224667
0.269979
0.024962
0.140952
0.412125
0.249127
0.095469
0.405060
0.394042
0.217723
0.346776
0.253788
0.351796
0.259476
0.282118
0.688752
0.150902
0.110471
0.159973
0.258719
0.284558
0.184774
0.344615
0.191029
0.155928
0.072207
0.244589
0.236974
0.168280
0.396159
0.163236
0.274633
0.341685
0.044461
0.093132
0.047085
0.171767
0.148326
0.312412
0.346932
0.219189
0.336795
0.181734
0.132763
0.088630
0.547508
0.112228
0.376103
0.290586
0.019507
0.226091
0.109304
0.246857
0.393337
0.376151
0.158761
0.153153
0.053330
0.250821
0.115376
0.340585
0.219497
0.104472
0.404706
0.292773
0.079902
0.113416
0.401168
0.218118
0.176612
0.234221
0.138697
0.271893
0.182396
0.191135
0.212064
0.066230
0.085041
0.336430
0.387279
0.273520
0.009934
0.292747
0.224962
0.311062
0.078468
0.172892
0.083265
0.036988
0.462519
0.289090
0.301457
0.106656
0.592285
0.213210
0.269201
0.117765
0.335019
0.085983
0.166488
0.371238
0.131548
0.094445
0.213596
0.437642
0.243272
0.461247
0.214405
0.279359
0.280588
0.172774
0.605588
0.114779
0.116275
0.159578
0.249152
0.247396
0.183253
0.296943
0.272738
0.269582
0.220927
0.319195
0.198721
0.121559
0.430956
0.146882
0.169975
0.428024
0.173154
0.143673
0.082986
0.155195
0.291235
0.244852
0.316574
0.126668
0.402978
0.136111
0.144141
0.076909
0.485037
0.146025
0.431564
0.309545
0.083374
0.202855
0.274598
0.197306
0.274715
0.308737
0.169657
0.180443
0.075765
0.176794
0.187723
0.148094
0.209172
0.104265
0.502399
0.289950
0.138808
0.310948
0.475223
0.301591
0.127538
0.186890
0.182230
0.271770
0.195616
0.267585
0.272904
0.057173
0.088111
0.268739
0.419968
0.140923
0.055840
0.271499
0.238445
0.340184
0.120718
0.152485
0.052164
0.227359
0.312600
0.222150
0.296449
0.048892
0.528735
0.233361
0.190340
0.050244
0.396072
0.230663
0.238778
0.299377
0.078354
0.187122
0.212998
0.517177
0.264612
0.369734
0.234944
0.168864
0.235458
0.105382
0.459443
0.157041
0.232503
0.259927
0.260131
0.385679
0.240612
0.277108
0.282107
0.404603
0.295549
0.281911
0.252925
0.076311
0.368017
0.122256
0.013928
0.408061
0.112759
0.213268
0.107672
0.196908
0.484702
0.230573
0.312251
0.198752
0.484107
0.073108
0.134494
0.195907
0.469978
0.154946
0.348941
0.266045
0.073159
0.257863
0.329352
0.145309
0.176143
0.317857
0.224485
0.301727
0.206963
0.280165
0.210350
0.030599
0.229629
0.183066
0.501067
0.323902
0.144455
0.277240
0.441965
0.353395
0.092808
0.249159
0.247550
0.244210
0.322244
0.199106
0.271319
0.149849
0.041478
0.273093
0.274632
0.175779
0.144493
0.208949
0.399402
0.369961
0.064789
0.141573
0.053331
0.320878
0.195801
0.202267
0.290647
0.138095
0.398501
0.246913
0.172997
0.080251
0.358426
0.334379
0.361370
0.286217
0.080880
0.243136
0.160487
0.506688
0.219510
0.171558
0.290149
0.208400
0.239635
0.140412
0.351039
0.106583
0.297779
0.303253
0.279663
0.482124
0.239510
0.229165
0.188574
0.426208
0.210911
0.161008
0.289956
0.145383
0.337012
0.184502
0.035235
0.379147
0.075296
0.301475
0.239566
0.186862
0.577583
0.244329
0.296554
0.231493
0.496611
0.145562
0.217512
0.264941
0.499365
0.096655
0.353106
0.141924
0.041379
0.215504
0.238042
0.100703
0.272622
0.372753
0.160090
0.250847
0.225513
0.341291
0.093885
0.027977
0.298367
0.275488
0.405133
0.375612
0.151094
0.266678
0.371478
0.280848
0.119555
0.190316
0.296646
0.192733
0.546965
0.087391
0.229541
0.327285
0.112266
0.303174
0.175256
0.177084
0.170986
0.155660
0.476743
0.421902
0.113228
0.136447
0.044257
0.401011
0.079876
0.212485
0.325225
0.168120
0.329799
0.204746
0.202354
0.064896
0.274446
0.344416
0.372228
0.300294
0.097031
0.197655
0.212978
0.375736
0.154529
0.184599
0.264542
0.248220
0.244359
0.155927
0.234926
0.059177
0.322385
0.320002
0.277510
0.343723
0.251714
0.150602
0.174960
0.332011
0.207718
0.091138
0.267181
0.125792
0.319865
0.076287
0.048238
0.355152
0.170103
0.381101
0.249103
0.170171
0.595418
0.230508
0.352640
0.175089
0.416709
0.176778
0.214197
0.302343
0.487674
0.086282
0.316730
0.169019
0.112374
0.239892
0.133387
0.249769
0.298820
0.348205
0.224566
0.232702
0.083899
0.327447
0.102057
0.030290
0.293944
0.258914
0.356154
0.400747
0.236339
0.414296
0.442208
0.199128
0.287721
0.185101
0.424893
0.188564
0.618030
0.101822
0.272562
0.341119
0.256320
0.365161
0.260603
0.347750
0.140880
0.161287
0.454909
0.502222
0.177643
0.127772
0.063291
0.412243
0.088080
0.187513
0.321463
0.204707
0.275812
0.196533
0.252121
0.037939
0.202930
0.332877
0.339800
0.216608
0.122891
0.155152
0.113769
0.350568
0.204131
0.260971
0.196947
0.274767
0.208141
0.133356
0.339635
0.141642
0.443048
0.290647
0.177619
0.183758
0.178120
0.124844
0.305317
0.268592
0.306743
0.151544
0.257241
0.066446
0.237489
0.080339
0.094667
0.264479
0.223360
0.317573
0.145400
0.075416
0.510802
0.208797
0.481759
0.190490
0.328952
0.176811
0.130185
0.362019
0.347425
0.149291
0.314795
0.224234
0.139935
0.255169
0.195464
0.279033
0.178578
0.263914
0.205020
0.242542
0.075288
0.272884
0.214982
0.038917
0.179604
0.209629
0.336463
0.405866
0.368587
0.555184
0.492182
0.174665
0.302973
0.154583
0.543426
0.250915
0.454516
0.179895
0.274333
0.208223
0.321755
0.453022
0.263663
0.396366
0.187050
0.221700
0.407000
0.442724
0.129430
0.125519
0.014301
0.379292
0.130750
0.207493
0.341126
0.264312
0.150328
0.269327
0.260983
0.117991
0.181146
0.356784
0.254394
0.195832
0.235078
0.227772
0.189110
0.443912
0.326210
0.262120
0.204004
0.365461
0.324976
0.194634
0.395414
0.206380
0.586649
0.162395
0.191477
0.179497
0.222573
0.185936
0.324018
0.306006
0.371847
0.175799
0.305724
0.151768
0.017792
0.115131
0.119946
0.138033
0.318115
0.141250
0.152495
0.122599
0.467379
0.212711
0.524764
0.201985
0.403740
0.157931
0.136372
0.482071
0.126837
0.199539
0.370412
0.275653
0.097562
0.232790
0.273829
0.223564
0.144753
0.181791
0.034040
0.237908
0.265355
0.201846
0.279166
0.039245
0.164652
0.172985
0.352633
0.405205
0.402832
0.524378
0.390884
0.179163
0.224401
0.212053
0.529510
0.288432
0.274273
0.305795
0.260810
0.129648
0.350869
0.517987
0.248970
0.353170
0.076887
0.256537
0.428624
0.331190
0.040776
0.107262
0.020562
0.341079
0.268143
0.190026
0.287682
0.224886
0.011982
0.230240
0.193588
0.153968
0.164921
0.345943
0.140275
0.238309
0.367654
0.341624
0.195661
0.458032
0.398501
0.154212
0.243153
0.265510
0.404241
0.377955
0.257814
0.319705
0.608385
0.080720
0.262267
0.174373
0.368216
0.197630
0.228249
0.363058
0.383006
0.328554
0.285886
0.152020
0.125361
0.128460
0.127772
0.057648
0.450151
0.218347
0.229329
0.240266
0.416181
0.178130
0.316756
0.255015
0.475690
0.128969
0.105384
0.529465
0.050397
0.326262
0.324154
0.114789
0.122634
0.183409
0.307394
0.219131
0.086530
0.162447
0.076844
0.268691
0.404761
0.226420
0.299503
0.127073
0.188377
0.216639
0.268660
0.352436
0.419470
0.463930
0.217996
0.137162
0.294106
0.252175
0.360964
0.307361
0.325320
0.435331
0.256925
0.094534
0.391197
0.441993
0.249064
0.295469
0.064853
0.283945
0.489469
0.309114
0.077791
0.165857
0.040443
0.274102
0.388543
0.213663
0.205016
0.208277
0.123126
0.098650
0.206327
0.201503
0.153529
0.294201
0.014142
0.216386
0.322748
0.365529
0.048342
0.305281
0.421981
0.049146
0.251778
0.130334
0.411675
0.425990
0.246939
0.461656
0.574356
0.110575
0.300947
0.141014
0.447987
0.124623
0.085559
0.353630
0.402493
0.366197
0.242184
0.093185
0.081618
0.187379
0.083082
0.070933
0.529546
0.189550
0.209195
0.325031
0.361444
0.221584
0.143751
0.202012
0.396106
0.160958
0.122131
0.400934
0.017111
0.437531
0.302788
0.042208
0.277085
0.192205
0.263288
0.255905
0.080165
0.105304
0.139743
0.228005
0.447020
0.264579
0.199268
0.228360
0.051497
0.291190
0.124281
0.231394
0.512329
0.522047
0.231033
0.105670
0.275998
0.408225
0.278256
0.266096
0.390035
0.436031
0.322817
0.197283
0.402604
0.414671
0.238147
0.295095
0.099803
0.331652
0.439629
0.364458
0.065751
0.190807
0.137069
0.293569
0.461920
0.228937
0.167872
0.158011
0.218380
0.000868
0.228331
0.253198
0.201846
0.231204
0.073690
0.085361
0.102629
0.210599
0.087099
0.078193
0.399469
0.104911
0.224665
0.176067
0.533876
0.270000
0.251679
0.623921
0.500289
0.145783
0.150907
0.084188
0.353157
0.044882
0.082272
0.368304
0.419191
0.325717
0.212935
0.050684
0.062716
0.189652
0.176270
0.136736
0.434314
0.233409
0.213882
0.224340
0.329423
0.230698
0.037970
0.168405
0.284007
0.255505
0.196757
0.149020
0.120547
0.558126
0.329518
0.136452
0.383270
0.251030
0.278971
0.303698
0.145952
0.017677
0.201326
0.184748
0.473008
0.261743
0.248479
0.205712
0.048171
0.166738
0.099610
0.089273
0.558059
0.540399
0.212806
0.082957
0.170592
0.329302
0.394307
0.196595
0.322826
0.329244
0.413069
0.313895
0.377887
0.403711
0.238718
0.276950
0.110706
0.289038
0.298408
0.272308
0.261215
0.135408
0.299855
0.335818
0.545502
0.197369
0.141989
0.129328
0.322041
0.127543
0.222442
0.247699
0.209874
0.224242
0.141356
0.051186
0.094064
0.055029
0.066564
0.100682
0.333086
0.098447
0.211471
0.240091
0.637779
0.118974
0.272357
0.614489
0.347037
0.132161
0.058175
0.078041
0.249465
0.083070
0.130278
0.394839
0.377348
0.303054
0.201562
0.134199
0.096436
0.251097
0.350122
0.144410
0.293714
0.166720
0.188462
0.133328
0.338607
0.178241
0.011142
0.214652
0.214377
0.341701
0.306253
0.048930
0.243499
0.476544
0.322953
0.357888
0.344610
0.298127
0.323614
0.319783
0.054963
0.074658
0.137840
0.183353
0.531163
0.264689
0.293546
0.212626
0.123283
0.171227
0.135193
0.059687
0.407485
0.380444
0.260324
0.051811
0.158520
0.123450
0.424290
0.170077
0.209428
0.388202
0.421413
0.345505
0.334534
0.329405
0.207240
0.259199
0.133354
0.139519
0.328426
0.147012
0.316835
0.148694
0.391752
0.314969
0.535454
0.301604
0.130042
0.167180
0.375210
0.312721
0.118548
0.216198
0.162064
0.226729
0.204399
0.095173
0.045486
0.077275
0.103792
0.174243
0.233001
0.040824
0.186651
0.418059
0.605714
0.147941
0.161916
0.559832
0.151004
0.045220
0.081413
0.129581
0.318469
0.103807
0.166693
0.319067
0.272137
0.326032
0.187908
0.121666
0.112140
0.277867
0.423916
0.053199
0.242857
0.146604
0.213950
0.122823
0.235716
0.198184
0.069390
0.202548
0.075711
0.308749
0.389953
0.073977
0.216225
0.335220
0.186884
0.371686
0.366503
0.250228
0.309137
0.310897
0.112935
0.107974
0.135709
0.213436
0.482373
0.142178
0.293811
0.287104
0.215455
0.126327
0.142706
0.166145
0.242349
0.174257
0.326593
0.116066
0.194297
0.155503
0.293978
0.161611
0.293616
0.413441
0.361516
0.268597
0.314015
0.265464
0.094875
0.286576
0.108602
0.088162
0.377065
0.153786
0.351840
0.258519
0.359851
0.282443
0.520193
0.371906
0.101150
0.235744
0.343383
0.337512
0.017934
0.226685
0.141769
0.238672
0.222749
0.203209
0.107807
0.134362
0.086172
0.115571
0.167483
0.141603
0.124664
0.429171
0.527197
0.272446
0.023620
0.527936
0.021827
0.031203
0.052053
0.211077
0.401927
0.111162
0.232270
0.136874
0.194542
0.243916
0.186290
0.267452
0.088149
0.303732
0.407937
0.092372
0.225802
0.214994
0.303947
0.162090
0.183396
0.292802
0.072077
0.171908
0.042743
0.208978
0.364483
0.114311
0.179043
0.153148
0.216444
0.319428
0.428422
0.120407
0.228918
0.346882
0.293844
0.099551
0.253652
0.123436
0.406174
0.282862
0.307352
0.257199
0.124654
0.106963
0.114412
0.204353
0.284436
0.122360
0.275653
0.054905
0.254512
0.210187
0.136677
0.128081
0.239439
0.393780
0.332510
0.254205
0.230351
0.279710
0.141982
0.221755
0.112426
0.132840
0.338854
0.098929
0.419120
0.304205
0.351672
0.275807
0.534259
0.399611
0.153807
0.175048
0.251719
0.303659
0.054633
0.360408
0.233093
0.237847
0.212790
0.133331
0.127552
0.151274
0.175732
0.058533
0.142909
0.135455
0.201321
0.380955
0.546175
0.326592
0.153171
0.421060
0.075310
0.120205
0.248502
0.222882
0.358032
0.080394
0.293377
0.227213
0.155320
0.104496
0.131599
0.362249
0.252629
0.252907
0.315476
0.048662
0.133012
0.306550
0.272842
0.094360
0.176381
0.379543
0.048675
0.314139
0.084968
0.162541
0.300102
0.144223
0.113684
0.060260
0.314857
0.289926
0.327684
0.163189
0.233556
0.326626
0.402092
0.102402
0.364417
0.158622
0.278721
0.398652
0.272510
0.321243
0.162148
0.216506
0.078956
0.150640
0.388589
0.048921
0.180546
0.079302
0.355309
0.199651
0.103410
0.088260
0.174965
0.415855
0.312512
0.300710
0.208173
0.299872
0.165194
0.175911
0.108614
0.179058
0.292632
0.159784
0.483460
0.294703
0.393267
0.248193
0.415884
0.407841
0.184391
0.144508
0.210754
0.406786
0.049339
0.462997
0.353910
0.248558
0.212342
0.062237
0.118463
0.084260
0.238369
0.093308
0.074010
0.196513
0.265361
0.387524
0.534523
0.270401
0.234262
0.318893
0.086888
0.176370
0.282584
0.192511
0.191969
0.115823
0.268624
0.250515
0.219412
0.033297
0.191673
0.417990
0.323160
0.241161
0.242181
0.063389
0.017949
0.280760
0.153556
0.077299
0.207255
0.350632
0.073998
0.385291
0.162557
0.219429
0.285156
0.198346
0.152144
0.108111
0.312021
0.204635
0.159714
0.126299
0.318085
0.296940
0.478052
0.069049
0.300661
0.203730
0.226748
0.368600
0.292660
0.346154
0.208649
0.266077
0.071528
0.081982
0.458278
0.081010
0.104744
0.094165
0.335439
0.171097
0.107862
0.073835
0.169284
0.425372
0.280884
0.301544
0.237492
0.174728
0.251392
0.160741
0.183985
0.207818
0.172098
0.121942
0.347365
0.255385
0.261595
0.174954
0.171485
0.260402
0.177622
0.174253
0.159932
0.368573
0.093166
0.358141
0.328698
0.237174
0.260961
0.053991
0.117520
0.159619
0.291783
0.071544
0.046290
0.181758
0.187708
0.483893
0.432855
0.187709
0.267377
0.320336
0.133408
0.156645
0.250049
0.202925
0.148494
0.094631
0.277954
0.259548
0.185770
0.066998
0.094170
0.534758
0.318911
0.261891
0.223648
0.125944
0.128477
0.166482
0.113331
0.045362
0.259781
0.296055
0.180482
0.364193
0.189030
0.160623
0.284324
0.219583
0.204347
0.137156
0.162164
0.208077
0.126561
0.081164
0.344519
0.217760
0.465536
0.158596
0.219152
0.185906
0.155433
0.288535
0.134466
0.233433
0.199508
0.229272
0.204796
0.172660
0.349798
0.223500
0.023619
0.081524
0.173885
0.149639
0.074011
0.300638
0.161571
0.399047
0.201466
0.467948
0.272824
0.177766
0.267942
0.228482
0.169334
0.180742
0.102093
0.045228
0.191921
0.292577
0.099749
0.270519
0.045001
0.215745
0.284275
0.211208
0.190219
0.257609
0.135315
0.183678
0.185132
0.255178
0.231448
0.151612
0.123683
0.049305
0.306075
0.035940
0.043907
0.124882
0.198495
0.544300
0.290757
0.148608
0.282929
0.394666
0.172884
0.175746
0.392227
0.243238
0.067834
0.075481
0.260369
0.285725
0.136503
0.070193
0.078289
0.583684
0.285102
0.334835
0.226437
0.096402
0.182104
0.086123
0.126167
0.113964
0.273278
0.230030
0.274395
0.218088
0.186254
0.105331
0.210592
0.090059
0.302688
0.245792
0.128655
0.183102
0.155744
0.052915
0.225553
0.198605
0.354932
0.174947
0.241617
0.233504
0.030452
0.315879
0.151709
0.104573
0.101375
0.257578
0.353317
0.242234
0.233793
0.358965
0.058408
0.064742
0.199381
0.067227
0.058186
0.289991
0.110429
0.285847
0.244891
0.472305
0.186503
0.186488
0.139841
0.358936
0.215729
0.037434
0.208365
0.222631
0.248525
0.306838
0.107939
0.353626
0.043537
0.138470
0.311792
0.220025
0.207973
0.208371
0.107331
0.117257
0.174281
0.306966
0.112057
0.163266
0.080399
0.154704
0.290453
0.072464
0.069077
0.118026
0.126215
0.528348
0.231346
0.145890
0.295094
0.269016
0.198266
0.386709
0.459580
0.142272
0.168327
0.116031
0.196719
0.283200
0.095256
0.112282
0.169667
0.479336
0.258479
0.444262
0.257259
0.074178
0.155420
0.105820
0.095949
0.088155
0.240164
0.256372
0.246160
0.123133
0.204830
0.033048
0.099697
0.113131
0.371425
0.328594
0.206171
0.054672
0.249021
0.059762
0.093753
0.183097
0.191855
0.140150
0.247219
0.157150
0.153431
0.376927
0.202410
0.139832
0.093191
0.242793
0.341837
0.173187
0.264366
0.278947
0.097675
0.070786
0.191791
0.074180
0.089285
0.135820
0.069024
0.196290
0.283674
0.381912
0.124940
0.117395
0.100841
0.455027
0.323077
0.037364
0.212204
0.231178
0.379488
0.302702
0.112874
0.233048
0.213372
0.219029
0.286413
0.177118
0.185099
0.202401
0.128072
0.166037
0.200687
0.294754
0.022925
0.147081
0.021525
0.161606
0.298993
0.159889
0.247883
0.123337
0.087539
0.402550
0.068565
0.158652
0.304135
0.176419
0.184253
0.426205
0.270596
0.095365
0.142384
0.112923
0.147152
0.166125
0.077628
0.194324
0.178172
0.248239
0.236648
0.393224
0.230397
0.171360
0.074785
0.131394
0.066621
0.065236
0.328842
0.223202
0.164069
0.099837
0.166232
0.162608
0.049189
0.164918
0.323325
0.321374
0.289672
0.093824
0.242040
0.081696
0.114304
0.144611
0.136854
0.188722
0.138266
0.097293
0.221556
0.288294
0.191741
0.181096
0.184353
0.113787
0.300548
0.212187
0.205593
0.094211
0.161624
0.052555
0.035389
0.095680
0.121122
0.214463
0.038752
0.143069
0.292033
0.278408
0.268934
0.103851
0.050619
0.355019
0.422515
0.026760
0.077399
0.073182
0.388201
0.315378
0.224375
0.170925
0.268616
0.149008
0.280547
0.196120
0.161108
0.189518
0.126450
0.094963
0.115088
0.184246
0.147262
0.059450
0.139198
0.073669
0.371879
0.232379
0.314967
0.143276
0.061806
0.211853
0.110579
0.186459
0.266445
0.153988
0.178862
0.298201
0.148860
0.188031
0.084635
0.223312
0.106552
0.060577
0.100692
0.068455
0.085015
0.132435
0.149060
0.188748
0.127795
0.319096
0.082045
0.060328
0.055875
0.075037
0.364571
0.183794
0.128204
0.016539
0.096540
0.247512
0.032881
0.059962
0.226248
0.262004
0.320886
0.114201
0.193544
0.175171
0.295259
0.131773
0.130344
0.261664
0.035733
0.119420
0.176255
0.157489
0.103720
0.305162
0.158311
0.018372
0.361478
0.334568
0.102879
0.102570
0.160444
0.174835
0.097579
0.145851
0.076790
0.258954
0.096994
0.128359
0.210084
0.228540
0.284823
0.109515
0.131524
0.233375
0.406205
0.088449
0.233535
0.124638
0.212980
0.240457
0.271291
0.159146
0.183775
0.145587
0.228548
0.212668
0.188580
0.205278
0.092463
0.188097
0.205065
0.034248
0.163131
0.094877
0.235530
0.110519
0.452704
0.268991
0.155020
0.195760
0.187042
0.175739
0.219486
0.190133
0.202814
0.069655
0.257356
0.253831
0.169325
0.199279
0.219504
0.308156
0.163323
0.111515
0.035967
0.082473
0.031480
0.196210
0.091382
0.143422
0.028857
0.272353
0.135202
0.111550
0.172715
0.198846
0.351984
0.234381
0.140886
0.069685
0.036677
0.238359
0.134004
0.197089
0.147001
0.310822
0.362830
0.063453
0.216980
0.205157
0.226500
0.228660
0.055660
0.275001
0.118273
0.205364
0.080110
0.100711
0.040628
0.338957
0.105260
0.052295
0.418205
0.300161
0.112839
0.264822
0.178714
0.271894
0.126717
0.173643
0.016935
0.144764
0.102850
0.100508
0.115741
0.206655
0.383088
0.194151
0.273533
0.334318
0.255617
0.101924
0.291317
0.101274
0.101034
0.128371
0.301609
0.219260
0.116405
0.083557
0.168708
0.165356
0.230969
0.221324
0.216647
0.273781
0.235486
0.135702
0.119456
0.177969
0.166273
0.254480
0.428562
0.262013
0.090366
0.271973
0.208884
0.020263
0.240328
0.206962
0.194710
0.028102
0.335015
0.275719
0.136612
0.071128
0.131738
0.361666
0.222385
0.174767
0.034675
0.131680
0.051229
0.180323
0.085572
0.186108
0.074308
0.150605
0.148456
0.265028
0.243357
0.251931
0.415850
0.333373
0.213189
0.016255
0.148432
0.189081
0.218465
0.284523
0.182597
0.300867
0.329775
0.194657
0.171877
0.134931
0.179642
0.195347
0.021006
0.272503
0.112015
0.297134
0.125633
0.222360
0.132469
0.333570
0.178244
0.118101
0.380359
0.267344
0.095007
0.278351
0.160187
0.280781
0.106607
0.201396
0.086809
0.088093
0.199732
0.081262
0.142852
0.152546
0.528866
0.294340
0.244607
0.323778
0.104775
0.090674
0.255321
0.166661
0.146370
0.043026
0.263284
0.124326
0.169489
0.014681
0.105285
0.032838
0.208218
0.177459
0.253590
0.352905
0.254020
0.226035
0.168033
0.151084
0.047949
0.323292
0.284609
0.226449
0.117108
0.269180
0.178281
0.087522
0.275093
0.251018
0.272597
0.069827
0.261158
0.250458
0.222447
0.031851
0.050172
0.294725
0.210270
0.113183
0.110824
0.211340
0.093668
0.150418
0.108012
0.154271
0.108316
0.114886
0.136270
0.243734
0.224249
0.230220
0.319346
0.282577
0.132543
0.070450
0.164297
0.315799
0.258875
0.225840
0.136597
0.273602
0.244344
0.332889
0.055700
0.201449
0.223875
0.153961
0.045752
0.271277
0.171564
0.254339
0.153324
0.290964
0.237409
0.193840
0.157305
0.118297
0.369899
0.260517
0.007455
0.219357
0.071711
0.276870
0.133244
0.113535
0.109421
0.077436
0.226486
0.030104
0.168727
0.326981
0.560169
0.285690
0.204289
0.205403
0.031600
0.101934
0.228423
0.323989
0.187436
0.042203
0.100089
0.133678
0.090420
0.107684
0.087657
0.070363
0.140835
0.218420
0.097412
0.345895
0.249507
0.261066
0.094942
0.109108
0.055707
0.293243
0.163661
0.208402
0.113239
0.152278
0.136693
0.194433
0.341637
0.192665
0.213754
0.084087
0.205743
0.186148
0.229262
0.122363
0.153828
0.149460
0.240423
0.127456
0.147886
0.424130
0.075256
0.221432
0.263317
0.174417
0.168870
0.213600
0.243513
0.227435
0.183699
0.118863
0.185835
0.121630
0.059877
0.055765
0.161058
0.415282
0.216486
0.169455
0.183555
0.331647
0.139917
0.328568
0.162051
0.247352
0.271587
0.168990
0.029634
0.213489
0.272874
0.093419
0.286200
0.268686
0.109107
0.131518
0.168960
0.030896
0.328307
0.235677
0.136471
0.300032
0.050740
0.262720
0.101980
0.060144
0.077976
0.168962
0.236211
0.054854
0.167928
0.430667
0.434351
0.213810
0.182223
0.202931
0.091140
0.065065
0.165767
0.210673
0.243128
0.109115
0.037597
0.209002
0.081974
0.132186
0.107501
0.129102
0.116251
0.153998
0.108943
0.394209
0.258494
0.186309
0.121684
0.165406
0.214186
0.338315
0.142878
0.179505
0.043738
0.068162
0.032458
0.317179
0.317578
0.123767
0.150999
0.083804
0.105196
0.180887
0.118416
0.298126
0.206620
0.094545
0.374649
0.227807
0.096203
0.321291
0.073798
0.151771
0.225882
0.243385
0.181051
0.234612
0.228796
0.217921
0.146395
0.082092
0.168099
0.124104
0.066967
0.088820
0.086603
0.251515
0.190021
0.028870
0.121476
0.275179
0.105133
0.233541
0.192057
0.092185
0.251727
0.206219
0.062264
0.185085
0.301048
0.051601
0.464716
0.192418
0.058113
0.182682
0.197812
0.169033
0.257580
0.133153
0.084429
0.498638
0.082149
0.142838
0.130469
0.079233
0.110788
0.260138
0.189996
0.201495
0.153818
0.391639
0.285430
0.119423
0.175547
0.198979
0.247577
0.078056
0.038339
0.122237
0.243344
0.226634
0.127679
0.203482
0.235047
0.092756
0.124419
0.143018
0.194011
0.047582
0.104875
0.389843
0.184680
0.147667
0.209385
0.124553
0.349253
0.312904
0.209224
0.164873
0.239671
0.069080
0.145011
0.343470
0.260742
0.089674
0.240548
0.162869
0.085232
0.159659
0.149078
0.426869
0.188461
0.110011
0.242366
0.212461
0.109023
0.254736
0.063960
0.122128
0.306686
0.307165
0.145898
0.169072
0.252487
0.253891
0.077996
0.046906
0.188011
0.252841
0.094483
0.125860
0.067433
0.180334
0.138837
0.154076
0.068135
0.175531
0.062444
0.181960
0.254769
0.078560
0.124125
0.180173
0.081116
0.118208
0.288984
0.098491
0.385435
0.152034
0.245819
0.148484
0.206336
0.178066
0.138977
0.207632
0.043802
0.534514
0.149295
0.023432
0.256739
0.048136
0.111829
0.237099
0.185261
0.360565
0.199863
0.313271
0.369559
0.052768
0.149097
0.291905
0.354186
0.105811
0.069683
0.208159
0.180406
0.365651
0.162307
0.115465
0.365741
0.054933
0.064880
0.050191
0.172872
0.182666
0.135292
0.357388
0.041378
0.259260
0.088825
0.088349
0.314253
0.206668
0.305606
0.095171
0.222379
0.042053
0.165052
0.300029
0.234059
0.072077
0.281757
0.311331
0.047093
0.219164
0.063165
0.296960
0.144999
0.234045
0.100571
0.240120
0.142565
0.193785
0.063329
0.170539
0.230689
0.468018
0.127206
0.117334
0.286886
0.216441
0.015612
0.034234
0.385030
0.354780
0.108154
0.092032
0.113678
0.197349
0.083636
0.164214
0.134240
0.063231
0.087652
0.264174
0.309376
0.216869
0.108776
0.293432
0.156774
0.181066
0.296297
0.093973
0.173707
0.147575
0.413386
0.086762
0.220676
0.122995
0.162533
0.379658
0.072883
0.458099
0.387195
0.098348
0.271201
0.094623
0.118497
0.160611
0.141392
0.420046
0.174811
0.430062
0.394968
0.088385
0.097883
0.307793
0.337640
0.154513
0.104820
0.194538
0.121144
0.317388
0.236838
0.154524
0.324528
0.106897
0.154822
0.057862
0.158689
0.169893
0.218137
0.303509
0.077046
0.307560
0.080866
0.086023
0.339146
0.143888
0.242301
0.028331
0.266126
0.072172
0.178180
0.338623
0.259540
0.068661
0.329108
0.307146
0.134545
0.156751
0.031643
0.269660
0.046641
0.223008
0.125051
0.273050
0.191371
0.152933
0.198538
0.234634
0.137508
0.463352
0.210736
0.095326
0.302668
0.118701
0.028348
0.115074
0.507310
0.445805
0.172787
0.056742
0.075511
0.095581
0.148635
0.148497
0.119477
0.132959
0.191545
0.271462
0.272051
0.304982
0.089731
0.308690
0.112886
0.268527
0.264510
0.147169
0.170696
0.140225
0.349260
0.114089
0.142232
0.116073
0.183920
0.400525
0.205318
0.313014
0.486592
0.104158
0.197055
0.201249
0.118183
0.258526
0.132621
0.321155
0.156409
0.429782
0.288504
0.195075
0.113224
0.252152
0.256069
0.138631
0.175627
0.215570
0.208515
0.214804
0.272102
0.244446
0.245612
0.049592
0.165305
0.052709
0.354944
0.141276
0.202232
0.220392
0.056031
0.259386
0.125812
0.085529
0.347916
0.019623
0.202988
0.110082
0.321925
0.110941
0.156421
0.304173
0.234575
0.190265
0.239181
0.307358
0.178893
0.207977
0.037010
0.287659
0.050372
0.180865
0.264203
0.299556
0.185790
0.157879
0.292677
0.313118
0.083149
0.294814
0.305634
0.137250
0.186503
0.250710
0.049582
0.200838
0.374860
0.391505
0.082383
0.169077
0.047293
0.053241
0.150569
0.084259
0.023322
0.166567
0.274368
0.149230
0.245509
0.380013
0.142195
0.122881
0.097342
0.267465
0.188731
0.293142
0.228426
0.204236
0.160711
0.242014
0.093130
0.136603
0.145737
0.208116
0.185954
0.236222
0.422250
0.148653
0.107438
0.243039
0.150259
0.283502
0.144513
0.279637
0.150995
0.305324
0.252784
0.214166
0.158908
0.100736
0.244441
0.209700
0.175791
0.235377
0.328316
0.194573
0.242804
0.102363
0.285742
0.080702
0.110037
0.116423
0.391471
0.109231
0.159863
0.135945
0.135202
0.307047
0.197467
0.185493
0.440947
0.041297
0.279330
0.268645
0.228942
0.171079
0.040680
0.262912
0.158411
0.203028
0.330547
0.308776
0.283590
0.281347
0.059894
0.258173
0.042000
0.177282
0.280307
0.274694
0.142572
0.277040
0.246659
0.369173
0.117444
0.203646
0.296382
0.114681
0.203771
0.201609
0.022119
0.320046
0.162569
0.416295
0.060566
0.224547
0.054767
0.131209
0.073798
0.098582
0.223455
0.187197
0.239916
0.068644
0.224033
0.449913
0.128425
0.040334
0.031604
0.227846
0.126757
0.202780
0.100724
0.328918
0.105015
0.268235
0.114251
0.113527
0.208261
0.278883
0.059752
0.046512
0.298714
0.320541
0.074529
0.178415
0.157873
0.190464
0.190630
0.396253
0.141561
0.188044
0.375940
0.104196
0.147209
0.137158
0.303868
0.167101
0.254383
0.127878
0.402034
0.227426
0.207928
0.211153
0.301730
0.135609
0.198385
0.118199
0.343011
0.120510
0.123827
0.111729
0.199436
0.369707
0.158575
0.261506
0.389634
0.105612
0.371418
0.250054
0.123741
0.171538
0.085999
0.223476
0.108566
0.127042
0.378592
0.313447
0.315442
0.334249
0.076537
0.174941
0.102414
0.230046
0.295533
0.189567
0.170796
0.321996
0.138931
0.439158
0.037477
0.131430
0.324790
0.151300
0.297551
0.146866
0.052207
0.345886
0.134715
0.406488
0.175397
0.207221
0.068055
