# G_5, p = 2.0000 GPa (dir_20000.0_bar).
# D8R-only: 60 rings x 101 frames = 6060 samples.
# Column: per-D8R Delta [A]
2.074114
2.053216
1.991604
1.903959
2.066387
2.074012
2.053083
1.991742
1.903868
2.066265
2.074096
2.052925
1.991531
1.903886
2.066314
2.074134
2.053123
1.991427
1.904024
2.066409
2.074694
2.053101
1.992013
1.904252
2.066819
2.074811
2.052954
1.991944
1.904192
2.066787
2.074530
2.052992
1.992050
1.904161
2.066819
2.074527
2.053134
1.992042
1.904292
2.066774
2.074027
2.052804
1.993704
1.905034
2.068326
2.073887
2.052861
1.993693
1.905058
2.068477
2.073808
2.052677
1.993285
1.905344
2.068380
2.073934
2.052630
1.993411
1.905336
2.068386
2.004472
1.870123
1.983399
1.940110
2.034608
2.133441
2.114114
2.058750
1.908647
2.060540
2.157293
2.056756
2.055625
1.790629
1.971150
2.089746
2.030662
1.984834
1.866341
2.072802
2.147465
1.917365
1.950321
1.914103
2.110501
1.972876
1.952491
1.869953
1.907020
2.065153
2.039358
2.145897
1.871961
1.929826
2.149536
2.029449
2.005220
1.876432
1.995104
2.097937
2.014692
2.185760
2.084279
1.886614
2.147698
1.990596
2.104026
1.929617
1.868947
2.093865
2.069554
2.079029
2.098326
1.980675
2.025550
2.129772
1.968888
1.942741
1.876511
2.067900
1.853201
1.823777
2.120327
1.899307
2.011748
2.117108
2.128620
2.086475
1.875292
2.071276
2.162514
1.982555
2.067747
1.894777
1.916197
2.025684
2.082394
1.969627
1.828782
2.027178
2.135129
1.809255
1.838208
1.832107
2.156256
2.061049
1.995863
1.882847
1.864803
1.984022
1.914480
2.269433
1.714003
1.952012
2.098730
1.924632
2.157788
1.866933
2.088619
1.919191
2.060576
2.137671
2.057658
1.826949
2.212290
2.064265
2.065985
1.801636
1.780729
2.042545
2.128733
2.092489
2.030901
2.058435
2.029129
2.104405
1.883617
1.920596
1.853776
2.050562
1.723585
1.808804
2.250990
1.762027
1.952992
1.972038
1.983585
2.084374
1.883356
1.918831
2.130116
2.076113
2.061221
2.069821
2.083435
1.957420
2.112417
2.045779
1.821008
2.120377
2.124429
1.823287
1.815832
1.802992
2.136034
2.113432
2.100616
1.939485
1.841328
1.914905
1.880156
2.239948
1.741398
2.030129
2.091662
1.880567
2.321923
1.968788
2.149662
1.847994
2.041854
2.082872
2.110331
1.846077
2.178669
2.134821
2.038022
1.704889
1.843889
1.995521
1.996958
2.152964
1.912586
2.098218
2.118587
2.012586
1.930306
1.941469
1.851881
1.990232
1.719826
1.813633
2.211821
1.692219
1.900984
1.853806
1.856152
2.111438
1.912175
1.850008
2.096483
2.261678
2.104290
2.108791
2.153753
1.883528
2.021312
2.092319
1.780955
2.181256
2.233360
1.872444
1.906596
1.783841
1.966191
2.105988
2.113467
1.783067
1.965179
1.795305
1.891242
2.191228
1.872196
2.155005
2.151860
1.912998
2.381179
1.984857
2.104703
2.005487
1.945523
2.051776
2.116180
1.879484
2.233255
2.051342
2.019527
1.846275
1.856013
2.045650
1.886465
2.078499
1.806325
2.188117
2.206504
1.935057
2.037419
1.994575
1.846053
1.946596
1.712389
1.929257
2.177647
1.728154
1.879887
1.806741
1.762582
2.125426
1.876745
1.821613
2.133719
2.235614
2.154977
2.016801
2.226471
1.903923
2.011205
2.177505
1.789359
2.229923
2.186644
1.897376
1.872729
1.798754
2.025175
2.088506
2.121519
1.730893
2.134772
1.859926
1.948350
2.251392
1.894670
2.200920
2.157708
1.923364
2.386859
2.019079
2.003652
2.009518
1.904368
2.066411
2.006962
1.812257
2.334180
2.105180
1.987633
1.909756
1.890267
2.098631
1.888939
2.030184
1.800401
2.160887
2.094407
1.985061
2.112555
2.029748
1.886922
1.912249
1.728721
2.009301
2.171387
1.770292
1.879496
1.826771
1.787136
2.153745
1.758241
1.820611
2.189845
2.013169
2.115529
1.912666
2.180285
1.953294
2.102559
2.259486
1.795663
2.144956
2.140142
1.916626
1.857937
1.822425
2.090075
2.108146
2.228855
1.978356
2.105974
1.959171
1.985323
2.184396
1.900466
2.118055
2.143936
1.945835
2.319271
2.044957
1.994376
1.860481
1.943299
2.085165
1.981960
1.699775
2.241146
2.144279
1.831702
1.816308
1.968944
2.167223
1.854039
2.022444
1.830159
2.061442
2.089429
2.018557
2.134153
2.037198
1.971702
1.990845
1.743982
2.071534
2.216538
1.670726
1.901592
1.869986
1.840376
2.149716
1.675092
1.893415
2.184816
1.906366
2.153061
1.852842
2.209759
1.955409
1.918215
2.235700
1.770406
2.041911
2.288481
1.923106
1.985292
1.900113
1.992662
2.106064
2.264889
2.183886
2.044381
2.039905
1.997727
2.037460
1.949031
2.063349
2.090866
1.922478
2.067948
2.054506
2.020267
1.865586
1.950177
2.100353
2.117246
1.653888
2.116527
1.972562
1.742030
1.838546
1.958150
2.023550
1.769342
2.016857
1.923753
2.036128
2.158772
1.990781
2.212154
2.053708
2.052432
2.041621
1.733165
2.031204
2.075710
1.565969
1.905601
1.866086
1.834424
2.132216
1.626649
1.982530
2.112454
1.784545
2.238997
1.810459
2.245349
1.912767
1.834854
2.160303
1.673692
2.140868
2.365059
1.853660
2.060761
1.995024
1.934890
2.103558
2.083635
2.212790
2.023814
2.037638
2.015300
1.928069
1.985860
2.029380
2.094007
1.895404
1.905839
2.002081
2.126848
1.961851
1.942184
2.090012
2.152140
1.629024
2.065963
1.905508
1.774069
1.888883
1.788119
2.012210
1.893389
2.016973
1.957447
2.047326
2.104479
1.980571
2.182761
2.046662
2.095755
1.975095
1.682850
2.078592
2.056806
1.628291
1.803956
1.943942
1.887687
2.122706
1.635212
1.896034
2.099164
1.664016
2.169155
1.848623
2.230544
1.965967
1.831686
2.091868
1.665214
2.223068
2.274496
1.840642
2.000448
2.005784
1.967900
2.135751
1.968371
2.134588
2.059534
2.059091
2.056556
1.932809
2.013792
1.960615
2.038921
1.843879
1.921869
1.936513
2.109852
2.009428
1.880893
2.125795
2.052390
1.579617
2.125278
1.993288
1.873054
1.889775
1.665380
2.168407
2.020134
2.060121
1.913097
2.055257
1.971037
2.010338
2.092670
2.096395
2.034971
1.903491
1.781542
2.058776
2.104433
1.711664
1.850969
1.933313
1.946822
2.078068
1.702304
1.811798
2.110900
1.779695
2.023158
1.883168
2.193466
2.037851
1.901089
2.048025
1.687570
2.259123
2.247115
1.862403
1.980751
1.901196
1.951743
2.084090
1.942560
2.071940
2.031036
1.982683
2.113809
1.848085
2.117094
1.955331
1.969232
1.763833
2.014302
1.904324
1.965784
2.063484
1.886939
2.031300
1.963291
1.650526
2.065147
2.109112
1.979966
1.853939
1.735909
2.267728
1.969955
1.914845
1.979282
1.983695
1.954993
1.906311
2.091555
2.031859
2.083321
1.977997
1.954739
2.073791
2.053964
1.740368
1.895790
1.835214
1.919010
2.102981
1.689065
1.784252
1.962725
1.996236
1.930933
1.902668
2.159470
2.003626
1.955487
1.926952
1.689184
2.173206
2.197292
1.936407
1.972041
1.758308
1.957374
1.981631
1.953180
1.899237
1.992474
1.935571
2.139803
1.791719
2.170224
1.853217
1.918329
1.757217
1.960787
1.871845
1.907322
2.090288
1.883064
1.906332
1.924037
1.772757
1.987068
2.100028
1.933930
1.908458
1.871638
2.269500
1.923092
1.819967
1.964985
1.871997
1.928512
1.829656
1.982784
1.947215
2.110713
2.035806
2.051095
2.126525
1.994579
1.765534
1.940999
1.830607
1.897357
2.145151
1.577501
1.885315
1.736170
1.947365
1.988832
1.898653
2.062329
1.862752
2.022982
1.826533
1.754529
1.989932
1.979914
1.915493
1.820912
1.728457
1.923870
1.976784
1.884365
1.729624
2.030288
2.005188
2.131817
1.741010
2.002192
1.693900
1.933304
1.770977
1.927631
1.934340
1.880246
2.059939
1.856256
1.942850
1.794820
1.894571
1.967325
2.005749
1.893877
1.992607
1.777985
2.216084
2.036492
1.734619
1.881718
1.778724
1.805785
1.902313
1.837558
1.891355
2.071806
2.059767
2.088597
2.105263
1.949548
1.871957
1.965308
1.858275
1.983012
2.155637
1.592662
2.000694
1.681858
1.893555
2.027701
1.996295
1.988766
1.944532
2.010261
1.809715
1.825000
1.817265
1.784675
1.857959
1.699041
1.814951
1.898427
2.012650
1.908676
1.760967
1.961973
2.131547
2.113633
1.691174
1.832741
1.591544
2.006862
1.856319
1.821749
1.864888
1.839961
2.026113
1.862593
1.993546
1.770404
1.901377
1.942625
1.944848
1.957608
2.043882
1.733342
2.250471
2.055016
1.715033
1.915565
1.597551
1.661140
1.937189
1.741456
1.896276
1.940331
2.046298
2.179444
1.930280
1.854126
1.932164
2.049141
1.891634
2.173329
2.122742
1.577004
2.175662
1.760413
1.914331
1.904802
1.987656
1.865412
2.041490
1.979816
1.844115
1.952029
1.655855
1.835368
1.875720
1.772742
1.826004
1.967130
1.948023
1.887930
1.791249
1.811633
2.046186
2.074466
1.669630
1.881272
1.486649
2.077236
2.031484
1.766281
1.794571
1.846729
1.939882
1.811477
1.988489
1.798493
1.836985
1.965744
1.914154
1.963732
2.041521
1.736632
2.124996
2.068725
1.775471
1.951518
1.464833
1.640607
1.946786
1.683063
1.893489
1.892009
2.057488
2.216378
1.822998
1.830263
1.915695
2.047028
1.932447
2.158538
2.101308
1.551942
2.187830
1.879164
1.844849
1.796856
1.836031
1.776484
2.097162
2.004863
1.835736
1.992359
1.687494
1.785821
1.922071
1.881109
1.833484
2.143318
1.916914
1.755352
1.714850
1.767844
1.933740
2.063309
1.740650
1.955790
1.389641
2.016344
2.159444
1.826715
1.695318
1.903404
1.924347
1.888728
2.001190
1.608266
1.860958
2.007759
1.939214
2.022466
1.978626
1.670493
1.991087
2.104476
1.853342
1.965395
1.401076
1.643373
2.047033
1.715417
1.826444
1.940272
1.975015
2.164967
1.797947
1.922548
1.906631
1.905694
1.997495
2.083459
1.946608
1.516981
2.045414
1.874490
1.911778
1.674099
1.706090
1.795935
2.195678
2.066015
1.862794
1.930149
1.726857
1.679898
1.882664
1.859792
1.818899
2.147461
1.962961
1.610085
1.648879
1.876639
1.909938
1.973622
1.907714
1.921735
1.416675
1.895540
2.169869
1.906858
1.663866
1.826444
1.925543
2.002326
2.011280
1.432920
1.892413
2.026482
2.059659
2.040837
2.000353
1.538194
1.991574
2.193084
1.845596
1.934397
1.489513
1.702773
2.000517
1.785931
1.852452
1.918295
1.948977
2.157789
1.813610
1.892871
1.901592
1.816274
1.969260
2.005872
1.892354
1.603070
2.080346
1.815447
1.998799
1.574272
1.670798
1.853955
2.224714
1.987353
1.827565
1.845474
1.726064
1.705896
1.794649
1.750098
1.764860
2.029787
1.921922
1.591046
1.670547
1.846290
1.919791
1.915086
1.949260
1.941017
1.466443
1.858431
2.183393
1.801730
1.776456
1.690898
1.968249
2.012173
1.992241
1.483931
1.949362
2.048260
2.107234
1.940606
1.920531
1.536689
1.989190
2.101759
1.810608
1.927879
1.603028
1.833483
1.888024
1.884725
1.914693
1.770701
1.947584
2.105233
1.891330
1.763751
1.796922
1.868699
1.892193
2.005983
1.770617
1.724975
2.262438
1.786514
1.991941
1.506443
1.577440
1.929562
2.151674
1.950048
1.810578
1.765580
1.690777
1.777166
1.829110
1.704717
1.746775
2.020298
1.846853
1.773682
1.705902
1.697265
1.980820
1.833149
1.913925
1.881685
1.538818
1.844962
2.169836
1.735056
1.890349
1.662034
1.979894
1.935678
1.851059
1.533285
1.936897
2.064225
2.141000
1.821073
1.812874
1.686040
1.847883
1.904860
1.863423
1.971914
1.571973
1.919893
1.834262
1.922841
1.920529
1.654363
1.943837
2.049406
1.931708
1.680656
1.803509
1.983433
1.994111
1.999972
1.666119
1.786936
2.292560
1.872390
1.805431
1.491795
1.511672
1.941887
2.016811
2.025314
1.899200
1.667525
1.640405
1.746900
1.836357
1.737546
1.735922
2.065558
1.839949
1.934965
1.872362
1.690858
2.078718
1.766811
1.943761
1.781161
1.632804
1.828934
2.089344
1.777931
1.801673
1.647205
1.951861
1.956925
1.865254
1.512469
1.752644
1.971550
2.170695
1.813150
1.806929
1.728661
1.836049
1.921998
1.931041
1.919616
1.532626
1.915712
1.951508
1.867011
1.879554
1.627396
1.979483
1.944555
1.819408
1.663119
1.870331
1.946146
2.100947
1.925235
1.602909
1.850513
2.098920
1.964762
1.754625
1.633320
1.403220
2.007041
1.825773
1.988955
1.902930
1.687905
1.780937
1.696390
1.758237
1.710653
1.766261
2.015126
1.862656
1.992456
2.062549
1.670994
2.017675
1.896356
2.006919
1.747578
1.704582
1.955712
2.026204
1.835320
1.674012
1.515567
2.008631
1.874647
1.940622
1.533483
1.585594
1.818981
2.109801
1.760797
1.943539
1.727729
1.786322
2.026607
1.922418
1.873632
1.588826
1.900905
2.015507
1.792853
1.851715
1.624205
1.924838
1.847835
1.715860
1.612164
1.879107
1.870846
1.992088
1.852872
1.576803
1.930054
2.008085
1.955702
1.738283
1.791709
1.333698
2.085626
1.798212
1.985374
1.838468
1.700153
1.955365
1.827141
1.669462
1.743394
1.665584
1.942066
1.794771
2.007214
2.103864
1.540974
1.953834
1.901079
1.986122
1.772437
1.699237
2.130537
1.928444
1.916359
1.709138
1.444063
2.003955
1.826155
1.914911
1.644606
1.509619
1.708535
2.005068
1.668985
1.991011
1.731688
1.616146
2.073105
1.931140
1.911082
1.654900
1.990178
1.995022
1.916142
1.689263
1.578851
1.875802
1.808072
1.773788
1.646720
1.759519
1.882590
1.937974
1.909765
1.549363
1.945927
1.863255
1.825838
1.661997
1.915246
1.308930
2.122265
1.869887
1.857826
1.766200
1.594582
2.108786
1.917912
1.602194
1.827068
1.546220
1.954705
1.767875
1.974104
1.917823
1.442547
1.971165
1.835996
1.985211
1.819926
1.725421
2.139509
1.847320
2.044932
1.855533
1.375026
2.053799
1.809360
1.851445
1.660244
1.476428
1.754492
1.958459
1.750316
1.910793
1.874926
1.587279
2.241979
2.048469
1.947201
1.662024
2.117142
2.111140
2.094074
1.606448
1.531088
1.936883
1.816778
1.789113
1.722894
1.762925
1.863586
1.942843
1.971166
1.516217
1.909000
1.724545
1.817963
1.718571
2.003418
1.380450
2.100740
2.000917
1.868087
1.702808
1.527253
2.221958
2.055461
1.694181
1.904655
1.591513
1.951486
1.849288
1.906782
1.770606
1.436094
2.035735
1.875490
2.034367
1.933960
1.692411
2.054611
1.848864
2.018922
1.826365
1.288211
1.987275
1.875042
1.904777
1.622072
1.477667
1.860879
1.983684
1.923520
1.829851
1.953212
1.840432
2.238402
2.183599
1.974692
1.687933
2.228774
2.171642
2.049892
1.684853
1.559479
1.990791
1.853879
1.647897
1.801640
1.845070
1.854792
1.959910
1.988504
1.536013
1.867939
1.861956
1.996884
1.916708
1.996360
1.431957
2.069642
2.014520
1.860112
1.685937
1.545015
2.247652
2.129797
1.790832
1.886799
1.708329
1.807800
1.973189
1.948139
1.665263
1.389240
1.917457
2.041409
2.106050
1.892925
1.656055
2.065035
1.934153
1.878033
1.812390
1.218725
1.906481
1.910500
1.839260
1.686511
1.459823
1.920233
1.935064
1.946164
1.838726
1.864783
1.943331
2.147514
2.172446
1.865022
1.795166
2.178366
2.116656
1.864868
1.780687
1.514333
2.045618
1.895115
1.536553
1.808805
1.801497
1.990685
2.007103
1.944122
1.516677
1.894851
1.962143
2.046718
2.045878
1.809675
1.509641
2.061391
1.839318
1.798175
1.781891
1.607600
2.095129
2.184016
1.845413
1.878058
1.546949
1.787832
1.986762
2.020869
1.614749
1.355703
1.903024
2.076940
2.062736
1.835203
1.694330
2.004657
1.981288
1.971734
1.991605
1.199590
1.841197
1.937642
1.678972
1.795343
1.488724
1.853754
1.867758
1.945879
1.691818
1.772580
1.841556
2.048156
2.139275
1.738830
1.825234
2.178131
2.130401
1.873720
1.647288
1.455450
2.034138
1.846819
1.603112
1.742219
1.608874
2.087431
2.089994
1.972052
1.572079
1.891031
1.744602
2.043616
2.001582
1.728188
1.494165
2.022062
1.722973
1.719230
1.851229
1.560521
1.986241
2.144701
1.937495
1.868957
1.406554
1.802778
1.999529
1.993013
1.737574
1.398992
2.072025
2.064651
1.930761
1.806625
1.738033
1.858856
2.029948
2.040339
2.045045
1.266195
1.801031
1.979791
1.668393
1.772902
1.527904
1.810982
1.791364
2.038533
1.641324
1.693137
1.850337
1.996092
2.166586
1.667280
1.817443
2.198952
2.166770
1.977279
1.561325
1.437107
2.032646
1.856933
1.722385
1.789565
1.447596
2.093925
2.123916
1.983804
1.672602
1.894917
1.639630
2.027433
1.984740
1.754839
1.432015
1.953119
1.768531
1.762768
1.858655
1.592520
2.019731
2.105015
2.013891
1.888520
1.425563
1.843592
2.096194
1.894870
1.840896
1.473450
2.154860
2.038886
1.824214
1.716902
1.775068
1.826428
2.069172
1.994741
1.965398
1.353549
1.887763
1.983945
1.793377
1.848524
1.568196
1.836184
1.802812
2.182639
1.711933
1.612429
2.019078
1.912848
2.143458
1.672067
1.779816
2.173430
2.106108
1.951037
1.597093
1.413301
2.023416
1.933334
1.793050
1.875137
1.394705
1.989309
2.049517
1.931871
1.714761
1.906534
1.748221
2.169352
2.019769
1.760317
1.475513
1.985057
1.927262
1.841508
1.890025
1.658539
2.143946
2.047280
2.026817
1.797923
1.590031
1.981077
2.137120
1.897115
1.830449
1.429717
2.080286
2.049242
1.769240
1.688521
1.688925
1.962238
2.037374
1.936463
1.969916
1.470733
2.086318
2.039089
1.796032
1.875083
1.565954
1.977217
1.920922
2.172888
1.788936
1.634590
1.976170
1.831754
2.009261
1.607523
1.783398
2.042855
2.137946
1.946667
1.699601
1.427069
2.072520
1.975857
1.852828
1.977658
1.351440
1.894947
2.063483
1.943907
1.806224
1.758823
1.909910
2.288536
1.846901
1.788868
1.619195
1.940831
2.067390
1.861271
1.869857
1.663162
2.117712
2.072320
2.075918
1.770926
1.658722
2.188365
2.051173
1.927277
1.786860
1.498501
1.994352
1.959128
1.732405
1.760026
1.588638
2.040959
1.922592
1.965592
2.066779
1.418658
2.201974
2.126091
1.786432
1.786044
1.605899
2.106610
2.072810
2.098764
1.717020
1.633581
1.890718
1.812969
1.971906
1.537436
1.830305
2.028164
2.169884
2.089991
1.719175
1.531371
2.106762
2.003263
1.980974
2.104234
1.290808
1.946464
2.049411
1.963582
1.807752
1.739579
2.121107
2.303289
1.716942
1.796610
1.730770
1.891503
2.011552
1.770326
1.869867
1.443069
2.110751
2.087713
2.117259
1.789492
1.711940
2.168488
2.071489
1.947992
1.801518
1.681757
1.923080
2.048310
1.773089
1.729263
1.484991
1.969205
1.969523
1.866722
2.028533
1.395092
2.135538
2.240071
1.750390
1.704027
1.652978
2.142103
2.053401
2.143943
1.661235
1.645012
1.923030
1.800159
1.995917
1.553859
1.867142
2.089524
2.123582
2.113028
1.762986
1.563174
1.969378
1.981954
2.111833
2.121374
1.339101
1.969540
2.046701
1.954686
1.819867
1.856263
2.243659
2.248869
1.896841
1.698603
1.854699
1.928153
1.954176
1.734417
1.854301
1.325732
2.192737
2.131925
2.200181
1.820386
1.750871
2.125025
2.108310
2.022909
1.898899
1.737991
1.951617
2.109004
1.762001
1.796480
1.522132
1.864523
2.087113
1.714378
1.884108
1.511780
2.110324
2.229499
1.787020
1.849201
1.753527
2.183284
2.022204
2.031350
1.831015
1.700773
2.003375
1.782935
2.022536
1.595367
1.834822
1.975460
2.066338
1.967196
1.797673
1.393625
1.910387
2.086578
2.214388
2.065472
1.420337
2.055766
2.074572
1.909933
1.899018
1.867785
2.285800
2.203994
1.922090
1.707348
1.951449
2.042570
1.879830
1.825134
1.849132
1.433114
2.107719
2.177189
2.185566
1.813511
1.807188
2.195525
2.118619
2.015637
1.988223
1.710517
1.989326
2.194584
1.807091
1.835974
1.648024
1.845334
2.035893
1.766726
1.841411
1.690903
2.191433
2.147144
1.939579
1.892238
1.759512
2.274782
2.003493
1.940827
2.011338
1.758092
1.971803
1.850428
2.005171
1.622687
1.776764
1.827675
2.065618
1.926582
1.822760
1.394043
1.993796
2.194389
2.143564
2.020699
1.432775
2.145263
2.051532
2.012276
1.815202
1.834739
2.216498
2.221473
1.943629
1.790850
1.994192
2.160689
1.970710
1.976011
1.771350
1.537914
1.978659
2.316302
2.168911
1.910177
1.817825
2.183258
2.068211
1.981097
1.947818
1.791957
1.927832
2.100507
1.847718
1.795066
1.703266
1.836201
1.983684
1.871162
1.912199
1.723137
2.151377
2.042126
1.965183
1.917542
1.752234
2.203618
2.041359
1.975112
1.942938
1.802242
1.992943
1.960810
2.003528
1.747491
1.745658
1.844330
2.014772
2.015343
1.853752
1.604330
2.022537
2.102236
2.139968
1.945960
1.466511
2.277628
1.908119
1.985997
1.792589
1.684798
2.247962
2.195202
1.980905
1.804689
1.940126
2.155640
2.136296
1.979950
1.743197
1.656916
1.961971
2.297406
2.091327
1.960218
1.841418
2.111918
2.051478
1.948612
1.880166
1.925098
1.947015
2.093944
1.840155
1.667119
1.665701
1.858578
2.020914
1.845720
1.916572
1.789308
2.062601
2.061033
1.941154
2.047286
1.854959
2.054130
2.061605
2.022488
1.908079
1.822379
1.942457
2.017166
1.990989
1.947321
1.786265
1.934928
1.911307
1.975209
1.863698
1.765735
1.940218
2.081152
2.190033
1.911373
1.513778
2.276941
1.861990
1.958281
1.839229
1.631412
2.208951
1.988678
2.025135
1.852276
1.879769
2.033853
2.271842
1.961371
1.662456
1.781353
1.969765
2.138807
2.041287
1.836283
1.844674
1.963236
2.087234
1.882175
1.863933
1.889968
1.953040
2.074679
1.936637
1.601215
1.681162
1.912904
2.073076
1.931269
1.933640
1.906016
2.062380
2.037295
2.023280
2.068669
1.970748
1.933353
2.197092
1.914301
1.887247
1.833523
1.853361
2.054056
1.909012
2.030284
1.808097
1.928832
1.811914
1.904596
1.863773
1.810597
2.021420
2.194871
2.197992
1.856102
1.571082
2.194711
1.926350
1.937642
1.810121
1.647477
2.159074
1.945107
2.084003
1.946711
1.852556
1.994346
2.313627
2.018797
1.661765
1.863153
1.961393
2.061548
2.071184
1.686663
1.870822
1.893828
2.088580
1.938222
1.894392
1.826329
1.978001
2.012377
2.091876
1.717508
1.774751
1.963996
2.071909
2.019457
1.956828
1.984812
2.046954
1.981385
2.096441
1.971235
1.915971
1.933149
2.245004
1.932338
1.819578
1.806372
1.840863
2.010709
1.884316
2.042638
1.766364
1.981531
1.797856
1.985420
1.916747
1.914643
2.124226
2.268789
2.016793
1.715846
1.775809
2.117718
2.016629
2.044875
1.757747
1.511734
2.180046
1.976968
2.122025
1.895080
1.932737
1.920365
2.355488
2.024046
1.729349
1.863914
1.949298
2.002324
2.163652
1.730695
1.896398
1.898145
2.102799
2.033985
1.859905
1.924183
1.901813
2.020543
2.095433
1.835106
1.853593
2.018777
2.049979
2.000076
1.882798
1.941618
1.953775
2.001568
2.157563
1.916596
1.932033
1.963371
2.207714
1.944396
1.758684
1.882230
1.818517
1.893716
1.876401
2.001372
1.744559
1.984604
1.789566
2.073080
1.988393
2.094794
2.120858
2.301523
1.882636
1.618799
2.002132
2.024592
2.003922
2.064449
1.758143
1.420574
2.121736
2.054988
2.173039
1.776562
2.032584
1.906876
2.347752
2.092531
1.838862
1.857263
1.925980
1.987966
2.297911
1.832327
1.870829
1.921198
2.023991
2.165431
1.825186
2.002773
1.989303
2.003950
1.997634
1.886805
1.859789
2.078392
2.139237
1.947329
1.815572
1.988015
1.908772
2.078939
2.185868
2.001215
1.954974
1.987711
2.210417
1.944812
1.811777
1.881664
1.890048
1.882528
1.889306
1.948366
1.692273
1.901760
1.819434
1.979777
2.064038
2.079958
2.022578
2.353396
1.783707
1.785003
2.069777
1.991166
2.065604
1.999086
1.882261
1.478323
1.884947
2.058040
2.119113
1.809119
2.027730
1.894244
2.287173
2.172420
1.732513
1.928038
1.874576
1.924679
2.245815
1.860462
1.749560
2.024813
1.892622
2.249413
1.759974
1.976528
2.112615
2.050972
1.967154
1.889151
1.937180
2.154389
2.128321
1.996682
1.792438
2.037713
1.930019
2.091087
2.320051
2.005222
1.796791
1.915400
2.172352
1.959385
1.872983
1.749148
1.988265
1.958392
1.940980
1.973612
1.557110
1.859957
1.824611
1.967574
2.041363
2.087392
1.979136
2.346896
1.786343
1.866622
2.017306
2.159490
2.108593
1.953452
2.005211
1.648853
1.661815
1.980147
2.062760
1.890550
1.977046
1.871070
2.158933
2.252812
1.678705
1.954320
1.840525
1.883901
2.202745
1.759832
1.696658
1.999563
1.893076
2.112979
1.700022
1.999696
2.044087
2.091303
2.059617
1.956287
2.019490
2.200390
2.038741
2.010695
1.780800
1.901157
1.934851
2.169597
2.333788
1.949520
1.692085
1.895386
2.158250
2.031508
1.907251
1.622168
2.194874
2.007696
2.021144
2.090192
1.501070
1.959950
1.768239
2.035568
2.012119
2.167938
1.997774
2.096300
1.902245
1.809223
1.970828
2.183515
2.028280
1.969174
2.014532
1.756027
1.710284
1.950216
2.002152
1.928413
1.876291
1.870033
2.159046
2.232106
1.773873
1.895201
1.898290
1.954119
2.091497
1.746634
1.733979
2.003671
1.976502
2.088573
1.640454
2.029561
1.940585
2.015711
2.095274
1.986110
2.031665
2.180347
1.994098
1.939551
1.650117
1.847791
1.802475
2.261156
2.201755
2.017743
1.713167
1.915689
2.112632
2.073436
1.997778
1.710510
2.242603
2.062489
2.049133
2.015310
1.620923
2.026898
1.820363
2.191452
1.960308
2.155594
2.053947
1.910714
2.076009
1.787884
1.897518
1.983884
2.037673
1.882068
2.116766
1.716485
1.801813
1.993048
1.887396
1.941280
1.892445
1.853084
2.147573
2.183860
1.941290
1.973369
1.949927
1.947660
1.997394
1.835320
1.752631
2.072338
1.951320
2.108296
1.601065
2.107036
1.895767
2.018316
2.088744
2.073267
1.974306
2.201891
1.954098
1.970839
1.549214
1.922503
1.844150
2.305548
2.092034
1.979731
1.770302
2.034910
2.114676
2.007704
2.061025
1.903553
2.219995
2.194523
2.036627
1.932138
1.805570
2.073276
1.929446
2.245551
1.880717
2.038385
2.074959
1.869004
2.120611
1.790668
1.852701
1.808738
2.141425
1.797546
2.109684
1.677514
1.773867
1.982871
1.814542
2.027625
1.987654
1.899775
1.970006
2.185914
2.072784
2.011456
1.977819
1.966652
1.880666
1.945996
1.767839
2.085471
1.807667
2.090938
1.671757
2.038685
1.870748
2.010747
2.166777
2.252403
1.970105
2.174169
1.899203
2.024013
1.651578
1.912907
1.878116
2.218304
2.063016
1.880324
1.772820
1.983432
2.008402
1.858116
2.059402
1.773430
2.122254
2.203441
2.009418
1.976098
1.900248
2.066135
1.949582
2.141532
1.859178
1.989739
2.037628
1.789405
2.052607
1.709739
1.858669
1.853018
2.199367
1.855717
2.027064
1.701318
1.731755
1.927248
1.958946
2.054299
2.033653
1.957253
1.765159
2.110295
2.078493
1.876987
1.955325
1.943075
1.813677
2.015688
1.840298
1.971408
1.855274
2.015488
1.774370
2.003059
1.856731
1.915288
2.167050
2.182243
1.955310
2.107874
1.959597
2.047952
1.759100
1.885900
1.834683
2.149976
2.012202
2.036142
1.678183
1.959213
1.805281
1.820329
1.987209
1.601880
2.115012
2.196359
1.967862
2.063050
1.892484
2.040102
2.029534
2.019029
2.010615
1.873463
1.902219
1.692772
2.077919
1.722492
1.935836
1.930540
2.162257
1.957661
1.998075
1.764477
1.719853
1.909657
2.105845
1.997782
2.064771
1.998366
1.697181
2.026920
2.118600
1.810331
2.011779
1.974072
1.781967
2.107482
1.910991
1.942109
2.045507
2.062407
1.896608
2.027515
2.056526
1.805474
2.157604
2.043559
2.009654
2.011690
2.038644
2.185368
1.843275
1.876584
1.847273
2.005684
1.999900
2.184317
1.622171
2.002251
1.731084
1.898966
1.872707
1.678235
2.230692
2.138504
1.925643
2.122801
1.848363
2.018416
2.128738
1.976077
2.087836
1.790834
1.883584
1.781568
2.123669
1.823988
1.977458
1.931597
2.115018
1.989545
1.936707
1.755417
1.710570
1.951955
2.129646
2.089942
2.058922
1.959202
1.691061
1.954060
2.202240
1.844566
2.006388
2.061733
1.784095
2.126794
1.888338
1.953637
2.174224
2.124539
2.032371
1.951207
2.222627
1.802918
2.092489
2.027744
2.053308
1.957447
2.037558
2.233745
1.967678
1.883184
1.891200
1.852000
2.059855
2.139019
1.700436
2.068169
1.744998
1.959258
1.807727
1.769903
2.282716
2.082232
1.903329
2.035609
1.788178
2.150359
2.123133
1.918887
2.041142
1.832294
1.910732
1.901692
2.085048
1.898785
1.820739
1.962421
2.022858
2.020339
1.816397
1.749722
1.713860
1.999872
2.132208
2.176729
1.986669
1.954670
1.713677
1.968185
2.136260
1.969404
2.020840
2.153107
1.766378
2.131941
1.820426
1.886979
2.172071
1.993617
2.132895
1.853710
2.165853
1.882953
2.084849
2.025745
2.060848
2.017509
2.101752
2.150024
2.018704
1.876047
1.916486
1.711879
2.040209
2.074434
1.889823
2.084515
1.705037
1.927002
1.724711
1.791336
2.238205
2.115757
1.915196
1.884278
1.778146
2.216188
2.091882
1.946552
1.983307
1.968601
1.913195
1.863100
2.027673
1.796131
1.814245
1.914852
1.919955
1.938628
1.793790
1.808226
1.788744
1.898162
2.167131
1.972446
1.822623
2.062211
1.804329
2.041901
1.972666
1.976860
2.063678
2.120557
1.798801
2.075757
1.875772
1.743605
2.167789
1.848079
2.097556
1.801861
2.067117
1.903770
2.003144
2.039761
1.900466
2.054300
2.106306
2.050801
1.933032
1.890467
1.911377
1.729721
1.950315
2.083125
1.975929
2.144284
1.653135
1.882133
1.629036
1.819001
2.249701
2.129764
1.893327
1.791672
1.806234
2.141957
2.136444
1.967477
1.926362
2.039857
1.897866
1.763762
2.087403
1.859427
1.928162
1.755942
1.858238
1.883872
1.933722
1.827188
1.913826
1.908755
2.196675
1.810254
1.752513
2.054218
1.819567
1.946259
1.917018
1.887215
2.053517
2.092897
1.828238
2.049857
1.987602
1.852304
2.109722
1.818637
2.054751
1.673291
2.048594
1.943461
1.986829
2.045384
1.797397
1.991980
2.154718
2.053024
1.857341
1.923425
1.929458
1.802210
1.956790
2.118258
1.958562
2.113722
1.633203
1.861797
1.612775
1.882623
2.157765
2.075121
1.790356
1.796416
1.934160
2.093328
2.132518
2.031510
1.863174
1.983713
2.029096
1.865504
2.057337
1.941394
1.989373
1.797701
1.842361
1.900680
1.984563
1.802870
1.933973
1.977859
2.152149
1.802138
1.744627
2.055739
1.690598
1.863594
1.898884
1.791941
2.002834
2.102273
1.883254
2.000196
1.903185
1.959523
2.065878
1.771547
2.037411
1.529770
1.949312
2.044675
2.055943
2.117651
1.822454
1.918403
2.035624
1.987107
1.859043
1.839802
1.994944
1.822747
1.929136
1.955694
1.980158
2.033307
1.678502
1.879618
1.707243
1.942201
2.058259
2.046039
1.725559
1.817774
2.012756
2.072368
2.147059
1.933821
1.849188
1.894198
2.166661
1.892750
1.960309
1.988007
1.893734
1.864194
1.837633
1.940018
2.031890
1.823352
1.944334
1.890428
2.153538
1.770014
1.733530
2.092149
1.725577
1.929783
1.825569
1.740666
1.934787
2.036197
1.942914
1.996770
1.842722
1.994541
2.015714
1.757737
1.918333
1.463875
1.814885
2.041213
2.103630
2.106226
1.897424
1.906256
1.906708
1.904134
1.912719
1.697037
2.023994
1.972305
1.880279
1.794461
2.030321
2.000511
1.828933
1.993412
1.871749
1.995649
2.055833
1.862063
1.826768
1.900287
2.006406
1.897428
2.117375
1.837945
1.756038
1.833262
2.198381
1.814329
1.974744
2.108371
1.894159
1.839735
1.846347
1.986154
1.982870
1.805553
1.961705
1.790313
2.084323
1.745983
1.721622
2.003884
1.857064
1.989955
1.869431
1.738184
1.917137
2.006516
1.962362
2.025811
1.858044
2.067449
1.940882
1.790696
1.849484
1.454873
1.834305
1.916994
2.062929
1.940380
1.868025
1.772082
1.829515
1.963236
1.885026
1.758339
2.075507
2.169638
1.877863
1.797912
1.995791
2.055869
1.906107
2.093240
1.958061
2.005280
2.034233
1.676261
1.847698
1.855265
1.933232
1.748021
2.074140
1.734919
1.683667
1.743729
2.143294
1.842668
2.051082
2.142305
1.814094
1.983496
1.826159
2.007289
2.016529
1.768507
1.864966
1.924814
1.991677
1.849396
1.786301
1.925744
2.010108
1.981004
1.718794
1.812434
1.977633
1.954887
1.967916
1.981750
1.900528
2.106498
1.946473
1.840286
1.890040
1.502960
1.952680
1.924416
1.974353
1.836032
1.707285
1.647901
1.882192
2.061366
1.848995
1.830203
2.076144
2.294126
1.839713
1.833190
1.936011
2.070099
1.952766
2.106012
1.904628
1.889229
1.841686
1.766554
1.858401
1.870546
1.845998
1.793518
2.004298
1.762612
1.608056
1.728674
2.096121
1.912013
2.147937
1.980902
1.779381
2.146128
1.813807
2.087528
1.995076
1.804874
1.933575
1.954574
2.026684
1.890597
1.822125
1.893275
2.128044
2.051093
1.541304
1.719171
1.943932
1.869618
2.050534
1.941682
1.945209
2.181281
1.968022
1.884606
1.986795
1.577668
1.928693
1.940929
1.923514
1.828666
1.680983
1.660907
1.979773
2.039448
1.864635
1.916646
2.060669
2.406050
1.828550
1.764263
1.984797
2.033024
1.958419
2.067373
1.828739
1.824396
1.806264
1.884008
1.984150
1.848776
1.866955
1.873985
1.971029
1.871475
1.700350
1.610988
1.984389
1.890803
2.157320
1.858419
1.685784
2.233716
1.908379
2.124726
2.006113
1.830382
1.996392
1.858702
2.166892
1.858715
1.742011
1.878041
2.180495
2.021026
1.513828
1.476084
1.909603
1.746826
2.142179
1.930227
2.034215
2.187922
1.923233
1.886055
1.953501
1.715549
1.876165
1.933558
1.974418
1.851564
1.637110
1.803328
1.997844
1.903011
1.892892
2.015801
2.038656
2.355976
1.905288
1.780186
2.042130
2.025959
1.984533
2.094427
1.819497
1.881153
1.926773
1.909398
2.023575
1.833715
1.876744
1.879321
1.979832
1.894977
1.804565
1.420686
1.894050
2.002493
2.111976
1.951111
1.794829
2.095402
1.942814
2.155424
1.962502
1.733608
1.906470
1.897752
2.200579
1.911062
1.746127
1.910414
2.183253
1.922614
1.643910
1.418920
1.974484
1.890882
2.090779
1.926487
2.016525
2.214718
1.913571
1.982414
1.902486
1.772232
1.944169
1.912828
2.046077
1.869408
1.686365
1.929278
1.999835
1.871999
1.951082
2.112593
2.068717
2.342501
1.952704
1.915472
1.961974
2.012046
2.047390
2.078628
1.869700
1.888957
1.905262
1.861432
1.978280
1.879193
1.813345
1.890241
1.912204
1.835781
1.828207
1.409995
1.842211
2.159613
2.199543
1.969272
1.852046
2.041016
1.918567
2.145151
1.914976
1.611913
1.836015
2.040972
2.105410
1.955989
1.715122
1.868559
2.136090
1.809529
1.577077
1.612355
1.971490
2.022955
2.048111
1.846748
1.889263
2.130559
1.886481
2.079342
1.930372
1.739198
1.864814
1.909225
1.971669
1.708641
1.858491
2.049492
1.969307
1.854034
2.021236
2.000107
2.065889
2.378252
1.939659
1.934072
1.877684
1.988935
2.128639
2.032178
1.872996
1.754982
1.774601
1.939789
1.875074
1.934871
1.858140
1.917531
1.803333
1.829748
1.874133
1.404731
1.783939
2.087943
2.153617
2.036111
1.811112
2.052367
1.863596
2.049199
1.787882
1.643918
1.850339
2.061282
2.025446
1.965040
1.616345
1.852948
2.045915
1.871547
1.535531
1.745922
1.968633
2.039975
1.993099
1.785617
1.810509
1.983952
1.871766
2.079231
1.893131
1.622010
1.823637
1.818243
1.963884
1.578264
1.937841
2.214181
1.951567
1.804513
2.059528
1.861065
1.971062
2.211513
1.810785
1.860305
1.821567
2.013134
2.183799
2.084338
1.818230
1.718336
1.763862
2.013176
1.879654
1.933522
1.909742
1.917366
1.715476
1.920984
2.000040
1.401875
1.740155
2.028782
2.098208
2.086052
1.773740
2.002594
1.848348
1.917286
1.683078
1.756476
1.879749
2.005232
2.016447
2.062852
1.484187
1.822781
1.950055
1.950476
1.591728
1.712427
2.031864
1.969357
1.884472
1.767735
1.823840
1.923672
1.914715
2.086146
1.767232
1.612156
1.950563
1.837111
1.925932
1.642268
1.846681
2.155561
1.968117
1.784775
2.006012
1.788189
1.930098
2.056644
1.766186
1.806602
1.717986
2.011920
2.232523
2.097712
1.880908
1.782235
1.902790
2.040717
1.970328
1.982780
1.783334
1.937673
1.782801
2.046904
2.057960
1.546272
1.834855
2.256943
2.080707
2.010138
1.853233
2.034999
1.907699
1.907698
1.621118
1.793374
1.977098
2.080031
1.876257
2.099315
1.513009
1.832890
1.845503
1.974495
1.720799
1.656388
2.095722
2.087084
1.842222
1.664052
1.794108
1.844407
2.015295
2.066327
1.755901
1.632645
2.030877
1.827141
1.845916
1.809864
1.757942
2.067972
2.005147
1.903667
1.919041
1.654072
1.872927
2.017247
1.784978
1.803453
1.677829
2.013889
2.232068
1.975277
1.945952
1.775605
1.973357
2.086179
2.030826
2.041567
1.630596
1.928089
1.888204
2.083533
2.005669
1.734623
1.954226
2.233812
2.039954
1.806813
1.942622
2.053716
1.930627
1.886109
1.642034
1.764180
2.104189
2.150593
1.827437
1.976619
1.593413
1.932848
1.862244
1.976298
1.804411
1.723832
2.138599
2.096989
1.873174
1.678308
1.727272
1.804175
1.960242
2.000155
1.800993
1.678302
2.016332
1.809669
1.762932
1.781518
1.720182
2.149383
1.995420
1.906372
1.826154
1.506747
1.646494
1.980960
1.788867
1.787582
1.693003
2.014793
2.263206
1.879132
1.956239
1.735588
1.929426
2.114064
2.032029
2.060911
1.650269
1.910830
1.934334
2.091975
1.949180
1.741285
1.830675
1.986321
1.967533
1.720483
2.031118
2.056290
1.946945
1.900423
1.873086
1.722550
2.136995
2.114407
1.774789
1.940699
1.618764
2.003127
1.934429
1.937371
1.930665
1.662274
2.125771
1.942078
1.803117
1.732681
1.702267
1.846461
1.938022
1.825612
1.752636
1.656576
2.095154
1.849374
1.815850
1.716655
1.704783
2.268129
1.921623
1.902909
1.794770
1.438226
1.630912
1.894167
1.843459
1.721463
1.744619
1.965733
2.213847
1.863344
1.915968
1.669114
1.932770
2.034742
2.099937
1.893357
1.733360
1.903148
1.952935
1.974263
1.970435
1.590781
1.730167
2.021286
1.952518
1.704656
2.062659
2.106073
2.054123
1.900941
1.953625
1.773369
2.027980
2.137896
1.792374
1.983194
1.604043
2.079968
1.913160
1.902322
2.051254
1.514198
2.160697
1.940674
1.727293
1.689804
1.662659
1.877537
2.056444
1.800579
1.767237
1.718086
2.327066
1.964319
2.067236
1.799882
1.742805
2.232481
1.846391
1.917626
1.771698
1.427010
1.792969
1.937197
1.935828
1.741216
1.751301
1.842610
2.185234
1.909859
1.914701
1.707353
1.954106
2.147817
2.167897
1.775157
1.757044
2.058492
1.954711
1.899765
1.927958
1.622116
1.853526
2.200615
1.934802
1.788640
1.888411
2.162083
2.163623
1.842970
1.957889
1.793056
1.954003
2.212170
1.745647
1.895161
1.643528
2.154105
1.867342
1.840486
2.057718
1.454780
2.155544
1.905094
1.755707
1.637965
1.471723
1.943591
2.137257
1.836942
1.786273
1.716392
2.231675
2.010911
2.022220
1.906836
1.813301
2.174473
1.910942
1.970225
1.779778
1.341714
1.894719
2.009030
1.905057
1.837167
1.816266
1.739224
2.113253
2.020180
1.992315
1.689945
1.883385
2.125500
2.197737
1.870733
1.622458
2.168866
2.006515
1.946469
1.820299
1.684313
2.017362
2.033312
1.965510
1.771216
1.771156
2.136989
2.155201
1.853848
1.900238
1.848092
1.968312
2.190166
1.757264
1.819891
1.686829
2.197710
1.900391
1.902828
1.967936
1.561969
2.087868
1.882930
1.895490
1.714717
1.369128
2.081171
2.050885
1.872800
1.839915
1.663728
1.935326
1.993664
1.820766
1.990003
1.838653
2.019115
1.880727
1.967457
1.740251
1.431895
1.994830
1.822654
1.869183
1.791764
1.807127
1.769256
1.924793
2.123404
1.990252
1.785865
1.944668
2.054371
2.088597
1.882223
1.613099
2.109444
2.137255
1.973108
1.782349
1.736154
1.994367
1.891144
1.935967
1.655524
1.702880
2.102966
2.134885
1.861624
1.987097
1.877837
2.000600
2.183656
1.757773
1.813489
1.691787
2.250907
2.033957
1.873333
1.944634
1.619860
1.969603
1.895613
1.998241
1.728387
1.366432
2.062989
1.985197
1.929836
1.867484
1.626991
1.924378
2.061388
1.734839
2.075537
1.723184
1.825672
1.940118
1.941309
1.691315
1.675827
2.130312
1.820680
1.876222
1.778791
1.755707
1.810988
1.757325
2.078731
1.838389
1.819499
1.962730
2.028662
2.012719
1.868920
1.627182
2.119103
2.241799
1.981483
1.778936
1.788570
2.074559
2.020272
1.874005
1.646492
1.738533
2.197897
2.091959
1.895683
1.977776
1.791429
2.020864
2.157868
1.737794
1.830226
1.735812
2.420841
2.002846
1.818148
1.919143
1.676872
1.919285
1.898763
2.103589
1.744320
1.439342
1.995151
2.048883
1.890335
1.864476
1.781795
2.029089
2.165559
1.697054
2.051588
1.614635
1.723029
2.020612
2.020838
1.691357
1.827299
2.222732
1.883280
1.942225
1.807729
1.739121
1.733068
1.757521
2.012771
1.770674
1.751688
1.957124
2.082881
2.036388
1.902985
1.606740
2.169042
2.303994
1.997678
1.774238
1.965044
2.185756
1.992976
1.787559
1.702228
1.854760
2.220240
2.039397
1.883559
1.872783
1.733416
2.037376
2.018598
1.789773
1.773799
1.823711
2.442069
1.889201
1.995763
1.912212
1.753096
1.885196
1.869606
2.132577
1.816331
1.538551
1.891259
2.077196
1.822292
1.766528
1.827448
1.978567
2.239382
1.710492
1.972910
1.588246
1.851102
2.047935
2.059958
1.813875
1.745585
2.206914
1.855547
1.966992
1.827811
1.749742
1.716611
1.879882
1.946597
1.631361
1.770059
1.980518
1.974195
2.070413
1.843894
1.611800
2.107922
2.310685
2.052542
1.669847
2.084337
2.287110
1.824474
1.726054
1.793056
1.821117
2.200025
1.969252
1.881710
1.790024
1.750908
2.077162
1.901410
1.917245
1.777656
1.907226
2.288235
1.884536
2.066545
1.911866
1.812251
1.934835
1.974623
2.105686
1.980207
1.598810
2.067675
2.050377
1.797476
1.715784
1.732139
1.936355
2.289165
1.801165
1.828187
1.697878
1.902149
2.115917
1.926974
1.851036
1.706628
2.061238
1.839107
1.932652
1.822878
1.734897
1.840340
1.867814
1.917257
1.537508
1.767629
2.126288
1.840907
2.015441
1.769359
1.603530
2.009959
2.218320
2.019249
1.720946
1.982532
2.224058
1.908792
1.749928
1.870161
1.626613
2.214210
1.894700
1.917507
1.751618
1.778631
2.038249
1.833166
1.821902
1.744095
1.748618
2.183212
1.964083
1.917258
1.843734
1.897561
2.051092
2.083875
2.115843
2.004590
1.657129
2.178789
2.179216
1.720523
1.735202
1.641703
1.966743
2.321034
1.945361
1.828806
1.700243
1.828519
2.193654
1.911933
1.905335
1.637315
2.016807
1.857667
1.901770
1.885310
1.724407
1.926367
1.769920
1.892715
1.612135
1.764696
2.234047
1.938422
1.898937
1.695552
1.642341
2.037377
2.228583
2.043524
1.926877
1.909593
2.210730
1.999484
1.767668
1.922343
1.605200
2.180462
1.869251
1.946071
1.713556
1.743295
1.978733
1.751793
1.744478
1.697366
1.632175
2.114357
2.051939
1.815167
1.750120
1.960784
2.185981
2.059521
2.108254
1.983812
1.692555
2.116681
2.161695
1.618842
1.862876
1.636412
1.896546
2.205052
1.973035
1.865268
1.592586
1.891715
2.286548
1.937513
1.911789
1.522629
2.025040
1.952265
1.851746
1.967216
1.687827
1.985464
1.782207
1.759191
1.705891
1.731866
2.199479
2.015743
1.804835
1.810380
1.653842
2.037879
2.205143
1.961254
1.922527
1.904784
2.231599
1.841346
1.822900
1.904988
1.666185
2.036434
1.922640
1.882474
1.825234
1.830562
1.991886
1.671749
1.778057
1.702909
1.596608
2.031178
2.124420
1.801914
1.692665
1.943202
2.210184
1.992723
2.102167
1.975470
1.732297
2.149125
2.054893
1.640478
1.843942
1.755231
1.826339
2.112466
1.916890
1.991772
1.593532
1.983413
2.275926
2.045890
1.879202
1.444119
2.023971
1.984719
1.874402
2.012999
1.676171
2.081837
1.824453
1.724634
1.804026
1.771040
2.139937
1.955741
1.767642
1.927725
1.718764
1.970812
2.098950
1.915894
1.806159
1.907637
2.190556
1.907903
1.881424
1.820367
1.724568
2.029986
2.024140
1.955262
2.022556
1.921929
1.976233
1.820181
1.798769
1.763090
1.558796
2.014220
2.140582
1.725813
1.697326
1.800700
2.110541
2.054482
2.068367
1.924182
1.700057
2.249211
1.972923
1.817980
1.788045
1.858344
1.907254
2.065239
1.910896
2.118132
1.672520
1.906202
2.338329
2.039771
1.735132
1.493981
2.031586
2.002726
2.036724
2.002336
1.721556
2.131035
1.786733
1.839610
1.927450
1.831124
2.088435
1.990321
1.735166
1.906079
1.748570
1.983152
1.975881
1.925220
1.744621
1.961251
2.203736
2.096217
1.908181
1.802119
1.799294
2.003610
2.117048
2.035019
2.062950
1.854626
2.085893
1.992848
1.691868
1.808039
1.543022
1.923738
2.115545
1.685627
1.782371
1.664662
2.051505
1.993575
2.017214
1.816489
1.607500
2.228636
1.925258
1.955880
1.941045
1.816105
2.058814
2.110283
1.928475
1.991312
1.727366
1.953271
2.282035
1.967885
1.694652
1.579670
1.999122
2.011053
2.148873
1.988095
1.715062
2.069738
1.880170
1.966218
2.047840
1.862457
1.977959
2.007608
1.876003
1.797605
1.804582
2.041024
1.958082
1.928917
1.774314
1.911057
2.169626
2.181555
1.801553
1.946618
1.773576
1.944392
2.112117
2.079022
2.044523
1.725053
2.123122
1.996783
1.726014
1.969133
1.645844
1.893671
2.116730
1.819936
1.797610
1.722720
1.995445
1.874072
1.910109
1.725255
1.609745
2.097661
1.911519
1.987009
2.029471
1.783164
2.020130
2.144914
1.878601
1.809158
1.782831
2.125416
2.107744
1.938189
1.830388
1.460693
1.956315
1.901320
2.049294
1.920523
1.685977
2.102171
1.998244
1.971335
2.040735
1.732693
1.882313
1.973316
1.942575
1.674628
1.884471
2.006549
1.849387
1.834091
1.736589
1.780379
2.056234
2.110701
1.819355
1.938626
1.759052
1.778749
2.094595
1.957239
1.999683
1.705937
2.027742
2.002147
1.888396
2.037842
1.744184
1.854852
2.034752
2.046078
1.832513
1.739431
1.976258
1.946487
1.834276
1.756273
1.689179
1.998675
1.917813
2.084070
1.938666
1.805645
2.019166
2.110916
1.791470
1.849314
1.765561
2.084632
2.032163
1.795886
1.936360
1.482215
1.977104
1.862540
2.031822
1.831813
1.731734
2.120675
2.064140
1.961685
1.923657
1.682261
1.903585
1.944190
1.942775
1.677193
1.916290
2.058889
1.753024
1.736824
1.865648
1.685566
2.051106
2.095154
1.922201
1.911950
1.752731
1.737009
2.048671
1.912320
1.947024
1.694043
2.016646
2.112248
1.984465
2.006519
1.661924
1.789849
2.013978
2.100680
1.775572
1.722333
1.945756
1.992952
1.925733
1.834642
1.734882
1.951252
1.936810
2.150285
1.894865
1.920958
2.031943
2.091969
1.875311
1.859983
1.659224
2.054142
2.090115
1.696005
1.905078
1.779887
1.996011
1.993960
2.206460
1.808705
1.786766
2.166007
2.079928
2.045301
1.973021
1.563836
1.979384
1.978644
1.909586
1.742089
1.828669
2.081895
1.823238
1.797630
2.033749
1.576725
2.095350
2.120655
1.935403
2.023147
1.769895
1.739913
1.938970
1.905470
1.885171
1.639341
2.073734
2.063771
1.970606
1.950006
1.569280
1.709247
2.027785
2.015867
1.781600
1.682175
1.876325
2.019067
1.974767
1.913405
1.887693
1.879128
1.892038
2.148979
1.899980
2.080093
1.971134
2.044900
1.987772
1.751327
1.577688
2.142387
2.131490
1.678919
1.904532
1.972857
1.999148
1.902994
2.174937
1.912085
1.756041
2.131351
2.108419
1.985161
1.968019
1.521114
2.050884
1.973963
1.968537
1.744779
1.825318
1.943133
1.860239
1.959526
1.965817
1.535803
2.118798
2.092395
1.805730
1.957580
1.711920
1.683263
1.901884
1.843165
1.922758
1.651637
2.040002
1.970248
1.959468
1.943133
1.643208
1.752042
2.109147
1.972229
1.983039
1.611882
1.859784
2.091997
1.867120
1.976795
2.002965
1.952222
1.855644
2.210724
1.853308
2.005324
1.886728
2.035175
1.989153
1.689027
1.632287
2.140705
1.988630
1.606010
1.879794
1.966229
1.953907
1.800180
2.102862
1.994443
1.674267
1.904442
2.132558
1.887491
1.900972
1.609266
2.215309
1.910931
1.956266
1.813149
1.835904
1.954976
1.825881
1.971260
1.844998
1.590394
1.967308
2.047538
1.809022
1.806637
1.637516
1.581405
2.010012
1.866591
1.972458
1.595613
1.925123
2.093183
1.924253
1.904494
1.709163
1.853679
2.120104
1.994900
1.956094
1.612933
1.877608
2.149344
1.791137
2.012974
1.995436
1.990163
1.931422
2.272270
1.893111
1.905590
1.902910
1.993116
1.953971
1.698841
1.759499
1.993114
1.897902
1.598918
1.835775
1.908610
1.988315
1.832506
2.126657
1.935814
1.715472
1.689505
2.128622
1.889182
1.907074
1.716170
2.176590
1.972988
1.895421
1.866159
1.800854
2.071264
1.857927
2.052682
1.876219
1.647019
1.782429
2.046765
1.885668
1.850726
1.742156
1.573711
2.098425
1.883558
1.905629
1.544937
1.967747
2.208316
1.889654
1.875555
1.736140
1.961541
2.173496
1.980221
1.881363
1.656399
1.864434
2.029464
1.817433
2.086611
1.990891
1.890863
2.042128
2.270171
2.090888
1.949603
1.979725
1.871610
1.997890
1.685494
1.824778
2.086574
1.913623
1.702403
1.862887
1.926963
2.011587
1.877712
2.066382
1.850535
1.781092
1.681648
2.150313
1.945786
1.945829
1.686604
2.091307
1.977787
1.941392
1.917413
1.747941
2.194691
2.009486
2.097848
2.030886
1.631101
1.728442
2.067424
1.872698
1.875969
1.836633
1.674930
2.036575
1.909637
1.774389
1.666965
1.956717
2.137771
1.914418
1.947170
1.826194
1.954750
2.117498
1.955807
1.874858
1.671824
1.860972
1.963902
1.770992
2.061784
2.035426
1.860685
2.120844
2.177522
2.171014
1.909108
1.959020
1.839411
1.985111
1.688104
1.889823
2.236266
1.863205
1.852077
1.797030
1.887421
2.039811
1.800574
2.022877
1.861077
1.815708
1.796387
2.129580
2.000865
1.926317
1.581438
2.096795
1.875000
2.031936
1.873710
1.758597
2.061523
2.047102
2.012580
2.101017
1.649359
1.717945
2.071571
1.848550
1.749836
1.801858
1.793779
1.944867
1.903548
1.789255
1.819295
1.906533
2.148455
2.028849
1.952977
1.865949
1.935894
1.971970
1.999835
1.924927
1.699603
1.893989
2.008259
1.702442
1.827316
2.006027
1.811827
2.109192
2.072397
1.956310
1.829885
1.981832
1.890928
1.983484
1.838785
2.015277
2.211835
1.792700
2.028758
1.849524
1.730212
2.043666
1.886675
2.061285
1.830355
1.806629
1.851296
2.082819
2.017810
1.898423
1.611363
2.148633
1.928105
2.136845
1.853309
1.818702
2.096654
2.059930
1.963388
2.097785
1.730927
1.828436
2.076831
1.834663
1.682309
1.784725
1.946029
1.901884
1.965797
1.815328
1.766537
1.945364
2.258946
2.038047
1.905815
1.827590
1.950544
1.891153
1.911930
1.913106
1.691157
1.947488
2.032454
1.804689
1.755100
1.856771
1.817930
2.090856
2.055394
1.776772
1.725915
1.983289
1.918091
1.972144
1.855373
1.982084
2.056040
1.781727
2.121699
1.866289
1.715033
2.007001
2.037637
1.976532
1.812932
1.719263
1.923446
2.024067
1.950598
2.037918
1.712406
2.227948
1.952724
2.171164
1.926917
1.720965
2.075196
2.119187
2.022004
2.024237
1.730976
1.889864
2.008448
1.791527
1.783385
1.863869
2.039881
1.795851
1.998944
1.801024
1.643535
2.115498
2.153268
2.048123
1.917141
1.764082
1.910335
1.960119
1.834162
1.907419
1.786763
1.910179
2.044885
1.878622
1.862575
1.756197
1.870842
2.049602
2.093333
1.772974
1.598916
1.954980
1.910760
2.010103
1.794821
1.867216
2.066908
1.765682
2.145437
1.917341
1.837392
1.969453
1.991203
1.907068
1.778434
1.610494
2.022358
2.026959
1.980470
2.128976
1.743591
2.138729
1.871129
2.148400
1.993009
1.731955
1.910525
2.169632
2.103393
1.905176
1.735343
1.845632
1.947305
1.765807
1.822848
1.827862
2.110646
1.826689
1.973197
1.811901
1.747121
2.124792
2.117414
2.099603
1.891129
1.878243
1.850333
1.942318
1.834729
1.995423
1.821473
1.915528
2.119569
1.839024
1.926938
1.692409
1.940545
2.120387
2.188990
1.763645
1.534171
1.898240
2.018905
1.999842
1.812597
1.805776
1.957344
1.728081
2.195900
2.001833
1.802310
2.023486
1.912825
1.874532
1.834835
1.655370
1.979271
2.043361
2.025066
2.008223
1.789648
1.983635
1.931506
2.155996
1.990104
1.790231
1.864382
2.087249
2.114684
1.847167
1.842911
1.814675
1.943191
1.821181
1.756377
1.850458
2.139353
1.944128
1.990514
1.852152
1.860926
1.953563
2.161458
2.019571
1.880888
1.885025
1.947382
1.838416
1.931687
2.059751
1.848409
1.935289
2.079092
1.916088
1.905509
1.710679
2.038062
2.217304
2.155957
1.858256
1.523756
1.918030
2.106784
1.982666
1.832066
1.881471
1.821941
1.738881
2.163289
2.063507
1.712037
2.125086
1.880562
1.920519
1.792192
1.738596
2.005035
1.946601
2.118957
1.942521
1.790180
1.959756
2.071909
2.109705
1.939851
1.853907
1.921336
2.044758
2.026694
1.813915
1.955010
1.813721
1.896471
1.950143
1.905033
1.910135
2.144296
2.030286
2.137233
1.868693
1.778315
1.937513
2.160087
1.905451
1.842426
1.934089
2.058211
1.861452
2.026832
1.895127
1.944598
2.000402
2.031616
1.990644
1.979035
1.640575
2.044739
2.179879
2.114579
1.957553
1.629968
1.927013
2.117911
2.029391
1.760879
1.799813
1.866986
1.824605
2.104160
2.051697
1.687754
2.072340
1.820936
1.914304
1.729198
1.740155
2.089497
1.857478
2.013708
1.966060
1.754605
2.019340
2.017245
1.998663
1.797606
1.837507
1.779058
2.052217
1.984645
1.784401
1.956489
1.923896
1.789470
2.038700
2.071978
1.835831
2.034975
2.019262
2.109895
1.825857
1.738410
2.081190
2.016984
1.918155
1.858947
1.937075
2.028361
1.947646
2.114546
1.833673
1.985033
2.005844
2.061940
1.979045
2.099251
1.504241
1.993716
2.132379
2.091521
1.850128
1.699332
1.953979
2.024691
2.001922
1.815490
1.813773
1.911843
1.859845
2.115267
2.043109
1.817184
2.009788
1.836225
1.901513
1.702798
1.707748
2.088884
1.896470
1.831325
1.972283
1.708548
2.035989
1.901744
1.901051
1.834279
1.870786
1.663478
2.082709
1.893920
1.841061
1.847410
1.997917
1.734963
2.023151
2.061448
1.603816
2.031779
2.092540
2.040589
1.817356
1.829517
2.000357
1.954027
1.915025
1.845756
1.940684
2.036105
1.891409
2.158285
1.874098
1.951309
2.013815
2.163069
1.996728
2.043574
1.509152
1.896268
2.124173
1.941346
1.754225
1.714901
1.989681
1.998785
1.980999
2.016311
1.775732
1.808712
1.972042
2.125594
2.016795
1.877623
2.056473
1.860965
2.041078
1.758585
1.806893
2.059818
1.953428
1.766902
1.955652
1.812318
2.067622
1.971947
1.885654
1.988567
1.868974
1.579318
2.051107
1.858698
1.875546
1.891837
2.034111
1.767249
1.981423
2.001095
1.690607
2.041889
2.148971
2.001273
1.874019
1.849642
1.938626
1.996061
1.906090
1.779158
1.766604
2.081178
1.869562
2.152685
1.947717
1.977312
2.115293
2.193754
2.134842
1.992184
1.706881
1.881866
1.995955
1.816684
1.822521
1.731581
1.936877
1.995212
2.047798
2.041609
1.682254
1.826201
2.168445
2.082206
2.021082
1.941995
2.038789
1.908547
1.942151
1.718885
1.873415
2.161886
2.085654
1.745268
1.867695
1.971539
2.019601
1.979872
1.904080
2.050895
1.815322
1.653079
2.087323
1.869100
1.737289
1.917647
2.092141
1.783151
1.936964
2.013960
1.818616
2.091368
2.123227
2.013635
1.838185
1.906703
1.958522
2.052868
1.982418
1.791528
1.728790
2.006673
1.919321
2.125137
1.929203
2.036518
2.107029
2.168921
2.189379
2.055526
1.842427
2.027892
1.899085
1.841406
1.983469
1.711103
2.002108
2.002805
2.141081
1.941782
1.583640
1.873186
2.231106
1.991093
2.013584
1.969502
1.884955
1.820717
1.840224
1.756728
1.892060
2.237700
2.103138
1.866966
1.749769
2.006136
1.938860
1.965531
1.827872
2.051697
1.790404
1.742797
2.044573
1.925347
1.785288
1.979458
2.027897
1.931606
2.037717
1.977987
1.634897
2.157208
2.105095
2.018763
1.889641
1.923847
1.913486
2.060579
2.080823
1.877269
1.876103
1.886806
1.885835
2.041572
1.865301
2.003924
2.104353
2.228048
2.131785
2.040874
1.712627
2.146826
1.778591
1.825037
2.049799
1.618200
1.998978
1.937146
2.116791
1.985418
1.694607
1.881751
2.051953
1.840947
2.032356
1.872275
1.842549
1.914614
1.941157
1.766913
1.906150
2.137611
2.070001
2.029885
1.697644
1.962222
1.779878
2.019217
1.762646
2.026731
1.929287
1.862043
1.943007
1.928925
2.009997
2.023623
1.952843
2.028759
2.138913
2.046572
1.440793
2.085416
2.129058
2.067659
1.792563
1.903059
1.791738
2.007156
2.013967
1.884963
1.988538
1.982029
1.788083
2.043772
1.859600
1.974172
2.071622
2.227085
2.059570
1.848450
1.674482
2.140287
1.712169
1.673289
2.069570
1.652983
2.001100
1.875560
2.187972
2.054016
1.869946
1.914632
1.929403
1.817530
2.077077
1.657026
1.968270
2.073778
2.131347
1.786748
1.924010
2.042039
2.101539
2.068530
1.769409
2.035405
1.755930
2.009843
1.800475
2.117248
1.903252
1.884666
1.706196
1.923373
2.150424
1.895404
1.962957
2.023595
2.174059
2.073661
1.598166
2.061157
2.110740
2.144038
1.751562
1.851950
1.830886
1.877844
2.018030
1.824297
1.939565
2.059636
1.855911
2.129765
1.841202
1.940546
1.955724
2.119334
1.949551
1.740249
1.861058
2.063369
1.759071
1.559042
2.045849
1.754223
1.978088
1.943093
2.163731
2.065141
1.877621
1.998259
2.081266
1.905800
2.017219
1.614825
2.098714
2.179874
2.147876
1.816684
1.867226
2.113562
2.166438
2.041873
1.802581
2.043287
1.859598
1.894065
1.921784
2.101737
1.742297
1.875817
1.762399
1.901908
1.998079
1.809005
2.115914
1.990268
2.127274
1.986165
1.794533
1.952639
1.985250
2.134164
1.858430
1.869871
1.906100
1.835775
2.168685
1.844293
1.934877
1.906489
2.020044
2.066824
1.768081
1.881721
1.892452
2.116816
1.820432
1.728965
1.865595
1.994030
1.824716
1.630049
1.972617
1.905715
2.061829
1.990860
2.026754
2.125931
1.882555
1.990913
2.264614
1.860841
1.963422
1.605955
2.130098
2.193191
2.156559
1.833724
1.785659
2.060755
2.133960
2.146913
1.726847
1.977451
1.958958
1.788793
1.988979
1.990774
1.695173
1.950340
1.913258
1.893964
1.819831
1.831215
2.160260
2.045256
2.136346
1.903489
1.832142
1.949615
2.012894
2.137930
1.977247
2.054918
1.893127
1.825252
2.191709
1.810965
1.946572
1.753307
2.051154
1.945245
1.772757
1.767841
2.013176
2.090929
1.889183
1.607311
1.743770
1.969702
1.863650
1.807079
1.925985
2.013988
2.146802
1.990288
1.875632
2.103921
1.990814
1.942222
2.175817
1.955612
1.926975
1.658149
2.066879
2.198343
2.195782
1.861332
1.772444
1.981442
2.106736
2.274397
1.735658
1.915106
1.885479
1.893511
2.056260
1.867161
1.707125
2.021237
2.016377
2.025909
1.781263
1.913416
2.068469
2.113046
2.138621
1.935284
1.797688
1.990336
2.054896
2.123555
1.960747
2.045707
1.958662
1.736699
2.198213
1.714889
1.948750
1.765091
1.985130
1.919320
1.966257
1.749927
2.059067
1.977261
2.001444
1.517935
1.793132
2.023125
1.906753
1.932301
1.969015
1.970204
2.207408
1.970470
1.895614
1.966608
1.911737
1.974784
2.162507
2.053928
1.876354
1.731228
2.065272
2.115911
2.024701
1.863080
1.714085
2.000359
2.154557
2.212956
1.771713
2.012364
1.807107
1.936290
2.117810
1.740394
1.661667
2.054985
1.953697
2.130396
1.726650
1.794157
1.977800
2.105242
2.141350
1.898722
1.752839
1.989596
2.018815
2.081049
1.920827
1.916954
2.042719
1.766115
2.291682
1.778254
1.934815
1.786088
2.030925
2.061461
2.016222
1.803571
1.979427
1.998174
1.937214
1.549122
1.971120
2.056159
1.972509
2.045613
1.946056
1.848236
2.186745
1.920949
1.906570
1.842881
1.808373
2.066168
2.158917
2.118970
1.882333
1.826250
1.916205
2.159052
1.906240
1.914058
1.706417
2.028136
2.184889
2.155965
1.817164
1.938485
1.764439
1.913630
2.157320
1.759366
1.646877
2.090981
1.976230
2.203856
1.641449
1.751144
1.997219
2.038572
2.077599
1.831386
1.711267
1.953073
1.928563
2.024166
1.959719
1.889613
2.063260
1.940270
2.251764
1.794058
1.955362
1.811533
2.108603
2.101042
2.034923
1.860849
1.986877
2.012996
1.906483
1.615689
1.996053
2.048062
1.940711
2.073320
1.845041
1.860311
2.192993
1.863727
1.923735
1.872241
1.827265
2.118996
2.034490
2.071258
1.819407
1.876639
1.814540
2.190082
1.901222
1.943333
1.790510
2.006549
2.164873
2.169510
1.938245
1.776920
1.713118
2.043869
2.079509
1.788225
1.831336
2.079395
2.124452
2.249060
1.603111
1.837690
1.989505
