# G_1, p = 0.6000 GPa (dir_6000.0_bar).
# D8R-only: 96 rings x 101 frames = 9696 samples.
# Column: per-D8R Delta [A]
0.004392
0.004292
0.004271
0.004281
0.004390
0.004250
0.004281
0.004391
0.004276
0.004323
0.004456
0.004251
0.004349
0.004271
0.004239
0.004385
0.004433
0.004239
0.004367
0.004245
0.004351
0.004239
0.004261
0.004333
0.004312
0.004338
0.004224
0.004408
0.004250
0.004414
0.004281
0.004458
0.004406
0.004390
0.004281
0.004407
0.004354
0.004296
0.004399
0.004365
0.004239
0.004477
0.004333
0.004458
0.004434
0.004323
0.004281
0.004450
0.004333
0.004401
0.004279
0.004403
0.004432
0.004310
0.004396
0.004378
0.004513
0.004267
0.004458
0.004271
0.004323
0.004302
0.004312
0.004333
0.004229
0.004395
0.004375
0.004448
0.004427
0.004386
0.004479
0.004312
0.004312
0.004323
0.004333
0.004344
0.004239
0.004437
0.004375
0.004375
0.004323
0.004354
0.004406
0.004270
0.004271
0.004261
0.004271
0.004281
0.004208
0.004343
0.004354
0.004354
0.004385
0.004417
0.004427
0.004291
0.192740
0.038150
0.118142
0.113812
0.008157
0.073153
0.081764
0.073823
0.097279
0.088711
0.099239
0.161242
0.140519
0.095825
0.070262
0.131630
0.147227
0.072411
0.190028
0.077598
0.039330
0.081477
0.099770
0.069096
0.102758
0.131826
0.090153
0.133443
0.110294
0.112835
0.165995
0.064918
0.093096
0.173199
0.219633
0.033703
0.087403
0.146820
0.081643
0.091791
0.076106
0.078190
0.090260
0.120107
0.116543
0.076600
0.157435
0.148932
0.036976
0.048008
0.085062
0.067763
0.173225
0.185130
0.037993
0.117772
0.008591
0.040573
0.077632
0.108418
0.049396
0.196562
0.106453
0.022408
0.065859
0.119679
0.146270
0.068979
0.083619
0.098421
0.062141
0.145528
0.064349
0.155610
0.135720
0.031567
0.131197
0.078873
0.103683
0.167168
0.198328
0.147770
0.123411
0.126485
0.108653
0.077379
0.045444
0.108849
0.037559
0.033520
0.242528
0.087910
0.114087
0.127510
0.012947
0.063392
0.288623
0.168078
0.160354
0.159941
0.102379
0.128974
0.140482
0.158141
0.123470
0.056347
0.199556
0.400721
0.139522
0.117422
0.079374
0.187280
0.232344
0.168047
0.243646
0.128168
0.042794
0.150022
0.128215
0.033845
0.266749
0.202445
0.180790
0.167685
0.050046
0.131030
0.183067
0.052270
0.102680
0.291874
0.375706
0.118815
0.176989
0.155221
0.104509
0.109058
0.151328
0.212841
0.221738
0.150794
0.166388
0.016343
0.265713
0.201150
0.080062
0.057494
0.159240
0.154408
0.230798
0.186456
0.085407
0.273971
0.052235
0.041674
0.259280
0.196612
0.063218
0.495979
0.198670
0.111596
0.101614
0.165285
0.232910
0.156942
0.157412
0.072417
0.162170
0.195008
0.046531
0.154140
0.290782
0.086520
0.122773
0.123197
0.043048
0.104319
0.313969
0.241614
0.209344
0.144648
0.085407
0.110864
0.094952
0.173790
0.134758
0.109663
0.384026
0.157999
0.176044
0.245194
0.090584
0.111039
0.280199
0.363527
0.202096
0.118409
0.149649
0.155208
0.218055
0.271662
0.114503
0.033343
0.335238
0.598553
0.075060
0.157408
0.086896
0.186381
0.296270
0.225675
0.239173
0.131034
0.072844
0.198121
0.114910
0.086280
0.343954
0.242166
0.225368
0.252017
0.088548
0.102261
0.138388
0.114666
0.087282
0.381003
0.343312
0.296821
0.321213
0.140094
0.173048
0.257346
0.210903
0.243071
0.354264
0.187642
0.283276
0.055789
0.348167
0.141451
0.154262
0.046993
0.148826
0.194361
0.229422
0.161402
0.128610
0.443115
0.096001
0.126341
0.313978
0.248235
0.077285
0.716924
0.229844
0.140274
0.110144
0.154360
0.206265
0.177447
0.230237
0.103845
0.299458
0.250138
0.150614
0.036424
0.325696
0.107276
0.139882
0.057936
0.062869
0.048695
0.302109
0.284075
0.296806
0.115149
0.170214
0.068996
0.149203
0.153096
0.290181
0.191313
0.316288
0.168657
0.181539
0.246727
0.154591
0.178519
0.341075
0.506192
0.330698
0.227391
0.201545
0.048873
0.259790
0.389155
0.112122
0.094959
0.463188
0.707650
0.155464
0.177093
0.138046
0.234812
0.316083
0.226358
0.380354
0.199362
0.043587
0.310395
0.149115
0.139278
0.304073
0.235355
0.135549
0.205175
0.215545
0.179068
0.240995
0.224668
0.109367
0.438203
0.279572
0.386760
0.481418
0.180196
0.076502
0.236428
0.216755
0.127908
0.441599
0.165583
0.292425
0.079539
0.524722
0.086251
0.239265
0.107884
0.140480
0.256412
0.319782
0.192734
0.126455
0.469831
0.052053
0.193615
0.271719
0.241011
0.055837
0.698470
0.239456
0.162450
0.045236
0.234960
0.174618
0.125928
0.341726
0.149942
0.298038
0.224350
0.145231
0.144285
0.269431
0.128571
0.246067
0.020535
0.039654
0.159059
0.298021
0.301419
0.391423
0.217642
0.181968
0.175827
0.209898
0.111380
0.276809
0.252248
0.299737
0.183832
0.200103
0.142113
0.128671
0.085251
0.403289
0.440284
0.447357
0.168415
0.130830
0.016434
0.187217
0.430819
0.197712
0.042540
0.455168
0.648832
0.226712
0.215132
0.096341
0.326552
0.232159
0.317127
0.551156
0.251843
0.201628
0.335326
0.123986
0.129989
0.240521
0.166073
0.100340
0.232510
0.371926
0.199416
0.264763
0.267064
0.132137
0.461003
0.405174
0.300942
0.519146
0.075504
0.064164
0.165774
0.187210
0.039714
0.426032
0.136171
0.259809
0.115564
0.585020
0.132991
0.212889
0.088562
0.182990
0.414593
0.247683
0.279411
0.158987
0.397026
0.037825
0.368819
0.215192
0.233178
0.098060
0.532941
0.253441
0.248748
0.102740
0.159593
0.148257
0.079436
0.311367
0.141732
0.226107
0.150998
0.051690
0.326659
0.259548
0.150041
0.269866
0.093113
0.130745
0.233680
0.322509
0.275418
0.435192
0.191504
0.074342
0.306303
0.330805
0.100902
0.265892
0.348522
0.409716
0.213411
0.187933
0.119237
0.187011
0.174554
0.398893
0.325858
0.384147
0.082664
0.082684
0.088007
0.130255
0.304014
0.263821
0.135785
0.476124
0.513578
0.264791
0.218306
0.042058
0.331371
0.107949
0.420848
0.544522
0.336891
0.156507
0.289764
0.146938
0.198256
0.334951
0.059439
0.141829
0.337683
0.507278
0.158935
0.212152
0.196810
0.109001
0.312367
0.442316
0.184334
0.412926
0.069908
0.228771
0.192732
0.211091
0.022735
0.258502
0.149470
0.128237
0.237516
0.609042
0.099839
0.167849
0.202259
0.188858
0.524784
0.242744
0.227292
0.204117
0.315282
0.124087
0.436362
0.235625
0.275551
0.129797
0.451015
0.222644
0.234693
0.201990
0.095779
0.096957
0.089080
0.194784
0.125069
0.160998
0.078180
0.211292
0.310242
0.330196
0.256560
0.181635
0.103630
0.119821
0.135142
0.351142
0.307234
0.344390
0.101594
0.054576
0.341420
0.379788
0.136021
0.388624
0.458167
0.500040
0.213720
0.166629
0.125055
0.212187
0.279264
0.325797
0.366827
0.287144
0.056451
0.094791
0.191326
0.193851
0.177968
0.268305
0.207412
0.532268
0.390484
0.314820
0.200366
0.043205
0.234944
0.220160
0.416811
0.495219
0.297040
0.040401
0.377283
0.208614
0.298073
0.326792
0.110982
0.272160
0.316653
0.462331
0.047525
0.258539
0.153568
0.139587
0.105439
0.415074
0.175203
0.294506
0.058043
0.365984
0.267759
0.362707
0.109559
0.123594
0.140240
0.025872
0.242643
0.656848
0.044712
0.225226
0.253386
0.139002
0.492056
0.283932
0.200800
0.287420
0.169380
0.128444
0.365179
0.245143
0.249871
0.101900
0.509878
0.142195
0.330071
0.239261
0.092309
0.042416
0.057581
0.171610
0.179157
0.055067
0.035539
0.291462
0.030293
0.367024
0.330258
0.194556
0.106008
0.074409
0.141029
0.337754
0.395848
0.236100
0.131139
0.121062
0.211935
0.406806
0.223160
0.440992
0.455692
0.446370
0.095671
0.117757
0.055270
0.154675
0.323391
0.289652
0.435950
0.265826
0.152326
0.143807
0.229158
0.294301
0.226480
0.218826
0.176251
0.463505
0.416342
0.338141
0.220386
0.085656
0.142584
0.241826
0.317383
0.520661
0.149810
0.030088
0.363029
0.295382
0.237777
0.180845
0.105077
0.389260
0.218903
0.309517
0.145620
0.364375
0.085195
0.176726
0.142828
0.429103
0.110212
0.224857
0.165528
0.444831
0.276721
0.318860
0.177832
0.053374
0.037846
0.141252
0.269016
0.548228
0.135019
0.190707
0.255636
0.156167
0.426630
0.282243
0.304137
0.328135
0.122787
0.193369
0.245516
0.211017
0.188497
0.181773
0.509969
0.110550
0.432638
0.364808
0.150436
0.118995
0.055588
0.167167
0.198932
0.105418
0.103999
0.320192
0.171696
0.395736
0.278860
0.239318
0.093994
0.156076
0.215426
0.320995
0.438239
0.299561
0.219497
0.140403
0.114696
0.330312
0.249806
0.446546
0.264078
0.301002
0.112841
0.166897
0.160592
0.133006
0.341093
0.284214
0.564563
0.195436
0.189980
0.151469
0.190450
0.186112
0.263495
0.240575
0.238498
0.344390
0.414028
0.189064
0.312362
0.106072
0.149348
0.190861
0.233952
0.416258
0.165107
0.023372
0.237355
0.328199
0.090051
0.070598
0.088726
0.392739
0.268956
0.269868
0.242762
0.301327
0.167881
0.186949
0.161334
0.436690
0.049185
0.213704
0.215410
0.462920
0.161296
0.254350
0.147410
0.214119
0.164079
0.207175
0.243115
0.385746
0.139954
0.182588
0.226882
0.238796
0.375347
0.291122
0.311066
0.301077
0.126548
0.172495
0.173005
0.306232
0.201618
0.288200
0.342625
0.278649
0.473890
0.340721
0.249695
0.195417
0.114293
0.203015
0.155098
0.157804
0.131933
0.353085
0.215026
0.294293
0.201451
0.123477
0.084284
0.206332
0.236756
0.321825
0.355897
0.361017
0.311084
0.081091
0.130116
0.316972
0.232598
0.485233
0.157778
0.205316
0.260591
0.167676
0.185108
0.090177
0.341500
0.237119
0.470359
0.208703
0.200500
0.190919
0.137448
0.025767
0.278165
0.284222
0.292696
0.342446
0.310936
0.291406
0.407878
0.102655
0.059022
0.186542
0.218040
0.280877
0.144811
0.058749
0.109953
0.323027
0.124958
0.093112
0.124130
0.339717
0.452730
0.342817
0.147141
0.168165
0.223109
0.104691
0.123245
0.399294
0.180838
0.126991
0.291771
0.445551
0.068660
0.330710
0.092569
0.375702
0.393223
0.236776
0.192144
0.227096
0.138776
0.281965
0.226116
0.252126
0.348333
0.231962
0.112422
0.295402
0.218564
0.120595
0.155549
0.349816
0.247150
0.302361
0.116702
0.274355
0.417344
0.344791
0.239773
0.128413
0.101057
0.287803
0.124712
0.082817
0.162726
0.339538
0.299317
0.145457
0.161032
0.123490
0.064921
0.278641
0.321886
0.417336
0.259205
0.260276
0.350792
0.059640
0.207097
0.402055
0.221978
0.499627
0.187574
0.420359
0.310411
0.135337
0.156162
0.114043
0.399852
0.258867
0.282381
0.195217
0.242635
0.172768
0.066755
0.012148
0.239753
0.268396
0.258756
0.300031
0.193989
0.410075
0.279746
0.185555
0.097513
0.253163
0.164197
0.173012
0.214312
0.066064
0.225260
0.324214
0.215986
0.046344
0.234417
0.300551
0.418869
0.405767
0.091433
0.057577
0.234325
0.042975
0.201648
0.344323
0.315965
0.214165
0.366827
0.345082
0.019790
0.393457
0.122406
0.394026
0.368218
0.188343
0.090154
0.166472
0.246039
0.208759
0.177333
0.194960
0.242903
0.188526
0.036434
0.252052
0.360675
0.257254
0.119022
0.298067
0.191152
0.277568
0.078086
0.168058
0.312047
0.321447
0.241530
0.162863
0.145953
0.358589
0.079040
0.059132
0.114676
0.312559
0.395187
0.144527
0.146986
0.090029
0.106118
0.384075
0.382497
0.421907
0.285611
0.136225
0.310807
0.044275
0.239997
0.425735
0.231264
0.462940
0.207693
0.473552
0.363008
0.225468
0.158680
0.232534
0.390346
0.237658
0.225374
0.179130
0.204485
0.171848
0.220503
0.071392
0.285843
0.129363
0.257533
0.289421
0.207121
0.387778
0.265188
0.314011
0.096391
0.325902
0.070137
0.087143
0.194532
0.090001
0.330052
0.331745
0.207674
0.219448
0.318955
0.332650
0.329937
0.343202
0.129841
0.106869
0.268928
0.034888
0.225759
0.379689
0.318020
0.349517
0.352616
0.220581
0.104581
0.373701
0.150885
0.254411
0.318154
0.187766
0.087209
0.253281
0.302405
0.056994
0.162488
0.103015
0.120452
0.178931
0.070371
0.217865
0.388568
0.343765
0.171991
0.211862
0.063100
0.255928
0.117003
0.153888
0.257087
0.221698
0.259930
0.130092
0.222776
0.259679
0.028469
0.139799
0.068775
0.275638
0.341587
0.021573
0.129366
0.159407
0.286805
0.475184
0.386555
0.266335
0.281900
0.178689
0.222176
0.188266
0.262936
0.224822
0.366150
0.338756
0.093706
0.286582
0.345363
0.154300
0.189709
0.215391
0.332885
0.122198
0.155264
0.189659
0.160662
0.169094
0.343532
0.051736
0.266146
0.023377
0.337802
0.312513
0.272081
0.375451
0.323004
0.378666
0.058813
0.382072
0.104081
0.150839
0.232402
0.119487
0.511237
0.251820
0.092857
0.458285
0.396044
0.187850
0.276002
0.197979
0.155553
0.305250
0.309235
0.100275
0.172483
0.358706
0.240481
0.465792
0.185150
0.104032
0.199634
0.364527
0.145067
0.235222
0.266851
0.222743
0.022577
0.390604
0.287447
0.035220
0.223362
0.216687
0.201724
0.096192
0.099091
0.281048
0.223385
0.389792
0.266495
0.200226
0.119947
0.261124
0.135696
0.122281
0.326653
0.170053
0.229798
0.061478
0.193197
0.303352
0.164780
0.134753
0.156787
0.284922
0.191851
0.084311
0.170477
0.275257
0.310561
0.440553
0.381466
0.115967
0.169586
0.239692
0.138097
0.340549
0.344790
0.267970
0.568330
0.218501
0.083780
0.109623
0.287540
0.136179
0.190884
0.169723
0.308671
0.122606
0.023683
0.402272
0.183777
0.379780
0.354131
0.080329
0.285937
0.061981
0.393370
0.466884
0.138987
0.345019
0.297991
0.480766
0.115446
0.445899
0.159783
0.201899
0.319818
0.189505
0.683903
0.186399
0.166672
0.421296
0.409947
0.238751
0.159804
0.135082
0.067939
0.341447
0.350492
0.177910
0.222725
0.383294
0.288618
0.536247
0.162222
0.071796
0.212314
0.310786
0.243668
0.378002
0.353643
0.214108
0.113978
0.495280
0.234067
0.129847
0.233011
0.233768
0.362377
0.073748
0.122766
0.345186
0.222785
0.444103
0.343919
0.272859
0.186259
0.246492
0.137843
0.212892
0.334951
0.061973
0.217387
0.039339
0.274359
0.350376
0.129960
0.124031
0.323205
0.249821
0.154924
0.105974
0.061355
0.308390
0.281115
0.431212
0.341455
0.099348
0.155451
0.242337
0.158376
0.301442
0.379779
0.302401
0.645063
0.082299
0.084546
0.062304
0.224744
0.126461
0.260776
0.185346
0.299811
0.103832
0.102441
0.615454
0.283957
0.468980
0.310834
0.103405
0.203140
0.132176
0.290351
0.531149
0.240138
0.268077
0.220619
0.491493
0.097228
0.425005
0.105851
0.154045
0.277533
0.204680
0.703834
0.225608
0.171053
0.308097
0.452999
0.314635
0.135420
0.045523
0.034905
0.335438
0.330716
0.261240
0.283482
0.364642
0.401058
0.508890
0.312137
0.065878
0.132021
0.363426
0.434572
0.458524
0.256812
0.245974
0.197372
0.542876
0.247799
0.163338
0.280322
0.146058
0.390577
0.193988
0.176425
0.400151
0.296390
0.503479
0.372985
0.472978
0.252497
0.178380
0.103818
0.277474
0.324141
0.094815
0.214970
0.111170
0.419979
0.285460
0.079752
0.160878
0.430026
0.280805
0.196578
0.199222
0.100883
0.267997
0.334023
0.420265
0.278581
0.040739
0.205992
0.188950
0.250001
0.277338
0.246017
0.261743
0.621200
0.121890
0.034273
0.085477
0.269889
0.118809
0.300402
0.272040
0.264153
0.162293
0.170752
0.592651
0.287789
0.462494
0.264065
0.284843
0.221058
0.207101
0.300360
0.485680
0.267911
0.134995
0.261124
0.471409
0.071143
0.345373
0.055380
0.069286
0.258670
0.218310
0.610412
0.305400
0.167116
0.413759
0.436920
0.337510
0.270096
0.060436
0.044443
0.357491
0.274546
0.346096
0.388737
0.364070
0.406327
0.393096
0.348078
0.107941
0.172041
0.406379
0.418516
0.363337
0.233732
0.236782
0.317407
0.519242
0.311865
0.241847
0.271218
0.120409
0.456411
0.461080
0.274875
0.433167
0.278088
0.406004
0.398861
0.514195
0.091214
0.154505
0.191923
0.288004
0.269179
0.097860
0.302348
0.219919
0.444215
0.249890
0.025981
0.182260
0.530297
0.392066
0.142235
0.121987
0.123405
0.364151
0.436335
0.385475
0.314700
0.183641
0.156665
0.142208
0.231694
0.416377
0.084493
0.252561
0.695616
0.090805
0.111986
0.092178
0.313203
0.153354
0.326543
0.271054
0.285567
0.223823
0.224014
0.509898
0.232481
0.394957
0.275556
0.288588
0.164545
0.270381
0.421841
0.431634
0.228336
0.167763
0.291878
0.390650
0.231716
0.233040
0.091625
0.022051
0.199604
0.255614
0.475818
0.292219
0.148037
0.572987
0.330509
0.349898
0.269716
0.151388
0.087666
0.422874
0.233320
0.412404
0.505829
0.371967
0.286629
0.351987
0.214544
0.114998
0.184301
0.301739
0.217428
0.278820
0.237213
0.165076
0.380940
0.474253
0.386083
0.342721
0.192068
0.193474
0.555670
0.497752
0.201381
0.415587
0.245995
0.327545
0.322438
0.431692
0.132862
0.255256
0.132603
0.316236
0.272137
0.099195
0.314921
0.250820
0.395598
0.260336
0.068341
0.258707
0.586582
0.431121
0.063610
0.078342
0.105563
0.486075
0.515301
0.351228
0.339997
0.229543
0.135444
0.231077
0.240675
0.522304
0.038211
0.302604
0.759740
0.109706
0.090511
0.142613
0.278391
0.214266
0.304059
0.339676
0.286964
0.317907
0.258184
0.533142
0.195929
0.322861
0.407640
0.202187
0.176241
0.347199
0.506936
0.412233
0.219994
0.209778
0.294383
0.381902
0.344922
0.042933
0.152239
0.060674
0.139824
0.343973
0.389190
0.119100
0.294798
0.539889
0.193300
0.424506
0.206652
0.175019
0.132270
0.407397
0.060910
0.467945
0.526303
0.282760
0.234012
0.259714
0.132904
0.125886
0.093415
0.187287
0.165368
0.319140
0.264578
0.188438
0.359112
0.399281
0.413829
0.352736
0.058117
0.228083
0.462972
0.348197
0.204851
0.318669
0.172334
0.375224
0.240878
0.314979
0.148718
0.358137
0.090225
0.294698
0.295590
0.191350
0.220789
0.277924
0.397513
0.301711
0.019408
0.339906
0.508441
0.397796
0.052579
0.280942
0.069316
0.439451
0.507875
0.334246
0.225066
0.115118
0.146401
0.259016
0.190400
0.457601
0.083086
0.375257
0.604311
0.083033
0.047479
0.122387
0.205168
0.176309
0.281364
0.435594
0.344622
0.481854
0.257349
0.533864
0.192916
0.414458
0.395613
0.217829
0.258310
0.328968
0.403449
0.357010
0.118898
0.175748
0.268388
0.354013
0.362337
0.072461
0.161426
0.139479
0.247731
0.414244
0.223865
0.077843
0.467915
0.444059
0.180918
0.370867
0.234928
0.174346
0.231431
0.387470
0.063218
0.487673
0.437587
0.189148
0.287151
0.182637
0.153198
0.061268
0.081471
0.129780
0.084569
0.368100
0.342635
0.108229
0.322700
0.259575
0.392978
0.278387
0.103643
0.224207
0.228979
0.263626
0.222013
0.170919
0.215009
0.389099
0.245365
0.187646
0.193366
0.403890
0.172917
0.247207
0.324047
0.184027
0.055077
0.216871
0.514761
0.368728
0.127603
0.357087
0.419045
0.286393
0.146317
0.440809
0.056434
0.302941
0.438811
0.204032
0.067141
0.159116
0.033517
0.246775
0.109638
0.409274
0.051213
0.345472
0.248173
0.129739
0.236268
0.204625
0.181978
0.121822
0.224887
0.441635
0.418803
0.483609
0.343391
0.384491
0.138610
0.472117
0.385156
0.305049
0.284020
0.257175
0.372257
0.297762
0.120356
0.184881
0.268581
0.367991
0.393501
0.172840
0.248742
0.213888
0.252171
0.380723
0.045075
0.175412
0.490414
0.503115
0.203112
0.223264
0.388788
0.223746
0.383506
0.411074
0.113093
0.437644
0.366381
0.142811
0.342729
0.196765
0.208536
0.114575
0.117151
0.202544
0.050550
0.287721
0.242409
0.132037
0.442234
0.184185
0.286587
0.341405
0.061142
0.230265
0.121497
0.347842
0.255442
0.170911
0.160762
0.311045
0.307328
0.246352
0.203687
0.297472
0.165848
0.245416
0.176375
0.205500
0.079577
0.219897
0.570344
0.416203
0.351756
0.324441
0.368736
0.256174
0.158900
0.532334
0.130668
0.256301
0.330419
0.149522
0.077098
0.266180
0.036673
0.288012
0.112591
0.354339
0.043446
0.365771
0.081173
0.236669
0.308433
0.343863
0.219565
0.122192
0.076443
0.323911
0.286713
0.349847
0.342850
0.197823
0.056325
0.455024
0.209564
0.322656
0.400530
0.280213
0.457832
0.287294
0.246527
0.202969
0.301727
0.287792
0.370280
0.294981
0.284588
0.266394
0.281829
0.279942
0.097048
0.225803
0.379575
0.515398
0.220479
0.167304
0.488527
0.151938
0.477612
0.348124
0.241137
0.366901
0.343119
0.131988
0.325167
0.079005
0.222737
0.236109
0.214036
0.362784
0.089045
0.157660
0.276415
0.216720
0.628958
0.146383
0.198490
0.422862
0.041130
0.274509
0.175628
0.409077
0.318986
0.398512
0.137782
0.198474
0.323850
0.186168
0.106575
0.411407
0.194252
0.332199
0.094570
0.244932
0.226918
0.234196
0.500865
0.381139
0.402528
0.266357
0.299646
0.214470
0.109302
0.708482
0.288177
0.324495
0.218308
0.196922
0.062325
0.221898
0.142020
0.394969
0.201527
0.297129
0.127036
0.400786
0.067688
0.228427
0.379433
0.304296
0.256507
0.249413
0.190351
0.134412
0.076235
0.215417
0.315688
0.095974
0.102435
0.437301
0.129231
0.320059
0.460288
0.333009
0.431843
0.273953
0.319967
0.199112
0.336411
0.128010
0.316370
0.409814
0.321345
0.266291
0.294853
0.266030
0.131727
0.160639
0.284170
0.247133
0.249630
0.120786
0.472020
0.067003
0.521597
0.339302
0.343396
0.292942
0.233801
0.160870
0.324491
0.081319
0.195387
0.299780
0.407153
0.484199
0.073747
0.182108
0.323846
0.220523
0.539629
0.136141
0.241358
0.463220
0.068603
0.265495
0.233679
0.320343
0.406750
0.480916
0.157230
0.099236
0.196659
0.130498
0.120846
0.403454
0.213314
0.425249
0.033653
0.294383
0.233345
0.301492
0.366833
0.345298
0.359425
0.166326
0.139372
0.146508
0.120826
0.657130
0.365307
0.299569
0.129821
0.237987
0.060786
0.218845
0.274151
0.429605
0.203845
0.282411
0.187959
0.302112
0.129036
0.218359
0.445715
0.219030
0.298215
0.327122
0.109586
0.127672
0.158418
0.187009
0.275055
0.021892
0.188327
0.372379
0.178264
0.364823
0.494775
0.247764
0.271171
0.183840
0.310019
0.161192
0.293232
0.137060
0.277686
0.431203
0.365318
0.300662
0.273497
0.323611
0.132701
0.116129
0.306856
0.072951
0.193197
0.072027
0.463714
0.199305
0.516422
0.341336
0.409003
0.242369
0.120719
0.265733
0.362061
0.156773
0.260562
0.395028
0.417032
0.581199
0.091078
0.284187
0.343876
0.206624
0.253244
0.066269
0.220345
0.453076
0.243064
0.259180
0.360161
0.229652
0.441706
0.455168
0.149980
0.041949
0.182094
0.234526
0.267451
0.385118
0.278165
0.422936
0.056866
0.219435
0.238895
0.316425
0.253759
0.362023
0.350108
0.112624
0.053491
0.158498
0.339108
0.540117
0.351057
0.171082
0.053431
0.188798
0.105196
0.278020
0.307721
0.434932
0.242868
0.189323
0.224952
0.245586
0.243612
0.234557
0.401119
0.155236
0.226024
0.291968
0.132575
0.219150
0.248280
0.283919
0.316856
0.088759
0.289787
0.181883
0.063593
0.379884
0.424536
0.157259
0.105453
0.185992
0.315792
0.212060
0.212453
0.051445
0.269974
0.324269
0.353667
0.350549
0.186650
0.324499
0.031932
0.207118
0.328751
0.117959
0.120917
0.184697
0.492017
0.256488
0.459035
0.216957
0.350397
0.148475
0.135200
0.463930
0.322700
0.170959
0.357502
0.446875
0.357894
0.570306
0.082239
0.242707
0.232782
0.129018
0.066432
0.083244
0.200488
0.365892
0.381374
0.305912
0.240283
0.405240
0.355476
0.429396
0.083938
0.068286
0.182763
0.320346
0.366036
0.373040
0.455405
0.242807
0.101330
0.118957
0.308045
0.290115
0.080155
0.413997
0.420352
0.174643
0.128324
0.184431
0.323410
0.479542
0.327195
0.119031
0.089015
0.136765
0.095537
0.241115
0.213173
0.406202
0.231108
0.359039
0.260345
0.216904
0.228473
0.233228
0.247215
0.238277
0.194567
0.287808
0.199610
0.288042
0.303577
0.271968
0.309799
0.093323
0.386900
0.016536
0.062762
0.375615
0.370859
0.107151
0.119097
0.206290
0.347957
0.265771
0.170503
0.039849
0.300925
0.405956
0.338005
0.385201
0.168494
0.298055
0.009043
0.209969
0.260808
0.134066
0.169961
0.181931
0.388106
0.301554
0.368079
0.052976
0.307208
0.041844
0.217894
0.521337
0.317278
0.230987
0.312720
0.412824
0.369605
0.347851
0.166308
0.038582
0.151312
0.094755
0.151308
0.107311
0.220923
0.240224
0.437362
0.370519
0.193387
0.593096
0.268956
0.425025
0.171395
0.100422
0.218614
0.353816
0.418856
0.296817
0.705057
0.083974
0.099105
0.196768
0.367270
0.311001
0.108576
0.400414
0.569228
0.267803
0.105868
0.183843
0.300035
0.460353
0.334095
0.186707
0.122683
0.215119
0.122602
0.247614
0.194455
0.349670
0.269790
0.363922
0.289791
0.144880
0.195454
0.193332
0.094124
0.245077
0.131268
0.358946
0.137509
0.194296
0.309840
0.168044
0.286075
0.103060
0.403514
0.125346
0.152655
0.330881
0.370071
0.111920
0.104335
0.271015
0.396093
0.228168
0.202309
0.070161
0.320321
0.329091
0.278562
0.336678
0.191863
0.308937
0.129237
0.077068
0.183549
0.155671
0.152640
0.195758
0.356364
0.408804
0.242485
0.176238
0.290712
0.153156
0.160525
0.408341
0.278202
0.196578
0.180199
0.423647
0.444616
0.106859
0.168712
0.115183
0.149935
0.078806
0.269397
0.114221
0.142581
0.169967
0.509215
0.340020
0.282712
0.535736
0.225080
0.283537
0.329484
0.119791
0.200065
0.364647
0.404676
0.062027
0.887298
0.029846
0.205994
0.327473
0.445361
0.422269
0.262578
0.299887
0.549518
0.274290
0.067179
0.283981
0.440835
0.420643
0.361089
0.195656
0.121941
0.192915
0.259886
0.239259
0.313852
0.284747
0.309176
0.402741
0.247221
0.154761
0.095769
0.190547
0.028491
0.162544
0.170000
0.424675
0.080956
0.196610
0.242342
0.082245
0.291459
0.152048
0.420519
0.221934
0.225822
0.284409
0.432643
0.274200
0.088926
0.271608
0.308166
0.192630
0.150407
0.073043
0.246003
0.334516
0.353422
0.298088
0.238513
0.329962
0.364936
0.053599
0.256775
0.048845
0.112253
0.208220
0.281703
0.423630
0.207142
0.324219
0.277815
0.170779
0.231743
0.353787
0.223781
0.122026
0.101058
0.293914
0.426526
0.070793
0.279891
0.097777
0.220758
0.095499
0.233267
0.063675
0.067553
0.362911
0.525592
0.347638
0.252916
0.309926
0.187135
0.070304
0.352648
0.212431
0.137614
0.415472
0.455176
0.111017
0.986411
0.110974
0.242838
0.396083
0.472943
0.375476
0.309812
0.287739
0.444908
0.274319
0.036027
0.329550
0.586819
0.351774
0.400735
0.156803
0.133464
0.241721
0.232758
0.237803
0.403806
0.141927
0.228495
0.456860
0.397529
0.093851
0.014038
0.177828
0.084800
0.042614
0.216586
0.448827
0.087952
0.304270
0.209521
0.010156
0.274044
0.195646
0.462839
0.308916
0.403787
0.270245
0.369320
0.293305
0.170168
0.173150
0.192414
0.230680
0.120874
0.098159
0.178528
0.335692
0.290072
0.357296
0.206786
0.360516
0.446635
0.035960
0.176129
0.135239
0.212544
0.185029
0.138592
0.375148
0.200811
0.332321
0.380590
0.108353
0.244722
0.396446
0.128957
0.211754
0.137803
0.308155
0.398441
0.161163
0.444928
0.022154
0.270318
0.184276
0.167334
0.192616
0.044564
0.502806
0.448576
0.250848
0.331027
0.169176
0.120269
0.108889
0.257965
0.291440
0.081375
0.486982
0.422260
0.106556
0.970265
0.210105
0.234396
0.356445
0.425654
0.379612
0.348521
0.242645
0.390544
0.287516
0.051101
0.269001
0.522696
0.244907
0.434293
0.188930
0.137185
0.283427
0.202854
0.216216
0.368429
0.022458
0.249485
0.476834
0.489360
0.070374
0.036174
0.184510
0.081476
0.176450
0.144150
0.390086
0.175774
0.293116
0.288345
0.053914
0.233012
0.243526
0.467269
0.245055
0.549044
0.310222
0.226320
0.216142
0.140196
0.044291
0.272914
0.271978
0.140733
0.098255
0.088352
0.298344
0.168533
0.368315
0.180403
0.349768
0.355961
0.125601
0.136942
0.162394
0.265879
0.127938
0.118346
0.400272
0.229726
0.286896
0.356570
0.132574
0.159751
0.417536
0.198299
0.278072
0.196884
0.447202
0.345645
0.187113
0.492080
0.157358
0.166601
0.223594
0.074180
0.161650
0.092811
0.399586
0.246190
0.297731
0.308059
0.205069
0.241977
0.190849
0.259799
0.226360
0.145784
0.467142
0.374202
0.177441
0.953137
0.253734
0.239046
0.370008
0.274452
0.398940
0.360864
0.102590
0.393346
0.297602
0.137897
0.213766
0.422964
0.099210
0.464783
0.275752
0.163342
0.226088
0.208065
0.349230
0.313008
0.175751
0.182594
0.316995
0.496275
0.189353
0.050232
0.278714
0.069632
0.107066
0.072153
0.261262
0.198557
0.110411
0.298015
0.035160
0.195126
0.235634
0.321827
0.404931
0.530143
0.322703
0.079353
0.270422
0.078323
0.049751
0.206197
0.215917
0.082342
0.177801
0.167547
0.234304
0.163104
0.244818
0.200051
0.318132
0.212853
0.240676
0.071323
0.070831
0.211244
0.133378
0.112592
0.368474
0.204343
0.239431
0.266564
0.043441
0.186501
0.455502
0.142626
0.267877
0.174660
0.500837
0.338964
0.153889
0.381605
0.183668
0.070708
0.190103
0.078897
0.040092
0.147060
0.295160
0.164099
0.233854
0.226615
0.142702
0.187017
0.235202
0.307777
0.114689
0.448116
0.369424
0.261543
0.248931
0.785751
0.219154
0.112321
0.464735
0.155598
0.298536
0.300779
0.158327
0.328199
0.235822
0.237793
0.310148
0.482359
0.170556
0.301013
0.319990
0.099071
0.089696
0.195259
0.419035
0.251843
0.220356
0.052168
0.246251
0.391121
0.240361
0.045792
0.264833
0.129187
0.147795
0.099492
0.159678
0.207532
0.108929
0.174807
0.077792
0.192549
0.231864
0.231287
0.454423
0.513351
0.232658
0.051366
0.289902
0.129428
0.073936
0.132228
0.129865
0.034464
0.189458
0.344000
0.199966
0.191296
0.181731
0.078397
0.290139
0.135350
0.212461
0.035269
0.199556
0.221199
0.125971
0.165022
0.273497
0.318703
0.303857
0.184140
0.030286
0.165899
0.506855
0.011450
0.232946
0.153411
0.364949
0.338548
0.108959
0.221290
0.123457
0.084074
0.173681
0.163390
0.126705
0.226973
0.292446
0.243142
0.109820
0.132939
0.173324
0.211642
0.222579
0.336169
0.027345
0.558609
0.496151
0.212884
0.327852
0.671822
0.141062
0.093432
0.460425
0.142079
0.226575
0.236550
0.230148
0.203114
0.284446
0.247551
0.279127
0.490366
0.214053
0.127209
0.235121
0.111594
0.041376
0.103341
0.297786
0.224931
0.124433
0.116672
0.209168
0.156337
0.245350
0.122259
0.183052
0.121924
0.260777
0.201971
0.125031
0.282413
0.206502
0.044457
0.086191
0.108590
0.273500
0.167472
0.489242
0.468929
0.107959
0.205115
0.212314
0.093875
0.106880
0.076412
0.094788
0.126142
0.116798
0.263818
0.142243
0.250972
0.232599
0.073824
0.301386
0.103311
0.126738
0.114190
0.223021
0.260718
0.233630
0.201875
0.187967
0.517365
0.374642
0.162105
0.120575
0.086953
0.511147
0.132928
0.153697
0.155818
0.302950
0.305506
0.123103
0.137744
0.056214
0.136050
0.223174
0.167716
0.119732
0.143956
0.313661
0.332207
0.114882
0.156000
0.196182
0.313488
0.284066
0.257473
0.001778
0.508764
0.475573
0.183961
0.298822
0.567371
0.179321
0.163985
0.303140
0.166091
0.255486
0.209110
0.357991
0.159103
0.253332
0.238256
0.234723
0.328645
0.092680
0.038366
0.209947
0.093570
0.111946
0.178133
0.098298
0.170575
0.103494
0.084138
0.158685
0.144636
0.381094
0.181742
0.163635
0.212895
0.363166
0.221094
0.067071
0.338914
0.239446
0.036663
0.215606
0.105782
0.362559
0.120734
0.453664
0.362073
0.049120
0.300314
0.263235
0.108512
0.146169
0.161650
0.089250
0.180928
0.070570
0.172848
0.081878
0.265662
0.232374
0.026046
0.240653
0.021087
0.177949
0.129557
0.253021
0.174290
0.231289
0.261668
0.192488
0.556113
0.360964
0.164690
0.215229
0.047952
0.404594
0.298996
0.082686
0.153819
0.319444
0.273665
0.048756
0.209312
0.051084
0.095077
0.248723
0.224300
0.197057
0.094854
0.262255
0.254520
0.276571
0.171362
0.223788
0.258257
0.299418
0.226908
0.064132
0.406460
0.447262
0.318608
0.378913
0.316518
0.260787
0.164695
0.144854
0.108555
0.265724
0.165145
0.470043
0.075160
0.129584
0.256610
0.218565
0.101980
0.119374
0.014570
0.096648
0.099651
0.180143
0.267963
0.061084
0.242496
0.148464
0.040431
0.202087
0.149417
0.414637
0.155116
0.234014
0.193640
0.287564
0.148853
0.044549
0.282435
0.256468
0.069358
0.148254
0.186956
0.460718
0.093850
0.420819
0.264225
0.174149
0.305809
0.357901
0.150939
0.135306
0.316360
0.114475
0.187746
0.140770
0.167131
0.120623
0.140479
0.062328
0.225128
0.219114
0.107352
0.163793
0.210138
0.337956
0.004155
0.191192
0.328550
0.275698
0.540954
0.279023
0.083837
0.151168
0.011968
0.317542
0.449373
0.098098
0.166489
0.284790
0.378997
0.041501
0.205371
0.166044
0.110817
0.206703
0.246101
0.279993
0.180684
0.170381
0.111552
0.325055
0.146232
0.189820
0.072132
0.248329
0.154307
0.158050
0.246864
0.245312
0.334750
0.477105
0.126404
0.291506
0.076156
0.107439
0.089405
0.229285
0.170791
0.448274
0.085126
0.058947
0.294106
0.162174
0.039474
0.242125
0.037144
0.103072
0.086554
0.308742
0.164793
0.117176
0.189587
0.176690
0.055262
0.079957
0.050949
0.382170
0.113822
0.190465
0.191279
0.158266
0.139159
0.188419
0.267870
0.202675
0.141077
0.163629
0.137096
0.409194
0.180562
0.357766
0.267780
0.272887
0.278867
0.328418
0.057866
0.091083
0.318087
0.117411
0.215031
0.241799
0.071806
0.111079
0.050707
0.117319
0.290821
0.317594
0.124952
0.026512
0.267206
0.381255
0.061206
0.173899
0.209960
0.308859
0.533805
0.238976
0.106182
0.093627
0.067253
0.223764
0.540691
0.240842
0.155044
0.339530
0.255474
0.096386
0.093406
0.263606
0.128051
0.196077
0.166092
0.286877
0.274390
0.047238
0.162565
0.276069
0.111185
0.184125
0.061935
0.189169
0.115822
0.239202
0.170536
0.065179
0.345184
0.504155
0.379331
0.345175
0.020783
0.102546
0.140629
0.227658
0.331093
0.350765
0.029078
0.033696
0.272194
0.126552
0.062640
0.292994
0.100547
0.219417
0.136907
0.409527
0.077965
0.181070
0.064120
0.089906
0.048523
0.117035
0.095661
0.371308
0.094506
0.175684
0.331881
0.115561
0.178406
0.252350
0.228817
0.214555
0.169945
0.210531
0.233134
0.260313
0.193298
0.418954
0.111235
0.163731
0.343167
0.222717
0.062631
0.096145
0.251143
0.105777
0.135922
0.197784
0.066586
0.164853
0.074791
0.241055
0.256851
0.405674
0.114155
0.167192
0.234089
0.268402
0.058957
0.124429
0.167653
0.344892
0.494035
0.251248
0.183528
0.088601
0.169465
0.066752
0.584212
0.269955
0.193958
0.503109
0.121413
0.100151
0.063793
0.312147
0.034188
0.284556
0.205080
0.345074
0.220406
0.055410
0.163128
0.238795
0.109632
0.250962
0.025688
0.190527
0.144616
0.212399
0.146446
0.192273
0.347030
0.377794
0.404855
0.351777
0.095835
0.018971
0.064804
0.252073
0.413824
0.317692
0.240546
0.100215
0.160913
0.127747
0.101616
0.269482
0.157604
0.110970
0.134307
0.467965
0.112557
0.314103
0.084657
0.137131
0.012367
0.115034
0.109261
0.422997
0.126657
0.296510
0.366967
0.179638
0.214263
0.242263
0.152754
0.180969
0.150784
0.212662
0.221294
0.221524
0.129758
0.358381
0.167046
0.176221
0.395225
0.221319
0.103656
0.097649
0.150623
0.190925
0.144570
0.056083
0.096332
0.249374
0.068981
0.231759
0.101446
0.378570
0.128878
0.201613
0.153672
0.122374
0.059899
0.032733
0.181901
0.439551
0.333333
0.098771
0.192576
0.113185
0.182145
0.099022
0.624857
0.200822
0.210527
0.473817
0.163174
0.133405
0.382940
0.342680
0.126714
0.304889
0.216882
0.469682
0.144474
0.089151
0.025755
0.164774
0.027664
0.215718
0.089599
0.056112
0.135441
0.162510
0.145228
0.247614
0.197885
0.347354
0.436722
0.265131
0.092978
0.173088
0.067735
0.306789
0.366459
0.302830
0.293699
0.159720
0.106780
0.128442
0.077549
0.138999
0.141933
0.108287
0.185899
0.407336
0.045173
0.175082
0.136859
0.084287
0.042577
0.195446
0.084160
0.364611
0.042722
0.242586
0.274133
0.152720
0.212716
0.321401
0.139933
0.069252
0.121956
0.145407
0.184958
0.287703
0.107410
0.287148
0.273500
0.076047
0.381862
0.102794
0.098043
0.124910
0.207559
0.216194
0.171916
0.116399
0.040081
0.223187
0.100607
0.211533
0.197176
0.273551
0.217903
0.157801
0.107352
0.176700
0.143499
0.118618
0.116630
0.404665
0.405449
0.190350
0.351703
0.131446
0.155272
0.243114
0.539965
0.162035
0.133289
0.332746
0.229692
0.116397
0.570968
0.180776
0.107459
0.275277
0.279813
0.434859
0.104268
0.047979
0.070222
0.114992
0.074004
0.041652
0.149846
0.030260
0.054213
0.222205
0.113990
0.284632
0.061094
0.335408
0.538938
0.151357
0.153993
0.174468
0.179422
0.216755
0.276363
0.265466
0.312430
0.197295
0.094357
0.147968
0.085942
0.060133
0.152843
0.196649
0.148212
0.373868
0.124042
0.204556
0.198475
0.184950
0.026708
0.326313
0.187846
0.248672
0.038693
0.050915
0.337470
0.136251
0.125081
0.442317
0.229452
0.053347
0.086234
0.057019
0.131258
0.207168
0.243042
0.170006
0.240655
0.076148
0.198641
0.029950
0.083095
0.087910
0.073158
0.144995
0.170038
0.274218
0.149219
0.238000
0.053774
0.199074
0.163196
0.411473
0.305909
0.220453
0.088941
0.272738
0.161297
0.131823
0.236694
0.220639
0.427948
0.327643
0.444753
0.103455
0.180320
0.199029
0.392323
0.173428
0.055449
0.240027
0.289930
0.163547
0.573944
0.054254
0.052061
0.366281
0.265252
0.192020
0.114053
0.027447
0.076108
0.173957
0.121927
0.105726
0.084660
0.036448
0.095013
0.219050
0.021652
0.318293
0.045092
0.284391
0.542053
0.118571
0.105326
0.091027
0.200551
0.207376
0.229255
0.230039
0.374968
0.155791
0.059988
0.238404
0.108840
0.101542
0.223079
0.147482
0.194996
0.249682
0.194403
0.197442
0.225325
0.184521
0.083845
0.387331
0.281537
0.242510
0.055104
0.138663
0.304611
0.055847
0.030850
0.392215
0.248067
0.176905
0.082986
0.045154
0.135217
0.103193
0.303339
0.279314
0.261794
0.165145
0.048449
0.082033
0.091118
0.105054
0.057283
0.141676
0.196433
0.300399
0.178499
0.305550
0.131614
0.248730
0.161912
0.337870
0.341955
0.217008
0.063264
0.306957
0.249153
0.028951
0.342053
0.168282
0.376667
0.342986
0.398754
0.047474
0.188009
0.081768
0.330309
0.111999
0.041135
0.274485
0.188455
0.197380
0.491723
0.176257
0.076170
0.498010
0.098609
0.137316
0.106643
0.101181
0.007106
0.121316
0.131977
0.119809
0.157349
0.084920
0.196464
0.118377
0.081903
0.316861
0.114092
0.233743
0.414206
0.067439
0.073775
0.113528
0.172536
0.131335
0.184790
0.180143
0.403212
0.088289
0.093196
0.268204
0.190895
0.255747
0.222827
0.108647
0.288886
0.151748
0.162911
0.240453
0.182147
0.180663
0.084316
0.348963
0.203152
0.221293
0.082208
0.139477
0.231307
0.156611
0.042957
0.161378
0.265290
0.251384
0.091748
0.097355
0.075945
0.150514
0.286570
0.349440
0.219187
0.267367
0.076303
0.111630
0.126138
0.213542
0.130390
0.146696
0.192168
0.179618
0.070464
0.297810
0.170645
0.250750
0.270311
0.201843
0.394551
0.132378
0.163616
0.218653
0.220718
0.064595
0.399808
0.205832
0.320503
0.302821
0.396071
0.148417
0.220927
0.085325
0.183059
0.253156
0.126377
0.266016
0.055843
0.091840
0.388881
0.276298
0.083539
0.407171
0.084414
0.092586
0.083303
0.178443
0.022127
0.048165
0.139493
0.073363
0.268791
0.114571
0.171947
0.157047
0.094035
0.274124
0.069823
0.282026
0.267837
0.206307
0.065762
0.150419
0.168432
0.116097
0.241471
0.045502
0.277683
0.095280
0.276485
0.314684
0.273344
0.431879
0.161997
0.146400
0.215054
0.094697
0.195436
0.220952
0.181169
0.182883
0.085111
0.327974
0.219628
0.197574
0.148337
0.069996
0.260239
0.305125
0.216072
0.075598
0.230825
0.260770
0.108255
0.053039
0.041076
0.238858
0.182148
0.369173
0.063217
0.148069
0.125071
0.195267
0.080822
0.255025
0.073705
0.078512
0.153410
0.120201
0.035412
0.160415
0.184367
0.202849
0.164030
0.257001
0.256365
0.033471
0.283196
0.146337
0.033715
0.082124
0.428610
0.132923
0.304436
0.434066
0.468263
0.103735
0.165767
0.106469
0.245554
0.296304
0.177768
0.247708
0.075772
0.026260
0.276513
0.337033
0.113791
0.186529
0.155120
0.112651
0.106069
0.196992
0.146595
0.077619
0.131811
0.126014
0.146196
0.080763
0.162863
0.183726
0.188718
0.293465
0.116384
0.365889
0.211572
0.404793
0.139377
0.220103
0.109638
0.136804
0.335442
0.232911
0.181783
0.179824
0.306157
0.326256
0.306824
0.507932
0.194110
0.081621
0.057209
0.042200
0.153440
0.163686
0.270095
0.220448
0.120185
0.316597
0.264756
0.216350
0.210187
0.126697
0.414814
0.257373
0.361640
0.056184
0.161090
0.341375
0.106630
0.085900
0.141083
0.284001
0.178135
0.364122
0.043088
0.156431
0.220062
0.280722
0.014860
0.343951
0.085655
0.055120
0.157850
0.073402
0.081149
0.098529
0.268621
0.203094
0.120990
0.155856
0.062523
0.127787
0.289606
0.150583
0.152676
0.074592
0.354845
0.172389
0.179655
0.536307
0.343414
0.164193
0.228357
0.077457
0.202405
0.278099
0.162607
0.259594
0.058524
0.032502
0.327089
0.269404
0.107722
0.119507
0.076463
0.257256
0.148966
0.165421
0.333914
0.146245
0.190898
0.037228
0.084652
0.090414
0.189354
0.203665
0.299185
0.253975
0.107165
0.479307
0.115585
0.433155
0.233375
0.268002
0.185043
0.114920
0.356620
0.169257
0.211980
0.272348
0.153025
0.285503
0.296704
0.448824
0.201324
0.234126
0.059576
0.179757
0.090045
0.070014
0.285443
0.203193
0.141730
0.251966
0.207970
0.201207
0.174832
0.130930
0.424154
0.159630
0.429866
0.051606
0.270889
0.417042
0.136499
0.170487
0.222419
0.302534
0.206913
0.344197
0.105975
0.176768
0.334331
0.164544
0.078350
0.383642
0.097657
0.203952
0.118397
0.116396
0.104805
0.050117
0.208663
0.246330
0.222384
0.121193
0.234522
0.075326
0.245250
0.125623
0.256747
0.129130
0.228659
0.184412
0.176552
0.377413
0.218980
0.173845
0.252098
0.232633
0.075504
0.327734
0.175961
0.174897
0.071172
0.100112
0.327910
0.131686
0.132156
0.135443
0.080461
0.410138
0.233247
0.178581
0.394629
0.102545
0.279420
0.126671
0.138083
0.124803
0.219585
0.215823
0.250365
0.184128
0.098936
0.499942
0.205805
0.297996
0.214416
0.295056
0.151002
0.090413
0.215023
0.067599
0.195346
0.358408
0.092505
0.234502
0.292325
0.354816
0.175801
0.242030
0.146699
0.305580
0.224988
0.027046
0.268743
0.081531
0.113349
0.144488
0.115971
0.113035
0.152409
0.177254
0.264658
0.098483
0.271668
0.159355
0.324005
0.397602
0.138861
0.250068
0.187952
0.270209
0.297772
0.455703
0.108121
0.249545
0.368430
0.102275
0.197310
0.351909
0.193116
0.265145
0.040656
0.288559
0.136154
0.118740
0.189525
0.224260
0.346847
0.190565
0.399077
0.091931
0.242143
0.101282
0.282453
0.187096
0.234866
0.229585
0.261945
0.261896
0.247638
0.031139
0.198025
0.156478
0.211567
0.422145
0.235720
0.286838
0.142980
0.077885
0.335105
0.107887
0.089082
0.232609
0.171087
0.433712
0.271931
0.213814
0.373977
0.078742
0.250321
0.237002
0.181653
0.056921
0.196280
0.259230
0.269836
0.189466
0.102936
0.446800
0.208502
0.389513
0.281259
0.343113
0.162241
0.182728
0.139531
0.140136
0.144594
0.396637
0.223786
0.191156
0.253329
0.288300
0.098098
0.167952
0.251026
0.368399
0.281455
0.188840
0.223266
0.055646
0.096683
0.278731
0.108750
0.228158
0.271722
0.243979
0.105865
0.131144
0.199361
0.248224
0.222690
0.312823
0.038056
0.188064
0.127269
0.233486
0.208440
0.441495
0.135683
0.285310
0.367964
0.120869
0.180664
0.230687
0.207889
0.198642
0.057035
0.334171
0.148015
0.166649
0.223913
0.168941
0.326941
0.258002
0.463865
0.122593
0.259208
0.269744
0.265462
0.223067
0.333055
0.293940
0.275356
0.260898
0.183206
0.113979
0.217604
0.027314
0.390319
0.441795
0.316386
0.299971
0.075125
0.022233
0.397269
0.221283
0.047983
0.352134
0.300763
0.374937
0.277404
0.260160
0.351848
0.078620
0.218129
0.342461
0.070694
0.083213
0.135507
0.273778
0.301735
0.303660
0.180380
0.346830
0.213448
0.396393
0.336500
0.326545
0.242678
0.250109
0.290326
0.108095
0.030458
0.419040
0.343636
0.129316
0.244440
0.291611
0.161763
0.195100
0.326726
0.507394
0.278068
0.225462
0.057405
0.069823
0.100674
0.322798
0.158773
0.275843
0.216270
0.278766
0.116103
0.144986
0.189973
0.330309
0.231169
0.259577
0.060341
0.167280
0.093643
0.242465
0.244675
0.447347
0.170887
0.238520
0.321409
0.025349
0.105160
0.154676
0.210592
0.244544
0.017838
0.326660
0.155045
0.323318
0.185341
0.177541
0.316262
0.230348
0.531084
0.126821
0.307306
0.349041
0.206140
0.330602
0.338135
0.214730
0.262961
0.194202
0.186706
0.112554
0.120817
0.051430
0.324146
0.394745
0.271225
0.178349
0.166780
0.056629
0.300405
0.168922
0.141621
0.451930
0.364033
0.424197
0.316333
0.355849
0.305583
0.123651
0.262548
0.339594
0.159128
0.082663
0.077217
0.191762
0.338251
0.256672
0.248041
0.386595
0.135913
0.327234
0.354517
0.218760
0.249555
0.276310
0.295724
0.076890
0.087670
0.487688
0.326143
0.047605
0.292404
0.295495
0.180421
0.299364
0.314420
0.583902
0.311610
0.140673
0.143416
0.113870
0.077898
0.474587
0.289278
0.405224
0.202148
0.231464
0.210294
0.198509
0.272508
0.347168
0.198966
0.217604
0.047378
0.159450
0.074997
0.271608
0.233278
0.522829
0.222946
0.145585
0.326361
0.092868
0.106834
0.229554
0.176760
0.244264
0.247692
0.329813
0.176577
0.371839
0.328135
0.173095
0.346318
0.225195
0.588152
0.087550
0.228592
0.355270
0.210694
0.352662
0.296985
0.187191
0.357157
0.178268
0.420429
0.203896
0.092884
0.128102
0.327847
0.401013
0.227734
0.146882
0.224650
0.073952
0.224404
0.204870
0.219683
0.515526
0.374690
0.453338
0.300594
0.375663
0.251720
0.136972
0.267253
0.229750
0.132889
0.182819
0.015750
0.174308
0.342250
0.096315
0.282439
0.319397
0.029467
0.275311
0.242233
0.141719
0.270171
0.284605
0.312951
0.138891
0.170418
0.496111
0.279286
0.124546
0.313043
0.247671
0.207221
0.363260
0.323275
0.577418
0.305379
0.060326
0.295764
0.211095
0.143284
0.485174
0.377203
0.450439
0.298358
0.297829
0.278531
0.179549
0.324116
0.303383
0.126480
0.139959
0.115429
0.167118
0.219298
0.262662
0.148715
0.491551
0.177736
0.187160
0.284568
0.248960
0.044314
0.286905
0.152639
0.201014
0.436682
0.385469
0.195955
0.212514
0.452017
0.149674
0.300714
0.131127
0.559951
0.092130
0.120098
0.354926
0.272414
0.260307
0.286297
0.322723
0.423408
0.271600
0.516514
0.224959
0.199199
0.175543
0.405136
0.397324
0.185936
0.221137
0.185010
0.075756
0.186058
0.367728
0.349897
0.538269
0.307613
0.370573
0.266456
0.280880
0.245230
0.079519
0.093633
0.124149
0.141695
0.316407
0.080763
0.200695
0.226299
0.199730
0.308989
0.353600
0.039356
0.234602
0.248340
0.176816
0.285475
0.279148
0.362043
0.259230
0.159325
0.360366
0.284049
0.221852
0.271385
0.179028
0.234717
0.372493
0.294253
0.507730
0.234868
0.021392
0.281076
0.185869
0.113791
0.397334
0.350539
0.403701
0.429839
0.339811
0.357532
0.049452
0.412346
0.200854
0.150005
0.164445
0.201078
0.166773
0.369733
0.250706
0.155337
0.377139
0.206991
0.210442
0.291208
0.387164
0.123317
0.262352
0.218732
0.309507
0.411295
0.425084
0.171890
0.112364
0.432051
0.136816
0.161440
0.184012
0.374945
0.146556
0.111030
0.378666
0.289626
0.220854
0.225952
0.411964
0.275789
0.361425
0.389587
0.102110
0.190855
0.213050
0.467392
0.331623
0.272572
0.172275
0.176395
0.157599
0.217076
0.393549
0.464618
0.542992
0.236197
0.214847
0.295269
0.182245
0.244215
0.045470
0.061845
0.250565
0.180141
0.236458
0.164590
0.198675
0.238292
0.357402
0.234807
0.330594
0.083320
0.219886
0.235989
0.206964
0.284470
0.262674
0.439187
0.226128
0.087349
0.200259
0.207857
0.250719
0.287308
0.110255
0.134346
0.468264
0.331354
0.381468
0.234449
0.044282
0.242059
0.165679
0.131334
0.374319
0.219963
0.223168
0.361483
0.226810
0.378092
0.054775
0.370114
0.093131
0.193733
0.251501
0.180524
0.186875
0.526070
0.336639
0.187186
0.324160
0.209554
0.235535
0.130941
0.424312
0.371866
0.265556
0.310646
0.371729
0.301981
0.403089
0.154570
0.037160
0.361241
0.141198
0.187811
0.240754
0.419211
0.209471
0.166064
0.297400
0.183496
0.353707
0.216229
0.358802
0.228062
0.369562
0.500373
0.246525
0.220760
0.260135
0.456884
0.251131
0.296413
0.250224
0.182009
0.234301
0.121014
0.361003
0.377071
0.504080
0.181245
0.210208
0.275162
0.223900
0.154648
0.037794
0.035804
0.369928
0.222083
0.280324
0.182421
0.203031
0.174603
0.369965
0.179353
0.190656
0.119769
0.192177
0.255361
0.242371
0.340348
0.288910
0.434249
0.154047
0.108287
0.217554
0.228470
0.221866
0.397481
0.033623
0.086626
0.512475
0.320341
0.339077
0.337959
0.065376
0.275227
0.285194
0.156050
0.445648
0.124763
0.116360
0.279352
0.289234
0.263432
0.113144
0.277382
0.111459
0.073841
0.187774
0.162834
0.172254
0.532567
0.411687
0.110879
0.304312
0.180414
0.127356
0.100671
0.399044
0.459497
0.257412
0.313892
0.354323
0.347950
0.319972
0.118395
0.110012
0.320162
0.203084
0.352326
0.219111
0.244597
0.239138
0.094500
0.273404
0.190860
0.438347
0.110216
0.305931
0.249285
0.298133
0.390192
0.325291
0.256737
0.217574
0.335768
0.275673
0.256046
0.216725
0.241874
0.342555
0.090635
0.351022
0.231927
0.370825
0.275291
0.289938
0.239694
0.258182
0.144424
0.100435
0.171181
0.416320
0.302759
0.269901
0.198390
0.200776
0.262437
0.244296
0.283156
0.106986
0.200403
0.312685
0.247265
0.217982
0.307524
0.326222
0.411630
0.212336
0.198238
0.267088
0.184842
0.250295
0.458554
0.071092
0.093504
0.461307
0.147635
0.304683
0.277789
0.087362
0.274425
0.349888
0.246097
0.493196
0.230582
0.142555
0.316025
0.331719
0.099197
0.073000
0.205944
0.306177
0.072058
0.095319
0.267016
0.155844
0.391298
0.439827
0.137728
0.416970
0.159494
0.057440
0.165660
0.391019
0.494254
0.206708
0.248137
0.361866
0.430373
0.236880
0.082092
0.192018
0.316079
0.300938
0.409370
0.217793
0.168704
0.295489
0.023199
0.311967
0.136365
0.435005
0.182119
0.325846
0.213754
0.259850
0.288351
0.329210
0.465174
0.230448
0.275576
0.237651
0.263594
0.222336
0.374848
0.475430
0.168775
0.384048
0.143743
0.432912
0.321004
0.330887
0.298893
0.212352
0.109449
0.219928
0.417571
0.363373
0.213819
0.281033
0.262835
0.199986
0.305190
0.159825
0.311985
0.138391
0.275693
0.450642
0.192931
0.135768
0.158565
0.408445
0.431356
0.398887
0.241446
0.202847
0.178838
0.368708
0.376487
0.126214
0.097429
0.175361
0.047502
0.300945
0.037815
0.095137
0.228200
0.445573
0.344647
0.534999
0.374789
0.192777
0.372990
0.469714
0.283251
0.043813
0.157459
0.290299
0.133724
0.144853
0.265190
0.181788
0.303219
0.344883
0.336105
0.393933
0.238710
0.031761
0.219915
0.411241
0.523317
0.324685
0.235679
0.378571
0.406723
0.237402
0.124576
0.190376
0.323366
0.308473
0.379314
0.294410
0.253781
0.264535
0.076393
0.287518
0.214058
0.389633
0.360294
0.315176
0.180469
0.258951
0.197853
0.414937
0.559487
0.361056
0.197547
0.377524
0.327985
0.322639
0.557317
0.549853
0.288239
0.386490
0.178369
0.329977
0.343548
0.254864
0.420390
0.163127
0.053490
0.313614
0.480528
0.299552
0.143777
0.300263
0.374030
0.207232
0.350099
0.013029
0.238783
0.173914
0.293385
0.454372
0.073267
0.109642
0.240133
0.430927
0.499758
0.442059
0.249688
0.132749
0.170558
0.404152
0.227496
0.127945
0.268207
0.053172
0.130829
0.163784
0.118509
0.176237
0.213659
0.351991
0.431071
0.551112
0.443006
0.118273
0.286074
0.712257
0.438597
0.149098
0.059841
0.159246
0.102824
0.130526
0.173690
0.268777
0.329884
0.295081
0.471588
0.253767
0.297779
0.201025
0.184732
0.396375
0.578981
0.323783
0.282489
0.377778
0.285585
0.233687
0.270588
0.210953
0.318737
0.303759
0.481092
0.364037
0.277779
0.224607
0.162704
0.299375
0.192730
0.367654
0.163142
0.275045
0.128009
0.251353
0.086473
0.529443
0.484699
0.463965
0.123436
0.315387
0.344453
0.335628
0.574783
0.424017
0.369497
0.291683
0.225270
0.242065
0.390850
0.235060
0.452794
0.153150
0.134410
0.366133
0.475842
0.339697
0.244318
0.342990
0.521963
0.268241
0.302341
0.142941
0.234129
0.143057
0.309518
0.278841
0.029710
0.218040
0.357451
0.456156
0.410677
0.379407
0.236045
0.077902
0.067232
0.333613
0.149651
0.143660
0.247850
0.185825
0.231441
0.080963
0.160781
0.260712
0.216839
0.302001
0.462094
0.527513
0.485902
0.029854
0.228058
0.793673
0.486605
0.247942
0.124734
0.211341
0.183211
0.019152
0.157497
0.355086
0.375473
0.249244
0.483629
0.124829
0.180010
0.316028
0.312052
0.359512
0.523460
0.230392
0.268038
0.280406
0.301202
0.212629
0.352067
0.230008
0.350994
0.301257
0.330726
0.375141
0.169022
0.271366
0.147099
0.308443
0.218046
0.393713
0.162554
0.252026
0.099213
0.232178
0.065436
0.556152
0.420435
0.472389
0.131364
0.189496
0.346509
0.333075
0.464954
0.276839
0.397433
0.126603
0.251427
0.323812
0.416450
0.280417
0.449398
0.147850
0.128064
0.376856
0.437877
0.412599
0.309547
0.340467
0.565597
0.349084
0.311921
0.143897
0.250534
0.217190
0.470409
0.221602
0.061321
0.293565
0.309453
0.447200
0.202450
0.264827
0.244389
0.026845
0.128944
0.346547
0.121630
0.147080
0.368552
0.328869
0.226719
0.102564
0.106508
0.394058
0.300602
0.412876
0.432783
0.377446
0.551425
0.044253
0.268812
0.591689
0.495488
0.246828
0.167764
0.427413
0.326048
0.164937
0.198528
0.402108
0.349422
0.214989
0.496694
0.197716
0.129875
0.243475
0.303762
0.252567
0.426175
0.201347
0.186627
0.211387
0.448334
0.173384
0.333103
0.308401
0.344040
0.422419
0.227811
0.326859
0.182628
0.394835
0.139550
0.351066
0.285933
0.404296
0.251184
0.259317
0.098567
0.103199
0.169698
0.505537
0.415322
0.444019
0.191929
0.226648
0.354572
0.324852
0.388765
0.276034
0.462722
0.100427
0.226283
0.323574
0.430955
0.342072
0.375627
0.051182
0.138678
0.411958
0.453840
0.389603
0.300943
0.361591
0.471370
0.334139
0.162491
0.095169
0.285558
0.271675
0.655715
0.297603
0.139073
0.374001
0.274346
0.415238
0.093006
0.255199
0.321240
0.108302
0.206496
0.365055
0.044063
0.135533
0.338624
0.257848
0.128569
0.113772
0.065950
0.443373
0.365270
0.534200
0.417807
0.307527
0.484520
0.167162
0.348323
0.345013
0.489719
0.318877
0.128261
0.544526
0.394582
0.322568
0.251588
0.406705
0.199219
0.150752
0.469278
0.272909
0.211934
0.237078
0.274858
0.183079
0.344057
0.144483
0.139310
0.207840
0.471220
0.274927
0.359726
0.333407
0.287938
0.585413
0.164915
0.297561
0.192799
0.411996
0.148454
0.259756
0.344224
0.382865
0.342822
0.325122
0.057320
0.131460
0.204366
0.487047
0.356082
0.441208
0.158973
0.314505
0.317712
0.234698
0.417513
0.394770
0.467231
0.060112
0.152887
0.156268
0.359455
0.353052
0.200524
0.198705
0.290004
0.448567
0.439469
0.340929
0.362058
0.407374
0.415791
0.180584
0.330464
0.151409
0.380328
0.264155
0.787545
0.206168
0.145668
0.301153
0.327522
0.308456
0.121203
0.313072
0.419500
0.188844
0.132789
0.358526
0.083370
0.171165
0.235203
0.124170
0.118807
0.225714
0.127977
0.440920
0.342953
0.403257
0.414788
0.299368
0.367260
0.272695
0.281535
0.272240
0.461929
0.414962
0.162537
0.568881
0.460609
0.431648
0.349818
0.450798
0.142901
0.124658
0.426096
0.159542
0.304552
0.340309
0.273195
0.213539
0.299476
0.173294
0.225573
0.158927
0.305102
0.498125
0.438223
0.347460
0.190312
0.658916
0.190938
0.304399
0.116316
0.322301
0.319751
0.098220
0.315618
0.305719
0.360748
0.353095
0.112458
0.068511
0.117231
0.442834
0.429953
0.465825
0.113394
0.175486
0.220404
0.084561
0.316535
0.335966
0.377090
0.070754
0.046387
0.152526
0.329738
0.247636
0.212159
0.204352
0.279148
0.481214
0.377368
0.245380
0.448331
0.427072
0.447548
0.078663
0.488134
0.246721
0.489023
0.381806
0.697896
0.022047
0.222775
0.247756
0.294872
0.350789
0.103105
0.288797
0.433952
0.213369
0.154541
0.396058
0.027745
0.238966
0.221291
0.168846
0.140100
0.259690
0.164525
0.443466
0.231395
0.332827
0.372319
0.293111
0.276236
0.376070
0.130455
0.300833
0.348936
0.457289
0.269251
0.520416
0.641154
0.467862
0.390149
0.496976
0.197581
0.082043
0.389796
0.144713
0.289642
0.341862
0.327952
0.189060
0.290370
0.168248
0.360398
0.232722
0.230041
0.429259
0.466860
0.315169
0.099663
0.578003
0.206366
0.251987
0.172321
0.342556
0.316807
0.068369
0.261048
0.281079
0.359403
0.318538
0.153571
0.108104
0.079455
0.327834
0.386488
0.473306
0.139833
0.075201
0.126210
0.177275
0.162223
0.246012
0.346855
0.131810
0.030270
0.236848
0.256166
0.157112
0.201034
0.262837
0.179556
0.474599
0.353208
0.269940
0.542696
0.278909
0.470784
0.111277
0.278353
0.282033
0.569205
0.362345
0.515927
0.101875
0.329840
0.302378
0.297760
0.415279
0.185712
0.211854
0.425684
0.121366
0.153285
0.289363
0.064825
0.252911
0.303897
0.276522
0.102981
0.333868
0.220748
0.503350
0.294453
0.379324
0.291005
0.328687
0.298194
0.515302
0.093642
0.152102
0.305341
0.381256
0.151310
0.470152
0.628786
0.438743
0.297896
0.533109
0.246180
0.090092
0.289842
0.168484
0.304704
0.382379
0.340850
0.143562
0.178916
0.253477
0.464265
0.285886
0.286629
0.304670
0.431185
0.225403
0.072540
0.491154
0.194827
0.172917
0.269263
0.320287
0.217023
0.212981
0.203970
0.227776
0.349623
0.217028
0.145252
0.254359
0.067141
0.148147
0.339806
0.515469
0.147606
0.157419
0.182207
0.276272
0.126117
0.292383
0.262142
0.213487
0.073985
0.206117
0.100480
0.118265
0.119016
0.275898
0.174905
0.418963
0.313296
0.138715
0.559906
0.147866
0.326890
0.132356
0.105434
0.334958
0.470076
0.214526
0.334083
0.161085
0.344011
0.313600
0.230665
0.313589
0.153737
0.182792
0.389562
0.090994
0.241362
0.179399
0.156434
0.347233
0.271951
0.322503
0.122048
0.549375
0.294773
0.532369
0.429644
0.311470
0.155601
0.317221
0.292660
0.642039
0.232085
0.072445
0.343095
0.427711
0.194863
0.315934
0.424802
0.392791
0.302679
0.508095
0.245890
0.139882
0.351124
0.178185
0.374155
0.388333
0.308299
0.116503
0.072533
0.286415
0.342041
0.317263
0.151014
0.185412
0.350764
0.258556
0.033338
0.432940
0.061657
0.150269
0.334103
0.369751
0.182693
0.335199
0.235697
0.179601
0.311931
0.205750
0.168012
0.305256
0.136662
0.091907
0.332131
0.463207
0.076750
0.184193
0.266368
0.245012
0.150842
0.368006
0.230752
0.326942
0.111758
0.260056
0.077516
0.050015
0.106628
0.273474
0.185909
0.296541
0.274055
0.043115
0.502606
0.127284
0.223752
0.033346
0.033654
0.363321
0.284320
0.167077
0.266602
0.310934
0.279465
0.283725
0.219602
0.322250
0.078405
0.227217
0.320262
0.076993
0.302516
0.299351
0.160940
0.317280
0.272731
0.219668
0.224928
0.592538
0.344875
0.443305
0.488502
0.130369
0.199550
0.202167
0.240070
0.620626
0.284299
0.025416
0.347907
0.461988
0.311953
0.146288
0.315121
0.342217
0.349067
0.486658
0.218713
0.131668
0.530853
0.191840
0.400320
0.313815
0.279512
0.188783
0.083697
0.181687
0.271280
0.350054
0.057770
0.147460
0.237308
0.340752
0.017579
0.316086
0.040676
0.163747
0.304431
0.317735
0.277730
0.276908
0.280965
0.181996
0.288275
0.231092
0.248793
0.243776
0.246877
0.040589
0.223718
0.265323
0.137523
0.102896
0.266642
0.212712
0.088298
0.248170
0.322868
0.347091
0.210930
0.295128
0.234949
0.083579
0.192237
0.323970
0.223585
0.106051
0.225936
0.036333
0.412944
0.219844
0.222839
0.104454
0.103396
0.346321
0.211426
0.133426
0.176660
0.368827
0.292883
0.313652
0.401407
0.318133
0.118270
0.185604
0.144714
0.166963
0.269151
0.209105
0.077330
0.324181
0.293970
0.190368
0.308034
0.503191
0.364226
0.335486
0.316699
0.049955
0.257055
0.105919
0.103735
0.497887
0.195013
0.149105
0.280101
0.488893
0.369779
0.135086
0.370906
0.334482
0.376418
0.428561
0.210577
0.150471
0.483654
0.189220
0.310008
0.258404
0.264470
0.155637
0.092194
0.097518
0.321311
0.353261
0.066693
0.262861
0.177104
0.294406
0.100987
0.152661
0.137287
0.063932
0.189934
0.253973
0.332589
0.228391
0.395270
0.101336
0.308286
0.300307
0.354765
0.176416
0.355929
0.077390
0.084794
0.113474
0.333660
0.118453
0.343461
0.276353
0.112410
0.028677
0.417454
0.335930
0.241664
0.356886
0.262783
0.026617
0.191989
0.318629
0.344626
0.115821
0.117385
0.113803
0.380373
0.208356
0.247003
0.281349
0.218489
0.307587
0.174314
0.148537
0.041068
0.337110
0.297841
0.370959
0.483262
0.179406
0.206672
0.087734
0.119361
0.185751
0.282269
0.153911
0.257117
0.418363
0.172073
0.132783
0.357390
0.453300
0.395133
0.359731
0.163079
0.153914
0.187673
0.090261
0.141869
0.387264
0.064630
0.152968
0.190139
0.440151
0.625362
0.176106
0.419880
0.326028
0.293664
0.350961
0.199798
0.208023
0.253473
0.128931
0.203692
0.253436
0.209645
0.155699
0.114720
0.126430
0.273511
0.294863
0.079797
0.390975
0.242741
0.289399
0.168926
0.060375
0.256679
0.045319
0.285869
0.342235
0.320302
0.263857
0.360286
0.060990
0.339730
0.279912
0.435107
0.212220
0.351406
0.088072
0.136127
0.327427
0.412173
0.318253
0.394608
0.321628
0.151379
0.037296
0.495585
0.407685
0.310480
0.450358
0.285036
0.157410
0.068112
0.246497
0.397004
0.111632
0.113424
0.242605
0.361016
0.144833
0.165412
0.317544
0.289594
0.221475
0.177284
0.215689
0.148474
0.385300
0.311563
0.354568
0.411522
0.158239
0.324433
0.181104
0.131241
0.110659
0.388784
0.245420
0.418354
0.294708
0.113981
0.070037
0.358409
0.424947
0.510516
0.388817
0.147440
0.231065
0.157164
0.080323
0.352171
0.282507
0.060624
0.125830
0.188325
0.366580
0.873589
0.270312
0.351129
0.324266
0.275741
0.234722
0.113736
0.121822
0.239481
0.066681
0.290563
0.259253
0.106605
0.155563
0.150440
0.166229
0.222014
0.239691
0.038858
0.392012
0.127919
0.313585
0.190474
0.031447
0.200940
0.139374
0.235908
0.430911
0.272117
0.304710
0.354178
0.206273
0.281070
0.164088
0.463710
0.328122
0.309749
0.119499
0.130853
0.398513
0.363436
0.506561
0.395624
0.268310
0.115819
0.137555
0.542695
0.469298
0.155316
0.338492
0.282195
0.261403
0.136085
0.185980
0.337678
0.064360
0.181025
0.190459
0.284334
0.115639
0.090153
0.336056
0.322311
0.188610
0.109520
0.244486
0.266937
0.518255
0.307294
0.171893
0.352125
0.131299
0.297293
0.200541
0.076968
0.194681
0.395039
0.320216
0.453332
0.232648
0.040139
0.113201
0.331182
0.386492
0.570295
0.264015
0.263846
0.164012
0.128812
0.110398
0.427392
0.137863
0.192460
0.223354
0.231683
0.236731
0.847956
0.247213
0.341665
0.237180
0.368158
0.145959
0.049984
0.181302
0.284919
0.124992
0.298035
0.181512
0.110824
0.111503
0.137010
0.176545
0.119809
0.275045
0.052837
0.390438
0.119387
0.280776
0.168575
0.033160
0.197747
0.207862
0.295445
0.349755
0.272077
0.255716
0.423861
0.252937
0.170631
0.091210
0.423875
0.312545
0.256603
0.128322
0.286258
0.406209
0.304305
0.583953
0.257445
0.265099
0.113962
0.277546
0.550266
0.403270
0.072283
0.202857
0.143180
0.308164
0.203336
0.154715
0.263766
0.037792
0.224572
0.102614
0.122470
0.110125
0.069521
0.402169
0.361400
0.107088
0.038116
0.247311
0.372596
0.489499
0.314743
0.090369
0.348518
0.080857
0.332653
0.191080
0.117207
0.277808
0.306388
0.260267
0.427617
0.101307
0.107124
0.077243
0.201439
0.331944
0.510045
0.039022
0.274210
0.128752
0.115383
0.084700
0.341783
0.125368
0.355229
0.378385
0.165332
0.182201
0.735839
0.178593
0.348058
0.192084
0.390345
0.116511
0.040152
0.160995
0.314793
0.149235
0.115255
0.119041
0.107324
0.064353
0.123827
0.357615
0.102433
0.304273
0.153276
0.375445
0.132921
0.203250
0.114049
0.072701
0.267915
0.127971
0.281869
0.233595
0.272833
0.253225
0.402440
0.225240
0.093834
0.078558
0.329088
0.240544
0.273454
0.131617
0.368886
0.425175
0.283826
0.622266
0.244989
0.340149
0.166458
0.198883
0.519825
0.358875
0.158144
0.139866
0.021941
0.281225
0.228554
0.108977
0.306866
0.115683
0.234940
0.201671
0.004048
0.017527
0.088305
0.452741
0.394627
0.078371
0.117705
0.396959
0.414096
0.213256
0.193777
0.218479
0.218610
0.076459
0.442765
0.225542
0.245871
0.343987
0.291006
0.178525
0.409593
0.087276
0.194530
0.184768
0.149172
0.291426
0.427873
0.066980
0.150519
0.192521
0.121049
0.061037
0.178361
0.143918
0.398797
0.391981
0.169213
0.223342
0.648616
0.038199
0.163486
0.111285
0.252609
0.077059
0.089895
0.193530
0.389593
0.220491
0.093896
0.167565
0.072230
0.051707
0.132617
0.490309
0.197899
0.173048
0.177570
0.118509
0.179704
0.273589
0.052412
0.125557
0.432211
0.109350
0.287946
0.088154
0.317279
0.375455
0.279360
0.081951
0.100038
0.065078
0.236184
0.101112
0.285986
0.149511
0.312501
0.445234
0.272631
0.612631
0.270679
0.321061
0.172332
0.300520
0.486247
0.427223
0.236180
0.138977
0.043953
0.407163
0.324862
0.033717
0.283242
0.193362
0.346466
0.221968
0.059196
0.086373
0.132866
0.422121
0.329772
0.093245
0.132503
0.338060
0.381351
0.051740
0.158143
0.313006
0.120097
0.136724
0.531632
0.135821
0.309987
0.414047
0.404531
0.190873
0.345098
0.051440
0.201222
0.200356
0.103363
0.233540
0.351397
0.100743
0.082079
0.125707
0.117217
0.148020
0.132654
0.062200
0.363306
0.279980
0.163815
0.080218
0.521919
0.082045
0.128868
0.072874
0.106562
0.045246
0.142135
0.342764
0.400609
0.254128
0.147432
0.257191
0.132612
0.100483
0.179813
0.531032
0.070124
0.066745
0.203585
0.124875
0.218171
0.462705
0.071394
0.223316
0.375613
0.147028
0.168165
0.007407
0.276330
0.441613
0.152544
0.146683
0.184585
0.094041
0.210952
0.112432
0.223447
0.238709
0.219264
0.377517
0.206143
0.560744
0.162437
0.196226
0.176385
0.333080
0.399913
0.486751
0.248458
0.060798
0.143817
0.365279
0.431655
0.039900
0.169176
0.194543
0.465830
0.137617
0.110126
0.143266
0.037655
0.379157
0.235527
0.104112
0.158273
0.146809
0.221700
0.071293
0.128305
0.241587
0.084106
0.272143
0.573719
0.101886
0.365066
0.460741
0.517974
0.265514
0.236746
0.128977
0.220977
0.171914
0.130846
0.141940
0.241089
0.129706
0.124206
0.059972
0.098734
0.313429
0.199675
0.099905
0.316664
0.196216
0.152107
0.046491
0.299701
0.205440
0.150115
0.066476
0.080456
0.071915
0.137149
0.446637
0.384949
0.271826
0.214299
0.367506
0.193325
0.153936
0.219691
0.392278
0.281977
0.141386
0.181937
0.189585
0.215632
0.462266
0.060679
0.169215
0.172046
0.206296
0.218977
0.052423
0.205064
0.309905
0.341839
0.129656
0.078838
0.274486
0.186528
0.142815
0.161476
0.346969
0.172189
0.238102
0.211852
0.476448
0.106951
0.159433
0.184183
0.329880
0.308706
0.522028
0.228680
0.131559
0.195308
0.258681
0.550357
0.065410
0.023815
0.126105
0.497620
0.027432
0.153333
0.206895
0.091919
0.337643
0.172908
0.068626
0.120632
0.148601
0.108143
0.153431
0.122384
0.188840
0.087925
0.261029
0.507298
0.103289
0.377632
0.457200
0.467643
0.215453
0.251164
0.045942
0.249305
0.157032
0.053907
0.035701
0.097125
0.159172
0.172061
0.149263
0.210129
0.403056
0.171119
0.244523
0.380537
0.140876
0.122659
0.053324
0.145395
0.126171
0.121333
0.102051
0.116165
0.145278
0.101045
0.321770
0.451812
0.243423
0.319135
0.455933
0.218879
0.169845
0.135882
0.344136
0.338837
0.066163
0.240676
0.226740
0.189394
0.269754
0.168426
0.015051
0.088712
0.216886
0.449252
0.079609
0.139310
0.149881
0.505325
0.017895
0.073699
0.231001
0.131138
0.036036
0.220114
0.456489
0.259639
0.123034
0.313735
0.304729
0.075357
0.105621
0.147168
0.312601
0.265835
0.392502
0.178669
0.143492
0.235934
0.380832
0.512573
0.046035
0.022054
0.152457
0.524528
0.181820
0.135699
0.138155
0.152488
0.157001
0.087579
0.054310
0.083247
0.102795
0.161374
0.229218
0.122669
0.169394
0.033099
0.205455
0.424229
0.186364
0.260036
0.430195
0.301041
0.244997
0.151097
0.101394
0.186006
0.083341
0.105562
0.202282
0.134252
0.201887
0.160736
0.144122
0.173103
0.350524
0.202528
0.287918
0.407020
0.093270
0.074101
0.098784
0.071066
0.113716
0.065106
0.101898
0.225050
0.065958
0.102826
0.159202
0.549710
0.242129
0.261734
0.478697
0.267463
0.237380
0.151825
0.299731
0.189012
0.049304
0.244078
0.276332
0.227402
0.279083
0.315653
0.064899
0.184050
0.130304
0.554189
0.107966
0.253812
0.169528
0.515339
0.072490
0.099984
0.261370
0.066229
0.035055
0.173538
0.359743
0.154931
0.234970
0.326597
0.268445
0.060957
0.126869
0.091289
0.246832
0.274253
0.229928
0.124145
0.179224
0.286220
0.304377
0.417915
0.038544
0.049114
0.151100
0.494078
0.324625
0.118395
0.088806
0.113664
0.107952
0.014625
0.095538
0.055703
0.020847
0.110636
0.247804
0.135720
0.033330
0.149439
0.241590
0.390188
0.167177
0.102606
0.428746
0.154929
0.217121
0.121467
0.176416
0.120145
0.020857
0.198534
0.352065
0.131866
0.156336
0.104187
0.052887
0.150024
0.208846
0.209264
0.288692
0.330515
0.124948
0.089183
0.123696
0.188384
0.193027
0.053670
0.079835
0.230206
0.065232
0.127161
0.100198
0.563040
0.262824
0.305582
0.415618
0.296945
0.235884
0.100336
0.281399
0.220298
0.123837
0.177020
0.272049
0.306868
0.351877
0.332910
0.047497
0.228730
0.150608
0.560994
0.143869
0.241861
0.204717
0.449438
0.124994
0.075367
0.336816
0.007710
0.078835
0.193949
0.290584
0.199523
0.293735
0.191306
0.249743
0.059814
0.031915
0.118405
0.275095
0.184248
0.161078
0.146103
0.239026
0.364844
0.390637
0.332944
0.030073
0.141204
0.136437
0.493618
0.189144
0.137741
0.200704
0.086709
0.124386
0.072625
0.097076
0.030091
0.095640
0.112697
0.131688
0.115449
0.041535
0.204471
0.321917
0.403912
0.142725
0.027993
0.397481
0.281126
0.213902
0.039726
0.153745
0.124620
0.152380
0.168883
0.467439
0.151061
0.077845
0.179399
0.084367
0.167004
0.189054
0.235687
0.260749
0.179439
0.181853
0.116660
0.114544
0.314704
0.263427
0.032791
0.081010
0.139446
0.069996
0.183728
0.183822
0.484551
0.323804
0.352140
0.405609
0.290131
0.182459
0.115148
0.183079
0.347763
0.154450
0.075398
0.069375
0.341323
0.288166
0.193846
0.099036
0.195340
0.051142
0.442883
0.230811
0.181305
0.093058
0.338798
0.185443
0.291987
0.303198
0.075813
0.212354
0.350443
0.331181
0.268601
0.320197
0.058337
0.112048
0.193619
0.123272
0.080568
0.279944
0.278249
0.207152
0.180385
0.254367
0.319223
0.513855
0.268155
0.177735
0.234539
0.127218
0.497853
0.143484
0.059356
0.208305
0.107515
0.107596
0.090226
0.042733
0.038174
0.054080
0.172400
0.071513
0.119410
0.115403
0.172281
0.460461
0.332893
0.144589
0.148345
0.266589
0.249782
0.104110
0.066096
0.238672
0.193863
0.226524
0.194337
0.412329
0.221478
0.026743
0.205801
0.112723
0.250162
0.311825
0.348408
0.157772
0.062474
0.145446
0.109275
0.140379
0.338238
0.314035
0.167297
0.169573
0.088308
0.115106
0.181473
0.090148
0.379812
0.279555
0.329334
0.324316
0.215177
0.032402
0.149176
0.058644
0.264220
0.176666
0.052972
0.055624
0.233846
0.148756
0.113424
0.200562
0.068380
0.022191
0.455405
0.284026
0.040579
0.076220
0.316096
0.176330
0.331306
0.150029
0.140339
0.175941
0.250698
0.316818
0.384334
0.349671
0.104574
0.122263
0.196277
0.185651
0.102631
0.256262
0.296427
0.197936
0.061313
0.196507
0.215891
0.582362
0.238285
0.339517
0.300248
0.164125
0.411905
0.192702
0.047003
0.114099
0.104779
0.118814
0.072773
0.121768
0.084039
0.078616
0.210045
0.149369
0.035685
0.131733
0.140860
0.494198
0.287036
0.139888
0.314895
0.168097
0.087472
0.009122
0.098112
0.342328
0.147841
0.133570
0.336072
0.379976
0.168179
0.102922
0.239292
0.158924
0.160756
0.408362
0.425885
0.039064
0.122666
0.104068
0.147670
0.132392
0.368934
0.372746
0.334657
0.228451
0.169915
0.163228
0.143587
0.176471
0.350060
0.154085
0.194125
0.263874
0.136185
0.093648
0.152265
0.039099
0.195996
0.227911
0.147417
0.036575
0.063275
0.081146
0.270423
0.222828
0.077582
0.035407
0.506735
0.306204
0.016305
0.131203
0.301463
0.123665
0.219621
0.127774
0.149263
0.073812
0.189168
0.204924
0.341733
0.380675
0.112250
0.228157
0.197605
0.217206
0.024738
0.323497
0.271849
0.156226
0.093817
0.124298
0.158186
0.570471
0.251231
0.333572
0.214240
0.229741
0.328604
0.176414
0.100390
0.005060
0.074834
0.194088
0.085149
0.064596
0.164171
0.170475
0.219901
0.276250
0.198135
0.122666
0.133451
0.428026
0.190117
0.039326
0.220515
0.085350
0.285630
0.048986
0.016781
0.305921
0.117008
0.092363
0.387090
0.361909
0.206713
0.186968
0.339278
0.104997
0.148645
0.362456
0.355268
0.106529
0.242912
0.188193
0.177852
0.040478
0.410459
0.420716
0.227895
0.289417
0.294073
0.132667
0.170166
0.237780
0.286990
0.212024
0.209288
0.217079
0.073627
0.259780
0.040206
0.046431
0.201971
0.260012
0.151145
0.139961
0.126891
0.049012
0.331330
0.169059
0.199441
0.141483
0.507584
0.310083
0.178470
0.161824
0.144220
0.107194
0.311479
0.038876
0.153921
0.031432
0.151124
0.277648
0.294085
0.329054
0.173062
0.273463
0.165853
0.261589
0.049721
0.278434
0.292217
0.209688
0.186543
0.117037
0.173630
0.524901
0.119311
0.234122
0.114973
0.125394
0.235037
0.088698
0.141917
0.093183
0.107707
0.250671
0.101667
0.095743
0.193222
0.175206
0.179927
0.228294
0.231720
0.091578
0.114102
0.425660
0.082149
0.185955
0.211031
0.121821
0.391433
0.112316
0.150386
0.197381
0.174693
0.109501
0.281356
0.312865
0.252328
0.211319
0.325111
0.050846
0.140195
0.286066
0.187447
0.061032
0.372469
0.210594
0.217885
0.102719
0.355660
0.377459
0.098045
0.267634
0.270211
0.081747
0.178337
0.198661
0.201759
0.261214
0.334371
0.106799
0.144333
0.215906
0.108692
0.068343
0.236298
0.226036
0.162225
0.157729
0.177763
0.096611
0.306867
0.062708
0.053200
0.273186
0.361562
0.200868
0.287061
0.330163
0.059156
0.159789
0.356712
0.266161
0.195324
0.034919
0.243738
0.410924
0.298052
0.164327
0.327402
0.265401
0.280386
0.312651
0.119955
0.129841
0.309130
0.297671
0.210693
0.186217
0.096558
0.291354
0.104436
0.164419
0.178668
0.124390
0.186544
0.188901
0.193807
0.164589
0.161507
0.200535
0.103150
0.041879
0.096947
0.077262
0.189265
0.168654
0.221088
0.150428
0.082227
0.401225
0.249264
0.135752
0.291713
0.416278
0.363647
0.098586
0.108268
0.162374
0.130001
0.278243
0.225337
0.293790
0.277976
0.183871
0.232505
0.073149
0.142004
0.216679
0.094824
0.072284
0.398268
0.172032
0.152274
0.072237
0.321916
0.196780
0.026473
0.184758
0.351669
0.108699
0.083705
0.117336
0.168228
0.367030
0.289706
0.044438
0.285818
0.180595
0.179625
0.088962
0.240175
0.193958
0.011507
0.079284
0.271165
0.121560
0.233392
0.039979
0.100167
0.215835
0.282735
0.015091
0.407341
0.462392
0.146466
0.225594
0.112628
0.398139
0.285670
0.065896
0.185394
0.366641
0.439422
0.125659
0.330692
0.290844
0.314578
0.324852
0.161545
0.254004
0.242635
0.210073
0.198800
0.141185
0.150907
0.150996
0.401538
0.121263
0.188516
0.089418
0.106622
0.076736
0.243660
0.132201
0.232459
0.179591
0.090680
0.063571
0.130378
0.183372
0.272197
0.174983
0.201174
0.184880
0.077315
0.236312
0.386831
0.060524
0.408634
0.562342
0.313287
0.101039
0.063441
0.155119
0.094393
0.350934
0.207167
0.286397
0.251455
0.189976
0.147134
0.086437
0.187072
0.075287
0.177971
0.123718
0.326011
0.096073
0.166993
0.024979
0.270488
0.177371
0.015619
0.136699
0.341788
0.151184
0.109003
0.048471
0.084791
0.400650
0.214270
0.197622
0.379947
0.280452
0.160951
0.099191
0.239879
0.194398
0.092057
0.113924
0.390948
0.196009
0.111827
0.066310
0.086709
0.103140
0.162627
0.044674
0.351840
0.387498
0.259047
0.174652
0.094041
0.301771
0.303439
0.150907
0.054006
0.208832
0.491465
0.186078
0.206154
0.358135
0.342487
0.334379
0.061816
0.250715
0.221693
0.134836
0.289143
0.151031
0.244518
0.122773
0.469223
0.204713
0.172542
0.113096
0.175517
0.108344
0.203141
0.153116
0.217914
0.194026
0.072057
0.084621
0.142990
0.119486
0.281169
0.170871
0.158225
0.193310
0.056878
0.025356
0.409312
0.090931
0.396288
0.520833
0.250837
0.079360
0.117806
0.113688
0.140880
0.239208
0.194935
0.299703
0.147611
0.260176
0.111242
0.085655
0.206062
0.174860
0.286207
0.237486
0.329840
0.088435
0.142542
0.062959
0.171214
0.147210
0.114714
0.109481
0.239964
0.167767
0.272370
0.009636
0.296895
0.416261
0.161323
0.251527
0.450762
0.202992
0.163309
0.187455
0.158384
0.135674
0.133847
0.078113
0.416707
0.115614
0.089003
0.063186
0.057644
0.115487
0.122011
0.078835
0.180526
0.252767
0.233799
0.263390
0.171914
0.213735
0.251494
0.109022
0.227117
0.296922
0.423456
0.162015
0.145440
0.396403
0.297451
0.305466
0.080523
0.155679
0.277819
0.259352
0.277072
0.295976
0.318914
0.112803
0.533682
0.303217
0.117657
0.111622
0.239063
0.214628
0.078464
0.190945
0.153841
0.248100
0.117672
0.168575
0.073697
0.094228
0.249880
0.121875
0.157414
0.168418
0.111892
0.146245
0.424832
0.096986
0.247446
0.482496
0.152046
0.067980
0.065597
0.041524
0.203879
0.101438
0.178448
0.200995
0.153031
0.267742
0.097349
0.186856
0.079369
0.238575
0.308438
0.264835
0.331302
0.102894
0.200132
0.090879
0.230130
0.063286
0.191139
0.063302
0.203173
0.175827
0.307153
0.069263
0.362146
0.311601
0.036999
0.333242
0.483582
0.178401
0.132625
0.318718
0.220959
0.080776
0.149308
0.043552
0.352945
0.186953
0.169891
0.158056
0.047061
0.095647
0.088119
0.143301
0.110632
0.212664
0.244872
0.185099
0.237118
0.228531
0.139303
0.097840
0.316889
0.314279
0.353839
0.206000
0.210780
0.362996
0.177701
0.270314
0.048258
0.148887
0.225326
0.279674
0.322506
0.377165
0.344359
0.185381
0.562966
0.354480
0.060093
0.085786
0.306852
0.216760
0.073790
0.254551
0.162189
0.244258
0.100881
0.156918
0.018792
0.128309
0.201976
0.075979
0.187173
0.082452
0.253218
0.174014
0.519468
0.278070
0.141277
0.467088
0.087564
0.149029
0.187143
0.036185
0.258403
0.065071
0.222458
0.020694
0.162441
0.175957
0.211291
0.224946
0.115205
0.235593
0.253869
0.196175
0.250489
0.233004
0.216586
0.197879
0.232579
0.218450
0.123035
0.153281
0.031333
0.176953
0.291814
0.166310
0.110966
0.258987
0.198262
0.349295
0.404878
0.276470
0.227505
0.306779
0.085546
0.084822
0.297833
0.068907
0.278617
0.237399
0.244479
0.150624
0.064103
0.074141
0.040329
0.148487
0.230591
0.218380
0.295198
0.018354
0.293460
0.157999
0.114460
0.216062
0.293811
0.359963
0.330773
0.286122
0.281500
0.310683
0.125651
0.156370
0.018237
0.210490
0.271859
0.116291
0.451720
0.290654
0.349975
0.249282
0.472606
0.335645
0.076402
0.171005
0.409902
0.338196
0.178471
0.365042
0.272577
0.249588
0.153057
0.099834
0.053583
0.101051
0.225077
0.056404
0.139306
0.017585
0.296167
0.182507
0.563300
0.292735
0.087366
0.488968
0.059336
0.178584
0.129556
0.158040
0.283543
0.144661
0.230262
0.084449
0.143908
0.168804
0.279084
0.313275
0.173483
0.222750
0.220663
0.126796
0.080665
0.276766
0.158455
0.195282
0.143881
0.278498
0.053350
0.201329
0.094959
0.171687
0.308396
0.227482
0.116263
0.201841
0.276913
0.184029
0.287167
0.259354
0.223489
0.287835
0.235529
0.107875
0.316580
0.099281
0.294411
0.265126
0.320380
0.222420
0.157118
0.185505
0.116964
0.143051
0.296595
0.140883
0.233979
0.070543
0.334572
0.187543
0.143286
0.159796
0.198970
0.378279
0.307974
0.274760
0.269479
0.193685
0.053289
0.083128
0.092054
0.198982
0.254392
0.071310
0.337198
0.202779
0.314276
0.284485
0.275757
0.269497
0.069239
0.138854
0.351156
0.355506
0.254547
0.400825
0.296579
0.266513
0.270976
0.049924
0.117565
0.106919
0.288278
0.078747
0.045863
0.063797
0.237302
0.334570
0.461074
0.223377
0.171586
0.503352
0.098304
0.158783
0.114752
0.251786
0.233229
0.167592
0.225322
0.090595
0.184062
0.165752
0.152465
0.460223
0.221815
0.266726
0.214000
0.085047
0.029206
0.245963
0.160156
0.118657
0.047037
0.283862
0.080869
0.212936
0.081360
0.091660
0.398161
0.179642
0.247191
0.152329
0.060064
0.175989
0.243254
0.269313
0.196497
0.330161
0.500089
0.060671
0.278432
0.111763
0.280149
0.301267
0.193215
0.269835
0.166941
0.277763
0.184708
0.056455
0.270893
0.095260
0.104071
0.047865
0.252502
0.162589
0.140128
0.192858
0.221410
0.415036
0.239688
0.254923
0.256124
0.324502
0.101758
0.074777
0.110128
0.092096
0.183282
0.134408
0.165081
0.247701
0.190448
0.233840
0.217843
0.377354
0.174377
0.224134
0.332067
0.243042
0.147867
0.285980
0.164872
0.329016
0.288563
0.133373
0.266369
0.066547
0.270801
0.087726
0.073910
0.094248
0.148762
0.551272
0.370611
0.241069
0.266041
0.505902
0.115475
0.148602
0.313858
0.272395
0.240037
0.107098
0.307457
0.143599
0.235028
0.125340
0.083075
0.576627
0.244762
0.373094
0.280485
0.069324
0.085193
0.123453
0.121029
0.035099
0.065395
0.411644
0.196359
0.177375
0.112972
0.104561
0.391002
0.132084
0.347943
0.044244
0.105583
0.260975
0.302735
0.272784
0.177876
0.431436
0.522773
0.140120
0.322754
0.248509
0.111873
0.389718
0.120308
0.223494
0.084689
0.248510
0.269531
0.102920
0.153042
0.223525
0.133978
0.010662
0.197237
0.118545
0.113588
0.290157
0.268741
0.374972
0.196928
0.351086
0.275697
0.334333
0.127052
0.199574
0.115599
0.086397
0.221874
0.024954
0.267965
0.338802
0.129344
0.350531
0.221177
0.354131
0.285717
0.207714
0.382222
0.267333
0.138087
0.160629
0.211133
0.379746
0.179895
0.200783
0.214977
0.138864
0.234097
0.141552
0.084430
0.128627
0.163296
0.647830
0.422891
0.346949
0.301801
0.395876
0.065036
0.291943
0.474446
0.285745
0.298629
0.072093
0.360435
0.247779
0.165722
0.236497
0.059461
0.530171
0.324597
0.431407
0.385278
0.102249
0.132799
0.212078
0.058413
0.093357
0.154899
0.422227
0.277381
0.080901
0.214695
0.101525
0.354861
0.064092
0.406641
0.068352
0.120567
0.160498
0.262690
0.155939
0.140905
0.318630
0.372320
0.143580
0.394871
0.281245
0.103370
0.440889
0.322562
0.171025
0.060802
0.214999
0.414613
0.208267
0.058925
0.198830
0.219552
0.076131
0.202559
0.166140
0.086858
0.160063
0.187791
0.303952
0.309880
0.397392
0.273732
0.213078
0.246634
0.301568
0.270131
0.125824
0.350800
0.071354
0.403663
0.429320
0.081919
0.295132
0.278941
0.317870
0.312996
0.162162
0.322181
0.348441
0.214462
0.301469
0.358780
0.344586
0.123282
0.198939
0.170465
0.198720
0.244895
0.204667
0.164213
0.177363
0.183838
0.632154
0.372985
0.399937
0.273662
0.338198
0.100941
0.400165
0.443241
0.289265
0.300070
0.249631
0.427461
0.351787
0.097791
0.349920
0.055903
0.408368
0.354471
0.450072
0.397614
0.200700
0.196996
0.266663
0.122791
0.167606
0.287593
0.245132
0.188879
0.129511
0.187438
0.104367
0.369896
0.113909
0.502312
0.084931
0.196239
0.124345
0.289976
0.047028
0.070826
0.136224
0.364980
0.187821
0.399053
0.265093
0.196183
0.406942
0.446629
0.162715
0.138126
0.182380
0.552205
0.194689
0.014437
0.079177
0.262313
0.150246
0.106698
0.167681
0.125569
0.260099
0.156665
0.228225
0.307024
0.381243
0.220012
0.132559
0.340301
0.329513
0.461603
0.105918
0.261116
0.189329
0.485785
0.482952
0.062562
0.243190
0.268372
0.347644
0.298056
0.210040
0.286766
0.374496
0.243067
0.375486
0.365432
0.274894
0.185636
0.190506
0.228066
0.248275
0.360731
0.229623
0.155109
0.257369
0.151740
0.490264
0.276585
0.275601
0.298902
0.302697
0.159335
0.353703
0.413566
0.229252
0.183730
0.283991
0.363082
0.404216
0.052365
0.329350
0.042814
0.283797
0.296384
0.439490
0.301400
0.280881
0.134356
0.169407
0.136784
0.202509
0.307774
0.240035
0.098390
0.123237
0.132004
0.146439
0.340834
0.108626
0.523824
0.070166
0.296595
0.160955
0.226217
0.179842
0.160633
0.047873
0.327893
0.244060
0.296096
0.243711
0.264366
0.292102
0.400434
0.176762
0.225081
0.119742
0.564897
0.268926
0.166261
0.221710
0.237977
0.315354
0.006421
0.177316
0.169775
0.351972
0.180750
0.220535
0.300046
0.353790
0.267300
0.202725
0.420276
0.201614
0.506555
0.121226
0.362050
0.299698
0.415046
0.421787
0.204991
0.198572
0.175682
0.379754
0.311321
0.227720
0.351925
0.357312
0.217111
0.332522
0.243662
0.275575
0.149946
0.201046
0.301754
0.347884
0.571686
0.371087
0.121482
0.402769
0.111030
0.385573
0.180502
0.116615
0.336576
0.237622
0.279217
0.406306
0.360805
0.300508
0.133408
0.337294
0.272810
0.410782
0.121642
0.254845
0.087554
0.266127
0.160183
0.456966
0.189643
0.318049
0.035278
0.094067
0.123420
0.309063
0.334071
0.296689
0.139750
0.188565
0.217232
0.072022
0.193514
0.175778
0.360027
0.152918
0.446688
0.200918
0.210218
0.225249
0.139708
0.120799
0.262443
0.322980
0.192735
0.197222
0.190565
0.093298
0.274601
0.255600
0.226682
0.100783
0.539027
0.349297
0.208016
0.198423
0.359748
0.431842
0.111356
0.235012
0.172227
0.271031
0.234912
0.236656
0.300422
0.319054
0.332745
0.163970
0.423907
0.270978
0.425953
0.185472
0.546845
0.326951
0.303747
0.358629
0.271352
0.209013
0.070865
0.300666
0.304990
0.257380
0.344028
0.286278
0.175063
0.240007
0.234133
0.217798
0.040176
0.267931
0.238810
0.449435
0.635359
0.484872
0.160519
0.535285
0.140860
0.349738
0.130418
0.130911
0.434443
0.206622
0.387832
0.570541
0.277760
0.237861
0.239264
0.481520
0.359547
0.382075
0.164753
0.187181
0.112011
0.220155
0.156079
0.406706
0.159152
0.262548
0.077474
0.066573
0.157099
0.291675
0.423445
0.357096
0.272993
0.125374
0.263327
0.054625
0.082843
0.282365
0.257548
0.233914
0.434574
0.174922
0.208291
0.266636
0.134598
0.130381
0.161808
0.364531
0.145700
0.307806
0.124894
0.077914
0.280713
0.298618
0.150291
0.219031
0.563191
0.346558
0.154758
0.142366
0.330227
0.428978
0.065336
0.383113
0.179084
0.307383
0.222851
0.213970
0.261808
0.303964
0.369651
0.188524
0.407948
0.202887
0.410335
0.184560
0.495966
0.326069
0.178239
0.295625
0.294578
0.262104
0.039940
0.284173
0.314737
0.301153
0.297589
0.149475
0.250204
0.260023
0.133604
0.136933
0.061828
0.303874
0.183717
0.463495
0.623468
0.475738
0.335530
0.591777
0.272216
0.323033
0.021598
0.234761
0.545624
0.172130
0.427200
0.633818
0.225732
0.254249
0.300961
0.547621
0.349300
0.411107
0.170468
0.254960
0.118665
0.126917
0.149869
0.252188
0.149573
0.220177
0.201052
0.134010
0.203867
0.343416
0.421589
0.320116
0.272579
0.072351
0.320653
0.186763
0.101100
0.315649
0.405780
0.322407
0.319739
0.060708
0.149656
0.367192
0.150830
0.108506
0.184815
0.425327
0.116401
0.246888
0.109453
0.111332
0.369831
0.277945
0.181839
0.351571
0.545279
0.266336
0.167881
0.146340
0.141706
0.421994
0.030054
0.385236
0.321281
0.222828
0.183903
0.171962
0.207944
0.297940
0.421886
0.243565
0.375256
0.171178
0.464137
0.246073
0.407972
0.322544
0.029182
0.273278
0.191093
0.276007
0.087029
0.346525
0.328264
0.332649
0.274184
0.150820
0.236519
0.219673
0.142127
0.159554
0.153911
0.313222
0.151588
0.424327
0.562224
0.395085
0.285597
0.556307
0.365851
0.271591
0.139953
0.230178
0.503029
0.147596
0.261595
0.557667
0.231608
0.197705
0.211417
0.460471
0.345430
0.373056
0.121806
0.404432
0.051924
0.074951
0.191421
0.102727
0.106908
0.231316
0.344182
0.165740
0.081993
0.389905
0.353267
0.285394
0.219017
0.167723
0.200488
0.310131
0.151235
0.410657
0.446477
0.366209
0.235517
0.022102
0.086764
0.420057
0.212589
0.076310
0.241365
0.408768
0.180785
0.148747
0.124585
0.039496
0.302959
0.193865
0.289874
0.223105
0.443044
0.302253
0.315123
0.317345
0.152577
0.498406
0.094342
0.285906
0.352335
0.149896
0.140678
0.211176
0.198789
0.304156
0.369698
0.124467
0.424242
0.260227
0.450676
0.312178
0.414966
0.294410
0.161095
0.181747
0.164876
0.322926
0.153309
0.425096
0.358241
0.335603
0.319936
0.134354
0.169470
0.182307
0.123341
0.090019
0.301287
0.326617
0.200083
0.511408
0.474674
0.357628
0.255290
0.453141
0.279695
0.146127
0.120838
0.137341
0.386598
0.163365
0.150527
0.478422
0.284879
0.142020
0.117144
0.373660
0.376594
0.262133
0.130750
0.385601
0.108930
0.107988
0.283825
0.168842
0.107286
0.191891
0.289908
0.178002
0.081646
0.405571
0.383730
0.222107
0.179214
0.226225
0.143812
0.259629
0.166578
0.463897
0.346602
0.354416
0.272442
0.119884
0.109442
0.275723
0.161286
0.077582
0.143710
0.354677
0.240366
0.174176
0.231632
0.097318
0.241541
0.156485
0.449343
0.171502
0.481756
0.283454
0.294627
0.409351
0.117041
0.513735
0.016744
0.247577
0.236158
0.187450
0.140392
0.272588
0.050107
0.317600
0.251269
0.100901
0.461350
0.289345
0.313589
0.306950
0.413787
0.233433
0.287621
0.186595
0.295130
0.276529
0.182352
0.325311
0.324217
0.329891
0.373831
0.201990
0.099624
0.216186
0.069938
0.038160
0.303930
0.365746
0.298793
0.536809
0.330541
0.375577
0.426568
0.357301
0.163566
0.168418
0.058556
0.133210
0.337089
0.087391
0.162682
0.452622
0.318036
0.242247
0.086880
0.451030
0.352413
0.178097
0.173211
0.288853
0.171078
0.130077
0.219015
0.195484
0.142791
0.115813
0.280952
0.140945
0.150371
0.338350
0.413285
0.049200
0.108564
0.293111
0.278027
0.232358
0.141385
0.499161
0.311434
0.436383
0.242018
0.201037
0.134452
0.115041
0.159828
0.172287
0.112249
0.280880
0.265349
0.275043
0.298485
0.124801
0.101709
0.124999
0.529395
0.112340
0.546629
0.246807
0.172462
0.429988
0.053175
0.384001
0.130242
0.336930
0.140388
0.292582
0.196549
0.160398
0.046803
0.338540
0.159794
0.216716
0.415362
0.196121
0.172051
0.233533
0.310227
0.265059
0.283530
0.309432
0.377031
0.233719
0.100450
0.217283
0.205780
0.352917
0.345874
0.243546
0.155046
0.303335
0.055040
0.040200
0.296150
0.409851
0.377308
0.455822
0.232435
0.417773
0.591848
0.391973
0.202084
0.217247
0.148005
0.218609
0.361386
0.076997
0.201683
0.353925
0.326990
0.331895
0.190055
0.557250
0.295792
0.109116
0.143930
0.343447
0.245807
0.127525
0.191578
0.392172
0.133020
0.190931
0.367012
0.194483
0.248136
0.339243
0.522713
0.138655
0.143712
0.322912
0.347299
0.257890
0.172113
0.414510
0.356056
0.436561
0.301994
0.133978
0.162115
0.172788
0.327536
0.186163
0.100679
0.208962
0.311931
0.292202
0.232595
0.185579
0.021520
0.207047
0.494034
0.105271
0.403428
0.374828
0.154280
0.435107
0.231789
0.235677
0.220703
0.312691
0.227015
0.316093
0.279906
0.151664
0.102840
0.329862
0.214703
0.211534
0.383570
0.037037
0.109035
0.164351
0.215165
0.232697
0.213703
0.189818
0.409606
0.422555
0.070153
0.234877
0.140052
0.333012
0.247371
0.166345
0.305855
0.310526
0.219582
0.052067
0.382430
0.368803
0.376487
0.399747
0.253458
0.334870
0.501573
0.422605
0.335567
0.194410
0.084443
0.232221
0.317194
0.119728
0.176670
0.292724
0.328616
0.367006
0.198564
0.521259
0.230953
0.220868
0.056159
0.375834
0.170100
0.120649
0.169463
0.454199
0.117334
0.288050
0.438892
0.210652
0.285550
0.297149
0.670834
0.233045
0.155647
0.298294
0.265074
0.312288
0.213832
0.378110
0.415708
0.329604
0.414347
0.040618
0.209560
0.257149
0.396412
0.279929
0.097073
0.165857
0.452552
0.244271
0.256972
0.255529
0.077803
0.234842
0.394006
0.134834
0.270289
0.493669
0.301275
0.370598
0.308985
0.236393
0.148835
0.176219
0.240437
0.302237
0.328739
0.129534
0.176954
0.311735
0.118102
0.367661
0.496084
0.069073
0.154802
0.144309
0.215481
0.071430
0.162625
0.121370
0.428785
0.536267
0.092030
0.237066
0.200802
0.277197
0.213615
0.072164
0.349866
0.362774
0.267500
0.128125
0.515042
0.204571
0.408246
0.440319
0.282071
0.197590
0.402534
0.404257
0.380660
0.121042
0.027373
0.208241
0.215906
0.291986
0.110723
0.237234
0.330621
0.381588
0.231172
0.397272
0.228243
0.377337
0.066598
0.345414
0.136354
0.177577
0.272443
0.436149
0.133633
0.289026
0.333179
0.230818
0.300754
0.145908
0.725846
0.126954
0.262790
0.229113
0.211936
0.287637
0.233342
0.377118
0.370501
0.195071
0.511274
0.021006
0.209761
0.393840
0.335466
0.373192
0.120094
0.209296
0.350983
0.233512
0.315810
0.195956
0.221506
0.181782
0.355663
0.173065
0.336534
0.497848
0.380081
0.428760
0.436602
0.256673
0.186702
0.102854
0.318473
0.331461
0.294718
0.127229
0.280113
0.198613
0.066837
0.454636
0.543135
0.255993
0.075538
0.136066
0.183794
0.073438
0.199161
0.124672
0.392712
0.391711
0.235116
0.172793
0.295117
0.218821
0.184187
0.093712
0.338447
0.419005
0.157908
0.058452
0.588760
0.074370
0.521610
0.379502
0.222865
0.089837
0.399114
0.339253
0.280613
0.056874
0.089282
0.249006
0.217171
0.364632
0.177548
0.205297
0.309603
0.285015
0.232794
0.324658
0.250528
0.357985
0.201521
0.277309
0.160435
0.232743
0.329151
0.470839
0.240374
0.220704
0.183149
0.136917
0.324154
0.166286
0.542725
0.117459
0.339297
0.196189
0.252577
0.247824
0.177976
0.437040
0.265278
0.208563
0.501162
0.135827
0.174368
0.528890
0.352143
0.454433
0.234969
0.132769
0.181229
0.295942
0.250963
0.062501
0.244641
0.216620
0.339936
0.203936
0.419820
0.428012
0.346705
0.246859
0.484304
0.202763
0.334979
0.131664
0.262846
0.387845
0.413884
0.147810
0.285292
0.081066
0.092254
0.448689
0.388674
0.228004
0.066161
0.148214
0.084140
0.143279
0.115444
0.151771
0.389506
0.310314
0.225338
0.057442
0.231591
0.083219
0.072472
0.159340
0.331358
0.473209
0.038308
0.026766
0.542313
0.087744
0.547230
0.263944
0.087054
0.232635
0.444663
0.295069
0.230931
0.088188
0.108578
0.337451
0.130434
0.342418
0.294364
0.095082
0.307410
0.228281
0.172446
0.252411
0.155432
0.264249
0.304668
0.263574
0.212038
0.132227
0.364428
0.401869
0.287801
0.199637
0.130881
0.222787
0.346178
0.245664
0.415236
0.092085
0.287123
0.223756
0.356568
