# G_3, p = 0.4000 GPa (dir_4000.0_bar).
# D8R-only: 36 rings x 101 frames = 3636 samples.
# Column: per-D8R Delta [A]
0.602073
0.518740
0.448970
0.602067
0.518731
0.448954
0.602050
0.518765
0.448997
0.602043
0.518719
0.448978
0.602786
0.517499
0.448030
0.602785
0.517505
0.448008
0.602811
0.517485
0.448041
0.602809
0.517492
0.448032
0.602762
0.517521
0.448071
0.602775
0.517517
0.448055
0.602788
0.517518
0.448071
0.602799
0.517505
0.448067
0.520653
0.464567
0.495587
0.493463
0.480404
0.479199
0.471590
0.496523
0.279051
0.535490
0.659287
0.430781
0.438487
0.527235
0.451930
0.487055
0.565572
0.572289
0.701059
0.588781
0.654897
0.549892
0.528952
0.315283
0.709944
0.437708
0.388947
0.564042
0.460934
0.527057
0.543415
0.635560
0.297365
0.645740
0.478005
0.671123
0.370604
0.497916
0.414676
0.412316
0.451111
0.488521
0.329000
0.489355
0.253294
0.462158
0.546965
0.346950
0.471677
0.504611
0.594292
0.545574
0.530364
0.586027
0.701025
0.666025
0.610280
0.490316
0.520347
0.411586
0.738382
0.370921
0.412302
0.443069
0.440223
0.452784
0.540388
0.722603
0.298255
0.720039
0.547546
0.834315
0.295565
0.619864
0.361258
0.385709
0.492350
0.487646
0.236038
0.462123
0.332894
0.464088
0.350924
0.341468
0.551440
0.448404
0.771844
0.713945
0.556619
0.536228
0.647809
0.646262
0.411560
0.413193
0.409550
0.629326
0.610093
0.409000
0.498795
0.352249
0.397675
0.288556
0.617616
0.802067
0.420533
0.832630
0.654476
0.896537
0.362460
0.677644
0.416684
0.399489
0.483096
0.447983
0.161722
0.426353
0.331967
0.516013
0.264613
0.451656
0.450087
0.379152
0.798099
0.819639
0.642881
0.495830
0.591056
0.592950
0.369651
0.406951
0.201673
0.601752
0.490766
0.312951
0.565455
0.277270
0.414541
0.223617
0.727979
0.797298
0.497752
0.870476
0.638726
0.970606
0.442985
0.683864
0.488716
0.427174
0.464917
0.381778
0.236830
0.383749
0.279135
0.512107
0.329174
0.486078
0.331996
0.368485
0.693877
0.731745
0.701677
0.448945
0.460840
0.543733
0.539137
0.431177
0.191884
0.428224
0.578738
0.161014
0.495293
0.256503
0.474090
0.232999
0.806564
0.702761
0.533453
0.875564
0.548023
1.093656
0.357385
0.662358
0.406653
0.425725
0.394149
0.403937
0.266245
0.381982
0.216274
0.530920
0.307615
0.407407
0.266148
0.355190
0.661171
0.604288
0.604352
0.429604
0.300058
0.549293
0.605883
0.488563
0.201263
0.322198
0.771832
0.102826
0.414241
0.255267
0.494208
0.235253
0.758771
0.646107
0.554670
0.807102
0.458726
1.052913
0.272911
0.742181
0.314161
0.257777
0.269359
0.552826
0.340327
0.438884
0.180947
0.503886
0.344442
0.390089
0.251026
0.345453
0.745917
0.592112
0.613644
0.492370
0.267956
0.504446
0.420407
0.528124
0.233940
0.338477
0.798389
0.171077
0.408833
0.301138
0.419968
0.201419
0.661944
0.667672
0.557926
0.746455
0.333116
0.976548
0.200053
0.684617
0.279373
0.257092
0.177724
0.623793
0.477540
0.435723
0.312489
0.409303
0.377918
0.489039
0.257145
0.310993
0.721512
0.573932
0.643885
0.489141
0.305497
0.399125
0.205009
0.475085
0.196528
0.307508
0.634417
0.298930
0.364861
0.388731
0.279792
0.219108
0.542009
0.706197
0.531943
0.650145
0.307818
0.874652
0.153834
0.513843
0.266914
0.246834
0.242914
0.492304
0.494209
0.383937
0.451930
0.295610
0.433014
0.525718
0.472287
0.346922
0.489866
0.507971
0.652689
0.360802
0.225124
0.295536
0.114447
0.393268
0.225404
0.244166
0.529273
0.334111
0.290500
0.424014
0.301636
0.327089
0.414934
0.626881
0.503651
0.607249
0.272408
0.712778
0.214195
0.369736
0.206713
0.379478
0.346031
0.362745
0.467788
0.338539
0.393882
0.349833
0.424842
0.468223
0.608642
0.393262
0.229159
0.355329
0.629877
0.260118
0.322224
0.269133
0.115230
0.315711
0.234788
0.276928
0.442296
0.266971
0.221429
0.455737
0.438826
0.390145
0.347776
0.442083
0.554408
0.553561
0.283792
0.424692
0.194387
0.379344
0.200780
0.304093
0.296163
0.356092
0.512161
0.279921
0.320186
0.479496
0.431740
0.459243
0.588014
0.412764
0.119021
0.250560
0.640906
0.280501
0.268711
0.301598
0.075956
0.458137
0.181060
0.378849
0.386834
0.145689
0.084571
0.377060
0.533477
0.286777
0.318324
0.333710
0.510971
0.504680
0.275220
0.229546
0.295441
0.304026
0.260814
0.297196
0.232624
0.318064
0.623272
0.279701
0.285872
0.483209
0.350555
0.358489
0.542329
0.353995
0.065899
0.207426
0.533061
0.278345
0.120589
0.311149
0.048913
0.427807
0.189646
0.436284
0.412769
0.235664
0.225706
0.325555
0.481854
0.187708
0.285885
0.291983
0.361868
0.404469
0.176948
0.124254
0.368383
0.122278
0.229047
0.390403
0.166024
0.200508
0.665807
0.306054
0.273559
0.326576
0.335258
0.265821
0.456232
0.334910
0.182598
0.183573
0.320703
0.226453
0.125864
0.264888
0.042906
0.475273
0.258211
0.377243
0.502203
0.313977
0.215785
0.317549
0.414939
0.214613
0.220111
0.191583
0.177837
0.305350
0.217494
0.093017
0.385297
0.145637
0.235150
0.464266
0.079787
0.172460
0.603890
0.283430
0.213403
0.236888
0.305376
0.236389
0.434357
0.380696
0.203323
0.201864
0.297084
0.222230
0.043016
0.238050
0.097555
0.535657
0.124127
0.327771
0.555619
0.263739
0.108042
0.159751
0.425231
0.329882
0.151276
0.083736
0.166612
0.164136
0.227390
0.156153
0.366565
0.043674
0.160513
0.441706
0.071193
0.208126
0.519718
0.195406
0.203756
0.253309
0.342317
0.176511
0.419922
0.387688
0.178794
0.219150
0.183629
0.236278
0.085729
0.235531
0.169561
0.488607
0.077773
0.309664
0.433550
0.246233
0.162139
0.080532
0.401089
0.309563
0.229329
0.087281
0.242979
0.079719
0.099936
0.213058
0.331865
0.030015
0.189343
0.429168
0.065025
0.173389
0.375270
0.263450
0.250739
0.229171
0.191474
0.141494
0.467907
0.351109
0.314024
0.263899
0.153505
0.229857
0.041293
0.210049
0.123707
0.444457
0.093155
0.296468
0.276485
0.251186
0.151465
0.157842
0.304978
0.218990
0.201009
0.063801
0.205074
0.140413
0.014097
0.074000
0.344845
0.134037
0.155885
0.348093
0.079358
0.061275
0.318017
0.288616
0.269430
0.181770
0.089625
0.124670
0.441649
0.328808
0.477692
0.160228
0.180538
0.293836
0.085155
0.114420
0.064176
0.485931
0.171544
0.183331
0.229303
0.305345
0.147022
0.241539
0.267618
0.143779
0.276169
0.039097
0.202009
0.090363
0.084019
0.153671
0.322510
0.230692
0.013305
0.279095
0.160958
0.051545
0.489661
0.218775
0.354124
0.271370
0.149103
0.058361
0.334514
0.187744
0.489339
0.197865
0.231245
0.288016
0.094041
0.060013
0.094019
0.455547
0.246535
0.143770
0.178643
0.265948
0.161933
0.309156
0.286510
0.210666
0.237398
0.199061
0.365170
0.075477
0.064082
0.296859
0.291604
0.117618
0.108764
0.293602
0.245249
0.057870
0.581110
0.079884
0.304572
0.376835
0.131231
0.040914
0.190912
0.141816
0.369813
0.186205
0.379543
0.226549
0.039466
0.067991
0.077343
0.301215
0.259280
0.164330
0.069723
0.177770
0.206312
0.318229
0.236766
0.114032
0.148566
0.248840
0.530115
0.324847
0.062445
0.136436
0.250207
0.077664
0.073025
0.319674
0.215937
0.060857
0.566838
0.055218
0.182313
0.329039
0.238771
0.111088
0.173799
0.293698
0.294629
0.193398
0.284619
0.236220
0.046099
0.130868
0.036269
0.225648
0.224393
0.235274
0.089161
0.182048
0.164910
0.296293
0.238851
0.066204
0.220311
0.232873
0.560674
0.394078
0.188837
0.026741
0.253421
0.078291
0.148233
0.275038
0.164075
0.189299
0.527539
0.151728
0.152279
0.167884
0.276248
0.240913
0.218654
0.417944
0.278050
0.244168
0.115232
0.227761
0.048978
0.102922
0.059538
0.218035
0.218370
0.302075
0.114049
0.257796
0.109114
0.262843
0.157560
0.126050
0.263058
0.159785
0.417844
0.319314
0.185053
0.124910
0.240713
0.149515
0.166644
0.366199
0.127829
0.267239
0.447306
0.146784
0.165264
0.046753
0.193463
0.305670
0.171031
0.236428
0.234597
0.297123
0.117100
0.169925
0.089798
0.076111
0.153941
0.136247
0.288896
0.358656
0.090477
0.305427
0.089478
0.184607
0.091875
0.117628
0.271950
0.102452
0.307563
0.265008
0.212823
0.176579
0.092247
0.127382
0.127691
0.384750
0.114293
0.256360
0.325784
0.107677
0.072078
0.059475
0.228061
0.229624
0.231795
0.060476
0.156709
0.306522
0.121677
0.157077
0.144337
0.073233
0.209660
0.043930
0.283534
0.318099
0.038717
0.254094
0.096264
0.157782
0.074963
0.119897
0.308294
0.068926
0.280383
0.295609
0.255494
0.138771
0.086842
0.051238
0.151388
0.304009
0.127688
0.229449
0.274817
0.159271
0.080905
0.015721
0.366974
0.348427
0.273877
0.143693
0.214687
0.320374
0.219092
0.113107
0.127701
0.053926
0.069969
0.231811
0.162339
0.253048
0.099710
0.257927
0.055777
0.070734
0.181349
0.063966
0.233426
0.051216
0.183348
0.296802
0.259201
0.244291
0.163709
0.029978
0.243525
0.513946
0.064163
0.311994
0.284067
0.188882
0.088850
0.128668
0.419466
0.393418
0.302531
0.027132
0.252940
0.276797
0.268398
0.230285
0.152882
0.032052
0.090689
0.317273
0.147108
0.149624
0.288195
0.189252
0.077674
0.090878
0.316920
0.047588
0.014039
0.116973
0.240368
0.186690
0.222227
0.206624
0.215776
0.161209
0.297988
0.621189
0.080245
0.328631
0.415231
0.214870
0.045802
0.248933
0.434032
0.377259
0.333804
0.156334
0.184164
0.174590
0.273681
0.147318
0.116785
0.244839
0.142024
0.468977
0.211931
0.023339
0.377277
0.174299
0.039725
0.181324
0.267432
0.157790
0.164538
0.168418
0.276626
0.055564
0.270782
0.235205
0.342878
0.207210
0.260626
0.581126
0.041062
0.363933
0.408879
0.220076
0.042232
0.330729
0.468464
0.318262
0.411516
0.143913
0.295032
0.206945
0.240204
0.098665
0.080764
0.410489
0.095679
0.665981
0.265200
0.120625
0.409402
0.111911
0.050496
0.249291
0.335287
0.289052
0.173029
0.114274
0.208627
0.054964
0.247522
0.245592
0.516356
0.141249
0.158636
0.525180
0.089812
0.409506
0.500234
0.204466
0.083451
0.364118
0.421579
0.280341
0.440678
0.131430
0.310245
0.214741
0.152725
0.249172
0.150333
0.397189
0.043861
0.776315
0.335382
0.111380
0.434984
0.164558
0.097692
0.332294
0.302165
0.301596
0.104454
0.117773
0.144265
0.149280
0.139515
0.142140
0.608909
0.091952
0.218226
0.559308
0.257911
0.435640
0.643826
0.184382
0.156881
0.427753
0.363976
0.327123
0.498161
0.029373
0.268819
0.318248
0.125048
0.251215
0.198997
0.329807
0.082461
0.700236
0.419720
0.127999
0.434710
0.232645
0.136398
0.457570
0.307692
0.236517
0.233747
0.227745
0.148358
0.141898
0.069897
0.179629
0.621978
0.147084
0.234490
0.577229
0.380873
0.435557
0.651910
0.174624
0.067270
0.375196
0.361475
0.331435
0.596960
0.065361
0.315790
0.345652
0.199042
0.273658
0.224286
0.332922
0.026596
0.622888
0.428924
0.178239
0.430781
0.153151
0.166543
0.438630
0.387670
0.197496
0.292887
0.350205
0.158162
0.139964
0.136308
0.186488
0.548932
0.150111
0.224505
0.512620
0.352780
0.493378
0.478520
0.198842
0.111412
0.261078
0.305882
0.298589
0.695913
0.179686
0.386122
0.343506
0.234453
0.358597
0.198405
0.365228
0.027686
0.553402
0.343533
0.221379
0.518170
0.083940
0.251212
0.414489
0.459012
0.193823
0.195660
0.511415
0.207258
0.189799
0.230937
0.183121
0.422755
0.137176
0.122143
0.485481
0.316266
0.499500
0.360863
0.203082
0.185419
0.305282
0.356335
0.240529
0.789482
0.206663
0.268587
0.258363
0.222595
0.359416
0.065324
0.406795
0.121608
0.585640
0.308491
0.221582
0.634428
0.080272
0.232587
0.455135
0.582737
0.174305
0.196109
0.483739
0.185366
0.195501
0.322040
0.126463
0.276878
0.121206
0.121153
0.494318
0.443616
0.367812
0.401950
0.240177
0.215560
0.474413
0.431736
0.157625
0.755096
0.192140
0.176287
0.223583
0.254672
0.298230
0.132895
0.526815
0.160440
0.564879
0.367900
0.225717
0.640898
0.144388
0.275853
0.542473
0.620850
0.098741
0.339424
0.325301
0.176061
0.309365
0.350085
0.067274
0.254978
0.200873
0.332869
0.428862
0.564323
0.192018
0.482540
0.253856
0.338853
0.493806
0.419947
0.036410
0.642956
0.224244
0.248765
0.282760
0.361499
0.368691
0.353646
0.605889
0.072492
0.590294
0.441009
0.238263
0.506889
0.288204
0.297437
0.613045
0.589198
0.139185
0.374213
0.225419
0.244078
0.319756
0.385699
0.166598
0.301615
0.259398
0.325121
0.342172
0.573703
0.185326
0.452449
0.310223
0.432924
0.407933
0.356268
0.025554
0.567250
0.158607
0.218770
0.432589
0.361114
0.567399
0.437928
0.516754
0.062415
0.603524
0.434370
0.394957
0.457822
0.415381
0.435561
0.619936
0.558436
0.137068
0.398378
0.292916
0.233988
0.321773
0.503696
0.298206
0.343185
0.253884
0.264231
0.361820
0.445717
0.250376
0.405284
0.355002
0.459989
0.325979
0.309005
0.139675
0.554995
0.087919
0.163603
0.480865
0.390922
0.620434
0.249841
0.342361
0.279008
0.559045
0.412118
0.525426
0.512171
0.526086
0.553772
0.587488
0.477405
0.188172
0.542065
0.396696
0.166073
0.379027
0.580352
0.404648
0.275376
0.171315
0.318321
0.396214
0.375046
0.223865
0.465642
0.346970
0.441850
0.404643
0.361528
0.255781
0.498979
0.161275
0.354575
0.497738
0.441343
0.451629
0.298140
0.257020
0.460364
0.458993
0.459311
0.599125
0.438954
0.589458
0.577608
0.547884
0.409396
0.220421
0.541847
0.423431
0.245005
0.423068
0.598541
0.495494
0.230058
0.218732
0.448114
0.274942
0.411854
0.303989
0.540405
0.385005
0.520344
0.486283
0.403058
0.302398
0.442872
0.318695
0.649916
0.540669
0.425608
0.259729
0.294502
0.228880
0.419241
0.472271
0.503621
0.704046
0.336648
0.643384
0.560558
0.575908
0.322304
0.282776
0.479014
0.355576
0.276306
0.451316
0.599805
0.550584
0.211061
0.288470
0.464070
0.179378
0.443960
0.322556
0.437357
0.484308
0.637288
0.514810
0.425799
0.334627
0.461864
0.385596
0.733264
0.578909
0.422155
0.170766
0.184638
0.217781
0.344182
0.534950
0.474401
0.818403
0.226023
0.675964
0.540056
0.565407
0.235046
0.340500
0.435459
0.283050
0.363996
0.522364
0.629481
0.617657
0.256518
0.380911
0.477576
0.225398
0.488770
0.288212
0.365016
0.569279
0.614156
0.479269
0.494432
0.487422
0.527744
0.511583
0.671815
0.433901
0.519202
0.210316
0.293062
0.148731
0.501880
0.627459
0.451272
0.820684
0.255578
0.606925
0.529952
0.523803
0.282481
0.370450
0.475001
0.352169
0.494113
0.663852
0.741206
0.642699
0.235304
0.431399
0.570640
0.190244
0.560974
0.339892
0.358936
0.504563
0.396484
0.466853
0.553061
0.666763
0.441423
0.630906
0.570634
0.393028
0.544337
0.193332
0.448250
0.132122
0.677873
0.622690
0.479834
0.737552
0.391850
0.466843
0.447421
0.504969
0.410101
0.442065
0.514740
0.491257
0.577147
0.774838
0.786613
0.668295
0.293795
0.466994
0.679307
0.222902
0.596835
0.398713
0.384055
0.451873
0.204242
0.432047
0.580889
0.684367
0.330430
0.636032
0.562537
0.363904
0.388783
0.112476
0.551087
0.136657
0.635249
0.598298
0.528984
0.664972
0.469992
0.354996
0.359999
0.584177
0.431381
0.528520
0.560777
0.607239
0.475637
0.747056
0.703844
0.627848
0.402060
0.482558
0.636372
0.154402
0.537227
0.300413
0.405382
0.572704
0.181674
0.468141
0.475622
0.640572
0.260102
0.628930
0.608727
0.525803
0.219528
0.124174
0.579984
0.207392
0.481560
0.507568
0.422901
0.643031
0.505752
0.323405
0.400154
0.593432
0.423264
0.564465
0.621028
0.555229
0.355474
0.676051
0.554145
0.532549
0.481669
0.503733
0.490347
0.157442
0.422571
0.351446
0.357325
0.628402
0.323665
0.565628
0.374308
0.704822
0.249986
0.659560
0.594812
0.478593
0.344872
0.199123
0.598407
0.261173
0.525491
0.460780
0.227181
0.612366
0.534591
0.269175
0.437732
0.517795
0.284448
0.550898
0.606486
0.454310
0.420787
0.673437
0.452855
0.471334
0.497622
0.516229
0.471299
0.154463
0.430783
0.347699
0.360598
0.590498
0.504122
0.612760
0.366214
0.840424
0.306608
0.708992
0.587073
0.425911
0.569185
0.434356
0.640977
0.315230
0.594003
0.378477
0.172620
0.504698
0.533827
0.207881
0.433155
0.394205
0.214955
0.482028
0.506476
0.435927
0.643800
0.623291
0.402642
0.386733
0.569887
0.589642
0.534808
0.213093
0.516891
0.310454
0.529925
0.451215
0.589151
0.576762
0.351632
0.817890
0.296663
0.755840
0.563533
0.440374
0.565884
0.489099
0.748897
0.378375
0.556077
0.372497
0.198645
0.363227
0.430902
0.240743
0.388801
0.358940
0.344778
0.412492
0.510328
0.385496
0.741292
0.510916
0.353309
0.277223
0.752651
0.649544
0.520023
0.319727
0.538261
0.336326
0.588977
0.340378
0.554673
0.540668
0.346645
0.666222
0.245676
0.881097
0.568013
0.529328
0.454976
0.437441
0.801125
0.450992
0.416612
0.439895
0.163398
0.269890
0.342570
0.208437
0.418490
0.335954
0.487382
0.334965
0.517470
0.295681
0.695052
0.443329
0.227235
0.121158
0.830920
0.677496
0.427815
0.622111
0.316481
0.355418
0.553216
0.313351
0.465347
0.516516
0.358164
0.525323
0.182736
0.878830
0.522267
0.598878
0.386166
0.522677
0.793394
0.428640
0.412674
0.499230
0.172575
0.294267
0.280791
0.261102
0.473888
0.371232
0.530592
0.293672
0.494934
0.242537
0.629521
0.414695
0.260833
0.123871
0.739193
0.669503
0.428961
0.805052
0.076575
0.281964
0.536368
0.388524
0.403214
0.516516
0.385793
0.447766
0.280023
0.750812
0.410853
0.613252
0.426448
0.766446
0.857289
0.330059
0.449864
0.421261
0.215585
0.229676
0.244384
0.333469
0.394499
0.505999
0.482937
0.300901
0.418509
0.164422
0.655923
0.405246
0.400250
0.262646
0.545934
0.575355
0.451432
0.855503
0.020716
0.250856
0.475758
0.385840
0.347424
0.565505
0.484517
0.284816
0.392000
0.542870
0.306144
0.578018
0.487698
0.840083
0.911479
0.343581
0.340103
0.304486
0.343279
0.129239
0.227424
0.392039
0.354066
0.625139
0.431329
0.341407
0.411339
0.248644
0.648289
0.390044
0.435523
0.353515
0.494395
0.481741
0.364974
0.856038
0.144197
0.316068
0.376848
0.319052
0.329137
0.633549
0.532648
0.170457
0.430142
0.530994
0.148467
0.612259
0.462864
0.621127
0.818098
0.532240
0.130147
0.234059
0.396614
0.141070
0.245957
0.491414
0.370190
0.635116
0.352305
0.356411
0.377472
0.298235
0.550906
0.405771
0.370882
0.205844
0.591169
0.457423
0.293298
0.805117
0.201127
0.478630
0.281160
0.507275
0.395107
0.620541
0.515406
0.111168
0.384896
0.641178
0.107241
0.480929
0.325503
0.363659
0.651400
0.682395
0.094972
0.284752
0.379617
0.197134
0.360385
0.525742
0.277821
0.560115
0.344753
0.313517
0.280402
0.268144
0.372325
0.402769
0.345471
0.044308
0.603828
0.511024
0.279728
0.771219
0.120607
0.493099
0.239560
0.685671
0.485332
0.470702
0.398502
0.035605
0.326883
0.635177
0.129377
0.329862
0.270070
0.288247
0.545627
0.586123
0.175756
0.381162
0.370110
0.038015
0.525734
0.481134
0.208662
0.574815
0.357167
0.236968
0.222701
0.263749
0.248860
0.357646
0.343210
0.107416
0.441001
0.422085
0.310104
0.721899
0.120877
0.410689
0.353347
0.601472
0.521781
0.354370
0.378342
0.115367
0.332312
0.420994
0.136572
0.274766
0.227827
0.306569
0.591676
0.473014
0.272259
0.399372
0.364079
0.033818
0.660719
0.407441
0.264307
0.560426
0.377415
0.258801
0.292044
0.191446
0.219111
0.293078
0.300914
0.177643
0.421957
0.337939
0.306556
0.713246
0.174557
0.373655
0.447888
0.551515
0.560452
0.323234
0.423039
0.221319
0.305133
0.252897
0.042685
0.345135
0.284966
0.249320
0.633638
0.471913
0.293391
0.374340
0.336274
0.085657
0.706640
0.421212
0.315764
0.531676
0.405761
0.346076
0.401228
0.190037
0.212170
0.211043
0.208723
0.053732
0.523551
0.409183
0.229523
0.725780
0.276042
0.412995
0.478332
0.600702
0.606575
0.278982
0.444308
0.185895
0.341447
0.317869
0.117475
0.400477
0.256922
0.081236
0.578044
0.447367
0.294000
0.283506
0.340460
0.115211
0.730944
0.467916
0.253649
0.447326
0.444483
0.379490
0.484842
0.198916
0.100645
0.272329
0.184732
0.190753
0.565281
0.343962
0.387939
0.707436
0.272063
0.402454
0.410332
0.514559
0.560068
0.215941
0.379162
0.151436
0.337795
0.304748
0.156725
0.421593
0.218420
0.038836
0.435462
0.309471
0.278116
0.186602
0.367454
0.091988
0.699933
0.415958
0.150046
0.334134
0.416207
0.324021
0.483317
0.164831
0.043739
0.288863
0.251175
0.153403
0.402654
0.207471
0.401952
0.558595
0.308607
0.338463
0.421538
0.445523
0.504686
0.180517
0.442003
0.147636
0.430996
0.303142
0.146357
0.446163
0.261952
0.108906
0.342299
0.284087
0.211721
0.126463
0.383770
0.147228
0.605955
0.369178
0.202861
0.230280
0.351792
0.306673
0.519141
0.157629
0.134112
0.349068
0.281264
0.153671
0.265084
0.131582
0.260192
0.425591
0.301619
0.339299
0.467560
0.398926
0.349635
0.142196
0.415016
0.068651
0.509232
0.285474
0.165851
0.481693
0.431055
0.140432
0.275424
0.312353
0.183409
0.002895
0.455908
0.234545
0.398685
0.388084
0.230840
0.200132
0.295205
0.301843
0.595876
0.247838
0.182077
0.407874
0.324231
0.309916
0.194603
0.050697
0.168961
0.386314
0.271008
0.377621
0.431097
0.372926
0.249815
0.139599
0.360250
0.092445
0.493027
0.173470
0.253075
0.489101
0.490143
0.083093
0.224308
0.313259
0.218510
0.074501
0.470163
0.255355
0.307874
0.368574
0.217208
0.258096
0.310727
0.224114
0.677850
0.278315
0.150303
0.382032
0.392870
0.272367
0.109725
0.078641
0.082080
0.302787
0.375543
0.338940
0.367291
0.381919
0.276849
0.050600
0.240969
0.125380
0.373825
0.092516
0.291296
0.457708
0.315208
0.087240
0.115869
0.246294
0.244825
0.178289
0.387325
0.196986
0.252926
0.225921
0.202510
0.357032
0.345145
0.251126
0.639770
0.249612
0.084308
0.340214
0.432037
0.283854
0.182735
0.101507
0.075491
0.089678
0.508321
0.308729
0.374256
0.350781
0.102514
0.021001
0.238217
0.110768
0.284335
0.193311
0.273344
0.372099
0.241352
0.131761
0.108199
0.238303
0.255469
0.298800
0.277786
0.153275
0.215420
0.135651
0.141090
0.346897
0.383794
0.254418
0.532707
0.358101
0.186631
0.488534
0.432060
0.383659
0.236088
0.196963
0.099562
0.048120
0.429535
0.355696
0.339243
0.327687
0.064623
0.037705
0.248090
0.158078
0.271383
0.251977
0.216086
0.330384
0.317877
0.291358
0.299414
0.210058
0.268308
0.276166
0.306473
0.175537
0.160292
0.169896
0.084586
0.238348
0.413473
0.041354
0.478259
0.474534
0.317355
0.595318
0.329171
0.415381
0.240151
0.188593
0.056328
0.271362
0.302124
0.448989
0.242291
0.252107
0.146670
0.123633
0.133893
0.269076
0.296098
0.113029
0.167753
0.250221
0.292220
0.431053
0.608632
0.125054
0.297802
0.243752
0.342139
0.182023
0.145574
0.159278
0.154600
0.117945
0.342202
0.142617
0.465360
0.444298
0.252102
0.673056
0.178377
0.317490
0.293385
0.101003
0.070757
0.405857
0.356789
0.354472
0.148851
0.227952
0.169249
0.153582
0.049817
0.378339
0.300672
0.077553
0.071057
0.174965
0.098585
0.423384
0.592238
0.034903
0.263322
0.287450
0.303727
0.190393
0.184416
0.069452
0.173737
0.090535
0.131983
0.214367
0.309172
0.306251
0.112367
0.664037
0.071432
0.292867
0.268224
0.154456
0.128367
0.446078
0.486232
0.251184
0.125776
0.259725
0.172663
0.170723
0.136525
0.381094
0.323144
0.095620
0.027768
0.122560
0.017332
0.394771
0.485836
0.016075
0.180158
0.350657
0.213937
0.242722
0.120488
0.105502
0.164097
0.202099
0.085712
0.246789
0.083979
0.308120
0.107490
0.521610
0.065079
0.381235
0.215126
0.209960
0.104267
0.444032
0.460200
0.205278
0.125216
0.272985
0.396597
0.237589
0.139042
0.336796
0.334998
0.020274
0.029123
0.185488
0.018846
0.411785
0.436168
0.051890
0.140851
0.320929
0.200781
0.332256
0.096824
0.184282
0.186228
0.249742
0.204554
0.228217
0.089601
0.340058
0.244958
0.314109
0.199648
0.417846
0.086069
0.298977
0.115708
0.424826
0.275818
0.217288
0.141819
0.202681
0.586097
0.215895
0.194445
0.268939
0.252261
0.272419
0.060378
0.225054
0.079034
0.391916
0.425536
0.004522
0.054787
0.311903
0.206388
0.412272
0.135625
0.198504
0.321828
0.278300
0.324120
0.228115
0.095886
0.232240
0.278648
0.195094
0.298443
0.304218
0.072765
0.370121
0.171190
0.334721
0.206200
0.146650
0.174851
0.140391
0.640828
0.343138
0.177738
0.247316
0.065376
0.421260
0.085733
0.148037
0.166415
0.329595
0.256083
0.099788
0.195959
0.359287
0.176610
0.367061
0.112468
0.172536
0.359580
0.280656
0.261732
0.232799
0.197868
0.055576
0.166779
0.217561
0.225578
0.231778
0.159694
0.339859
0.178827
0.182707
0.228023
0.072130
0.224805
0.135799
0.573742
0.415997
0.103963
0.240783
0.172082
0.418295
0.092281
0.158241
0.188147
0.291299
0.137034
0.147558
0.141171
0.399146
0.125447
0.238125
0.111344
0.160071
0.246695
0.228405
0.119898
0.285147
0.348165
0.052181
0.042084
0.214246
0.145122
0.222634
0.266883
0.310573
0.113159
0.052910
0.320857
0.033844
0.294605
0.208873
0.528552
0.378943
0.113143
0.214621
0.168385
0.345465
0.093086
0.136822
0.076172
0.295617
0.140239
0.232052
0.189085
0.287109
0.125953
0.235932
0.186301
0.111101
0.148737
0.185323
0.014304
0.266721
0.360225
0.101154
0.036501
0.102445
0.320715
0.238458
0.249402
0.319166
0.196841
0.195151
0.508256
0.023221
0.297527
0.242013
0.495231
0.321983
0.120389
0.185866
0.096494
0.218353
0.125925
0.108835
0.098468
0.246816
0.112015
0.182766
0.193994
0.152457
0.279604
0.200239
0.224746
0.210823
0.077105
0.216949
0.037487
0.119456
0.272958
0.222603
0.118521
0.167705
0.258690
0.221292
0.246862
0.299990
0.351222
0.226694
0.462328
0.090406
0.401428
0.219980
0.359564
0.293644
0.170808
0.131624
0.103140
0.289233
0.068854
0.193149
0.089722
0.144289
0.284825
0.141274
0.264185
0.080715
0.380830
0.190462
0.198294
0.223890
0.119336
0.225944
0.103618
0.126738
0.237673
0.222063
0.154279
0.151492
0.183602
0.146653
0.269182
0.239730
0.318250
0.345296
0.361965
0.246769
0.406302
0.265466
0.297809
0.238337
0.072915
0.063471
0.125928
0.208871
0.093677
0.214453
0.191923
0.177669
0.384952
0.144967
0.134051
0.028942
0.460324
0.151488
0.092392
0.102028
0.086377
0.264647
0.269764
0.172072
0.258610
0.103470
0.250934
0.177053
0.147901
0.080425
0.124510
0.134764
0.128412
0.481883
0.476633
0.349776
0.265990
0.306516
0.257188
0.147922
0.051207
0.162378
0.148475
0.125494
0.126541
0.140646
0.277835
0.328406
0.356274
0.184086
0.063084
0.051532
0.478778
0.188161
0.055054
0.117120
0.068829
0.199179
0.358032
0.146989
0.232700
0.077108
0.333083
0.426328
0.159923
0.133584
0.064110
0.108054
0.142318
0.491259
0.536372
0.332938
0.186548
0.276013
0.246429
0.107996
0.106165
0.190337
0.202122
0.149530
0.285358
0.153481
0.234575
0.475757
0.356657
0.202092
0.078042
0.145779
0.467505
0.230580
0.112177
0.221998
0.204184
0.114184
0.238841
0.260717
0.215796
0.140781
0.366204
0.430439
0.118932
0.223073
0.155705
0.099963
0.209837
0.423644
0.436593
0.312392
0.159903
0.293357
0.252460
0.136855
0.174259
0.291640
0.207979
0.234243
0.303688
0.131434
0.183732
0.539541
0.378698
0.194411
0.075058
0.252536
0.472930
0.213974
0.094332
0.155864
0.224677
0.115996
0.307291
0.243871
0.317742
0.225946
0.355133
0.269769
0.158652
0.176890
0.173058
0.167451
0.242122
0.352699
0.400979
0.341268
0.069400
0.283861
0.503724
0.222725
0.255988
0.392261
0.185069
0.115973
0.135254
0.057890
0.200191
0.555030
0.374965
0.040659
0.012155
0.232836
0.533926
0.253164
0.087700
0.127948
0.143382
0.161664
0.355067
0.224211
0.473095
0.258191
0.382698
0.216154
0.119255
0.255376
0.176769
0.111600
0.159925
0.293671
0.408361
0.405515
0.068039
0.379879
0.589417
0.373762
0.302333
0.270484
0.187600
0.081315
0.102450
0.155467
0.294250
0.611757
0.506298
0.082524
0.204211
0.198219
0.505860
0.268036
0.036037
0.254470
0.143214
0.145438
0.300325
0.215620
0.498030
0.298275
0.389607
0.237529
0.099439
0.436495
0.228458
0.093301
0.120783
0.171611
0.440324
0.376735
0.014761
0.318201
0.551099
0.421097
0.286497
0.182378
0.237911
0.202222
0.108027
0.292989
0.374196
0.640459
0.616361
0.131840
0.362758
0.297434
0.356144
0.240193
0.010810
0.301189
0.127614
0.088500
0.331817
0.157372
0.317780
0.329345
0.282527
0.182898
0.158818
0.589911
0.212466
0.144410
0.177903
0.303584
0.357830
0.266029
0.088028
0.148246
0.528800
0.468145
0.336447
0.204745
0.340728
0.251654
0.114224
0.220278
0.454594
0.536321
0.552618
0.139128
0.318071
0.382350
0.193947
0.216465
0.071885
0.262292
0.135057
0.041817
0.360649
0.113106
0.201337
0.252172
0.196660
0.205807
0.124327
0.604824
0.166497
0.078403
0.087073
0.298388
0.323499
0.224712
0.269572
0.139546
0.536266
0.516793
0.317897
0.233343
0.342234
0.325442
0.085415
0.359184
0.454632
0.410531
0.404373
0.207048
0.307439
0.339034
0.115401
0.228088
0.149287
0.240492
0.049067
0.106851
0.405763
0.163672
0.167928
0.185060
0.292418
0.284126
0.129722
0.613132
0.189896
0.328665
0.187949
0.269456
0.375462
0.289440
0.399672
0.088666
0.432829
0.495083
0.360826
0.220991
0.250678
0.561460
0.090559
0.378564
0.395353
0.377008
0.323976
0.253551
0.272736
0.319976
0.143543
0.230770
0.190372
0.239867
0.065507
0.164515
0.418152
0.293726
0.121492
0.248629
0.284391
0.234948
0.222968
0.680678
0.388404
0.470818
0.372609
0.321710
0.399535
0.387853
0.485188
0.097205
0.256665
0.482588
0.385344
0.255311
0.204093
0.586990
0.318064
0.229469
0.399829
0.427647
0.262788
0.208085
0.305952
0.457505
0.105144
0.266511
0.248727
0.278015
0.037759
0.251339
0.416923
0.386312
0.093937
0.330523
0.281820
0.167629
0.308193
0.708252
0.377378
0.447662
0.432814
0.352199
0.315934
0.431978
0.507829
0.186067
0.209705
0.624813
0.328588
0.320594
0.321316
0.519084
0.440390
0.131218
0.384690
0.365312
0.165170
0.214744
0.333615
0.649730
0.098784
0.375576
0.333959
0.433764
0.213524
0.200889
0.407574
0.345994
0.132507
0.283402
0.324478
0.167030
0.274261
0.544061
0.295386
0.507587
0.439237
0.287096
0.255732
0.275244
0.566662
0.264085
0.249697
0.725918
0.391434
0.351701
0.457580
0.393337
0.428344
0.248388
0.432043
0.156912
0.128453
0.232396
0.285209
0.688826
0.156287
0.452334
0.438008
0.389977
0.349556
0.155339
0.404882
0.226865
0.251744
0.207630
0.295099
0.288317
0.211601
0.227368
0.197467
0.563814
0.498717
0.285075
0.241334
0.155010
0.620250
0.215610
0.188292
0.666886
0.398336
0.387043
0.508148
0.331290
0.460523
0.423254
0.553069
0.134868
0.105596
0.248503
0.178732
0.560595
0.298735
0.496532
0.503096
0.246461
0.426350
0.194096
0.397826
0.202043
0.318624
0.297579
0.238601
0.374661
0.246109
0.220245
0.191548
0.572618
0.481611
0.427336
0.246133
0.180356
0.661650
0.213817
0.154899
0.489688
0.369407
0.465974
0.532730
0.398367
0.528457
0.480359
0.654312
0.199659
0.045304
0.236453
0.113244
0.394816
0.340543
0.526813
0.420845
0.240843
0.485222
0.306515
0.400425
0.325185
0.301789
0.468670
0.421432
0.466405
0.234173
0.201014
0.186952
0.509226
0.337091
0.509493
0.187929
0.253324
0.662150
0.075003
0.068240
0.522218
0.404440
0.499401
0.569041
0.505774
0.502556
0.423317
0.530762
0.120706
0.176772
0.376560
0.212115
0.345662
0.220350
0.616994
0.441104
0.391135
0.560138
0.504061
0.381936
0.397079
0.329192
0.485347
0.438383
0.454341
0.133439
0.130087
0.264184
0.617319
0.200668
0.476413
0.160446
0.225816
0.667642
0.001347
0.048199
0.502415
0.587889
0.479080
0.405974
0.512505
0.365384
0.351032
0.405824
0.060681
0.417801
0.464030
0.230344
0.324182
0.166795
0.637691
0.535345
0.478579
0.565079
0.638865
0.261022
0.359574
0.380405
0.357349
0.335587
0.382864
0.126106
0.119279
0.257549
0.709102
0.240529
0.550681
0.135684
0.203567
0.657993
0.158513
0.151454
0.433031
0.604105
0.411388
0.308007
0.331390
0.346131
0.251579
0.304869
0.135272
0.565292
0.478594
0.240849
0.363071
0.234040
0.583371
0.623948
0.426724
0.580344
0.630328
0.217614
0.342888
0.354380
0.266052
0.326110
0.345956
0.317786
0.227467
0.313432
0.611632
0.293358
0.613366
0.178093
0.201691
0.656729
0.306436
0.143133
0.338955
0.501278
0.281667
0.379144
0.226802
0.451180
0.200286
0.230410
0.181508
0.493830
0.532207
0.218898
0.383457
0.232782
0.425404
0.564872
0.345037
0.605090
0.525716
0.262289
0.354766
0.277738
0.329004
0.367463
0.372880
0.511637
0.257585
0.336908
0.472372
0.295290
0.578218
0.264466
0.194042
0.682216
0.241543
0.299777
0.332385
0.449982
0.227705
0.536143
0.363363
0.529661
0.168639
0.157892
0.219235
0.481829
0.669110
0.280157
0.340389
0.215980
0.295596
0.558202
0.317228
0.639798
0.456961
0.330519
0.367637
0.304565
0.443590
0.372086
0.461126
0.467672
0.141860
0.305272
0.529860
0.247295
0.517103
0.183542
0.179395
0.674243
0.142460
0.426255
0.309010
0.488223
0.244198
0.580266
0.531266
0.495073
0.251847
0.138429
0.214236
0.579839
0.822470
0.280189
0.291917
0.146085
0.234511
0.678589
0.361708
0.655540
0.512565
0.317516
0.340166
0.263787
0.488352
0.413041
0.586263
0.418558
0.022938
0.239321
0.639899
0.229621
0.548675
0.153877
0.283055
0.564811
0.244982
0.457552
0.200516
0.477012
0.200966
0.574513
0.501868
0.360591
0.433605
0.284539
0.096778
0.734808
0.909635
0.263224
0.265555
0.277520
0.188995
0.862675
0.507160
0.624202
0.469365
0.317216
0.313557
0.322687
0.531618
0.492248
0.566753
0.512485
0.070032
0.291046
0.602986
0.332859
0.533119
0.220427
0.275264
0.449355
0.462158
0.488470
0.093190
0.522870
0.202158
0.620759
0.311826
0.216299
0.499925
0.423730
0.089852
0.767212
0.937278
0.192172
0.397177
0.329502
0.130768
0.851907
0.570872
0.481875
0.378930
0.333104
0.311464
0.320500
0.490763
0.499746
0.566625
0.563439
0.224583
0.314670
0.479094
0.397015
0.398627
0.197815
0.068510
0.338993
0.583131
0.621594
0.265788
0.458953
0.223055
0.575153
0.235938
0.262060
0.419578
0.324800
0.289180
0.664303
0.847264
0.241677
0.548531
0.311473
0.121114
0.806112
0.480196
0.271805
0.318736
0.314851
0.271671
0.296681
0.471411
0.409473
0.593235
0.498336
0.461466
0.341590
0.552780
0.348680
0.263261
0.191589
0.115486
0.232615
0.525835
0.705251
0.425653
0.310506
0.252939
0.485847
0.384549
0.385761
0.406547
0.261675
0.480942
0.488378
0.717915
0.358498
0.635288
0.427622
0.109589
0.701604
0.393520
0.179608
0.383164
0.254649
0.128676
0.258952
0.407749
0.300150
0.665123
0.418943
0.562649
0.441526
0.674141
0.351471
0.237872
0.264063
0.266153
0.167152
0.450761
0.638488
0.502932
0.354350
0.300805
0.519742
0.482614
0.422315
0.490881
0.249146
0.523656
0.345309
0.531332
0.312895
0.646909
0.518134
0.192493
0.600225
0.344363
0.169208
0.412229
0.224242
0.096569
0.297018
0.387717
0.230366
0.677455
0.408583
0.526753
0.523233
0.579245
0.289787
0.222341
0.426187
0.320797
0.262098
0.419457
0.530075
0.464275
0.302868
0.332263
0.631931
0.477949
0.385949
0.574018
0.299737
0.351389
0.259515
0.390487
0.226672
0.584893
0.591056
0.225202
0.527175
0.335795
0.135657
0.382676
0.231100
0.110271
0.471914
0.355365
0.247813
0.557248
0.299070
0.462674
