# G_5, p = 0.1000 GPa (dir_1000.0_bar).
# D8R-only: 60 rings x 101 frames = 6060 samples.
# Column: per-D8R Delta [A]
0.308631
0.253163
0.195626
0.164176
0.278430
0.308480
0.253198
0.195668
0.164188
0.278464
0.308726
0.253163
0.195626
0.164195
0.278449
0.308499
0.253243
0.195613
0.164167
0.278537
0.309470
0.252525
0.195751
0.164309
0.278087
0.309389
0.252447
0.195711
0.164279
0.277978
0.309202
0.252582
0.195770
0.164233
0.278068
0.309426
0.252452
0.195732
0.164258
0.277900
0.309345
0.253247
0.195613
0.164201
0.278439
0.309391
0.253167
0.195619
0.164147
0.278433
0.309384
0.253076
0.195613
0.164182
0.278343
0.309502
0.253225
0.195652
0.164222
0.278460
0.273845
0.058136
0.134556
0.178062
0.252302
0.388920
0.297210
0.259956
0.159609
0.258973
0.434060
0.252468
0.262774
0.043963
0.170225
0.329013
0.238038
0.167309
0.101073
0.329440
0.377416
0.141528
0.200055
0.229229
0.286981
0.184592
0.158366
0.120605
0.133514
0.269659
0.304083
0.283445
0.097743
0.191865
0.379255
0.316295
0.216244
0.063032
0.253179
0.358210
0.225630
0.444862
0.319217
0.177839
0.349205
0.183514
0.294466
0.132800
0.155784
0.324160
0.340360
0.269234
0.321341
0.277029
0.234898
0.325094
0.187641
0.162048
0.154149
0.304624
0.166055
0.135284
0.175658
0.275551
0.281201
0.454343
0.279439
0.228843
0.238484
0.155018
0.593592
0.197211
0.273053
0.182158
0.146052
0.293123
0.254280
0.155108
0.144535
0.341229
0.384879
0.248391
0.240841
0.307142
0.332293
0.179220
0.156193
0.107771
0.127605
0.203954
0.237200
0.392144
0.042352
0.232416
0.405716
0.337773
0.348960
0.115531
0.323992
0.264049
0.212417
0.598330
0.395031
0.255433
0.493336
0.149475
0.292185
0.025340
0.117237
0.305761
0.355219
0.338430
0.331035
0.465215
0.217371
0.295905
0.088051
0.152764
0.123826
0.309957
0.160095
0.194258
0.371264
0.333418
0.239991
0.432204
0.206295
0.176753
0.279162
0.169857
0.651708
0.259595
0.266827
0.459498
0.227086
0.269941
0.257869
0.170724
0.121431
0.327859
0.380507
0.262013
0.236346
0.365511
0.341804
0.234494
0.190653
0.098409
0.193795
0.136865
0.156915
0.489136
0.133541
0.295677
0.423032
0.218910
0.577350
0.233332
0.363113
0.223179
0.219845
0.584464
0.349945
0.340447
0.549738
0.237817
0.308866
0.121778
0.113527
0.288199
0.262377
0.426347
0.199973
0.573127
0.223138
0.216050
0.089264
0.237536
0.190009
0.285364
0.105209
0.190650
0.534758
0.261020
0.153170
0.362537
0.200917
0.127390
0.182504
0.222333
0.606101
0.461416
0.321683
0.618833
0.276224
0.287096
0.219374
0.253025
0.174345
0.394661
0.410546
0.236527
0.196978
0.421094
0.275525
0.349038
0.280288
0.189664
0.319693
0.176737
0.185738
0.579930
0.192393
0.371974
0.429915
0.132028
0.737275
0.359586
0.364063
0.215708
0.202651
0.457049
0.333422
0.355511
0.635916
0.311563
0.378572
0.167713
0.150347
0.345670
0.249674
0.454931
0.128215
0.561034
0.244392
0.249285
0.066662
0.275251
0.203397
0.284617
0.188202
0.130385
0.588132
0.124860
0.124978
0.370932
0.151245
0.095944
0.205691
0.263876
0.620565
0.607600
0.441359
0.570859
0.297479
0.253831
0.150291
0.301026
0.268240
0.444243
0.427559
0.272426
0.229271
0.438068
0.260802
0.376470
0.390623
0.196978
0.436857
0.227487
0.283838
0.677105
0.162704
0.420783
0.388137
0.125497
0.619429
0.463683
0.298750
0.175877
0.180340
0.337660
0.433752
0.298620
0.721668
0.314918
0.444256
0.264353
0.224336
0.314247
0.314906
0.443416
0.195825
0.507424
0.223826
0.298817
0.062275
0.245032
0.220234
0.343935
0.228038
0.067697
0.576280
0.011787
0.101193
0.453351
0.049334
0.080589
0.254151
0.265610
0.734873
0.433698
0.509311
0.434387
0.330766
0.132647
0.198775
0.328151
0.225234
0.363306
0.387746
0.246095
0.291287
0.387027
0.345420
0.301074
0.548198
0.142571
0.405233
0.224068
0.408737
0.675994
0.197138
0.373176
0.269028
0.154561
0.412339
0.583322
0.289200
0.190776
0.206338
0.320524
0.539366
0.235103
0.757790
0.302913
0.446787
0.278944
0.285319
0.195318
0.313231
0.322647
0.240117
0.401384
0.134312
0.315527
0.084383
0.225447
0.279807
0.431948
0.148144
0.097795
0.623049
0.212349
0.157000
0.521303
0.179011
0.010722
0.257411
0.230378
0.783045
0.154667
0.623877
0.411564
0.344819
0.131059
0.302691
0.379886
0.273277
0.226535
0.390599
0.190462
0.315807
0.358306
0.390345
0.184306
0.478354
0.164424
0.239371
0.264711
0.443971
0.617579
0.248531
0.353892
0.229510
0.258332
0.272540
0.629751
0.270333
0.207520
0.204104
0.354196
0.551979
0.175288
0.695633
0.206124
0.403959
0.339356
0.294286
0.095333
0.260369
0.359550
0.294199
0.392859
0.007362
0.354610
0.115808
0.101271
0.269684
0.456213
0.095205
0.121485
0.600618
0.252058
0.301638
0.564896
0.281868
0.118687
0.227860
0.169780
0.743832
0.142416
0.687182
0.483059
0.403997
0.141964
0.313342
0.514018
0.373006
0.298207
0.432806
0.189159
0.280874
0.430541
0.302688
0.133577
0.215959
0.209096
0.276271
0.373988
0.413481
0.516814
0.194919
0.410098
0.319682
0.236299
0.219946
0.525650
0.228782
0.150559
0.259085
0.403379
0.517148
0.104512
0.571613
0.078743
0.358316
0.328760
0.238763
0.102195
0.151646
0.485090
0.292902
0.482854
0.122904
0.373101
0.334957
0.139350
0.195830
0.397862
0.063139
0.133964
0.614056
0.215453
0.228739
0.723456
0.340905
0.142190
0.234844
0.067316
0.734627
0.310757
0.645860
0.507972
0.493328
0.120468
0.213719
0.537750
0.289503
0.486140
0.435621
0.230919
0.304085
0.492597
0.181421
0.242096
0.070191
0.049735
0.207821
0.501573
0.378161
0.490302
0.266115
0.440478
0.414708
0.139143
0.164981
0.376747
0.123484
0.095203
0.311076
0.401392
0.520400
0.112810
0.596287
0.205547
0.339116
0.334023
0.183095
0.286330
0.121363
0.427610
0.357800
0.569551
0.148275
0.328890
0.349551
0.140635
0.127318
0.298165
0.114936
0.148624
0.571302
0.222480
0.224530
0.779030
0.401390
0.080645
0.146346
0.139546
0.687562
0.425463
0.458324
0.404800
0.497592
0.078787
0.137516
0.415170
0.204810
0.480081
0.425875
0.214781
0.363543
0.483520
0.140517
0.330805
0.109588
0.132539
0.100110
0.458210
0.386840
0.470739
0.361013
0.382841
0.406105
0.115253
0.091097
0.253225
0.122804
0.058822
0.333560
0.430588
0.504946
0.141571
0.619422
0.262578
0.347821
0.362367
0.211389
0.348490
0.142076
0.342820
0.400384
0.449799
0.096050
0.298259
0.265179
0.149148
0.153677
0.260309
0.229786
0.158056
0.547903
0.259444
0.218095
0.598363
0.363361
0.083556
0.054276
0.258765
0.493829
0.333703
0.328270
0.308015
0.403194
0.196175
0.182385
0.250723
0.239321
0.328321
0.439800
0.293363
0.347593
0.393301
0.187509
0.317370
0.232525
0.192345
0.145936
0.399881
0.338359
0.466051
0.349823
0.278089
0.318310
0.166892
0.160492
0.176542
0.142576
0.172575
0.305831
0.356619
0.426299
0.198830
0.582658
0.316530
0.339437
0.289456
0.288232
0.301621
0.108024
0.426017
0.448481
0.248252
0.156698
0.348863
0.218181
0.200798
0.204992
0.302089
0.268061
0.194065
0.415659
0.217317
0.274882
0.425585
0.118133
0.134150
0.114940
0.272480
0.287043
0.122598
0.319594
0.310600
0.293531
0.252966
0.280075
0.131533
0.256341
0.164136
0.512174
0.270572
0.217865
0.308579
0.204129
0.197064
0.249786
0.101422
0.113918
0.441094
0.318990
0.432359
0.208388
0.233282
0.264516
0.132370
0.204164
0.067273
0.132919
0.134368
0.183178
0.247987
0.293704
0.151601
0.445196
0.325942
0.315892
0.285407
0.340314
0.169567
0.026226
0.480132
0.405164
0.211424
0.117439
0.385187
0.120937
0.151993
0.137447
0.292151
0.266725
0.147089
0.266668
0.153799
0.349732
0.435296
0.057179
0.226325
0.148256
0.145588
0.221832
0.126238
0.328216
0.345371
0.302437
0.382185
0.305112
0.117742
0.333525
0.121127
0.515034
0.184115
0.154453
0.259631
0.221341
0.084799
0.222306
0.201211
0.086366
0.542006
0.290706
0.291922
0.103054
0.228446
0.317153
0.071233
0.274006
0.056372
0.194361
0.038996
0.014309
0.249197
0.237487
0.186048
0.344582
0.311230
0.255921
0.247539
0.254235
0.177146
0.065461
0.355951
0.451059
0.324065
0.049923
0.365243
0.161029
0.130799
0.080058
0.229409
0.278311
0.105452
0.284699
0.202486
0.453276
0.474150
0.145169
0.228320
0.175373
0.094465
0.199936
0.170865
0.269766
0.279119
0.339811
0.339727
0.270938
0.140110
0.369342
0.081210
0.419580
0.119361
0.239777
0.239159
0.292997
0.050086
0.296469
0.135198
0.097250
0.500189
0.153841
0.173189
0.150994
0.326554
0.474859
0.094065
0.294779
0.154783
0.162939
0.085124
0.120734
0.395832
0.209942
0.207499
0.298636
0.259096
0.209341
0.125424
0.148428
0.198192
0.145948
0.304743
0.432239
0.334551
0.129441
0.390601
0.273497
0.219926
0.107222
0.217469
0.304457
0.128447
0.354118
0.263265
0.486439
0.380302
0.222313
0.210551
0.202421
0.100411
0.201624
0.213120
0.116351
0.115669
0.234072
0.224077
0.237179
0.179035
0.374690
0.116758
0.332428
0.117104
0.312834
0.157965
0.281475
0.063540
0.231030
0.075085
0.141349
0.406171
0.154279
0.150553
0.168816
0.392025
0.578379
0.106713
0.355893
0.172241
0.155294
0.150516
0.119810
0.415934
0.140006
0.356564
0.191891
0.136858
0.200834
0.151364
0.092593
0.213546
0.133906
0.367231
0.397126
0.374550
0.173203
0.398817
0.231487
0.261305
0.156848
0.227700
0.400533
0.177626
0.185209
0.242468
0.428841
0.173471
0.227939
0.221019
0.307134
0.153580
0.177073
0.206887
0.040818
0.107544
0.114569
0.206520
0.266880
0.176607
0.356606
0.159393
0.363329
0.205359
0.227699
0.045919
0.238966
0.096649
0.255243
0.029895
0.059024
0.386487
0.089366
0.252339
0.123008
0.403647
0.396983
0.082523
0.333505
0.164918
0.205625
0.271949
0.151877
0.337423
0.065015
0.393136
0.139686
0.072166
0.211265
0.222949
0.146728
0.210078
0.102126
0.282538
0.414415
0.284594
0.192833
0.432367
0.138918
0.301965
0.067550
0.196341
0.441041
0.237315
0.102752
0.150207
0.251847
0.136677
0.129155
0.302707
0.416158
0.163196
0.152602
0.208322
0.039105
0.090780
0.128966
0.261214
0.330810
0.210808
0.339890
0.151483
0.421104
0.254557
0.192728
0.024601
0.178442
0.131745
0.377631
0.021654
0.148343
0.400461
0.084120
0.284930
0.109905
0.333238
0.155757
0.135121
0.375761
0.222424
0.207534
0.274755
0.291929
0.245051
0.127859
0.326444
0.089019
0.260382
0.167688
0.225186
0.182645
0.168735
0.129078
0.049123
0.322384
0.246211
0.244430
0.432949
0.161059
0.280379
0.084288
0.198580
0.425767
0.346202
0.207536
0.123325
0.207384
0.163642
0.074272
0.311954
0.530483
0.172242
0.303117
0.181065
0.133576
0.108948
0.158810
0.300220
0.345823
0.259254
0.294828
0.138469
0.500013
0.276835
0.117988
0.029778
0.183735
0.250918
0.418827
0.165027
0.217458
0.352029
0.099397
0.221472
0.173845
0.266106
0.090465
0.139969
0.456343
0.440666
0.201346
0.422139
0.301854
0.192150
0.145846
0.254275
0.155850
0.387587
0.120877
0.080809
0.268727
0.034635
0.170244
0.252446
0.187352
0.116137
0.358000
0.363831
0.186071
0.203252
0.110606
0.165896
0.281513
0.393069
0.267137
0.134379
0.315335
0.130052
0.156505
0.288585
0.468312
0.207274
0.373208
0.218214
0.245211
0.266232
0.147042
0.337759
0.260067
0.193697
0.183930
0.179156
0.497410
0.215765
0.189141
0.113647
0.139899
0.303778
0.360346
0.219483
0.138470
0.333005
0.104255
0.098568
0.243742
0.195997
0.191894
0.128433
0.397146
0.552514
0.246867
0.366510
0.217349
0.144591
0.165851
0.159182
0.226139
0.309007
0.128832
0.077275
0.306934
0.030172
0.142306
0.368178
0.136793
0.169579
0.461687
0.303797
0.108780
0.155816
0.040168
0.109462
0.211285
0.362687
0.248901
0.110016
0.381633
0.092168
0.227319
0.227590
0.301321
0.201734
0.298194
0.251219
0.269910
0.378112
0.107712
0.343930
0.124958
0.125446
0.150002
0.222499
0.426918
0.149876
0.231504
0.187024
0.057825
0.331274
0.213051
0.244111
0.121955
0.322502
0.123372
0.091342
0.238702
0.099670
0.178190
0.104293
0.266166
0.447613
0.328832
0.315180
0.167966
0.147208
0.208169
0.092790
0.207638
0.209923
0.082442
0.069526
0.238135
0.024332
0.102242
0.417380
0.214496
0.169684
0.445141
0.266274
0.058104
0.214807
0.113040
0.081912
0.161872
0.225072
0.224291
0.063461
0.228382
0.116578
0.265302
0.141104
0.286892
0.243051
0.177342
0.247365
0.245175
0.291219
0.069589
0.269119
0.107752
0.062930
0.126833
0.199314
0.316070
0.121889
0.221499
0.208173
0.034181
0.262362
0.065778
0.247550
0.252079
0.206310
0.178935
0.193342
0.237541
0.011144
0.200289
0.094522
0.133822
0.376842
0.345578
0.318896
0.310033
0.205002
0.296891
0.062243
0.224844
0.095353
0.173747
0.130835
0.128736
0.079203
0.179402
0.331082
0.167564
0.075333
0.257342
0.316425
0.130358
0.247928
0.220576
0.140704
0.160491
0.164557
0.406198
0.026812
0.054991
0.110433
0.385797
0.086341
0.211385
0.192476
0.206278
0.283368
0.244093
0.135615
0.070677
0.063642
0.152189
0.112215
0.124336
0.192166
0.281698
0.113853
0.131405
0.246508
0.103940
0.274618
0.209233
0.191422
0.198927
0.126049
0.300553
0.305205
0.176413
0.073585
0.261570
0.072321
0.124445
0.416607
0.211455
0.341210
0.435940
0.149215
0.391037
0.027188
0.249436
0.105523
0.175806
0.144279
0.037728
0.102442
0.306150
0.188566
0.190705
0.099629
0.248249
0.428884
0.158418
0.211888
0.382782
0.164459
0.121346
0.131287
0.606971
0.020845
0.154753
0.170926
0.322081
0.088004
0.191592
0.040930
0.371773
0.243592
0.186309
0.112117
0.146854
0.091107
0.174278
0.194396
0.278729
0.110677
0.282459
0.162702
0.073961
0.247256
0.181518
0.206446
0.325428
0.140395
0.159525
0.137700
0.296067
0.338463
0.113754
0.102488
0.321748
0.111837
0.186900
0.381520
0.143897
0.303394
0.453454
0.230332
0.441636
0.065488
0.196754
0.163133
0.212588
0.113512
0.067006
0.055077
0.254366
0.157086
0.249583
0.097911
0.060321
0.357344
0.195723
0.061746
0.441294
0.089669
0.108966
0.131197
0.639206
0.061280
0.272339
0.152800
0.257275
0.156350
0.177345
0.040512
0.427922
0.199398
0.131838
0.154354
0.155323
0.174555
0.167640
0.166787
0.313754
0.077361
0.234197
0.212989
0.123841
0.261359
0.157216
0.181208
0.340423
0.165739
0.114067
0.224282
0.230336
0.320541
0.200941
0.077377
0.271124
0.221483
0.190379
0.185691
0.101474
0.268971
0.405505
0.173886
0.385828
0.178358
0.215810
0.199352
0.209638
0.037936
0.045811
0.237905
0.187704
0.173376
0.244616
0.067750
0.192637
0.192897
0.248962
0.021800
0.336457
0.068620
0.084042
0.121197
0.491871
0.038880
0.305206
0.122832
0.170949
0.182993
0.133015
0.167944
0.278749
0.180362
0.248969
0.197699
0.085239
0.213470
0.203083
0.070152
0.400152
0.076486
0.153643
0.095985
0.229648
0.288605
0.055780
0.192529
0.324852
0.083313
0.052635
0.341441
0.164083
0.353808
0.298335
0.044339
0.215105
0.313931
0.026538
0.098748
0.216959
0.326802
0.371658
0.060461
0.223134
0.169977
0.188979
0.151736
0.120205
0.052206
0.074878
0.210815
0.250087
0.085005
0.174290
0.097179
0.264639
0.253659
0.250080
0.049595
0.226978
0.266002
0.055744
0.119903
0.332871
0.218151
0.252465
0.150262
0.036957
0.180448
0.039698
0.268200
0.097521
0.268776
0.361527
0.097877
0.139378
0.234616
0.211503
0.069324
0.256712
0.037108
0.171267
0.099754
0.298521
0.318036
0.038214
0.204378
0.299275
0.043924
0.175668
0.415358
0.129633
0.296354
0.336702
0.094121
0.174066
0.278200
0.204744
0.076583
0.280688
0.331735
0.279580
0.101553
0.080064
0.213083
0.123633
0.138644
0.114688
0.172981
0.036711
0.162714
0.299248
0.119985
0.154657
0.126195
0.262599
0.165646
0.290359
0.118052
0.229257
0.279649
0.084058
0.138841
0.278151
0.400537
0.250404
0.220208
0.170138
0.051473
0.132065
0.192649
0.051421
0.347804
0.278142
0.131253
0.080700
0.200878
0.248174
0.124665
0.235740
0.124098
0.162326
0.182402
0.298417
0.321711
0.127822
0.163374
0.259497
0.033812
0.290637
0.500775
0.070888
0.199031
0.280020
0.065378
0.179476
0.195606
0.299399
0.038176
0.349823
0.158797
0.117781
0.148146
0.036744
0.293556
0.134750
0.136626
0.144351
0.196931
0.069780
0.216873
0.307983
0.160833
0.230490
0.163968
0.352038
0.146098
0.385191
0.148177
0.301615
0.214047
0.128373
0.233869
0.227436
0.410593
0.310292
0.187100
0.140524
0.057430
0.194082
0.162857
0.150710
0.434440
0.164406
0.081354
0.136756
0.195995
0.302197
0.132360
0.325267
0.097151
0.172092
0.121078
0.310027
0.284769
0.133768
0.159893
0.206773
0.058922
0.202045
0.586468
0.052465
0.170482
0.261065
0.040678
0.276711
0.228977
0.263261
0.124995
0.395183
0.043191
0.087957
0.139714
0.030853
0.306009
0.068581
0.189667
0.178741
0.157558
0.073515
0.210995
0.313104
0.127072
0.160774
0.238889
0.439652
0.177445
0.389734
0.148008
0.227395
0.202385
0.229214
0.195099
0.147859
0.320933
0.305988
0.174945
0.138067
0.080427
0.136790
0.251828
0.196156
0.376110
0.070091
0.101139
0.252734
0.225550
0.306778
0.207996
0.337637
0.105073
0.226881
0.109206
0.321171
0.280468
0.059806
0.115632
0.174504
0.110480
0.139300
0.569497
0.079083
0.250497
0.274899
0.083400
0.326443
0.194688
0.208869
0.216159
0.392324
0.020752
0.082680
0.147150
0.133124
0.250084
0.134467
0.122494
0.123325
0.132131
0.054708
0.172867
0.321207
0.097665
0.226029
0.301486
0.469363
0.209882
0.278446
0.187925
0.166148
0.221125
0.233964
0.153797
0.137298
0.346386
0.296702
0.264110
0.217341
0.046890
0.176942
0.177586
0.048538
0.302461
0.025422
0.213876
0.167266
0.256734
0.222163
0.251925
0.175120
0.165908
0.268465
0.206374
0.428201
0.247468
0.181469
0.061450
0.261668
0.095607
0.227947
0.470888
0.044320
0.378449
0.407983
0.110712
0.397884
0.072495
0.244180
0.260549
0.374742
0.169758
0.145723
0.218824
0.226280
0.237675
0.200422
0.083821
0.119252
0.191979
0.040327
0.238596
0.158525
0.137686
0.331093
0.317413
0.339962
0.275017
0.258230
0.169515
0.032102
0.228630
0.234411
0.192911
0.209985
0.267142
0.303930
0.310719
0.201053
0.107585
0.362662
0.164215
0.037721
0.222602
0.130902
0.152246
0.125070
0.217231
0.179264
0.196950
0.100449
0.114465
0.374355
0.355520
0.491813
0.234360
0.248464
0.044681
0.257641
0.097696
0.206083
0.433284
0.097115
0.413560
0.511893
0.137755
0.434187
0.222731
0.305666
0.273384
0.277694
0.203636
0.219781
0.284590
0.320397
0.179970
0.155807
0.078464
0.127461
0.250031
0.075099
0.243723
0.060687
0.204558
0.440823
0.377976
0.185604
0.268834
0.365343
0.230402
0.168636
0.240027
0.146403
0.266064
0.202980
0.206968
0.277606
0.227449
0.178985
0.076796
0.446351
0.156123
0.004553
0.194904
0.171821
0.177861
0.079536
0.183704
0.256616
0.139992
0.010583
0.096975
0.548235
0.339504
0.421942
0.155420
0.320459
0.155892
0.074960
0.081874
0.071536
0.499257
0.116471
0.334794
0.472022
0.139216
0.352981
0.287864
0.359040
0.537732
0.172426
0.085311
0.341121
0.293474
0.257769
0.229459
0.275293
0.082401
0.211814
0.323625
0.141141
0.089813
0.131333
0.137907
0.489183
0.481246
0.061590
0.315997
0.449397
0.254051
0.349339
0.256354
0.226930
0.256830
0.177294
0.301273
0.232670
0.198179
0.234642
0.038301
0.416699
0.150647
0.031119
0.212011
0.079042
0.347879
0.228666
0.217106
0.406456
0.064987
0.076363
0.145487
0.553068
0.229366
0.328782
0.107483
0.388048
0.276428
0.139189
0.088298
0.107176
0.560740
0.130825
0.295671
0.398160
0.043232
0.185482
0.121987
0.262737
0.537720
0.112372
0.161729
0.346709
0.303471
0.138714
0.189082
0.453943
0.168863
0.274038
0.307238
0.181264
0.258201
0.218873
0.048700
0.444450
0.471405
0.206490
0.297274
0.372458
0.285666
0.382260
0.246928
0.210236
0.229206
0.129339
0.404826
0.154065
0.232862
0.279157
0.086809
0.376856
0.125288
0.173413
0.223778
0.056240
0.459373
0.230882
0.318098
0.346089
0.023920
0.116130
0.205953
0.485018
0.154825
0.339321
0.098628
0.310784
0.301767
0.131506
0.111825
0.134028
0.502773
0.136009
0.268641
0.337663
0.127429
0.122521
0.041213
0.215197
0.340532
0.146131
0.264818
0.472428
0.295422
0.133181
0.081026
0.560784
0.218072
0.294368
0.294230
0.268730
0.258352
0.357153
0.186453
0.425843
0.246990
0.246362
0.272212
0.261031
0.288694
0.409878
0.205117
0.303859
0.250277
0.106756
0.474043
0.116145
0.349785
0.372088
0.157903
0.383204
0.162192
0.189314
0.114357
0.082353
0.343514
0.104083
0.415131
0.177082
0.137898
0.115720
0.320604
0.457494
0.112886
0.335881
0.129816
0.337466
0.271438
0.126654
0.156900
0.055148
0.370884
0.130014
0.248882
0.336159
0.165441
0.175998
0.085960
0.204739
0.326126
0.209667
0.222872
0.651125
0.287961
0.115351
0.070843
0.556886
0.249874
0.272635
0.176671
0.297373
0.093308
0.417439
0.202274
0.483323
0.226887
0.217186
0.373536
0.156943
0.250242
0.436341
0.179992
0.267318
0.292905
0.086749
0.417967
0.156390
0.407284
0.386602
0.174172
0.444751
0.139670
0.218756
0.190116
0.110885
0.150393
0.058744
0.377569
0.014157
0.190711
0.177648
0.214836
0.490569
0.125384
0.272159
0.125860
0.224573
0.238566
0.118092
0.197169
0.011104
0.292520
0.066037
0.258324
0.327378
0.133826
0.287324
0.228963
0.090337
0.533620
0.319507
0.241756
0.763361
0.277203
0.055019
0.093299
0.612792
0.305672
0.155660
0.078833
0.121711
0.151390
0.382963
0.268692
0.463153
0.146834
0.245542
0.552224
0.172418
0.156849
0.471760
0.201813
0.169272
0.313757
0.037309
0.325314
0.165431
0.452065
0.472113
0.168623
0.365034
0.143964
0.284674
0.255953
0.212262
0.148732
0.103788
0.283778
0.071953
0.048898
0.247326
0.119231
0.522295
0.211861
0.151421
0.045590
0.183360
0.356075
0.111318
0.251180
0.150860
0.191432
0.150888
0.293977
0.385945
0.235459
0.279186
0.142215
0.123744
0.596589
0.413579
0.261560
0.785101
0.321546
0.027765
0.059685
0.701976
0.235927
0.068342
0.072368
0.159836
0.169663
0.486800
0.244518
0.299847
0.046565
0.126431
0.590735
0.257141
0.149008
0.383322
0.217912
0.188712
0.383037
0.053584
0.203655
0.197433
0.450577
0.589899
0.194743
0.195924
0.182302
0.352654
0.264768
0.369120
0.214086
0.204083
0.166440
0.176168
0.133935
0.168561
0.181577
0.547693
0.298253
0.027658
0.040143
0.163729
0.549536
0.170746
0.214154
0.225606
0.231894
0.210456
0.304899
0.311164
0.431932
0.260266
0.186079
0.208499
0.473191
0.353794
0.268847
0.715259
0.314721
0.044017
0.141793
0.696938
0.173419
0.081100
0.044854
0.089742
0.100307
0.477100
0.174558
0.182059
0.041362
0.014493
0.526299
0.361163
0.009998
0.320514
0.140962
0.235906
0.401172
0.101947
0.193018
0.289017
0.408519
0.676500
0.152480
0.103880
0.127374
0.415558
0.203095
0.442611
0.138723
0.144906
0.163842
0.159132
0.115582
0.150156
0.320388
0.535066
0.343995
0.041407
0.024340
0.060397
0.758546
0.234122
0.080289
0.337498
0.238689
0.220101
0.166371
0.205964
0.470598
0.276243
0.143408
0.273431
0.438191
0.178766
0.301926
0.597125
0.354323
0.089203
0.206767
0.614863
0.227196
0.115916
0.105556
0.043055
0.144872
0.366502
0.157850
0.229210
0.077952
0.087813
0.504155
0.385218
0.095992
0.368169
0.142751
0.325678
0.313175
0.177804
0.088501
0.287301
0.380182
0.609864
0.184055
0.146117
0.073972
0.369485
0.176099
0.361266
0.119128
0.129560
0.340412
0.047749
0.077776
0.199537
0.447634
0.512783
0.375839
0.011829
0.050661
0.042349
0.841936
0.304985
0.109348
0.322122
0.157847
0.271938
0.088122
0.094117
0.415577
0.321953
0.151893
0.396056
0.468167
0.155172
0.322498
0.465147
0.289760
0.106670
0.250345
0.604198
0.353119
0.207122
0.136987
0.020595
0.259188
0.291931
0.164437
0.254505
0.127183
0.097696
0.556081
0.494138
0.177846
0.418766
0.215303
0.349556
0.213442
0.174628
0.051030
0.185660
0.417229
0.480207
0.171591
0.099213
0.092275
0.266798
0.163017
0.318553
0.259180
0.100722
0.488229
0.067842
0.076920
0.187539
0.363555
0.503835
0.369264
0.099082
0.096460
0.037476
0.821984
0.390373
0.087885
0.270977
0.151217
0.366994
0.191682
0.058486
0.359776
0.346936
0.289706
0.514102
0.386412
0.186238
0.261811
0.376802
0.232744
0.170290
0.237059
0.591314
0.491925
0.272976
0.175589
0.131389
0.368311
0.262013
0.131678
0.244782
0.158119
0.066628
0.516113
0.651046
0.247295
0.453429
0.219298
0.349228
0.263048
0.137602
0.022844
0.185600
0.440626
0.387035
0.156757
0.127379
0.265931
0.170261
0.197027
0.332914
0.270564
0.164127
0.476351
0.120224
0.101966
0.106356
0.493907
0.581359
0.344339
0.121027
0.108262
0.120823
0.764951
0.508713
0.029923
0.225522
0.149647
0.526150
0.277481
0.133728
0.370708
0.318250
0.389708
0.479149
0.313701
0.096030
0.140871
0.343911
0.335604
0.175148
0.269705
0.533123
0.521105
0.355779
0.138076
0.221052
0.500644
0.324539
0.192420
0.196739
0.172154
0.075106
0.455060
0.688703
0.319121
0.378165
0.123556
0.317984
0.474825
0.195486
0.098194
0.290847
0.491924
0.375108
0.165789
0.128162
0.447066
0.210130
0.198121
0.312045
0.290265
0.304201
0.373326
0.243325
0.133126
0.067700
0.551529
0.551026
0.304792
0.038330
0.148564
0.253477
0.789420
0.600045
0.071364
0.116192
0.156516
0.570730
0.193234
0.249213
0.313745
0.213193
0.364759
0.272709
0.357472
0.271248
0.041312
0.267730
0.356012
0.132919
0.326089
0.415969
0.484178
0.447059
0.084904
0.248648
0.544503
0.308570
0.173769
0.251662
0.108295
0.114065
0.461233
0.678455
0.312619
0.295782
0.098817
0.274160
0.528072
0.174490
0.182972
0.313134
0.514226
0.353733
0.097281
0.038590
0.486968
0.383387
0.240923
0.210740
0.324312
0.488004
0.299277
0.265035
0.198259
0.128936
0.473931
0.467481
0.185972
0.025486
0.251828
0.285531
0.781096
0.578571
0.103910
0.083158
0.160225
0.425118
0.053270
0.267308
0.267462
0.120366
0.273745
0.148999
0.308793
0.270985
0.029529
0.202366
0.375799
0.183510
0.348196
0.379224
0.415721
0.427233
0.230821
0.306387
0.635313
0.322733
0.162944
0.246076
0.075777
0.197935
0.549856
0.608474
0.285212
0.250397
0.155482
0.244205
0.444507
0.251423
0.225527
0.287486
0.559408
0.298865
0.106125
0.154775
0.474025
0.528895
0.329051
0.147269
0.335763
0.574360
0.294077
0.326480
0.419610
0.034981
0.455997
0.299524
0.065334
0.099380
0.253768
0.252252
0.718977
0.561936
0.053772
0.081919
0.245829
0.308556
0.116215
0.205913
0.126057
0.183099
0.336122
0.190085
0.188781
0.215441
0.194491
0.257718
0.277033
0.253137
0.324154
0.340644
0.489435
0.425106
0.390035
0.307338
0.707255
0.384590
0.237133
0.140965
0.100231
0.294766
0.582437
0.599749
0.218274
0.060427
0.180021
0.311058
0.389764
0.248806
0.180372
0.321793
0.465194
0.205258
0.222632
0.203015
0.485115
0.500685
0.376728
0.202511
0.254691
0.506814
0.291472
0.419216
0.584126
0.064519
0.571977
0.186390
0.025501
0.142846
0.129317
0.243273
0.549885
0.633768
0.066481
0.241976
0.414093
0.250348
0.226902
0.097712
0.045169
0.199627
0.300834
0.222002
0.211714
0.360759
0.292992
0.368231
0.245473
0.235654
0.264378
0.370751
0.507334
0.449102
0.401828
0.207462
0.659948
0.408577
0.204823
0.102302
0.169046
0.306793
0.571147
0.556503
0.148793
0.093449
0.103295
0.432536
0.387712
0.159294
0.047853
0.416880
0.432686
0.139802
0.345347
0.294846
0.520379
0.447392
0.292413
0.221081
0.151515
0.417581
0.272711
0.499549
0.560901
0.030491
0.569308
0.422851
0.073765
0.133367
0.091221
0.267533
0.400920
0.746521
0.174233
0.263983
0.521435
0.206900
0.316590
0.144750
0.087326
0.147424
0.251925
0.219001
0.133570
0.527930
0.273459
0.282682
0.189641
0.211790
0.224546
0.347952
0.520342
0.393791
0.297367
0.226854
0.545176
0.322812
0.128183
0.148029
0.111065
0.103226
0.520965
0.501817
0.158616
0.155419
0.076632
0.474110
0.240146
0.190067
0.211665
0.345655
0.513468
0.112609
0.316444
0.385380
0.520780
0.438252
0.280358
0.161471
0.196653
0.355207
0.275219
0.432594
0.455236
0.039047
0.453504
0.353148
0.160712
0.151057
0.119395
0.295667
0.259593
0.782768
0.174589
0.188782
0.547637
0.164983
0.405521
0.220899
0.123389
0.098253
0.231404
0.212761
0.058172
0.445271
0.280544
0.108060
0.250866
0.232221
0.146361
0.298232
0.507794
0.280729
0.165132
0.164856
0.480928
0.253186
0.104991
0.127551
0.089042
0.135602
0.303788
0.465752
0.282518
0.099452
0.129748
0.423218
0.162784
0.267165
0.244833
0.269104
0.606013
0.070259
0.195767
0.445343
0.485675
0.462148
0.221148
0.056858
0.247732
0.252069
0.288257
0.335596
0.504568
0.050320
0.409875
0.271120
0.191986
0.185365
0.190793
0.303457
0.141963
0.754019
0.186613
0.168146
0.538518
0.205811
0.478816
0.240208
0.149756
0.078112
0.212279
0.150949
0.019510
0.263069
0.404116
0.087593
0.379086
0.230357
0.100292
0.319505
0.544454
0.194635
0.123547
0.148649
0.538603
0.399566
0.167959
0.163086
0.060059
0.299049
0.246615
0.536384
0.459145
0.202058
0.103396
0.337731
0.166735
0.304864
0.162768
0.314665
0.565622
0.009023
0.178570
0.420606
0.420970
0.416384
0.225070
0.138188
0.258398
0.186443
0.270656
0.271890
0.627995
0.176568
0.372845
0.245789
0.056794
0.116161
0.176490
0.259177
0.096600
0.655355
0.245590
0.253070
0.534484
0.256937
0.445087
0.280615
0.162480
0.162281
0.197282
0.184857
0.044549
0.265826
0.507251
0.183895
0.472115
0.266162
0.012238
0.362034
0.470739
0.159945
0.212255
0.126068
0.609361
0.558873
0.106680
0.207485
0.178579
0.329705
0.222726
0.535245
0.604174
0.311367
0.091636
0.218686
0.118847
0.367678
0.205806
0.382195
0.515513
0.080161
0.187079
0.399337
0.445389
0.399078
0.202541
0.107734
0.296713
0.295204
0.250199
0.305402
0.631943
0.107643
0.391677
0.208721
0.046661
0.107366
0.113984
0.307640
0.161802
0.539990
0.264356
0.373322
0.487736
0.301768
0.381111
0.276671
0.191163
0.082131
0.272167
0.236805
0.011988
0.273071
0.547479
0.257507
0.510578
0.298443
0.123511
0.292452
0.373641
0.079669
0.325116
0.075869
0.482431
0.525750
0.205594
0.142989
0.282273
0.363718
0.190751
0.461965
0.688918
0.350351
0.105790
0.125649
0.030205
0.441572
0.294165
0.316827
0.509157
0.235859
0.224787
0.373234
0.465383
0.367958
0.194010
0.175424
0.335997
0.325604
0.358689
0.366531
0.606064
0.235118
0.300307
0.188159
0.084740
0.188522
0.115109
0.340822
0.173837
0.417476
0.288479
0.462104
0.367113
0.216524
0.277359
0.203663
0.233722
0.081113
0.442173
0.178171
0.029588
0.219534
0.592483
0.176227
0.513063
0.373291
0.159716
0.331606
0.324349
0.015269
0.305520
0.241012
0.356240
0.316838
0.260213
0.059496
0.201622
0.403034
0.274426
0.291852
0.713604
0.339467
0.182167
0.046465
0.062412
0.448236
0.311685
0.184845
0.520038
0.266121
0.277565
0.250711
0.452472
0.272512
0.209965
0.078758
0.328329
0.191690
0.484131
0.316815
0.577393
0.357182
0.215256
0.252437
0.131104
0.223516
0.131644
0.309453
0.086258
0.389318
0.306461
0.538187
0.342344
0.168897
0.232506
0.212147
0.139236
0.240055
0.571865
0.425214
0.082372
0.165550
0.642336
0.154196
0.525079
0.334082
0.176857
0.387758
0.349474
0.073068
0.143824
0.262840
0.252151
0.219661
0.264368
0.049473
0.058956
0.578145
0.235110
0.151244
0.816748
0.346023
0.281773
0.081999
0.166880
0.357845
0.325648
0.121835
0.454610
0.181530
0.282199
0.119260
0.384348
0.161236
0.257780
0.153763
0.175723
0.052108
0.398427
0.241830
0.496534
0.335141
0.124610
0.278413
0.239179
0.216568
0.098192
0.250819
0.114054
0.269720
0.284503
0.543646
0.389016
0.212146
0.231033
0.152745
0.067510
0.303168
0.590480
0.625688
0.247374
0.105221
0.502060
0.251687
0.452895
0.286379
0.119252
0.287957
0.399149
0.057498
0.056318
0.249420
0.163788
0.234002
0.294464
0.044152
0.170460
0.719669
0.171385
0.068352
0.843274
0.404060
0.276454
0.168164
0.366072
0.294724
0.398617
0.102701
0.344169
0.223430
0.272805
0.061542
0.333654
0.100253
0.229504
0.132691
0.143398
0.094839
0.210934
0.210717
0.355339
0.380090
0.083863
0.225740
0.374424
0.229164
0.044640
0.294607
0.239311
0.140828
0.334878
0.441778
0.427846
0.263946
0.254681
0.251907
0.077126
0.340438
0.590603
0.747869
0.251556
0.150795
0.217134
0.304611
0.388456
0.208240
0.034403
0.123994
0.464276
0.028660
0.061125
0.248401
0.131909
0.249675
0.306864
0.160674
0.191664
0.780122
0.114754
0.065361
0.697299
0.509144
0.318422
0.274010
0.433485
0.231135
0.362161
0.111734
0.220125
0.225830
0.255552
0.085227
0.401289
0.083866
0.179675
0.162741
0.185116
0.261438
0.210488
0.213590
0.402342
0.559772
0.137818
0.283568
0.409158
0.224902
0.195688
0.328362
0.232408
0.097771
0.403724
0.352246
0.384732
0.222595
0.316915
0.243895
0.163129
0.381731
0.589154
0.797664
0.220133
0.219656
0.106204
0.251708
0.337431
0.105603
0.081066
0.031685
0.459143
0.048044
0.070340
0.178844
0.137727
0.125335
0.365313
0.271532
0.209911
0.716578
0.082498
0.116580
0.421143
0.549317
0.403455
0.322766
0.426256
0.107199
0.136228
0.253618
0.200740
0.244907
0.213720
0.105833
0.414046
0.109317
0.239036
0.122752
0.143141
0.318468
0.369241
0.160042
0.344392
0.607971
0.061753
0.324830
0.349581
0.143043
0.338814
0.307913
0.204144
0.119105
0.456141
0.332019
0.277023
0.206948
0.314371
0.312237
0.170596
0.378745
0.458948
0.689750
0.167906
0.209651
0.247874
0.229789
0.240971
0.158895
0.093045
0.042889
0.365721
0.059486
0.022629
0.118143
0.070414
0.099125
0.398501
0.265841
0.318333
0.605582
0.158614
0.145086
0.195651
0.446324
0.410184
0.354899
0.321163
0.096643
0.058628
0.181156
0.287494
0.226052
0.194677
0.195073
0.288634
0.156614
0.216491
0.029332
0.210088
0.263308
0.385929
0.209298
0.302757
0.373588
0.045472
0.289141
0.285209
0.239274
0.373934
0.355265
0.213726
0.092152
0.453546
0.385072
0.178704
0.240433
0.274571
0.314515
0.131863
0.309772
0.357363
0.516962
0.193078
0.186310
0.399770
0.355694
0.245445
0.281876
0.022040
0.202660
0.160829
0.108995
0.095676
0.117526
0.008060
0.137377
0.409651
0.193566
0.437664
0.497198
0.095134
0.236674
0.180678
0.330654
0.314674
0.348850
0.270974
0.100407
0.064085
0.092648
0.137662
0.164054
0.194390
0.197973
0.089401
0.076469
0.149740
0.057054
0.188805
0.354333
0.251419
0.228018
0.154020
0.376745
0.133957
0.238255
0.233500
0.222651
0.367385
0.270673
0.193964
0.018670
0.473971
0.301601
0.073542
0.305719
0.225533
0.298060
0.063899
0.235991
0.342478
0.401691
0.182615
0.262877
0.386028
0.435158
0.318202
0.257975
0.100560
0.391399
0.050003
0.206670
0.112031
0.132132
0.036288
0.176614
0.477516
0.193651
0.420859
0.480187
0.066817
0.315263
0.271179
0.265442
0.316649
0.218226
0.217385
0.056757
0.074401
0.221409
0.046593
0.132307
0.219698
0.064414
0.073509
0.027325
0.093159
0.127829
0.108765
0.395758
0.130133
0.245285
0.087776
0.326848
0.167522
0.288770
0.270723
0.309529
0.294634
0.246347
0.106159
0.219848
0.493297
0.109087
0.091535
0.323811
0.209945
0.346158
0.071724
0.194598
0.384980
0.317419
0.235957
0.307855
0.332181
0.342252
0.321728
0.266340
0.189998
0.372491
0.163812
0.262402
0.150915
0.119337
0.048559
0.170356
0.538153
0.144063
0.393811
0.474450
0.198454
0.282051
0.299645
0.214247
0.390838
0.226503
0.109099
0.107404
0.184246
0.390515
0.147976
0.182175
0.146327
0.146929
0.203189
0.033006
0.142631
0.275096
0.225172
0.324216
0.179686
0.249877
0.033507
0.266632
0.101218
0.241532
0.430438
0.257846
0.308020
0.226827
0.111824
0.371003
0.391454
0.093112
0.117478
0.329910
0.263230
0.393628
0.164756
0.212526
0.281951
0.243264
0.306691
0.354798
0.244790
0.341774
0.242022
0.374561
0.312051
0.272187
0.241872
0.220683
0.159824
0.115251
0.129575
0.114519
0.492940
0.116928
0.410722
0.399116
0.224252
0.199473
0.184953
0.138375
0.383273
0.181093
0.077755
0.173584
0.178012
0.379619
0.043005
0.206076
0.046858
0.210839
0.230027
0.064841
0.277898
0.387268
0.307935
0.282912
0.161565
0.264991
0.025334
0.304165
0.037308
0.199600
0.375417
0.136872
0.319117
0.218824
0.082698
0.262743
0.301555
0.181146
0.307843
0.358081
0.326609
0.423635
0.251803
0.213198
0.145240
0.173987
0.273382
0.363653
0.114252
0.279602
0.188319
0.387427
0.261685
0.277537
0.232035
0.209794
0.140197
0.047487
0.257194
0.139017
0.421330
0.263547
0.468275
0.278800
0.288718
0.288344
0.194993
0.089224
0.294146
0.144973
0.101126
0.197172
0.241183
0.389493
0.098141
0.156202
0.129989
0.199820
0.266371
0.115723
0.300731
0.307969
0.292959
0.275058
0.199406
0.261802
0.210996
0.274044
0.108245
0.271866
0.265850
0.061363
0.296261
0.117977
0.107943
0.177598
0.289067
0.281497
0.410681
0.316596
0.373439
0.340515
0.311731
0.239008
0.176590
0.213313
0.216570
0.395507
0.046457
0.304578
0.183991
0.201460
0.324120
0.306061
0.076797
0.224207
0.181118
0.153287
0.332894
0.025662
0.355179
0.358678
0.397485
0.222719
0.340327
0.253141
0.284463
0.090608
0.200982
0.199857
0.152415
0.190110
0.367531
0.410568
0.181701
0.118535
0.138312
0.207632
0.319441
0.127041
0.234155
0.219243
0.320232
0.264344
0.256805
0.193867
0.314153
0.288889
0.250337
0.292933
0.272858
0.030569
0.305325
0.103585
0.179018
0.078022
0.214138
0.349784
0.410738
0.232744
0.475255
0.303326
0.233263
0.290780
0.194931
0.111359
0.325809
0.400337
0.036122
0.378877
0.249813
0.196342
0.318044
0.270107
0.024415
0.241388
0.132454
0.154741
0.296306
0.088515
0.374838
0.322610
0.232093
0.143813
0.426033
0.157646
0.286141
0.084263
0.257110
0.166176
0.199399
0.192697
0.303052
0.316741
0.294918
0.251815
0.158939
0.244975
0.366847
0.080516
0.225556
0.168880
0.254726
0.263745
0.225689
0.182059
0.208948
0.231692
0.290773
0.324280
0.184952
0.190528
0.237873
0.138548
0.073436
0.029436
0.142787
0.374191
0.288917
0.214555
0.381497
0.307968
0.225347
0.252461
0.096138
0.060333
0.396630
0.383801
0.156799
0.360395
0.309610
0.202009
0.320076
0.309136
0.063228
0.155429
0.050222
0.150682
0.288582
0.168046
0.326823
0.313427
0.163125
0.072115
0.390640
0.015274
0.263214
0.283012
0.265387
0.185217
0.214600
0.170471
0.122095
0.150640
0.279586
0.348111
0.235180
0.117829
0.336599
0.106621
0.268087
0.186913
0.290375
0.352380
0.169172
0.318857
0.149274
0.219943
0.111442
0.354089
0.139659
0.297421
0.124237
0.124997
0.033393
0.139431
0.094926
0.348902
0.284997
0.276248
0.231982
0.286965
0.337896
0.204228
0.086921
0.201598
0.349811
0.232120
0.208747
0.371398
0.302513
0.188033
0.328089
0.400185
0.169864
0.104358
0.073413
0.182052
0.262719
0.273672
0.206133
0.378918
0.118779
0.093325
0.343074
0.105041
0.186590
0.379561
0.162581
0.268733
0.297751
0.209866
0.118246
0.116783
0.287695
0.292177
0.267953
0.079339
0.302728
0.103360
0.144672
0.206808
0.278406
0.454355
0.189939
0.400930
0.220003
0.314162
0.057478
0.314465
0.134513
0.269612
0.064427
0.078636
0.015351
0.176635
0.136161
0.344724
0.343512
0.340714
0.193394
0.188731
0.282262
0.184892
0.173362
0.311874
0.196557
0.048211
0.192730
0.424419
0.154872
0.138871
0.156070
0.480113
0.276190
0.083397
0.275729
0.176478
0.151001
0.254817
0.092219
0.420067
0.033540
0.122519
0.304958
0.138608
0.122685
0.387728
0.212279
0.398549
0.368453
0.238236
0.248202
0.217512
0.339564
0.213500
0.206853
0.151577
0.320226
0.141464
0.101760
0.277874
0.249222
0.385852
0.238096
0.319315
0.295116
0.273460
0.084818
0.229385
0.217391
0.293389
0.058738
0.121482
0.037637
0.044101
0.166227
0.398851
0.268132
0.356411
0.274841
0.139768
0.105607
0.155006
0.245168
0.323381
0.190619
0.128082
0.101650
0.385238
0.057146
0.086994
0.076441
0.400297
0.232352
0.137578
0.427909
0.119660
0.133600
0.256854
0.134007
0.319165
0.035927
0.147224
0.172937
0.157702
0.218730
0.349907
0.201261
0.351348
0.332289
0.229423
0.284731
0.263538
0.342361
0.272120
0.165919
0.165796
0.324750
0.109827
0.090945
0.291807
0.208682
0.277557
0.232531
0.162348
0.415961
0.229566
0.036740
0.151150
0.084999
0.248276
0.077191
0.160009
0.032456
0.064353
0.306098
0.378865
0.126501
0.318642
0.194606
0.114048
0.086831
0.129050
0.220277
0.321577
0.118899
0.219917
0.034142
0.209902
0.144384
0.063619
0.011137
0.235955
0.230827
0.143495
0.398345
0.120870
0.159644
0.238278
0.069841
0.246580
0.050471
0.141760
0.116924
0.215374
0.363196
0.314515
0.200233
0.219635
0.279764
0.139530
0.227213
0.233214
0.303625
0.211462
0.184906
0.162066
0.265353
0.037034
0.073996
0.264211
0.089455
0.217616
0.260267
0.136679
0.408784
0.227398
0.165297
0.093314
0.164685
0.080571
0.113869
0.171315
0.024888
0.075303
0.494057
0.140599
0.131487
0.214490
0.203305
0.233191
0.135479
0.105079
0.133118
0.230413
0.113974
0.258327
0.018799
0.167350
0.228638
0.090773
0.074712
0.143385
0.296295
0.048760
0.277526
0.114258
0.135563
0.255836
0.110903
0.287221
0.077665
0.261768
0.093788
0.195831
0.359470
0.219310
0.190997
0.171752
0.180200
0.077263
0.216957
0.188878
0.243616
0.204459
0.281373
0.200845
0.182580
0.162739
0.063902
0.109698
0.044662
0.199977
0.173307
0.108759
0.228018
0.239828
0.200013
0.048521
0.231355
0.155388
0.106733
0.117791
0.044933
0.248340
0.490982
0.116467
0.113185
0.152766
0.225309
0.356209
0.211086
0.092523
0.099940
0.283469
0.223668
0.323081
0.021935
0.233672
0.347579
0.062385
0.083536
0.335604
0.280134
0.267914
0.143841
0.219324
0.047166
0.265632
0.204961
0.284796
0.136745
0.201563
0.098000
0.131745
0.208944
0.183950
0.129390
0.169955
0.113605
0.068651
0.151370
0.221775
0.220988
0.167366
0.242209
0.199745
0.209658
0.155498
0.215249
0.051011
0.065079
0.097070
0.092224
0.208938
0.066336
0.168986
0.153976
0.088368
0.217838
0.203312
0.057684
0.069780
0.087637
0.319309
0.489397
0.232467
0.042892
0.168918
0.198941
0.259353
0.336602
0.102608
0.163506
0.334295
0.298042
0.492849
0.024536
0.188453
0.374247
0.136976
0.168968
0.370088
0.167129
0.369631
0.098020
0.240521
0.094041
0.169078
0.221247
0.167738
0.133097
0.044068
0.100328
0.128416
0.100364
0.199759
0.094725
0.126587
0.105712
0.155103
0.177179
0.336416
0.226816
0.159330
0.141825
0.086732
0.189371
0.192352
0.176930
0.151567
0.024884
0.159995
0.183520
0.306151
0.118274
0.083013
0.209826
0.135172
0.340083
0.205885
0.142348
0.031000
0.036330
0.302618
0.544362
0.227264
0.216223
0.219100
0.330134
0.167901
0.328367
0.182648
0.194232
0.428304
0.260633
0.527553
0.073729
0.259118
0.233585
0.127027
0.199243
0.320595
0.113273
0.386025
0.161530
0.173656
0.126822
0.298358
0.307120
0.066039
0.054819
0.024207
0.072498
0.164007
0.123861
0.258464
0.097443
0.083973
0.089492
0.188623
0.233098
0.348215
0.217984
0.080970
0.026914
0.119890
0.220262
0.146208
0.121841
0.260069
0.147860
0.184630
0.156147
0.199449
0.119805
0.124220
0.272088
0.115165
0.310813
0.279865
0.099304
0.154519
0.040346
0.297420
0.544380
0.295127
0.289960
0.226852
0.266692
0.213618
0.201897
0.310855
0.124173
0.499329
0.211048
0.463268
0.194495
0.315603
0.130700
0.065865
0.268450
0.280248
0.185625
0.340274
0.120246
0.297203
0.217155
0.326175
0.414471
0.061393
0.051188
0.042738
0.152075
0.064457
0.184808
0.279047
0.113640
0.040438
0.024516
0.265354
0.195933
0.329253
0.295560
0.057278
0.062556
0.127740
0.219400
0.063480
0.093750
0.235861
0.190543
0.264109
0.199240
0.063406
0.126727
0.115264
0.218897
0.140838
0.240171
0.347336
0.121275
0.165099
0.051417
0.231553
0.514134
0.373605
0.239836
0.199651
0.151064
0.354833
0.143143
0.356276
0.061508
0.397833
0.179519
0.397114
0.273183
0.371987
0.163805
0.123315
0.387606
0.239335
0.252385
0.337605
0.092291
0.381634
0.274433
0.201388
0.434771
0.062104
0.111057
0.100402
0.201130
0.192084
0.152129
0.203557
0.146616
0.066798
0.217888
0.307403
0.147885
0.428316
0.288683
0.105073
0.179786
0.148896
0.236356
0.081553
0.124220
0.153096
0.233927
0.318393
0.245015
0.122376
0.155387
0.161306
0.203363
0.188107
0.257171
0.270073
0.172066
0.148546
0.103941
0.149395
0.461683
0.379874
0.296475
0.179132
0.147159
0.355032
0.177348
0.286057
0.109440
0.270470
0.110829
0.436074
0.214191
0.481935
0.149536
0.180980
0.267227
0.420227
0.258210
0.384954
0.087802
0.325177
0.247141
0.124736
0.414059
0.141256
0.078878
0.175753
0.255433
0.226232
0.137692
0.146006
0.115167
0.104279
0.312633
0.381574
0.214683
0.374062
0.255313
0.061156
0.250022
0.227307
0.240372
0.113872
0.177899
0.176967
0.387493
0.342018
0.287977
0.191413
0.155563
0.138550
0.232453
0.223014
0.345494
0.227903
0.211070
0.229647
0.169324
0.190956
0.332468
0.304878
0.305425
0.164053
0.226824
0.304507
0.164305
0.175878
0.150568
0.167504
0.208736
0.390297
0.170747
0.447753
0.096785
0.064984
0.127136
0.453376
0.375515
0.479469
0.097882
0.331044
0.106984
0.019698
0.387075
0.128105
0.019187
0.244723
0.253160
0.275789
0.182772
0.055735
0.222143
0.173446
0.390848
0.351089
0.239879
0.214366
0.326794
0.128001
0.210277
0.232069
0.193932
0.163658
0.152621
0.138920
0.392058
0.404953
0.237850
0.296526
0.194008
0.059744
0.166785
0.212906
0.419262
0.176205
0.181695
0.257528
0.218351
0.249913
0.179644
0.260604
0.116137
0.133554
0.292241
0.249458
0.153300
0.158413
0.220147
0.097337
0.259682
0.166596
0.204426
0.349664
0.067813
0.089544
0.195018
0.326269
0.408834
0.490313
0.087301
0.270139
0.087427
0.089725
0.271431
0.120780
0.077502
0.252971
0.208193
0.345838
0.193839
0.026677
0.208669
0.175805
0.441397
0.298156
0.180258
0.092655
0.430373
0.203566
0.212434
0.173051
0.260339
0.217633
0.236109
0.135323
0.291193
0.538199
0.266934
0.351449
0.202993
0.117753
0.022128
0.269154
0.456776
0.186703
0.160172
0.256796
0.184130
0.129227
0.044780
0.186366
0.056923
0.166740
0.187103
0.208361
0.200132
0.204618
0.236392
0.038647
0.349677
0.091429
0.268371
0.435426
0.096513
0.135724
0.272397
0.239065
0.359163
0.365328
0.202176
0.177704
0.045441
0.193115
0.228003
0.170735
0.256921
0.252632
0.140770
0.329716
0.193651
0.048918
0.188647
0.177506
0.367489
0.266009
0.154921
0.098305
0.453106
0.272773
0.299491
0.199804
0.248274
0.184294
0.384527
0.144517
0.231819
0.667835
0.263131
0.335512
0.177112
0.058985
0.100085
0.278874
0.403323
0.177876
0.249162
0.214324
0.116477
0.081775
0.279500
0.099468
0.094042
0.175778
0.162460
0.171156
0.282354
0.246240
0.098984
0.039168
0.400194
0.135248
0.379538
0.507167
0.113045
0.178788
0.156940
0.120341
0.285005
0.228709
0.369513
0.101942
0.065980
0.288056
0.242439
0.284983
0.387776
0.244152
0.269066
0.347418
0.178902
0.108431
0.221590
0.255813
0.359402
0.257757
0.167138
0.246135
0.445446
0.268665
0.323507
0.160005
0.221948
0.112163
0.355662
0.192821
0.325382
0.703637
0.269123
0.322497
0.200595
0.115572
0.124463
0.235362
0.322700
0.125885
0.272474
0.151964
0.057600
0.097345
0.430987
0.253076
0.116277
0.282185
0.221558
0.163574
0.280691
0.295368
0.014645
0.139481
0.403517
0.130043
0.487867
0.492451
0.123992
0.212177
0.171308
0.014532
0.298304
0.165765
0.475346
0.040130
0.070196
0.226402
0.181333
0.377732
0.348914
0.250968
0.288910
0.264019
0.114917
0.236594
0.076582
0.347880
0.320882
0.321016
0.093375
0.345927
0.367990
0.300240
0.146785
0.174029
0.160088
0.125038
0.182230
0.284688
0.431014
0.734901
0.382828
0.363577
0.363876
0.142997
0.186776
0.256202
0.177260
0.061379
0.177452
0.150769
0.285101
0.024534
0.414254
0.231803
0.071177
0.394002
0.243086
0.120077
0.202176
0.331010
0.037549
0.077946
0.347517
0.269366
0.493595
0.444878
0.100112
0.088631
0.219897
0.079348
0.247511
0.122077
0.358685
0.115519
0.041306
0.207535
0.200295
0.418235
0.326770
0.238620
0.197788
0.291268
0.064212
0.320986
0.071286
0.398860
0.329315
0.420926
0.103339
0.339465
0.252185
0.449815
0.057098
0.061493
0.097911
0.069314
0.210840
0.304300
0.359255
0.688229
0.405016
0.386291
0.368726
0.134784
0.264693
0.264217
0.132974
0.188649
0.193572
0.136183
0.381497
0.109060
0.337409
0.224163
0.111015
0.469674
0.165274
0.059541
0.093751
0.213671
0.033541
0.191550
0.169429
0.388296
0.475221
0.467587
0.076000
0.124360
0.123962
0.101485
0.270604
0.141751
0.180073
0.142137
0.079726
0.341728
0.269070
0.455158
0.375156
0.194931
0.184364
0.245733
0.038618
0.381187
0.181149
0.405741
0.415406
0.471430
0.090069
0.369589
0.325110
0.464699
0.105044
0.124749
0.173429
0.059334
0.139745
0.287553
0.324230
0.553245
0.391944
0.345584
0.360058
0.073366
0.215385
0.222807
0.167416
0.204367
0.262589
0.124816
0.317935
0.101541
0.422783
0.320704
0.167430
0.594313
0.230308
0.134445
0.118243
0.140835
0.136057
0.313052
0.176202
0.377572
0.450151
0.330135
0.024601
0.146283
0.080157
0.143587
0.359503
0.202558
0.124869
0.167626
0.112495
0.432003
0.351810
0.436543
0.256639
0.215690
0.201110
0.121997
0.160813
0.435339
0.155959
0.341753
0.431494
0.452646
0.178036
0.375529
0.245930
0.423466
0.180605
0.104045
0.365734
0.184921
0.125423
0.301984
0.339389
0.484032
0.287326
0.327038
0.223151
0.112175
0.175085
0.144540
0.309227
0.134606
0.227594
0.157712
0.222076
0.133713
0.283109
0.408543
0.147560
0.749110
0.328120
0.156616
0.089547
0.075241
0.188418
0.328818
0.239362
0.360712
0.396091
0.180455
0.121486
0.179613
0.083611
0.196530
0.411258
0.213626
0.201992
0.345476
0.104183
0.452629
0.375125
0.330203
0.053995
0.232336
0.169020
0.130936
0.281251
0.350375
0.186251
0.334245
0.332904
0.462384
0.304973
0.286726
0.382527
0.356979
0.271333
0.082374
0.582013
0.245427
0.095812
0.341091
0.172538
0.428265
0.239854
0.290865
0.286240
0.030597
0.128354
0.162037
0.395980
0.179180
0.251674
0.355091
0.165901
0.109568
0.306899
0.431898
0.060978
0.822111
0.324263
0.107620
0.177275
0.062885
0.151100
0.233070
0.146443
0.364961
0.337899
0.145761
0.320541
0.140899
0.084728
0.158806
0.482124
0.241385
0.206986
0.477472
0.151556
0.439101
0.415935
0.218735
0.252157
0.246713
0.134125
0.117431
0.206459
0.233841
0.182244
0.416077
0.272179
0.372260
0.383861
0.256096
0.462842
0.359191
0.220994
0.112416
0.584413
0.225755
0.094738
0.358102
0.189827
0.373750
0.258218
0.189682
0.245826
0.063907
0.111882
0.146954
0.359966
0.205810
0.336513
0.387958
0.228917
0.100781
0.303175
0.390475
0.059976
0.793621
0.284926
0.119099
0.233027
0.039701
0.144422
0.165719
0.188696
0.396654
0.340124
0.255448
0.436888
0.077618
0.095365
0.109144
0.553514
0.242702
0.186625
0.524359
0.241586
0.387973
0.413624
0.204691
0.175316
0.238875
0.137301
0.017777
0.034062
0.200894
0.197571
0.357642
0.317435
0.217122
0.296386
0.289334
0.531089
0.444482
0.085229
0.133270
0.405987
0.169709
0.208245
0.331649
0.221082
0.213951
0.337214
0.123212
0.075747
0.078321
0.049707
0.116645
0.383866
0.094269
0.497246
0.487086
0.193577
0.056646
0.220983
0.331109
0.050408
0.693324
0.326625
0.182576
0.185035
0.154610
0.208398
0.230040
0.258158
0.306976
0.302084
0.172302
0.451812
0.116465
0.125891
0.124580
0.600450
0.186467
0.137169
0.386593
0.151390
0.307941
0.350030
0.222540
0.159727
0.323023
0.129690
0.127191
0.100601
0.153908
0.147685
0.278772
0.349795
0.128051
0.231174
0.330713
0.510754
0.383117
0.044993
0.227041
0.232752
0.078363
0.230675
0.255891
0.230344
0.216301
0.371774
0.089796
0.170551
0.074815
0.076039
0.218704
0.444516
0.020868
0.644016
0.449295
0.136849
0.104130
0.168056
0.179591
0.104412
0.672094
0.440497
0.158711
0.207195
0.235445
0.287315
0.190871
0.214957
0.116673
0.179488
0.274214
0.470863
0.224022
0.150795
0.132549
0.588035
0.148806
0.120600
0.202051
0.086912
0.256077
0.258232
0.114342
0.198317
0.358310
0.012876
0.155301
0.265634
0.202131
0.170715
0.283270
0.332091
0.175593
0.249059
0.227917
0.449467
0.396582
0.039246
0.221838
0.153548
0.062785
0.325446
0.135033
0.175622
0.173943
0.414926
0.168449
0.117931
0.116692
0.142915
0.282051
0.362081
0.072093
0.639034
0.383211
0.175374
0.130298
0.134176
0.162554
0.081038
0.687363
0.457604
0.298615
0.231982
0.369037
0.315021
0.222339
0.096905
0.111744
0.146569
0.288134
0.430821
0.318844
0.124927
0.142048
0.609341
0.180652
0.071639
0.217459
0.108377
0.241205
0.273240
0.081414
0.203374
0.392511
0.078035
0.180885
0.259937
0.287162
0.259571
0.204981
0.283821
0.240541
0.206668
0.125922
0.420036
0.450456
0.155811
0.222800
0.167986
0.075690
0.438434
0.050404
0.171236
0.153669
0.391771
0.256513
0.152938
0.163617
0.224399
0.265984
0.193146
0.194508
0.512102
0.358364
0.112380
0.110235
0.179636
0.172650
0.121846
0.629645
0.357423
0.398969
0.174195
0.334010
0.386434
0.191904
0.025307
0.170803
0.190517
0.293054
0.282303
0.299433
0.099025
0.189987
0.655424
0.169415
0.068338
0.279010
0.134699
0.222361
0.305336
0.169401
0.145041
0.409308
0.179690
0.176294
0.157921
0.218315
0.384414
0.141618
0.224572
0.243080
0.182288
0.199186
0.282701
0.498808
0.217382
0.212420
0.168212
0.163705
0.515267
0.110423
0.121486
0.094151
0.337751
0.269116
0.177944
0.189267
0.195261
0.180768
0.120813
0.208460
0.368713
0.392695
0.034606
0.095110
0.323491
0.111189
0.191719
0.603060
0.247360
0.323380
0.103231
0.236765
0.425035
0.195322
0.056614
0.289522
0.220637
0.342270
0.122870
0.296099
0.109416
0.262534
0.684567
0.279632
0.030509
0.200035
0.074287
0.194061
0.318197
0.172113
0.188927
0.450229
0.264952
0.213099
0.126983
0.089089
0.420286
0.145568
0.145402
0.151239
0.282591
0.279812
0.221075
0.419110
0.223226
0.181038
0.239709
0.435178
0.390330
0.099965
0.216473
0.137036
0.335112
0.219913
0.190380
0.049673
0.161381
0.124292
0.119587
0.090309
0.218562
0.458851
0.077836
0.071356
0.402045
0.099554
0.150801
0.583391
0.233793
0.231630
0.028478
0.228325
0.443568
0.249661
0.180566
0.284971
0.223265
0.497688
0.230138
0.344831
0.121240
0.252892
0.624026
0.290428
0.036692
0.210086
0.025950
0.214439
0.338595
0.204161
0.406583
0.382806
0.258993
0.185048
0.171952
0.205996
0.460228
0.184433
0.086249
0.112336
0.387290
0.321783
0.250791
0.330093
0.237751
0.199581
0.331008
0.510167
0.320593
0.153559
0.363506
0.186955
0.394088
0.267336
0.200332
0.033011
0.131335
0.112917
0.116165
0.069014
0.090243
0.504848
0.069433
0.079044
0.261203
0.165160
0.036590
0.478767
0.176714
0.231232
0.092978
0.232488
0.492769
0.402714
0.246090
0.268156
0.200785
0.612899
0.191830
0.381530
0.147277
0.182832
0.491727
0.281364
0.152016
0.277326
0.098641
0.177852
0.379300
0.234017
0.493842
0.253315
0.197400
0.123326
0.139942
0.265045
0.487984
0.246146
0.091365
0.066377
0.346258
0.229894
0.194746
0.265627
0.201927
0.268964
0.355556
0.394415
0.227821
0.131953
0.333725
0.161145
0.385036
0.329668
0.204411
0.036455
0.181817
0.120361
0.080725
0.100272
0.082342
0.458880
0.229219
0.105797
0.398092
0.164848
0.062692
0.493340
0.182167
0.302936
0.193227
0.324938
0.479204
0.619847
0.260039
0.378330
0.259267
0.576449
0.138300
0.313158
0.244307
0.096802
0.365804
0.325627
0.215993
0.449359
0.201403
0.114850
0.278071
0.195417
0.471551
0.214757
0.114270
0.098230
0.098939
0.241806
0.516285
0.224448
0.132648
0.132508
0.194924
0.183428
0.079792
0.277913
0.248321
0.250782
0.297334
0.422367
0.133172
0.187239
0.405284
0.158909
0.400830
0.347026
0.226028
0.052720
0.192514
0.158017
0.064831
0.153316
0.152776
0.385350
0.298842
0.138573
0.514533
0.086197
0.108020
0.522085
0.274822
0.250436
0.369745
0.458820
0.461045
0.794943
0.161500
0.483973
0.226725
0.507123
0.116146
0.231258
0.305951
0.194444
0.441224
0.210975
0.092072
0.463236
0.166879
0.058422
0.184106
0.216577
0.447138
0.211626
0.213509
0.081076
0.005497
0.366064
0.401102
0.163483
0.204589
0.200572
0.165683
0.177370
0.139918
0.350229
0.263299
0.164201
0.159312
0.563043
0.314535
0.211750
0.416395
0.143056
0.438023
0.285975
0.192664
0.061050
0.245630
0.174545
0.089911
0.276347
0.080908
0.343396
0.238557
0.140333
0.516132
0.083491
0.176396
0.483785
0.292367
0.206470
0.402407
0.511095
0.425721
0.707592
0.151663
0.439004
0.182194
0.337312
0.038514
0.180523
0.279075
0.292756
0.527718
0.202616
0.128315
0.433445
0.108321
0.069454
0.074588
0.227854
0.319631
0.185743
0.372062
0.091438
0.073881
0.357896
0.238276
0.224552
0.132292
0.263799
0.100122
0.188897
0.297577
0.392306
0.201780
0.080113
0.109505
0.592065
0.335912
0.192794
0.382046
0.109013
0.440968
0.305345
0.133454
0.029076
0.292847
0.226013
0.119249
0.292517
0.186303
0.345279
0.253527
0.123924
0.456842
0.092212
0.335374
0.416532
0.158716
0.386630
0.358609
0.461734
0.373977
0.530630
0.141300
0.325005
0.136528
0.140532
0.089894
0.186682
0.240322
0.291240
0.409988
0.287897
0.091209
0.371281
0.170231
0.211875
0.044046
0.225049
0.128126
0.159840
0.354150
0.218839
0.055016
0.327729
0.239667
0.185109
0.121286
0.385302
0.084749
0.177473
0.386879
0.378687
0.055783
0.118956
0.118299
0.445401
0.377060
0.132487
0.234549
0.041856
0.323724
0.211354
0.132416
0.049282
0.203825
0.330509
0.160518
0.254666
0.293851
0.328427
0.294750
0.142116
0.321725
0.114990
0.503885
0.360525
0.192620
0.533228
0.226486
0.428174
0.290538
0.455921
0.164846
0.321331
0.075777
0.032097
0.111452
0.154334
0.275670
0.398326
0.433835
0.343895
0.057745
0.330272
0.224690
0.274522
0.084669
0.186062
0.189752
0.114140
0.197361
0.289103
0.050667
0.313859
0.366277
0.184401
0.141458
0.514740
0.181827
0.170920
0.446159
0.353843
0.050975
0.069204
0.141813
0.364492
0.451197
0.015947
0.263223
0.019575
0.257447
0.100590
0.133454
0.142620
0.125863
0.371700
0.197930
0.201597
0.292295
0.340889
0.312768
0.282929
0.310385
0.179053
0.532929
0.306078
0.054977
0.586424
0.151364
0.366600
0.224147
0.541154
0.308258
0.410040
0.116434
0.083030
0.065935
0.125736
0.258708
0.413438
0.517095
0.329738
0.044817
0.237150
0.253347
0.183775
0.112549
0.093793
0.260990
0.106453
0.156086
0.296751
0.064020
0.326537
0.387675
