# G_1, p = 1.5000 GPa (dir_15000.0_bar).
# D8R-only: 96 rings x 101 frames = 9696 samples.
# Column: per-D8R Delta [A]
1.775418
1.775527
1.775435
1.775527
1.775633
1.775415
1.775638
1.775810
1.775636
1.775788
1.775533
1.775810
1.775371
1.775808
1.775366
1.775376
1.775631
1.775376
1.775812
1.775383
1.775368
1.775638
1.775413
1.775366
1.775531
1.775369
1.775381
1.775420
1.775378
1.775529
1.775415
1.775527
1.775435
1.775533
1.775636
1.775418
1.775638
1.775810
1.775643
1.775778
1.775527
1.775810
1.775366
1.775366
1.775812
1.775376
1.775638
1.775378
1.775808
1.775381
1.775369
1.775641
1.775420
1.775371
1.775529
1.775368
1.775373
1.775413
1.775376
1.775531
1.775527
1.775435
1.775638
1.775788
1.775366
1.775376
1.775527
1.775425
1.775638
1.775778
1.775366
1.775376
1.775527
1.775425
1.775638
1.775788
1.775366
1.775376
1.775527
1.775435
1.775638
1.775778
1.775366
1.775376
1.775527
1.775435
1.775638
1.775788
1.775366
1.775376
1.775527
1.775425
1.775638
1.775778
1.775366
1.775376
1.925805
1.802709
1.656918
1.885073
1.778375
1.700906
1.830973
1.840752
1.856919
1.691175
1.834976
1.758158
1.647079
1.859553
1.746549
1.889250
1.850991
1.808678
1.910112
1.696888
1.808430
1.771244
1.796934
1.796086
1.686896
1.873684
1.773945
1.876714
1.831137
1.738372
1.811453
1.801583
1.817180
1.705713
1.934350
1.779358
1.652462
1.871479
1.844166
1.800727
1.863998
1.847654
1.824595
1.667659
1.662634
1.782629
1.834058
1.663078
1.760830
1.786444
1.817324
1.862343
1.879574
1.917827
1.832072
1.662225
1.771065
1.807929
1.721608
1.858026
1.722231
1.970001
1.785176
1.747441
1.724654
1.720169
1.738652
1.712497
1.721046
1.799853
1.835426
1.844940
1.743987
1.655739
1.691201
1.733094
1.765621
1.698406
1.658393
1.803245
1.962118
1.779822
1.872312
1.832436
1.811036
1.763484
1.785749
1.787498
1.768118
1.761062
1.953226
1.664931
1.845353
1.786403
1.764329
1.818053
1.968495
1.825854
1.523263
1.884539
1.660075
1.630995
1.951803
1.841159
1.948131
1.775654
1.907838
1.717181
1.675368
1.801275
1.643570
1.842763
2.008714
1.780976
1.814028
1.703338
1.676210
1.797932
1.710984
1.826057
1.672911
1.896357
1.766912
1.890131
1.829250
1.789537
1.742041
1.906349
1.705010
1.705235
1.891078
1.786566
1.526666
1.804796
1.791867
1.891212
1.908336
1.838177
1.690479
1.670533
1.662265
1.805488
1.876384
1.632438
1.803008
1.839301
1.734283
2.037824
1.886466
1.806386
1.914662
1.628722
1.723695
1.878506
1.707389
1.877852
1.728474
2.058611
1.571824
1.741600
1.706605
1.722012
1.667541
1.698504
1.658978
1.695122
1.812106
1.950310
1.651635
1.692743
1.708870
1.737459
1.745356
1.611548
1.582463
1.711274
2.073162
1.809916
1.837254
1.740691
1.854178
1.743229
1.862891
1.793137
1.791407
1.769305
1.990578
1.527245
1.891490
1.957390
1.718086
1.850332
2.028858
1.976543
1.454457
1.781628
1.570270
1.641861
2.041915
1.861163
2.003070
1.866961
1.873484
1.761001
1.737520
1.765177
1.642661
1.849047
2.077805
1.727552
1.732514
1.708720
1.656120
1.703104
1.593421
1.809024
1.680725
1.817009
1.859437
1.868999
1.840797
1.757958
1.671712
1.985799
1.602510
1.735658
1.765471
1.685348
1.490804
1.728688
1.719832
1.968334
1.773469
1.742934
1.534664
1.659726
1.706695
1.805343
1.970864
1.678224
1.785190
1.787848
1.784530
2.045044
1.888443
1.693891
1.888959
1.693610
1.758435
1.849944
1.710896
1.858759
1.782032
2.056872
1.416900
1.668369
1.801073
1.729455
1.700863
1.703472
1.589940
1.581282
1.727894
1.949513
1.568763
1.734191
1.805747
1.759448
1.709192
1.641476
1.621376
1.485106
2.005198
1.877879
1.879794
1.575921
1.936894
1.758728
1.870289
1.782732
1.819880
1.821271
1.931628
1.500599
1.927358
1.995197
1.744909
1.865618
2.048114
2.103838
1.394675
1.660676
1.563520
1.641149
2.059509
1.976672
1.990702
1.771969
1.790647
1.891104
1.656285
1.911776
1.696478
1.936840
1.980370
1.764367
1.915269
1.707668
1.750658
1.617689
1.518121
1.725955
1.611635
1.820906
1.928185
1.904554
1.935161
1.629977
1.604152
2.128423
1.680415
1.610350
1.779035
1.576004
1.537225
1.675810
1.716739
1.864006
1.713978
1.759350
1.384163
1.590515
1.709790
1.802925
1.934521
1.685240
1.806590
1.755294
1.915843
2.012792
1.845436
1.757692
1.797607
1.673502
1.766923
1.837171
1.767482
1.777544
1.816474
2.077385
1.486976
1.533288
1.998728
1.638009
1.775077
1.771099
1.494756
1.617296
1.723840
1.846661
1.706425
1.614735
1.778145
1.766891
1.755244
1.784920
1.607957
1.436361
1.961866
1.799335
1.962716
1.436202
1.961210
1.880857
1.755956
1.735133
1.879649
1.891053
1.983662
1.522849
1.946567
1.880468
1.867327
1.830550
1.914679
2.054938
1.406104
1.706580
1.572641
1.678026
2.091533
1.988526
2.041494
1.756802
1.812999
1.948867
1.618766
2.069868
1.589850
1.995795
1.907354
1.786015
2.075393
1.736467
1.771980
1.640928
1.562482
1.677628
1.682453
1.815331
1.902514
1.901888
2.074660
1.684049
1.622001
2.134776
1.713974
1.447603
1.799342
1.610175
1.548663
1.698896
1.720487
1.813400
1.790624
1.637630
1.339276
1.548831
1.625769
1.756373
1.829348
1.664699
1.937615
1.730961
1.994202
1.984795
1.725581
1.938028
1.735613
1.557204
1.827068
1.804239
1.802520
1.632562
1.778702
2.022839
1.569067
1.577972
2.147041
1.557305
1.776650
1.846893
1.568321
1.692766
1.892820
1.890950
1.790747
1.614990
1.624493
1.751808
1.953396
1.835456
1.498859
1.539030
1.938301
1.633365
1.976077
1.449335
1.936729
1.939481
1.628522
1.643847
1.986852
1.948253
2.028639
1.499913
1.857508
1.810815
1.883809
1.765501
1.941798
1.958044
1.504596
1.756175
1.476267
1.812186
2.113081
1.858157
2.095038
1.797297
1.788640
1.940660
1.702360
2.105953
1.537328
1.949474
1.953792
1.786401
2.027883
1.826198
1.720927
1.725885
1.664713
1.810520
1.718890
1.822134
1.815654
1.889424
2.080986
1.721350
1.663227
1.991721
1.645307
1.409581
1.825030
1.768188
1.637884
1.791546
1.672406
1.887945
1.773785
1.523801
1.402363
1.523273
1.458579
1.749826
1.819677
1.817796
2.080811
1.754610
1.856509
1.984254
1.593376
1.903896
1.783596
1.463521
1.937666
1.819623
1.852718
1.615604
1.678998
1.922062
1.510909
1.651618
2.154755
1.570535
1.734680
1.812647
1.658565
1.698922
1.909198
2.071847
1.823379
1.691436
1.500252
1.732193
1.998080
1.798083
1.416841
1.671211
1.925845
1.604232
1.911482
1.594508
1.870535
1.931470
1.609408
1.495698
2.010758
1.958685
1.993505
1.434651
1.773593
1.919767
1.789556
1.838210
2.075431
1.988946
1.496607
1.697768
1.379003
1.926421
2.076340
1.852866
2.042608
1.793291
1.741876
1.939122
1.773475
2.162223
1.641048
1.856233
2.025686
1.695737
1.912621
1.927065
1.714724
1.717929
1.823084
1.890521
1.595152
1.769077
1.645652
1.876755
1.916124
1.748355
1.742194
1.896568
1.622290
1.368698
1.867810
1.774873
1.676023
1.808436
1.694774
1.875456
1.776812
1.497496
1.552052
1.462201
1.371710
1.777857
1.796828
1.985882
2.059508
1.850435
1.779800
1.929154
1.512524
1.894946
1.889079
1.505114
1.993741
1.938898
1.848717
1.704553
1.698265
1.873431
1.488797
1.715591
2.147644
1.659215
1.708756
1.813055
1.555621
1.706040
1.837900
2.070672
1.921716
1.720568
1.449895
1.815007
1.887742
1.758526
1.507349
1.751720
1.990177
1.759961
1.880427
1.723593
1.884341
1.838347
1.734595
1.429003
2.032008
1.979578
1.950715
1.551532
1.796433
1.990361
1.850083
1.984424
2.066814
2.135652
1.417990
1.608514
1.440095
1.949988
2.022124
1.900646
1.923402
1.802881
1.702582
1.952397
1.679652
2.198696
1.700400
1.863630
1.986494
1.735059
1.888016
1.808131
1.727409
1.819361
1.875120
1.828638
1.595933
1.735028
1.512219
1.900658
1.795806
1.753206
1.948652
1.873868
1.674998
1.492991
1.962280
1.646915
1.664182
1.836544
1.748919
1.756261
1.775867
1.475725
1.650470
1.335926
1.518097
1.807672
1.780759
1.984129
1.962498
1.860045
1.847003
1.926901
1.552844
1.902978
1.903160
1.614198
1.917698
2.042163
1.802027
1.744793
1.857602
1.870350
1.641355
1.821952
2.128871
1.722190
1.746079
1.899184
1.486170
1.740963
1.777179
1.999040
2.006457
1.675041
1.524073
1.873157
1.894439
1.696432
1.671206
1.846041
2.024253
1.892685
1.973338
1.828209
1.898975
1.827361
1.795803
1.475555
2.130381
1.890042
1.963093
1.810829
1.828530
1.982870
1.936841
2.007921
1.954242
2.166969
1.471897
1.664003
1.567740
1.769800
1.992335
1.821169
1.916328
1.823756
1.713371
1.915840
1.583530
2.171739
1.679825
1.913712
1.859532
1.801402
1.761917
1.769471
1.635728
1.934484
1.853379
1.691753
1.816450
1.703723
1.358139
1.876179
1.838552
1.750864
2.068703
1.888561
1.730649
1.647460
1.923339
1.533193
1.678774
1.873316
1.685185
1.642301
1.784126
1.476110
1.630619
1.259605
1.640662
1.791278
1.771123
1.933023
1.913672
1.736650
1.796229
1.833771
1.590767
1.887929
1.834089
1.757968
1.843543
1.983752
1.756562
1.664393
1.942430
1.861096
1.802401
1.869841
2.081098
1.672000
1.662612
2.008228
1.523971
1.808680
1.715647
1.962428
1.979706
1.707313
1.549819
1.854741
1.945730
1.638954
1.782419
1.914676
1.911641
1.860000
1.935946
1.862275
1.842251
1.785004
1.631943
1.586943
2.205627
1.756231
1.879239
1.872928
1.697018
1.922878
1.850783
1.903075
1.922502
1.954550
1.621312
1.757443
1.645404
1.782139
1.946336
1.692879
2.012501
1.798811
1.701494
1.869554
1.581520
1.951888
1.668360
1.805041
1.767093
1.870193
1.744416
1.946917
1.612160
1.926206
1.951709
1.776333
1.944927
1.694267
1.333765
1.818273
1.852216
1.736272
2.068335
1.823389
1.758824
1.729840
1.989471
1.608644
1.778655
1.906339
1.673135
1.567942
1.940220
1.558039
1.681034
1.346658
1.518966
1.841690
1.795931
1.860344
1.901133
1.686394
1.599705
1.648908
1.611155
1.824690
1.746675
1.779965
1.853232
1.845202
1.689832
1.663447
1.882014
1.804877
1.774375
1.809206
2.037983
1.614900
1.605131
1.994784
1.575574
1.802796
1.624332
1.972874
2.004723
1.834744
1.662868
1.864136
1.850414
1.635895
1.823509
1.944166
1.799471
1.862252
1.728858
1.906961
1.750196
1.705554
1.533479
1.688573
2.125661
1.782521
1.811093
1.743170
1.596135
1.859116
1.756000
1.962224
1.977488
1.828741
1.776603
1.755658
1.721577
1.892245
1.814538
1.648970
1.994344
1.677450
1.642678
1.854398
1.694380
1.799338
1.792173
1.690085
1.703987
1.771237
1.703961
2.105373
1.645635
1.833976
1.968614
1.779823
1.893963
1.855369
1.431402
1.765098
1.804036
1.804450
2.109954
1.776096
1.826956
1.739419
2.057928
1.625299
1.780262
1.827837
1.655648
1.451585
2.018611
1.637424
1.799606
1.545073
1.435350
1.728004
1.915637
1.838506
1.759583
1.686205
1.530427
1.505334
1.651345
1.720070
1.604650
1.716580
1.915637
1.712048
1.646134
1.713267
1.901999
1.692176
1.777392
1.715008
1.967670
1.618374
1.578044
1.938656
1.612025
1.794787
1.568568
1.943681
1.945352
1.991690
1.783189
1.837258
1.766472
1.636769
1.885089
1.853767
1.822183
1.928241
1.645377
1.881100
1.733961
1.691618
1.508236
1.764959
1.991702
1.791439
1.783383
1.675570
1.633305
1.753402
1.726156
1.961703
1.979718
1.815791
1.794630
1.613279
1.791914
1.864760
1.726274
1.723791
1.838473
1.736165
1.566611
1.930319
1.839637
1.700273
1.897943
1.587631
1.656093
1.802934
1.629900
2.087611
1.725174
1.968865
1.892431
1.697172
1.915281
2.038028
1.562169
1.661745
1.828076
1.934539
2.080282
1.832791
1.930675
1.812444
2.019845
1.629891
1.780382
1.667108
1.573425
1.439447
1.998412
1.676088
1.843076
1.706318
1.624062
1.618328
2.015950
1.836363
1.657995
1.733011
1.514853
1.512435
1.693459
1.627347
1.492693
1.734096
1.847398
1.779862
1.610738
1.805204
2.011748
1.629885
1.793562
1.681070
1.910091
1.676587
1.652509
1.856352
1.632996
1.729241
1.470002
1.903329
1.860682
1.961078
1.995978
1.861064
1.749518
1.581885
1.930260
1.802752
1.814689
1.853154
1.691977
1.850598
1.814536
1.837106
1.613252
1.925265
1.928474
1.706529
1.828179
1.685327
1.722589
1.692478
1.760554
1.940996
1.882900
1.771981
1.760682
1.580612
1.791562
1.775597
1.647553
1.814099
1.768452
1.930064
1.558567
1.994305
1.904328
1.527768
1.953634
1.568080
1.662248
1.891478
1.635068
2.080231
1.856148
2.030539
1.791098
1.671454
1.969050
2.059748
1.622641
1.540280
1.827321
1.980282
1.876314
1.763753
1.916216
1.801604
1.851217
1.596281
1.853529
1.609763
1.478807
1.428201
1.950514
1.743553
1.889278
1.799994
1.797093
1.769253
1.990315
1.899719
1.530093
1.660551
1.478090
1.536425
1.742725
1.656027
1.477102
1.927848
1.747666
1.907181
1.545572
1.913356
2.008716
1.689806
1.764669
1.785338
1.827603
1.773344
1.759716
1.801093
1.651453
1.649635
1.469971
1.815384
1.754163
1.840819
2.115031
1.839335
1.721120
1.398811
1.985463
1.862817
1.749472
1.661251
1.736753
1.842550
1.792954
1.798110
1.709986
2.052061
1.852670
1.611857
1.740934
1.704492
1.717970
1.686646
1.784238
1.973249
1.885099
1.729369
1.879201
1.682499
1.735107
1.729866
1.613396
1.843732
1.874266
2.006376
1.660940
1.937090
1.853374
1.525019
2.023756
1.663101
1.693345
1.939819
1.592441
2.126302
1.972847
1.901669
1.824704
1.777674
1.769402
2.036539
1.638173
1.567100
1.744937
1.868768
1.739703
1.706845
1.834459
1.820104
1.826398
1.674035
1.898850
1.705476
1.562771
1.398412
1.843715
1.922199
1.971150
1.866842
1.780516
1.942480
1.915485
1.964853
1.346601
1.722507
1.491459
1.506053
1.780294
1.746291
1.539749
2.004414
1.768708
1.853964
1.548982
1.965112
1.932670
1.739984
1.794637
1.915214
1.750309
1.845024
1.802306
1.747865
1.641576
1.613970
1.559909
1.764014
1.678277
1.812861
1.964194
1.786468
1.630721
1.358707
2.019878
1.950818
1.775565
1.580054
1.757011
1.874380
1.673769
1.701774
1.754538
2.047453
1.713358
1.612299
1.674288
1.668523
1.736890
1.674049
1.760989
1.962741
1.856532
1.645140
1.901508
1.798830
1.706545
1.790240
1.571390
1.759784
1.943226
1.912703
1.746714
1.810937
1.827065
1.639209
2.012220
1.747596
1.717579
1.805283
1.551043
2.050528
1.904554
1.857065
1.879876
1.770733
1.553781
1.993384
1.713974
1.750373
1.768141
1.797588
1.705509
1.702739
1.861346
1.875450
1.880298
1.806095
1.856834
1.821280
1.645396
1.465653
1.682135
1.951243
2.048672
1.980967
1.768652
1.898297
1.861242
1.967320
1.348976
1.803491
1.536323
1.647820
1.839503
1.802229
1.597687
2.004868
1.784963
1.680836
1.591964
1.877681
1.778004
1.709470
1.847396
1.960810
1.537737
1.787947
1.792486
1.723393
1.664314
1.627591
1.632036
1.718191
1.628947
1.879544
1.800165
1.799661
1.640795
1.565327
2.005736
1.916001
1.781898
1.678667
1.759675
1.974020
1.629584
1.552549
1.788152
2.088823
1.605632
1.564154
1.734976
1.787624
1.725204
1.662873
1.734973
1.887258
1.752887
1.656372
1.827669
1.842836
1.728308
1.784416
1.552428
1.755177
1.861228
1.877144
1.850016
1.797960
1.814301
1.756190
1.981675
1.750521
1.777791
1.744546
1.489308
1.895540
1.790652
1.881893
1.849960
1.732798
1.608334
1.930380
1.659911
1.763738
1.843629
1.712516
1.559867
1.583688
1.925157
1.943056
1.842848
1.836667
1.894346
1.777598
1.651227
1.610298
1.638828
1.730545
2.017318
1.964267
1.792978
1.792702
1.778089
1.888548
1.581601
1.745578
1.634325
1.820844
1.808652
1.831736
1.661346
1.957717
1.585686
1.626026
1.658996
1.723380
1.642789
1.670923
1.830901
1.866258
1.365976
1.587706
1.723296
1.781454
1.721656
1.563862
1.562031
1.672137
1.566243
1.824735
1.728872
1.868970
1.642900
1.717814
1.930893
1.756103
1.695201
1.792312
1.723962
1.931972
1.674114
1.523897
1.852007
2.135539
1.650507
1.490001
1.731246
1.868017
1.774293
1.636888
1.696178
1.747495
1.793535
1.631450
1.862464
1.847317
1.728883
1.768355
1.588787
1.709193
1.765858
1.952481
1.901509
1.868704
1.795413
1.862123
1.971538
1.795594
1.659695
1.766513
1.384031
1.789558
1.745094
1.849326
1.772881
1.755569
1.735214
1.734993
1.629780
1.676005
1.818206
1.633109
1.424578
1.512564
1.982880
1.973577
1.667303
1.820259
1.956575
1.704606
1.710840
1.696593
1.630505
1.649266
1.942952
1.896211
1.877185
1.734038
1.678692
1.805901
1.751383
1.635541
1.768734
1.888126
1.656502
1.834596
1.738644
1.963405
1.489348
1.697504
1.659141
1.700939
1.540828
1.695925
1.774408
1.821331
1.431022
1.458236
1.697553
1.859329
1.754859
1.583372
1.545833
1.696838
1.509296
1.637624
1.761146
1.892050
1.588799
1.794633
1.922380
1.575896
1.594404
1.798571
1.704276
1.812100
1.671146
1.541615
1.977859
2.109940
1.757142
1.399733
1.656788
1.885685
1.820433
1.736048
1.678017
1.679106
1.682809
1.488014
1.977387
1.833671
1.659237
1.819084
1.681049
1.638042
1.762568
1.916145
1.801296
1.783080
1.681907
1.916526
1.880575
1.808802
1.525136
1.667365
1.387261
1.609790
1.677547
1.762282
1.761158
1.819657
1.715028
1.604734
1.755019
1.552654
1.703582
1.514696
1.353853
1.503223
1.931417
1.951138
1.476112
1.846338
1.908137
1.616686
1.771450
1.746945
1.504688
1.722821
1.850823
1.815365
1.846710
1.719556
1.469806
1.707764
1.737208
1.644361
1.895899
1.899322
1.489511
1.810904
1.751827
1.827694
1.589410
1.730504
1.692948
1.693286
1.477813
1.660335
1.646232
1.893114
1.537451
1.422119
1.786137
1.757483
1.751675
1.603581
1.580812
1.695065
1.514338
1.519980
1.806924
1.757037
1.497584
1.878530
1.939913
1.533056
1.551285
1.715150
1.662008
1.649327
1.652699
1.530014
2.088017
2.041865
1.853263
1.397106
1.602079
1.925442
1.837151
1.721995
1.651916
1.638809
1.589894
1.416543
2.000441
1.871714
1.721594
1.845203
1.718708
1.564595
1.876384
1.802926
1.713271
1.619248
1.631115
1.977618
1.719216
1.805094
1.398590
1.532453
1.520146
1.461979
1.638700
1.750286
1.818495
1.838885
1.633337
1.668859
1.763212
1.570226
1.705295
1.579867
1.342650
1.587179
1.961564
1.887951
1.497197
1.930572
1.966229
1.571681
1.872389
1.866512
1.412702
1.767192
1.757497
1.837390
1.862397
1.649570
1.313270
1.713017
1.794011
1.745531
1.891566
2.049283
1.463158
1.726022
1.760278
1.698765
1.675170
1.704866
1.739664
1.660532
1.520372
1.721451
1.679574
1.906574
1.470449
1.468682
1.888542
1.671514
1.825569
1.679790
1.700272
1.629466
1.522534
1.474203
1.678654
1.659834
1.518743
1.930522
1.982195
1.650098
1.657832
1.711766
1.683103
1.624492
1.689400
1.446880
2.118782
1.963075
1.869745
1.462369
1.537355
1.976180
1.834408
1.673743
1.556833
1.593869
1.590825
1.433370
1.879424
1.865204
1.855665
1.694756
1.684839
1.550003
1.841047
1.748180
1.816416
1.511591
1.683293
2.009902
1.645656
1.746659
1.409276
1.465690
1.599879
1.494714
1.679747
1.767095
1.813792
1.868305
1.629753
1.658982
1.730323
1.707623
1.789087
1.653965
1.364233
1.622286
1.905238
1.786380
1.572382
1.926721
1.963349
1.553550
1.906430
1.935814
1.471601
1.698584
1.862410
1.867491
1.836135
1.543594
1.299580
1.745633
1.837047
1.683281
1.872064
1.941195
1.613998
1.735269
1.777554
1.654303
1.590268
1.664624
1.768837
1.695158
1.503444
1.680644
1.767983
1.784937
1.287498
1.620076
1.880982
1.702746
1.889363
1.689199
1.730860
1.582404
1.484987
1.427405
1.559239
1.729541
1.600931
1.877049
1.931760
1.631763
1.724039
1.745551
1.758932
1.637737
1.695319
1.382271
2.062498
1.927878
1.744154
1.594910
1.447698
1.971045
1.863104
1.726424
1.473616
1.609602
1.534705
1.465631
1.742130
1.888091
1.902000
1.496175
1.712831
1.561373
1.782478
1.828335
1.889502
1.544745
1.770616
1.961461
1.647577
1.617321
1.468559
1.402452
1.613918
1.609001
1.656618
1.656940
1.773673
1.977567
1.563951
1.549932
1.721333
1.728928
1.713265
1.747287
1.425927
1.638410
1.805081
1.727665
1.692652
1.936797
1.827842
1.539012
1.802037
1.931744
1.572424
1.658392
1.900351
1.913325
1.789980
1.472101
1.351663
1.683688
1.941094
1.628979
1.828316
1.731351
1.724963
1.705808
1.866761
1.686163
1.633118
1.671732
1.817327
1.791389
1.468723
1.648406
1.713589
1.681865
1.140215
1.883149
1.812029
1.739213
1.924135
1.662082
1.697360
1.699601
1.611160
1.376865
1.621795
1.752431
1.692335
1.929250
1.854796
1.486709
1.793407
1.826712
1.738687
1.631945
1.757226
1.468189
1.927275
1.794046
1.603624
1.764036
1.439721
1.958030
1.855085
1.747672
1.498415
1.701800
1.394963
1.573690
1.655029
1.897794
1.765498
1.388332
1.764704
1.616961
1.686475
1.855859
1.816863
1.592664
1.731189
1.870980
1.661782
1.645450
1.582128
1.352693
1.548574
1.613070
1.569177
1.551173
1.751215
1.860110
1.483146
1.629425
1.710198
1.707875
1.596649
1.810428
1.541043
1.714583
1.798855
1.765762
1.688082
1.932259
1.646881
1.579608
1.691977
1.983556
1.615398
1.676252
1.794173
1.837756
1.734710
1.430090
1.267957
1.592796
1.918501
1.591280
1.835643
1.677132
1.668871
1.680793
1.759144
1.683843
1.753054
1.631962
1.814834
1.730525
1.533009
1.657976
1.715886
1.671851
1.266027
1.966292
1.747921
1.677368
1.878969
1.690729
1.823711
1.845070
1.696758
1.348292
1.761982
1.583484
1.612882
1.993026
1.839291
1.463425
1.812342
1.858634
1.728059
1.477443
1.843397
1.470768
1.746354
1.659662
1.550987
1.861366
1.519140
1.925680
1.743494
1.622954
1.520420
1.704147
1.414384
1.636599
1.591247
1.727145
1.678627
1.447133
1.699178
1.647043
1.597364
1.736689
1.656296
1.612466
1.594568
1.719329
1.649750
1.770386
1.670493
1.414396
1.603673
1.560436
1.523500
1.603373
1.760376
1.704904
1.497098
1.722597
1.657588
1.693521
1.642419
1.836210
1.582610
1.762958
1.785436
1.789940
1.723536
1.809507
1.652721
1.626933
1.690802
2.010741
1.664443
1.757415
1.643296
1.828676
1.702232
1.513654
1.287805
1.538744
1.867559
1.641961
1.748464
1.762064
1.704542
1.643550
1.621531
1.621497
1.795270
1.593966
1.799223
1.632776
1.560950
1.741847
1.762081
1.635157
1.478301
1.823019
1.753860
1.600436
1.907914
1.784658
1.938413
1.835821
1.747988
1.382599
1.843210
1.478527
1.540880
1.913225
1.813502
1.547842
1.685581
1.731316
1.732908
1.401979
1.891068
1.492797
1.680408
1.521687
1.600080
1.844644
1.544919
1.840706
1.633813
1.486176
1.379665
1.673773
1.547467
1.606839
1.538365
1.587089
1.712319
1.482527
1.630741
1.696911
1.572320
1.640328
1.629857
1.533347
1.550750
1.584366
1.591317
1.743915
1.688005
1.543099
1.664944
1.587072
1.533280
1.543518
1.629620
1.642099
1.620248
1.782761
1.571726
1.640578
1.639621
1.778130
1.516349
1.732064
1.624989
1.693292
1.723399
1.690524
1.676610
1.627167
1.737523
1.889519
1.785849
1.801106
1.614182
1.878992
1.664199
1.662368
1.383245
1.466076
1.814376
1.723389
1.633783
1.691067
1.897468
1.677126
1.616826
1.530987
1.830727
1.583296
1.715779
1.632379
1.528554
1.758704
1.679347
1.533883
1.564828
1.692905
1.690779
1.671298
1.946389
1.942589
1.975135
1.708566
1.717193
1.464132
1.720322
1.486508
1.660280
1.815280
1.569763
1.593031
1.606509
1.604014
1.705366
1.366677
1.794351
1.632699
1.595807
1.358045
1.553430
1.833788
1.509964
1.723577
1.578570
1.483651
1.321050
1.668327
1.600811
1.488130
1.549217
1.545858
1.774361
1.496963
1.662696
1.730919
1.543369
1.539363
1.717840
1.436480
1.541733
1.581298
1.520426
1.568450
1.628420
1.598427
1.735974
1.596996
1.500036
1.500331
1.492889
1.592958
1.735156
1.645418
1.677689
1.632306
1.527784
1.742783
1.565575
1.754418
1.577160
1.703308
1.614420
1.737679
1.514343
1.616825
1.782986
1.707200
1.838162
1.840172
1.655830
1.827018
1.699708
1.696095
1.537080
1.402406
1.751944
1.724982
1.614894
1.563501
2.046071
1.591613
1.658973
1.522545
1.778277
1.619154
1.627993
1.746932
1.488255
1.709480
1.628622
1.417268
1.642669
1.644950
1.661442
1.638244
1.885700
2.009309
1.992181
1.659325
1.763201
1.640009
1.598953
1.558518
1.713718
1.804013
1.257283
1.588567
1.643252
1.501608
1.622321
1.368983
1.749502
1.833356
1.534177
1.265480
1.438223
1.802722
1.492491
1.636523
1.455995
1.530540
1.348549
1.531837
1.649698
1.526723
1.616300
1.577714
1.753611
1.499440
1.716657
1.774014
1.301456
1.446583
1.722552
1.385369
1.600453
1.572510
1.483517
1.555278
1.615625
1.608102
1.844822
1.531751
1.439758
1.598924
1.388886
1.532501
1.733011
1.535109
1.780690
1.738997
1.390979
1.761997
1.698595
1.809932
1.568240
1.817138
1.427089
1.770256
1.356329
1.568629
1.769078
1.645008
1.824067
1.860745
1.640001
1.682697
1.699649
1.636629
1.531634
1.508516
1.641977
1.741859
1.605814
1.540245
2.031440
1.484703
1.579465
1.512420
1.684220
1.743985
1.584727
1.674339
1.546440
1.704626
1.582976
1.305394
1.780467
1.682250
1.698770
1.595813
1.799988
1.827851
1.870575
1.707855
1.860640
1.684108
1.535692
1.617904
1.561359
1.826956
1.123574
1.544842
1.674147
1.542116
1.567012
1.458826
1.729001
1.926420
1.501105
1.328696
1.331443
1.838135
1.589910
1.565480
1.347803
1.561940
1.504753
1.453999
1.760915
1.697409
1.654837
1.627556
1.634931
1.553482
1.642474
1.775307
1.134391
1.462330
1.589581
1.326503
1.691459
1.368968
1.430488
1.648847
1.709014
1.697498
1.854937
1.506448
1.493956
1.663583
1.298569
1.525104
1.556618
1.504882
1.629101
1.756606
1.318290
1.743306
1.822199
1.828231
1.439436
1.747121
1.360487
1.760969
1.372556
1.637444
1.795207
1.601782
1.813970
1.901957
1.556893
1.549194
1.689781
1.670342
1.457464
1.569480
1.503795
1.861945
1.519872
1.549339
1.952763
1.549147
1.423608
1.505007
1.588788
1.806517
1.639227
1.477940
1.739702
1.695240
1.670300
1.365865
1.870664
1.755274
1.706237
1.564928
1.777639
1.764624
1.778654
1.699883
1.860875
1.734527
1.416779
1.737614
1.554634
1.639782
1.203127
1.549298
1.603789
1.519943
1.533133
1.557242
1.698231
1.876005
1.435214
1.345745
1.285606
1.758585
1.627692
1.363682
1.391078
1.520150
1.684465
1.489640
1.849415
1.742813
1.561200
1.716509
1.524701
1.557784
1.650669
1.701008
1.237699
1.475375
1.533197
1.320101
1.722787
1.225321
1.336917
1.725505
1.766641
1.806691
1.779544
1.456510
1.638797
1.585450
1.270527
1.493587
1.503734
1.567361
1.458140
1.694299
1.310726
1.655438
1.923451
1.717459
1.309186
1.629929
1.357381
1.774978
1.554837
1.797778
1.702007
1.461702
1.777033
1.827375
1.449592
1.474980
1.696018
1.761503
1.533652
1.486969
1.388829
1.829332
1.462979
1.453138
1.936781
1.689140
1.426515
1.571152
1.655559
1.737725
1.521569
1.374939
1.824972
1.563004
1.632863
1.560524
1.948056
1.891059
1.671395
1.584611
1.775845
1.803099
1.803543
1.630411
1.845891
1.847768
1.388455
1.815913
1.721486
1.568794
1.193147
1.621507
1.564973
1.455760
1.557734
1.629054
1.576513
1.803439
1.317990
1.261809
1.210265
1.627189
1.688557
1.204380
1.468386
1.601531
1.763608
1.514774
1.788792
1.697183
1.463713
1.716651
1.523007
1.545176
1.761393
1.648765
1.399342
1.220744
1.496237
1.361977
1.693582
1.270363
1.288754
1.628426
1.819212
1.875640
1.790675
1.386321
1.611147
1.449470
1.296014
1.451038
1.505132
1.525796
1.435685
1.608118
1.298366
1.588302
1.863678
1.672503
1.322635
1.450911
1.396297
1.725468
1.685451
1.915651
1.533593
1.353171
1.733271
1.695582
1.417017
1.359882
1.629586
1.754239
1.662504
1.558371
1.457556
1.678032
1.436681
1.423080
1.853148
1.670810
1.537711
1.525339
1.707082
1.756334
1.404101
1.418481
1.716579
1.492999
1.498511
1.516541
1.894547
1.777046
1.642770
1.580376
1.680863
1.789781
1.713609
1.521928
1.907131
1.900002
1.423790
1.753934
1.803881
1.684664
1.110671
1.718623
1.530006
1.405089
1.568158
1.664291
1.519106
1.828253
1.222305
1.164214
1.229310
1.643277
1.681393
1.201002
1.477759
1.608290
1.800730
1.371078
1.728005
1.677009
1.413082
1.627524
1.664715
1.585179
1.696462
1.685584
1.354818
0.978324
1.505594
1.488528
1.603612
1.225595
1.355711
1.638222
1.759452
1.924441
1.891432
1.479848
1.555653
1.473505
1.287561
1.399255
1.570237
1.383782
1.461720
1.606606
1.337192
1.605551
1.862835
1.669606
1.486065
1.310522
1.425732
1.586551
1.748571
1.889047
1.603892
1.448450
1.614678
1.596278
1.466116
1.311068
1.554548
1.618016
1.715435
1.690172
1.490451
1.571144
1.485121
1.425074
1.750751
1.626041
1.603016
1.456020
1.569760
1.792326
1.346372
1.518532
1.597981
1.454984
1.464779
1.282472
1.815036
1.593527
1.587098
1.593014
1.625101
1.653971
1.691994
1.456759
1.826127
1.807740
1.478819
1.643998
1.807198
1.700436
1.156020
1.761353
1.469751
1.412382
1.621692
1.642851
1.483080
1.817089
1.173201
1.219883
1.309800
1.754433
1.711444
1.215756
1.498020
1.529835
1.860198
1.239166
1.660114
1.665113
1.429162
1.465336
1.807638
1.522231
1.454179
1.733868
1.290155
0.991123
1.560607
1.559280
1.578326
1.113638
1.411969
1.765955
1.670431
1.797886
1.759963
1.542752
1.627206
1.545984
1.254263
1.436037
1.590987
1.320068
1.463776
1.466854
1.398335
1.547251
1.877448
1.642591
1.550872
1.260451
1.392292
1.547269
1.660658
1.768947
1.681046
1.545357
1.472284
1.546628
1.459772
1.434366
1.536040
1.508858
1.672207
1.748024
1.490354
1.548607
1.518956
1.426911
1.662738
1.564332
1.618023
1.402229
1.519165
1.778278
1.480227
1.453262
1.620277
1.421105
1.460925
1.188446
1.707639
1.471821
1.510333
1.605966
1.637908
1.622867
1.660963
1.492215
1.549811
1.717301
1.592112
1.575744
1.881939
1.635618
1.317797
1.751539
1.381635
1.427474
1.591670
1.558868
1.496222
1.826188
1.157980
1.276314
1.362822
1.697361
1.782194
1.189962
1.533320
1.562774
1.881327
1.248373
1.561474
1.642316
1.440846
1.340402
1.778514
1.432615
1.352926
1.645310
1.426901
1.197079
1.594127
1.570976
1.544580
1.019359
1.415117
1.723428
1.589820
1.665073
1.694757
1.512225
1.671949
1.527406
1.328533
1.464714
1.628255
1.390662
1.520497
1.386531
1.329983
1.441390
1.903324
1.593182
1.448131
1.356046
1.354321
1.568709
1.642317
1.693832
1.621091
1.520412
1.440992
1.484959
1.389860
1.509277
1.585503
1.426313
1.752826
1.597655
1.410463
1.548450
1.491144
1.469280
1.557451
1.548738
1.617518
1.398688
1.555839
1.570269
1.619027
1.381280
1.764014
1.356030
1.429919
1.397624
1.695563
1.539524
1.457692
1.564196
1.574315
1.742030
1.569187
1.426070
1.294384
1.760206
1.682074
1.448314
1.944364
1.591932
1.494016
1.826363
1.412963
1.413188
1.519986
1.586554
1.477948
1.710890
1.231758
1.385330
1.362004
1.668352
1.840045
1.177907
1.587690
1.699655
1.964538
1.273031
1.509355
1.648529
1.521524
1.325242
1.698645
1.405036
1.390632
1.595604
1.534506
1.228746
1.552124
1.551130
1.496392
1.096004
1.432148
1.584581
1.659442
1.574872
1.756312
1.423288
1.684397
1.401134
1.437106
1.422518
1.585586
1.444170
1.711271
1.443138
1.305884
1.413937
1.866567
1.632174
1.468985
1.393324
1.332806
1.395556
1.628837
1.574940
1.531852
1.468687
1.326795
1.500272
1.396210
1.407740
1.535314
1.380872
1.915023
1.588941
1.402251
1.413525
1.540029
1.442320
1.481237
1.519273
1.697224
1.380104
1.530672
1.415264
1.698874
1.510126
1.880261
1.343438
1.431980
1.630196
1.689281
1.620213
1.516774
1.356769
1.426490
1.764850
1.410659
1.236979
1.211412
1.858700
1.741726
1.306945
1.895822
1.468800
1.699517
1.881657
1.523512
1.464232
1.523926
1.641750
1.356244
1.604668
1.318211
1.565474
1.374264
1.697603
1.771369
1.335945
1.696846
1.824203
2.018713
1.214865
1.555044
1.581578
1.560380
1.396412
1.684961
1.386265
1.384436
1.525844
1.512339
1.158319
1.379236
1.615480
1.515218
1.191224
1.426152
1.612067
1.837244
1.584619
1.721179
1.414024
1.735097
1.366538
1.475681
1.372796
1.592866
1.410638
1.740422
1.578977
1.373332
1.446420
1.741261
1.580349
1.407043
1.317139
1.474141
1.208984
1.655867
1.444785
1.583712
1.586567
1.262677
1.527041
1.556073
1.331471
1.387272
1.342329
1.915882
1.623423
1.431836
1.411972
1.600886
1.351406
1.537498
1.441417
1.750692
1.349877
1.481601
1.324553
1.711762
1.590172
1.877832
1.410231
1.411640
1.722382
1.559057
1.641570
1.494183
1.287931
1.319002
1.639858
1.316248
1.166144
1.244373
1.887119
1.724421
1.286355
1.820942
1.359638
1.757482
1.646985
1.520172
1.547022
1.546820
1.682085
1.233990
1.607740
1.332305
1.663788
1.314132
1.605027
1.617037
1.487619
1.786299
1.787488
1.859165
1.249035
1.569367
1.522597
1.622611
1.477271
1.733971
1.456535
1.290019
1.461466
1.495510
1.254854
1.294124
1.593615
1.534221
1.153883
1.458993
1.553439
1.969814
1.602865
1.464172
1.402434
1.788043
1.424098
1.510583
1.429119
1.601285
1.441154
1.679533
1.559256
1.487671
1.449962
1.622389
1.434395
1.327755
1.239617
1.529419
1.185894
1.622103
1.445812
1.553294
1.669041
1.270621
1.390666
1.657918
1.409905
1.381548
1.347502
1.849092
1.525146
1.460416
1.467271
1.645372
1.413971
1.594144
1.468688
1.662279
1.445364
1.517521
1.282271
1.804632
1.416285
1.784222
1.471554
1.480071
1.773004
1.353188
1.562007
1.428316
1.450522
1.312242
1.563583
1.360270
1.299243
1.205578
1.800615
1.631009
1.403910
1.731425
1.414755
1.756301
1.386942
1.497609
1.580153
1.538250
1.627876
1.202294
1.587769
1.300095
1.620638
1.327666
1.374472
1.598100
1.541128
1.769545
1.701338
1.693747
1.364929
1.468044
1.567798
1.620831
1.395909
1.642351
1.581288
1.231044
1.512406
1.468648
1.508606
1.401146
1.573569
1.436042
1.142784
1.531848
1.474273
1.781948
1.562138
1.340021
1.357033
1.855571
1.494126
1.550781
1.484291
1.569292
1.544886
1.551354
1.429536
1.517734
1.322095
1.423346
1.276035
1.351921
1.391075
1.501343
1.313095
1.512104
1.538539
1.438700
1.600476
1.346889
1.247064
1.661487
1.459953
1.472877
1.421766
1.815475
1.454176
1.426859
1.422253
1.654902
1.500671
1.497071
1.526732
1.498991
1.468980
1.602455
1.205289
1.715941
1.305813
1.687930
1.459241
1.595721
1.807793
1.289287
1.510087
1.396949
1.483670
1.274121
1.603443
1.352509
1.420319
1.212227
1.601330
1.626898
1.481232
1.537116
1.473961
1.791600
1.336645
1.415627
1.494268
1.536564
1.598196
1.240063
1.488856
1.421712
1.611042
1.460381
1.286997
1.639948
1.577061
1.762892
1.653815
1.598270
1.382732
1.346936
1.552362
1.677818
1.206569
1.512553
1.526594
1.162251
1.605345
1.390830
1.619593
1.451320
1.620725
1.328228
1.292369
1.683022
1.492391
1.604955
1.559863
1.427121
1.344880
1.804701
1.511456
1.548548
1.499390
1.512154
1.590295
1.667261
1.354736
1.576996
1.293057
1.200956
1.261328
1.433608
1.546057
1.421189
1.421740
1.491981
1.508721
1.369099
1.476844
1.317895
1.270043
1.619535
1.500506
1.433334
1.449574
1.629913
1.516175
1.440726
1.377796
1.636855
1.531064
1.388350
1.618171
1.432843
1.507211
1.555446
1.202111
1.534696
1.377802
1.640941
1.464419
1.616163
1.775227
1.347372
1.474056
1.477037
1.352057
1.235913
1.583058
1.314648
1.491079
1.243547
1.467451
1.606883
1.512834
1.367430
1.359653
1.879703
1.354496
1.370345
1.554203
1.558381
1.452775
1.283609
1.352799
1.586209
1.671893
1.572329
1.262809
1.643162
1.734845
1.768957
1.634088
1.627188
1.402970
1.360334
1.405610
1.739585
1.174699
1.498225
1.474104
1.190398
1.539456
1.400405
1.611600
1.362209
1.708304
1.314679
1.530741
1.749429
1.510416
1.499746
1.540406
1.457675
1.368315
1.714027
1.533113
1.583488
1.519418
1.573443
1.513600
1.736738
1.315850
1.701131
1.311586
1.146118
1.240595
1.405915
1.578355
1.410075
1.484981
1.484698
1.380596
1.510224
1.437313
1.269919
1.331501
1.605769
1.514665
1.370074
1.534405
1.420176
1.494303
1.428846
1.496902
1.557509
1.589647
1.308376
1.615126
1.338508
1.570648
1.494021
1.229280
1.413480
1.548538
1.504544
1.464950
1.625086
1.672501
1.256565
1.439831
1.510608
1.288307
1.295431
1.425297
1.363205
1.432289
1.235526
1.383413
1.501979
1.509630
1.367499
1.208253
1.803608
1.392654
1.381227
1.575487
1.437724
1.347122
1.367083
1.381411
1.688475
1.726399
1.520722
1.224300
1.528663
1.821105
1.671084
1.576739
1.571848
1.483540
1.467961
1.319664
1.764784
1.386769
1.480293
1.553213
1.270491
1.397196
1.493282
1.626192
1.318277
1.696827
1.335121
1.743539
1.659910
1.415579
1.460130
1.558945
1.333471
1.292061
1.617776
1.674713
1.620934
1.575878
1.680098
1.521428
1.615429
1.331109
1.713978
1.398567
1.098142
1.211450
1.433554
1.548878
1.491053
1.528205
1.400659
1.316662
1.601416
1.489467
1.303951
1.211129
1.583925
1.580602
1.319108
1.570825
1.374480
1.453927
1.521568
1.569074
1.462339
1.697289
1.264591
1.566863
1.267333
1.524106
1.554099
1.304140
1.422828
1.610013
1.344596
1.459964
1.678186
1.540942
1.181219
1.372075
1.511551
1.434467
1.365581
1.320409
1.484641
1.347848
1.225505
1.373351
1.348664
1.601065
1.325354
1.275118
1.616676
1.309025
1.479449
1.539291
1.363512
1.439568
1.454582
1.433380
1.742694
1.719783
1.498966
1.220503
1.519837
1.748331
1.450918
1.517017
1.431772
1.554172
1.469028
1.401940
1.677860
1.536042
1.384643
1.663636
1.427451
1.364290
1.486941
1.695273
1.307659
1.594672
1.291493
1.761424
1.646595
1.304011
1.453089
1.546947
1.263905
1.227113
1.658673
1.805751
1.645979
1.647070
1.675493
1.479584
1.498603
1.443725
1.639700
1.483122
1.030970
1.217104
1.504289
1.546739
1.587327
1.446469
1.306008
1.298120
1.614628
1.366614
1.390372
1.130456
1.527461
1.484988
1.398989
1.512520
1.336209
1.403984
1.599699
1.489413
1.433164
1.649829
1.294122
1.522277
1.250989
1.447793
1.492423
1.399440
1.380092
1.596092
1.287524
1.474500
1.696162
1.456019
1.258374
1.344761
1.424301
1.497568
1.417228
1.268439
1.510131
1.297395
1.238413
1.348069
1.251262
1.671937
1.188707
1.346040
1.460852
1.226438
1.542184
1.646664
1.398695
1.601284
1.579957
1.403503
1.826243
1.718346
1.577455
1.206674
1.491309
1.722712
1.358614
1.453933
1.329424
1.570252
1.329407
1.501169
1.564367
1.584970
1.362505
1.604701
1.548782
1.477403
1.505116
1.875224
1.303392
1.544337
1.344955
1.754209
1.762460
1.281420
1.446622
1.577329
1.246558
1.244162
1.626317
1.714723
1.656302
1.578212
1.581608
1.387509
1.504578
1.514087
1.642232
1.516194
1.027113
1.284528
1.473743
1.555268
1.674036
1.435537
1.285559
1.321653
1.542556
1.324432
1.459588
1.311326
1.622412
1.435085
1.428999
1.497940
1.234884
1.354263
1.622463
1.432413
1.475166
1.532343
1.356093
1.504187
1.194584
1.449699
1.355532
1.449459
1.283734
1.615599
1.393361
1.545533
1.635961
1.394332
1.346391
1.403885
1.462396
1.392377
1.508387
1.217781
1.466001
1.329459
1.283604
1.251434
1.191027
1.620879
1.107077
1.284005
1.332933
1.198795
1.563421
1.731396
1.470632
1.634518
1.687177
1.384402
1.776941
1.669753
1.635748
1.175841
1.427840
1.766539
1.363232
1.454904
1.278962
1.685460
1.314972
1.434920
1.477830
1.598478
1.374174
1.542509
1.636106
1.427102
1.535833
1.901086
1.311059
1.552089
1.475067
1.775436
1.722564
1.229158
1.348960
1.531085
1.202119
1.297653
1.479456
1.586299
1.635055
1.391868
1.500037
1.264724
1.561367
1.485702
1.711426
1.481881
1.162067
1.347054
1.347320
1.507254
1.652844
1.567367
1.317308
1.421601
1.508807
1.472353
1.560610
1.467477
1.697882
1.416789
1.378713
1.598842
1.144982
1.325616
1.537483
1.329148
1.430539
1.465895
1.435966
1.477793
1.117500
1.507614
1.365307
1.413954
1.097716
1.589259
1.447381
1.583092
1.650295
1.351919
1.231960
1.367567
1.403266
1.333103
1.631370
1.203861
1.469883
1.367503
1.326739
1.237187
1.211508
1.540344
1.195245
1.229766
1.281605
1.109359
1.483795
1.688029
1.536500
1.582829
1.871786
1.419317
1.720810
1.569488
1.587974
1.138075
1.424136
1.703807
1.341869
1.478811
1.162868
1.745194
1.436790
1.308658
1.437775
1.625483
1.478431
1.702349
1.739404
1.350446
1.538417
1.869210
1.406582
1.567393
1.597093
1.731077
1.610036
1.112454
1.197539
1.486298
1.298213
1.378661
1.361796
1.552626
1.681007
1.224014
1.502767
1.253636
1.478838
1.410373
1.630368
1.414709
1.318266
1.372925
1.425932
1.410577
1.656297
1.609342
1.334275
1.472936
1.380333
1.508644
1.611729
1.438048
1.675066
1.482661
1.319728
1.650307
1.168141
1.292390
1.516128
1.251574
1.382924
1.403151
1.538699
1.476688
1.196525
1.523123
1.381797
1.459366
0.926933
1.528892
1.293771
1.571760
1.637314
1.306612
1.124552
1.286513
1.338851
1.440345
1.742686
1.216437
1.447924
1.333193
1.471842
1.229073
1.286867
1.498179
1.335629
1.344924
1.219291
1.084477
1.447476
1.655944
1.581113
1.590933
1.943749
1.370055
1.740884
1.452123
1.526503
1.222926
1.412629
1.579933
1.247770
1.390560
1.088913
1.652917
1.498475
1.258011
1.381972
1.645841
1.550483
1.916533
1.716004
1.397012
1.473183
1.732154
1.431753
1.532177
1.667289
1.695142
1.582256
1.122375
1.095416
1.421774
1.420114
1.524631
1.345842
1.537725
1.691027
1.230516
1.503138
1.372404
1.414451
1.310155
1.464624
1.431099
1.431433
1.476377
1.679481
1.379513
1.698416
1.429500
1.361033
1.388170
1.273626
1.362905
1.623229
1.451038
1.616003
1.528512
1.372472
1.601752
1.161402
1.335222
1.541269
1.228053
1.382891
1.307889
1.614391
1.350869
1.320755
1.498487
1.433448
1.483402
0.964080
1.459715
1.129702
1.565270
1.582782
1.252920
1.147238
1.302317
1.317565
1.484044
1.726495
1.239186
1.482990
1.393549
1.519861
1.138553
1.361387
1.437715
1.488739
1.398553
1.144334
1.148963
1.443216
1.596001
1.499583
1.599530
1.897509
1.318501
1.645769
1.371946
1.602091
1.440709
1.337488
1.502188
1.226988
1.246848
1.109326
1.624403
1.381765
1.312690
1.369705
1.657137
1.487984
1.905024
1.666620
1.373270
1.383574
1.563743
1.348017
1.567931
1.733588
1.710786
1.704989
1.286940
1.005810
1.355259
1.427974
1.643377
1.220682
1.436270
1.647056
1.302340
1.497086
1.387869
1.519748
1.313198
1.400369
1.468770
1.501817
1.537012
1.623664
1.557049
1.658974
1.325462
1.362627
1.328126
1.227835
1.337868
1.592144
1.407662
1.619730
1.543866
1.410715
1.424735
1.176986
1.346192
1.546524
1.251806
1.383424
1.258477
1.508645
1.301084
1.328129
1.511116
1.366577
1.502049
1.156292
1.541246
1.086403
1.515642
1.506449
1.186949
1.315808
1.347411
1.348194
1.471815
1.704052
1.267325
1.463717
1.546988
1.469211
1.064901
1.390914
1.387508
1.546141
1.473473
1.167412
1.247198
1.482424
1.416903
1.453127
1.613691
1.819300
1.395922
1.563648
1.374079
1.666425
1.623032
1.259785
1.471808
1.226574
1.226442
1.119902
1.687792
1.312517
1.428065
1.447143
1.722347
1.311423
1.758984
1.650052
1.352913
1.294636
1.512383
1.341331
1.543945
1.758866
1.701818
1.768923
1.433383
0.991972
1.338348
1.393877
1.613932
1.164907
1.323568
1.590744
1.353664
1.453279
1.425073
1.578853
1.409773
1.408368
1.420334
1.536679
1.541580
1.479796
1.613998
1.561082
1.350410
1.256822
1.379169
1.193598
1.308367
1.678749
1.403033
1.459859
1.455163
1.416217
1.397817
1.271976
1.307741
1.422185
1.316599
1.240137
1.306126
1.420488
1.390847
1.308199
1.521268
1.413017
1.488277
1.240957
1.531348
1.127522
1.524436
1.503449
1.129514
1.426181
1.307526
1.412204
1.494565
1.748418
1.464726
1.434130
1.574341
1.426516
1.088001
1.460091
1.316253
1.568535
1.514143
1.352924
1.422709
1.576152
1.280999
1.406645
1.678734
1.856426
1.548366
1.546370
1.370966
1.635991
1.684971
1.248249
1.461225
1.348421
1.395138
1.117533
1.710187
1.430847
1.476954
1.506581
1.781496
1.197545
1.787778
1.666282
1.450299
1.383447
1.418309
1.439151
1.455221
1.643615
1.670124
1.677914
1.501704
0.998788
1.397813
1.424597
1.567872
1.178466
1.295861
1.636699
1.252877
1.390981
1.503447
1.430194
1.504919
1.358857
1.273915
1.590649
1.473177
1.510413
1.508653
1.547557
1.368921
1.220476
1.319638
1.182769
1.303748
1.774411
1.445676
1.288583
1.413264
1.431317
1.449742
1.377545
1.244944
1.319454
1.351527
1.229278
1.301493
1.471708
1.554389
1.379652
1.440011
1.432405
1.444618
1.225496
1.527723
1.165351
1.531833
1.408728
1.181558
1.522351
1.295429
1.454530
1.363407
1.731877
1.639906
1.325772
1.477909
1.520162
1.256069
1.483733
1.293549
1.612416
1.500643
1.592658
1.513200
1.658742
1.228564
1.271743
1.689216
1.743019
1.590178
1.582286
1.329096
1.571943
1.645029
1.298007
1.355637
1.483530
1.516513
1.155011
1.686577
1.500845
1.361436
1.482592
1.871998
1.239175
1.857092
1.643228
1.558380
1.575005
1.291402
1.547061
1.444674
1.551477
1.631727
1.592845
1.538112
1.030414
1.420828
1.450733
1.569506
1.283767
1.321504
1.707444
1.225664
1.424673
1.529255
1.385217
1.547150
1.285055
1.130964
1.664214
1.414406
1.623272
1.517158
1.643025
1.311353
1.350772
1.272579
1.242807
1.296845
1.675514
1.490194
1.267474
1.409693
1.546941
1.440170
1.397403
1.303916
1.339532
1.316370
1.412583
1.274346
1.566771
1.596251
1.500293
1.465793
1.338539
1.414997
1.315676
1.528497
1.154357
1.607349
1.193833
1.343651
1.662025
1.277513
1.466209
1.239120
1.589705
1.676846
1.313598
1.513887
1.684083
1.383618
1.432827
1.300163
1.754950
1.516208
1.567712
1.515813
1.689654
1.290049
1.212149
1.672586
1.597058
1.530685
1.542609
1.285504
1.537566
1.610110
1.290391
1.239411
1.573012
1.522878
1.202263
1.661704
1.369869
1.394293
1.438222
1.906565
1.305537
1.680412
1.624905
1.547396
1.619919
1.318246
1.542941
1.472593
1.419206
1.583212
1.554614
1.561595
1.187629
1.388371
1.453844
1.656629
1.262685
1.324115
1.718385
1.336725
1.443696
1.426505
1.379391
1.467181
1.280243
1.157788
1.720335
1.320488
1.619061
1.545592
1.560139
1.393090
1.469722
1.375680
1.296253
1.366289
1.589062
1.439448
1.299404
1.382300
1.580018
1.435194
1.360229
1.431223
1.355188
1.281205
1.526791
1.322725
1.398854
1.565817
1.516002
1.525983
1.298386
1.381141
1.464974
1.529137
1.210294
1.650727
0.988321
1.434076
1.727650
1.200944
1.474292
1.274144
1.387342
1.577132
1.309544
1.626526
1.767720
1.360268
1.321281
1.367461
1.726556
1.486619
1.398716
1.511004
1.640312
1.271997
1.153135
1.658295
1.440530
1.486557
1.506667
1.182561
1.553668
1.673995
1.209485
1.158270
1.535672
1.530275
1.219809
1.541484
1.446267
1.554888
1.430479
1.815711
1.286958
1.459096
1.590007
1.519183
1.558534
1.406398
1.649948
1.474130
1.262987
1.498655
1.493321
1.657649
1.358109
1.464656
1.529220
1.748370
1.194054
1.311886
1.590773
1.379262
1.484157
1.401508
1.345838
1.464499
1.340804
1.276223
1.678077
1.343471
1.701551
1.529312
1.252605
1.479483
1.525329
1.553319
1.294370
1.383987
1.704187
1.394661
1.248485
1.459763
1.532512
1.516341
1.371803
1.534665
1.317688
1.303948
1.488291
1.377133
1.289334
1.553270
1.556409
1.497538
1.401213
1.432786
1.517355
1.478362
1.306725
1.624056
1.038512
1.432590
1.640676
1.210479
1.482180
1.461558
1.325149
1.625693
1.245667
1.713197
1.694006
1.412194
1.341001
1.371334
1.549491
1.386994
1.446564
1.513093
1.631136
1.268882
1.127603
1.576902
1.380696
1.485191
1.602093
1.160104
1.585926
1.593318
1.199213
1.194110
1.548198
1.563814
1.264377
1.466835
1.602022
1.587652
1.459222
1.554159
1.249832
1.361683
1.606177
1.545316
1.562556
1.391011
1.683940
1.549998
1.191289
1.424515
1.490644
1.690112
1.403808
1.553584
1.659722
1.669280
1.215193
1.326810
1.436990
1.318062
1.416484
1.501455
1.241796
1.560511
1.375011
1.282528
1.593295
1.367107
1.801181
1.548019
1.165359
1.417158
1.577638
1.592242
1.291622
1.379754
1.765822
1.426237
1.201824
1.465366
1.510707
1.483591
1.421206
1.537360
1.367608
1.404254
1.398390
1.423611
1.327382
1.529376
1.562402
1.381049
1.458659
1.575545
1.564937
1.413104
1.412372
1.556920
1.059327
1.495736
1.600414
1.316314
1.487852
1.535527
1.353297
1.630205
1.081476
1.716790
1.623433
1.418296
1.482400
1.333864
1.494723
1.319504
1.575557
1.560234
1.620276
1.249610
1.146265
1.498405
1.339744
1.411404
1.595035
1.272312
1.565151
1.523393
1.378284
1.220644
1.682729
1.469168
1.433995
1.475916
1.628627
1.546601
1.362682
1.363565
1.371790
1.316926
1.686433
1.508276
1.623507
1.332362
1.647696
1.642118
1.249869
1.484366
1.426240
1.652769
1.394839
1.521755
1.692633
1.555870
1.417367
1.299576
1.351780
1.319636
1.358474
1.579494
1.252316
1.582000
1.400801
1.295847
1.597512
1.392993
1.706994
1.541136
1.348546
1.309431
1.620696
1.631484
1.389751
1.420787
1.604925
1.377117
1.250869
1.407640
1.494831
1.377785
1.411526
1.527906
1.479662
1.519359
1.426891
1.469196
1.301783
1.487240
1.544653
1.355642
1.504771
1.619828
1.646151
1.461944
1.534219
1.615596
1.030653
1.607715
1.631732
1.405760
1.488367
1.415084
1.235887
1.539206
1.134789
1.641895
1.577868
1.500499
1.565098
1.333475
1.566288
1.264354
1.593978
1.687068
1.538505
1.192946
1.249568
1.387345
1.302570
1.352303
1.535406
1.412005
1.559097
1.666091
1.543895
1.111847
1.746560
1.407914
1.670402
1.442518
1.627094
1.570755
1.265074
1.320593
1.512993
1.208420
1.646119
1.393280
1.608766
1.276225
1.654105
1.626989
1.351503
1.673152
1.311988
1.648481
1.477626
1.420477
1.651323
1.620924
1.567536
1.342297
1.326213
1.507000
1.418998
1.473025
1.319989
1.572667
1.443850
1.474330
1.673375
1.391754
1.531207
1.513536
1.500270
1.251605
1.629851
1.686637
1.498412
1.523386
1.448881
1.279499
1.398856
1.340741
1.369829
1.306572
1.396840
1.506060
1.494523
1.514248
1.588611
1.393769
1.195938
1.462769
1.527066
1.474407
1.440269
1.498005
1.647285
1.566951
1.668871
1.514038
1.084526
1.585927
1.648913
1.417260
1.475312
1.322242
1.170798
1.396491
1.219057
1.601236
1.543202
1.655983
1.554264
1.392759
1.514225
1.388065
1.529898
1.659227
1.420962
1.271912
1.359878
1.353398
1.274919
1.359916
1.526054
1.513168
1.493161
1.788815
1.504611
1.100994
1.764993
1.510849
1.716307
1.278475
1.715519
1.637720
1.215840
1.203877
1.502038
1.083843
1.543725
1.443571
1.643350
1.397664
1.719752
1.506056
1.397193
1.726674
1.254328
1.729415
1.593672
1.420086
1.603286
1.606818
1.603441
1.383559
1.266672
1.637955
1.571124
1.389690
1.360949
1.619477
1.495482
1.691054
1.641852
1.378781
1.374496
1.434479
1.523624
1.218582
1.535381
1.685324
1.576313
1.457703
1.541329
1.295667
1.529383
1.464119
1.210639
1.319723
1.370399
1.487913
1.534974
1.474544
1.718752
1.363507
1.230047
1.352788
1.655287
1.687546
1.428010
1.459456
1.569256
1.586873
1.717919
1.410952
1.260011
1.472994
1.593883
1.470500
1.495497
1.395581
1.241050
1.425379
1.382809
1.578330
1.515718
1.755713
1.631071
1.492319
1.436634
1.513321
1.505610
1.582099
1.401578
1.474850
1.431493
1.296276
1.152599
1.353941
1.526851
1.472226
1.399709
1.735337
1.423347
1.223746
1.693394
1.570333
1.709705
1.159753
1.704886
1.655842
1.235027
0.971809
1.457147
1.038599
1.481608
1.654633
1.733774
1.531426
1.654190
1.389725
1.366659
1.542231
1.250149
1.643736
1.633513
1.467921
1.499962
1.619509
1.514878
1.432005
1.266250
1.674644
1.512508
1.472388
1.422156
1.641860
1.548778
1.733886
1.596688
1.381190
1.351409
1.431285
1.512148
1.272463
1.574807
1.625428
1.509557
1.374895
1.518943
1.435526
1.653515
1.556248
1.207255
1.421395
1.456894
1.513007
1.521234
1.465149
1.719151
1.504088
1.395651
1.264758
1.704635
1.736088
1.490073
1.577115
1.642442
1.533848
1.753940
1.439970
1.426231
1.520183
1.514588
1.584620
1.438937
1.567500
1.388288
1.442905
1.481452
1.530616
1.407226
1.724911
1.754624
1.515139
1.482870
1.513191
1.537339
1.572093
1.432836
1.571706
1.579585
1.181987
1.037997
1.323759
1.392012
1.496038
1.426300
1.661787
1.451713
1.380788
1.568623
1.459344
1.750403
1.316707
1.595250
1.679609
1.336391
0.835934
1.440006
0.961764
1.451454
1.611978
1.737224
1.585542
1.533569
1.420308
1.382901
1.424961
1.204065
1.501681
1.610561
1.450543
1.463996
1.647816
1.459991
1.550022
1.269236
1.695452
1.332688
1.588278
1.449799
1.658314
1.543516
1.696930
1.468429
1.549988
1.319847
1.437195
1.560928
1.310710
1.671415
1.674873
1.489924
1.481111
1.390914
1.533509
1.686526
1.515472
1.336326
1.430827
1.561659
1.687150
1.591419
1.432014
1.654002
1.681740
1.435415
1.227801
1.761904
1.625609
1.555568
1.528479
1.758546
1.481208
1.749549
1.578717
1.451482
1.779669
1.575898
1.580804
1.373940
1.751726
1.355171
1.371128
1.548154
1.475202
1.357291
1.683867
1.827535
1.616948
1.457803
1.431777
1.499871
1.607705
1.377616
1.491290
1.734572
1.096152
0.978992
1.371826
1.306184
1.597336
1.527279
1.602522
1.548442
1.424268
1.491229
1.348525
1.740166
1.352133
1.645996
1.646104
1.395539
0.914494
1.484380
0.948423
1.424419
1.528143
1.615232
1.557303
1.461084
1.447882
1.471603
1.439047
1.176353
1.439667
1.626536
1.403901
1.552596
1.737734
1.422767
1.691902
1.206715
1.750042
1.274157
1.663611
1.441546
1.698377
1.535791
1.712482
1.397915
1.825268
1.324548
1.394712
1.513220
1.406793
1.730866
1.731844
1.529409
1.589692
1.282921
1.736011
1.675045
1.417997
1.355442
1.418165
1.638497
1.777322
1.654029
1.483070
1.534202
1.692519
1.434193
1.301073
1.775612
1.581632
1.541760
1.433389
1.695260
1.432253
1.733783
1.474895
1.570509
1.901029
1.622138
1.520824
1.406853
1.917159
1.344842
1.395604
1.643272
1.466439
1.369220
1.637083
1.745441
1.826195
1.431042
1.415704
1.434764
1.526967
1.356214
1.541744
1.679168
1.129112
0.991296
1.536956
1.239529
1.624669
1.562234
1.481195
1.641284
1.602060
1.526004
1.319661
1.717610
1.317245
1.712999
1.520828
1.504504
1.070857
1.518523
0.941867
1.325318
1.538053
1.552924
1.615032
1.443118
1.469824
1.546968
1.482127
1.269242
1.414839
1.635915
1.466727
1.554134
1.800265
1.358052
1.784427
1.157703
1.748404
1.358702
1.706825
1.449532
1.639922
1.541484
1.752465
1.469791
1.787146
1.339528
1.415035
1.414869
1.502088
1.644873
1.593985
1.529692
1.542913
1.276641
1.857389
1.689950
1.454124
1.435715
1.465609
1.675508
1.632367
1.685889
1.640490
1.458240
1.617460
1.532834
1.381260
1.709300
1.537655
1.625413
1.421676
1.656209
1.356549
1.666553
1.362407
1.774966
1.791923
1.560195
1.591546
1.429913
1.948613
1.368757
1.388661
1.697166
1.514665
1.429820
1.619694
1.614900
1.861145
1.428967
1.502050
1.384590
1.536150
1.380811
1.631945
1.575521
1.132566
1.171662
1.708871
1.192521
1.603472
1.616953
1.449596
1.656578
1.785677
1.495274
1.238480
1.698592
1.304601
1.690051
1.443497
1.536845
1.156156
1.570391
0.950715
1.351592
1.569487
1.519995
1.649115
1.368655
1.513344
1.700079
1.538699
1.438623
1.373316
1.615674
1.551502
1.410407
1.790724
1.353144
1.852996
1.178386
1.765594
1.348174
1.686197
1.606615
1.561666
1.590632
1.762329
1.453347
1.648366
1.302916
1.541539
1.405164
1.686650
1.618535
1.505410
1.483811
1.506447
1.362322
1.762779
1.699022
1.537559
1.629569
1.482750
1.783352
1.589099
1.635017
1.682357
1.440523
1.666571
1.623090
1.421803
1.573663
1.483657
1.721479
1.516443
1.668143
1.257657
1.654002
1.350822
1.777112
1.748745
1.588274
1.686497
1.550966
1.872906
1.419688
1.411174
1.735134
1.511533
1.499293
1.614655
1.678012
1.803939
1.431049
1.617452
1.425832
1.701137
1.420403
1.686719
1.579126
1.048952
1.441909
1.699941
1.200405
1.657575
1.657625
1.475222
1.683436
1.809288
1.424040
1.232585
1.714938
1.436648
1.578942
1.448700
1.518956
1.237554
1.631167
0.978595
1.477096
1.417692
1.439162
1.626675
1.423435
1.417323
1.788019
1.512697
1.519071
1.431696
1.571396
1.514830
1.352917
1.648867
1.390821
1.775681
1.321002
1.826186
1.279209
1.614377
1.680696
1.505181
1.625943
1.642018
1.421215
1.680229
1.245052
1.484762
1.429315
1.782937
1.538754
1.467789
1.477037
1.514076
1.429048
1.748170
1.649217
1.565470
1.664371
1.503352
1.886797
1.657575
1.595555
1.673769
1.401565
1.777117
1.672325
1.478226
1.550290
1.492571
1.631604
1.463599
1.570081
1.214310
1.712763
1.466371
1.731847
1.776219
1.713936
1.667814
1.696022
1.836230
1.469455
1.488993
1.726779
1.532314
1.556373
1.609859
1.693688
1.873913
1.263223
1.613419
1.498532
1.806922
1.417229
1.641795
1.652414
1.018559
1.569104
1.622225
1.354054
1.699579
1.680587
1.421083
1.734020
1.828904
1.403253
1.322907
1.681992
1.512851
1.592430
1.369424
1.435469
1.419758
1.646519
1.107228
1.501193
1.334168
1.446325
1.594390
1.577470
1.275792
1.782973
1.522799
1.482049
1.565963
1.574658
1.439136
1.369252
1.475309
1.425022
1.768661
1.564606
1.823305
1.341126
1.618251
1.603245
1.492247
1.600026
1.651222
1.484871
1.802887
1.299738
1.277221
1.418292
1.820388
1.434959
1.418104
1.444957
1.506585
1.520195
1.934537
1.584271
1.622123
1.663485
1.595383
1.873461
1.720628
1.574373
1.642395
1.434605
1.843634
1.767494
1.630854
1.579027
1.606478
1.498628
1.467255
1.513768
1.236436
1.732302
1.465178
1.798173
1.706213
1.727764
1.694161
1.810121
1.750693
1.571941
1.533509
1.745152
1.573083
1.599422
1.667653
1.533533
1.926746
1.195914
1.667410
1.488527
1.672143
1.532501
1.691038
1.653010
1.070078
1.619841
1.588458
1.393180
1.725062
1.575163
1.280303
1.789999
1.924875
1.517464
1.524552
1.595066
1.560489
1.586812
1.301735
1.367916
1.670283
1.696549
1.266689
1.542208
1.426273
1.507580
1.587078
1.714462
1.301759
1.689731
1.548419
1.447206
1.566764
1.629615
1.522474
1.240300
1.519819
1.438946
1.814840
1.679072
1.755438
1.449503
1.648852
1.599154
1.399613
1.642743
1.662010
1.560056
1.895802
1.365293
1.280060
1.488551
1.777160
1.446075
1.377100
1.362739
1.506997
1.538536
1.986315
1.539722
1.666258
1.718584
1.727083
1.756150
1.740724
1.558797
1.728886
1.528822
1.854727
1.728281
1.722643
1.615000
1.667086
1.453762
1.616454
1.590678
1.358434
1.663325
1.463280
1.758360
1.635942
1.626592
1.765881
1.748596
1.697027
1.602109
1.464282
1.724367
1.600685
1.635890
1.609058
1.418022
1.879871
1.304566
1.777075
1.485705
1.609991
1.583166
1.761124
1.647223
1.190962
1.680590
1.639367
1.436012
1.658594
1.473485
1.294897
1.749673
1.870283
1.573728
1.496728
1.549968
1.588641
1.502023
1.405329
1.415048
1.781899
1.763493
1.426188
1.510057
1.497733
1.515734
1.647177
1.743925
1.416003
1.581987
1.592438
1.488679
1.557328
1.682992
1.669710
1.176009
1.658299
1.518506
1.792057
1.635555
1.706631
1.476450
1.544492
1.707231
1.330047
1.747836
1.678289
1.614933
1.913952
1.508160
1.409463
1.539876
1.857096
1.533792
1.390855
1.525201
1.544135
1.487585
1.843318
1.466847
1.680592
1.769554
1.698129
1.752572
1.692286
1.522823
1.844862
1.592345
1.790831
1.573539
1.697809
1.623422
1.588048
1.542382
1.770038
1.583243
1.480102
1.618715
1.498774
1.667495
1.602185
1.511084
1.769416
1.672000
1.634341
1.654127
1.425727
1.768592
1.487542
1.645880
1.425290
1.451776
1.742017
1.483827
1.800552
1.528858
1.767160
1.583475
1.577172
1.704348
1.322452
1.780021
1.557897
1.502854
1.583339
1.461023
1.498327
1.675907
1.815178
1.543324
1.408145
1.560905
1.633115
1.464044
1.524541
1.568382
1.814073
1.736480
1.541879
1.447188
1.470164
1.549527
1.601890
1.779970
1.564386
1.550497
1.601806
1.619635
1.522220
1.801387
1.696699
1.315039
1.595003
1.621080
1.601150
1.529296
1.722591
1.464714
1.438356
1.711559
1.354537
1.717222
1.756850
1.603485
1.866474
1.713363
1.527372
1.560909
1.871316
1.491873
1.478218
1.738208
1.588947
1.503533
1.793423
1.436898
1.760360
1.729608
1.623221
1.705464
1.633945
1.598947
1.759950
1.669447
1.735584
1.612195
1.535942
1.640397
1.437257
1.636949
1.691856
1.593268
1.527403
1.643202
1.539422
1.673878
1.592456
1.496260
1.651350
1.656742
1.497189
1.854035
1.606683
1.869076
1.489710
1.676808
1.371282
1.575515
1.694494
1.489900
1.712100
1.492229
1.783321
1.477836
1.389200
1.747591
1.467485
1.878038
1.338849
1.560401
1.629037
1.477869
1.611057
1.614505
1.911169
1.432739
1.548517
1.495747
1.602271
1.526841
1.569124
1.676577
1.862600
1.663360
1.721896
1.511411
1.476493
1.568414
1.573455
1.776506
1.648803
1.545660
1.514569
1.682209
1.537362
1.773555
1.713810
1.504814
1.501785
1.606868
1.525561
1.534697
1.653878
1.479816
1.439609
1.619586
1.466747
1.596325
1.826838
1.548910
1.742540
1.768343
1.620070
1.480961
1.937740
1.426019
1.528028
1.768402
1.592372
1.563526
1.878910
1.480101
1.884896
1.727869
1.471748
1.604666
1.548527
1.650578
1.633306
1.684406
1.727815
1.781352
1.446916
1.653501
1.486491
1.548350
1.615986
1.572977
1.540234
1.726776
1.580208
1.708618
1.571687
1.468977
1.618724
1.659325
1.395181
1.912633
1.740998
1.870235
1.595530
1.669371
1.457802
1.560425
1.752425
1.543504
1.736016
1.465875
1.605072
1.451303
1.412837
1.798144
1.620496
1.920996
1.328688
1.606565
1.697404
1.424572
1.533609
1.644086
2.002532
1.376663
1.735689
1.395052
1.615992
1.566304
1.654958
1.772954
1.946228
1.601234
1.921963
1.610361
1.655899
1.589157
1.496941
1.702908
1.658141
1.537232
1.573793
1.709981
1.539793
1.619811
1.892151
1.648830
1.574657
1.659588
1.529997
1.562098
1.512959
1.417943
1.563769
1.639733
1.509269
1.573816
1.764714
1.623327
1.598804
1.745334
1.644529
1.535218
1.923857
1.545331
1.440600
1.741866
1.528767
1.530429
1.863373
1.583812
1.895258
1.764005
1.532059
1.427758
1.520356
1.592022
1.602702
1.771858
1.781197
1.830656
1.515724
1.595519
1.548635
1.500019
1.653631
1.645200
1.602153
1.744331
1.701066
1.678873
1.610372
1.421210
1.625822
1.712341
1.340972
1.830832
1.722964
1.761132
1.584008
1.636792
1.433768
1.601316
1.646618
1.757510
1.804683
1.544764
1.604613
1.501868
1.464566
1.726081
1.775082
1.991864
1.519796
1.678878
1.735039
1.471169
1.575568
1.693084
1.855236
1.437789
1.899752
1.451806
1.596027
1.614257
1.680881
1.776440
2.001897
1.533691
2.035881
1.621242
1.815018
1.572550
1.306070
1.686411
1.629745
1.570145
1.709846
1.674660
1.616864
1.492064
1.845622
1.758760
1.695796
1.735094
1.544400
1.574005
1.386333
1.390312
1.514201
1.752876
1.540076
1.580421
1.723310
1.717966
1.592952
1.734991
1.601802
1.657762
1.898292
1.633005
1.447394
1.853497
1.565543
1.474549
1.848550
1.669771
1.899995
1.729582
1.505733
1.338593
1.616480
1.571593
1.600150
1.912883
1.722394
1.818331
1.617279
1.592916
1.600984
1.519672
1.643913
1.723409
1.616840
1.656744
1.730985
1.662298
1.692413
1.385056
1.508754
1.751025
1.291580
1.749777
1.756150
1.748072
1.552380
1.724413
1.376108
1.654049
1.566342
1.894114
1.821826
1.588205
1.635417
1.655862
1.492370
1.577228
1.914081
1.919632
1.584572
1.764622
1.678734
1.529319
1.716699
1.573426
1.717454
1.491925
1.961285
1.543254
1.618995
1.689106
1.638568
1.797472
2.020467
1.576915
2.076575
1.598301
1.721956
1.664099
1.210205
1.717806
1.623140
1.609856
1.704414
1.687847
1.709986
1.511573
1.646768
1.855097
1.587650
1.724614
1.607357
1.653297
1.493016
1.478881
1.464957
1.836079
1.605361
1.533301
1.687678
1.744450
1.549997
1.785290
1.565304
1.743269
1.917965
1.604856
1.619151
1.864427
1.599665
1.491222
1.920368
1.827405
1.965243
1.688928
1.449001
1.347761
1.693250
1.675062
1.646238
1.932399
1.686926
1.830839
1.665660
1.616820
1.667117
1.585344
1.616606
1.779169
1.645362
1.668581
1.608186
1.674617
1.700891
1.346941
1.496096
1.755205
1.365975
1.747551
1.843220
1.859143
1.694063
1.871537
1.460108
1.612605
1.584272
1.894288
1.918716
1.596803
1.518771
1.806877
1.547966
1.512681
2.040110
1.768428
1.403868
1.764912
1.580634
1.388703
1.739394
1.448024
1.780780
1.607441
1.987635
1.489416
1.681947
1.702129
1.766220
1.848688
1.987341
1.572952
2.102542
1.717433
1.646145
1.768530
1.288653
1.604493
1.625692
1.572640
1.597879
1.716569
1.712196
1.553328
1.575628
1.869747
1.348176
1.728688
1.685615
1.750492
1.566847
1.626474
1.589975
1.744885
1.689151
1.478426
1.720371
1.634704
1.438719
1.781894
1.683320
1.655123
1.984296
1.618201
1.721261
1.702241
1.608834
1.570291
1.827828
1.856263
2.003805
1.740493
1.473374
1.498673
1.661404
1.703704
1.707943
1.839219
1.736728
1.767245
1.678113
1.580150
1.744318
1.554728
1.602600
1.750078
1.722797
1.708621
1.560260
1.664514
1.691634
1.360368
1.637439
1.854578
1.404410
1.717531
1.948101
1.893062
1.747326
1.795456
1.635854
1.545758
1.609779
1.819796
1.979898
1.627009
1.459486
1.828800
1.576433
1.654968
2.057483
1.593510
1.340910
1.749702
1.510551
1.275048
1.683125
1.492298
1.752210
1.708329
1.992226
1.487855
1.764107
1.676370
1.818299
1.919434
1.924662
1.713264
2.099476
1.782893
1.827812
1.739555
1.496961
1.580663
1.778002
1.603848
1.625718
1.737865
1.716754
1.622275
1.780529
1.849275
1.389981
1.694347
1.686281
1.663162
1.493351
1.743897
1.735358
1.693853
1.748181
1.504030
1.676005
1.568860
1.458239
1.743967
1.916700
1.604961
1.932735
1.871135
1.730501
1.561133
1.690759
1.638574
1.696488
1.875487
1.967160
1.798111
1.609225
1.644758
1.607026
1.665655
1.677828
1.780716
1.722491
1.695634
1.727027
1.534821
1.752047
1.552490
1.719867
1.694407
1.745642
1.749444
1.691595
1.595494
1.663972
1.479651
1.752690
1.904368
1.423214
1.771420
2.019364
1.747270
1.707888
1.688941
1.539357
1.591082
1.559648
1.802842
1.952014
1.739090
1.521608
1.861852
1.626578
1.676417
2.045629
1.487359
1.528611
1.915371
1.535719
1.380275
1.667313
1.535131
1.761092
1.842854
1.865780
1.668592
1.770679
1.682821
1.775286
2.052480
1.946120
1.880409
1.993113
1.729484
1.907723
1.703742
1.710174
1.684126
1.837359
1.694160
1.628907
1.818813
1.787770
1.661600
1.928972
1.818956
1.564865
1.677882
1.622692
1.627885
1.302437
1.856081
1.771984
1.645778
1.765114
1.524084
1.682168
1.579368
1.536252
1.731012
1.926562
1.656166
1.904556
1.922785
1.796017
1.683533
1.834970
1.727221
1.693774
1.861965
1.863033
1.638821
1.597787
1.656247
1.594168
1.572189
1.670599
1.733983
1.568730
1.773365
1.753402
1.534797
1.634414
1.609584
1.791062
1.695648
1.686700
1.657934
1.812371
1.571812
1.574937
1.630377
1.699219
1.855227
1.414252
1.846440
1.954754
1.683578
1.685811
1.790581
1.399717
1.686194
1.516984
1.766243
1.828689
1.814414
1.605868
1.897122
1.617115
1.528798
1.977419
1.522358
1.748610
1.942816
1.530986
1.573274
1.746821
1.485124
1.794123
1.853431
1.747883
1.713368
1.681941
1.729813
1.687479
1.976774
2.075902
1.930214
1.938722
1.730851
1.803761
1.734917
1.796393
1.694790
1.797633
1.905878
1.570315
1.873499
1.832653
1.793827
1.851730
1.782362
1.591171
1.738438
1.644880
1.756518
1.299071
2.028258
1.792129
1.660585
1.767552
1.507913
1.775299
1.577969
1.517739
1.769041
1.819904
1.748702
1.870283
1.809488
1.946622
1.753491
1.899188
1.870369
1.602289
1.853705
1.875291
1.572622
1.599775
1.580688
1.622032
1.661163
1.631545
1.745833
1.410957
1.815726
1.769123
1.523906
1.548638
1.733453
1.765372
1.738430
1.620084
1.539737
1.841910
1.663725
1.542824
1.702141
1.578204
1.815411
1.460211
1.802192
1.882418
1.850185
1.764705
1.832132
1.628002
1.739980
1.622520
1.774398
1.749550
1.779231
1.592817
2.002606
1.690258
1.391393
1.839428
1.702492
1.816681
1.864411
1.568547
1.692754
1.843459
1.464898
1.697038
1.832977
1.777562
1.683683
1.619782
1.756864
1.723637
1.747676
1.934301
1.894149
1.942792
1.797519
1.647337
1.689338
1.879187
1.652328
1.743107
1.902537
1.607717
1.831392
1.895042
1.784276
1.747767
1.847833
1.561894
1.839651
1.773260
1.923260
1.385319
2.098943
1.734787
1.729642
1.834505
1.569261
1.815727
1.580425
1.399552
1.752810
1.828203
1.762621
1.780609
1.786077
1.912816
1.738136
1.890026
1.907478
1.383766
1.768897
1.735116
1.605991
1.736727
1.586004
1.608082
1.804383
1.702693
1.721093
1.440757
1.752542
1.794962
1.528125
1.600153
1.712085
1.726186
1.572586
1.648511
1.553858
1.819709
1.660900
1.522636
1.797355
1.520045
1.834735
1.615857
1.715469
1.866005
1.851321
1.845918
1.743961
1.867126
1.731986
1.746963
1.747903
1.731250
1.803634
1.599177
2.016399
1.837247
1.452692
1.741672
1.701100
1.906232
1.837826
1.603669
1.760513
1.845776
1.518006
1.526911
1.772768
1.708455
1.687338
1.684472
1.707621
1.802701
1.712577
1.689500
1.942281
1.846975
1.755230
1.721602
1.638572
1.922693
1.724727
1.763433
1.795067
1.700506
1.791698
1.876559
1.699654
1.729122
1.828490
1.543610
1.828684
1.739371
1.932749
1.469020
2.010288
1.667269
1.763482
1.872440
1.683296
1.694398
1.727032
1.427540
1.759091
1.815552
1.677987
1.541751
1.845984
1.842818
1.754577
1.866991
1.842529
1.254776
1.730054
1.475769
1.678530
1.911905
1.618957
1.575398
1.938825
1.847019
1.573804
1.540762
1.684483
1.858406
1.627518
1.741159
1.789674
1.805153
1.456727
1.751762
1.634427
1.833826
1.666392
1.517183
1.842309
1.568589
1.851284
1.703320
1.726614
1.916189
1.689506
1.871794
1.674983
1.903860
1.873584
1.684717
1.819083
1.645364
1.793359
1.669970
1.901381
1.957079
1.471411
1.709220
1.516507
1.987924
1.777865
1.591666
1.765093
1.878494
1.629144
1.483398
1.810053
1.685212
1.866399
1.851352
1.684123
1.750492
1.789877
1.534579
2.012134
1.669554
1.715930
1.814211
1.678048
1.945760
1.849821
1.933351
1.698175
1.727112
1.804089
1.798817
1.699219
1.772688
1.680781
1.551805
1.805361
1.582714
1.904933
1.509251
1.977750
1.640319
1.788430
1.833777
1.736075
1.621554
1.831842
1.564671
1.763861
1.840024
1.642281
1.417394
1.937658
1.816595
1.814406
1.925439
1.865542
1.390000
1.691004
1.324694
1.691713
1.992635
1.642974
1.601587
1.977198
1.845602
1.587848
1.460749
1.677167
1.846621
1.677679
1.806459
1.879359
1.925468
1.543325
1.815980
1.708136
1.863691
1.650335
1.493565
1.845713
1.675780
1.801156
1.854448
1.741913
1.823327
1.639740
1.936106
1.672758
1.937417
1.901741
1.641139
1.779337
1.480913
1.734100
1.585611
1.851755
1.932048
1.461920
1.679880
1.474391
1.944909
1.739895
1.680579
1.733302
1.902085
1.702073
1.555368
1.852996
1.692543
1.959758
1.852971
1.649008
1.742204
1.839738
1.555811
2.037078
1.586673
1.741881
1.740083
1.693054
1.877766
1.862970
2.014590
1.686548
1.714860
1.824489
1.797280
1.686473
1.756442
1.637937
1.642627
1.825590
1.500142
1.865960
1.699364
1.970201
1.656685
1.749367
1.874506
1.716930
1.647744
1.829311
1.607943
1.655249
1.832112
1.708644
1.386193
1.986078
1.842098
1.698023
1.882215
1.904708
1.440634
1.579448
1.242531
1.619667
2.022695
1.650356
1.721535
1.877053
1.809156
1.731486
1.429921
1.717452
1.887789
1.680506
1.775069
1.959925
1.993320
1.647353
1.762039
1.678694
1.851366
1.517074
1.566330
1.840181
1.705707
1.748520
1.960950
1.714987
1.610918
1.653235
1.912946
1.668623
2.007251
1.741884
1.644559
1.713547
1.405589
1.690278
1.394602
1.877922
1.852283
1.499659
1.715893
1.556678
1.869492
1.726467
1.787533
1.763427
1.845130
1.814283
1.571035
1.888325
1.636397
1.948433
1.774304
1.669105
1.826577
1.858915
1.582703
1.934629
1.656119
1.821446
1.740231
1.668532
1.781671
1.774407
1.982131
1.672749
1.790713
1.886093
1.796869
1.747816
1.803951
1.765170
1.789604
1.980004
1.577959
1.830650
1.886247
1.909059
1.682119
1.815526
1.852858
1.734884
1.719656
1.775779
1.669950
1.601938
1.843303
1.746133
1.353071
1.977762
1.883019
1.621236
1.900766
1.915495
1.358334
1.512149
1.187422
1.603948
2.034167
1.673402
1.754921
1.785495
1.769458
1.818443
1.617788
1.738179
1.956673
1.737810
1.704540
2.019500
1.952425
1.633673
1.852633
1.632922
1.793521
1.537692
1.608161
1.872007
1.656593
1.683949
2.058450
1.742245
1.544631
1.611446
1.837639
1.598824
1.980616
1.683718
1.744130
1.715117
1.395005
1.679300
1.412458
1.736364
1.762736
1.631877
1.735264
1.615642
1.881756
1.613821
1.799002
1.965308
1.803696
1.934296
1.619001
1.922991
1.532421
1.903876
1.704177
1.680885
1.817742
1.904551
1.598611
1.826061
1.716310
1.756952
1.757861
1.693694
1.857389
1.775304
2.034087
1.729411
1.811464
1.933979
1.745985
1.723416
1.819553
1.822386
1.817934
1.957706
1.734830
1.750752
1.929489
1.996727
1.604832
1.855592
1.724098
1.769783
1.721987
1.792642
1.782503
1.627435
1.740724
1.795892
1.282557
1.878261
1.849327
1.635171
1.961081
1.909423
1.274444
1.579280
1.216870
1.684956
1.921050
1.742532
1.714771
1.738353
1.797311
1.761293
1.772275
1.756236
1.953180
1.804826
1.651863
1.980789
1.952056
1.678936
1.991695
1.666382
1.818406
1.674223
1.589286
1.813854
1.651249
1.551688
2.089281
1.836350
1.686145
1.445340
1.767185
1.570075
1.809579
1.761818
1.829901
1.836560
1.415048
1.640264
1.680303
1.600306
1.656320
1.766725
1.661002
1.681064
1.884818
1.567147
1.806232
2.017294
1.853218
1.937845
1.633148
1.791091
1.592811
1.848208
1.674665
1.700689
1.763837
1.924477
1.647439
1.796825
1.671025
1.796276
1.731356
1.741061
1.871573
1.840686
1.916803
1.787755
1.784504
1.926116
1.755294
1.711046
1.811235
1.863633
1.697452
1.932136
1.804410
1.809589
1.838751
2.065193
1.653139
1.917189
1.690480
1.866577
1.702764
1.747987
1.839775
1.661706
1.582811
1.833603
1.382709
1.832692
1.857837
1.682988
1.928284
1.947442
1.371848
1.586249
1.256479
1.701961
1.878351
1.914916
1.708459
1.801708
1.891210
1.683421
1.753212
1.718676
1.896489
1.760924
1.629673
1.945556
1.936475
1.801369
2.008735
1.634121
1.783180
1.762182
1.647701
1.808656
1.779533
1.594391
2.133144
1.884867
1.836561
1.411268
1.802739
1.522141
1.895754
1.828349
1.820272
1.852867
1.472540
1.641557
1.791295
1.599322
1.647277
1.798039
1.585767
1.696102
1.885998
1.629225
1.911910
2.026543
1.906819
1.994139
1.602224
1.702229
1.758315
1.805562
1.677745
1.788556
1.771846
1.862194
1.682404
1.738870
1.744196
1.813392
1.766349
1.785331
1.695485
1.850091
1.707380
1.820823
1.744252
1.876521
1.774212
1.658783
1.753379
1.934768
1.578630
1.963142
1.884415
1.843154
1.859290
1.894780
1.658917
1.903789
1.703115
1.918870
1.623354
1.684256
1.874227
1.611803
1.464407
1.820038
1.553351
1.874562
1.862772
1.678072
1.852305
1.905735
1.490758
1.611867
1.256085
1.629446
1.941917
2.028419
1.835525
1.779689
1.838221
1.786957
1.606195
1.598781
1.923967
1.710670
1.754526
1.866395
1.802152
1.862603
1.949229
1.636696
1.659065
1.771988
1.889038
1.880654
1.748808
1.662570
2.109663
1.777610
1.801580
1.419929
1.751636
1.514024
2.018181
1.815128
1.818711
1.836531
1.490128
1.685318
1.774789
1.693251
1.764697
1.733631
1.707002
1.718654
1.892036
1.671111
1.972186
2.039370
1.852478
2.025075
1.583459
1.701355
1.780740
1.861396
1.739520
1.822708
1.816478
1.706798
1.719658
1.613675
1.769841
1.876175
1.834048
1.884774
1.604739
1.842360
1.663203
1.846618
1.754804
1.835501
1.745214
1.741255
1.692530
1.953726
1.716758
1.923812
2.040446
1.799654
1.911694
1.736943
1.640386
1.980611
1.774305
1.917646
1.568385
1.683769
1.840830
1.659385
1.430728
1.881104
1.603845
1.855638
1.906162
1.716495
1.848323
1.873950
1.633811
1.739241
1.322712
1.625445
1.967731
2.105994
1.842381
1.807521
1.758750
1.864644
1.556118
1.527659
1.980581
1.812443
1.836007
1.872872
1.753810
1.932107
1.957602
1.667913
1.510408
1.915911
1.987087
1.897591
1.641591
1.645466
2.096414
1.763400
1.791112
1.445421
1.715309
1.699951
2.005746
1.714678
1.798851
1.909549
1.577723
1.697668
1.829706
1.739930
1.878353
1.836642
1.903519
1.855114
1.805577
1.655423
2.039637
1.927822
1.727876
2.003228
1.678312
1.768977
1.699295
1.973506
1.778179
1.794461
1.768393
1.777591
1.843681
1.616836
1.712501
1.925982
1.824291
1.959596
1.663872
1.863407
1.819582
1.813062
1.713025
1.797809
1.571105
1.792566
1.566642
1.957277
1.787251
1.865268
2.076985
1.753421
1.914711
1.730280
1.622856
1.948983
1.745318
1.993202
1.443683
1.726667
1.792343
1.688096
1.441205
1.971826
1.636034
1.694060
1.967140
1.732492
1.819600
1.856576
1.736337
1.831812
1.490580
1.662306
1.878056
2.127703
1.786285
1.859497
1.839988
1.813366
1.578279
1.494417
1.981033
1.946483
1.699790
1.830834
1.726526
2.054106
2.052167
1.726107
1.554817
2.050889
1.897176
1.859979
1.567999
1.605780
2.043942
1.773775
1.797655
1.457673
1.650381
1.824023
1.950978
1.649495
1.677395
1.888232
1.670658
1.657272
1.984886
1.732658
1.816857
2.015426
1.943130
2.038272
1.679109
1.697887
1.914851
1.703674
1.630668
1.958453
1.761271
1.729236
1.777757
1.965942
1.784571
1.746720
1.758716
1.760132
1.897316
1.575804
1.679918
1.865038
1.880773
1.899784
1.730531
1.761605
1.815705
1.874201
1.710733
1.782464
1.518364
1.888414
1.629000
2.043567
1.739152
1.886454
2.001194
1.743949
1.820837
1.707665
1.668166
1.840217
1.675679
1.919242
1.480243
1.690069
1.748554
1.757835
1.508080
1.915988
1.646187
1.672757
1.888002
1.676599
1.690659
1.768602
1.772745
1.770509
1.683206
1.666771
1.836826
2.101404
1.850786
1.873633
1.831954
1.799012
1.550926
1.528583
1.869113
1.751196
1.626465
1.799791
1.660489
2.069319
1.938030
1.777733
1.600891
1.981826
1.803098
1.846030
1.598533
1.677038
1.910604
1.653862
1.787879
1.567032
1.576910
1.731967
1.874615
1.633433
1.553140
1.831096
1.725871
1.728915
2.040053
1.832610
1.728703
2.027035
1.898195
2.088300
1.634676
1.815599
1.723017
1.694334
1.543864
1.965551
1.774307
1.700959
1.953435
1.929934
1.751540
1.803414
1.849077
1.698889
1.837692
1.553172
1.764320
1.745857
1.914761
1.845400
1.688111
1.712508
1.745182
1.920293
1.792596
1.832496
1.659281
1.900463
1.769523
2.059816
1.709089
1.964076
1.946183
1.816634
1.772036
1.721871
1.624627
1.726270
1.695395
1.820017
1.567368
1.789808
1.775917
1.791631
1.704808
1.826721
1.568382
1.648288
1.693890
1.625167
1.701492
1.610447
1.737629
1.681490
1.848680
1.684984
1.843799
2.032179
1.946103
1.889105
1.692406
1.778986
1.560364
1.612126
1.758770
1.593496
1.694243
1.763769
1.528511
1.970717
1.769325
1.788586
1.681087
1.873187
1.841336
1.926624
1.595975
1.743817
1.854673
1.650331
1.729926
1.643372
1.591135
1.684853
1.741755
1.716303
1.574084
1.872214
1.686008
1.925399
2.064237
1.853817
1.765274
1.969307
1.892266
1.984370
1.611448
1.878749
1.621648
1.870170
1.489954
2.024854
1.852755
1.789747
1.938483
1.752476
1.746101
1.842254
1.965858
1.620952
1.734513
1.630247
1.833782
1.676908
1.774897
1.911224
1.675457
1.623555
1.748324
1.899171
1.779110
1.766169
1.618877
1.847770
1.843236
1.824031
1.703876
1.968641
1.886212
1.839739
1.712814
1.775568
1.648947
1.743424
1.713839
1.695336
1.575029
2.004727
1.865746
1.845823
1.810232
1.856300
1.466887
1.544409
1.708476
1.728949
1.717170
1.593283
1.779375
1.716706
1.923361
1.656446
1.740457
1.838560
1.907423
1.932757
1.648608
1.689518
1.681488
1.659750
1.690068
1.508312
1.862628
1.623065
1.499434
1.830980
1.659073
1.757150
1.762817
1.963286
1.796210
1.895917
1.645596
1.694698
1.760736
1.658318
1.622403
1.738602
1.640938
1.750510
1.653307
1.753307
1.598307
2.054739
1.660203
1.913435
1.950693
1.799430
1.828242
1.942263
1.912271
1.978891
1.534618
1.744546
1.714759
1.858071
1.578170
2.048903
1.929731
1.787892
1.846710
1.655265
1.710421
1.833567
1.881953
1.646250
1.736441
1.731305
1.880661
1.643685
1.635441
1.944818
1.809516
1.490975
1.895197
1.833345
1.783484
1.719449
1.490265
1.808371
1.826936
1.586329
1.756913
1.987238
1.778445
1.845385
1.654484
1.765916
1.650301
1.780913
1.633486
1.689466
1.594720
2.033979
1.849148
1.904462
1.854324
1.978575
1.496335
1.447455
1.744331
1.939928
1.639332
1.680027
1.891472
1.784747
1.908695
1.699309
1.734556
1.650880
1.874398
1.931787
1.746233
1.667400
1.854285
1.648456
1.698397
1.465971
1.875463
1.539981
1.545853
1.721988
1.558223
1.697185
1.877994
1.945200
1.723632
1.829465
1.630296
1.679186
1.643583
1.739149
1.644530
1.814513
1.652301
1.822980
1.653132
1.792003
1.584335
2.063839
1.738234
1.915460
1.824499
1.818121
1.834596
1.818135
2.045924
2.004906
1.605455
1.720816
1.766920
1.667983
1.743803
1.954050
1.849200
1.617725
1.939199
1.644284
1.677828
1.767053
1.755741
1.597340
1.729829
1.714842
1.946550
1.572569
1.632375
1.876651
1.768802
1.399217
1.915789
1.770441
1.822627
1.729926
1.536630
1.843018
1.797433
1.539582
1.774982
1.941537
1.637963
1.847378
1.563699
1.729872
1.638890
1.811094
1.643587
1.707946
1.642785
1.896231
1.701456
1.833730
1.980902
1.937850
1.706939
1.475797
1.642402
1.868664
1.561134
1.598983
1.979827
1.730906
1.875662
1.666438
1.796042
1.609831
1.895142
1.845046
1.787903
1.702921
1.845150
1.603035
1.712198
1.542046
1.812495
1.621541
1.515041
1.636459
1.508579
1.694120
1.876121
1.852678
1.754533
1.731032
1.602812
1.643680
1.519653
1.772276
1.736679
1.929379
1.727940
1.870946
1.677443
1.860786
1.632253
1.841551
1.819068
1.886397
1.653591
1.779421
1.870129
1.729841
2.168637
1.899522
1.650739
1.817841
1.711973
1.551375
1.704350
1.869501
1.734380
1.516732
2.003411
1.630445
1.770423
1.768015
1.769999
1.683435
1.729932
1.689035
1.976679
1.528022
1.762925
1.896803
1.790724
1.398718
1.974254
1.674553
1.948420
1.793715
1.606558
1.823227
1.757343
1.594120
1.683900
1.899555
1.577624
1.819511
1.561373
1.717530
1.646874
1.751594
1.710723
1.747974
1.735937
1.861528
1.713605
1.848182
2.043007
1.833346
1.920689
1.512062
1.623823
1.779708
1.596404
1.519993
1.872887
1.730654
1.976075
1.689165
1.731201
1.728618
1.868758
1.756768
1.707105
1.673145
1.940293
1.641668
1.635060
1.757231
1.859058
1.626790
1.507871
1.560134
1.587522
1.819409
1.825887
1.813281
1.783622
1.645609
1.549450
1.644949
1.545205
1.761954
1.745824
1.985972
1.796269
1.899082
1.539460
1.852191
1.638334
1.787785
1.745384
1.831757
1.582298
1.695199
1.864925
1.838912
2.098132
1.921355
1.623554
1.848900
1.670202
1.613003
1.621222
1.740388
1.825032
1.605396
1.942349
1.568340
1.897179
1.737958
1.782448
1.721701
1.693530
1.639560
1.891034
1.618064
1.780437
1.807295
1.871485
1.420205
1.943465
1.668425
1.923074
1.758327
1.594182
1.750309
1.770846
1.584859
1.675302
1.738705
1.535246
1.796502
1.596984
1.623445
1.755740
1.737566
1.787551
1.637373
1.819554
1.763741
1.754530
1.871266
1.925547
1.783268
1.882839
1.528488
1.735767
1.733833
1.572219
1.525986
1.779988
1.800076
2.059608
1.789758
1.554209
1.742315
1.845900
1.704924
1.616088
1.745756
2.036976
1.726231
1.511100
1.840109
1.849217
1.609690
1.561786
1.552867
1.670895
1.828206
1.969885
1.820113
1.752255
1.621477
1.608777
1.681680
1.581125
1.654483
1.591753
1.945437
1.758771
1.829167
1.486025
1.720259
1.634653
1.834156
1.622567
1.785984
1.495738
1.653951
1.745749
1.914989
1.931512
1.971624
1.629760
1.769043
1.682510
1.583321
1.626448
1.651050
1.866299
1.632115
1.754240
1.541890
1.936467
1.678783
1.693731
1.736289
1.723845
1.613438
1.867907
1.719716
1.743705
1.659327
1.872464
1.506434
1.902574
1.703236
1.855023
1.801817
1.575802
1.752329
1.761442
1.574207
1.749871
1.629767
1.544327
1.758987
1.665191
1.570334
1.744122
1.790506
1.841265
1.712189
1.836786
1.634908
1.797023
1.809643
1.797623
1.710857
1.907884
1.592820
1.836258
1.688493
1.488364
1.554528
1.864962
1.823810
1.952994
1.813704
1.530004
1.692580
1.811292
1.579179
1.624900
1.794990
2.074696
1.810770
1.497173
1.768079
1.856439
1.614965
1.640489
1.549054
1.650517
1.778303
2.092051
1.681565
1.692393
1.672630
1.780405
1.836265
1.585223
1.633367
1.529247
1.896963
1.699335
1.761213
1.552531
1.610668
1.637466
1.704900
1.680094
1.840991
1.446357
1.692308
1.709671
1.827518
1.836407
1.910230
1.617666
1.812177
1.654037
1.552376
1.621014
1.641119
1.859796
1.679437
1.776755
1.603245
1.938343
1.694353
1.612715
1.667271
1.759417
1.561559
1.926972
1.781741
1.795000
1.553612
1.711610
1.575240
1.816528
1.745313
1.805192
1.844264
1.611448
1.846026
1.773058
1.606113
1.771363
1.485824
1.604875
1.774201
1.702353
1.636515
1.643568
1.856364
1.771603
1.760150
1.876661
1.579261
1.713549
1.764278
1.723650
1.651235
2.077634
1.663494
1.731048
1.624271
1.563711
1.514430
1.959600
1.673506
1.837694
1.754359
1.506478
1.629616
1.747277
1.447117
1.702209
1.777731
2.035624
1.965457
1.552001
1.752959
1.723973
1.659419
1.695092
1.535809
1.662201
1.697948
2.019596
1.623914
1.603996
1.665647
1.935221
1.819433
1.395630
1.701445
1.599159
1.811153
1.718435
1.882209
1.601629
1.590864
1.754442
1.602889
1.666632
1.815609
1.430339
1.742385
1.701872
1.674894
1.811654
1.823585
1.619890
1.850164
1.592420
1.582160
1.648759
1.609651
1.741153
1.694992
1.819238
1.581306
1.827171
1.739656
1.541885
1.645367
1.831375
1.606019
1.925611
1.737074
1.806997
1.521298
1.599061
1.670774
1.736472
1.746634
1.784009
1.768856
1.700587
1.812032
1.752543
1.542639
1.825280
1.386283
1.706663
1.784431
1.691057
1.757708
1.618096
1.886316
1.706984
1.783991
1.833822
1.589761
1.578132
1.821089
1.678248
1.664571
2.107005
1.690773
1.718841
1.531233
1.724935
1.505597
1.907201
1.629399
1.892025
1.751314
1.467640
1.688196
1.662521
1.490255
1.610770
1.725858
2.028020
1.997516
1.577748
1.779372
1.624930
1.674284
1.820278
1.551317
1.755690
1.759156
1.865490
1.664667
1.594133
1.566289
1.993401
1.830111
1.399634
1.750825
1.680998
1.702477
1.715991
1.966115
1.653409
1.742328
1.909935
1.588377
1.668699
1.678714
1.424448
1.730643
1.681216
1.699722
1.629992
1.804050
1.658048
1.820092
1.621848
1.538866
1.812161
1.602303
1.661502
1.794686
1.660052
1.480383
1.691466
1.653651
1.457038
1.726108
1.883907
1.714273
1.739041
1.631615
1.656912
1.559107
1.627467
1.835139
1.584893
1.761711
1.684610
1.640260
1.666070
1.751204
1.698986
1.514650
1.843524
1.336549
1.730715
1.714389
1.715363
1.660116
1.756733
1.800641
1.684694
1.791124
1.788712
1.626302
1.587641
1.809541
1.489974
1.692173
2.008358
1.660747
1.785765
1.422455
1.822548
1.532715
1.876852
1.616438
1.845692
1.819756
1.512230
1.715264
1.596909
1.614446
1.516331
1.728808
2.056234
1.920692
1.588327
1.754677
1.635920
1.650933
1.832723
1.551843
1.852705
1.881015
1.809475
1.649732
1.734003
1.588147
1.998113
1.980284
1.545856
1.650064
1.702293
1.636842
1.581858
1.862005
1.692409
1.810267
1.853591
1.573460
1.799490
1.608148
1.434783
1.687894
1.682441
1.773123
1.436043
1.735241
1.786639
1.745439
1.706333
1.576782
1.779079
1.687757
1.677502
1.810952
1.476635
1.583890
1.746872
1.614299
1.383358
1.697837
1.856076
1.813889
1.532459
1.529316
1.508415
1.638181
1.660138
1.821024
1.483638
1.742264
1.660109
1.613524
1.669193
1.768854
1.651704
1.531169
1.833701
1.321684
1.682821
1.583561
1.780495
1.588595
1.781911
1.676910
1.692643
1.774748
1.762305
1.567395
1.652273
1.759875
1.342761
1.588177
1.953148
1.595177
1.692085
1.470745
1.854488
1.547675
1.841249
1.570430
1.765231
1.840038
1.616090
1.638227
1.563253
1.656063
1.411564
1.735652
1.948062
1.831507
1.594611
1.723881
1.684478
1.747025
1.743736
1.605377
1.790532
1.835515
1.747131
1.561952
1.773614
1.602359
2.045247
2.125448
1.642043
1.547487
1.757853
1.632142
1.591303
1.733781
1.671287
1.828497
1.737316
1.544013
2.064334
1.658821
1.458288
1.769596
1.671123
1.638012
1.389168
1.568727
1.799972
1.762799
1.647470
1.678278
1.668993
1.640332
1.657303
1.750380
1.520136
1.737478
1.893461
1.541387
1.418361
1.705063
1.737310
1.785496
1.477767
1.495703
1.473733
1.729902
1.574006
1.681043
1.423979
1.710037
1.633823
1.600493
1.761934
1.595097
1.600596
1.623765
1.837375
1.381956
1.692383
1.600946
1.794380
1.588187
1.790925
1.633268
1.691757
1.691644
1.749582
1.602546
1.631898
1.741571
1.409373
1.472825
1.871130
1.578322
1.550435
1.574647
1.865837
1.569710
1.720485
1.523048
1.708114
1.708291
1.625019
1.619451
1.576221
1.619016
1.408229
1.768033
1.804171
1.880011
1.575571
1.895613
1.627575
1.827484
1.719722
1.676842
1.844293
1.766348
1.691633
1.527261
1.679026
1.581073
2.055549
1.945354
1.538071
1.521593
1.753827
1.605021
1.724004
1.714500
1.628275
1.767074
1.738084
1.413061
2.021400
1.642852
1.571549
1.844714
1.594715
1.557424
1.460943
1.540306
1.750903
1.733147
1.603602
1.667650
1.578760
1.493925
1.678029
1.763857
1.581538
1.711384
1.793165
1.546949
1.440970
1.812252
1.678873
1.745800
1.499992
1.511086
1.522670
1.646935
1.616920
1.657655
1.436294
1.613227
1.554508
1.564576
1.944180
1.367240
1.496810
1.623050
1.854356
1.493983
1.642832
1.600524
1.797336
1.613839
1.800641
1.620339
1.659522
1.633543
1.793054
1.637658
1.592954
1.805386
1.444431
1.484960
1.737848
1.628286
1.570506
1.697100
1.763524
1.612513
1.581482
1.561693
1.632702
1.621953
1.546673
1.557114
1.615262
1.619172
1.499218
1.770910
1.812539
1.956680
1.589544
1.956403
1.635108
1.749060
1.795278
1.758975
1.847574
1.850987
1.667168
1.530735
1.616028
1.550731
1.930656
1.739830
1.536970
1.551679
1.706289
1.633319
1.674043
1.651681
1.624598
1.777764
1.740666
1.410539
1.826890
1.457190
1.628334
1.802914
1.515063
1.532984
1.379235
1.455712
1.703172
1.675931
1.695040
1.618339
1.594011
1.393549
1.679474
1.836808
1.568576
1.669360
1.568350
1.622740
1.451127
1.801022
1.634817
1.741581
1.523147
1.594555
1.539481
1.512708
1.725236
1.807069
1.351764
1.575502
1.443635
1.594934
2.001936
1.321888
1.431940
1.583803
1.889188
1.575133
1.565797
1.561100
1.796550
1.603312
1.792793
1.499472
1.640808
1.639035
1.832854
1.615267
1.703686
1.772591
1.425945
1.517410
1.507715
1.658315
1.544391
1.707480
1.726542
1.674040
1.593610
1.562084
1.551989
1.756072
1.610487
1.418388
1.672511
1.575872
1.548205
1.674886
1.775419
1.927676
1.587672
1.871327
1.628443
1.659306
1.843504
1.765702
1.700734
1.797986
1.607175
1.566761
1.698145
1.644526
1.729346
1.711997
1.736916
1.636649
1.653048
1.681967
1.590822
1.603764
1.634368
1.777181
1.719953
1.382581
1.747172
1.400283
1.730403
1.618492
1.504058
1.455337
1.291103
1.264044
1.710119
1.598787
1.676617
1.725441
1.588049
1.388857
1.626575
1.725538
1.488216
1.636296
1.462945
1.656223
1.472167
1.621079
1.533935
1.707333
1.477482
1.693561
1.501331
1.514841
1.749766
1.903940
1.299742
1.516764
1.405160
1.574820
1.878286
1.329075
1.536564
1.571489
1.814669
1.569128
1.508006
1.524613
1.732893
1.581536
1.728162
1.374761
1.681110
1.580209
1.842672
1.640595
1.828073
1.556391
1.518220
1.465293
1.384743
1.655667
1.413010
1.707875
1.795218
1.817302
1.614061
1.575458
1.512823
1.875751
1.670627
1.270993
1.624229
1.500395
1.575767
1.554202
1.563030
1.730177
1.625463
1.766422
1.568696
1.626878
1.790194
1.696893
1.478492
1.650466
1.450549
1.635260
1.713203
1.664516
1.762172
1.661279
1.856913
1.642542
1.606252
1.672353
1.594134
1.664544
1.616565
1.725277
1.749453
1.391162
1.748438
1.482362
1.721111
1.515497
1.516288
1.384561
1.271241
1.166403
1.660426
1.519625
1.681412
1.803981
1.569543
1.392848
1.543507
1.653847
1.499105
1.591816
1.486265
1.643313
1.630225
1.592114
1.464842
1.721519
1.344764
1.812985
1.484511
1.597358
1.661936
1.814949
1.326799
1.418463
1.485379
1.447407
1.782988
1.277691
1.633317
1.527875
1.750202
1.559110
1.526187
1.507282
1.707334
1.457381
1.723320
1.392667
1.678939
1.524144
1.806262
1.718293
1.715631
1.480242
1.763669
1.484061
1.380076
1.704446
1.371351
1.733041
1.784099
2.005395
1.512062
1.541293
1.513469
1.790760
1.638083
1.241538
1.531602
1.588587
1.628473
1.515747
1.433846
1.588268
1.679436
1.792485
1.481227
1.695698
1.755063
1.717489
1.449040
1.543953
1.453934
1.686134
1.678602
1.665470
1.729489
1.642354
1.811239
1.721517
1.599501
1.626740
1.669492
1.670080
1.707407
1.675358
1.801868
1.403678
1.582379
1.645949
1.675497
1.397943
1.471365
1.534396
1.384133
1.279538
1.634651
1.445835
1.813645
1.694345
1.546674
1.426918
1.569044
1.771500
1.627487
1.554467
1.443368
1.619698
1.751852
1.621824
1.430268
1.761665
1.322867
1.743670
1.527059
1.576882
1.588484
1.835633
1.479017
1.351979
1.580749
1.396600
1.782078
1.323715
1.618791
1.432846
1.726661
1.565232
1.580293
1.474003
1.697512
1.446129
1.782071
1.355377
1.584568
1.511981
1.714893
1.737863
1.597493
1.491121
1.833423
1.433186
1.401884
1.824087
1.460740
1.683378
1.622502
1.953791
1.410847
1.623233
1.428361
1.743133
1.568046
1.330489
1.492810
1.556472
1.676963
1.590423
1.363133
1.576907
1.722302
1.749256
1.461550
1.693946
1.762398
1.724077
1.422074
1.592192
1.508522
1.607095
1.645006
1.603228
1.533873
1.614200
1.830120
1.775400
1.596525
1.578936
1.723348
1.621889
1.733072
1.610217
1.740611
1.484674
1.492415
1.672014
1.649682
1.407617
1.418278
1.617642
1.457385
1.352446
1.605883
1.403544
1.841653
1.571760
1.657391
1.376411
1.647834
1.728513
1.628618
1.601946
1.304420
