# G_2, p = 0.1000 GPa (dir_1000.0_bar).
# D8R-only: 24 rings x 101 frames = 2424 samples.
# Column: per-D8R Delta [A]
0.003703
0.004509
0.003720
0.004519
0.003712
0.004556
0.003720
0.004528
0.008305
0.009050
0.008317
0.009050
0.008317
0.009037
0.008305
0.009050
0.006853
0.007418
0.006865
0.007418
0.006865
0.007443
0.006853
0.007443
0.130334
0.040414
0.062931
0.100851
0.055226
0.072999
0.084178
0.097471
0.106451
0.120001
0.114425
0.184445
0.094096
0.163784
0.123199
0.049529
0.070205
0.149534
0.166043
0.164595
0.186695
0.087841
0.103690
0.075720
0.168845
0.075317
0.049438
0.209508
0.166968
0.086659
0.156815
0.194182
0.194610
0.217241
0.175041
0.309334
0.193512
0.255829
0.151877
0.100865
0.176965
0.240821
0.209783
0.130357
0.275499
0.086230
0.021853
0.183674
0.185605
0.189046
0.150013
0.307532
0.343336
0.067422
0.180282
0.237999
0.279096
0.233493
0.197865
0.278950
0.310838
0.336628
0.205525
0.125908
0.321825
0.448958
0.178830
0.174258
0.241903
0.011650
0.093747
0.218295
0.269414
0.167873
0.207165
0.527701
0.434100
0.108550
0.255066
0.152008
0.276915
0.150920
0.179686
0.213244
0.209957
0.348723
0.168938
0.096864
0.309349
0.414882
0.246379
0.262203
0.148636
0.087356
0.049279
0.144141
0.417999
0.162070
0.238665
0.553867
0.364866
0.048664
0.324778
0.115363
0.185199
0.175987
0.129734
0.263317
0.141219
0.232620
0.150776
0.191362
0.225020
0.217301
0.367544
0.287329
0.153828
0.152424
0.109886
0.070771
0.349399
0.156948
0.287655
0.443094
0.346718
0.115072
0.223840
0.111358
0.208817
0.296823
0.003263
0.437789
0.067716
0.115753
0.221722
0.271696
0.123419
0.134054
0.374641
0.208866
0.273395
0.122558
0.181034
0.106539
0.280148
0.294018
0.191982
0.375436
0.371137
0.127357
0.178074
0.037329
0.323280
0.400522
0.049975
0.473477
0.088683
0.163374
0.211017
0.486499
0.083912
0.065496
0.290832
0.206429
0.380295
0.119355
0.211648
0.109612
0.297077
0.405971
0.071801
0.365149
0.348017
0.057404
0.207645
0.070734
0.288120
0.374483
0.099883
0.342020
0.177247
0.204028
0.151069
0.484791
0.090919
0.179069
0.332367
0.131213
0.368818
0.135813
0.296609
0.269917
0.494734
0.384313
0.085772
0.355454
0.200280
0.133041
0.267985
0.202478
0.264713
0.347063
0.131762
0.298773
0.298297
0.224295
0.016975
0.294117
0.132771
0.221218
0.380384
0.080193
0.397200
0.107746
0.205071
0.419487
0.443747
0.244462
0.062479
0.335444
0.174713
0.233429
0.201702
0.284356
0.151361
0.259186
0.203390
0.323862
0.285974
0.280074
0.100490
0.243405
0.124294
0.225780
0.251903
0.105316
0.344913
0.140081
0.103389
0.269280
0.352146
0.197870
0.130612
0.352552
0.235501
0.174526
0.171319
0.310139
0.017220
0.192092
0.172959
0.279201
0.188929
0.282346
0.087791
0.245133
0.081567
0.227305
0.099392
0.126335
0.154396
0.093925
0.096972
0.104654
0.251317
0.149793
0.291881
0.304874
0.180904
0.191944
0.241808
0.216248
0.102546
0.133987
0.221707
0.144879
0.116132
0.207437
0.033854
0.189316
0.060210
0.242610
0.193104
0.071829
0.115891
0.129456
0.156366
0.105563
0.176393
0.126679
0.368826
0.130120
0.048966
0.146259
0.269876
0.264061
0.167640
0.079666
0.262879
0.081535
0.148854
0.079216
0.029154
0.137995
0.124830
0.269081
0.220676
0.044465
0.076832
0.124099
0.115624
0.222303
0.084133
0.217728
0.282318
0.053130
0.180552
0.093421
0.317794
0.290230
0.058324
0.062538
0.194102
0.090896
0.237439
0.081417
0.073044
0.267268
0.091679
0.361067
0.188312
0.053388
0.146447
0.092024
0.216538
0.301107
0.283447
0.277400
0.236602
0.033438
0.245520
0.076649
0.331393
0.210417
0.027155
0.036422
0.119834
0.204493
0.239054
0.119691
0.079795
0.218116
0.089993
0.426453
0.215640
0.097785
0.333854
0.067173
0.274410
0.156629
0.379877
0.258966
0.234887
0.110980
0.258450
0.095103
0.286646
0.204543
0.226177
0.187624
0.024536
0.412945
0.180612
0.081582
0.039754
0.185430
0.104264
0.442261
0.204840
0.090455
0.325221
0.107994
0.221098
0.089128
0.371667
0.244074
0.131123
0.037163
0.238302
0.152406
0.227878
0.151378
0.175611
0.328601
0.062932
0.562004
0.154690
0.066408
0.065530
0.117087
0.060636
0.364022
0.159841
0.078461
0.287973
0.178607
0.133374
0.012331
0.460328
0.219701
0.036530
0.218698
0.236157
0.121702
0.221440
0.067033
0.178977
0.322282
0.078672
0.534965
0.140910
0.016071
0.193992
0.121490
0.199966
0.234729
0.094090
0.150870
0.394587
0.133182
0.108450
0.039019
0.445381
0.256088
0.089883
0.293083
0.228414
0.054702
0.304242
0.035418
0.286798
0.184625
0.186801
0.455759
0.060590
0.098132
0.207664
0.083710
0.251618
0.189077
0.121903
0.181677
0.375483
0.053220
0.095208
0.170548
0.484944
0.215589
0.079872
0.256024
0.206923
0.075991
0.349712
0.115140
0.265298
0.169769
0.351568
0.512489
0.051825
0.205235
0.080739
0.120715
0.409118
0.197166
0.093050
0.088202
0.151282
0.077974
0.142490
0.066211
0.533983
0.222930
0.110272
0.251289
0.198384
0.111787
0.270628
0.145780
0.212701
0.161944
0.362907
0.520072
0.187411
0.191934
0.085944
0.117349
0.421573
0.053179
0.109554
0.065442
0.043994
0.160946
0.162643
0.058796
0.598131
0.270752
0.088693
0.356281
0.125706
0.123050
0.284457
0.189829
0.206147
0.121264
0.192262
0.379866
0.283811
0.184832
0.082590
0.153144
0.284273
0.200202
0.218474
0.114754
0.042320
0.216970
0.152661
0.129643
0.387906
0.337070
0.151869
0.485705
0.038426
0.101204
0.287452
0.219980
0.187345
0.079359
0.171414
0.183450
0.216251
0.078831
0.032212
0.182712
0.158612
0.353873
0.149694
0.127543
0.019270
0.242137
0.066966
0.237160
0.165313
0.300052
0.132866
0.498025
0.107965
0.153306
0.223854
0.273315
0.112302
0.139255
0.262958
0.286752
0.016227
0.115181
0.118997
0.175150
0.110709
0.460016
0.089054
0.097143
0.072277
0.222626
0.121120
0.071419
0.161029
0.203375
0.156720
0.364277
0.096246
0.142083
0.090600
0.375669
0.215859
0.151495
0.186414
0.307655
0.127161
0.214172
0.103543
0.321980
0.108317
0.517316
0.090945
0.071884
0.109601
0.232089
0.192891
0.102058
0.143013
0.108745
0.206267
0.208346
0.062130
0.164556
0.113251
0.419759
0.193643
0.098929
0.055174
0.262475
0.070663
0.258597
0.063702
0.252510
0.126282
0.475853
0.082645
0.141804
0.084729
0.165914
0.376648
0.190309
0.177789
0.119426
0.244635
0.049754
0.076050
0.161005
0.215156
0.363447
0.129085
0.032788
0.092392
0.299564
0.038604
0.131836
0.116139
0.160834
0.009004
0.333913
0.130541
0.069811
0.052083
0.109101
0.394892
0.066288
0.348479
0.210822
0.238444
0.100355
0.202223
0.043150
0.217602
0.246821
0.173600
0.121739
0.101208
0.277207
0.077623
0.088858
0.171262
0.118849
0.008347
0.226734
0.137686
0.072864
0.054489
0.143137
0.301900
0.194895
0.421447
0.297693
0.268432
0.170497
0.156934
0.059170
0.287771
0.216037
0.145893
0.194737
0.160404
0.296770
0.170278
0.066136
0.151220
0.069321
0.077948
0.151949
0.090061
0.159601
0.049152
0.150872
0.248666
0.276596
0.478499
0.357678
0.332941
0.123447
0.224256
0.169598
0.348880
0.119121
0.070708
0.249205
0.186959
0.335177
0.179115
0.035069
0.116930
0.062812
0.162325
0.138598
0.175290
0.216898
0.062408
0.137426
0.344379
0.169953
0.601408
0.421827
0.290796
0.123033
0.322824
0.260709
0.294868
0.096112
0.105318
0.236635
0.194145
0.433734
0.168916
0.125443
0.022582
0.050751
0.193342
0.092155
0.053723
0.230895
0.084878
0.175297
0.221669
0.277583
0.537861
0.478083
0.253010
0.153277
0.362647
0.275535
0.178813
0.065388
0.189818
0.244427
0.077950
0.572087
0.146662
0.112515
0.101661
0.108552
0.176241
0.078823
0.056887
0.220002
0.063036
0.190229
0.084344
0.286041
0.282160
0.459729
0.091923
0.200732
0.371296
0.158102
0.127942
0.097027
0.220568
0.218411
0.052797
0.560360
0.214747
0.027018
0.185032
0.055704
0.110788
0.068758
0.176449
0.194431
0.054770
0.158923
0.114065
0.182588
0.147304
0.426442
0.142474
0.182940
0.328006
0.089085
0.013540
0.086500
0.181418
0.281504
0.163666
0.449132
0.245523
0.087036
0.285860
0.148427
0.168651
0.209858
0.219137
0.134299
0.120933
0.131027
0.135435
0.150308
0.126844
0.483648
0.302188
0.182870
0.203159
0.135113
0.195062
0.177404
0.153821
0.186060
0.195988
0.330837
0.144467
0.130273
0.309357
0.295240
0.178362
0.201207
0.121826
0.131497
0.162086
0.028006
0.211500
0.083002
0.066841
0.481510
0.283196
0.258862
0.088204
0.045914
0.253512
0.261689
0.196465
0.059871
0.272525
0.251689
0.107894
0.161092
0.236561
0.172687
0.126511
0.244623
0.115307
0.161535
0.135422
0.128630
0.237977
0.132460
0.088203
0.282309
0.303456
0.284395
0.167916
0.066419
0.298955
0.263632
0.193418
0.133262
0.260515
0.215318
0.152597
0.132157
0.142490
0.013014
0.124349
0.258691
0.148146
0.175679
0.098451
0.259390
0.073442
0.303795
0.132879
0.111567
0.456796
0.116399
0.171381
0.094288
0.378312
0.231504
0.176437
0.165225
0.158229
0.165074
0.114256
0.120992
0.189433
0.154761
0.145387
0.149378
0.067553
0.159295
0.100701
0.291555
0.134653
0.223873
0.243098
0.112330
0.509706
0.066104
0.244945
0.048963
0.444370
0.299631
0.125070
0.083611
0.104040
0.149282
0.232420
0.203165
0.226705
0.300129
0.232044
0.146667
0.125081
0.089664
0.158740
0.311029
0.146718
0.119901
0.311075
0.151393
0.519796
0.095827
0.290276
0.010499
0.429756
0.469843
0.087587
0.116373
0.040326
0.049432
0.403877
0.279922
0.212987
0.172531
0.257936
0.138758
0.157726
0.048771
0.155481
0.291885
0.171238
0.165547
0.363624
0.079931
0.557473
0.077083
0.171137
0.049017
0.370410
0.478435
0.053019
0.091764
0.045093
0.078304
0.367541
0.270184
0.080285
0.026617
0.229892
0.158806
0.144425
0.130046
0.051519
0.206019
0.229678
0.142643
0.358112
0.130277
0.550214
0.159727
0.134014
0.091855
0.279358
0.274906
0.075510
0.078933
0.076328
0.290390
0.376838
0.174152
0.085766
0.026285
0.258155
0.164370
0.203966
0.118630
0.126041
0.150786
0.295972
0.150360
0.389900
0.301774
0.355255
0.245740
0.284318
0.097654
0.222106
0.116986
0.082266
0.231361
0.130412
0.331338
0.298541
0.200702
0.150541
0.175934
0.242720
0.158379
0.327291
0.103550
0.228986
0.196697
0.391479
0.251203
0.314517
0.378437
0.170061
0.161827
0.384144
0.211377
0.217053
0.079956
0.055395
0.398567
0.146263
0.133179
0.156104
0.290559
0.196388
0.109027
0.157529
0.115054
0.300979
0.108617
0.204984
0.129686
0.478433
0.400840
0.280161
0.356944
0.232119
0.342713
0.261899
0.303867
0.117593
0.175956
0.199909
0.484388
0.099567
0.022394
0.099671
0.326865
0.221231
0.142948
0.037055
0.123868
0.221124
0.130118
0.043191
0.167687
0.473128
0.421926
0.158838
0.326094
0.302107
0.349478
0.066472
0.292943
0.108542
0.200518
0.169826
0.523817
0.028421
0.066187
0.041807
0.184624
0.165492
0.283103
0.048998
0.149933
0.212539
0.208065
0.028821
0.221955
0.371361
0.346264
0.131319
0.310675
0.372158
0.239729
0.110724
0.419303
0.110384
0.134480
0.037016
0.477698
0.060686
0.165733
0.142696
0.086167
0.056960
0.270957
0.036599
0.057890
0.235769
0.178841
0.069410
0.232515
0.209242
0.273012
0.056434
0.279621
0.415877
0.186332
0.104351
0.512818
0.103688
0.184863
0.143897
0.356454
0.226960
0.251795
0.277831
0.140588
0.067868
0.294621
0.092697
0.067364
0.151687
0.171849
0.076943
0.211240
0.099429
0.154481
0.188024
0.230357
0.504286
0.195732
0.060920
0.423708
0.197654
0.208418
0.120285
0.264431
0.205441
0.240113
0.300042
0.154757
0.046850
0.321141
0.165987
0.169459
0.209386
0.230716
0.102197
0.216550
0.058929
0.254906
0.270495
0.133146
0.559801
0.155580
0.068525
0.379691
0.310106
0.153527
0.103825
0.313492
0.087736
0.229544
0.230687
0.158187
0.019977
0.270823
0.144874
0.197192
0.116974
0.224655
0.167842
0.271164
0.239072
0.281504
0.234299
0.108013
0.719783
0.217198
0.055371
0.410319
0.314907
0.055144
0.105034
0.289088
0.072187
0.172630
0.281518
0.191042
0.063831
0.285260
0.117156
0.100050
0.132928
0.181277
0.341291
0.364370
0.328545
0.300524
0.252156
0.109241
0.686977
0.222556
0.070930
0.355613
0.318997
0.165878
0.083814
0.121580
0.130565
0.139922
0.184073
0.203525
0.151330
0.315259
0.186779
0.093425
0.151448
0.139639
0.292794
0.249382
0.295377
0.273903
0.230428
0.124883
0.519914
0.130328
0.158392
0.190667
0.308433
0.299877
0.119425
0.085722
0.237238
0.121525
0.272323
0.166702
0.208660
0.259741
0.150840
0.075918
0.147947
0.165594
0.129011
0.166584
0.258139
0.149971
0.131381
0.084880
0.373070
0.152301
0.155873
0.077378
0.204709
0.302647
0.084918
0.148941
0.201095
0.139998
0.286135
0.136819
0.174975
0.072514
0.007950
0.093362
0.132220
0.136914
0.100142
0.126622
0.311779
0.084727
0.159388
0.021250
0.284411
0.216250
0.210629
0.050325
0.213495
0.240875
0.167486
0.203551
0.116157
0.206066
0.223627
0.216911
0.086824
0.100427
0.151203
0.060419
0.118180
0.180017
0.102920
0.166353
0.233217
0.095953
0.190981
0.131380
0.240469
0.204998
0.224510
0.139809
0.301706
0.246278
0.326079
0.246620
0.066746
0.181743
0.104056
0.247213
0.065010
0.285232
0.190277
0.094701
0.046018
0.234459
0.198530
0.095048
0.113123
0.063324
0.089142
0.206652
0.182868
0.165440
0.058381
0.140464
0.306161
0.163794
0.398730
0.238576
0.163271
0.152102
0.097105
0.176036
0.112156
0.391991
0.198021
0.188084
0.177226
0.171388
0.188851
0.115247
0.193785
0.123192
0.123958
0.258637
0.227621
0.148964
0.071769
0.083263
0.211777
0.208807
0.360147
0.183147
0.199060
0.174797
0.196091
0.045710
0.052835
0.337252
0.076312
0.150214
0.190490
0.138368
0.098033
0.133466
0.291539
0.329478
0.203671
0.297004
0.269573
0.097782
0.100467
0.148988
0.303421
0.196385
0.345793
0.234183
0.102428
0.241320
0.290916
0.057201
0.056680
0.200741
0.218863
0.096333
0.087892
0.090707
0.176218
0.092680
0.107147
0.415710
0.241932
0.294760
0.280069
0.072143
0.221857
0.246612
0.247625
0.164694
0.268266
0.274239
0.137953
0.223082
0.337707
0.029178
0.094680
0.160603
0.217061
0.376933
0.143592
0.138112
0.251175
0.252012
0.072717
0.460117
0.299428
0.310417
0.206551
0.199676
0.268491
0.204199
0.273315
0.179966
0.085977
0.216797
0.263693
0.242901
0.232088
0.092385
0.041380
0.077719
0.139124
0.490111
0.179738
0.136758
0.148289
0.284759
0.104425
0.501162
0.317010
0.348436
0.301875
0.150249
0.273703
0.143595
0.368675
0.162920
0.104347
0.124117
0.173140
0.201184
0.240107
0.043795
0.037556
0.075188
0.074538
0.457915
0.164845
0.137100
0.171975
0.303879
0.061746
0.418325
0.220251
0.283440
0.442802
0.084265
0.215991
0.366993
0.420029
0.072344
0.141485
0.206822
0.190046
0.151142
0.255924
0.263028
0.142309
0.071801
0.041001
0.334660
0.048116
0.170726
0.249298
0.316436
0.194143
0.428200
0.184357
0.130413
0.503020
0.211307
0.177839
0.507176
0.296364
0.021912
0.148732
0.253341
0.246026
0.107183
0.218521
0.296761
0.196372
0.251915
0.074797
0.196981
0.088318
0.173994
0.330811
0.355554
0.349093
0.519721
0.215618
0.114930
0.495410
0.275683
0.168570
0.507611
0.232381
0.073911
0.228690
0.217370
0.358855
0.049716
0.125174
0.196144
0.142475
0.406554
0.151467
0.124540
0.154445
0.081038
0.203263
0.325189
0.359342
0.470932
0.262046
0.106611
0.460626
0.164831
0.210239
0.459859
0.249816
0.159825
0.166491
0.183543
0.358347
0.049037
0.035321
0.124758
0.166580
0.363357
0.134934
0.128645
0.260578
0.116656
0.220775
0.332631
0.263273
0.346052
0.337674
0.121705
0.581816
0.040620
0.204475
0.332258
0.312588
0.193814
0.169772
0.083763
0.255378
0.202823
0.052935
0.214314
0.156987
0.229107
0.170855
0.132863
0.287394
0.058805
0.292709
0.275441
0.181277
0.173821
0.342727
0.138684
0.581881
0.038357
0.154997
0.249981
0.366386
0.202729
0.121961
0.081269
0.177394
0.283644
0.059492
0.244666
0.093508
0.162851
0.219819
0.202434
0.299099
0.040386
0.229363
0.218301
0.124242
0.231132
0.295315
0.169168
0.403451
0.062038
0.119882
0.243291
0.326261
0.256575
0.075264
0.158917
0.173633
0.347897
0.016089
0.168541
0.081254
0.200324
0.231451
0.207213
0.304466
0.155007
0.245133
0.182640
0.023816
0.090396
0.278242
0.220912
0.190692
0.125912
0.080181
0.290944
0.277799
0.280244
0.036593
0.112385
0.142837
0.385548
0.050468
0.067147
0.057326
0.263488
0.276097
0.167430
0.278094
0.218619
0.223349
0.215170
0.158326
0.075743
0.290901
0.227959
0.166715
0.160048
0.177343
0.313350
0.312562
0.175637
0.035679
0.101491
0.047738
0.445668
0.058756
0.040008
0.106182
0.231030
0.361064
0.196625
0.158434
0.168224
0.256406
0.287066
0.372666
0.226011
0.331702
0.224455
0.020402
0.178570
0.335843
0.242828
0.328721
0.008056
0.074431
0.222015
0.077978
0.477958
0.109937
0.103516
0.147565
0.129790
0.343209
0.100784
0.104417
0.143239
0.239846
0.224927
0.454341
0.312465
0.400577
0.169720
0.188309
0.124113
0.434531
0.279670
0.293021
0.043215
0.054165
0.256428
0.094985
0.385775
0.114965
0.201204
0.123602
0.129645
0.227874
0.109163
0.113810
0.205628
0.181264
0.216829
0.361272
0.238640
0.361968
0.102324
0.263426
0.033501
0.425627
0.219129
0.146780
0.139671
0.099388
0.164389
0.116411
0.235939
0.028554
0.254882
0.102707
0.146040
0.125042
0.176870
0.091953
0.246163
0.142738
0.261035
0.202455
0.123823
0.233999
0.106042
0.290676
0.229870
0.391975
0.122497
0.038368
0.202431
0.190972
0.081820
0.229304
0.126874
0.173573
0.247176
0.045222
0.131005
0.128656
0.203018
0.164706
0.234238
0.370501
0.350319
0.132323
0.093736
0.122306
0.127111
0.380706
0.294200
0.307377
0.025928
0.154911
0.189074
0.313524
0.073806
0.211662
0.196762
0.060997
0.218555
0.065812
0.119603
0.243791
0.033643
0.252904
0.226411
0.369274
0.288571
0.141645
0.100867
0.015506
0.123405
0.493284
0.259506
0.278385
0.086811
0.298229
0.172537
0.371653
0.047661
0.317234
0.173876
0.016682
0.162930
0.158378
0.056168
0.431399
0.190455
0.177611
0.265555
0.327536
0.150459
0.052333
0.146187
0.125806
0.099990
0.493122
0.204777
0.312588
0.093638
0.210796
0.196051
0.378682
0.084361
0.235328
0.178593
0.080456
0.209112
0.201003
0.077144
0.440131
0.260218
0.234230
0.249044
0.358248
0.057736
0.111058
0.075378
0.208837
0.164655
0.425765
0.173501
0.319552
0.199580
0.205761
0.271947
0.368978
0.173679
0.108032
0.071245
0.123669
0.268793
0.184714
0.056667
0.355816
0.207867
0.127876
0.163372
0.384500
0.007532
0.183995
0.043274
0.169277
0.231849
0.293045
0.215660
0.302016
0.372453
0.225854
0.261363
0.358603
0.186461
0.128125
0.071844
0.229970
0.344948
0.179801
0.213709
0.304521
0.183510
0.103683
0.195121
0.340422
0.021768
0.234214
0.063782
0.073870
0.201782
0.224127
0.223921
0.287803
0.285407
0.208076
0.150746
0.323214
0.219995
0.038024
0.060424
0.203736
0.368845
0.165705
0.236557
0.194629
0.160828
0.050899
0.123306
0.157503
0.020398
0.337954
0.117189
0.105119
0.124908
0.122733
0.177711
0.312449
0.116861
0.172060
0.109064
0.203719
0.233919
0.161166
0.112981
0.095746
0.400332
0.084347
0.179036
0.064746
0.242355
0.126138
0.164958
0.205232
0.095068
0.267083
0.191423
0.147244
0.161723
0.110931
0.309904
0.340840
0.062622
0.158782
0.008383
0.067273
0.195821
0.240591
0.157745
0.100845
0.405595
0.046061
0.189417
0.157819
0.234173
0.158899
0.252498
0.156728
0.111752
0.115969
0.229908
0.212783
0.202243
0.146629
0.365946
0.381126
0.133344
0.258820
0.067819
0.061289
0.156810
0.241649
0.225052
0.189101
0.292283
0.060943
0.098410
0.095960
0.257962
0.325597
0.271660
0.215455
0.061585
0.172952
0.269161
0.292086
0.126146
0.147108
0.265934
0.215456
0.197542
0.249203
0.101297
0.180750
0.198274
0.325821
0.192359
0.171766
0.079046
0.071169
0.145210
0.139586
0.139386
0.354900
0.140381
0.277410
0.171511
0.223846
0.245654
0.274072
0.102579
0.281241
0.427867
0.147075
0.180954
0.152634
0.067884
0.122300
0.223983
0.250547
0.172997
0.090476
0.037261
0.058412
0.085150
0.174552
0.130171
0.324618
0.140995
0.289552
0.177265
0.216234
0.291406
0.235426
0.114937
0.455181
0.439571
0.295517
0.135863
0.219460
0.167087
0.247311
0.234539
0.145319
0.203622
0.174389
0.157048
0.071009
0.215140
0.149933
0.263353
0.382609
0.096083
0.419523
0.155091
0.220413
0.187404
0.258656
0.190773
0.558065
0.332805
0.526603
0.027297
0.315603
0.153179
0.293048
0.152168
0.128992
0.196162
0.181932
0.220608
0.055445
0.195825
0.089867
0.239594
0.427342
0.075294
0.438555
0.105656
0.186979
0.096536
0.301982
0.150901
0.545673
0.219888
0.442040
0.127861
0.405962
0.144538
0.203524
0.152033
0.189493
0.175277
0.095257
0.176440
0.099974
0.146217
0.166586
0.164112
0.251706
0.030850
0.429998
0.130909
0.164516
0.138719
0.358268
0.112192
0.510165
0.125330
0.336952
0.216184
0.408712
0.041679
0.135994
0.112002
0.125410
0.125778
0.036037
0.210400
0.112247
0.187391
0.163757
0.162536
0.201305
0.071033
0.329173
0.178955
0.240773
0.131252
0.290035
0.075191
0.364058
0.048713
0.306564
0.220233
0.305562
0.161471
0.171832
0.097987
0.026282
0.040775
0.105909
0.126658
0.057634
0.222038
0.096056
0.280391
0.047628
0.138791
0.194174
0.188873
0.138510
0.118379
0.215499
0.068876
0.195980
0.122097
0.171063
0.175155
0.179582
0.249349
0.212017
0.101948
0.136909
0.081252
0.104517
0.095331
0.077622
0.149872
0.185951
0.300338
0.061934
0.161258
0.034261
0.204819
0.120474
0.230982
0.143810
0.043929
0.037264
0.145797
0.076916
0.160737
0.120533
0.283012
0.140498
0.093752
0.137559
0.166241
0.054142
0.165943
0.109008
0.093015
0.175331
0.243164
0.094300
0.199204
0.116356
0.213763
0.075225
0.177583
0.054280
0.151691
0.056282
0.049953
0.181802
0.196457
0.062641
0.270902
0.032750
0.160706
0.224259
0.161648
0.055609
0.203945
0.086203
0.112665
0.127566
0.127698
0.363640
0.241632
0.168977
0.263748
0.132685
0.174379
0.057971
0.154547
0.111596
0.031085
0.314857
0.135938
0.083779
0.216660
0.087255
0.156999
0.264398
0.202900
0.134891
0.267869
0.047375
0.086034
0.084217
0.198343
0.405435
0.229097
0.142066
0.247660
0.249210
0.151200
0.169207
0.137872
0.255022
0.118859
0.494224
0.045787
0.285299
0.117528
0.157531
0.233019
0.219746
0.262081
0.151132
0.293048
0.032453
0.067027
0.101198
0.316173
0.299506
0.274889
0.241793
0.189403
0.356037
0.202284
0.315025
0.237582
0.375504
0.206190
0.604458
0.032921
0.346394
0.277864
0.138020
0.303335
0.135431
0.316068
0.152165
0.254752
0.033561
0.078211
0.114600
0.413430
0.272683
0.193825
0.257489
0.083136
0.309800
0.193582
0.408280
0.276243
0.375107
0.259198
0.530073
0.035595
0.337790
0.297246
0.217754
0.305225
0.185143
0.335734
0.223947
0.182016
0.110448
0.181926
0.084669
0.430612
0.316340
0.120724
0.225559
0.137047
0.193855
0.164974
0.546855
0.208039
0.320339
0.392007
0.466051
0.101596
0.321572
0.156271
0.203978
0.198026
0.124241
0.230894
0.251407
0.106455
0.128431
0.189291
0.140262
0.329853
0.240397
0.144284
0.201621
0.232106
0.075846
0.277594
0.589228
0.162125
0.229652
0.403470
0.339085
0.307118
0.356707
0.092057
0.135380
0.205328
0.182819
0.144666
0.167279
0.054647
0.220728
0.150375
0.022341
0.242038
0.048524
0.231845
0.125850
0.271497
0.087378
0.260486
