# G_1, p = 0.8000 GPa (dir_8000.0_bar).
# 6MR distortion Gamma = (1/2)(max - min) over the three opposite-O diagonals.
# 64 rings x 101 frames = 6464 samples.
# Column: per-6MR Gamma [A]
0.000142
0.000155
0.000125
0.000106
0.000088
0.000101
0.000109
0.000125
0.000137
0.000122
0.000133
0.000126
0.000092
0.000103
0.000129
0.000121
0.000106
0.000118
0.000126
0.000124
0.000156
0.000150
0.000131
0.000131
0.000098
0.000124
0.000098
0.000110
0.000129
0.000142
0.000165
0.000155
0.000132
0.000133
0.000133
0.000140
0.000127
0.000113
0.000114
0.000103
0.000122
0.000118
0.000158
0.000134
0.000134
0.000119
0.000103
0.000109
0.000112
0.000104
0.000109
0.000105
0.000125
0.000146
0.000163
0.000158
0.000104
0.000125
0.000107
0.000120
0.000158
0.000175
0.000124
0.000134
0.132110
0.057505
0.045679
0.054588
0.063689
0.027713
0.122173
0.128005
0.157340
0.102462
0.251519
0.062083
0.036518
0.058544
0.236872
0.087931
0.151957
0.066185
0.091282
0.052330
0.095480
0.176766
0.206866
0.148972
0.162714
0.168376
0.098706
0.074987
0.116919
0.162868
0.138122
0.184415
0.203524
0.051156
0.185993
0.122369
0.103281
0.065514
0.115727
0.107714
0.050091
0.239459
0.044765
0.101856
0.079101
0.038688
0.061932
0.119785
0.100037
0.109553
0.054790
0.173001
0.092687
0.036071
0.027010
0.054962
0.088411
0.053708
0.216206
0.052855
0.063731
0.047788
0.172631
0.202412
0.369707
0.146960
0.071960
0.157795
0.065758
0.086346
0.224233
0.352303
0.327532
0.201674
0.463502
0.197779
0.036347
0.177746
0.382295
0.164438
0.307254
0.105006
0.177430
0.102060
0.130129
0.271944
0.237728
0.357772
0.320499
0.175649
0.110198
0.135357
0.272296
0.292235
0.289181
0.239108
0.403060
0.070676
0.271397
0.320983
0.168945
0.100499
0.275295
0.148419
0.103634
0.351824
0.106147
0.202441
0.158233
0.045980
0.134979
0.210665
0.221532
0.229317
0.159971
0.354778
0.210913
0.179429
0.107037
0.097536
0.206690
0.122631
0.389670
0.101710
0.054266
0.057026
0.279084
0.312584
0.533787
0.186846
0.123369
0.278633
0.094739
0.242415
0.283479
0.529144
0.439101
0.144681
0.467311
0.326996
0.127066
0.249203
0.416736
0.218911
0.396224
0.113815
0.223768
0.174379
0.184848
0.314951
0.085200
0.416523
0.365002
0.063927
0.089617
0.173389
0.312485
0.231568
0.453379
0.324974
0.437880
0.133827
0.223437
0.497885
0.159042
0.052849
0.372236
0.161417
0.202780
0.340101
0.238065
0.300482
0.163639
0.037998
0.209031
0.326564
0.219760
0.233719
0.309688
0.336366
0.313975
0.389225
0.179243
0.115530
0.377578
0.217042
0.443689
0.148842
0.018412
0.192841
0.255767
0.369819
0.513764
0.142696
0.243425
0.328775
0.177653
0.432469
0.357480
0.604670
0.505560
0.108780
0.402077
0.463372
0.210393
0.155478
0.386033
0.275158
0.419847
0.230508
0.296305
0.254853
0.227111
0.251591
0.102248
0.297052
0.258075
0.036138
0.019538
0.153821
0.157049
0.091716
0.463344
0.351001
0.375540
0.226503
0.193732
0.514190
0.222627
0.097726
0.349997
0.290927
0.266888
0.374700
0.302314
0.360644
0.115212
0.108295
0.246401
0.401028
0.088487
0.194914
0.444415
0.279004
0.415839
0.472029
0.124494
0.107833
0.492827
0.249855
0.443181
0.205751
0.043379
0.184495
0.187145
0.402158
0.487951
0.070144
0.309963
0.323919
0.204920
0.527305
0.315997
0.587606
0.453880
0.133197
0.282749
0.484864
0.214142
0.080900
0.442490
0.304949
0.313094
0.316357
0.320494
0.292377
0.265744
0.118734
0.170245
0.189670
0.200849
0.052508
0.090052
0.170622
0.056334
0.061021
0.352383
0.333298
0.311807
0.244051
0.126504
0.422412
0.246813
0.276115
0.294374
0.409265
0.342695
0.349492
0.229807
0.309465
0.111083
0.214097
0.367985
0.325354
0.201920
0.254008
0.470753
0.155693
0.390588
0.368210
0.135252
0.090110
0.480657
0.230491
0.423384
0.263807
0.110902
0.073287
0.121121
0.416756
0.531758
0.122395
0.269595
0.313806
0.158839
0.482156
0.251625
0.417310
0.408620
0.101565
0.082283
0.422299
0.126478
0.185185
0.493916
0.413379
0.152521
0.255779
0.312243
0.262356
0.190578
0.078533
0.187979
0.193327
0.209565
0.077452
0.155210
0.161720
0.243547
0.219946
0.144974
0.187653
0.193045
0.240060
0.076654
0.274682
0.356586
0.424072
0.200566
0.387214
0.290801
0.197342
0.113200
0.175426
0.224195
0.219745
0.378963
0.117887
0.309511
0.233055
0.330321
0.270671
0.200872
0.151464
0.140380
0.096212
0.348755
0.074404
0.399700
0.242436
0.208230
0.075437
0.156712
0.359033
0.389643
0.270947
0.312316
0.267027
0.180081
0.371430
0.290090
0.317688
0.441111
0.115970
0.075390
0.333601
0.052694
0.271136
0.477898
0.387964
0.051373
0.093054
0.306486
0.215536
0.134042
0.157184
0.201099
0.203872
0.323729
0.053383
0.250743
0.068451
0.385511
0.366275
0.117719
0.080449
0.084231
0.275984
0.046319
0.180754
0.329315
0.314485
0.121974
0.276609
0.163952
0.074544
0.195784
0.040000
0.241548
0.184168
0.385551
0.067953
0.342122
0.213562
0.200668
0.311370
0.055540
0.132665
0.033421
0.113667
0.159429
0.083364
0.358991
0.173707
0.257719
0.027382
0.193604
0.254701
0.214421
0.322871
0.344609
0.182457
0.259238
0.183621
0.304023
0.236119
0.342027
0.157396
0.165979
0.212271
0.156309
0.369321
0.369637
0.275810
0.064857
0.029751
0.269776
0.242344
0.145853
0.159307
0.164839
0.288422
0.344357
0.037390
0.312878
0.144003
0.383939
0.398394
0.249740
0.202677
0.197682
0.320846
0.133834
0.115628
0.249210
0.235914
0.057481
0.150799
0.126302
0.144094
0.254340
0.170586
0.254011
0.181023
0.313408
0.117988
0.286538
0.165457
0.110461
0.364523
0.149827
0.194994
0.083214
0.062623
0.143668
0.233009
0.246328
0.170884
0.214589
0.150032
0.205768
0.143351
0.370758
0.266368
0.207402
0.175033
0.280481
0.094103
0.249711
0.153195
0.112034
0.140799
0.293844
0.174430
0.172490
0.331474
0.240556
0.155774
0.094048
0.124130
0.171415
0.197804
0.137321
0.076500
0.086767
0.378792
0.217053
0.202851
0.294427
0.159386
0.259960
0.366743
0.353429
0.305834
0.241395
0.266657
0.306103
0.104253
0.162061
0.310261
0.127897
0.191870
0.180924
0.273558
0.304696
0.114418
0.291536
0.213626
0.222998
0.172898
0.142765
0.010759
0.205470
0.349742
0.144703
0.284000
0.103962
0.075025
0.196634
0.373957
0.033060
0.140755
0.222038
0.220175
0.186572
0.101567
0.458905
0.190059
0.142195
0.165991
0.240848
0.220689
0.222524
0.205609
0.191370
0.131016
0.332052
0.254802
0.172334
0.315893
0.161227
0.023552
0.212274
0.155040
0.078454
0.124325
0.124439
0.109124
0.337393
0.296854
0.201308
0.230711
0.175282
0.145910
0.202404
0.199646
0.414519
0.362775
0.286610
0.169049
0.447196
0.087209
0.051898
0.358365
0.269653
0.243317
0.228755
0.393236
0.275458
0.206267
0.332334
0.126737
0.129815
0.201940
0.054858
0.188436
0.296879
0.319027
0.101261
0.368204
0.163295
0.090813
0.230268
0.323231
0.270063
0.175162
0.183055
0.201781
0.105940
0.102098
0.302254
0.148956
0.274568
0.128300
0.238854
0.219851
0.349762
0.281635
0.344268
0.317910
0.280766
0.353368
0.185437
0.311298
0.243227
0.299844
0.313887
0.083714
0.108549
0.066128
0.168559
0.139403
0.399231
0.130903
0.240536
0.196297
0.153042
0.196523
0.233919
0.070533
0.380740
0.379378
0.263973
0.187262
0.470936
0.129602
0.130602
0.385757
0.320027
0.205778
0.257930
0.460970
0.117767
0.373878
0.395168
0.059467
0.040864
0.218019
0.102210
0.251552
0.321826
0.262297
0.101074
0.267321
0.278085
0.093222
0.203142
0.202224
0.388835
0.259774
0.168083
0.181399
0.016422
0.126117
0.098903
0.051184
0.446297
0.097247
0.196965
0.114778
0.396435
0.256897
0.320743
0.440521
0.242678
0.443181
0.142148
0.198408
0.414881
0.482923
0.206230
0.085311
0.192624
0.146396
0.135265
0.192518
0.349970
0.059611
0.238451
0.157672
0.260438
0.192934
0.284387
0.115585
0.267777
0.387321
0.205566
0.158524
0.396763
0.218627
0.244606
0.308661
0.318505
0.127816
0.220468
0.397446
0.150107
0.386606
0.378079
0.233981
0.037330
0.253194
0.152334
0.244833
0.309070
0.211914
0.172262
0.123347
0.382306
0.132374
0.141105
0.128741
0.309938
0.224933
0.133173
0.171826
0.143511
0.143069
0.165919
0.050744
0.565956
0.215102
0.050372
0.038157
0.395590
0.255633
0.257875
0.357620
0.161991
0.508479
0.114741
0.065026
0.414335
0.492151
0.047106
0.183283
0.116241
0.165359
0.057644
0.243550
0.256958
0.148748
0.318883
0.087177
0.331832
0.153404
0.265516
0.202920
0.114004
0.380483
0.123666
0.116477
0.325513
0.287454
0.240454
0.125409
0.201473
0.166070
0.158136
0.253490
0.209650
0.302971
0.264436
0.320625
0.108417
0.329635
0.160587
0.213991
0.255069
0.220358
0.183106
0.109405
0.478292
0.262678
0.099527
0.055124
0.215055
0.169971
0.141500
0.205422
0.233871
0.137474
0.294040
0.070257
0.495042
0.314372
0.152243
0.052409
0.376609
0.375697
0.234902
0.345104
0.077055
0.484913
0.197047
0.162705
0.384259
0.439205
0.185117
0.160851
0.051601
0.147355
0.171434
0.246583
0.125284
0.100159
0.368985
0.079992
0.295850
0.091387
0.346830
0.255200
0.103498
0.337264
0.086148
0.076582
0.207100
0.286351
0.282151
0.042350
0.128278
0.202779
0.131478
0.153521
0.189550
0.189515
0.040912
0.400641
0.237782
0.324004
0.122364
0.138884
0.229795
0.273213
0.197663
0.066742
0.404638
0.325974
0.056903
0.073612
0.154525
0.136464
0.070597
0.299995
0.227526
0.165014
0.277172
0.189678
0.190398
0.316711
0.249565
0.078198
0.314433
0.443348
0.266181
0.228386
0.191904
0.391416
0.205749
0.185395
0.313361
0.378439
0.253835
0.159766
0.098572
0.110581
0.148344
0.158362
0.054179
0.133830
0.272609
0.228006
0.389806
0.092619
0.352695
0.343586
0.249841
0.321223
0.176143
0.083698
0.173541
0.367987
0.296365
0.225247
0.173144
0.134776
0.218104
0.263219
0.297578
0.080562
0.267954
0.550758
0.370991
0.213759
0.042236
0.154923
0.173701
0.337850
0.237521
0.091900
0.353490
0.280348
0.090323
0.157783
0.111082
0.085137
0.051860
0.279066
0.229489
0.216583
0.220759
0.268646
0.104084
0.209363
0.309363
0.163094
0.190829
0.380933
0.247065
0.131683
0.356139
0.300335
0.266830
0.266394
0.233224
0.232681
0.340342
0.198774
0.026563
0.068918
0.073938
0.049092
0.199092
0.218353
0.148162
0.270070
0.398740
0.133952
0.352720
0.415190
0.335401
0.295694
0.258545
0.086991
0.170310
0.416480
0.250701
0.401031
0.310789
0.056447
0.250114
0.292356
0.379151
0.050021
0.438138
0.603000
0.293549
0.097130
0.076781
0.159316
0.116869
0.347629
0.233767
0.051038
0.297889
0.213500
0.112981
0.243636
0.091073
0.076004
0.103638
0.187033
0.118492
0.171005
0.203000
0.267990
0.245599
0.081277
0.326836
0.186405
0.103915
0.266011
0.234905
0.043935
0.393671
0.261002
0.341929
0.267420
0.204144
0.138852
0.279333
0.212517
0.147543
0.138282
0.011101
0.169748
0.268297
0.225660
0.111099
0.266686
0.268985
0.229069
0.224043
0.400460
0.287926
0.105288
0.227053
0.326581
0.111992
0.324972
0.187003
0.436512
0.341209
0.089910
0.208888
0.198189
0.336835
0.006351
0.340880
0.368980
0.094733
0.079733
0.179716
0.157059
0.040800
0.432199
0.230151
0.102630
0.149638
0.210828
0.205127
0.314340
0.052254
0.109460
0.186754
0.125764
0.091496
0.086835
0.198645
0.181636
0.299338
0.045050
0.296682
0.148880
0.027434
0.268988
0.213204
0.067186
0.303099
0.162949
0.371035
0.252217
0.227282
0.269915
0.188835
0.211404
0.086511
0.225141
0.113641
0.187631
0.257733
0.145742
0.079907
0.262545
0.103159
0.257965
0.203016
0.243757
0.240177
0.202629
0.126052
0.391380
0.216676
0.174865
0.120177
0.390231
0.246596
0.046441
0.187929
0.091849
0.204254
0.036959
0.124163
0.144260
0.105853
0.079660
0.166255
0.117953
0.101184
0.366545
0.226654
0.306254
0.104348
0.203324
0.326902
0.289434
0.219768
0.091538
0.261519
0.013011
0.141147
0.030863
0.153468
0.098551
0.247021
0.040973
0.230801
0.140681
0.083184
0.225343
0.144143
0.127366
0.174647
0.146921
0.355802
0.173171
0.245830
0.326937
0.367769
0.199446
0.065635
0.256338
0.261078
0.308139
0.124103
0.133048
0.013958
0.126703
0.092196
0.229728
0.193960
0.102955
0.210021
0.331765
0.179716
0.248677
0.289327
0.059740
0.097676
0.339767
0.217649
0.073914
0.164491
0.054335
0.013650
0.096707
0.127914
0.125284
0.115101
0.052568
0.009457
0.104106
0.202694
0.189464
0.148398
0.445441
0.321989
0.197247
0.286692
0.203655
0.419788
0.178294
0.361667
0.159025
0.112449
0.163494
0.121015
0.033367
0.142364
0.060006
0.161418
0.058713
0.089766
0.248033
0.164743
0.202720
0.206902
0.244601
0.196602
0.266570
0.282743
0.499521
0.426226
0.267012
0.140281
0.171283
0.343202
0.373151
0.036838
0.133962
0.066174
0.098153
0.155608
0.111453
0.219279
0.307583
0.146756
0.286633
0.218895
0.140864
0.271697
0.150992
0.027905
0.207341
0.210718
0.042120
0.059041
0.186765
0.253906
0.174725
0.138855
0.051863
0.095245
0.066170
0.169247
0.118356
0.229241
0.089098
0.143342
0.355066
0.378119
0.145105
0.199570
0.100570
0.473822
0.197796
0.336122
0.306122
0.200002
0.171503
0.101792
0.211511
0.100503
0.085387
0.073143
0.020151
0.116217
0.229078
0.224799
0.238547
0.210415
0.298281
0.174929
0.388842
0.267867
0.597904
0.402042
0.314001
0.197071
0.123976
0.251603
0.254825
0.052589
0.108197
0.247231
0.243746
0.248039
0.083056
0.197232
0.434174
0.082463
0.319384
0.204641
0.277807
0.218668
0.175888
0.069567
0.065969
0.167328
0.124432
0.120860
0.314083
0.329759
0.264569
0.176010
0.063236
0.158788
0.054048
0.195565
0.204140
0.195925
0.153346
0.194223
0.132370
0.353895
0.053389
0.159453
0.030835
0.244382
0.108617
0.145181
0.395456
0.325129
0.105518
0.183538
0.314973
0.140090
0.068722
0.100597
0.066410
0.177030
0.318624
0.169183
0.214761
0.190143
0.368748
0.125119
0.407421
0.169992
0.535212
0.395265
0.252747
0.260879
0.101620
0.126331
0.169748
0.117606
0.128770
0.374251
0.249091
0.310101
0.202807
0.137225
0.313730
0.082155
0.377144
0.148846
0.336946
0.217374
0.174662
0.057463
0.191725
0.192154
0.246701
0.287552
0.349803
0.298136
0.372472
0.146515
0.142019
0.197260
0.049817
0.192930
0.305560
0.191959
0.135512
0.178046
0.210181
0.311184
0.200861
0.168241
0.030131
0.057469
0.074427
0.036739
0.384582
0.289381
0.181010
0.294825
0.229845
0.133847
0.282444
0.121477
0.128883
0.195497
0.306504
0.360992
0.182535
0.148451
0.376392
0.068015
0.394409
0.072996
0.358502
0.328448
0.179563
0.304911
0.125620
0.127908
0.071946
0.204815
0.195773
0.280853
0.215858
0.262826
0.243098
0.058566
0.189393
0.069562
0.368801
0.068087
0.367282
0.219812
0.157682
0.094585
0.256289
0.189921
0.236365
0.351240
0.256725
0.260291
0.436941
0.041414
0.234214
0.155001
0.139326
0.258627
0.315525
0.165233
0.157708
0.115929
0.259139
0.303053
0.244040
0.146012
0.056361
0.047783
0.153875
0.139202
0.227844
0.186912
0.187921
0.246604
0.083643
0.032020
0.437069
0.088294
0.204471
0.163929
0.189549
0.534014
0.168749
0.127396
0.289258
0.115226
0.390102
0.081405
0.284983
0.176280
0.121399
0.219457
0.172485
0.161985
0.186923
0.226577
0.219890
0.178856
0.200421
0.150571
0.220894
0.179447
0.263323
0.166062
0.346074
0.088928
0.365463
0.166660
0.114169
0.066684
0.292647
0.100795
0.250378
0.277526
0.138748
0.163794
0.369081
0.139689
0.330853
0.105054
0.178316
0.274208
0.210967
0.138980
0.194225
0.111973
0.293911
0.280672
0.213712
0.094544
0.025250
0.079084
0.209638
0.188599
0.076900
0.123235
0.134382
0.142631
0.084917
0.116583
0.455983
0.093854
0.223889
0.121794
0.205848
0.497172
0.221819
0.265061
0.203575
0.173999
0.373374
0.124061
0.208530
0.024416
0.040153
0.245813
0.173821
0.074128
0.226406
0.155291
0.155189
0.180566
0.135783
0.140282
0.229151
0.183706
0.281014
0.251631
0.399355
0.198193
0.306357
0.138018
0.160536
0.008778
0.350510
0.097768
0.198663
0.168161
0.036375
0.106868
0.221119
0.245748
0.422959
0.156870
0.165307
0.197991
0.172772
0.127601
0.110430
0.315362
0.432235
0.161388
0.211462
0.186182
0.071288
0.140464
0.247040
0.174617
0.060526
0.170850
0.111695
0.011171
0.193476
0.217875
0.348688
0.128785
0.231758
0.209506
0.360287
0.373688
0.175233
0.296122
0.210158
0.121584
0.265213
0.066249
0.217599
0.164499
0.252710
0.355474
0.072447
0.179006
0.306249
0.126729
0.182296
0.208208
0.030220
0.226905
0.116379
0.096460
0.261871
0.211172
0.235378
0.297618
0.150946
0.149014
0.236992
0.087097
0.272437
0.123138
0.142079
0.080933
0.123251
0.334508
0.092154
0.254766
0.454200
0.088616
0.121912
0.118940
0.179983
0.089000
0.042863
0.415415
0.431825
0.017755
0.218255
0.313553
0.107262
0.182554
0.337390
0.146198
0.033166
0.277253
0.059025
0.167941
0.220281
0.315315
0.261236
0.194010
0.243149
0.292063
0.403122
0.244719
0.068535
0.321389
0.144576
0.066581
0.200045
0.141394
0.285389
0.345676
0.339557
0.351675
0.069518
0.279630
0.186741
0.246980
0.191923
0.115813
0.083307
0.211616
0.042166
0.093372
0.227036
0.143590
0.068021
0.351103
0.064781
0.194103
0.260115
0.091224
0.208391
0.227055
0.198131
0.033562
0.193089
0.272146
0.275570
0.188972
0.353049
0.108194
0.090074
0.073766
0.188766
0.094910
0.032971
0.389811
0.371400
0.102556
0.207043
0.340909
0.119878
0.285950
0.449209
0.216999
0.037102
0.321646
0.036646
0.252056
0.123335
0.310955
0.121513
0.200656
0.291952
0.191255
0.275278
0.037216
0.155808
0.280327
0.057809
0.162251
0.218311
0.199446
0.237386
0.413017
0.260157
0.274680
0.152333
0.237616
0.019971
0.345952
0.277276
0.028153
0.224579
0.136594
0.096843
0.160006
0.272049
0.157919
0.231383
0.416711
0.059715
0.194004
0.165521
0.071697
0.310223
0.234157
0.239006
0.118243
0.224826
0.055013
0.352139
0.268407
0.202893
0.184711
0.148341
0.191138
0.334494
0.192578
0.045121
0.323233
0.283061
0.256662
0.249054
0.375826
0.144754
0.344680
0.472334
0.276919
0.184011
0.260922
0.040451
0.242388
0.029930
0.169235
0.262934
0.177172
0.315999
0.064567
0.163788
0.154585
0.249282
0.187518
0.101214
0.273328
0.296705
0.230848
0.312107
0.406075
0.221719
0.184458
0.196774
0.196606
0.105830
0.261063
0.314791
0.149346
0.311926
0.133888
0.120205
0.195686
0.240931
0.131056
0.346665
0.408433
0.072895
0.018631
0.198539
0.144244
0.400631
0.159160
0.163009
0.257268
0.233611
0.107312
0.260319
0.406549
0.250026
0.194054
0.282390
0.314357
0.403672
0.203920
0.122017
0.262351
0.317571
0.347787
0.333749
0.370336
0.141238
0.359719
0.413052
0.207677
0.273906
0.152142
0.050870
0.186173
0.134100
0.025743
0.414151
0.129607
0.233207
0.073981
0.166481
0.168304
0.277033
0.112036
0.116747
0.357302
0.367159
0.219912
0.378750
0.362931
0.190814
0.149636
0.211918
0.171760
0.057172
0.108580
0.256351
0.210635
0.224291
0.251744
0.149327
0.220531
0.103562
0.151747
0.339564
0.428667
0.166394
0.166084
0.285869
0.106982
0.347349
0.102568
0.169651
0.275040
0.187371
0.195586
0.254778
0.277691
0.345562
0.092482
0.226525
0.351705
0.388488
0.203739
0.138958
0.155886
0.362514
0.306889
0.326151
0.339769
0.127556
0.343634
0.311204
0.195572
0.206909
0.083709
0.119070
0.219910
0.153280
0.111188
0.505284
0.122336
0.176206
0.175921
0.211977
0.155139
0.228686
0.085354
0.020588
0.277801
0.312558
0.073519
0.224946
0.253723
0.221891
0.125110
0.150672
0.152672
0.113529
0.130088
0.138951
0.187914
0.133312
0.255401
0.154997
0.213193
0.106728
0.042838
0.285056
0.211089
0.216170
0.236701
0.330588
0.116006
0.283121
0.083813
0.156397
0.268146
0.138739
0.295429
0.318091
0.079316
0.330589
0.070599
0.072801
0.314286
0.299310
0.226704
0.055291
0.016507
0.370664
0.274870
0.233386
0.254192
0.085671
0.227436
0.231284
0.320732
0.126140
0.159511
0.126480
0.305594
0.051780
0.143078
0.503631
0.166854
0.242451
0.296090
0.202802
0.148396
0.097884
0.081869
0.229290
0.110089
0.272604
0.098605
0.003386
0.213163
0.265567
0.091593
0.114727
0.089242
0.127933
0.179565
0.016277
0.199191
0.170932
0.184847
0.124349
0.137305
0.226313
0.136892
0.183192
0.164652
0.184112
0.199854
0.207356
0.124716
0.275676
0.155428
0.088637
0.351662
0.140163
0.258068
0.264052
0.144485
0.273835
0.155054
0.084535
0.312798
0.202156
0.287112
0.103281
0.160734
0.260151
0.188063
0.106281
0.161523
0.205269
0.073367
0.149136
0.229389
0.110404
0.182051
0.198500
0.333261
0.199450
0.162437
0.407796
0.153178
0.250012
0.285795
0.238102
0.114226
0.055727
0.078940
0.360428
0.077949
0.204876
0.224440
0.200723
0.247743
0.259356
0.033485
0.259660
0.067454
0.082314
0.066785
0.077231
0.208405
0.148982
0.172643
0.080138
0.184625
0.431585
0.268450
0.110250
0.237863
0.141412
0.167247
0.175572
0.010144
0.240644
0.285107
0.169721
0.379020
0.061764
0.225817
0.111527
0.129783
0.169605
0.216035
0.208812
0.261591
0.138590
0.292048
0.080106
0.305460
0.104545
0.032837
0.182029
0.124448
0.252867
0.311715
0.225893
0.057922
0.181427
0.184697
0.225122
0.245600
0.230102
0.217275
0.263273
0.148054
0.193481
0.212225
0.227300
0.129417
0.102544
0.162608
0.380433
0.023762
0.103249
0.285823
0.282420
0.223501
0.161112
0.113455
0.384841
0.022425
0.162164
0.168404
0.101183
0.235105
0.053276
0.254068
0.041881
0.382522
0.510993
0.305747
0.053926
0.327604
0.175438
0.157021
0.135957
0.102273
0.167226
0.355616
0.203166
0.239893
0.051586
0.299602
0.070688
0.160970
0.075944
0.260058
0.349635
0.129000
0.047092
0.257595
0.054597
0.455120
0.121629
0.139456
0.209984
0.132462
0.103863
0.386955
0.348040
0.230280
0.270390
0.161970
0.241755
0.051780
0.134519
0.257117
0.155135
0.090030
0.142251
0.202809
0.198640
0.190015
0.204982
0.268054
0.335639
0.136490
0.069004
0.261267
0.291863
0.245516
0.086106
0.142968
0.399429
0.167017
0.195158
0.278177
0.162767
0.256152
0.129576
0.300073
0.096820
0.467119
0.436793
0.242076
0.271822
0.375723
0.163532
0.121877
0.018448
0.034986
0.122020
0.319751
0.206057
0.076330
0.157714
0.325129
0.211896
0.163318
0.067556
0.299015
0.426278
0.083679
0.162268
0.201322
0.211397
0.494303
0.201106
0.230707
0.088476
0.137790
0.136691
0.315312
0.415818
0.314432
0.322739
0.160390
0.259859
0.181702
0.135866
0.285346
0.072720
0.116149
0.146763
0.189616
0.113439
0.212690
0.254076
0.354490
0.332440
0.106849
0.100635
0.129276
0.257322
0.218168
0.031023
0.137729
0.285515
0.204949
0.248334
0.215812
0.275361
0.205709
0.237110
0.238548
0.120595
0.373311
0.304517
0.164771
0.390599
0.349417
0.122067
0.122707
0.106111
0.042427
0.103082
0.343196
0.216154
0.156408
0.242420
0.320362
0.360790
0.048351
0.158222
0.198079
0.395905
0.213059
0.263893
0.122326
0.309673
0.366576
0.250622
0.234113
0.207797
0.151288
0.136175
0.327724
0.446508
0.237674
0.304111
0.173201
0.180326
0.412813
0.153083
0.267931
0.105865
0.318507
0.193269
0.183147
0.034771
0.181099
0.245029
0.354151
0.229117
0.051633
0.100387
0.076553
0.214770
0.136675
0.100426
0.082525
0.137699
0.183432
0.253322
0.120495
0.305429
0.084942
0.288411
0.268030
0.112544
0.276874
0.265646
0.078115
0.237429
0.244610
0.079302
0.078487
0.084169
0.074724
0.229929
0.413080
0.154588
0.160676
0.317466
0.311166
0.457522
0.065030
0.247975
0.122207
0.320108
0.367820
0.279821
0.050478
0.384152
0.190226
0.258014
0.180757
0.268540
0.275772
0.040482
0.324684
0.400835
0.121273
0.257782
0.230600
0.068762
0.575315
0.249489
0.214008
0.261188
0.368083
0.235934
0.158145
0.215853
0.094037
0.144028
0.198038
0.148236
0.099806
0.065682
0.221085
0.183567
0.125389
0.114390
0.062888
0.092513
0.146504
0.242440
0.128825
0.266923
0.125090
0.276787
0.245719
0.207750
0.228076
0.327539
0.255701
0.070188
0.128389
0.192609
0.010448
0.034972
0.267394
0.317340
0.268046
0.186749
0.155036
0.373778
0.215319
0.393822
0.089403
0.361421
0.128457
0.200339
0.521531
0.288811
0.193124
0.342640
0.163319
0.274675
0.137551
0.152851
0.307927
0.016656
0.269636
0.296055
0.226922
0.160367
0.301550
0.083597
0.570441
0.268027
0.245415
0.323802
0.349172
0.112994
0.167878
0.336517
0.136931
0.073259
0.076578
0.144664
0.250737
0.064285
0.310475
0.147353
0.149586
0.201375
0.088032
0.170175
0.306212
0.320468
0.116735
0.283148
0.250736
0.244950
0.275408
0.293976
0.067418
0.321731
0.328747
0.072657
0.078037
0.207418
0.024104
0.052345
0.240046
0.325237
0.142520
0.149850
0.163660
0.351637
0.130898
0.247957
0.156969
0.347679
0.116702
0.140974
0.575819
0.173416
0.306264
0.131438
0.369824
0.277422
0.099797
0.079008
0.245906
0.024835
0.153793
0.282782
0.265966
0.117998
0.249287
0.077154
0.473892
0.158465
0.279703
0.288670
0.359781
0.154406
0.248918
0.316829
0.329967
0.158884
0.028746
0.269769
0.259225
0.059388
0.398947
0.090566
0.103055
0.303126
0.100315
0.173336
0.403875
0.325905
0.128840
0.268490
0.283692
0.252862
0.223542
0.271297
0.082139
0.394305
0.208118
0.099664
0.060737
0.081070
0.082131
0.063393
0.109095
0.239206
0.188588
0.103551
0.120628
0.319633
0.103574
0.154655
0.063808
0.261230
0.151889
0.325611
0.532657
0.042901
0.253975
0.021388
0.540708
0.250960
0.101606
0.252031
0.237965
0.073161
0.048034
0.247359
0.299193
0.173285
0.075799
0.042930
0.364213
0.146263
0.337269
0.232423
0.230059
0.347124
0.266546
0.234054
0.364621
0.223586
0.159593
0.241168
0.129269
0.049364
0.420149
0.040091
0.176996
0.262293
0.120443
0.169172
0.312610
0.211984
0.179083
0.251022
0.306630
0.158644
0.170776
0.244757
0.120978
0.386636
0.182146
0.172990
0.023163
0.035890
0.114816
0.083119
0.074322
0.198812
0.241236
0.133997
0.027518
0.243659
0.131405
0.052791
0.106553
0.247972
0.219953
0.465117
0.408816
0.075161
0.107395
0.135903
0.569160
0.153331
0.095644
0.360690
0.216744
0.150463
0.114937
0.220657
0.290712
0.190727
0.160911
0.099222
0.200063
0.143716
0.325306
0.134388
0.074966
0.368610
0.223916
0.092098
0.273069
0.273397
0.251717
0.071863
0.030801
0.135634
0.338579
0.137850
0.390787
0.267065
0.148026
0.108270
0.187562
0.106541
0.164595
0.222572
0.204835
0.182670
0.110833
0.253562
0.115591
0.309093
0.309698
0.249051
0.110347
0.116036
0.089288
0.149419
0.242419
0.239621
0.315453
0.080479
0.054544
0.129946
0.099227
0.126468
0.113899
0.212480
0.184246
0.398521
0.221333
0.122681
0.120394
0.233346
0.492990
0.115899
0.060706
0.308319
0.237774
0.253052
0.305821
0.306223
0.317114
0.176402
0.246043
0.234369
0.098128
0.153344
0.205160
0.117591
0.112161
0.275366
0.144765
0.068120
0.109919
0.341489
0.179133
0.062998
0.067423
0.209655
0.216422
0.211646
0.452372
0.202591
0.165059
0.103237
0.096436
0.135056
0.147129
0.158092
0.116082
0.257956
0.222870
0.163638
0.120996
0.193611
0.204005
0.200643
0.189596
0.132230
0.046388
0.130789
0.399452
0.238934
0.359263
0.095194
0.101323
0.069735
0.258733
0.280144
0.063120
0.138984
0.056630
0.287957
0.064846
0.173472
0.275528
0.220156
0.302551
0.177785
0.208568
0.261227
0.179324
0.300014
0.414008
0.337808
0.260026
0.195451
0.273455
0.346836
0.251867
0.235073
0.141327
0.124889
0.155154
0.191122
0.144088
0.216922
0.038029
0.333270
0.117422
0.088410
0.095532
0.147507
0.147259
0.308096
0.356543
0.031749
0.170499
0.196163
0.286473
0.185504
0.204142
0.082597
0.180295
0.305618
0.339187
0.089720
0.229240
0.022821
0.079214
0.143252
0.147933
0.168111
0.046117
0.064639
0.460829
0.213132
0.290750
0.139627
0.230116
0.076998
0.387751
0.378765
0.136489
0.239153
0.015071
0.172354
0.092504
0.251876
0.289967
0.196288
0.166748
0.228997
0.254250
0.229447
0.115128
0.278259
0.349953
0.215447
0.240293
0.230897
0.207115
0.340601
0.382020
0.210859
0.245230
0.069331
0.275043
0.161046
0.201727
0.314836
0.204049
0.241218
0.218608
0.071838
0.090933
0.062148
0.157965
0.231075
0.256243
0.142245
0.260808
0.203891
0.439360
0.183576
0.272699
0.272360
0.277269
0.262912
0.310894
0.139250
0.301740
0.202242
0.080976
0.171497
0.033425
0.117354
0.009237
0.065184
0.441263
0.167519
0.237129
0.171397
0.374302
0.096406
0.398031
0.378928
0.170856
0.395149
0.018838
0.140738
0.103431
0.269842
0.215792
0.152806
0.346891
0.273876
0.293725
0.264819
0.099614
0.190521
0.250443
0.172642
0.056139
0.166676
0.174415
0.175830
0.478352
0.199626
0.296683
0.147105
0.453922
0.205696
0.248678
0.335350
0.340334
0.193477
0.263088
0.082840
0.170478
0.070478
0.251028
0.047371
0.110297
0.160069
0.276675
0.136818
0.436109
0.115603
0.323495
0.310405
0.392582
0.159442
0.307841
0.057452
0.212623
0.312615
0.098854
0.295564
0.080921
0.105554
0.111148
0.187394
0.425450
0.082881
0.242712
0.123035
0.395849
0.163748
0.271201
0.238716
0.165264
0.369406
0.099355
0.181787
0.172337
0.239053
0.261585
0.147626
0.465690
0.229225
0.328174
0.253860
0.060771
0.077920
0.254490
0.286333
0.216176
0.072104
0.176393
0.052651
0.530459
0.256989
0.253789
0.258062
0.478772
0.202942
0.163579
0.358283
0.305293
0.139642
0.271479
0.266917
0.182197
0.171793
0.270898
0.113282
0.097272
0.077091
0.210986
0.071022
0.383628
0.115191
0.311541
0.198166
0.407441
0.180620
0.312023
0.197223
0.182589
0.275415
0.075450
0.360805
0.184255
0.154790
0.156117
0.248235
0.327040
0.251044
0.124739
0.049793
0.405354
0.273587
0.102689
0.142447
0.149710
0.248936
0.318708
0.115085
0.294216
0.276622
0.424416
0.215691
0.619544
0.126182
0.320034
0.218324
0.067138
0.034737
0.344094
0.314528
0.415397
0.108862
0.200290
0.121351
0.506204
0.200365
0.229366
0.269893
0.351682
0.129764
0.074538
0.437902
0.144260
0.108633
0.268304
0.469476
0.163450
0.288410
0.117856
0.170878
0.186900
0.153698
0.198339
0.045946
0.511041
0.226211
0.240503
0.234604
0.286917
0.240480
0.342365
0.342017
0.220613
0.114661
0.073792
0.236945
0.310479
0.135306
0.169315
0.268952
0.206955
0.413328
0.065450
0.096600
0.327867
0.268441
0.118096
0.154075
0.211997
0.200202
0.419787
0.079758
0.369957
0.165571
0.355574
0.231586
0.561184
0.167901
0.276196
0.182906
0.107163
0.086874
0.329330
0.302250
0.452444
0.204901
0.172800
0.147053
0.258537
0.129503
0.199410
0.304208
0.210988
0.149928
0.054145
0.394165
0.058114
0.240383
0.240002
0.550293
0.169188
0.338731
0.063628
0.258055
0.190517
0.109224
0.201620
0.065348
0.533900
0.249452
0.219610
0.310275
0.111824
0.232203
0.343147
0.358794
0.206775
0.067744
0.162997
0.194381
0.421609
0.026221
0.186958
0.184744
0.144871
0.403419
0.178450
0.114339
0.269106
0.230076
0.227304
0.187266
0.295905
0.242061
0.322095
0.158471
0.322269
0.068423
0.246232
0.240138
0.285421
0.244213
0.235442
0.232700
0.070672
0.194716
0.250889
0.258999
0.368396
0.102360
0.119550
0.162562
0.068262
0.230962
0.196124
0.295252
0.099055
0.306416
0.013064
0.318127
0.130542
0.337204
0.217800
0.509911
0.081404
0.290227
0.138472
0.237333
0.248905
0.059126
0.229221
0.040991
0.494162
0.234566
0.292512
0.371741
0.021460
0.130263
0.321740
0.305475
0.149780
0.076966
0.176783
0.242812
0.470821
0.168297
0.190833
0.021706
0.084907
0.308398
0.259323
0.070999
0.244201
0.251877
0.296143
0.190215
0.249121
0.259436
0.222130
0.176824
0.242888
0.258511
0.232928
0.148205
0.052376
0.408194
0.227316
0.312672
0.166897
0.343158
0.118249
0.163229
0.237634
0.104233
0.158598
0.175334
0.287562
0.213832
0.205846
0.303199
0.200660
0.463440
0.031240
0.269785
0.143865
0.315480
0.193660
0.284695
0.158505
0.309903
0.096733
0.113602
0.320583
0.133207
0.223733
0.144879
0.376311
0.192927
0.287521
0.342582
0.072335
0.069910
0.245379
0.277687
0.150967
0.147335
0.093288
0.226516
0.404553
0.199125
0.173737
0.108179
0.083530
0.201929
0.374817
0.039589
0.179639
0.265708
0.360211
0.126541
0.163350
0.196124
0.214000
0.202579
0.195872
0.304432
0.187063
0.121067
0.097482
0.417901
0.190758
0.339073
0.296990
0.425507
0.111932
0.078936
0.113936
0.183293
0.230875
0.169648
0.301156
0.110280
0.127854
0.258546
0.313258
0.422719
0.065594
0.322671
0.169965
0.141334
0.088405
0.143936
0.250741
0.327513
0.051086
0.070859
0.298205
0.197200
0.176603
0.282165
0.203766
0.090816
0.118512
0.194272
0.050615
0.047824
0.193795
0.158020
0.192069
0.256259
0.130826
0.191025
0.308807
0.135546
0.235275
0.164798
0.222518
0.139143
0.324192
0.038524
0.102871
0.258047
0.403239
0.161955
0.096442
0.108684
0.125900
0.176382
0.149069
0.286083
0.206536
0.022204
0.148075
0.318917
0.199421
0.356726
0.258871
0.407560
0.182352
0.056505
0.038680
0.161956
0.260308
0.114608
0.272684
0.057781
0.129225
0.173116
0.343941
0.329414
0.032591
0.381674
0.117406
0.086765
0.024228
0.106851
0.325289
0.341400
0.111524
0.040762
0.237824
0.139184
0.069909
0.292625
0.184377
0.096782
0.185448
0.109891
0.049942
0.101482
0.183929
0.107987
0.261939
0.211431
0.203545
0.123041
0.216551
0.133509
0.193859
0.184765
0.191256
0.230750
0.311822
0.093667
0.075773
0.264612
0.332343
0.286847
0.094881
0.242349
0.063133
0.125693
0.133716
0.338174
0.218037
0.162895
0.228828
0.201504
0.230031
0.286969
0.196727
0.292556
0.212883
0.211583
0.101111
0.141249
0.228771
0.085348
0.197094
0.072437
0.143881
0.043097
0.287178
0.247655
0.151129
0.384653
0.109249
0.158815
0.030045
0.116227
0.360415
0.374571
0.156157
0.093740
0.109481
0.134283
0.074014
0.277290
0.263394
0.207946
0.330521
0.172869
0.037532
0.153388
0.143548
0.102036
0.253490
0.126569
0.264845
0.200995
0.131526
0.152825
0.146133
0.193374
0.081396
0.336242
0.223416
0.125376
0.103219
0.164903
0.401395
0.272526
0.244480
0.350462
0.122822
0.148958
0.204835
0.381346
0.085268
0.338878
0.302412
0.203011
0.330894
0.157162
0.229285
0.178656
0.181144
0.286839
0.148253
0.145478
0.157979
0.045012
0.032889
0.154410
0.203778
0.180603
0.112419
0.339660
0.250122
0.312585
0.188781
0.134434
0.037743
0.125824
0.210968
0.273478
0.144297
0.089902
0.148190
0.205065
0.246709
0.202714
0.435264
0.251570
0.297061
0.233828
0.087094
0.238401
0.087259
0.123927
0.183393
0.078001
0.282264
0.234241
0.180811
0.164556
0.133287
0.123563
0.101186
0.334972
0.053770
0.139285
0.209585
0.069886
0.421681
0.175054
0.268355
0.291794
0.218996
0.253025
0.214173
0.308324
0.101114
0.493918
0.318707
0.290313
0.399774
0.118983
0.275585
0.144942
0.097976
0.299981
0.170620
0.133258
0.175739
0.035008
0.088784
0.090346
0.237705
0.201223
0.144867
0.307364
0.309554
0.303939
0.181284
0.081144
0.070989
0.180200
0.067639
0.223858
0.202233
0.083865
0.217620
0.135151
0.425496
0.175266
0.663599
0.258658
0.181572
0.215440
0.198046
0.189474
0.028573
0.129966
0.113553
0.106946
0.210806
0.154703
0.222953
0.201399
0.077337
0.081957
0.121892
0.209343
0.094793
0.195373
0.300086
0.071131
0.367539
0.026515
0.124594
0.162230
0.240692
0.313338
0.202616
0.226564
0.051847
0.534208
0.272018
0.193769
0.365042
0.201915
0.251605
0.308591
0.072121
0.325936
0.158992
0.247817
0.117027
0.076296
0.121010
0.060271
0.214689
0.158464
0.243540
0.244811
0.369092
0.343896
0.164927
0.073959
0.081240
0.154475
0.115397
0.148333
0.210942
0.221880
0.269568
0.136505
0.501565
0.198094
0.733704
0.245435
0.099236
0.119974
0.300361
0.056787
0.179809
0.044064
0.026154
0.124725
0.121072
0.127565
0.198651
0.269606
0.032516
0.131922
0.188735
0.114762
0.166322
0.212038
0.343660
0.169887
0.375055
0.145362
0.234664
0.083522
0.203484
0.329800
0.188515
0.219400
0.072759
0.429788
0.215615
0.131394
0.317439
0.270411
0.160908
0.425823
0.244416
0.307003
0.257122
0.240759
0.061306
0.147026
0.063828
0.192445
0.260442
0.151479
0.187826
0.121641
0.326414
0.512182
0.177675
0.033674
0.045630
0.144237
0.241775
0.103648
0.165463
0.345053
0.199499
0.291020
0.396716
0.133253
0.624991
0.108766
0.278168
0.019114
0.358756
0.205263
0.348152
0.111916
0.057603
0.108660
0.038969
0.222594
0.198182
0.261656
0.043228
0.237107
0.286348
0.179183
0.173082
0.201048
0.311995
0.197823
0.375936
0.224482
0.296381
0.076760
0.166244
0.226447
0.146438
0.262948
0.092167
0.323618
0.158364
0.110844
0.321378
0.263138
0.113763
0.488416
0.353807
0.131437
0.394454
0.168857
0.128487
0.223643
0.139776
0.192728
0.334667
0.248618
0.100384
0.150901
0.194271
0.416004
0.223643
0.127396
0.111992
0.107254
0.320007
0.225622
0.168560
0.332528
0.225598
0.419056
0.215127
0.023913
0.440135
0.165258
0.311081
0.030783
0.350363
0.203571
0.443053
0.205615
0.112094
0.130374
0.055493
0.202763
0.220372
0.194580
0.128370
0.298764
0.421711
0.207351
0.108928
0.219046
0.169777
0.214481
0.315859
0.181818
0.205557
0.234025
0.106423
0.204060
0.059567
0.231984
0.086828
0.278773
0.051394
0.073181
0.260010
0.190954
0.182221
0.512703
0.293452
0.014719
0.323294
0.176358
0.079663
0.228442
0.215390
0.121408
0.339997
0.189218
0.125458
0.245260
0.360494
0.111771
0.248194
0.254786
0.121659
0.061815
0.324102
0.259732
0.236049
0.273767
0.216945
0.431815
0.082491
0.067140
0.233505
0.216305
0.294225
0.082965
0.303235
0.283055
0.392005
0.214570
0.128972
0.154130
0.067995
0.102311
0.278816
0.156835
0.255118
0.235379
0.427228
0.202325
0.129366
0.228750
0.074462
0.222910
0.141683
0.139392
0.184529
0.375751
0.034475
0.438486
0.083773
0.234460
0.066830
0.217797
0.037523
0.080324
0.222150
0.205242
0.290239
0.455649
0.194475
0.108557
0.212572
0.141210
0.078650
0.128865
0.175449
0.306229
0.236742
0.062916
0.153897
0.240140
0.406992
0.129324
0.273000
0.267336
0.135220
0.126255
0.286605
0.308109
0.259196
0.081776
0.223743
0.353525
0.056496
0.148283
0.110731
0.098827
0.184937
0.130118
0.278251
0.407102
0.270380
0.182280
0.120915
0.211055
0.117809
0.067307
0.339103
0.228143
0.407814
0.145949
0.378275
0.289090
0.135498
0.223793
0.035098
0.190930
0.111843
0.356968
0.162736
0.383148
0.042911
0.510465
0.118285
0.159688
0.039558
0.372667
0.087752
0.162356
0.226970
0.328049
0.376545
0.381804
0.223031
0.106561
0.209387
0.078246
0.218637
0.080516
0.101491
0.354321
0.242744
0.220550
0.053174
0.171385
0.382713
0.252432
0.271200
0.283708
0.081239
0.043112
0.319663
0.332321
0.285157
0.154299
0.188945
0.153019
0.133368
0.106799
0.041647
0.106584
0.047439
0.163101
0.274272
0.350959
0.210643
0.119635
0.170993
0.226160
0.154770
0.247127
0.306573
0.285984
0.453609
0.175833
0.393504
0.325193
0.118933
0.220277
0.073348
0.180193
0.182313
0.430566
0.118083
0.311025
0.071949
0.429267
0.118580
0.067297
0.054496
0.430903
0.141357
0.102840
0.262601
0.425391
0.334648
0.220295
0.153096
0.018414
0.268153
0.111188
0.253775
0.188390
0.068267
0.140348
0.249899
0.316342
0.055640
0.098290
0.408025
0.267217
0.228345
0.303563
0.089229
0.187103
0.353922
0.215373
0.256287
0.290534
0.092856
0.141066
0.189822
0.113694
0.119560
0.159811
0.086547
0.076992
0.200752
0.243740
0.232132
0.090074
0.087673
0.246399
0.167004
0.376481
0.186713
0.293627
0.338980
0.141106
0.368603
0.314210
0.201961
0.178345
0.042773
0.104663
0.183752
0.376945
0.108568
0.245960
0.100065
0.368030
0.084763
0.157606
0.084003
0.294284
0.154471
0.116529
0.342278
0.440620
0.264578
0.047903
0.151636
0.088354
0.316613
0.065507
0.195337
0.222849
0.155097
0.138567
0.195751
0.227568
0.156561
0.060341
0.383683
0.227277
0.092187
0.281003
0.145651
0.268088
0.193481
0.141367
0.113612
0.300104
0.011833
0.273520
0.293032
0.120269
0.268361
0.160729
0.146034
0.056744
0.137236
0.178463
0.141270
0.151308
0.077375
0.183320
0.102804
0.401297
0.035972
0.207831
0.157326
0.160874
0.279618
0.198198
0.232869
0.183230
0.035019
0.044974
0.183075
0.242867
0.106709
0.209197
0.167999
0.255656
0.061454
0.223460
0.212049
0.166140
0.121642
0.197904
0.349165
0.307254
0.226097
0.143776
0.257443
0.134520
0.348998
0.036609
0.085975
0.127987
0.167224
0.291295
0.271822
0.052310
0.263777
0.091007
0.413691
0.131238
0.204894
0.266583
0.182841
0.281650
0.084455
0.107485
0.154507
0.239210
0.087845
0.382308
0.392776
0.139008
0.358806
0.176392
0.287192
0.070862
0.081601
0.293973
0.055207
0.351776
0.036342
0.092121
0.099509
0.292579
0.089765
0.093686
0.038418
0.234237
0.115281
0.153541
0.257767
0.227662
0.135439
0.155838
0.185364
0.182866
0.130009
0.138374
0.189954
0.287882
0.015623
0.244315
0.334299
0.135446
0.078901
0.333362
0.258441
0.179412
0.200766
0.271544
0.278062
0.159972
0.367086
0.065957
0.024923
0.101037
0.142411
0.330915
0.269025
0.131177
0.315911
0.088402
0.500637
0.101058
0.317115
0.275992
0.241528
0.317443
0.201827
0.163200
0.162845
0.107155
0.177090
0.435166
0.320733
0.106335
0.393260
0.147567
0.378223
0.186772
0.060317
0.336254
0.098107
0.435755
0.086976
0.009003
0.116341
0.148499
0.122027
0.081460
0.180702
0.239642
0.040852
0.178379
0.247553
0.232783
0.240764
0.244928
0.132827
0.215607
0.199538
0.120050
0.178319
0.344352
0.099035
0.192157
0.357146
0.196200
0.103691
0.419531
0.118883
0.205208
0.096546
0.360327
0.235477
0.070672
0.300234
0.119575
0.025575
0.241894
0.064112
0.323502
0.146321
0.222315
0.306373
0.035781
0.425105
0.059701
0.372887
0.262371
0.274212
0.295404
0.299544
0.299011
0.131371
0.044845
0.222895
0.404865
0.237656
0.040649
0.339816
0.197925
0.314423
0.283141
0.082136
0.245667
0.176436
0.318704
0.176767
0.055364
0.118194
0.083436
0.156894
0.121981
0.253315
0.283819
0.181370
0.195651
0.270267
0.184991
0.205023
0.269833
0.083387
0.232601
0.244295
0.048371
0.211757
0.385365
0.199340
0.083908
0.246889
0.328187
0.197336
0.312483
0.250965
0.197234
0.090764
0.415409
0.195006
0.110330
0.182636
0.065126
0.050008
0.235749
0.089442
0.267515
0.173400
0.188925
0.279101
0.028428
0.185963
0.080011
0.419044
0.206180
0.290824
0.170476
0.416878
0.395704
0.141967
0.077375
0.168816
0.325016
0.178538
0.019393
0.101332
0.308656
0.225942
0.298478
0.186750
0.067833
0.299554
0.159776
0.220129
0.066440
0.071845
0.145427
0.148976
0.144524
0.283499
0.210534
0.329679
0.245260
0.255634
0.147641
0.094227
0.216422
0.180390
0.171453
0.162240
0.062744
0.276531
0.327966
0.188088
0.054158
0.047460
0.330266
0.238757
0.194517
0.245489
0.153572
0.153582
0.333360
0.175879
0.136030
0.163143
0.026957
0.094813
0.225928
0.154942
0.172629
0.283420
0.154424
0.245308
0.083401
0.131407
0.201084
0.430438
0.089833
0.321364
0.157302
0.462802
0.374461
0.106040
0.131176
0.129435
0.167179
0.093607
0.081842
0.130657
0.330509
0.173120
0.325285
0.355936
0.091082
0.323176
0.141744
0.167228
0.110808
0.072870
0.168361
0.077062
0.229341
0.271804
0.085891
0.340854
0.195515
0.248437
0.039707
0.033238
0.123821
0.267354
0.141271
0.098213
0.109188
0.238237
0.262050
0.097240
0.082879
0.135853
0.300820
0.156264
0.028874
0.174474
0.139729
0.135641
0.243816
0.068066
0.159819
0.138820
0.166703
0.139103
0.261805
0.166483
0.129628
0.378753
0.094880
0.107461
0.098491
0.217487
0.302436
0.387443
0.077845
0.168602
0.146147
0.379447
0.207797
0.101897
0.129003
0.154448
0.114367
0.098346
0.115000
0.138585
0.266530
0.124740
0.372426
0.557319
0.150951
0.281294
0.180883
0.122630
0.056141
0.072241
0.136195
0.111306
0.276483
0.240634
0.150454
0.121734
0.134760
0.165904
0.127548
0.129912
0.123239
0.241148
0.257053
0.140790
0.225763
0.179078
0.230854
0.187438
0.011004
0.189259
0.342637
0.123602
0.152899
0.177207
0.141392
0.226684
0.127718
0.045602
0.171269
0.121058
0.239833
0.202393
0.231321
0.076561
0.065246
0.395121
0.189688
0.147016
0.166956
0.385797
0.357554
0.229788
0.268519
0.023663
0.163214
0.228056
0.237549
0.138666
0.161978
0.196342
0.184546
0.289465
0.070699
0.053909
0.125600
0.055668
0.366855
0.600360
0.199331
0.327927
0.208684
0.088142
0.098543
0.076019
0.222184
0.227619
0.226370
0.256832
0.078550
0.079387
0.133155
0.111067
0.223791
0.190119
0.153087
0.180960
0.309325
0.190326
0.267708
0.166444
0.289698
0.257740
0.114814
0.286260
0.305087
0.159321
0.220600
0.303582
0.098405
0.235786
0.060607
0.047607
0.196066
0.212210
0.212220
0.163851
0.048112
0.082753
0.096807
0.327618
0.325119
0.207629
0.282562
0.436817
0.398168
0.033207
0.440728
0.170645
0.109705
0.095764
0.315068
0.215296
0.275782
0.164535
0.339201
0.415942
0.172573
0.033675
0.132967
0.140129
0.287870
0.431532
0.271464
0.283022
0.282498
0.074829
0.263789
0.149695
0.150043
0.222033
0.049675
0.294791
0.173053
0.100199
0.093659
0.293874
0.255235
0.119290
0.065326
0.090584
0.276450
0.094016
0.274703
0.109905
0.289153
0.196592
0.212058
0.239766
0.229437
0.175115
0.242178
0.461648
0.111564
0.122966
0.145794
0.065475
0.140397
0.330937
0.183006
0.123677
0.216631
0.232538
0.165364
0.258626
0.299764
0.144417
0.268813
0.270956
0.303018
0.194721
0.436347
0.256634
0.068897
0.093134
0.260411
0.232736
0.274912
0.147334
0.388654
0.449592
0.195815
0.047560
0.343028
0.293362
0.309879
0.283556
0.294558
0.149884
0.277045
0.111381
0.309115
0.144544
0.096921
0.105793
0.133117
0.245731
0.343548
0.020510
0.152449
0.335299
0.165761
0.117558
0.057643
0.093142
0.178762
0.027097
0.225115
0.146236
0.300580
0.097954
0.272165
0.166320
0.109196
0.112044
0.200657
0.465571
0.116576
0.042672
0.265355
0.109828
0.066154
0.412041
0.176104
0.084266
0.335041
0.292925
0.290968
0.227528
0.244219
0.120243
0.174515
0.139322
0.155713
0.264176
0.304697
0.224694
0.158819
0.196232
0.245004
0.166221
0.201860
0.133017
0.325801
0.409413
0.160131
0.115670
0.345123
0.406829
0.246719
0.095856
0.299164
0.040340
0.150383
0.148212
0.176138
0.177516
0.071527
0.051385
0.196021
0.129824
0.413024
0.161126
0.200535
0.259857
0.066604
0.252584
0.097429
0.201238
0.090486
0.062545
0.093845
0.218299
0.298719
0.201895
0.251221
0.130304
0.051040
0.109992
0.174009
0.309438
0.121540
0.165071
0.224381
0.250393
0.163697
0.397818
0.121859
0.068949
0.313147
0.267961
0.260685
0.209446
0.276175
0.286763
0.092443
0.155259
0.186125
0.276199
0.243673
0.191879
0.281131
0.266768
0.254948
0.112273
0.143716
0.197629
0.295282
0.355947
0.186556
0.070036
0.207644
0.455206
0.107876
0.058309
0.284867
0.085278
0.067018
0.133329
0.109496
0.211411
0.065443
0.103156
0.196997
0.141287
0.327510
0.223120
0.272133
0.177484
0.007410
0.327931
0.172492
0.160527
0.243631
0.079679
0.035939
0.205295
0.263039
0.241991
0.264967
0.169728
0.192393
0.218668
0.094158
0.290398
0.147321
0.187838
0.046343
0.360709
0.296422
0.354670
0.128561
0.117912
0.264699
0.183617
0.193522
0.297368
0.240751
0.381103
0.151294
0.192329
0.262487
0.281058
0.230087
0.258991
0.371995
0.336937
0.199693
0.158529
0.173449
0.252950
0.286646
0.283258
0.147345
0.105689
0.152036
0.405697
0.095282
0.120344
0.221250
0.271660
0.068661
0.076037
0.240507
0.247840
0.088202
0.065943
0.208492
0.080009
0.262961
0.203553
0.406259
0.069958
0.046480
0.244344
0.234245
0.189650
0.329782
0.070958
0.080029
0.152697
0.166811
0.234875
0.238331
0.247005
0.287402
0.246608
0.102111
0.226177
0.019996
0.151182
0.110351
0.342132
0.331407
0.310196
0.205282
0.152418
0.268075
0.088535
0.269292
0.329509
0.124443
0.399434
0.235209
0.093556
0.314862
0.290813
0.208979
0.290961
0.463585
0.310121
0.132879
0.196803
0.185338
0.171609
0.232598
0.223813
0.109665
0.177585
0.164382
0.334235
0.092013
0.158795
0.135855
0.382277
0.018046
0.073706
0.227914
0.235827
0.162051
0.061008
0.194076
0.097750
0.236398
0.169319
0.438038
0.071203
0.072644
0.104157
0.230351
0.210481
0.291025
0.040036
0.148963
0.101044
0.077064
0.223939
0.160348
0.228088
0.258789
0.214226
0.104123
0.187189
0.173964
0.136154
0.132249
0.100552
0.329443
0.160148
0.262145
0.188591
0.217550
0.046848
0.287625
0.373481
0.041466
0.325556
0.282418
0.154449
0.358765
0.254718
0.161238
0.219605
0.432872
0.051631
0.119691
0.170044
0.207395
0.148114
0.157109
0.186803
0.157517
0.226581
0.130528
0.359039
0.102012
0.216528
0.065075
0.488546
0.117498
0.135498
0.184197
0.241701
0.234064
0.148602
0.062150
0.275431
0.117706
0.218764
0.273984
0.039122
0.184153
0.078094
0.161695
0.219810
0.215112
0.080447
0.205927
0.058449
0.065129
0.237521
0.095180
0.186993
0.203215
0.166046
0.062161
0.184402
0.200399
0.192901
0.083796
0.163966
0.303493
0.106899
0.270351
0.319563
0.132789
0.038389
0.247911
0.358010
0.084005
0.190511
0.233524
0.280082
0.451622
0.115196
0.140457
0.084029
0.332953
0.223263
0.076754
0.118899
0.141339
0.158312
0.106694
0.145745
0.145208
0.262870
0.048942
0.210765
0.081348
0.224271
0.083518
0.497994
0.164375
0.200121
0.218207
0.199109
0.282726
0.185649
0.049921
0.285979
0.230475
0.238650
0.153751
0.064557
0.332122
0.016983
0.104385
0.278640
0.081008
0.193367
0.159316
0.009398
0.112536
0.287960
0.048567
0.160195
0.142643
0.207673
0.116524
0.233200
0.158783
0.231437
0.026004
0.244148
0.217379
0.144562
0.268090
0.413224
0.089403
0.037467
0.151906
0.334193
0.202234
0.089791
0.157806
0.335661
0.519067
0.137634
0.147443
0.186477
0.197111
0.206878
0.077458
0.093407
0.121555
0.144899
0.151696
0.027326
0.162789
0.308424
0.069118
0.229497
0.028606
0.178248
0.051596
0.345662
0.064384
0.187717
0.238449
0.161212
0.268306
0.197299
0.142992
0.212088
0.279539
0.181997
0.131586
0.031600
0.341442
0.200772
0.095184
0.272152
0.229603
0.290978
0.129220
0.079993
0.159456
0.297655
0.080419
0.087255
0.061811
0.189985
0.106565
0.334727
0.218886
0.221585
0.026582
0.254946
0.076056
0.118568
0.246815
0.383372
0.103766
0.100978
0.098441
0.324350
0.259102
0.062839
0.053524
0.220626
0.495070
0.213262
0.117683
0.267922
0.054981
0.087786
0.126901
0.151143
0.267889
0.129121
0.169614
0.161301
0.155218
0.279801
0.089562
0.376443
0.058699
0.152560
0.105549
0.127797
0.071516
0.155680
0.312330
0.188870
0.174546
0.165715
0.217011
0.142662
0.282131
0.164069
0.119638
0.065981
0.161682
0.440061
0.080737
0.122796
0.238287
0.339754
0.158826
0.117807
0.161423
0.226947
0.153957
0.175236
0.067912
0.138540
0.061566
0.584995
0.230595
0.141720
0.057304
0.147233
0.077822
0.099296
0.189819
0.241474
0.192630
0.188140
0.054447
0.251380
0.222398
0.079737
0.081665
0.084550
0.349336
0.314098
0.109904
0.300459
0.065534
0.092095
0.132385
0.168689
0.371736
0.082638
0.165157
0.283298
0.134680
0.236717
0.173801
0.473627
0.053724
0.133462
0.109742
0.108208
0.087935
0.126474
0.348243
0.237564
0.066711
0.120055
0.201580
0.123211
0.269324
0.226682
0.249538
0.121934
0.031782
0.507120
0.078786
0.066648
0.181932
0.347695
0.141857
0.107681
0.114445
0.106634
0.232941
0.178467
0.125035
0.134175
0.015563
0.626153
0.172530
0.171654
0.143243
0.183511
0.211435
0.140787
0.093374
0.078202
0.264760
0.294299
0.134852
0.158356
0.178057
0.095971
0.154367
0.137361
0.234047
0.427370
0.166611
0.260282
0.181134
0.159813
0.129333
0.186381
0.373745
0.045215
0.137304
0.314904
0.118637
0.202025
0.207170
0.496000
0.180921
0.146933
0.079764
0.305896
0.207717
0.182814
0.287038
0.190066
0.046170
0.095101
0.121513
0.222175
0.160376
0.267103
0.380578
0.116448
0.124547
0.305729
0.271897
0.171143
0.133768
0.255355
0.078444
0.127167
0.068564
0.099607
0.324548
0.101850
0.146921
0.205182
0.067404
0.485969
0.157646
0.227865
0.182434
0.209733
0.287763
0.222991
0.085413
0.124867
0.357591
0.325523
0.270913
0.171466
0.113834
0.128732
0.219128
0.138734
0.296190
0.343540
0.177260
0.177138
0.251859
0.139735
0.071742
0.186013
0.278060
0.041557
0.150303
0.381713
0.069947
0.150732
0.183607
0.416793
0.196138
0.293518
0.087231
0.372054
0.265151
0.241869
0.183251
0.079513
0.137473
0.090212
0.150550
0.285931
0.066198
0.258758
0.348148
0.045808
0.107028
0.068543
0.295178
0.298418
0.128691
0.184229
0.027972
0.122552
0.018197
0.150547
0.308542
0.159533
0.138665
0.424081
0.157837
0.324797
0.177001
0.182445
0.118623
0.184235
0.331369
0.168408
0.070939
0.272490
0.325688
0.334337
0.319597
0.241492
0.079859
0.063394
0.265891
0.080944
0.297103
0.155799
0.097526
0.151029
0.236135
0.132387
0.054795
0.128622
0.176475
0.063027
0.155790
0.430479
0.064571
0.107985
0.099681
0.222088
0.102821
0.268851
0.062673
0.358883
0.237218
0.200661
0.226970
0.255362
0.231498
0.167881
0.261740
0.231538
0.100743
0.289880
0.206323
0.130035
0.174100
0.113998
0.205778
0.317652
0.169445
0.319246
0.046927
0.111320
0.106579
0.124523
0.148741
0.213164
0.159391
0.545541
0.219036
0.338724
0.205877
0.215022
0.104725
0.096427
0.344018
0.098300
0.099070
0.331686
0.163012
0.217647
0.330846
0.302520
0.131839
0.083365
0.226457
0.092279
0.294963
0.123554
0.111152
0.123063
0.215177
0.174924
0.109157
0.097619
0.157976
0.061669
0.140991
0.399706
0.205520
0.197204
0.061081
0.034574
0.137241
0.195879
0.090331
0.325869
0.139843
0.234610
0.318529
0.300345
0.310843
0.196039
0.274545
0.120847
0.226737
0.283646
0.084020
0.207765
0.284529
0.153336
0.114936
0.243952
0.221104
0.333931
0.070259
0.084220
0.193093
0.179466
0.052326
0.207000
0.130903
0.399471
0.235607
0.323423
0.124605
0.204600
0.149029
0.069681
0.323523
0.153443
0.144979
0.341791
0.132362
0.035790
0.317113
0.371850
0.180878
0.190038
0.139915
0.162632
0.366934
0.135075
0.118000
0.049466
0.209341
0.278828
0.111415
0.244207
0.236803
0.214258
0.173549
0.304530
0.295648
0.173690
0.069739
0.123877
0.177587
0.203765
0.117847
0.319683
0.097562
0.316194
0.359909
0.230320
0.309557
0.168072
0.358033
0.156100
0.342734
0.219433
0.020452
0.269807
0.257409
0.256019
0.056752
0.204426
0.158930
0.248087
0.054179
0.116414
0.140032
0.308028
0.161775
0.162027
0.084198
0.153890
0.107543
0.253778
0.054408
0.104960
0.047545
0.129700
0.264605
0.230048
0.110578
0.302622
0.292668
0.162095
0.254762
0.383188
0.115656
0.199063
0.123498
0.238872
0.354609
0.140294
0.134718
0.086256
0.193427
0.365442
0.130233
0.366206
0.340311
0.313600
0.138662
0.244412
0.326267
0.149598
0.048759
0.133896
0.106501
0.207793
0.064874
0.290120
0.121406
0.298187
0.301727
0.154356
0.155658
0.239230
0.289298
0.165988
0.360067
0.034379
0.044253
0.243120
0.177009
0.308358
0.122646
0.187386
0.088121
0.337736
0.089106
0.198996
0.031655
0.403619
0.241860
0.083927
0.120665
0.055999
0.036940
0.255778
0.274701
0.062546
0.078796
0.125339
0.143987
0.286696
0.040734
0.279379
0.315848
0.284335
0.191989
0.359351
0.039862
0.161525
0.250592
0.296076
0.288264
0.181769
0.126821
0.100873
0.196357
0.412073
0.063315
0.371437
0.395136
0.320920
0.181347
0.185945
0.307305
0.163162
0.121883
0.036999
0.070084
0.220578
0.059604
0.175504
0.070495
0.142946
0.234237
0.206816
0.123604
0.331258
0.153619
0.121265
0.294796
0.143628
0.058357
0.212007
0.221575
0.309019
0.200288
0.089017
0.091200
0.532265
0.182879
0.230782
0.020695
0.382200
0.206506
0.089749
0.154847
0.193380
0.052319
0.276845
0.350467
0.081237
0.126099
0.148527
0.206007
0.304749
0.138208
0.163163
0.298614
0.409709
0.117618
0.219042
0.142798
0.071592
0.390771
0.272901
0.433922
0.220665
0.099129
0.101069
0.197071
0.278695
0.109226
0.324636
0.314451
0.311854
0.232625
0.090461
0.238834
0.220898
0.063685
0.049800
0.158424
0.242381
0.095666
0.122187
0.095072
0.103024
0.249501
0.205283
0.148118
0.454196
0.316591
0.048635
0.220222
0.221204
0.050236
0.235990
0.166513
0.219467
0.175989
0.086888
0.174972
0.564546
0.218317
0.234462
0.027663
0.351543
0.182915
0.182972
0.200644
0.311248
0.072719
0.238756
0.207345
0.198761
0.121462
0.208808
0.293794
0.265457
0.204710
0.084352
0.310720
0.437743
0.160780
0.180012
0.179368
0.021248
0.403822
0.197268
0.514604
0.291925
0.069794
0.234272
0.253110
0.080324
0.247247
0.297646
0.242090
0.233744
0.168215
0.137778
0.159281
0.253788
0.138473
0.031468
0.193814
0.228644
0.102782
0.326659
0.100640
0.205055
0.267343
0.127770
0.212082
0.423173
0.343197
0.202504
0.180936
0.218214
0.087279
0.163852
0.102216
0.117865
0.097854
0.214881
0.133062
0.433998
0.175052
0.179603
0.038976
0.186675
0.224466
0.158663
0.190157
0.320561
0.145109
0.209195
0.081571
0.303870
0.071560
0.291326
0.363941
0.275993
0.173408
0.140470
0.300410
0.389156
0.247915
0.168598
0.092688
0.065851
0.213583
0.070603
0.455928
0.323956
0.026226
0.371315
0.164874
0.105901
0.299621
0.278707
0.225125
0.222279
0.066212
0.225361
0.131085
0.185922
0.113080
0.083064
0.326109
0.154066
0.083701
0.395098
0.069172
0.300822
0.178363
0.149089
0.274312
0.326755
0.212297
0.344660
0.159107
0.197759
0.164219
0.038242
0.072929
0.026551
0.045071
0.263658
0.046930
0.248691
0.245878
0.104045
0.115113
0.088724
0.267846
0.103607
0.130510
0.298846
0.180779
0.255380
0.123866
0.258544
0.017754
0.322561
0.370111
0.232897
0.128310
0.112756
0.262115
0.368256
0.294478
0.032131
0.117555
0.100196
0.017339
0.077035
0.261627
0.232231
0.136941
0.342589
0.159110
0.167347
0.279113
0.218010
0.169664
0.217951
0.031299
0.200998
0.096598
0.151745
0.053786
0.110240
0.382060
0.113353
0.102675
0.298056
0.012572
0.340495
0.066181
0.183649
0.270904
0.257539
0.163268
0.238155
0.143287
0.198950
0.238724
0.229122
0.110319
0.167210
0.097653
0.283483
0.133211
0.240379
0.259742
0.035582
0.182057
0.150349
0.247663
0.086966
0.091752
0.318178
0.204592
0.220210
0.174391
0.217296
0.071552
0.220102
0.352141
0.218409
0.117332
0.044348
0.171533
0.296304
0.312002
0.150755
0.306568
0.079083
0.062366
0.128450
0.049735
0.155560
0.148215
0.198608
0.308982
0.190299
0.258769
0.167762
0.127886
0.201350
0.056909
0.109518
0.032661
0.168815
0.214225
0.061701
0.253254
0.181156
0.118541
0.163329
0.058983
0.336186
0.123435
0.146955
0.208040
0.210721
0.207861
0.026504
0.135978
0.197831
0.283468
0.322616
0.147018
0.276956
0.091274
0.309443
0.246485
0.341400
0.151746
0.118128
0.174990
0.121077
0.171323
0.134438
0.112060
0.323362
0.110063
0.123975
0.183755
0.293025
0.085926
0.119269
0.289955
0.250567
0.108126
0.063802
0.066750
0.087396
0.304085
0.278180
0.284493
0.095402
0.066628
0.158530
0.169404
0.191745
0.152821
0.146747
0.362634
0.169735
0.187942
0.123413
0.111589
0.114853
0.129562
0.144536
0.161202
0.138895
0.294422
0.078107
0.088533
0.150106
0.115034
0.074202
0.100586
0.298537
0.182758
0.147128
0.097545
0.084141
0.127190
0.088678
0.081357
0.186835
0.318552
0.335837
0.088389
0.297133
0.108703
0.269289
0.314138
0.311867
0.060894
0.124774
0.135475
0.109447
0.129348
0.120546
0.175762
0.234904
0.051890
0.206135
0.228131
0.364722
0.094867
0.049861
0.232468
0.310934
0.106931
0.073460
0.124873
0.248687
0.165213
0.362410
0.082037
0.092295
0.037632
0.154995
0.258561
0.280377
0.130010
0.184986
0.343947
0.165300
0.076572
0.021590
0.088502
0.049427
0.153175
0.127087
0.200964
0.119311
0.271196
0.213525
0.087069
0.129677
0.127874
0.099469
0.138180
0.156267
0.306486
0.138293
0.160652
0.108594
0.147282
0.190907
0.033596
0.186566
0.290584
0.308619
0.100441
0.277400
0.246211
0.231526
0.222202
0.151737
0.107743
0.143367
0.262020
0.195616
0.155315
0.055117
0.175680
0.240243
0.104063
0.206700
0.162096
0.448588
0.097598
0.205770
0.188181
0.314606
0.131247
0.167062
0.203952
0.393111
0.283060
0.347315
0.059324
0.118978
0.019855
0.217158
0.225749
0.325557
0.160723
0.165254
0.351868
0.191500
0.133898
0.072199
0.125857
0.094102
0.104364
0.182074
0.172117
0.071462
0.210494
0.250467
0.194119
0.201964
0.235630
0.186939
0.106518
0.237064
0.377008
0.057513
0.176073
0.195892
0.201081
0.274240
0.051182
0.161075
0.232992
0.197112
0.232704
0.243194
0.356131
0.183947
0.070637
0.040274
0.122436
0.206697
0.375355
0.282643
0.257246
0.074217
0.125334
0.197540
0.183874
0.133258
0.084484
0.303769
0.115130
0.215822
0.161901
0.196701
0.126377
0.219444
0.257316
0.436052
0.434717
0.202215
0.070329
0.276281
0.104732
0.186091
0.171806
0.239032
0.180397
0.077260
0.315982
0.227517
0.253793
0.151212
0.155237
0.250718
0.158290
0.226590
0.180341
0.081419
0.141972
0.258728
0.299037
0.152621
0.345744
0.240239
0.053358
0.338242
0.365347
0.112037
0.106182
0.240782
0.276182
0.267136
0.052680
0.154124
0.210626
0.036156
0.212025
0.161915
0.363239
0.185411
0.189524
0.057892
0.050834
0.276018
0.234213
0.268496
0.197232
0.235321
0.182506
0.224177
0.227812
0.050037
0.186503
0.078221
0.161735
0.140813
0.175959
0.117903
0.059153
0.223925
0.172297
0.404785
0.478750
0.161651
0.130495
0.373365
0.140777
0.010263
0.263438
0.143960
0.200576
0.293271
0.163431
0.293832
0.386198
0.160042
0.181186
0.416310
0.243305
0.170927
0.156577
0.243687
0.120393
0.228777
0.321500
0.101193
0.356662
0.227825
0.082685
0.281488
0.297979
0.245112
0.156036
0.312929
0.317962
0.137632
0.084035
0.211619
0.209123
0.094375
0.171016
0.141948
0.277571
0.114728
0.228085
0.109933
0.123260
0.230285
0.097757
0.174666
0.017788
0.262079
0.203476
0.323113
0.255316
0.049465
0.181167
0.165881
0.156427
0.081490
0.263494
0.134223
0.059814
0.231697
0.264049
0.290899
0.425427
0.192246
0.202014
0.416794
0.029713
0.233047
0.341626
0.177762
0.179992
0.353942
0.028559
0.222936
0.413570
0.101514
0.137103
0.454518
0.361320
0.095605
0.118081
0.233488
0.102458
0.152886
0.310855
0.007393
0.326009
0.162412
0.140046
0.220166
0.294838
0.233447
0.162285
0.386790
0.326071
0.059521
0.198127
0.241287
0.144331
0.121372
0.126900
0.088211
0.203256
0.095599
0.289488
0.122797
0.164731
0.126041
0.236554
0.111158
0.226652
0.221327
0.094619
0.420519
0.233283
0.140253
0.128758
0.239712
0.035643
0.083739
0.285989
0.164714
0.178366
0.175992
0.415216
