# G_3, p = 1.5000 GPa (dir_15000.0_bar).
# D8R-only: 36 rings x 101 frames = 3636 samples.
# Column: per-D8R Delta [A]
1.738314
1.642643
1.548255
1.738502
1.642619
1.548559
1.738521
1.642871
1.548461
1.738278
1.642961
1.548288
1.739222
1.645031
1.552408
1.739277
1.645174
1.552626
1.739656
1.646073
1.552163
1.739654
1.646069
1.552131
1.738186
1.642144
1.547520
1.738231
1.642114
1.547552
1.738242
1.642189
1.547383
1.738278
1.642338
1.547541
1.825431
1.661900
1.503036
1.881551
1.642060
1.487875
1.866369
1.662621
1.686554
1.763536
1.534433
1.537862
1.888446
1.592571
1.543958
1.906664
1.581452
1.443172
1.611679
1.626323
1.368196
1.814898
1.656485
1.659149
1.697796
1.669110
1.575240
1.804420
1.705836
1.444725
1.799661
1.540274
1.697719
1.692102
1.724303
1.345246
1.868995
1.584049
1.503402
1.893712
1.626729
1.460748
1.954888
1.761200
1.796371
1.802268
1.652083
1.569765
1.913808
1.492205
1.369122
1.771533
1.471914
1.352032
1.503406
1.640130
1.455201
1.837486
1.727737
1.496984
1.710819
1.693471
1.526305
1.893624
1.700939
1.540838
1.801598
1.383295
1.676329
1.546596
1.726296
1.249920
1.878618
1.502149
1.529284
1.867955
1.625679
1.574414
1.985858
1.817367
1.861807
1.882983
1.701685
1.504676
1.824179
1.511832
1.194301
1.719400
1.482948
1.370401
1.586356
1.515270
1.577269
1.931164
1.791504
1.351175
1.797816
1.735911
1.478152
1.995493
1.613564
1.671796
1.770643
1.360778
1.579552
1.558237
1.677732
1.241673
1.825259
1.445711
1.514294
1.960536
1.704629
1.630969
2.027328
1.708109
1.883438
1.769842
1.578042
1.276129
1.754649
1.533499
1.142485
1.779640
1.545514
1.408268
1.666936
1.482628
1.411263
2.033915
1.772841
1.490881
1.875191
1.782968
1.432244
1.950181
1.567242
1.605867
1.659812
1.434717
1.535421
1.764289
1.705106
1.151373
1.719888
1.399724
1.485711
2.037221
1.756401
1.562892
2.062779
1.593503
1.821179
1.663052
1.513794
1.186927
1.690861
1.483610
1.143838
1.856713
1.552759
1.376977
1.660539
1.581216
1.382562
2.020564
1.692007
1.626211
1.764779
1.725266
1.416009
1.868197
1.637087
1.482633
1.646945
1.536175
1.563016
1.849361
1.783926
1.056610
1.693241
1.337854
1.538891
1.904243
1.825109
1.451795
1.972052
1.633867
1.756259
1.765962
1.469112
1.244995
1.668032
1.496208
1.194574
1.918120
1.469961
1.322412
1.581160
1.618881
1.548475
1.812126
1.699546
1.513578
1.586930
1.708660
1.418035
1.832145
1.675215
1.502794
1.690475
1.561714
1.576754
1.718110
1.888551
1.054185
1.766705
1.283036
1.489389
1.899410
1.872492
1.441984
1.855897
1.673745
1.715001
1.861066
1.399838
1.216261
1.619080
1.598538
1.261280
2.010800
1.493196
1.378227
1.553413
1.571462
1.565212
1.747364
1.735906
1.356681
1.606320
1.733224
1.381391
1.803043
1.715278
1.522033
1.685070
1.581242
1.568352
1.591113
1.916171
1.109574
1.884450
1.352497
1.448058
1.966022
1.765608
1.518022
1.719664
1.659500
1.751845
1.808590
1.320017
1.185875
1.563082
1.677313
1.346504
1.942394
1.533678
1.436717
1.461499
1.604283
1.498594
1.738081
1.683200
1.407110
1.631842
1.688798
1.346989
1.744351
1.748454
1.497150
1.634134
1.560737
1.500758
1.513764
1.799083
1.196320
1.922437
1.394298
1.445070
1.952088
1.581976
1.595618
1.643125
1.592817
1.699487
1.693798
1.385751
1.254890
1.544834
1.554222
1.456419
1.817019
1.560743
1.430649
1.436323
1.708185
1.536403
1.700354
1.580757
1.489176
1.675562
1.514609
1.346589
1.715173
1.780555
1.426608
1.712064
1.570249
1.387005
1.459989
1.583642
1.330842
1.824216
1.466555
1.416832
1.860837
1.528501
1.629318
1.686480
1.587191
1.637697
1.570703
1.407635
1.254350
1.561021
1.513019
1.453270
1.684785
1.609681
1.396758
1.666071
1.629174
1.560727
1.670813
1.625024
1.519272
1.643806
1.490965
1.314941
1.734753
1.716023
1.468750
1.822368
1.626003
1.294398
1.437108
1.402329
1.342782
1.767058
1.465545
1.319737
1.835609
1.560124
1.630241
1.650145
1.495435
1.624295
1.477640
1.382941
1.139227
1.538539
1.477584
1.410128
1.642286
1.684972
1.510113
1.851939
1.474493
1.454041
1.571944
1.647640
1.526658
1.567227
1.599890
1.257039
1.672908
1.589122
1.459318
1.716523
1.690127
1.155141
1.533100
1.306126
1.161704
1.624808
1.500820
1.183841
1.805888
1.575042
1.665523
1.576280
1.424025
1.638265
1.379827
1.389201
1.129055
1.483957
1.366201
1.326007
1.540519
1.619266
1.588846
1.791621
1.476696
1.244061
1.457527
1.571849
1.547534
1.345270
1.669301
1.287042
1.578741
1.618021
1.408673
1.587921
1.599292
1.046066
1.459747
1.346139
1.096545
1.417053
1.476663
1.049233
1.676776
1.573592
1.751053
1.535129
1.447549
1.537612
1.331775
1.483177
1.255056
1.441686
1.200986
1.176181
1.466807
1.494644
1.487473
1.651580
1.534960
1.149048
1.378855
1.528399
1.542658
1.339584
1.519531
1.386172
1.518433
1.625874
1.429242
1.567490
1.513093
1.011555
1.459964
1.357721
1.217980
1.312821
1.526026
0.968406
1.504854
1.688165
1.719795
1.465637
1.415717
1.456244
1.266452
1.426145
1.350530
1.445093
1.228782
1.127294
1.556170
1.434009
1.369573
1.573454
1.457340
1.174133
1.473293
1.599670
1.459630
1.504386
1.380285
1.477590
1.455241
1.497225
1.470137
1.566278
1.550992
1.019782
1.569830
1.292433
1.355016
1.381000
1.488230
0.893441
1.501973
1.662788
1.562190
1.383564
1.341642
1.472525
1.177215
1.376309
1.314394
1.397751
1.359481
1.159285
1.623707
1.418438
1.393787
1.554299
1.379542
1.208036
1.638310
1.635008
1.357753
1.631335
1.328731
1.506243
1.348594
1.398306
1.474361
1.620834
1.380152
1.049120
1.619821
1.235339
1.437875
1.392372
1.494471
0.893911
1.640274
1.438893
1.461893
1.408259
1.249350
1.516979
1.098926
1.381147
1.281512
1.459872
1.485928
1.183395
1.590457
1.437679
1.430671
1.490471
1.367690
1.271291
1.651492
1.571182
1.259903
1.753282
1.330197
1.435196
1.298177
1.443291
1.519033
1.718914
1.249773
1.046869
1.503775
1.337146
1.495823
1.238536
1.495165
0.934192
1.706207
1.317389
1.363677
1.576061
1.259181
1.464746
1.168753
1.437655
1.272992
1.543225
1.434305
1.279125
1.612485
1.385195
1.537299
1.466940
1.401495
1.244939
1.508758
1.401036
1.160968
1.798036
1.262679
1.361602
1.291736
1.497603
1.538444
1.790729
1.339607
1.103894
1.521271
1.489505
1.446405
1.172980
1.514167
0.928051
1.585366
1.289158
1.225659
1.689942
1.264065
1.315087
1.309027
1.431070
1.256759
1.523664
1.339824
1.366432
1.594032
1.413883
1.583837
1.489685
1.385395
1.195059
1.439613
1.271543
1.126499
1.657015
1.187254
1.303359
1.331374
1.378998
1.477751
1.716757
1.593709
1.197401
1.570523
1.510118
1.390019
1.295459
1.413947
0.895831
1.472221
1.263621
1.034904
1.638431
1.226056
1.196793
1.303569
1.392428
1.270502
1.571043
1.333985
1.311369
1.481897
1.438112
1.555151
1.430778
1.374413
1.157322
1.403520
1.224417
1.105740
1.492741
1.154647
1.293871
1.281170
1.298237
1.327430
1.516596
1.582932
1.261631
1.572821
1.403106
1.369097
1.362598
1.336310
0.944534
1.400883
1.192904
0.896632
1.564594
1.215032
1.108995
1.196909
1.373198
1.307001
1.641871
1.373228
1.223635
1.339641
1.291511
1.377514
1.369181
1.321204
1.103631
1.469107
1.177203
1.031183
1.437170
1.088671
1.274801
1.280708
1.389594
1.178360
1.417884
1.337431
1.372836
1.461067
1.264882
1.424649
1.344793
1.346122
0.996824
1.337628
1.142059
0.828671
1.515704
1.270104
0.943489
1.200126
1.299042
1.362231
1.576381
1.346339
1.230474
1.329276
1.063793
1.272109
1.293907
1.205732
1.080490
1.483336
1.082114
0.957754
1.541141
1.115053
1.193677
1.253256
1.368753
1.191615
1.334977
1.106139
1.407430
1.460408
1.128896
1.538067
1.365149
1.424734
1.064842
1.283928
1.084997
0.835333
1.459347
1.293505
0.832975
1.332391
1.264061
1.275348
1.401022
1.203061
1.273369
1.316379
0.976940
1.187384
1.227841
1.122810
1.177484
1.443886
1.034424
1.012690
1.524145
1.166808
1.106718
1.301164
1.188604
1.205321
1.347903
1.045024
1.410207
1.518046
1.063986
1.475590
1.413804
1.413677
1.143624
1.271595
1.024846
1.031739
1.440467
1.192458
0.800457
1.462436
1.355572
1.291695
1.343823
1.124513
1.307551
1.364526
1.058641
1.064407
1.201486
1.175706
1.284638
1.399366
1.125671
1.129749
1.436962
1.170072
1.061631
1.421633
1.086955
1.162020
1.419809
1.046910
1.429523
1.522886
1.049474
1.301011
1.354365
1.288282
1.256050
1.294390
0.984709
1.168815
1.555448
1.192522
0.804059
1.507678
1.471339
1.257258
1.477645
1.190318
1.260873
1.327993
1.187125
0.845612
1.230905
1.210330
1.223969
1.474238
1.250554
1.133425
1.397108
1.247495
0.988427
1.489722
1.157102
1.035455
1.401943
1.101655
1.450936
1.482345
1.061851
1.075414
1.201343
1.265825
1.388775
1.326390
1.117444
0.995357
1.624527
1.318175
0.840170
1.631176
1.483888
1.174770
1.504156
1.289775
1.214922
1.288843
1.239655
0.762839
1.249878
1.280095
1.083468
1.436523
1.300006
1.023600
1.430269
1.409493
0.996961
1.490648
1.160887
0.956454
1.244747
1.179792
1.482552
1.570325
1.175286
0.909477
1.256412
1.319523
1.372130
1.286016
1.271043
0.841349
1.467476
1.382257
0.917431
1.783511
1.474111
1.059586
1.450216
1.266694
1.194272
1.159089
1.298890
0.737978
1.234719
1.283564
1.063292
1.324306
1.323882
0.966500
1.395982
1.411426
0.977391
1.482575
1.091634
0.966088
1.083909
1.267624
1.463670
1.526231
1.226414
0.799936
1.416932
1.345363
1.282790
1.301408
1.325095
0.938320
1.315280
1.292446
0.938263
1.750457
1.460592
1.042661
1.589819
1.280235
1.168319
1.080930
1.273809
0.782162
1.280775
1.267722
1.145691
1.297840
1.372129
1.050176
1.427052
1.386534
0.943035
1.438744
1.087616
0.983447
1.009510
1.304789
1.389513
1.417690
1.352484
0.803085
1.582372
1.259552
1.326854
1.331321
1.195354
1.088518
1.301328
1.243479
1.001471
1.662019
1.356161
1.076022
1.749063
1.349511
1.125620
1.062506
1.260098
0.738031
1.386036
1.298933
1.179928
1.324953
1.365065
1.079638
1.457539
1.380729
1.019893
1.438091
1.167391
0.936323
0.990224
1.285891
1.343681
1.336210
1.398194
0.873742
1.662540
1.378735
1.432772
1.359760
1.137342
1.010129
1.270585
1.322693
1.099838
1.621087
1.230475
1.114339
1.709444
1.261684
1.092324
1.139919
1.263847
0.708923
1.492589
1.357853
1.063539
1.298367
1.237021
1.071563
1.510239
1.435484
1.124687
1.476323
1.166909
0.971256
1.020997
1.212597
1.242786
1.315278
1.487236
0.918990
1.713521
1.484608
1.530107
1.327927
1.184137
0.942923
1.298787
1.339477
1.175074
1.702326
1.210786
1.067570
1.527177
1.202693
1.116461
1.301521
1.231781
0.753753
1.621307
1.330520
1.032183
1.262849
1.166627
1.127621
1.504212
1.313336
1.123203
1.550217
1.146428
1.039940
1.206782
1.106717
1.040411
1.283206
1.517102
0.938405
1.737630
1.457669
1.585964
1.296279
1.195299
1.048411
1.418357
1.259045
1.196613
1.795557
1.239120
1.037957
1.483778
1.272099
1.178353
1.499571
1.233642
0.863374
1.661532
1.281071
1.093521
1.283057
1.169887
1.161554
1.585321
1.302720
1.086947
1.554504
1.206982
1.081180
1.388310
1.093201
0.892232
1.332359
1.416480
1.005981
1.649957
1.342505
1.588286
1.378770
1.171575
1.137298
1.338202
1.193501
1.116761
1.805168
1.228266
1.069186
1.448575
1.341813
1.246523
1.475494
1.315745
0.950863
1.644523
1.384412
1.166550
1.438036
1.148595
1.206962
1.567743
1.389121
1.156875
1.475141
1.361062
1.038564
1.479243
1.187240
0.867536
1.386438
1.322037
1.000176
1.619421
1.339417
1.484563
1.518195
1.211305
1.050228
1.228622
1.221268
1.044769
1.688934
1.219103
1.150847
1.369451
1.319549
1.286306
1.486221
1.387416
1.019782
1.620648
1.538555
1.148427
1.480675
1.275941
1.226174
1.502669
1.459387
1.311905
1.445728
1.471679
1.083543
1.524625
1.267153
0.837566
1.411300
1.294440
0.948007
1.642893
1.457110
1.405864
1.505459
1.297308
1.028111
1.175281
1.206414
1.103354
1.598114
1.278305
1.204340
1.417957
1.307770
1.403053
1.571216
1.379542
1.092439
1.637719
1.579942
1.163401
1.467784
1.370054
1.239884
1.340115
1.415390
1.390652
1.531629
1.499348
1.192070
1.602978
1.208406
0.746367
1.500555
1.213845
1.020476
1.662514
1.498549
1.335646
1.479771
1.264071
1.148366
1.265026
1.233890
1.177737
1.509354
1.255647
1.199608
1.457382
1.320568
1.445086
1.635530
1.357801
1.147966
1.681324
1.491566
1.181730
1.405954
1.307201
1.230625
1.297919
1.459645
1.353077
1.608793
1.505361
1.272492
1.633937
1.220447
0.720926
1.640375
1.268864
1.196980
1.648871
1.381858
1.440050
1.555920
1.250384
1.325898
1.278234
1.251593
1.173047
1.556345
1.222903
1.218870
1.357179
1.383238
1.346135
1.589242
1.465836
1.170943
1.653229
1.572346
1.319836
1.428871
1.235146
1.262490
1.266056
1.580796
1.369682
1.571285
1.576830
1.275793
1.674916
1.359177
0.878272
1.688356
1.324562
1.350471
1.655178
1.354594
1.532292
1.626543
1.402603
1.334281
1.405431
1.295164
1.069025
1.526750
1.319029
1.266014
1.248480
1.376793
1.306692
1.579257
1.551891
1.307726
1.658494
1.685506
1.410635
1.543378
1.275098
1.393010
1.306977
1.582675
1.437391
1.595318
1.593457
1.284866
1.780273
1.451426
1.033009
1.489775
1.349586
1.389240
1.635057
1.487961
1.468136
1.719991
1.593530
1.431255
1.557646
1.338106
0.963667
1.541981
1.547125
1.393813
1.353330
1.476252
1.326717
1.576989
1.513480
1.390007
1.740287
1.662340
1.549011
1.663887
1.395800
1.342347
1.333793
1.494906
1.413880
1.627264
1.499477
1.330267
1.779984
1.534170
1.042017
1.506525
1.432434
1.458228
1.612331
1.572976
1.414094
1.756725
1.611092
1.479393
1.672119
1.392382
1.029451
1.524563
1.632206
1.488136
1.609568
1.582241
1.294077
1.567995
1.428081
1.473385
1.658914
1.559948
1.534868
1.659456
1.461797
1.128176
1.399772
1.488978
1.369289
1.644546
1.514813
1.429277
1.689689
1.651610
1.086577
1.668401
1.569862
1.503666
1.679589
1.559543
1.463475
1.728710
1.591774
1.503742
1.569555
1.456579
1.141118
1.460787
1.547972
1.566136
1.735504
1.578022
1.238944
1.503524
1.506812
1.558943
1.573354
1.533871
1.515290
1.653839
1.495450
1.122236
1.559261
1.487327
1.426957
1.641556
1.584086
1.571204
1.639550
1.689340
1.305837
1.747657
1.620832
1.433738
1.752236
1.542193
1.443764
1.724662
1.653668
1.468769
1.513193
1.605206
1.231256
1.448177
1.526252
1.511587
1.720008
1.528886
1.284899
1.594386
1.586303
1.682049
1.717933
1.465197
1.462906
1.584029
1.588426
1.358309
1.664300
1.506314
1.482151
1.637730
1.564284
1.754774
1.615368
1.718236
1.474389
1.749256
1.440778
1.438511
1.663089
1.507846
1.429837
1.712400
1.665083
1.460450
1.540863
1.684696
1.337514
1.591420
1.656727
1.457434
1.700659
1.592060
1.346934
1.770408
1.596009
1.772742
1.874761
1.365710
1.482741
1.540581
1.597698
1.534947
1.723792
1.494203
1.555290
1.624631
1.550956
1.847507
1.578355
1.806833
1.555510
1.790998
1.393341
1.620167
1.589994
1.431425
1.346637
1.610308
1.536610
1.495866
1.606681
1.801898
1.498166
1.637778
1.722525
1.521131
1.730746
1.617935
1.266919
1.864256
1.604741
1.829551
1.797891
1.310828
1.496957
1.590390
1.516367
1.579146
1.732541
1.485619
1.618910
1.639457
1.693071
1.887673
1.562622
1.816850
1.672134
1.808913
1.486753
1.729970
1.585213
1.344101
1.219986
1.642719
1.469690
1.515219
1.681705
1.849547
1.653560
1.468600
1.673040
1.519920
1.762883
1.663833
1.239458
1.812922
1.535422
1.839262
1.673508
1.315847
1.555250
1.735550
1.448852
1.619881
1.760805
1.481674
1.527773
1.765711
1.745010
1.859631
1.636569
1.638900
1.841374
1.717334
1.584565
1.612055
1.504485
1.332409
1.133633
1.735978
1.651037
1.511847
1.774353
1.860527
1.752767
1.443840
1.598505
1.425807
1.775162
1.826111
1.300064
1.827721
1.473720
1.838546
1.633670
1.383260
1.613584
1.763138
1.633449
1.576345
1.875913
1.556962
1.415657
1.781570
1.570626
1.885727
1.684703
1.484310
1.999362
1.693007
1.587480
1.540851
1.483506
1.432033
1.140429
1.724327
1.873424
1.510908
1.844444
1.853876
1.749162
1.607488
1.600481
1.502376
1.834514
1.804792
1.326539
1.839676
1.492992
1.833740
1.513794
1.514801
1.576173
1.696287
1.826949
1.449914
1.962721
1.601737
1.335972
1.614286
1.461639
1.796644
1.702217
1.549321
1.966123
1.777653
1.662978
1.523797
1.684757
1.498793
1.159074
1.670221
1.947904
1.561549
1.867653
1.796925
1.748505
1.674174
1.619251
1.579430
1.824919
1.707679
1.349889
1.815507
1.533173
1.816186
1.381530
1.702575
1.492282
1.687158
1.847704
1.544616
1.984299
1.555887
1.311026
1.517413
1.551961
1.561854
1.771358
1.575668
1.857187
1.742472
1.721639
1.513725
1.909458
1.520017
1.130830
1.674832
1.906107
1.722675
1.938618
1.779230
1.696444
1.664079
1.595122
1.637238
1.816899
1.623947
1.511811
1.857052
1.515289
1.752660
1.462076
1.686701
1.440037
1.679724
1.776475
1.763227
1.908024
1.443322
1.339978
1.600390
1.661693
1.356167
1.880500
1.433239
1.830903
1.769531
1.801356
1.550719
1.867766
1.529654
1.133756
1.753054
1.861941
1.762895
2.009790
1.755611
1.703482
1.774339
1.675582
1.595728
1.711456
1.568857
1.704282
1.908379
1.575042
1.665088
1.692366
1.625963
1.464597
1.741442
1.665569
1.790766
1.857644
1.456367
1.317343
1.669828
1.655320
1.353995
1.951246
1.440349
1.819017
1.772383
1.778367
1.740574
1.721748
1.521482
1.224041
1.796117
1.746703
1.704551
2.050291
1.688115
1.766296
1.826300
1.679844
1.548284
1.549340
1.482414
1.680202
1.868501
1.669532
1.598598
1.812592
1.628137
1.507343
1.782590
1.713768
1.615792
1.828065
1.572551
1.269366
1.691549
1.588711
1.447876
1.960219
1.640994
1.779638
1.636166
1.846989
1.716335
1.743635
1.537238
1.311302
1.748058
1.578478
1.699013
1.948124
1.639250
1.816492
1.746054
1.522213
1.581181
1.571992
1.451261
1.623814
1.857259
1.736676
1.553114
1.664388
1.698433
1.501177
1.839287
1.835939
1.567386
1.827754
1.743322
1.373736
1.632815
1.573365
1.480468
1.915613
1.678983
1.792846
1.550546
1.934714
1.445204
1.752270
1.552815
1.387316
1.806087
1.560817
1.702104
1.908504
1.557918
1.740152
1.641327
1.397832
1.585223
1.695549
1.452854
1.600725
1.824421
1.760953
1.444776
1.607375
1.707687
1.338743
1.720958
1.795018
1.648581
1.668145
1.778028
1.461216
1.704357
1.590435
1.446205
1.876119
1.539260
1.629659
1.579934
1.849601
1.256515
1.782312
1.594315
1.420155
1.861894
1.549674
1.695097
1.824070
1.534290
1.636074
1.670128
1.388816
1.528736
1.664771
1.419216
1.615154
1.815838
1.706327
1.321712
1.639196
1.680658
1.223983
1.653460
1.722402
1.548656
1.514958
1.697099
1.479317
1.701599
1.596032
1.445989
1.725096
1.542324
1.398172
1.695598
1.580096
1.326193
1.849321
1.576973
1.390312
1.729782
1.575234
1.606283
1.662004
1.553128
1.695832
1.724834
1.363984
1.465856
1.658844
1.355855
1.651866
1.903053
1.545843
1.304647
1.619278
1.717283
1.079516
1.694842
1.683916
1.536003
1.438665
1.580073
1.455958
1.709579
1.643288
1.404295
1.671883
1.613369
1.178313
1.665541
1.488089
1.452157
1.878795
1.625812
1.315664
1.727774
1.567881
1.587682
1.465029
1.550328
1.755181
1.734775
1.347924
1.398449
1.628538
1.322465
1.658893
1.853673
1.559273
1.295651
1.620312
1.686918
1.020234
1.726840
1.622112
1.634375
1.398857
1.583220
1.577113
1.743047
1.634614
1.332771
1.767203
1.601393
1.117258
1.636200
1.570121
1.431069
1.761848
1.630122
1.350968
1.820065
1.558251
1.641980
1.485898
1.426827
1.676428
1.849743
1.368421
1.350948
1.553113
1.367232
1.618071
1.607388
1.678721
1.327207
1.674840
1.641475
1.232561
1.672683
1.570865
1.609659
1.273662
1.606112
1.639246
1.775635
1.652751
1.338686
1.810043
1.538184
1.134645
1.691538
1.585753
1.361618
1.654928
1.481952
1.423952
1.820194
1.622577
1.555558
1.546967
1.407959
1.573286
1.879456
1.416155
1.299531
1.443480
1.422781
1.522077
1.356739
1.678564
1.304985
1.626304
1.635827
1.485058
1.731202
1.519611
1.429273
1.267177
1.627524
1.466285
1.716121
1.675633
1.479077
1.705847
1.587914
1.079509
1.650880
1.426853
1.331423
1.505373
1.402328
1.442451
1.788348
1.646104
1.478926
1.582382
1.504329
1.494366
1.756777
1.475691
1.244570
1.595581
1.538146
1.441236
1.394655
1.576095
1.292782
1.615168
1.596454
1.511725
1.806586
1.482502
1.292664
1.431777
1.602359
1.309317
1.658672
1.684839
1.583832
1.620690
1.635085
0.993979
1.610644
1.413388
1.218472
1.407124
1.451741
1.325203
1.758738
1.561955
1.499032
1.546791
1.489644
1.409655
1.647871
1.525884
1.125361
1.716550
1.579772
1.412026
1.462796
1.523174
1.305477
1.557873
1.472555
1.377036
1.815592
1.364631
1.221144
1.563502
1.507571
1.374738
1.563888
1.703066
1.426465
1.560352
1.602693
1.019875
1.627838
1.473793
1.110451
1.367431
1.535036
1.380568
1.694987
1.551199
1.510320
1.553755
1.381746
1.213406
1.575738
1.620059
0.982592
1.623660
1.553836
1.352862
1.391800
1.527826
1.315051
1.522213
1.359394
1.372129
1.825204
1.384286
1.245126
1.645042
1.473271
1.548255
1.499577
1.688528
1.171259
1.554128
1.569956
1.037601
1.591924
1.344513
1.158455
1.400892
1.563681
1.521051
1.659671
1.415255
1.455427
1.567827
1.374954
1.068094
1.502897
1.580660
0.915896
1.530351
1.596086
1.303004
1.316792
1.407370
1.233280
1.541149
1.330874
1.442295
1.838033
1.519297
1.337788
1.714626
1.497911
1.530778
1.465477
1.506036
1.109877
1.502373
1.546707
0.935223
1.565684
1.200931
1.275285
1.448816
1.585826
1.620319
1.642436
1.256886
1.389302
1.610119
1.338300
1.031195
1.398635
1.498334
0.966422
1.611858
1.744700
1.302090
1.442551
1.217897
1.229051
1.615878
1.335031
1.392000
1.733376
1.496735
1.391744
1.787594
1.582118
1.439917
1.512442
1.257582
1.131573
1.358401
1.574130
0.851428
1.505056
1.212172
1.321516
1.527269
1.646174
1.466178
1.554934
1.156013
1.383914
1.610818
1.347661
0.959996
1.335308
1.427815
1.007525
1.719281
1.703453
1.246967
1.429241
1.158156
1.237761
1.696975
1.336729
1.282446
1.638178
1.355638
1.278694
1.780519
1.565935
1.391199
1.433202
1.166414
1.141407
1.284346
1.599790
0.948791
1.495702
1.273651
1.248018
1.576404
1.556931
1.384132
1.428960
1.217664
1.289384
1.591509
1.342651
0.933825
1.283228
1.465457
0.974891
1.651976
1.659957
1.170338
1.343396
1.139937
1.239010
1.599598
1.256195
1.349062
1.631341
1.253384
1.165934
1.803481
1.522579
1.352785
1.392343
1.185737
1.095785
1.377025
1.542382
1.178570
1.465286
1.246091
1.211216
1.461835
1.434835
1.457005
1.379224
1.297528
1.199409
1.583017
1.412295
0.984944
1.177065
1.457473
0.943873
1.574046
1.639343
1.092044
1.348498
1.094660
1.199987
1.453792
1.127329
1.434067
1.590337
1.212071
1.087301
1.813694
1.562129
1.325195
1.417276
1.163423
1.217698
1.387620
1.377684
1.295794
1.468184
1.208608
1.262805
1.383620
1.562419
1.498615
1.299390
1.318536
1.231895
1.566544
1.420958
0.989400
1.236655
1.454099
1.002592
1.585739
1.554727
1.100762
1.449088
1.163658
1.238923
1.377415
0.991412
1.463234
1.393810
1.179097
1.013899
1.753310
1.469366
1.297464
1.428597
1.188729
1.375703
1.375074
1.204070
1.332920
1.543504
1.205701
1.276924
1.408933
1.612118
1.416107
1.185947
1.200691
1.289132
1.527763
1.310882
0.930971
1.396746
1.464948
1.156975
1.576725
1.343097
1.100056
1.441360
1.221392
1.274317
1.433101
1.083815
1.383611
1.232763
1.079472
1.001221
1.591262
1.208658
1.247541
1.387970
1.197041
1.396868
1.371657
1.121346
1.411042
1.568530
1.230333
1.272347
1.488628
1.403101
1.288063
1.127785
1.100953
1.076099
1.456011
1.236964
0.957549
1.421781
1.519079
1.233381
1.594554
1.241654
1.155467
1.467933
1.224068
1.281387
1.493245
1.205172
1.277232
1.233154
1.019565
0.985927
1.516697
1.062239
1.170093
1.389882
1.179190
1.364225
1.495633
1.083928
1.560024
1.502242
1.297641
1.346940
1.418149
1.251611
1.241544
1.155363
1.033794
0.809364
1.398481
1.264552
1.053420
1.395953
1.459451
1.331533
1.661893
1.274291
1.199367
1.537422
1.266360
1.315093
1.541896
1.223395
1.142580
1.310576
0.934567
0.983344
1.542065
1.204410
1.166214
1.380941
1.155680
1.375770
1.510116
1.067662
1.567845
1.507924
1.362250
1.382526
1.308161
1.298056
1.188804
1.343081
1.053220
0.750379
1.511313
1.207281
1.098352
1.455880
1.522111
1.372437
1.637651
1.328015
1.257764
1.553446
1.255317
1.379779
1.524233
1.229491
1.135497
1.230462
0.977735
0.963540
1.474603
1.281415
1.086297
1.378266
1.150049
1.385155
1.417556
1.053170
1.480738
1.549945
1.391261
1.301566
1.370135
1.417386
1.106726
1.456578
1.024064
0.826823
1.593518
1.156585
1.051485
1.626590
1.614949
1.371173
1.568455
1.348470
1.314074
1.457938
1.277161
1.326226
1.528084
1.350499
1.168604
1.123197
1.061657
1.072135
1.324491
1.192204
0.950140
1.302540
1.161100
1.277155
1.432868
1.144102
1.467706
1.566025
1.429241
1.247697
1.383715
1.385515
0.990761
1.512283
1.089872
0.802727
1.494091
1.143167
1.011164
1.645298
1.693392
1.306423
1.498951
1.315483
1.354995
1.439416
1.307169
1.185760
1.626296
1.362115
1.202836
1.129217
1.133764
1.224139
1.242121
0.994996
0.888561
1.288364
1.236033
1.153063
1.544053
1.227490
1.489121
1.471892
1.427565
1.291927
1.379878
1.316275
0.963254
1.547528
1.181124
0.714692
1.391865
1.149158
0.995559
1.607170
1.687653
1.271694
1.457231
1.146236
1.271340
1.467943
1.369435
1.149324
1.661230
1.436985
1.244374
1.193722
1.199693
1.266060
1.260547
1.040704
0.980192
1.405301
1.237814
1.084306
1.555339
1.240340
1.411849
1.397739
1.327337
1.224865
1.460633
1.369863
0.916453
1.503048
1.256832
0.784061
1.393775
1.166541
1.006737
1.680237
1.541169
1.393589
1.417142
0.987288
1.205251
1.451378
1.300966
1.195950
1.580549
1.577312
1.218464
1.261671
1.321224
1.292249
1.232732
1.236280
1.045260
1.553630
1.300321
0.911134
1.547527
1.205428
1.259287
1.427872
1.234972
1.167834
1.470110
1.453387
0.910963
1.480901
1.274029
0.958319
1.356253
1.211475
1.100686
1.619281
1.332035
1.568185
1.341523
0.973238
1.236360
1.441758
1.256712
1.280035
1.561665
1.745179
1.140555
1.311768
1.453741
1.351267
1.193005
1.325039
1.073912
1.588834
1.315420
0.810688
1.571217
1.229706
1.191057
1.594118
1.289669
1.143970
1.424512
1.369895
0.968910
1.523127
1.303493
1.028198
1.242761
1.225305
1.232969
1.487519
1.240082
1.603318
1.270291
1.079687
1.268994
1.401919
1.333073
1.290566
1.520079
1.743099
1.163214
1.375183
1.522099
1.307758
1.248960
1.284241
1.071562
1.553776
1.374974
0.842442
1.544728
1.228718
1.202928
1.609385
1.444961
1.234334
1.416458
1.335123
1.039262
1.598174
1.406557
1.068162
1.278885
1.240322
1.317728
1.431211
1.189765
1.572967
1.237041
1.151529
1.175400
1.290578
1.406519
1.195459
1.424942
1.631746
1.327560
1.400412
1.545727
1.155035
1.381718
1.375076
1.107053
1.553647
1.349367
0.935498
1.533877
1.267721
1.165967
1.506689
1.471657
1.245107
1.437160
1.363809
1.011761
1.609663
1.487627
1.096764
1.419428
1.246886
1.347483
1.471346
1.195044
1.477022
1.298166
1.296832
1.074396
1.313495
1.459774
1.152209
1.314122
1.545859
1.339609
1.327489
1.553463
1.010522
1.455677
1.514044
1.154039
1.554207
1.338908
0.992886
1.535061
1.244333
1.151147
1.360748
1.442571
1.256469
1.499063
1.426078
0.960239
1.598798
1.458414
1.266517
1.376504
1.384863
1.397634
1.448117
1.166647
1.352862
1.434613
1.455869
1.083366
1.473158
1.538770
1.173568
1.244411
1.533022
1.232445
1.368734
1.491357
1.005672
1.316036
1.498988
1.231549
1.601296
1.410711
1.068643
1.459006
1.284434
1.177343
1.292866
1.493613
1.259822
1.614621
1.466100
1.098712
1.560194
1.471872
1.356342
1.305091
1.553418
1.432354
1.502680
1.100605
1.313804
1.604035
1.412054
1.096661
1.488102
1.606698
1.168336
1.306313
1.496896
1.281113
1.467163
1.389660
1.036200
1.213919
1.421753
1.333433
1.569837
1.472025
1.313893
1.394992
1.356771
1.227482
1.321056
1.472239
1.235707
1.729172
1.394880
1.220901
1.596955
1.574862
1.406411
1.362194
1.585643
1.487756
1.468668
1.087684
1.360146
1.683660
1.274159
0.992312
1.370272
1.490097
1.171797
1.334484
1.419559
1.403550
1.565951
1.406725
1.004280
1.300073
1.458926
1.316748
1.539449
1.439294
1.415607
1.378573
1.404689
1.158046
1.364695
1.406654
1.149841
1.755390
1.281321
1.178534
1.514921
1.608140
1.451938
1.403634
1.549686
1.571506
1.404426
1.132206
1.372709
1.598398
1.283511
0.846030
1.405812
1.444364
1.265909
1.318788
1.409017
1.337782
1.678702
1.409478
0.978724
1.454779
1.526742
1.298728
1.520271
1.402627
1.329035
1.363943
1.431764
1.082393
1.363343
1.456245
1.131132
1.672164
1.086353
1.147744
1.408312
1.601103
1.490987
1.421181
1.489853
1.532552
1.375917
1.165701
1.289282
1.506098
1.261454
0.825045
1.518836
1.502416
1.399218
1.279145
1.423304
1.305612
1.749800
1.506804
0.990302
1.479867
1.548211
1.335845
1.631241
1.413948
1.335805
1.373521
1.507580
1.023215
1.422690
1.588368
1.246927
1.625945
0.950487
1.338544
1.279802
1.667788
1.506011
1.523059
1.438294
1.419713
1.465532
1.203724
1.183211
1.525932
1.382290
0.900836
1.564900
1.536175
1.443620
1.337850
1.388107
1.434429
1.772831
1.585123
1.127016
1.509034
1.542596
1.366326
1.711951
1.511601
1.485433
1.337569
1.585162
1.025747
1.585094
1.549644
1.369176
1.625737
0.934506
1.600500
1.401107
1.729439
1.526843
1.601908
1.522216
1.290600
1.538286
1.300011
1.164535
1.533090
1.559260
1.078507
1.573970
1.479145
1.479062
1.441373
1.321975
1.469243
1.730593
1.624545
1.287255
1.698230
1.519163
1.175716
1.653238
1.670922
1.562209
1.297326
1.452868
1.084277
1.651508
1.504647
1.432683
1.643426
1.052313
1.671592
1.493096
1.692451
1.514097
1.582917
1.655042
1.270649
1.647398
1.416414
1.152701
1.649560
1.605590
1.263655
1.654376
1.534254
1.479766
1.482753
1.186344
1.422259
1.703260
1.583348
1.395700
1.843218
1.471150
1.142969
1.525535
1.751352
1.486887
1.381268
1.423557
1.200461
1.741594
1.634968
1.410118
1.715357
1.171119
1.567784
1.538469
1.683494
1.482146
1.564687
1.682835
1.282486
1.701508
1.509796
1.128679
1.709018
1.504165
1.285858
1.669181
1.483730
1.488407
1.610792
1.089904
1.245380
1.678051
1.528699
1.458829
1.899353
1.441770
1.292408
1.492024
1.711120
1.453643
1.603164
1.476611
1.269400
1.746300
1.646092
1.443522
1.915989
1.211011
1.608774
1.478245
1.766665
1.574372
1.674085
1.662133
1.223284
1.763296
1.531981
1.119305
1.594560
1.545720
1.338487
1.649423
1.476573
1.466533
1.626487
1.066681
1.130357
1.650243
1.446584
1.524174
1.880697
1.482242
1.414879
1.447118
1.627998
1.592260
1.662101
1.503696
1.326767
1.802149
1.515147
1.527726
1.904831
1.272446
1.729391
1.523917
1.783008
1.707109
1.672988
1.646912
1.248784
1.754262
1.498447
1.154235
1.463931
1.642933
1.469074
1.682906
1.579314
1.482588
1.615508
1.137355
1.160020
1.760082
1.417436
1.563527
1.886487
1.559825
1.436247
1.450049
1.638166
1.622399
1.592893
1.450832
1.357988
1.718305
1.469886
1.587796
1.825352
1.400432
1.641315
1.592412
1.671225
1.834020
1.639066
1.655498
1.285784
1.686860
1.552625
1.159332
1.515228
1.610223
1.573476
1.753439
1.607052
1.445273
1.622144
1.263265
1.176195
1.793731
1.482085
1.637790
1.868682
1.497183
1.425809
1.612054
1.628829
1.643773
1.535212
1.526182
1.446720
1.668240
1.484001
1.540889
1.796877
1.530935
1.535176
1.486600
1.645715
1.771612
1.688010
1.699917
1.335261
1.713909
1.583736
1.214800
1.633609
1.509001
1.604702
1.870818
1.528612
1.329171
1.718972
1.252049
1.177575
1.755829
1.433049
1.748149
1.755793
1.450285
1.494621
1.623075
1.525535
1.661863
1.696012
1.667556
1.426625
1.657346
1.408558
1.413924
1.744517
1.576626
1.412576
1.451569
1.707120
1.601727
1.751973
1.719779
1.285683
1.672415
1.567774
1.302717
1.637427
1.524964
1.590189
1.944479
1.609871
1.352663
1.802000
1.178009
1.170550
1.776953
1.382749
1.849370
1.649064
1.445288
1.568186
1.512976
1.412437
1.705462
1.817254
1.741327
1.382691
1.670369
1.381602
1.423602
1.684354
1.634688
1.246904
1.597175
1.692708
1.525621
1.644882
1.756120
1.195949
1.558889
1.597707
1.340354
1.603677
1.674105
1.637983
1.905232
1.783447
1.530515
1.941186
1.331404
1.261180
1.751471
1.459615
1.844073
1.801557
1.446236
1.568628
1.501612
1.411665
1.748901
1.834026
1.719037
1.462991
1.697272
1.507691
1.521108
1.683956
1.641018
1.086495
1.715198
1.561972
1.597597
1.622834
1.702540
1.286047
1.612935
1.643672
1.344334
1.597979
1.730451
1.626832
1.765886
1.784588
1.514745
1.945538
1.578710
1.491779
1.691447
1.626462
1.808288
1.845863
1.317419
1.542285
1.585173
1.442266
1.814499
1.907044
1.752771
1.591571
1.770531
1.615799
1.514739
1.687821
1.661030
0.933843
1.729849
1.507422
1.598278
1.660781
1.701735
1.559809
1.755314
1.618852
1.445722
1.570146
1.635743
1.635239
1.695151
1.680219
1.491209
1.877739
1.813323
1.595300
1.729877
1.723487
1.697507
1.723402
1.321996
1.609917
1.611975
1.437521
1.788014
2.004731
1.761549
1.633777
1.784225
1.514819
1.447019
1.683231
1.647825
0.845423
1.740377
1.511055
1.514200
1.716885
1.772711
1.668660
1.774196
1.534849
1.546301
1.570236
1.532140
1.643753
1.692988
1.664390
1.636519
1.714415
1.748620
1.508082
1.801115
1.671788
1.552690
1.530881
1.453018
1.617168
1.611130
1.434619
1.675298
1.993474
1.660577
1.591306
1.756724
1.489720
1.426076
1.637249
1.664796
0.830143
1.787238
1.496334
1.428268
1.748729
1.780621
1.669542
1.693101
1.507607
1.630055
1.585177
1.475849
1.669358
1.612709
1.750087
1.711273
1.694435
1.675284
1.547834
1.769361
1.632105
1.446350
1.525459
1.638190
1.671835
1.727251
1.480628
1.551234
1.958552
1.580565
1.564681
1.699342
1.555085
1.456594
1.554758
1.717728
1.001556
1.782668
1.542684
1.407578
1.793021
1.615710
1.642943
1.695731
1.602737
1.679326
1.708499
1.397827
1.634989
1.533091
1.604732
1.626176
1.627661
1.693444
1.686957
1.659211
1.656886
1.395478
1.531852
1.781599
1.617858
1.824635
1.454621
1.449495
1.812400
1.551835
1.576926
1.648273
1.568768
1.506974
1.529842
1.865305
1.255474
1.817142
1.612704
1.365727
1.768367
1.446963
1.637153
1.744125
1.640314
1.740322
1.807766
1.386223
1.608030
1.589974
1.498822
1.532899
1.617245
1.701764
1.676903
1.645563
1.769104
1.421925
1.521939
1.788964
1.575783
1.792156
1.471884
1.316643
1.676583
1.528656
1.656412
1.688509
1.626470
1.565198
1.535894
1.833417
1.401765
1.906764
1.572624
1.291125
1.670431
1.355780
1.591754
1.706773
1.598086
1.741166
1.800882
1.362201
1.597449
1.604726
1.482573
1.520903
1.614563
1.627435
1.527032
1.622206
1.824246
1.352182
1.556341
1.718450
1.520564
1.781708
1.558360
1.170163
1.640458
1.481956
1.804134
1.694201
1.629777
1.589920
