# G_1, p = 0.1000 GPa (dir_1000.0_bar).
# D8R-only: 96 rings x 101 frames = 9696 samples.
# Column: per-D8R Delta [A]
0.007043
0.013723
0.007043
0.013694
0.013708
0.007043
0.013708
0.007028
0.013708
0.007043
0.013723
0.007028
0.006680
0.007043
0.006680
0.006680
0.013708
0.006680
0.007043
0.006680
0.006680
0.013708
0.007043
0.006680
0.013723
0.006680
0.006680
0.007043
0.006680
0.013708
0.007043
0.013723
0.007043
0.013708
0.013708
0.007043
0.013708
0.007043
0.013708
0.007043
0.013723
0.007028
0.006680
0.006680
0.007043
0.006680
0.013708
0.006680
0.007043
0.006680
0.006680
0.013708
0.007043
0.006680
0.013708
0.006680
0.006680
0.007043
0.006680
0.013694
0.013708
0.007043
0.013708
0.007043
0.006680
0.006680
0.013694
0.007043
0.013708
0.007043
0.006680
0.006680
0.013723
0.007043
0.013708
0.007043
0.006680
0.006680
0.013723
0.007043
0.013708
0.007043
0.006680
0.006680
0.013694
0.007043
0.013708
0.007043
0.006680
0.006680
0.013694
0.007043
0.013708
0.007028
0.006680
0.006680
0.189386
0.033674
0.122239
0.109623
0.014813
0.080739
0.097168
0.069459
0.092621
0.094065
0.115275
0.169597
0.144897
0.091098
0.078055
0.127177
0.163798
0.068591
0.185505
0.085550
0.036209
0.097572
0.091383
0.060537
0.106949
0.126778
0.082379
0.129804
0.101662
0.096723
0.173791
0.048221
0.089030
0.188487
0.235307
0.042018
0.103109
0.142221
0.077567
0.083467
0.071798
0.073883
0.098098
0.111090
0.121868
0.068177
0.173179
0.154214
0.041423
0.055492
0.080155
0.063385
0.180771
0.181161
0.034640
0.122404
0.000672
0.048442
0.083107
0.104037
0.053157
0.192292
0.122609
0.027256
0.057059
0.111225
0.129740
0.072469
0.067462
0.106505
0.057762
0.136578
0.047606
0.159210
0.151214
0.037332
0.138657
0.082832
0.109162
0.175317
0.194166
0.155976
0.118804
0.133859
0.092397
0.084800
0.061486
0.116765
0.029448
0.041578
0.238048
0.091690
0.115229
0.118864
0.014772
0.059681
0.286323
0.163162
0.164479
0.157787
0.086144
0.133909
0.152811
0.153199
0.118399
0.062214
0.213524
0.406965
0.143879
0.109844
0.085281
0.182063
0.245883
0.174402
0.237532
0.134412
0.034834
0.164386
0.119385
0.025171
0.272070
0.207953
0.173233
0.166223
0.043544
0.133760
0.188286
0.068057
0.098718
0.303388
0.386133
0.120802
0.183587
0.150690
0.105438
0.103516
0.147283
0.205511
0.227252
0.140223
0.159946
0.022730
0.277674
0.207783
0.073965
0.062355
0.150678
0.168569
0.234507
0.183300
0.082966
0.280488
0.058950
0.040519
0.266121
0.193326
0.077330
0.488946
0.212074
0.119128
0.093469
0.155318
0.216108
0.158858
0.140901
0.078929
0.155790
0.184455
0.030724
0.158389
0.300915
0.094877
0.127908
0.128006
0.050959
0.110530
0.310040
0.248265
0.203140
0.148553
0.079926
0.115104
0.089760
0.178312
0.127558
0.101644
0.376834
0.149027
0.173110
0.235474
0.083734
0.103382
0.278077
0.357501
0.201615
0.127247
0.154460
0.155040
0.215571
0.261357
0.108711
0.036407
0.343706
0.596255
0.078001
0.150753
0.089660
0.179078
0.289642
0.229059
0.231798
0.124978
0.075516
0.206353
0.106705
0.089627
0.347211
0.244118
0.215803
0.257245
0.080881
0.109506
0.137593
0.114147
0.081329
0.387570
0.345888
0.298134
0.327798
0.141570
0.184092
0.251721
0.221411
0.237672
0.355400
0.177654
0.276585
0.063329
0.353848
0.146087
0.149724
0.040798
0.139602
0.202626
0.223191
0.164831
0.124263
0.446232
0.100911
0.124634
0.318392
0.235309
0.081113
0.705787
0.237838
0.141431
0.104304
0.146178
0.192170
0.178504
0.237195
0.107180
0.293055
0.239386
0.153192
0.038474
0.328539
0.112709
0.142334
0.060074
0.054438
0.052049
0.294496
0.285909
0.290911
0.123364
0.165164
0.070481
0.156092
0.154161
0.285183
0.184463
0.305537
0.173016
0.179378
0.235867
0.151283
0.169106
0.332196
0.498074
0.328791
0.229082
0.204524
0.044880
0.254734
0.373900
0.104859
0.095009
0.465131
0.694328
0.161177
0.170800
0.134669
0.225117
0.305833
0.224833
0.360943
0.190863
0.037297
0.309873
0.142263
0.145816
0.303359
0.232780
0.124424
0.206513
0.204193
0.184373
0.248999
0.225334
0.102687
0.435395
0.273778
0.388492
0.482236
0.179555
0.080423
0.230978
0.220835
0.122068
0.449723
0.158108
0.283676
0.073882
0.524611
0.087752
0.233229
0.095682
0.130354
0.252088
0.311138
0.182270
0.117240
0.463003
0.050971
0.194418
0.268603
0.226989
0.060329
0.683045
0.241309
0.166776
0.041828
0.225740
0.168124
0.129595
0.346997
0.150857
0.291498
0.212880
0.149082
0.144401
0.267175
0.124655
0.243195
0.016773
0.047770
0.160439
0.284305
0.294797
0.382503
0.227449
0.177176
0.175762
0.212186
0.106017
0.271954
0.247126
0.288611
0.187207
0.198977
0.130875
0.125746
0.085743
0.389050
0.428562
0.442083
0.165555
0.132750
0.016416
0.179356
0.414598
0.201970
0.038941
0.450168
0.621938
0.226077
0.203839
0.090412
0.312417
0.222306
0.313696
0.526516
0.238977
0.196537
0.331413
0.117294
0.126193
0.231999
0.157621
0.094973
0.227837
0.353237
0.197437
0.273827
0.267227
0.127150
0.448178
0.387812
0.299602
0.512309
0.091088
0.059805
0.155817
0.190755
0.038703
0.432817
0.132674
0.246929
0.108171
0.577061
0.128839
0.201483
0.074737
0.168744
0.407385
0.234301
0.267767
0.159429
0.380167
0.040797
0.365285
0.211927
0.212627
0.100816
0.511581
0.247559
0.247448
0.103976
0.147343
0.146459
0.084273
0.316592
0.139156
0.216060
0.140068
0.065580
0.321874
0.253983
0.144932
0.264264
0.090199
0.142721
0.228525
0.301126
0.263004
0.421793
0.197378
0.068951
0.303196
0.327710
0.093730
0.270226
0.341176
0.395757
0.214486
0.186913
0.112782
0.186330
0.179722
0.378719
0.311368
0.378936
0.074190
0.078685
0.086934
0.120753
0.285887
0.257573
0.127071
0.457576
0.479731
0.256659
0.206381
0.054020
0.314483
0.097722
0.409089
0.516722
0.324667
0.153610
0.278305
0.137371
0.194121
0.312615
0.047912
0.140667
0.323066
0.487907
0.143664
0.211269
0.196705
0.106883
0.285531
0.422264
0.186334
0.397152
0.077707
0.227804
0.173723
0.207932
0.024730
0.258318
0.145592
0.135347
0.234067
0.587737
0.091362
0.163437
0.196058
0.170369
0.514247
0.251220
0.213429
0.187181
0.294524
0.130091
0.422730
0.228873
0.259281
0.122387
0.420323
0.206686
0.229452
0.202928
0.093047
0.102283
0.088412
0.192700
0.114808
0.151450
0.073471
0.213853
0.304040
0.315863
0.246821
0.173247
0.105371
0.131611
0.120545
0.319078
0.288367
0.324752
0.105084
0.058760
0.334140
0.364198
0.129038
0.386858
0.437235
0.473554
0.211633
0.169449
0.120862
0.211112
0.277766
0.306248
0.337704
0.271522
0.036848
0.086404
0.179458
0.182045
0.155005
0.251633
0.206029
0.498736
0.370735
0.297566
0.201879
0.050859
0.216470
0.200378
0.391405
0.486491
0.282500
0.037554
0.352131
0.192374
0.292360
0.287249
0.108304
0.275048
0.294277
0.440060
0.022577
0.253095
0.142038
0.132680
0.074496
0.391713
0.179252
0.274279
0.064263
0.363837
0.239151
0.346832
0.108307
0.108034
0.131653
0.027734
0.230488
0.618428
0.044505
0.220206
0.247085
0.121521
0.471898
0.290706
0.176022
0.264711
0.144113
0.127953
0.342297
0.237654
0.228614
0.089602
0.467248
0.132326
0.330522
0.224604
0.090618
0.039431
0.056380
0.165366
0.162369
0.041654
0.038559
0.277219
0.028024
0.339738
0.319244
0.197698
0.108092
0.065019
0.119343
0.294865
0.368118
0.209204
0.137182
0.123092
0.201431
0.373386
0.216587
0.427582
0.426684
0.403834
0.089094
0.108807
0.047753
0.153682
0.312290
0.295263
0.408700
0.244973
0.127570
0.128789
0.206463
0.276833
0.212536
0.201498
0.180318
0.418290
0.384741
0.316677
0.217037
0.088804
0.123097
0.215400
0.282335
0.506320
0.128851
0.042760
0.320965
0.280246
0.239743
0.170319
0.093934
0.388365
0.197507
0.280576
0.172392
0.355616
0.079680
0.161138
0.135846
0.394327
0.116426
0.202531
0.160963
0.428373
0.240867
0.287460
0.173075
0.060004
0.043233
0.141800
0.243285
0.491057
0.130837
0.193763
0.240588
0.133464
0.395980
0.282702
0.273198
0.298462
0.116818
0.193498
0.217880
0.196804
0.160800
0.175102
0.462882
0.080142
0.426392
0.349597
0.137083
0.097880
0.068417
0.157779
0.178883
0.107353
0.102240
0.293450
0.181636
0.352650
0.274051
0.211290
0.093383
0.146178
0.195349
0.291094
0.402395
0.269999
0.218819
0.143780
0.098285
0.285143
0.241305
0.420949
0.230096
0.253201
0.112707
0.155141
0.162293
0.120224
0.323210
0.278513
0.535384
0.169048
0.166444
0.146137
0.158122
0.170769
0.243034
0.218552
0.230258
0.285962
0.369352
0.161592
0.296380
0.106074
0.131021
0.154703
0.193123
0.395434
0.133562
0.034346
0.182286
0.314204
0.097472
0.057737
0.092210
0.385160
0.240973
0.233027
0.260516
0.281871
0.140412
0.164314
0.153124
0.386263
0.053405
0.183698
0.210889
0.428206
0.120271
0.211339
0.139297
0.216528
0.158669
0.212519
0.206686
0.317661
0.138575
0.175088
0.208892
0.230032
0.334948
0.279589
0.279129
0.260544
0.119379
0.168656
0.168861
0.281593
0.158748
0.280170
0.290086
0.272052
0.460100
0.323620
0.239242
0.169391
0.125483
0.187596
0.146744
0.164409
0.121683
0.312561
0.223742
0.227680
0.196179
0.115720
0.079108
0.201704
0.233952
0.275941
0.310350
0.330312
0.294923
0.080566
0.108861
0.269947
0.210768
0.447061
0.119358
0.190926
0.258612
0.152966
0.183003
0.084173
0.335870
0.225904
0.428927
0.193934
0.171200
0.186237
0.094890
0.014880
0.254160
0.271159
0.273903
0.268479
0.253056
0.256636
0.380475
0.086713
0.077400
0.146153
0.204444
0.258505
0.115053
0.042235
0.117362
0.297481
0.124072
0.074397
0.147097
0.325182
0.411157
0.300249
0.163332
0.134015
0.189824
0.080270
0.090514
0.336995
0.189638
0.109235
0.276468
0.401648
0.043864
0.275157
0.077341
0.363380
0.381690
0.229878
0.161601
0.158004
0.126558
0.261091
0.193925
0.227367
0.304323
0.217206
0.080024
0.248992
0.275847
0.121034
0.140049
0.317458
0.189610
0.286293
0.057464
0.267336
0.397213
0.324682
0.226175
0.095133
0.110204
0.255812
0.109107
0.081494
0.146613
0.322136
0.299034
0.165533
0.150022
0.134186
0.053484
0.280024
0.317083
0.359859
0.209162
0.224678
0.326932
0.062604
0.175448
0.345953
0.191112
0.443552
0.141122
0.387785
0.302853
0.132292
0.151191
0.106926
0.375314
0.237918
0.220040
0.215332
0.204852
0.170120
0.046013
0.039446
0.206555
0.251346
0.234023
0.219465
0.140432
0.364926
0.244168
0.192439
0.123189
0.227498
0.114565
0.149982
0.193569
0.049566
0.235114
0.279287
0.220790
0.053478
0.240469
0.276879
0.369228
0.358202
0.076912
0.053431
0.213825
0.014345
0.139942
0.350051
0.326392
0.235216
0.336580
0.296487
0.021641
0.326570
0.127585
0.379451
0.335160
0.163382
0.065775
0.120509
0.221472
0.187843
0.143185
0.160012
0.191776
0.171135
0.064585
0.205136
0.396845
0.254808
0.097948
0.257002
0.136978
0.237394
0.144390
0.168491
0.282088
0.293460
0.215992
0.126955
0.153833
0.314162
0.057149
0.066745
0.091883
0.293388
0.382599
0.162522
0.127323
0.105334
0.103838
0.376363
0.357585
0.359855
0.227230
0.129848
0.283829
0.053302
0.265304
0.363139
0.221382
0.393469
0.158116
0.416811
0.344307
0.206622
0.148382
0.224318
0.345664
0.210457
0.146068
0.187481
0.165698
0.171276
0.205146
0.074573
0.242497
0.108524
0.232686
0.294125
0.148400
0.334161
0.295997
0.328917
0.122099
0.279806
0.048255
0.133972
0.183569
0.062214
0.334991
0.278625
0.205713
0.255779
0.325005
0.298468
0.280652
0.289758
0.121303
0.119945
0.227623
0.062966
0.145393
0.422933
0.326107
0.359895
0.305618
0.164030
0.063853
0.287471
0.144658
0.239616
0.268191
0.155440
0.125096
0.246938
0.278652
0.032241
0.157257
0.064487
0.064361
0.147726
0.100283
0.272054
0.409130
0.327380
0.154559
0.196451
0.069617
0.203085
0.186135
0.177955
0.247786
0.184281
0.222908
0.104322
0.217742
0.207314
0.047194
0.151399
0.045168
0.258756
0.315002
0.087067
0.110386
0.182662
0.281995
0.458020
0.355659
0.208783
0.218032
0.168367
0.189407
0.175597
0.270801
0.154011
0.345422
0.258685
0.039166
0.205953
0.326336
0.120249
0.171901
0.211453
0.273232
0.090294
0.081612
0.186688
0.101930
0.235949
0.329171
0.082693
0.209771
0.029602
0.306958
0.301812
0.197276
0.315497
0.351196
0.374040
0.037711
0.309788
0.088525
0.193217
0.209632
0.081135
0.494237
0.203687
0.085555
0.468450
0.386839
0.149595
0.214547
0.129595
0.150213
0.340569
0.247601
0.115858
0.151056
0.379517
0.241116
0.460141
0.122042
0.134768
0.156984
0.261555
0.137388
0.210777
0.261568
0.199818
0.046837
0.383091
0.266768
0.066854
0.275562
0.186957
0.182827
0.100932
0.126537
0.325672
0.232230
0.354865
0.255169
0.238122
0.101407
0.193600
0.164649
0.126221
0.310037
0.118339
0.213572
0.045594
0.175179
0.292210
0.197688
0.143199
0.167057
0.256593
0.153877
0.076025
0.134255
0.286968
0.309631
0.417673
0.341906
0.047650
0.094488
0.218136
0.094107
0.323994
0.332246
0.249405
0.531144
0.183694
0.063566
0.114085
0.271903
0.105941
0.166626
0.149288
0.248797
0.089772
0.093136
0.388255
0.152119
0.445085
0.327866
0.096351
0.234145
0.103581
0.356267
0.437467
0.120534
0.274718
0.314243
0.459559
0.088062
0.359395
0.116403
0.236774
0.284173
0.147482
0.646815
0.125790
0.154192
0.415865
0.377418
0.207613
0.095715
0.120688
0.060318
0.361477
0.267027
0.168391
0.201457
0.394449
0.268643
0.507710
0.144424
0.100261
0.181392
0.233290
0.231562
0.336933
0.336242
0.195208
0.098848
0.475209
0.205479
0.166726
0.271553
0.209288
0.338600
0.099385
0.144992
0.378100
0.174339
0.401912
0.296559
0.313096
0.148361
0.180425
0.144802
0.185733
0.315132
0.029932
0.201425
0.092632
0.276322
0.327177
0.152659
0.119267
0.320856
0.246482
0.110504
0.077066
0.057297
0.316161
0.278879
0.399661
0.284313
0.114032
0.176831
0.200556
0.102440
0.278594
0.341510
0.279726
0.591110
0.075563
0.065696
0.020639
0.210992
0.077854
0.225395
0.167006
0.237637
0.075341
0.166336
0.580719
0.244373
0.508442
0.263550
0.092241
0.155779
0.137473
0.240250
0.497229
0.263895
0.184341
0.230565
0.446570
0.065252
0.340617
0.062608
0.187105
0.228772
0.170857
0.648486
0.150645
0.155062
0.280277
0.404910
0.299643
0.104836
0.034114
0.006735
0.339854
0.242610
0.239170
0.254972
0.387574
0.366481
0.461380
0.283023
0.108007
0.112958
0.318245
0.412624
0.412405
0.210383
0.219856
0.168677
0.505065
0.204449
0.197620
0.306928
0.129326
0.351706
0.186492
0.196402
0.418163
0.230380
0.450480
0.326760
0.500720
0.171738
0.103972
0.182047
0.248536
0.286519
0.137702
0.205159
0.141683
0.417476
0.253573
0.101049
0.153069
0.400650
0.335234
0.140572
0.200899
0.117732
0.255567
0.321448
0.373382
0.204556
0.050766
0.217865
0.226964
0.212176
0.240659
0.196012
0.218728
0.545752
0.104690
0.089498
0.060969
0.240156
0.081282
0.254488
0.248148
0.270932
0.185461
0.228862
0.525083
0.261257
0.473732
0.269695
0.230463
0.176958
0.188093
0.235885
0.433583
0.271164
0.120166
0.246326
0.410643
0.035688
0.273608
0.081646
0.096650
0.255031
0.177449
0.532318
0.223607
0.159391
0.361379
0.373182
0.361422
0.244860
0.070856
0.026487
0.341402
0.212793
0.316575
0.337864
0.378439
0.367183
0.358406
0.312711
0.108285
0.191306
0.346216
0.385023
0.322285
0.259047
0.192682
0.283433
0.461226
0.275194
0.256784
0.291224
0.122235
0.412624
0.436788
0.279336
0.433444
0.205844
0.347630
0.347751
0.518652
0.122700
0.135039
0.259143
0.245182
0.222816
0.130760
0.290395
0.256544
0.432579
0.228029
0.045477
0.163567
0.473692
0.428612
0.073833
0.120899
0.100020
0.329246
0.418303
0.326122
0.218915
0.156522
0.151321
0.178229
0.232233
0.363903
0.041733
0.322483
0.598382
0.167547
0.168471
0.161406
0.271207
0.086472
0.268380
0.221425
0.324561
0.236686
0.281676
0.414935
0.201995
0.367506
0.286096
0.234189
0.120712
0.237552
0.362631
0.360260
0.203972
0.156707
0.265942
0.312764
0.196825
0.141145
0.111704
0.035235
0.212227
0.201404
0.360085
0.207134
0.137840
0.516774
0.255917
0.360776
0.225122
0.144981
0.066110
0.381147
0.178259
0.356547
0.429857
0.341777
0.243011
0.274584
0.180231
0.106473
0.169118
0.223436
0.168719
0.239255
0.238576
0.132432
0.343887
0.397315
0.348324
0.327097
0.197308
0.151189
0.500871
0.454245
0.181637
0.401507
0.150227
0.249439
0.268082
0.399840
0.145546
0.223459
0.189646
0.262589
0.224563
0.137905
0.280308
0.277047
0.362718
0.214154
0.087050
0.227188
0.513748
0.458247
0.080599
0.138167
0.056112
0.427051
0.501963
0.263612
0.230303
0.196062
0.191860
0.263209
0.211599
0.457561
0.078654
0.323493
0.637644
0.167985
0.134525
0.198916
0.225325
0.158181
0.232706
0.281901
0.308143
0.261300
0.310416
0.436538
0.155883
0.294792
0.421754
0.152530
0.116718
0.346018
0.459600
0.322344
0.195301
0.200892
0.231879
0.300897
0.305169
0.058436
0.169579
0.048162
0.143685
0.271059
0.253060
0.067967
0.268419
0.475985
0.110161
0.411905
0.136332
0.175614
0.112873
0.363497
0.038924
0.384256
0.416518
0.247283
0.194664
0.166043
0.151509
0.139535
0.091191
0.092556
0.162429
0.260016
0.246257
0.162407
0.323543
0.312716
0.350385
0.317268
0.052803
0.180807
0.381499
0.321476
0.185234
0.291962
0.112277
0.280087
0.165987
0.271972
0.139590
0.338267
0.130868
0.240524
0.241147
0.162683
0.159345
0.276394
0.344452
0.252453
0.043115
0.289198
0.425974
0.405276
0.130357
0.317528
0.025194
0.377212
0.488340
0.228168
0.118044
0.083483
0.139204
0.291516
0.145851
0.379934
0.137468
0.318135
0.455562
0.059735
0.049758
0.146864
0.141688
0.114641
0.190725
0.362936
0.351918
0.395450
0.295309
0.437025
0.124076
0.356807
0.375514
0.160642
0.181641
0.261034
0.352373
0.259867
0.079064
0.133972
0.186938
0.263848
0.315871
0.129146
0.157369
0.120566
0.194682
0.337610
0.106879
0.043378
0.412004
0.353571
0.233211
0.342432
0.201726
0.173348
0.224251
0.314053
0.118167
0.377026
0.299154
0.218897
0.208762
0.131445
0.133168
0.090360
0.086419
0.106824
0.074261
0.290138
0.318882
0.129521
0.283755
0.250575
0.294823
0.230855
0.035623
0.180710
0.133718
0.251555
0.178775
0.127167
0.180319
0.271296
0.221577
0.140638
0.183013
0.319800
0.199077
0.197284
0.245945
0.178748
0.033555
0.179341
0.441878
0.310533
0.126457
0.287340
0.316064
0.277680
0.156649
0.443980
0.023266
0.229426
0.389803
0.164563
0.091512
0.172111
0.069160
0.255980
0.060751
0.398592
0.083456
0.298522
0.096575
0.096236
0.170237
0.248155
0.103084
0.118903
0.119323
0.337979
0.403586
0.380303
0.348585
0.262800
0.076175
0.391991
0.248737
0.233453
0.259997
0.210577
0.277998
0.195825
0.082237
0.135873
0.201099
0.250488
0.326333
0.184628
0.213923
0.183208
0.191058
0.309388
0.064430
0.115672
0.411171
0.376880
0.241260
0.177099
0.295508
0.201426
0.328921
0.323613
0.148444
0.310298
0.211239
0.079223
0.257815
0.149713
0.162436
0.155431
0.110841
0.266598
0.059097
0.197482
0.199955
0.151736
0.398191
0.171257
0.173812
0.294915
0.030137
0.184987
0.058923
0.280178
0.181162
0.154159
0.125543
0.177096
0.322903
0.196333
0.161190
0.298429
0.180933
0.180908
0.081907
0.201961
0.141432
0.174691
0.458515
0.356719
0.322425
0.247704
0.236356
0.226785
0.206724
0.499798
0.090568
0.173759
0.239328
0.165341
0.183057
0.236282
0.069538
0.231273
0.140076
0.326342
0.091000
0.351863
0.087542
0.200169
0.221213
0.361623
0.125647
0.102016
0.114287
0.196130
0.239791
0.240943
0.319400
0.080875
0.074412
0.345083
0.079696
0.230796
0.452002
0.212533
0.330601
0.189393
0.212719
0.146646
0.244494
0.145502
0.280836
0.287165
0.245899
0.213633
0.197301
0.208393
0.187522
0.164351
0.269517
0.381253
0.241691
0.117075
0.363898
0.126535
0.392509
0.258333
0.246119
0.228333
0.199796
0.125437
0.235765
0.061175
0.221996
0.251735
0.205534
0.396990
0.119796
0.086045
0.196310
0.220073
0.545998
0.150493
0.190281
0.350570
0.071745
0.214836
0.102068
0.371015
0.218449
0.366864
0.086750
0.101109
0.293739
0.127874
0.113354
0.393085
0.185093
0.244432
0.111264
0.233504
0.251541
0.173304
0.342375
0.298174
0.341441
0.175162
0.157946
0.165699
0.147247
0.621631
0.206443
0.211985
0.102822
0.182661
0.168711
0.174109
0.106588
0.325567
0.238603
0.169259
0.134311
0.347899
0.054250
0.184106
0.284362
0.275347
0.164873
0.178037
0.225360
0.038414
0.022473
0.072267
0.266852
0.064775
0.130217
0.277096
0.042368
0.218822
0.464712
0.287438
0.300817
0.178250
0.271523
0.134408
0.261267
0.120727
0.208274
0.367717
0.266218
0.275442
0.182223
0.249141
0.221793
0.099276
0.154235
0.107513
0.296704
0.061443
0.304435
0.079066
0.409624
0.242153
0.340309
0.142302
0.105765
0.144234
0.221252
0.052935
0.182589
0.274955
0.389415
0.492765
0.149906
0.141452
0.227234
0.213467
0.415245
0.142137
0.200738
0.374505
0.021995
0.192158
0.195804
0.278464
0.288779
0.415072
0.090498
0.038927
0.126182
0.177812
0.113138
0.359803
0.198267
0.318718
0.142406
0.272924
0.228686
0.230519
0.194490
0.245340
0.316818
0.068605
0.024374
0.069772
0.070042
0.547458
0.264375
0.190803
0.052597
0.166476
0.166847
0.147793
0.226182
0.337385
0.231515
0.164272
0.220888
0.220037
0.136673
0.169095
0.339912
0.137654
0.202055
0.240945
0.134147
0.088262
0.145687
0.141700
0.195482
0.106333
0.120383
0.176097
0.065376
0.318906
0.457855
0.155770
0.144010
0.115632
0.233780
0.108459
0.188009
0.153713
0.196389
0.352596
0.272028
0.284472
0.188768
0.271175
0.170728
0.021184
0.161117
0.178210
0.238423
0.119967
0.274370
0.218297
0.380066
0.217173
0.366544
0.092844
0.138126
0.221440
0.245351
0.065266
0.148923
0.328520
0.362797
0.538258
0.058248
0.189670
0.230724
0.189303
0.097756
0.055699
0.182178
0.337025
0.156808
0.177923
0.345859
0.141181
0.294822
0.354893
0.085750
0.079675
0.052956
0.268394
0.239193
0.332191
0.293031
0.294304
0.089043
0.186410
0.162915
0.247918
0.091880
0.243209
0.289713
0.060440
0.123489
0.069734
0.273961
0.390531
0.251067
0.056602
0.046579
0.111260
0.181176
0.189808
0.239552
0.334286
0.165786
0.261368
0.255798
0.135579
0.243691
0.170297
0.273752
0.082324
0.227506
0.203807
0.037745
0.191604
0.213010
0.278489
0.272603
0.161103
0.203836
0.024165
0.087678
0.407166
0.367655
0.080135
0.116010
0.129966
0.212540
0.168876
0.146444
0.099467
0.258650
0.236356
0.236577
0.296110
0.128782
0.262921
0.099507
0.107278
0.165048
0.267524
0.142278
0.206163
0.317155
0.239021
0.296428
0.080765
0.263260
0.018245
0.078235
0.391369
0.191959
0.153433
0.251441
0.356092
0.280169
0.470133
0.078756
0.098132
0.174664
0.102386
0.086099
0.161166
0.244270
0.234669
0.320678
0.275504
0.211810
0.300122
0.197039
0.307845
0.130985
0.104298
0.159069
0.289141
0.318335
0.287033
0.461474
0.110674
0.085443
0.039278
0.238591
0.210166
0.094798
0.285593
0.329434
0.107181
0.164160
0.065450
0.242760
0.309841
0.221135
0.020471
0.031257
0.288019
0.100106
0.146295
0.127435
0.281214
0.205779
0.424191
0.271779
0.091311
0.296258
0.149086
0.103316
0.106546
0.174750
0.203118
0.108285
0.271774
0.249831
0.257860
0.246502
0.228395
0.299717
0.148690
0.179788
0.250992
0.306469
0.167379
0.088662
0.078895
0.229740
0.208909
0.183962
0.055827
0.346516
0.329005
0.229828
0.275249
0.084603
0.187292
0.060119
0.096538
0.158153
0.265294
0.163296
0.203971
0.231358
0.317728
0.190090
0.135385
0.206723
0.157035
0.095484
0.425062
0.200496
0.280508
0.203621
0.327220
0.265439
0.207248
0.176664
0.089128
0.183557
0.019431
0.110227
0.164884
0.330572
0.272960
0.372003
0.323304
0.159577
0.461852
0.117927
0.277757
0.210932
0.110794
0.239792
0.277595
0.344404
0.172958
0.668124
0.064458
0.125053
0.113110
0.262657
0.187457
0.309934
0.234379
0.436880
0.189471
0.152175
0.100253
0.219169
0.258473
0.196219
0.074253
0.043664
0.369454
0.071068
0.147007
0.112835
0.210808
0.297282
0.429973
0.277643
0.166390
0.257528
0.087462
0.052112
0.096003
0.083513
0.257479
0.124728
0.151633
0.243174
0.145861
0.212680
0.260340
0.311907
0.257305
0.232459
0.203036
0.306454
0.254845
0.089177
0.133891
0.271389
0.132939
0.216323
0.055409
0.363616
0.244373
0.302150
0.210014
0.085970
0.192502
0.072757
0.046814
0.148886
0.272149
0.131810
0.204966
0.317645
0.399993
0.215028
0.241242
0.182341
0.304396
0.156806
0.344674
0.150056
0.234099
0.041150
0.325462
0.331024
0.026761
0.169770
0.222399
0.117244
0.031796
0.216532
0.070612
0.233066
0.230928
0.384703
0.287582
0.246671
0.393662
0.087171
0.143299
0.243242
0.157537
0.193413
0.275115
0.298330
0.170658
0.795914
0.182341
0.244887
0.249093
0.303940
0.242769
0.478327
0.149575
0.410856
0.215006
0.143329
0.290300
0.365424
0.229243
0.204920
0.165978
0.043736
0.323843
0.198998
0.137714
0.247680
0.134128
0.309975
0.443184
0.210978
0.127017
0.155049
0.076306
0.078943
0.072367
0.114614
0.336480
0.071555
0.065483
0.178577
0.209586
0.207782
0.273794
0.290806
0.356700
0.332822
0.162210
0.371433
0.401618
0.215672
0.206133
0.185967
0.197667
0.173639
0.162640
0.191332
0.206816
0.361127
0.162394
0.156945
0.180202
0.272738
0.163362
0.214279
0.150422
0.022123
0.186230
0.216906
0.381189
0.146773
0.355492
0.146152
0.300717
0.301358
0.384850
0.071292
0.146813
0.078627
0.179707
0.299858
0.097823
0.146356
0.194885
0.067383
0.027831
0.170009
0.120758
0.133969
0.393167
0.351623
0.298710
0.187107
0.251858
0.029733
0.125432
0.261168
0.237618
0.125064
0.277233
0.307150
0.239276
0.850139
0.237397
0.272204
0.315004
0.284659
0.260595
0.500493
0.177627
0.303225
0.145247
0.122476
0.326724
0.486672
0.106824
0.233421
0.175093
0.050724
0.316373
0.179779
0.137121
0.320197
0.012455
0.187412
0.452887
0.301413
0.045904
0.066345
0.108600
0.116809
0.133462
0.148642
0.359597
0.089762
0.169736
0.081804
0.117113
0.202213
0.286185
0.275744
0.408544
0.493263
0.171672
0.282073
0.427275
0.294453
0.154380
0.192370
0.219437
0.101546
0.194085
0.120737
0.168539
0.272533
0.203700
0.096217
0.174317
0.312688
0.080976
0.248002
0.063036
0.086600
0.041444
0.007360
0.264588
0.073948
0.324931
0.213953
0.201192
0.295684
0.400656
0.111131
0.230717
0.169060
0.166182
0.251108
0.069668
0.287755
0.113208
0.133940
0.041762
0.218882
0.238898
0.131856
0.525092
0.285078
0.141669
0.222399
0.079660
0.208095
0.187017
0.184945
0.305327
0.102553
0.313459
0.249122
0.194807
0.797902
0.273536
0.239949
0.327791
0.233082
0.409165
0.507633
0.125904
0.226116
0.167927
0.112846
0.219668
0.387695
0.090753
0.254171
0.248926
0.029288
0.324340
0.147902
0.117214
0.239438
0.188585
0.204309
0.455120
0.407402
0.152038
0.079522
0.219645
0.130752
0.226944
0.199927
0.269792
0.147204
0.141614
0.139189
0.064241
0.142606
0.249535
0.232770
0.258288
0.594226
0.207036
0.099620
0.295317
0.273880
0.179143
0.231326
0.210111
0.065456
0.170913
0.137410
0.107799
0.136456
0.210568
0.159625
0.185331
0.186546
0.137654
0.294018
0.040213
0.133361
0.125783
0.025186
0.270955
0.059634
0.282163
0.188954
0.143778
0.201332
0.412259
0.164716
0.285796
0.126371
0.278384
0.294926
0.088290
0.325701
0.184324
0.104246
0.066771
0.209841
0.212283
0.125542
0.400703
0.109180
0.155338
0.176709
0.037041
0.281531
0.241698
0.175018
0.198705
0.189592
0.265085
0.173170
0.223414
0.712786
0.297322
0.190262
0.218641
0.076260
0.387368
0.512621
0.239198
0.168676
0.156779
0.013251
0.179422
0.254735
0.166590
0.257167
0.330861
0.090294
0.258856
0.127435
0.222438
0.151324
0.315066
0.137284
0.323270
0.394170
0.292766
0.110696
0.290669
0.103999
0.160391
0.203918
0.140162
0.169957
0.052558
0.134972
0.060392
0.123118
0.243852
0.278563
0.403061
0.490600
0.183157
0.128917
0.323584
0.195324
0.162047
0.132780
0.100147
0.027971
0.157621
0.255066
0.133254
0.042189
0.076261
0.258895
0.179762
0.134340
0.195348
0.200356
0.099438
0.143025
0.100546
0.071340
0.201443
0.169054
0.222066
0.105711
0.104146
0.167042
0.504060
0.151456
0.270501
0.085866
0.326522
0.290496
0.031477
0.212972
0.225121
0.083014
0.056775
0.135028
0.081348
0.125011
0.251021
0.051578
0.227585
0.082694
0.112904
0.188854
0.275309
0.232981
0.069163
0.444005
0.375325
0.086758
0.262710
0.499253
0.242289
0.090654
0.296510
0.186652
0.247000
0.437917
0.355185
0.173293
0.176991
0.067303
0.259972
0.283971
0.270990
0.117414
0.347733
0.132320
0.111528
0.086136
0.259981
0.092682
0.308860
0.138569
0.279358
0.238441
0.319877
0.090393
0.225811
0.132802
0.131113
0.054334
0.017039
0.168834
0.095301
0.050768
0.111079
0.134330
0.217367
0.253361
0.424970
0.430384
0.058861
0.156158
0.310476
0.215672
0.184788
0.022517
0.077975
0.080510
0.159434
0.366011
0.176920
0.039605
0.204453
0.130731
0.229775
0.084456
0.282714
0.057338
0.254597
0.174743
0.115659
0.229093
0.108055
0.354780
0.266837
0.047588
0.097995
0.084829
0.515324
0.118500
0.206230
0.073596
0.315968
0.285978
0.092168
0.071053
0.182433
0.089319
0.081097
0.223283
0.125336
0.078080
0.223851
0.071805
0.159713
0.041004
0.289411
0.213326
0.250056
0.260315
0.040301
0.512826
0.451585
0.110069
0.239627
0.360835
0.136758
0.129725
0.256920
0.141370
0.338550
0.330383
0.409348
0.180929
0.288004
0.127414
0.200609
0.256604
0.304317
0.106744
0.240030
0.125473
0.015103
0.042955
0.165534
0.061775
0.122180
0.131132
0.220272
0.057614
0.306886
0.026714
0.126262
0.055264
0.120305
0.045641
0.061477
0.248204
0.164736
0.189552
0.163353
0.134376
0.196486
0.199057
0.412334
0.380178
0.075579
0.268094
0.239724
0.187486
0.235280
0.143482
0.115579
0.130154
0.048561
0.260218
0.173472
0.084270
0.159608
0.223770
0.283712
0.105870
0.212410
0.067411
0.263007
0.197607
0.198783
0.271677
0.154334
0.501877
0.245000
0.015300
0.078491
0.011083
0.453887
0.213788
0.128959
0.062734
0.346423
0.233460
0.135679
0.147030
0.080971
0.053158
0.125066
0.201369
0.052228
0.072921
0.246363
0.144967
0.231336
0.119318
0.399386
0.268450
0.282434
0.304222
0.096042
0.438881
0.389824
0.237923
0.209753
0.255193
0.100609
0.076939
0.084268
0.027963
0.391950
0.239936
0.378153
0.231477
0.201699
0.221703
0.100416
0.149365
0.205614
0.189210
0.183355
0.106071
0.096300
0.146855
0.107012
0.098498
0.078773
0.088970
0.223571
0.156209
0.415204
0.037973
0.108783
0.118553
0.201986
0.084094
0.117459
0.291370
0.146688
0.267838
0.265074
0.233420
0.200403
0.185650
0.351919
0.261858
0.155012
0.328123
0.276851
0.146212
0.193786
0.264630
0.112536
0.154567
0.057349
0.232999
0.286897
0.075657
0.057014
0.116493
0.256788
0.189779
0.119119
0.147204
0.265861
0.095863
0.167312
0.313020
0.252157
0.501719
0.211061
0.078432
0.074218
0.047293
0.284678
0.366333
0.125844
0.075212
0.304907
0.493711
0.133903
0.276333
0.108398
0.136231
0.152897
0.194884
0.086600
0.076555
0.175653
0.169048
0.290981
0.015325
0.378888
0.152599
0.270344
0.413774
0.105854
0.326012
0.320378
0.311568
0.297447
0.119683
0.154878
0.058256
0.087228
0.072713
0.385867
0.128973
0.455927
0.205832
0.068141
0.115513
0.113586
0.154761
0.146300
0.185116
0.143253
0.130781
0.143543
0.203333
0.131627
0.168444
0.186224
0.077716
0.263923
0.123708
0.421892
0.057428
0.143848
0.079220
0.106328
0.126599
0.220417
0.226813
0.116645
0.296577
0.141427
0.317067
0.280122
0.267703
0.301450
0.102196
0.165761
0.318741
0.304464
0.111079
0.115921
0.366520
0.111741
0.194015
0.093223
0.289770
0.299468
0.079448
0.138675
0.123822
0.213649
0.211873
0.136581
0.170795
0.338209
0.127200
0.106696
0.354086
0.273148
0.443648
0.185596
0.074291
0.059369
0.104183
0.230444
0.488674
0.040897
0.184069
0.257150
0.522722
0.052836
0.226108
0.209958
0.239760
0.169307
0.163195
0.143586
0.141611
0.163312
0.173914
0.305921
0.028898
0.334846
0.095862
0.302377
0.325299
0.117093
0.152290
0.106299
0.288892
0.352172
0.436459
0.184712
0.059579
0.118098
0.240546
0.340108
0.092454
0.381277
0.178254
0.144710
0.085611
0.065002
0.193277
0.216268
0.193044
0.163483
0.235291
0.258484
0.056680
0.087572
0.132089
0.168979
0.129282
0.172208
0.052950
0.379348
0.051661
0.052057
0.135257
0.051410
0.158996
0.357435
0.167143
0.165226
0.333013
0.072613
0.228555
0.213605
0.369411
0.266425
0.067164
0.200171
0.286947
0.234643
0.119186
0.027635
0.335117
0.168878
0.210360
0.080876
0.208693
0.263960
0.198404
0.302176
0.299527
0.302931
0.194456
0.111607
0.149645
0.327080
0.161101
0.044625
0.167656
0.308405
0.375526
0.024907
0.168532
0.136365
0.137120
0.124813
0.551800
0.129957
0.161948
0.296582
0.355920
0.063351
0.106250
0.268742
0.247944
0.171019
0.053731
0.182129
0.130109
0.149521
0.335835
0.233280
0.130483
0.355632
0.114268
0.251075
0.226594
0.183701
0.036531
0.210632
0.290131
0.270021
0.683126
0.212452
0.132459
0.086532
0.292952
0.304499
0.233143
0.238576
0.263638
0.181500
0.100803
0.105297
0.151103
0.188146
0.271995
0.285761
0.260135
0.334081
0.146448
0.209916
0.158023
0.051793
0.176227
0.181705
0.049730
0.329565
0.057045
0.055968
0.186015
0.107793
0.194157
0.420241
0.209050
0.192019
0.340286
0.086190
0.190600
0.191022
0.351285
0.328026
0.171442
0.299265
0.360536
0.096743
0.100342
0.038031
0.235034
0.203126
0.102069
0.114801
0.100342
0.199876
0.205187
0.412444
0.254359
0.339664
0.195294
0.271751
0.096724
0.169662
0.139532
0.179287
0.076385
0.357534
0.348657
0.145238
0.219435
0.093586
0.232097
0.142281
0.553584
0.140297
0.078574
0.399379
0.228831
0.046613
0.195405
0.297068
0.136204
0.205150
0.064229
0.238047
0.101765
0.145367
0.278388
0.193708
0.203102
0.395224
0.153683
0.167130
0.264824
0.127348
0.005631
0.322939
0.312125
0.140041
0.644214
0.217373
0.137126
0.205439
0.226271
0.301666
0.278395
0.258329
0.396029
0.175113
0.093775
0.241441
0.237584
0.117412
0.282172
0.169770
0.197214
0.363781
0.267608
0.276105
0.197132
0.024100
0.155195
0.138787
0.068848
0.289481
0.017619
0.143201
0.168228
0.145910
0.199241
0.432085
0.295351
0.153699
0.296002
0.073230
0.301750
0.216955
0.255774
0.234630
0.324868
0.333433
0.366515
0.096873
0.070355
0.059212
0.146178
0.327352
0.161581
0.102375
0.095912
0.242924
0.098570
0.409027
0.119739
0.272212
0.229265
0.282048
0.014483
0.090448
0.096673
0.172402
0.038336
0.397896
0.456180
0.255440
0.135057
0.088211
0.229551
0.258850
0.515268
0.056067
0.041124
0.469826
0.200598
0.112134
0.473981
0.283274
0.079525
0.241913
0.060055
0.303418
0.065640
0.166342
0.144060
0.230030
0.213251
0.298414
0.152121
0.149687
0.271095
0.040949
0.086259
0.377532
0.189486
0.245033
0.634587
0.276409
0.172635
0.316722
0.245721
0.329536
0.220871
0.227586
0.449465
0.257504
0.214405
0.227679
0.303676
0.053509
0.208885
0.182264
0.223338
0.267389
0.188020
0.353044
0.245968
0.138318
0.136439
0.175410
0.121361
0.170356
0.069755
0.060296
0.213266
0.210089
0.152597
0.488199
0.257423
0.106532
0.235352
0.102756
0.309712
0.223282
0.189269
0.151160
0.393591
0.234602
0.300195
0.103248
0.080350
0.114050
0.155559
0.322304
0.241546
0.056262
0.158048
0.176010
0.064716
0.394825
0.112745
0.398465
0.321874
0.229672
0.063104
0.251625
0.114772
0.174209
0.164924
0.322734
0.467838
0.338848
0.284321
0.120427
0.202051
0.371849
0.345024
0.210051
0.043528
0.376528
0.248321
0.212501
0.523831
0.104349
0.114205
0.258720
0.084070
0.239597
0.128662
0.113988
0.175227
0.254980
0.252316
0.096560
0.186740
0.151510
0.166870
0.186595
0.094730
0.395542
0.065388
0.246328
0.662775
0.269960
0.216488
0.273977
0.357030
0.232097
0.146976
0.274508
0.455860
0.292041
0.246591
0.236402
0.267941
0.117005
0.178752
0.247702
0.152382
0.271896
0.147002
0.389318
0.297350
0.290870
0.122022
0.174333
0.220976
0.106301
0.134695
0.135637
0.403821
0.227926
0.065333
0.563480
0.331736
0.113000
0.174961
0.141001
0.097279
0.093732
0.306905
0.340057
0.303447
0.157126
0.088011
0.156667
0.089578
0.167618
0.195131
0.229646
0.254441
0.120009
0.188694
0.171218
0.145727
0.351277
0.042387
0.536251
0.386901
0.247239
0.077692
0.212726
0.187044
0.068949
0.314317
0.175234
0.443021
0.431569
0.386976
0.135595
0.269550
0.294643
0.200880
0.222829
0.119560
0.300537
0.276130
0.230069
0.444439
0.123009
0.167884
0.346762
0.083380
0.181154
0.110014
0.147024
0.173813
0.260741
0.295530
0.059364
0.123974
0.136850
0.191998
0.205898
0.195260
0.370397
0.051880
0.357570
0.586448
0.203116
0.126819
0.205132
0.346465
0.173277
0.074358
0.303882
0.469062
0.245058
0.196172
0.314124
0.246837
0.280298
0.264129
0.180853
0.175942
0.197585
0.205299
0.341953
0.302694
0.279470
0.140537
0.218936
0.316916
0.096061
0.105108
0.304628
0.433009
0.249452
0.122236
0.463184
0.283025
0.206939
0.154129
0.209811
0.061414
0.185658
0.363883
0.461524
0.262376
0.281401
0.163519
0.211911
0.045932
0.200242
0.254629
0.180038
0.252137
0.126478
0.216401
0.237991
0.200217
0.348641
0.217835
0.451297
0.416907
0.176103
0.175799
0.169994
0.280479
0.217585
0.392095
0.098450
0.378847
0.374982
0.296092
0.104814
0.360349
0.182613
0.142899
0.244391
0.168987
0.350357
0.178748
0.181539
0.343692
0.240865
0.183346
0.423506
0.054034
0.272748
0.085462
0.216981
0.100533
0.165109
0.293733
0.040926
0.207496
0.168130
0.252758
0.186547
0.250788
0.337415
0.175331
0.421050
0.439021
0.225174
0.119963
0.186119
0.197897
0.072384
0.161670
0.242093
0.408994
0.152641
0.206049
0.419898
0.314840
0.367337
0.261508
0.021333
0.198681
0.095348
0.091464
0.318128
0.246095
0.219711
0.119683
0.203618
0.291294
0.201843
0.108135
0.283393
0.367930
0.307655
0.148463
0.207294
0.341666
0.247088
0.107179
0.247344
0.094719
0.324419
0.334366
0.474175
0.299905
0.401702
0.279495
0.209509
0.036916
0.294250
0.309268
0.155568
0.185680
0.034396
0.118121
0.206870
0.203925
0.347388
0.300710
0.290382
0.415521
0.058148
0.306632
0.059316
0.187008
0.279939
0.421041
0.102369
0.295898
0.305285
0.245154
0.190615
0.367726
0.203264
0.010845
0.335550
0.262023
0.360452
0.074197
0.119933
0.304611
0.294824
0.181218
0.282789
0.178419
0.323150
0.123103
0.292792
0.104392
0.017231
0.278895
0.013980
0.269188
0.210128
0.205002
0.254633
0.198465
0.317481
0.213234
0.444563
0.310163
0.344698
0.150326
0.254765
0.162015
0.057911
0.312850
0.096892
0.256720
0.143259
0.336578
0.375834
0.352661
0.460893
0.194665
0.038269
0.099615
0.113246
0.039859
0.263042
0.227860
0.212264
0.137626
0.166135
0.265273
0.251318
0.138516
0.140592
0.496644
0.436471
0.332602
0.128876
0.286343
0.231369
0.033700
0.250427
0.125891
0.355763
0.167830
0.445354
0.168274
0.240364
0.312792
0.250081
0.009117
0.332876
0.226207
0.099073
0.092765
0.149786
0.120549
0.230413
0.165452
0.315302
0.179286
0.330773
0.214952
0.157847
0.382623
0.133288
0.205125
0.204356
0.415203
0.078414
0.309609
0.412357
0.276655
0.104931
0.313046
0.180908
0.203466
0.294593
0.298496
0.366173
0.059266
0.120273
0.386042
0.337264
0.171468
0.211306
0.235318
0.310426
0.185700
0.300444
0.252678
0.109730
0.269876
0.077092
0.203903
0.185328
0.154319
0.257347
0.252119
0.336546
0.238930
0.520096
0.218111
0.484447
0.254643
0.303401
0.244256
0.043609
0.336092
0.152261
0.157186
0.264579
0.333803
0.300629
0.308126
0.478309
0.208146
0.197846
0.133775
0.102003
0.057328
0.191574
0.314692
0.310792
0.209117
0.221224
0.248439
0.129441
0.172429
0.171148
0.595083
0.366084
0.483952
0.116852
0.306516
0.360609
0.043637
0.235368
0.239651
0.358491
0.195195
0.440301
0.066340
0.309480
0.367827
0.293589
0.100506
0.396899
0.171407
0.098887
0.093601
0.194062
0.157391
0.204350
0.212167
0.281416
0.127828
0.219714
0.145524
0.239739
0.364815
0.139841
0.281458
0.178866
0.338784
0.172640
0.276081
0.462158
0.215419
0.214901
0.298703
0.144903
0.259139
0.276024
0.237625
0.314531
0.067149
0.142806
0.395073
0.243064
0.161463
0.256415
0.195587
0.430504
0.202677
0.246994
0.402223
0.179286
0.291791
0.070172
0.163742
0.093995
0.182741
0.231067
0.310045
0.263829
0.176291
0.583662
0.141632
0.490820
0.294760
0.319712
0.302236
0.176146
0.300750
0.114091
0.158534
0.388006
0.183352
0.254246
0.246490
0.412257
0.275752
0.347116
0.191654
0.186062
0.228163
0.054652
0.327492
0.313175
0.169687
0.207437
0.090426
0.165651
0.117383
0.182748
0.528160
0.179960
0.538487
0.201003
0.387310
0.514866
0.137361
0.246337
0.264353
0.395005
0.237458
0.389942
0.075599
0.289747
0.460101
0.116699
0.039389
0.352623
0.187857
0.255816
0.028779
0.226630
0.185171
0.149919
0.244710
0.286320
0.250896
0.146492
0.308739
0.178400
0.328364
0.101052
0.337600
0.255337
0.181210
0.274531
0.287021
0.276072
0.280886
0.178001
0.245470
0.216711
0.212984
0.334013
0.185861
0.220093
0.019509
0.099744
0.349934
0.068893
0.140493
0.249728
0.190948
0.564389
0.195761
0.221296
0.422650
0.122615
0.298076
0.152873
0.192802
0.036886
0.225477
0.265830
0.233042
0.145388
0.106247
0.515167
0.212952
0.346422
0.265289
0.338382
0.239545
0.207168
0.136538
0.105212
0.197030
0.448276
0.117340
0.203848
0.267389
0.292370
0.237605
0.315340
0.264523
0.385066
0.384709
0.069332
0.199466
0.198248
0.137034
0.153403
0.049772
0.183775
0.315563
0.215244
0.327544
0.051866
0.381435
0.290160
0.360576
0.472090
0.116659
0.256508
0.169381
0.389870
0.250788
0.432892
0.162762
0.259723
0.464824
0.124550
0.047771
0.313810
0.231571
0.284660
0.059655
0.362867
0.209934
0.195104
0.197721
0.221166
0.358942
0.204105
0.497721
0.143432
0.348025
0.140153
0.328791
0.248215
0.323826
0.278915
0.323372
0.202810
0.291566
0.009948
0.199575
0.119806
0.334925
0.455474
0.236165
0.298256
0.016283
0.114101
0.302746
0.041414
0.067565
0.285049
0.247664
0.552628
0.223265
0.247944
0.369885
0.085896
0.234768
0.290570
0.153948
0.121633
0.191402
0.267742
0.215337
0.196721
0.133632
0.397991
0.201353
0.330268
0.311748
0.350245
0.213613
0.205918
0.278704
0.202531
0.130994
0.441604
0.234078
0.179980
0.277049
0.216802
0.102129
0.236596
0.314910
0.566429
0.384817
0.181077
0.115716
0.068964
0.057671
0.244485
0.230160
0.288839
0.405711
0.231136
0.175021
0.094864
0.299354
0.326084
0.126786
0.325130
0.031754
0.216888
0.071796
0.346484
0.222119
0.331206
0.244576
0.222244
0.394286
0.169202
0.042916
0.179282
0.208996
0.265234
0.095338
0.404381
0.205735
0.185334
0.268600
0.197917
0.299165
0.205561
0.571194
0.182404
0.348108
0.323357
0.303978
0.270346
0.377920
0.277139
0.249630
0.135443
0.202955
0.104856
0.159626
0.086088
0.410715
0.451113
0.309560
0.240549
0.107494
0.161968
0.352224
0.148823
0.104781
0.383095
0.288781
0.444047
0.247180
0.241806
0.340405
0.096036
0.182705
0.337059
0.076175
0.125555
0.090930
0.236333
0.239640
0.323022
0.188135
0.303353
0.192680
0.240164
0.373117
0.290994
0.222727
0.158866
0.367389
0.088545
0.017489
0.473491
0.351709
0.128291
0.264466
0.194244
0.167109
0.272634
0.317829
0.626295
0.351139
0.199650
0.213852
0.082311
0.050296
0.454122
0.376572
0.389759
0.278363
0.217427
0.148350
0.150660
0.245218
0.323879
0.076231
0.218549
0.054022
0.215383
0.077301
0.286862
0.191839
0.323481
0.250300
0.173099
0.306675
0.191967
0.018401
0.170634
0.141339
0.312959
0.148212
0.372349
0.160511
0.287730
0.224706
0.161697
0.288786
0.154572
0.557483
0.168912
0.323713
0.374203
0.232847
0.300959
0.333612
0.198298
0.163080
0.080544
0.218421
0.139882
0.060285
0.101556
0.296260
0.364098
0.288067
0.152138
0.242165
0.177959
0.273018
0.184788
0.189973
0.476150
0.330123
0.419236
0.210458
0.336765
0.279543
0.155504
0.198871
0.241030
0.194952
0.106360
0.013194
0.206061
0.250723
0.288534
0.205174
0.260727
0.074097
0.151925
0.369004
0.186054
0.246801
0.245947
0.338234
0.091024
0.129415
0.492315
0.298022
0.076526
0.266431
0.198740
0.153751
0.368872
0.394434
0.653633
0.343516
0.146661
0.272577
0.205055
0.109197
0.618752
0.429324
0.404076
0.259893
0.108107
0.266356
0.158902
0.273641
0.305660
0.102758
0.173955
0.115618
0.169155
0.171898
0.282109
0.195821
0.401527
0.208950
0.067400
0.287425
0.217825
0.039869
0.176274
0.117381
0.309335
0.380899
0.329989
0.117844
0.318933
0.361952
0.144079
0.269552
0.067485
0.529195
0.079265
0.161827
0.333791
0.229809
0.246579
0.257883
0.246684
0.198684
0.098496
0.342061
0.163581
0.270727
0.041549
0.304022
0.324321
0.337245
0.100209
0.282050
0.114565
0.175499
0.239218
0.248120
0.531090
0.289251
0.414798
0.275784
0.338103
0.227784
0.157127
0.131340
0.129766
0.148561
0.201753
0.069486
0.210410
0.233874
0.226768
0.328387
0.177640
0.115119
0.169636
0.238759
0.147154
0.271303
0.316508
0.328040
0.129986
0.186496
0.407199
0.207669
0.153911
0.342691
0.130865
0.190668
0.374324
0.317188
0.610342
0.284407
0.068611
0.369931
0.229396
0.182603
0.565698
0.423179
0.381469
0.370478
0.137046
0.329874
0.127783
0.285774
0.193484
0.061209
0.130838
0.147411
0.106355
0.277217
0.249046
0.266234
0.326704
0.146192
0.040003
0.164731
0.268515
0.073208
0.215255
0.235441
0.322781
0.507800
0.365645
0.066988
0.177850
0.421034
0.150218
0.256306
0.093700
0.411549
0.073529
0.086881
0.360351
0.242101
0.142767
0.226677
0.273863
0.196761
0.175325
0.403086
0.135881
0.352873
0.131285
0.351524
0.303340
0.247320
0.106787
0.261172
0.071630
0.114797
0.348225
0.379555
0.492655
0.171904
0.327020
0.303925
0.205848
0.219597
0.072763
0.146180
0.226805
0.140361
0.266043
0.123698
0.197079
0.151123
0.315826
0.307409
0.305898
0.108446
0.163379
0.199635
0.168332
0.281423
0.237435
0.344083
0.205457
0.138997
0.218451
0.186952
0.154099
0.318067
0.066945
0.230727
0.305852
0.214844
0.487220
0.191139
0.127582
0.321631
0.148198
0.141133
0.395921
0.331407
0.305061
0.450392
0.153656
0.390801
0.079681
0.332739
0.097273
0.052084
0.136659
0.292351
0.117112
0.420496
0.199031
0.385294
0.364095
0.159970
0.133754
0.117189
0.329713
0.162063
0.327003
0.198409
0.382538
0.420175
0.448524
0.045197
0.064584
0.332281
0.145887
0.101034
0.243582
0.496034
0.135255
0.082841
0.306343
0.214425
0.089193
0.194933
0.269983
0.202029
0.226383
0.344570
0.114842
0.305766
0.214016
0.336566
0.248952
0.275873
0.223474
0.205884
0.099697
0.097942
0.363715
0.431995
0.419974
0.110432
0.135108
0.254404
0.112231
0.237842
0.026789
0.261938
0.274397
0.161709
0.237574
0.217984
0.129283
0.210249
0.377963
0.177151
0.229379
0.044623
0.205001
0.180712
0.134211
0.257887
0.109035
0.397076
0.187544
0.122059
0.107227
0.117828
0.146370
0.286665
0.093373
0.106384
0.339177
0.193221
0.288909
0.176974
0.126016
0.277392
0.179669
0.123655
0.308612
0.181458
0.153544
0.334104
0.168523
0.339908
0.041576
0.234985
0.113848
0.032883
0.168510
0.276447
0.162159
0.505926
0.232829
0.380885
0.249504
0.142169
0.179370
0.036302
0.311557
0.325998
0.382493
0.261571
0.340271
0.293545
0.412240
0.128736
0.163299
0.262637
0.145399
0.153999
0.300676
0.529963
0.124928
0.092357
0.220258
0.229075
0.212672
0.212358
0.216299
0.265487
0.247849
0.369462
0.217070
0.337236
0.292778
0.278348
0.172619
0.353396
0.230669
0.206163
0.135300
0.166596
0.326847
0.268051
0.296597
0.142581
0.120143
0.274090
0.181501
0.159205
0.036060
0.273575
0.327336
0.110738
0.267396
0.261378
0.072886
0.126828
0.336609
0.117680
0.229934
0.058640
0.356092
0.179301
0.182407
0.261090
0.145676
0.342907
0.131943
0.144566
0.084228
0.176513
0.153076
0.292851
0.072199
0.063915
0.333969
0.191369
0.182920
0.206290
0.131206
0.318063
0.290667
0.139348
0.374688
0.213230
0.157829
0.231197
0.287121
0.140215
0.009883
0.135689
0.164101
0.058068
0.109174
0.195603
0.135724
0.408491
0.287675
0.314757
0.141238
0.064083
0.136677
0.116386
0.218943
0.409411
0.320964
0.250158
0.213449
0.291006
0.200819
0.095508
0.195660
0.263868
0.156915
0.214497
0.191937
0.282212
0.169292
0.025402
0.188961
0.164292
0.341211
0.160058
0.229011
0.225297
0.397386
0.184217
0.255980
0.326148
0.196189
0.157964
0.273715
0.307649
0.126909
0.238771
0.190592
0.279995
0.315942
0.095969
0.326911
0.217626
0.209719
0.341406
0.222802
0.195887
0.095425
0.357346
0.313181
0.167208
0.238144
0.259595
0.221616
0.139170
0.170193
0.162980
0.277817
0.176235
0.417007
0.125349
0.183115
0.235902
0.296160
0.258562
0.165880
0.255044
0.097925
0.062648
0.241124
0.288136
0.051762
0.043732
0.225787
0.105983
0.131284
0.086866
0.050760
0.251418
0.285974
0.212880
0.421509
0.107606
0.120498
0.246381
0.346347
0.080827
0.068293
0.067151
0.293801
0.151128
0.160041
0.149546
0.076163
0.212587
0.268377
0.341396
0.192223
0.122510
0.101865
0.130780
0.160171
0.404242
0.277180
0.257179
0.137333
0.334655
0.088600
0.076204
0.212168
0.272936
0.213844
0.222119
0.148105
0.239874
0.238140
0.067397
0.214355
0.145885
0.327656
0.185482
0.245433
0.172463
0.382106
0.087408
0.183218
0.364772
0.185728
0.178811
0.438278
0.208357
0.090657
0.296496
0.310032
0.324784
0.257274
0.047987
0.328503
0.273571
0.120844
0.344305
0.141973
0.078761
0.175984
0.520295
0.332099
0.138708
0.191258
0.282497
0.226379
0.252586
0.167542
0.159289
0.248992
0.302804
0.468241
0.061835
0.097027
0.216999
0.371728
0.233464
0.301217
0.266090
0.141043
0.070703
0.340210
0.177350
0.101214
0.138950
0.063747
0.107514
0.088987
0.143844
0.037123
0.110992
0.377496
0.310760
0.425772
0.165700
0.049818
0.236382
0.432400
0.287780
0.080150
0.097532
0.239691
0.227824
0.197756
0.106702
0.113045
0.176706
0.094292
0.504332
0.151726
0.051309
0.163865
0.144161
0.140253
0.305778
0.329791
0.257075
0.142691
0.255252
0.102987
0.117055
0.190963
0.244096
0.295545
0.329919
0.183148
0.325257
0.204113
0.085001
0.202276
0.112866
0.259593
0.257225
0.170757
0.180639
0.307674
0.023623
0.242332
0.389715
0.263555
0.123322
0.464435
0.165041
0.193793
0.405200
0.360971
0.364101
0.150238
0.100810
0.211935
0.334974
0.056140
0.377732
0.069194
0.054333
0.184984
0.588050
0.355135
0.155747
0.217512
0.289728
0.152788
0.251000
0.168398
0.118771
0.147488
0.303084
0.419894
0.141829
0.137785
0.298219
0.314721
0.254911
0.284652
0.220060
0.185416
0.075106
0.269457
0.085848
0.072946
0.288238
0.062714
0.066328
0.189119
0.268205
0.126772
0.036223
0.274652
0.316665
0.356365
0.244098
0.098180
0.147015
0.551964
0.362447
0.080648
0.183411
0.153375
0.201489
0.172877
0.034334
0.237435
0.230245
0.132974
0.555980
0.040763
0.105668
0.194387
0.108725
0.099256
0.240239
0.226180
0.193531
0.185005
0.252451
0.091634
0.163965
0.118893
0.195665
0.170509
0.340275
0.222021
0.297501
0.143647
0.042116
0.212803
0.028740
0.347925
0.029030
0.075603
0.107624
0.250167
0.108365
0.412279
0.261002
0.311961
0.191576
0.371928
0.179864
0.288391
0.336461
0.167477
0.409548
0.067590
0.091484
0.137590
0.415096
0.044118
0.404358
0.079119
0.107233
0.192899
0.489848
0.340962
0.250814
0.231025
0.320397
0.149628
0.223636
0.201511
0.135177
0.186311
0.279986
0.213092
0.145328
0.176547
0.323418
0.363328
0.128573
0.217279
0.140985
0.123865
0.210284
0.373747
0.063533
0.092533
0.229691
0.089540
0.095305
0.309099
0.255586
0.194609
0.090602
0.185574
0.284249
0.260482
0.289894
0.114831
0.203311
0.555475
0.312109
0.162060
0.276121
0.280446
0.141264
0.090476
0.015096
0.275681
0.175749
0.133839
0.468076
0.178973
0.011486
0.238764
0.148436
0.032517
0.197529
0.074039
0.202419
0.184528
0.096112
0.078996
0.237542
0.115970
0.175480
0.145484
0.229965
0.188444
0.156596
0.119095
0.109918
0.245530
0.141163
0.371895
0.236474
0.100522
0.151076
0.162368
0.171411
0.415188
0.248367
0.228346
0.260633
0.249282
0.154802
0.353181
0.185127
0.141186
0.437696
0.111475
0.136839
0.180209
0.406011
0.047453
0.329879
0.052471
0.144761
0.186773
0.355700
0.407475
0.268987
0.183113
0.334498
0.216619
0.177089
0.176197
0.173593
0.243693
0.364240
0.128731
0.150385
0.117864
0.245651
0.341086
0.167725
0.143262
0.132465
0.133040
0.196482
0.363744
0.092692
0.106408
0.344556
0.148759
0.106098
0.286569
0.159478
0.261882
0.088286
0.251761
0.199532
0.342400
0.275127
0.106977
0.201043
0.305236
0.264474
0.253448
0.247229
0.318511
0.222618
0.204355
0.048159
0.287724
0.042570
0.045900
0.375971
0.307255
0.049039
0.258352
0.110286
0.117979
0.144296
0.074308
0.149185
0.184531
0.185983
0.215744
0.174127
0.210196
0.132053
0.250794
0.123881
0.092174
0.150701
0.154120
0.067254
0.262434
0.163940
0.322650
0.241678
0.100623
0.146174
0.083289
0.129896
0.289846
0.274237
0.159152
0.287957
0.303749
0.121870
0.245569
0.091618
0.110314
0.396122
0.129919
0.117847
0.222537
0.337363
0.124101
0.201630
0.093803
0.100392
0.204724
0.276335
0.334427
0.222556
0.169022
0.206869
0.178543
0.275157
0.098279
0.133927
0.204297
0.488252
0.212083
0.226993
0.157823
0.208042
0.265413
0.279248
0.161912
0.204407
0.161633
0.220356
0.290273
0.197443
0.101831
0.259544
0.046202
0.002005
0.253888
0.088940
0.210977
0.092540
0.266661
0.204257
0.366042
0.147232
0.014953
0.144043
0.034477
0.233412
0.241774
0.181014
0.356873
0.239245
0.245179
0.214581
0.256182
0.131558
0.087379
0.277157
0.273526
0.144526
0.223808
0.097451
0.122973
0.137027
0.012471
0.074175
0.142877
0.211908
0.301168
0.201412
0.330856
0.032318
0.304538
0.117944
0.052870
0.140772
0.300355
0.062888
0.128941
0.029426
0.215251
0.171247
0.154502
0.111325
0.071609
0.097612
0.195866
0.346393
0.106396
0.240853
0.343272
0.047810
0.190065
0.059638
0.196206
0.313755
0.113807
0.117172
0.153880
0.228613
0.061174
0.113190
0.222105
0.181512
0.187717
0.243434
0.161512
0.247797
0.180786
0.113130
0.215780
0.378677
0.095786
0.149598
0.190901
0.503785
0.156302
0.152622
0.060079
0.222767
0.293309
0.342896
0.182780
0.204148
0.214000
0.137722
0.249279
0.247264
0.103059
0.080125
0.032174
0.072051
0.306980
0.123272
0.153006
0.110999
0.146160
0.122352
0.294111
0.081741
0.111846
0.121226
0.123928
0.166563
0.254666
0.330945
0.331424
0.282747
0.237063
0.349397
0.186816
0.175343
0.107874
0.322162
0.105610
0.218532
0.236039
0.068322
0.122203
0.178358
0.082863
0.070839
0.109356
0.213077
0.403012
0.180651
0.357145
0.095163
0.245862
0.066070
0.135367
0.052892
0.325075
0.119209
0.094518
0.038093
0.195615
0.171029
0.125071
0.056287
0.122940
0.168789
0.161203
0.344962
0.143992
0.159871
0.329545
0.123418
0.142630
0.096355
0.154517
0.248807
0.079594
0.141377
0.027833
0.136839
0.136905
0.101018
0.133933
0.184765
0.199987
0.249489
0.061170
0.223665
0.105472
0.118157
0.239610
0.373020
0.079395
0.219544
0.263711
0.326362
0.232453
0.137529
0.011520
0.118705
0.297634
0.341117
0.172153
0.185110
0.190663
0.103148
0.220655
0.200715
0.094058
0.103376
0.078758
0.078976
0.286456
0.117208
0.148766
0.079428
0.229596
0.066043
0.318638
0.030914
0.195497
0.276433
0.168750
0.095836
0.232406
0.428900
0.269198
0.333050
0.205873
0.268232
0.163544
0.131299
0.194638
0.302875
0.166300
0.141627
0.189117
0.076477
0.028137
0.163241
0.072236
0.262982
0.072625
0.241046
0.274406
0.065396
0.239787
0.172636
0.238662
0.096776
0.116162
0.039030
0.144079
0.124152
0.112028
0.068159
0.109129
0.075839
0.098767
0.037382
0.178459
0.246609
0.037693
0.192375
0.213750
0.097326
0.227389
0.284144
0.094136
0.256875
0.075065
0.206532
0.042473
0.136461
0.116515
0.041780
0.190432
0.156351
0.088953
0.068618
0.181800
0.175494
0.190713
0.225602
0.071487
0.112495
0.170651
0.127819
0.099807
0.243223
0.180507
0.118856
0.319148
0.177486
0.096991
0.119514
0.209341
0.314299
0.093172
0.148028
0.141272
0.045366
0.211675
0.077330
0.121589
0.184442
0.113331
0.120528
0.206282
0.139002
0.189637
0.086919
0.291419
0.168836
0.310080
0.021421
0.249889
0.241567
0.278086
0.101727
0.150414
0.311372
0.151673
0.236093
0.120838
0.148009
0.143723
0.107312
0.302936
0.133736
0.116531
0.136759
0.130453
0.039223
0.076886
0.156305
0.025164
0.280560
0.079086
0.300796
0.079519
0.052438
0.132725
0.196186
0.210741
0.081686
0.172317
0.065731
0.102116
0.136646
0.195815
0.093928
0.208328
0.107049
0.094390
0.054011
0.203894
0.212376
0.251997
0.234404
0.187959
0.118053
0.180302
0.344642
0.092761
0.261016
0.112936
0.084700
0.054389
0.123203
0.262785
0.176445
0.332528
0.250276
0.081118
0.088108
0.055810
0.143968
0.236344
0.204293
0.192986
0.047665
0.150747
0.145410
0.109155
0.159020
0.159674
0.086208
0.308671
0.127732
0.148885
0.186141
0.135760
0.263663
0.060946
0.096304
0.158038
0.087201
0.096798
0.073753
0.236155
0.224636
0.074378
0.086321
0.273977
0.189722
0.223532
0.106540
0.124067
0.257648
0.298885
0.053260
0.266356
0.127752
0.323736
0.060114
0.107687
0.103516
0.031336
0.096782
0.087738
0.181928
0.177559
0.142274
0.365930
0.077264
0.075259
0.185154
0.067490
0.034604
0.078659
0.212984
0.059719
0.241404
0.148111
0.218565
0.081279
0.118225
0.058538
0.228914
0.190486
0.187325
0.164886
0.165031
0.121298
0.092256
0.227760
0.063306
0.293790
0.091345
0.144413
0.043937
0.152847
0.074754
0.382498
0.234415
0.087713
0.135729
0.124376
0.377939
0.158391
0.186553
0.135750
0.048641
0.040807
0.123053
0.298186
0.246399
0.282308
0.209564
0.058737
0.112589
0.135743
0.126573
0.245472
0.065599
0.175404
0.175327
0.124204
0.148383
0.143904
0.135918
0.197970
0.166888
0.269783
0.086494
0.082654
0.144588
0.171510
0.203281
0.088956
0.070568
0.181116
0.140811
0.139941
0.108568
0.223368
0.167632
0.214392
0.055399
0.265646
0.142902
0.201543
0.089103
0.243634
0.302097
0.256093
0.121130
0.188699
0.046734
0.237343
0.155074
0.152937
0.205886
0.129541
0.069269
0.085883
0.149612
0.181780
0.195605
0.332010
0.107279
0.107217
0.223603
0.027546
0.112988
0.132760
0.163568
0.094901
0.144926
0.231307
0.127146
0.204484
0.232858
0.030841
0.311648
0.305473
0.164731
0.125717
0.117009
0.230059
0.015623
0.120812
0.216875
0.282578
0.090915
0.121760
0.028993
0.066261
0.067817
0.343569
0.221113
0.266545
0.068597
0.191558
0.348340
0.246180
0.185169
0.007931
0.095538
0.126784
0.093872
0.293662
0.297270
0.168432
0.107801
0.017412
0.095179
0.215779
0.188352
0.248490
0.125196
0.157955
0.177914
0.132457
0.043633
0.098667
0.224242
0.205481
0.282125
0.155608
0.031765
0.080239
0.237377
0.295014
0.150064
0.121982
0.139182
0.279735
0.155409
0.188940
0.239041
0.208246
0.137299
0.347923
0.134193
0.189028
0.092038
0.123015
0.101193
0.320639
0.270555
0.263088
0.258290
0.187563
0.046150
0.225786
0.183091
0.134651
0.287059
0.156967
0.163571
0.190933
0.124866
0.036713
0.253341
0.227130
0.179126
0.149994
0.186811
0.077469
0.187533
0.128425
0.171672
0.129304
0.135033
0.285811
0.126212
0.383581
0.355267
0.035920
0.416837
0.366193
0.083295
0.182336
0.036915
0.374340
0.060141
0.151577
0.248361
0.249554
0.095812
0.056589
0.129775
0.120920
0.163602
0.400756
0.250932
0.516622
0.065387
0.146746
0.367537
0.245780
0.339757
0.238607
0.248875
0.185898
0.045999
0.321379
0.373160
0.222624
0.095543
0.086340
0.093131
0.223578
0.258703
0.249446
0.196651
0.291715
0.127702
0.128046
0.097232
0.121877
0.210972
0.230041
0.420694
0.019952
0.038564
0.169120
0.360056
0.412463
0.153090
0.282439
0.206353
0.206871
0.114924
0.341713
0.224273
0.238009
0.160874
0.215264
0.196928
0.071975
0.112160
0.125069
0.251544
0.249115
0.178763
0.286436
0.489359
0.273954
0.133294
0.231486
0.293853
0.182260
0.430897
0.163266
0.199962
0.125411
0.086733
0.143530
0.256098
0.080750
0.307828
0.165342
0.202418
0.246309
0.182581
0.021356
0.239516
0.172075
0.115394
0.277823
0.138358
0.475360
0.394082
0.122234
0.440442
0.382591
0.092144
0.306525
0.177734
0.311954
0.039285
0.254609
0.178539
0.262821
0.122385
0.076003
0.148039
0.140769
0.129727
0.490395
0.244652
0.570423
0.065309
0.145851
0.354797
0.289336
0.475324
0.274463
0.505592
0.268411
0.092206
0.330823
0.353482
0.342799
0.286759
0.267431
0.140593
0.216764
0.254737
0.284703
0.144787
0.351945
0.159260
0.144514
0.077535
0.174951
0.263228
0.328791
0.554231
0.108205
0.063986
0.249412
0.298067
0.492505
0.212090
0.406912
0.244722
0.124485
0.217026
0.336415
0.142998
0.092418
0.225244
0.210819
0.253254
0.036794
0.223612
0.145447
0.274228
0.222228
0.104674
0.251447
0.687926
0.205897
0.114141
0.186095
0.282673
0.206262
0.580534
0.162467
0.261108
0.105358
0.109738
0.235615
0.249947
0.039330
0.380626
0.207503
0.241828
0.317348
0.153917
0.057885
0.128384
0.226716
0.237549
0.119491
0.185865
0.425459
0.309316
0.205115
0.365715
0.412855
0.132437
0.315676
0.218428
0.216824
0.125307
0.211421
0.157842
0.307929
0.175239
0.214774
0.107192
0.150019
0.037994
0.434617
0.121668
0.556643
0.029542
0.276865
0.268918
0.431645
0.428997
0.105545
0.734118
0.214040
0.266739
0.228093
0.301056
0.273815
0.265214
0.210836
0.157708
0.296165
0.285110
0.239748
0.114377
0.265650
0.233902
0.155413
0.059369
0.210455
0.311798
0.341047
0.639865
0.168963
0.129233
0.208477
0.182130
0.472216
0.163472
0.327852
0.307413
0.045880
0.209113
0.317963
0.097292
0.125817
0.241038
0.243274
0.233613
0.108246
0.217999
0.296402
0.184982
0.248643
0.181287
0.250455
0.716096
0.298923
0.029459
0.188357
0.228731
0.267997
0.530101
0.181549
0.255667
0.106144
0.056640
0.302701
0.221546
0.073627
0.340329
0.193032
0.186996
0.283806
0.275145
0.114886
0.150345
0.333394
0.375300
0.094970
0.252569
0.316427
0.173217
0.233584
0.338376
0.357781
0.108873
0.214074
0.113905
0.128305
0.139152
0.131619
0.185276
0.331458
0.204334
0.264684
0.120881
0.181779
0.031864
0.285409
0.145360
0.554012
0.075154
0.404985
0.135756
0.372106
0.277546
0.240259
0.681704
0.351769
0.341452
0.193025
0.252064
0.186066
0.250160
0.169351
0.193414
0.308668
0.357245
0.207933
0.230999
0.254020
0.279464
0.156325
0.061033
0.266813
0.357209
0.320659
0.740296
0.077473
0.057842
0.333058
0.119470
0.373791
0.253010
0.142224
0.462059
0.074498
0.058435
0.265388
0.173777
0.226396
0.157982
0.333421
0.188153
0.162176
0.054900
0.439705
0.204789
0.253707
0.209964
0.188844
0.602650
0.395471
0.138271
0.263512
0.180080
0.334290
0.316992
0.259188
0.250288
0.188709
0.100324
0.230883
0.125271
0.117140
0.360009
0.179831
0.219640
0.379312
0.349971
0.142819
0.163018
0.501201
0.304787
0.179509
0.267906
0.237780
0.105851
0.315327
0.343729
0.233801
0.156395
0.156747
0.105065
0.121891
0.066861
0.150217
0.052241
0.306474
0.248724
0.208047
0.112439
0.247088
0.057743
0.174317
0.372053
0.477510
0.104337
0.399105
0.154409
0.220082
0.227389
0.377836
0.599788
0.411239
0.243505
0.210686
0.268505
0.148349
0.302049
0.147240
0.203722
0.206322
0.502379
0.150769
0.342430
0.391142
0.294414
0.132753
0.030218
0.304477
0.401003
0.388649
0.739569
0.219492
0.144099
0.308492
0.129661
0.350741
0.277160
0.122463
0.598314
0.098904
0.079514
0.238190
0.172391
0.405764
0.268325
0.421438
0.294777
0.177888
0.062112
0.369947
0.268721
0.192175
0.252832
0.165693
0.449094
0.346683
0.138167
0.299036
0.194680
0.320030
0.097674
0.346739
0.268415
0.326217
0.300473
0.220520
0.060882
0.046465
0.384826
0.199337
0.305632
0.367306
0.219836
0.208082
0.155301
0.526575
0.232439
0.205787
0.212370
0.155638
0.026626
0.302588
0.309372
0.279932
0.224369
0.203303
0.092488
0.234770
0.049499
0.126199
0.183943
0.270620
0.288722
0.174498
0.184979
0.290658
0.036525
0.197602
0.327252
0.289546
0.118895
0.260614
0.143593
0.155594
0.193400
0.262932
0.471572
0.388226
0.143936
0.222154
0.307363
0.278490
0.390037
0.243469
0.142632
0.153893
0.587039
0.188070
0.339557
0.401582
0.289795
0.061942
0.155282
0.387720
0.360707
0.241356
0.649865
0.428826
0.220525
0.286664
0.205305
0.365160
0.262429
0.291936
0.701066
0.116336
0.093174
0.137498
0.144312
0.429423
0.260303
0.431912
0.237703
0.114572
0.076692
0.275352
0.330570
0.174716
0.329373
0.127177
0.254075
0.308966
0.104424
0.209482
0.128121
0.243668
0.086143
0.377501
0.364482
0.367540
0.364655
0.230270
0.120051
0.048263
0.596396
0.159243
0.380932
0.296381
0.040326
0.285604
0.115500
0.356911
0.320387
0.363609
0.167251
0.163885
0.045351
0.307659
0.215369
0.381544
0.188652
0.203219
0.306834
0.278608
0.084480
0.023390
0.332302
0.258964
0.253917
0.201973
0.220151
0.286801
0.108913
0.219960
0.168039
0.156602
0.165830
0.342785
0.264085
0.258778
0.065756
0.239413
0.318133
0.308436
0.113037
0.226060
0.236581
0.249108
0.456209
0.335085
0.220847
0.157517
0.621841
0.198301
0.326346
0.233059
0.298976
0.036470
0.162599
0.435551
0.253946
0.123519
0.416920
0.445599
0.261736
0.391726
0.280282
0.327302
0.187802
0.333917
0.703911
0.108095
0.094496
0.113432
0.249221
0.315485
0.188065
0.369309
0.204011
0.163229
0.098826
0.246982
0.263726
0.163718
0.426536
0.167717
0.269294
0.358370
0.041727
0.069640
0.055335
0.173384
0.173679
0.348355
0.357222
0.234176
0.378312
0.174370
0.157282
0.055451
0.588822
0.146457
0.401465
0.263408
0.048539
0.310055
0.162231
0.170732
0.391336
0.396065
0.152200
0.189243
0.046922
0.209414
0.119410
0.322836
0.274533
0.134852
0.391986
0.291884
0.119440
0.189178
0.387369
0.264187
0.176417
0.224118
0.186440
0.272088
0.226206
0.174343
0.270788
0.046760
0.101965
0.292978
0.444353
0.283729
0.015447
0.324687
0.205723
0.321288
0.115595
0.192079
0.094215
0.050157
0.400666
0.274396
0.325126
0.115099
0.584458
0.223859
0.257797
0.125586
0.352831
0.158284
0.191650
0.392369
0.125423
0.128079
0.240996
0.493468
0.278281
0.482800
0.238534
0.251067
0.270941
0.193443
0.606452
0.079940
0.154327
0.210638
0.288792
0.265695
0.173953
0.314036
0.273224
0.265465
0.255508
0.301800
0.226415
0.131221
0.433764
0.139060
0.176816
0.428206
0.163785
0.163289
0.062929
0.134447
0.332919
0.287338
0.340182
0.133965
0.442094
0.112362
0.157031
0.130504
0.460933
0.178386
0.453356
0.257050
0.127901
0.264530
0.318929
0.150899
0.245071
0.314092
0.175969
0.207073
0.081975
0.152369
0.182765
0.126758
0.235092
0.147295
0.476785
0.302163
0.161056
0.389868
0.447324
0.331447
0.114999
0.185341
0.208832
0.280604
0.231124
0.249841
0.285081
0.051588
0.076838
0.215236
0.464531
0.213083
0.094092
0.341433
0.246823
0.379981
0.127405
0.159346
0.084074
0.229514
0.280260
0.210267
0.287622
0.073461
0.497796
0.234550
0.153646
0.064514
0.402097
0.282215
0.280595
0.310584
0.093604
0.216167
0.217244
0.565324
0.282556
0.387922
0.237725
0.132068
0.231095
0.085112
0.460115
0.197829
0.318035
0.291312
0.305990
0.386026
0.229510
0.285077
0.288816
0.390933
0.323566
0.261744
0.259463
0.081614
0.361146
0.111866
0.020417
0.381082
0.105866
0.245123
0.119813
0.165321
0.524351
0.258223
0.339079
0.217976
0.510047
0.037002
0.150674
0.250012
0.423307
0.109593
0.370074
0.171889
0.078082
0.295989
0.357100
0.077932
0.172909
0.324844
0.244793
0.291965
0.193087
0.326813
0.192923
0.058842
0.205634
0.226374
0.446583
0.329141
0.154003
0.358127
0.402532
0.364227
0.085909
0.233277
0.268652
0.245699
0.345652
0.193517
0.246075
0.140235
0.052398
0.274012
0.301074
0.248916
0.186260
0.270359
0.396824
0.383940
0.074232
0.171290
0.096502
0.291450
0.174735
0.216081
0.256769
0.156179
0.326789
0.215396
0.147630
0.104871
0.353757
0.369580
0.408608
0.288965
0.106501
0.253797
0.185575
0.533943
0.241274
0.190662
0.269969
0.149669
0.216979
0.143165
0.347025
0.129337
0.357860
0.318571
0.320338
0.472508
0.281247
0.229990
0.216204
0.392969
0.217978
0.143826
0.275156
0.153354
0.334829
0.201988
0.037125
0.348837
0.134957
0.307265
0.242188
0.163259
0.601941
0.231819
0.332083
0.255926
0.501039
0.103219
0.223678
0.316244
0.485134
0.050681
0.346755
0.057742
0.050800
0.253967
0.245560
0.131462
0.265131
0.367572
0.165332
0.231105
0.190254
0.359121
0.072158
0.027621
0.313474
0.299896
0.435615
0.366945
0.197976
0.329394
0.413343
0.272136
0.126251
0.164044
0.322467
0.185718
0.553312
0.086308
0.188582
0.311040
0.113302
0.303945
0.181217
0.239946
0.207329
0.193924
0.447115
0.422801
0.118914
0.138613
0.032750
0.360833
0.082668
0.242643
0.285600
0.200672
0.253105
0.215630
0.204203
0.045355
0.261145
0.367026
0.390567
0.309635
0.103648
0.202544
0.214226
0.389387
0.197380
0.189622
0.225047
0.182756
0.193821
0.139765
0.277279
0.093917
0.359735
0.325066
0.291255
0.342915
0.285527
0.161143
0.199852
0.292062
0.205934
0.141742
0.249842
0.138266
0.331914
0.061239
0.044365
0.341324
0.203398
0.362563
0.243657
0.113699
0.586076
0.258487
0.397168
0.174664
0.420509
0.131679
0.236684
0.336984
0.465862
0.122492
0.284174
0.092416
0.129898
0.259789
0.131922
0.282518
0.265707
0.321673
0.248718
0.229580
0.057115
0.308114
0.113387
0.018937
0.292348
0.255234
0.371730
0.373783
0.282793
0.459092
0.459688
0.188263
0.265843
0.188594
0.452191
0.173261
0.594435
0.147834
0.202618
0.279622
0.231304
0.378465
0.241525
0.403619
0.152550
0.182069
0.408740
0.494503
0.180524
0.163033
0.060474
0.352330
0.120190
0.202358
0.276749
0.235071
0.178558
0.184496
0.268950
0.108841
0.186952
0.349055
0.334228
0.239991
0.114293
0.166558
0.102401
0.349615
0.266859
0.256442
0.142941
0.289132
0.240624
0.112799
0.372612
0.150162
0.475276
0.275258
0.168874
0.132549
0.197598
0.150963
0.315215
0.246942
0.311893
0.186934
0.247735
0.087562
0.235856
0.106490
0.076146
0.254033
0.231596
0.301862
0.130242
0.029347
0.468562
0.218782
0.494119
0.181019
0.329823
0.117269
0.151240
0.368331
0.307024
0.188728
0.301052
0.219757
0.127060
0.252434
0.197612
0.295638
0.155306
0.232945
0.216284
0.252252
0.088812
0.230057
0.198078
0.082452
0.158973
0.187196
0.330810
0.385721
0.393913
0.568406
0.474835
0.166646
0.286665
0.185347
0.561778
0.244183
0.426665
0.199942
0.220966
0.155233
0.284296
0.465837
0.265547
0.431141
0.202706
0.245551
0.359339
0.423977
0.101617
0.136397
0.013278
0.297374
0.155302
0.193309
0.281758
0.270023
0.054405
0.234612
0.260799
0.169416
0.162590
0.347550
0.245567
0.214690
0.235199
0.252828
0.242851
0.419935
0.365095
0.249465
0.161867
0.371948
0.351309
0.201079
0.378226
0.220007
0.608113
0.154004
0.170722
0.125277
0.231478
0.211208
0.308355
0.295699
0.379292
0.128603
0.268393
0.169644
0.051950
0.138909
0.100466
0.111410
0.321217
0.152739
0.119007
0.086056
0.481949
0.176140
0.477754
0.180093
0.386161
0.108684
0.151413
0.471110
0.083700
0.231892
0.355673
0.257054
0.082233
0.219851
0.283822
0.212841
0.108945
0.143701
0.029990
0.254222
0.271367
0.240363
0.263875
0.031599
0.178715
0.134858
0.293936
0.383439
0.415132
0.507538
0.356584
0.166861
0.216606
0.245329
0.530365
0.294613
0.245659
0.315511
0.204365
0.047245
0.312331
0.506157
0.257719
0.363957
0.091830
0.279051
0.390958
0.279655
0.042039
0.092989
0.033078
0.255254
0.298248
0.179243
0.226142
0.210260
0.094745
0.187712
0.187224
0.162971
0.161694
0.295607
0.121841
0.220861
0.363267
0.346028
0.251318
0.402887
0.390312
0.138191
0.215500
0.249529
0.399242
0.379066
0.226240
0.342326
0.591121
0.085583
0.231443
0.156172
0.364413
0.194032
0.186128
0.340949
0.356452
0.282151
0.246689
0.132110
0.150961
0.080892
0.100295
0.035473
0.452320
0.220179
0.175952
0.232284
0.428526
0.164036
0.256065
0.218578
0.421046
0.091239
0.117319
0.513828
0.011415
0.339571
0.306092
0.089185
0.120516
0.163285
0.283959
0.193045
0.048081
0.100436
0.071007
0.270134
0.407571
0.241677
0.284528
0.107959
0.172370
0.226647
0.188445
0.323534
0.416297
0.432795
0.247757
0.112774
0.272441
0.266099
0.350426
0.303456
0.305489
0.444557
0.190764
0.064057
0.345495
0.410854
0.248119
0.283777
0.067302
0.296835
0.449832
0.281795
0.098915
0.174552
0.059045
0.216428
0.400014
0.232095
0.154980
0.159095
0.200120
0.046133
0.192346
0.211255
0.169807
0.215978
0.035605
0.178874
0.294327
0.346216
0.094447
0.222880
0.385779
0.070713
0.223054
0.163299
0.403425
0.389695
0.216086
0.463800
0.518574
0.088574
0.250730
0.142618
0.427449
0.105713
0.047711
0.321714
0.350982
0.325960
0.265394
0.068690
0.112002
0.150166
0.053958
0.076386
0.520261
0.167920
0.170031
0.310960
0.302140
0.218651
0.090152
0.148651
0.349903
0.149445
0.127213
0.359303
0.049397
0.394902
0.268223
0.082913
0.245971
0.149778
0.209747
0.219780
0.082265
0.097019
0.127211
0.210109
0.432576
0.274250
0.174738
0.206983
0.050679
0.277987
0.085063
0.213839
0.480842
0.463306
0.264289
0.066346
0.264893
0.404332
0.245853
0.235128
0.366936
0.404311
0.253323
0.187627
0.345259
0.367309
0.249480
0.250268
0.075667
0.303591
0.392436
0.293512
0.030117
0.198391
0.146109
0.273396
0.435029
0.224036
0.154068
0.107300
0.279785
0.036683
0.213875
0.273382
0.204818
0.160967
0.089271
0.053071
0.068967
0.171940
0.064732
0.097005
0.362626
0.143957
0.188364
0.189459
0.511674
0.211653
0.224147
0.573990
0.418556
0.129529
0.082300
0.080556
0.313023
0.047025
0.044781
0.348363
0.363171
0.284655
0.195495
0.040442
0.098592
0.190580
0.173096
0.147010
0.382119
0.216957
0.213118
0.195286
0.311893
0.304544
0.035560
0.147153
0.266602
0.243534
0.194538
0.081433
0.183930
0.497938
0.299457
0.137729
0.342616
0.174792
0.229914
0.266554
0.139695
0.052035
0.176618
0.147192
0.431814
0.271645
0.225299
0.179661
0.021144
0.129475
0.074823
0.080039
0.507071
0.452534
0.227279
0.031563
0.125919
0.293857
0.334707
0.164255
0.285294
0.297799
0.341385
0.308780
0.321485
0.337432
0.253452
0.217557
0.079699
0.212096
0.253587
0.214932
0.195735
0.147661
0.290887
0.292787
0.481389
0.173020
0.113424
0.079006
0.368435
0.154532
0.197003
0.243646
0.190684
0.160401
0.120466
0.026336
0.070136
0.072242
0.096121
0.173623
0.289188
0.102312
0.168544
0.276763
0.573550
0.097455
0.243968
0.539049
0.243182
0.091181
0.123744
0.062075
0.210922
0.106080
0.104101
0.374032
0.333388
0.260972
0.165712
0.123454
0.142178
0.263791
0.345736
0.144737
0.211692
0.143018
0.186400
0.095621
0.328415
0.247159
0.064336
0.177848
0.178228
0.322754
0.296847
0.129138
0.269197
0.398722
0.296231
0.307586
0.268822
0.204516
0.282934
0.287745
0.046966
0.115989
0.090678
0.147234
0.473161
0.257060
0.233381
0.224599
0.157544
0.121967
0.154624
0.036956
0.354544
0.266923
0.230945
0.082889
0.109068
0.088969
0.343880
0.160637
0.196047
0.352537
0.340970
0.341301
0.286026
0.240202
0.197081
0.200895
0.077587
0.078064
0.308707
0.102074
0.233656
0.181919
0.371090
0.257129
0.474631
0.327522
0.112740
0.118155
0.398923
0.319509
0.068301
0.178394
0.131912
0.176988
0.176439
0.088475
0.022042
0.093506
0.124580
0.210865
0.175275
0.074814
0.138817
0.422189
0.506309
0.118608
0.137785
0.492012
0.023093
0.030799
0.149746
0.104677
0.287629
0.134632
0.137211
0.264315
0.221563
0.303858
0.164828
0.107472
0.152163
0.277037
0.400985
0.086676
0.143708
0.179147
0.223461
0.113250
0.226855
0.250325
0.125358
0.163121
0.040264
0.278709
0.351473
0.131320
0.184243
0.272269
0.139962
0.305146
0.259561
0.165993
0.266513
0.266616
0.189217
0.174297
0.076686
0.172244
0.435154
0.065406
0.222800
0.255248
0.196991
0.067257
0.164021
0.117691
0.229135
0.082393
0.261809
0.128127
0.132831
0.119135
0.220417
0.146002
0.243822
0.374783
0.280821
0.244180
0.252499
0.164621
0.061150
0.229717
0.101514
0.069943
0.363102
0.082908
0.264665
0.251814
0.324684
0.211438
0.450681
0.385727
0.079068
0.202194
0.320651
0.321335
0.064974
0.172423
0.118790
0.202197
0.200587
0.140996
0.063862
0.143678
0.103876
0.148298
0.088733
0.150934
0.132873
0.402736
0.425360
0.219016
0.031753
0.464417
0.123749
0.008757
0.055829
0.176357
0.370277
0.150465
0.160783
0.092038
0.138642
0.209306
0.158927
0.228382
0.110718
0.263144
0.358733
0.150553
0.135819
0.236966
0.273386
0.165649
0.137236
0.316846
0.134276
0.150392
0.019876
0.178678
0.313303
0.119148
0.183066
0.105505
0.283146
0.267464
0.317158
0.102771
0.178799
0.269874
0.334791
0.151245
0.186589
0.082029
0.347091
0.209577
0.245817
0.221129
0.107474
0.163075
0.122639
0.147191
0.317843
0.095290
0.189912
0.079838
0.196031
0.159210
0.134133
0.067559
0.177421
0.339218
0.256575
0.241276
0.135770
0.190152
0.115423
0.157397
0.052773
0.092682
0.342894
0.053167
0.325289
0.276824
0.300059
0.182734
0.447693
0.394415
0.178594
0.200084
0.190483
0.295476
0.073394
0.305701
0.196049
0.176845
0.170678
0.060486
0.116979
0.153274
0.179006
0.088848
0.041756
0.115143
0.181895
0.331692
0.446324
0.250414
0.200394
0.336296
0.107285
0.091776
0.259734
0.184959
0.294076
0.134957
0.189920
0.243685
0.116663
0.040616
0.086164
0.321666
0.217160
0.183925
0.239932
0.109727
0.070948
0.280598
0.218593
0.105929
0.093526
0.365874
0.113549
0.322065
0.077880
0.139799
0.251280
0.185942
0.089272
0.044369
0.337005
0.239996
0.238887
0.124875
0.183326
0.235743
0.407106
0.128397
0.275065
0.147024
0.200708
0.338679
0.244830
0.293579
0.128727
0.279094
0.071416
0.087975
0.417950
0.082741
0.107152
0.062695
0.346870
0.136014
0.071968
0.026377
0.130913
0.345399
0.267621
0.248202
0.148006
0.212177
0.162982
0.123548
0.104248
0.092186
0.276883
0.128769
0.389314
0.229048
0.317726
0.135532
0.332463
0.394676
0.187860
0.141736
0.125259
0.386807
0.046278
0.377468
0.296731
0.177426
0.134621
0.044049
0.071572
0.094836
0.250711
0.116779
0.059496
0.152412
0.227657
0.341239
0.430321
0.182345
0.256034
0.203076
0.120668
0.133752
0.290409
0.134049
0.082757
0.181549
0.193200
0.241948
0.214844
0.047150
0.124066
0.345580
0.261290
0.183944
0.153610
0.004991
0.065142
0.221378
0.085293
0.037062
0.178696
0.310611
0.124598
0.377980
0.154544
0.210494
0.224479
0.259296
0.100537
0.093308
0.303223
0.147649
0.160246
0.186341
0.280973
0.203093
0.457480
0.052193
0.208903
0.199669
0.132228
0.295538
0.250243
0.302540
0.163035
0.297267
0.054510
0.036632
0.469378
0.144899
0.089992
0.045377
0.310905
0.170744
0.121456
0.104146
0.100295
0.357305
0.229311
0.314797
0.157378
0.140513
0.269997
0.164943
0.175150
0.266525
0.150185
0.109932
0.263741
0.183145
0.140896
0.079688
0.098907
0.226751
0.177820
0.130177
0.143845
0.330161
0.081255
0.252852
0.254372
0.172747
0.150632
0.085154
0.039714
0.193797
0.300030
0.112333
0.119994
0.103755
0.163907
0.428474
0.328637
0.096917
0.295458
0.186122
0.165397
0.095839
0.251409
0.160352
0.138656
0.130568
0.271571
0.242893
0.143065
0.104181
0.054947
0.444827
0.240636
0.242017
0.140920
0.099462
0.170018
0.084421
0.099196
0.013191
0.309202
0.219306
0.195533
0.338118
0.197282
0.137271
0.193299
0.204681
0.138268
0.206767
0.180221
0.131750
0.156728
0.153742
0.290210
0.111420
0.400385
0.113014
0.134080
0.144251
0.095947
0.205364
0.105576
0.167040
0.148329
0.245293
0.194208
0.163202
0.350515
0.329036
0.038372
0.033782
0.121810
0.111230
0.143993
0.320653
0.085419
0.328421
0.184702
0.438632
0.197189
0.133146
0.276445
0.284707
0.131828
0.238149
0.062836
0.114723
0.148998
0.193553
0.161774
0.241330
0.070301
0.104609
0.235220
0.203931
0.172135
0.208472
0.103888
0.075574
0.119796
0.184307
0.133512
0.144194
0.025673
0.107786
0.313741
0.077051
0.122928
0.035167
0.137068
0.456045
0.215415
0.131072
0.247836
0.263447
0.212936
0.160748
0.363381
0.183097
0.048636
0.085148
0.230109
0.240191
0.070877
0.148094
0.109277
0.493968
0.215152
0.315945
0.149118
0.171333
0.231560
0.021904
0.092954
0.103913
0.327283
0.122818
0.281479
0.171760
0.173050
0.069492
0.105857
0.149434
0.269474
0.324028
0.148696
0.126393
0.163057
0.086464
0.149513
0.166460
0.263927
0.129182
0.194290
0.171475
0.065283
0.227356
0.054161
0.035604
0.106254
0.264236
0.308607
0.214639
0.306193
0.436960
0.041592
0.065329
0.162541
0.074511
0.170318
0.270643
0.158339
0.202871
0.217775
0.399968
0.089151
0.123895
0.096732
0.410896
0.180447
0.065374
0.194757
0.269821
0.246357
0.207307
0.229964
0.336199
0.028035
0.045421
0.242458
0.240772
0.169843
0.156223
0.067322
0.085778
0.086681
0.232280
0.051241
0.204464
0.085243
0.133400
0.303988
0.023234
0.178287
0.022023
0.090820
0.400201
0.115015
0.185310
0.228506
0.184362
0.233501
0.347918
0.404009
0.092766
0.077370
0.138493
0.133737
0.197056
0.031873
0.162456
0.189764
0.383905
0.235948
0.416742
0.222071
0.127205
0.193194
0.043563
0.079740
0.073109
0.285566
0.207223
0.234148
0.060742
0.156465
0.023705
0.041832
0.172156
0.340413
0.402185
0.230517
0.053351
0.217664
0.119423
0.042444
0.228960
0.080560
0.119842
0.140794
0.087042
0.213710
0.274948
0.074768
0.173757
0.077671
0.242645
0.269404
0.258657
0.341911
0.339729
0.083908
0.099648
0.149911
0.067598
0.133427
0.134944
0.134451
0.090429
0.263221
0.300039
0.176052
0.113894
0.015216
0.457266
0.274075
0.024737
0.128813
0.237256
0.325269
0.209934
0.184868
0.220635
0.154261
0.236968
0.208786
0.186595
0.127597
0.144876
0.091083
0.133470
0.071837
0.214583
0.078590
0.167301
0.060519
0.120541
0.296697
0.111304
0.343839
0.118908
0.097489
0.260182
0.082593
0.204943
0.225424
0.154922
0.199503
0.352867
0.192575
0.096698
0.067571
0.152796
0.046323
0.049071
0.136311
0.244750
0.186407
0.220170
0.142969
0.324896
0.166899
0.196892
0.085135
0.060878
0.037044
0.013080
0.358815
0.158003
0.153746
0.090284
0.163912
0.215254
0.053403
0.223146
0.256768
0.392015
0.318155
0.155543
0.205486
0.132051
0.090210
0.190066
0.022492
0.166185
0.024561
0.213828
0.259508
0.178376
0.074350
0.244959
0.128024
0.090670
0.229822
0.253171
0.300760
0.171533
0.145672
0.060913
0.055529
0.055472
0.166018
0.214152
0.058083
0.044156
0.284390
0.318206
0.294711
0.112614
0.100698
0.329575
0.351770
0.089005
0.049318
0.071273
0.298456
0.215340
0.234213
0.185283
0.206243
0.156566
0.184132
0.186411
0.098965
0.090079
0.079983
0.151804
0.132511
0.104619
0.135699
0.079053
0.085057
0.052515
0.309768
0.178694
0.345833
0.135005
0.094686
0.136984
0.232381
0.234545
0.149431
0.247855
0.186640
0.196648
0.053145
0.182825
0.119505
0.225742
0.046853
0.035895
0.129848
0.107299
0.108128
0.126752
0.066212
0.095863
0.061543
0.348180
0.093372
0.044928
0.119518
0.064348
0.356987
0.161831
0.115454
0.087170
0.147355
0.287511
0.093537
0.085781
0.171473
0.322452
0.308583
0.158929
0.174761
0.194061
0.260516
0.226828
0.095870
0.210298
0.048091
0.165160
0.198502
0.206339
0.040298
0.349989
0.088317
0.070976
0.319067
0.315223
0.196653
0.146005
0.104693
0.124450
0.103699
0.106886
0.062162
0.223012
0.051738
0.027425
0.184160
0.293204
0.318794
0.185810
0.029568
0.225420
0.319768
0.126686
0.154163
0.056736
0.145599
0.135379
0.342076
0.245961
0.195806
0.081887
0.115198
0.194699
0.126267
0.236727
0.021091
0.248160
0.217567
0.041045
0.165177
0.029792
0.193437
0.035965
0.344859
0.173645
0.142662
0.124357
0.298826
0.127936
0.336700
0.229169
0.074116
0.153831
0.277109
0.145384
0.119258
0.151700
0.231733
0.295676
0.100533
0.141122
0.108595
0.139407
0.064386
0.139748
0.089357
0.227039
0.067679
0.284866
0.144123
0.228660
0.235634
0.116299
0.339021
0.265855
0.106266
0.100415
0.033055
0.290210
0.215826
0.161948
0.148795
0.340076
0.300748
0.128887
0.184603
0.226185
0.223629
0.317586
0.119822
0.199220
0.097948
0.247255
0.142017
0.151398
0.031489
0.334954
0.107599
0.094733
0.355984
0.273046
0.187522
0.257944
0.160370
0.180104
0.112506
0.114452
0.138793
0.096253
0.084792
0.047744
0.223998
0.269467
0.445790
0.251615
0.209165
0.332675
0.145593
0.104223
0.195832
0.053761
0.065623
0.060268
0.399504
0.277710
0.202459
0.057552
0.146822
0.123979
0.167780
0.220881
0.149145
0.322299
0.320898
0.157088
0.178855
0.094096
0.130219
0.178359
0.310770
0.195037
0.062425
0.214808
0.340719
0.135407
0.320725
0.239850
0.106752
0.043019
0.316925
0.164806
0.083598
0.114956
0.180673
0.369648
0.159185
0.131675
0.106099
0.172816
0.064595
0.172438
0.101488
0.261387
0.150089
0.133715
0.143802
0.366895
0.286967
0.153560
0.386355
0.344582
0.141301
0.054197
0.064311
0.252583
0.308004
0.224463
0.187890
0.301154
0.263276
0.275653
0.116022
0.136483
0.210865
0.266090
0.078466
0.260655
0.150316
0.322806
0.189940
0.227846
0.176967
0.329000
0.290468
0.139810
0.314026
0.244544
0.156396
0.239730
0.189208
0.181241
0.189807
0.171465
0.209219
0.017491
0.208839
0.088265
0.236841
0.218964
0.567532
0.341526
0.167297
0.299394
0.020044
0.079994
0.157847
0.204214
0.164709
0.127722
0.308891
0.145129
0.249672
0.017170
0.060934
0.091049
0.145110
0.254373
0.187724
0.397828
0.346047
0.243464
0.226614
0.114631
0.029868
0.277867
0.165834
0.103964
0.062613
0.193395
0.175609
0.137095
0.311337
0.280396
0.131894
0.101360
0.212229
0.135502
0.263623
0.148462
0.162163
0.308433
0.159714
0.060898
0.171011
0.192932
0.093068
0.198072
0.165476
0.206148
0.173581
0.101702
0.116319
0.333431
0.259411
0.094991
0.285013
0.253142
0.120785
0.048567
0.117658
0.349557
0.323124
0.210832
0.128512
0.259833
0.179409
0.412414
0.115345
0.139961
0.316002
0.180507
0.059708
0.251009
0.268111
0.244353
0.226326
0.305667
0.204600
0.183791
0.174366
0.151288
0.311353
0.263643
0.065798
0.192570
0.119556
0.185110
0.193711
0.111425
0.222042
0.154133
0.235062
0.087567
0.196900
0.372257
0.547540
0.332843
0.153227
0.163083
0.090891
0.039824
0.140202
0.326789
0.241113
0.148765
0.126811
0.096968
0.146285
0.120380
0.024482
0.179657
0.110733
0.271165
0.050514
0.365822
0.336654
0.254768
0.111708
0.112824
0.077984
0.261854
0.165514
0.118860
0.068332
0.054277
0.143095
0.209431
0.350593
0.225149
0.080557
0.127526
0.165656
0.178507
0.215296
0.207606
0.205718
0.113815
0.240423
0.108908
0.220381
0.304672
0.092684
0.292645
0.250553
0.233103
0.209825
0.224207
0.166175
0.279666
0.250988
0.140500
0.120581
0.094154
0.075280
0.062258
0.140068
0.395016
0.277143
0.138902
0.101197
0.314285
0.088968
0.413489
0.214841
0.171500
0.333803
0.190595
0.038906
0.180618
0.368262
0.139835
0.311438
0.292285
0.134610
0.233469
0.188211
0.062259
0.283978
0.203173
0.100389
0.291547
0.106996
0.174904
0.153755
0.123749
0.158801
0.225101
0.232985
0.154414
0.180072
0.408590
0.390454
0.272255
0.140644
0.200196
0.216100
0.073104
0.108349
0.210373
0.311520
0.162563
0.091513
0.218281
0.160329
0.087528
0.021825
0.237590
0.096592
0.162470
0.161715
0.405652
0.307076
0.189863
0.102643
0.119874
0.221490
0.259292
0.233179
0.172914
0.099688
0.090181
0.111022
0.321896
0.335430
0.178154
0.141630
0.122759
0.094700
0.160090
0.078865
0.324334
0.234674
0.048567
0.335042
0.271237
0.177754
0.256248
0.142901
0.210428
0.306460
0.277528
0.231279
0.243335
0.194560
0.220117
0.225992
0.090709
0.079242
0.211628
0.079854
0.089157
0.083757
0.202981
0.241867
0.065874
0.058275
0.209601
0.100259
0.328010
0.252560
0.098675
0.279710
0.222418
0.100772
0.147673
0.361372
0.126286
0.454194
0.230435
0.118364
0.270847
0.200531
0.204947
0.218992
0.083028
0.086136
0.501484
0.134079
0.053045
0.202413
0.158352
0.155383
0.309148
0.208060
0.316970
0.175583
0.408726
0.315075
0.170472
0.093981
0.304705
0.362835
0.121523
0.039339
0.201215
0.296863
0.246193
0.198278
0.246711
0.318226
0.078364
0.033416
0.229821
0.183927
0.098287
0.179819
0.376042
0.190245
0.201009
0.205801
0.075968
0.331142
0.189689
0.357398
0.154566
0.200095
0.083664
0.252797
0.323141
0.284544
0.135935
0.245256
0.204973
0.115328
0.161843
0.097873
0.407831
0.215896
0.041324
0.178642
0.242340
0.173023
0.191276
0.141130
0.112595
0.411801
0.297896
0.217355
0.124271
0.203669
0.266633
0.158161
0.100944
0.110907
0.348961
0.118697
0.105970
0.056564
0.158374
0.183838
0.154967
0.006729
0.105973
0.125784
0.275220
0.287510
0.148997
0.173160
0.190615
0.127420
0.223488
0.314010
0.062820
0.332726
0.200999
0.286067
0.206189
0.196649
0.229204
0.048547
0.172014
0.053448
0.526408
0.202948
0.101325
0.333326
0.118015
0.096806
0.266886
0.195755
0.469880
0.226390
0.428078
0.450481
0.106228
0.066991
0.411122
0.457448
0.137710
0.133254
0.202545
0.214668
0.369978
0.192055
0.135806
0.446337
0.079874
0.100792
0.108690
0.186284
0.203798
0.135366
0.301398
0.065181
0.326610
0.034730
0.081161
0.292684
0.202997
0.404703
0.090116
0.128353
0.045986
0.169332
0.370694
0.248954
0.097652
0.260276
0.337908
0.114337
0.211165
0.038595
0.235826
0.159692
0.170652
0.053594
0.241818
0.227753
0.128400
0.163224
0.213299
0.324838
0.428253
0.189269
0.055059
0.236386
0.248298
0.080259
0.158778
0.314713
0.433164
0.185876
0.065590
0.108976
0.125971
0.147022
0.150558
0.170490
0.120027
0.138947
0.324632
0.335105
0.285078
0.124995
0.319630
0.184542
0.270825
0.338307
0.049591
0.194562
0.226398
0.442568
0.094896
0.181882
0.183395
0.188473
0.367431
0.043990
0.436465
0.425839
0.175495
0.318268
0.149907
0.088053
0.179784
0.208808
0.482350
0.182173
0.526398
0.443894
0.033726
0.088864
0.398438
0.405936
0.162778
0.123619
0.225134
0.186737
0.330719
0.240238
0.077043
0.389466
0.148755
0.261522
0.032160
0.258966
0.172047
0.221008
0.202597
0.076551
0.362096
0.132393
0.109311
0.330812
0.096600
0.306191
0.033149
0.213857
0.058976
0.161616
0.400777
0.255799
0.112992
0.291886
0.317631
0.182600
0.224093
0.140562
0.192255
0.058425
0.166338
0.184230
0.244729
0.227885
0.110129
0.294276
0.281870
0.108521
0.406462
0.257485
0.072213
0.267166
0.174622
0.098422
0.248726
0.415724
0.511907
0.233154
0.149074
0.090480
0.034762
0.138631
0.107195
0.108680
0.204810
0.251125
0.272746
0.299406
0.270444
0.083785
0.337928
0.172272
0.325875
0.321693
0.211010
0.150882
0.208282
0.389542
0.182056
0.073840
0.156965
0.178848
0.347842
0.143708
0.255313
0.486410
0.156907
0.221278
0.250662
0.083538
0.296038
0.222413
0.362068
0.158306
0.466423
0.323758
0.133256
0.119563
0.307880
0.299697
0.223791
0.158031
0.257953
0.302051
0.213658
0.249736
0.137801
0.303246
0.084949
0.236373
0.063395
0.447662
0.177827
0.284192
0.115586
0.095001
0.307256
0.099526
0.151950
0.338291
0.064315
0.273639
0.150847
0.243120
0.099195
0.138878
0.342726
0.231841
0.204202
0.228937
0.259215
0.210290
0.266445
0.107542
0.212820
0.080277
0.246126
0.339753
0.238900
0.201145
0.220080
0.375282
0.386287
0.101683
0.238612
0.372274
0.202074
0.130253
0.304295
0.110850
0.289186
0.258132
0.452153
0.159939
0.260157
0.058159
0.130703
0.089934
0.064247
0.053713
0.219173
0.315333
0.131338
0.294010
0.332862
0.076826
0.115683
0.147353
0.303875
0.245535
0.356066
0.201925
0.294939
0.204965
0.294589
0.070118
0.149329
0.125900
0.192223
0.108120
0.152452
0.372418
0.193918
0.151555
0.284522
0.057687
0.291580
0.194445
0.330510
0.120662
0.295268
0.340121
0.153308
0.147054
0.169005
0.285750
0.266004
0.219419
0.261966
0.419117
0.174541
0.202160
0.067998
0.323686
0.054622
0.147754
0.111588
0.482697
0.150542
0.200972
0.078516
0.174221
0.352499
0.114019
0.235344
0.421248
0.124155
0.333212
0.289298
0.140151
0.146607
0.043737
0.267363
0.174530
0.201238
0.335414
0.299214
0.334351
0.321007
0.091745
0.194777
0.047484
0.211449
0.366502
0.207535
0.160215
0.316930
0.310876
0.439027
0.083131
0.259939
0.378498
0.207233
0.279275
0.220934
0.067169
0.345227
0.118679
0.458380
0.156051
0.272279
0.004504
0.211959
0.093250
0.099751
0.234347
0.211621
0.255775
0.056945
0.250647
0.385428
0.078967
0.045160
0.116796
0.257596
0.152256
0.256609
0.040074
0.396912
0.131065
0.286816
0.127747
0.144333
0.194144
0.296632
0.017492
0.092959
0.254432
0.331010
0.143104
0.203187
0.119592
0.152350
0.187600
0.453640
0.126112
0.190138
0.429524
0.074663
0.195098
0.191554
0.322370
0.188297
0.293797
0.166300
0.460589
0.217227
0.173151
0.190384
0.320672
0.162190
0.225201
0.175862
0.422291
0.165683
0.141118
0.026610
0.218511
0.418787
0.168332
0.310351
0.363216
0.208688
0.385317
0.272200
0.069439
0.253267
0.071296
0.207172
0.128228
0.087366
0.364714
0.289173
0.340563
0.358907
0.134278
0.215733
0.140922
0.232005
0.339447
0.210804
0.150046
0.336133
0.201212
0.496099
0.113926
0.171063
0.326817
0.240632
0.322721
0.179984
0.047723
0.358728
0.134457
0.442301
0.215849
0.207635
0.022195
