# G_4, p = 1.0000 GPa (dir_10000.0_bar).
# D8R-only: 48 rings x 101 frames = 4848 samples.
# Column: per-D8R Delta [A]
1.351413
1.234386
1.108574
1.387797
1.351390
1.234384
1.108568
1.387806
1.351383
1.234355
1.108544
1.387842
1.351377
1.234358
1.108550
1.387837
1.351295
1.234508
1.108692
1.387864
1.351267
1.234504
1.108675
1.387873
1.351295
1.234508
1.108676
1.387865
1.351287
1.234497
1.108680
1.387842
1.351101
1.234735
1.108925
1.387918
1.351081
1.234749
1.108910
1.387927
1.351085
1.234720
1.108910
1.387944
1.351081
1.234718
1.108894
1.387927
1.346795
1.184124
1.210877
1.259501
1.311681
1.283561
0.978621
1.338017
1.335195
1.267865
1.104362
1.415126
1.277993
1.349085
1.211673
1.478599
1.299907
1.116769
1.049819
1.380955
1.335551
1.243948
0.781816
1.330037
1.415629
1.192704
1.007902
1.467595
1.391868
1.283704
1.037140
1.522506
1.327623
1.149515
1.225851
1.311653
1.223017
1.320919
1.142151
1.232014
1.271390
1.302420
1.075809
1.394290
1.551566
1.165113
1.057361
1.368838
1.344969
1.101519
1.224037
1.353188
1.244197
1.379119
0.958094
1.367976
1.383844
1.196802
1.058851
1.368234
1.245968
1.368848
1.301170
1.518261
1.214894
1.022791
1.096321
1.361697
1.322546
1.219776
0.664386
1.261523
1.468022
1.332998
0.994832
1.550734
1.446801
1.314346
1.130205
1.488531
1.264773
1.145415
1.283333
1.261489
1.133567
1.360555
1.202007
1.124322
1.368474
1.225342
1.135108
1.358771
1.642541
1.213664
0.965356
1.322999
1.336041
1.026274
1.192924
1.499989
1.227926
1.471331
1.050209
1.360991
1.448678
1.125520
0.990838
1.398318
1.212969
1.331959
1.299106
1.468863
1.197235
1.032377
1.164261
1.423240
1.361190
1.281863
0.698000
1.197739
1.486777
1.508946
1.036676
1.584840
1.446973
1.195175
1.269066
1.460116
1.315369
1.224188
1.389350
1.344892
1.138855
1.301675
1.188494
1.169789
1.488484
1.199027
1.166406
1.325162
1.506201
1.269088
0.892387
1.156204
1.293805
1.001532
1.148457
1.471660
1.311478
1.563789
1.122855
1.327523
1.435772
1.071729
1.014486
1.467335
1.139203
1.354259
1.258719
1.493404
1.216699
0.996452
1.145720
1.557500
1.407014
1.283558
0.658917
1.165116
1.483780
1.464964
1.016379
1.498635
1.352977
1.075895
1.320792
1.513356
1.449402
1.238179
1.521388
1.425950
1.116379
1.275514
1.088336
1.260751
1.456338
1.191618
1.142525
1.338313
1.419488
1.391332
0.870710
1.041429
1.321327
1.015540
1.203634
1.391188
1.323111
1.616530
1.157281
1.314709
1.418701
1.085051
1.013554
1.524828
1.203809
1.314994
1.292626
1.553988
1.125072
1.011003
1.050256
1.613517
1.388084
1.329969
0.643584
1.278576
1.553706
1.382947
0.976791
1.403162
1.273479
1.067219
1.292333
1.531697
1.467655
1.149974
1.570367
1.385406
1.081327
1.273604
1.033231
1.314840
1.446192
1.220504
1.037294
1.389028
1.391357
1.510503
0.895290
0.998017
1.405585
1.016773
1.302518
1.471533
1.273678
1.632568
1.078496
1.342903
1.311289
1.114341
0.937577
1.457088
1.315714
1.260094
1.282688
1.571551
1.117215
1.134399
0.903343
1.512079
1.230295
1.405491
0.677346
1.391015
1.546267
1.429530
0.918774
1.481645
1.282642
1.073280
1.309954
1.470839
1.408711
1.079325
1.440702
1.323255
1.045082
1.234793
1.084708
1.301383
1.492202
1.239240
0.976786
1.385949
1.405335
1.474493
0.908595
1.186848
1.386018
1.004277
1.466146
1.514924
1.267077
1.624671
0.938670
1.393530
1.199106
1.163867
0.886368
1.424490
1.269623
1.234679
1.240480
1.419173
1.292459
1.187487
0.835285
1.466256
1.133832
1.416288
0.755520
1.347410
1.489452
1.498313
0.858373
1.619537
1.389629
1.082447
1.363119
1.408602
1.488743
1.052328
1.353453
1.264628
1.017925
1.099026
1.165995
1.353945
1.474786
1.217602
0.989441
1.346275
1.492938
1.377045
0.901051
1.398903
1.361835
0.952854
1.527487
1.355387
1.251611
1.523184
0.943303
1.461568
1.145876
1.138912
0.951777
1.393965
1.179600
1.194232
1.149303
1.296009
1.331689
1.237327
0.756399
1.479137
1.140820
1.370745
0.726337
1.262777
1.349195
1.382319
0.825241
1.570085
1.462737
1.155654
1.356870
1.329642
1.631670
1.073241
1.298872
1.262904
1.056964
0.921991
1.188516
1.477199
1.331514
1.178677
0.972961
1.339007
1.529032
1.347049
0.983853
1.472330
1.434606
1.011885
1.467303
1.274612
1.251560
1.452881
0.983676
1.550542
1.125566
1.081323
0.970203
1.348074
1.246835
1.065145
1.000983
1.270572
1.217693
1.291371
0.699552
1.460565
1.209477
1.342858
0.724790
1.352087
1.245790
1.233693
0.877111
1.472425
1.382994
1.231044
1.353768
1.268026
1.574968
1.056586
1.234937
1.227140
1.155083
0.801949
1.080006
1.456751
1.220321
1.051251
0.895738
1.338856
1.397906
1.284939
0.994271
1.488863
1.444704
1.202317
1.288545
1.311875
1.249943
1.297335
0.955913
1.497825
1.076747
0.990179
0.956835
1.412581
1.298696
0.992496
0.961440
1.303603
1.203562
1.347400
0.685269
1.359538
1.278330
1.233514
0.881795
1.479131
1.073477
1.106894
0.950255
1.438425
1.394150
1.111218
1.276718
1.330250
1.466266
1.063677
1.048307
1.231593
1.162487
0.742213
0.986082
1.392558
1.076668
0.988901
0.804437
1.286370
1.262085
1.228255
0.880680
1.562364
1.364617
1.285025
1.085702
1.420433
1.367329
1.199259
0.855269
1.402356
1.103100
1.088070
0.971113
1.546331
1.189191
1.043997
0.983020
1.277999
1.344399
1.399749
0.747765
1.359704
1.284047
1.230658
1.123110
1.496727
0.939932
1.005109
0.942112
1.450302
1.469956
1.031539
1.207288
1.411776
1.409049
1.130458
0.902022
1.315053
1.124947
0.746596
0.939521
1.340925
0.921908
0.963257
0.736438
1.314702
1.156112
1.171016
0.775502
1.591417
1.293682
1.240894
0.925818
1.440229
1.533921
1.196527
0.904844
1.333614
1.194110
1.101285
0.985201
1.451218
1.122617
1.149298
0.895568
1.211572
1.411482
1.427574
0.826304
1.334192
1.164464
1.280652
1.303449
1.410095
0.838482
0.960671
0.894776
1.449892
1.480211
1.168852
1.130075
1.390840
1.271451
1.199626
0.885439
1.280296
1.154937
0.848193
0.956769
1.390972
0.797783
0.902175
0.731731
1.404305
1.140318
1.065512
0.844226
1.546820
1.211256
1.112114
0.821071
1.376581
1.467270
1.124704
0.990888
1.242544
1.300767
0.943820
0.978196
1.320068
1.182970
1.102718
0.782540
1.118285
1.289134
1.345760
0.776306
1.121878
1.164145
1.252062
1.404234
1.317387
0.842733
0.906763
1.016785
1.295516
1.368517
1.348579
1.045035
1.341701
1.163744
1.215109
0.908752
1.213869
1.242529
0.997237
1.003283
1.422283
0.792318
0.818873
0.769077
1.427494
1.020172
0.940510
0.952891
1.537951
1.137654
1.039718
0.692850
1.304477
1.377929
0.949779
0.973804
1.091675
1.153708
0.799398
0.892795
1.285154
1.160541
1.118320
0.722964
1.018496
1.179951
1.200816
0.659674
0.920108
1.179084
1.074800
1.489786
1.219504
0.892009
0.760800
1.152688
1.213273
1.293599
1.218846
0.884515
1.229250
1.212935
1.145578
0.885609
1.259895
1.308755
1.053333
1.030711
1.333041
0.837016
0.711488
0.803401
1.325410
0.910435
0.888403
0.993996
1.532071
1.110495
1.094532
0.522255
1.257469
1.287932
0.804338
0.900180
0.950780
0.989588
0.776532
0.818227
1.303498
1.057966
1.226699
0.847272
0.986034
1.070118
1.019529
0.637867
0.889603
1.170612
0.896458
1.444498
1.157480
0.902237
0.669458
1.114609
1.220019
1.162553
1.067739
0.778526
1.066628
1.259414
1.176250
0.783736
1.319630
1.332614
1.024741
0.975604
1.168759
0.885454
0.704583
0.779906
1.157608
0.925868
0.939865
0.906294
1.435406
1.102588
1.283600
0.430804
1.256934
1.150825
0.775177
0.991240
0.893218
0.914460
0.711332
0.749472
1.131335
1.116277
1.272848
0.887153
0.959908
0.913411
0.923815
0.699339
0.915864
1.270946
0.829117
1.316778
1.153387
0.837803
0.701407
1.055227
1.230408
1.046016
1.070484
0.671664
0.986256
1.218668
1.227037
0.648972
1.304719
1.216757
1.046287
0.911772
1.090273
0.906689
0.824863
0.765358
1.079231
0.975847
0.949411
0.864371
1.339455
1.037721
1.386669
0.407122
1.218681
1.085459
0.730822
1.062136
0.787967
0.938073
0.632928
0.662157
0.925947
1.136711
1.198986
0.784857
0.912387
0.832232
0.895207
0.726721
0.951674
1.393390
0.729131
1.200249
1.134468
0.859903
0.720805
1.056919
1.185398
0.959885
1.009463
0.565313
1.001181
1.074929
1.172722
0.600569
1.219905
1.081003
1.057886
0.802951
1.140519
0.929779
0.933764
0.809151
1.017004
0.922375
0.968260
0.909201
1.293653
0.991714
1.257639
0.420072
1.110790
1.062156
0.654029
1.059282
0.695264
0.992614
0.568236
0.642005
0.861459
1.066461
1.085906
0.665872
0.938843
0.857467
0.859402
0.664338
0.971749
1.310899
0.636166
1.129242
1.149146
0.913534
0.671317
1.023124
1.061020
0.984079
0.920535
0.517298
0.978779
0.918286
1.121835
0.579860
1.156708
0.906672
1.038404
0.726862
1.209277
1.048730
0.995878
0.848642
0.950998
0.870433
1.028493
0.982139
1.084857
1.039435
1.005440
0.411974
0.982126
1.032215
0.659506
0.949193
0.769161
1.040710
0.633748
0.680077
0.900768
1.013693
1.007842
0.675207
1.066367
0.917095
0.744299
0.654943
1.048411
1.078106
0.578724
1.002710
1.155716
1.016517
0.656979
0.785656
1.020066
0.973458
0.912624
0.550009
0.849914
0.742726
1.162932
0.516621
1.095191
0.815369
0.978758
0.729701
1.137219
1.187280
0.951775
0.819508
0.838937
0.902279
1.062608
0.993244
0.847463
1.022041
0.896728
0.439670
0.891871
0.918012
0.710367
0.890156
0.939009
1.025890
0.795860
0.730703
0.888280
1.178858
0.951647
0.718991
1.157047
0.823798
0.685525
0.748231
1.082678
0.968050
0.632338
0.834159
1.049390
1.039534
0.722843
0.601314
1.087516
0.950099
1.005070
0.561676
0.738651
0.713182
1.146944
0.434702
1.025588
0.794273
0.986315
0.689146
1.057948
1.253621
0.983124
0.767129
0.634167
0.970522
1.002241
0.910566
0.844534
0.852066
0.899430
0.481449
0.840253
0.823913
0.662526
0.821739
1.058456
1.008787
0.835312
0.713422
0.909132
1.200376
0.935742
0.800788
1.134561
0.791551
0.638822
0.898544
1.217695
1.054462
0.755196
0.674093
0.928687
1.048724
0.702633
0.662076
1.103907
0.852078
0.969386
0.610146
0.803592
0.736057
0.988409
0.398721
0.859895
0.836210
1.049870
0.684603
0.917707
1.257283
1.054496
0.731554
0.549335
0.961387
1.043734
0.854490
1.002091
0.691544
0.848565
0.605245
0.867335
0.811787
0.650854
0.736243
1.184159
1.043519
0.783587
0.697923
1.010313
1.050523
0.980026
0.836576
1.092755
0.743749
0.567577
0.915862
1.347165
1.085695
0.827410
0.552816
0.935338
1.099523
0.641851
0.652898
0.996343
0.878683
0.819072
0.731133
0.846755
0.635276
0.831492
0.434527
0.713558
0.843186
1.085002
0.745562
0.793255
1.222018
1.082822
0.747321
0.624360
0.894526
1.160422
0.728097
1.027882
0.719205
0.751649
0.668444
0.945570
0.757635
0.779443
0.603882
1.235026
1.181901
0.787045
0.684782
1.018326
0.923109
0.881906
0.858869
1.120256
0.667445
0.439604
0.915958
1.321089
1.028260
0.849532
0.477544
0.954034
1.095608
0.616631
0.469017
0.960316
0.897297
0.556966
0.863305
0.863464
0.589677
0.788628
0.384055
0.690492
0.845835
1.090975
0.833457
0.679586
1.215641
0.982380
0.676919
0.669053
0.856967
1.109867
0.543655
0.934952
0.722921
0.688813
0.702927
0.904814
0.679170
0.875774
0.519318
1.169396
1.208520
0.838214
0.729271
0.981055
0.875986
0.831935
0.795222
1.135402
0.572861
0.422625
0.837391
1.250946
1.037279
0.833522
0.387524
0.869426
1.050781
0.617212
0.334643
0.890445
0.910087
0.392587
0.845028
0.857776
0.663036
0.796299
0.315229
0.820573
0.819800
1.047976
0.813251
0.624887
1.220518
0.801065
0.561516
0.609394
0.828921
0.908718
0.437320
0.909370
0.629475
0.580848
0.781078
0.775574
0.665465
0.772538
0.381422
0.989742
1.109165
0.855499
0.675312
0.847410
0.829737
0.769980
0.768500
1.084090
0.547937
0.528266
0.710153
1.276519
0.923633
0.901380
0.365851
0.724965
1.106787
0.665521
0.330527
0.782089
0.870302
0.435049
0.795849
0.824485
0.783523
0.784458
0.400397
0.923021
0.742756
0.910250
0.705079
0.622108
1.144615
0.628968
0.473636
0.547783
0.759909
0.769107
0.468652
0.890755
0.673290
0.491039
0.861822
0.775675
0.700186
0.575615
0.346684
0.957295
0.968714
0.786852
0.621120
0.704301
0.776338
0.744602
0.722020
1.069914
0.611636
0.628932
0.681932
1.223460
0.753128
0.910529
0.392778
0.762627
1.123882
0.677405
0.317427
0.731590
0.853345
0.590498
0.862604
0.762432
0.893637
0.712200
0.552816
0.920620
0.681362
0.775694
0.655068
0.608034
1.143119
0.589451
0.444977
0.552611
0.747782
0.690711
0.519813
0.800991
0.785495
0.503792
0.876860
0.809853
0.646663
0.509935
0.385021
1.060977
0.899562
0.686418
0.579909
0.613734
0.777583
0.675492
0.711293
1.164335
0.735391
0.642456
0.788864
1.049763
0.676262
0.852420
0.390844
0.785761
1.059746
0.688602
0.289938
0.742266
0.745119
0.596877
0.906244
0.750615
0.949775
0.654493
0.654879
0.803950
0.656576
0.697960
0.651396
0.602423
1.200391
0.665541
0.439588
0.564243
0.801243
0.617587
0.437218
0.770514
0.811258
0.520625
0.736335
0.773925
0.560586
0.490775
0.445953
1.112959
0.837560
0.565513
0.612245
0.653608
0.812288
0.629779
0.626903
1.112004
0.879552
0.703017
0.840902
0.866814
0.717526
0.800003
0.456190
0.771313
0.947433
0.727559
0.409222
0.721736
0.716863
0.443089
0.749613
0.771867
0.896360
0.596338
0.714699
0.768177
0.653964
0.642325
0.555712
0.576046
1.165421
0.747752
0.389228
0.708145
0.823084
0.562866
0.378230
0.903074
0.761272
0.432706
0.592796
0.805633
0.643852
0.491395
0.400626
1.032140
0.845364
0.545714
0.614418
0.713084
0.831453
0.553774
0.578770
0.964623
0.991538
0.743223
0.763908
0.828484
0.689145
0.893741
0.550654
0.755692
0.822022
0.818755
0.524804
0.739463
0.750117
0.358984
0.733300
0.801870
0.873913
0.517651
0.776184
0.826189
0.709260
0.534550
0.418877
0.491156
0.950234
0.741367
0.371100
0.832470
0.809994
0.513198
0.451641
0.937597
0.918269
0.255125
0.556391
0.901066
0.682555
0.525862
0.371705
0.967892
0.932130
0.616815
0.599401
0.725995
0.825178
0.518722
0.580358
0.877647
0.928025
0.819305
0.685817
0.809948
0.666683
0.892729
0.589944
0.763407
0.686548
0.874303
0.557863
0.832058
0.828543
0.397437
0.741416
0.863197
0.936494
0.359068
0.823570
0.928257
0.871074
0.421490
0.321068
0.500159
0.751999
0.681357
0.531633
0.821935
0.822116
0.481303
0.548452
0.872454
1.215714
0.345111
0.619092
0.945337
0.751748
0.623111
0.438378
0.928070
1.022044
0.784960
0.575412
0.710521
0.774318
0.429094
0.563444
0.812373
0.873593
0.818170
0.678539
0.733818
0.674875
0.725563
0.457538
0.762557
0.605133
0.875469
0.533481
0.965130
0.784536
0.482533
0.729542
0.983256
1.039958
0.381758
0.764034
1.008786
1.038017
0.358508
0.345081
0.559803
0.661970
0.694201
0.723695
0.825576
0.831798
0.409578
0.561164
0.884988
1.181089
0.386721
0.549205
0.928914
0.844500
0.629278
0.619573
0.802159
0.880122
0.845920
0.568465
0.673529
0.692712
0.406480
0.444677
0.676241
0.955944
0.767001
0.570808
0.639605
0.677065
0.580624
0.347804
0.706513
0.593001
0.837256
0.543570
0.922146
0.728486
0.586800
0.586309
1.067279
1.008746
0.494966
0.640414
1.111144
1.056990
0.330210
0.336165
0.622953
0.581166
0.689768
0.754279
0.890804
0.813403
0.347152
0.520865
0.891270
1.009920
0.337540
0.434838
0.946423
0.909700
0.688831
0.671503
0.722990
0.672937
0.844414
0.541362
0.639931
0.648945
0.415505
0.390005
0.613375
1.040540
0.686226
0.387706
0.644918
0.723810
0.605124
0.342613
0.679879
0.598395
0.764540
0.594027
0.837712
0.657090
0.686575
0.490987
1.010911
0.918503
0.591308
0.567381
1.044225
1.019058
0.298572
0.271525
0.716653
0.524280
0.631707
0.623314
1.067091
0.930499
0.377877
0.483202
0.864078
1.040974
0.454108
0.432986
0.938202
0.892964
0.791341
0.696554
0.727437
0.570115
0.814391
0.544801
0.665624
0.594959
0.504464
0.375867
0.615812
1.024981
0.643108
0.348451
0.696502
0.747423
0.643040
0.384476
0.800472
0.599271
0.740978
0.680330
0.842051
0.786579
0.688840
0.401075
0.913950
0.788369
0.609015
0.522446
0.868361
1.026799
0.411555
0.258214
0.912399
0.584150
0.635395
0.569074
1.198811
1.046180
0.404919
0.445734
0.869753
1.188366
0.555500
0.482514
0.758960
0.878570
0.836455
0.731257
0.757249
0.635904
0.897631
0.592234
0.701156
0.442072
0.469756
0.345873
0.712027
1.031558
0.698302
0.415868
0.710463
0.754394
0.611436
0.382701
0.953959
0.567637
0.729375
0.755672
0.889069
0.877991
0.613045
0.320780
0.843836
0.693318
0.586534
0.456303
0.743697
1.058834
0.298847
0.316585
1.145766
0.742831
0.666011
0.657389
1.172056
1.017952
0.406486
0.440727
1.105946
1.206266
0.718629
0.457312
0.604376
0.877487
0.767662
0.691946
0.688047
0.666140
0.923617
0.569804
0.735602
0.280341
0.450215
0.281239
0.774462
1.012283
0.724547
0.349427
0.720310
0.625768
0.527466
0.376121
1.071909
0.622967
0.692859
0.780771
0.814151
0.887231
0.599114
0.224985
0.826940
0.552232
0.561644
0.457238
0.816261
1.011546
0.168236
0.385109
1.175254
0.827179
0.710095
0.800055
0.961215
0.939967
0.370676
0.482555
1.273013
1.110038
0.863059
0.442061
0.671265
0.863559
0.807989
0.539634
0.612804
0.721386
0.883407
0.425246
0.679777
0.331666
0.429285
0.349959
0.756939
0.919914
0.743533
0.180880
0.688744
0.601887
0.540307
0.359078
0.974378
0.714984
0.749933
0.731212
0.903211
0.819118
0.600930
0.176462
0.836403
0.496863
0.567506
0.506744
1.027656
1.007691
0.270860
0.427781
1.170577
0.750032
0.685538
0.863412
0.788628
0.917901
0.370553
0.573467
1.085139
0.992945
0.889788
0.503583
0.829572
0.886264
0.889239
0.464236
0.668527
0.807748
0.806290
0.324382
0.663468
0.454210
0.466001
0.485050
0.716526
0.848574
0.745877
0.197263
0.603372
0.710406
0.552744
0.326680
0.875235
0.845853
0.831527
0.783594
1.061207
0.861224
0.656838
0.096764
0.904003
0.488385
0.532157
0.468596
1.121079
0.992652
0.505655
0.503498
1.200019
0.637743
0.670318
0.796024
0.833091
0.904196
0.402443
0.565807
0.846579
0.851632
0.832427
0.563066
0.857425
0.997524
0.873346
0.563581
0.748796
0.877041
0.742519
0.364187
0.761815
0.519863
0.456533
0.567047
0.640385
0.744045
0.645964
0.283566
0.593645
0.831639
0.590555
0.330873
0.916483
0.901845
0.846192
0.910571
1.052729
0.900472
0.721861
0.035271
0.940062
0.496568
0.557326
0.416830
0.993632
0.995778
0.706763
0.608743
1.223328
0.658934
0.696225
0.702404
1.079069
0.891314
0.501165
0.570913
0.786966
0.708240
0.845016
0.579281
0.795396
1.043644
0.732712
0.632164
0.704388
0.808940
0.609561
0.452664
0.873317
0.585593
0.530216
0.523467
0.726654
0.648931
0.558415
0.367792
0.541445
0.785690
0.653794
0.457115
1.020796
0.964516
0.802010
0.946153
0.864101
0.887865
0.728310
0.119239
0.892683
0.501155
0.587481
0.485744
0.900351
0.925074
0.789484
0.792972
1.137590
0.734980
0.759951
0.673056
1.219890
0.891828
0.565904
0.638905
0.829712
0.673523
0.896549
0.540910
0.876809
1.032269
0.577488
0.555288
0.671078
0.746211
0.533461
0.421254
0.965418
0.778107
0.654024
0.554303
0.883639
0.596437
0.538326
0.390786
0.559749
0.751141
0.652263
0.605801
1.082342
0.979567
0.755559
0.791201
0.862402
0.868899
0.644971
0.281133
0.869964
0.591062
0.669959
0.643893
0.866724
0.950687
0.828600
0.900555
1.019238
0.825525
0.873701
0.622750
1.187508
0.949534
0.595498
0.688624
0.764045
0.754007
0.914135
0.612704
0.972650
0.973911
0.538876
0.468868
0.773618
0.818214
0.494578
0.402958
1.084256
0.882634
0.769576
0.580710
0.991427
0.618430
0.689985
0.478795
0.621384
0.749646
0.588665
0.756528
1.053514
0.960221
0.758732
0.701302
0.981656
0.812217
0.556255
0.290799
0.886637
0.673493
0.679434
0.685989
0.814200
0.937023
0.937676
0.852594
0.925543
0.878369
0.900879
0.531889
1.090116
0.898114
0.620108
0.584716
0.625420
0.670451
0.879199
0.758652
1.003383
0.893784
0.598286
0.430247
0.868409
1.001567
0.518247
0.432450
1.148347
0.899720
0.794640
0.606509
1.047004
0.682086
0.814101
0.567295
0.712525
0.690337
0.513892
0.872012
1.022467
0.949512
0.770407
0.701974
0.952943
0.756581
0.550886
0.331583
0.850069
0.757616
0.651837
0.677836
0.792392
0.947850
1.045782
0.707730
0.924138
0.876001
0.888521
0.478501
1.014662
0.733442
0.679734
0.502239
0.547177
0.504898
0.932183
0.863769
0.942890
0.795572
0.676963
0.372124
0.899536
1.039852
0.483992
0.586106
1.031468
0.884775
0.686606
0.580049
1.162308
0.641710
0.756501
0.611905
0.809296
0.664680
0.578131
0.953952
0.980150
0.992117
0.804585
0.655498
0.854808
0.757743
0.617944
0.448538
0.861033
0.930143
0.717781
0.737136
0.815454
0.840389
1.117471
0.570756
0.897364
0.838990
0.924442
0.507085
0.851639
0.657818
0.706743
0.479783
0.479574
0.502780
0.996455
0.870446
0.846654
0.732628
0.769832
0.289097
0.913434
0.891946
0.552492
0.711978
0.898075
0.967087
0.577995
0.597593
1.234311
0.583204
0.824713
0.657148
0.893400
0.806351
0.754906
0.909384
1.012164
1.089203
0.889047
0.509154
0.951334
0.808571
0.595410
0.644635
0.971802
1.067523
0.853460
0.732884
0.859606
0.740563
1.184432
0.548908
0.869918
0.788113
1.055817
0.556020
0.843401
0.674293
0.776450
0.526332
0.397630
0.572813
1.034867
0.896291
0.738991
0.711740
0.814863
0.432315
0.969347
0.750868
0.737068
0.784704
0.954217
1.065374
0.632603
0.606832
1.267351
0.565382
1.000561
0.720038
0.946863
1.015668
0.874041
0.764303
1.161442
1.157517
0.848857
0.488010
1.009048
0.884198
0.631909
0.823393
1.054994
1.011209
0.876439
0.579827
0.941192
0.669682
1.239224
0.589687
0.841577
0.770995
1.168274
0.568813
0.940428
0.761678
0.817719
0.514837
0.485038
0.621314
0.941328
0.922164
0.720291
0.796898
0.867039
0.647994
1.090574
0.732672
0.907867
0.772542
1.099801
1.217452
0.745823
0.645211
1.239133
0.572514
1.051032
0.748169
0.995538
1.090092
0.851887
0.700001
1.339957
1.089259
0.776245
0.583320
0.926483
0.883440
0.716011
0.964220
1.094160
0.962303
0.721327
0.376892
1.022242
0.687088
1.247549
0.620321
0.768444
0.909287
1.096535
0.516037
1.104542
0.839478
0.821260
0.466887
0.649901
0.609569
0.886351
0.895905
0.744265
0.849020
0.891761
0.754422
1.260941
0.815395
0.835579
0.847303
1.172864
1.317984
0.879904
0.701156
1.142956
0.640906
0.899201
0.701513
1.109281
1.015988
0.897763
0.860582
1.266497
0.993928
0.813243
0.623891
0.873242
0.859961
0.754402
1.125164
1.115639
0.963462
0.644074
0.359831
1.013451
0.756705
1.218446
0.550194
0.773567
1.082762
1.006016
0.567561
1.094580
0.877768
0.807758
0.521974
0.838947
0.696643
0.909324
0.812111
0.859891
0.909775
0.924354
0.806249
1.332614
0.921231
0.826434
0.965118
1.158338
1.396828
0.997819
0.791057
1.184174
0.788146
0.820546
0.695142
1.223906
0.981063
0.971477
1.018454
1.141604
1.040417
0.939592
0.646915
0.939974
0.818171
0.840071
1.288102
1.211759
1.115679
0.723955
0.462412
0.987711
0.813358
1.279991
0.520222
0.966773
1.218857
0.939336
0.738000
1.054520
0.816136
0.861561
0.711864
0.921793
0.844098
0.984299
0.711172
0.999100
0.960346
0.974366
0.969979
1.257531
0.926220
0.825117
1.021737
1.215166
1.425691
1.101138
0.874259
1.361525
0.794315
0.911886
0.721426
1.217366
0.970091
0.985013
0.898279
1.098756
1.143302
0.971829
0.738873
0.941347
0.909205
0.939324
1.232113
1.288903
1.281621
0.777669
0.524081
0.968777
0.809247
1.332977
0.516079
1.142701
1.179478
0.908875
0.908784
1.045116
0.864900
0.989485
0.805909
1.019134
0.961531
0.919340
0.643097
1.133884
0.935880
1.001893
1.049195
1.207423
0.969841
0.791870
0.894533
1.234397
1.393348
1.215613
1.069154
1.422618
0.797828
0.899153
0.766455
1.178529
1.030126
0.948048
0.664177
1.113397
1.210318
0.978160
0.889157
0.910155
1.062814
0.926151
1.128779
1.324528
1.414351
0.805728
0.635836
1.052628
0.745979
1.199601
0.558858
1.225554
1.081188
0.935326
0.978032
1.095814
0.966026
1.054725
0.763628
1.114347
1.064897
0.754490
0.595364
1.244796
0.964740
0.968345
0.966200
1.236354
1.146062
0.645783
0.746746
1.044999
1.304111
1.203902
1.223143
1.266065
0.871059
0.829582
0.806742
1.217349
1.140337
0.986589
0.594555
1.091201
1.145460
0.953525
0.968812
1.024183
1.159090
0.798383
1.078483
1.384868
1.385806
0.831427
0.770154
1.165730
0.780727
0.970755
0.558865
1.243955
1.080546
0.961045
0.998421
1.099481
1.061552
1.118791
0.856121
1.236947
1.197178
0.676123
0.571375
1.211909
0.955125
0.949561
0.890193
1.337192
1.297890
0.724539
0.774629
0.920663
1.265450
1.173377
1.270778
1.032018
1.094729
0.888084
0.763561
1.280281
1.184711
1.031900
0.654553
1.063737
1.186065
0.956515
0.948274
1.076383
1.311803
0.913060
1.080006
1.394538
1.257042
0.891758
0.906999
1.290947
0.766288
0.767802
0.549410
1.233675
1.197718
0.895609
1.040863
1.117311
1.126874
1.203935
0.958922
1.352905
1.259687
0.719767
0.499010
1.172416
0.955174
0.989001
1.070029
1.255216
1.165064
0.898362
0.886943
1.043906
1.236556
1.215131
1.228445
0.977937
1.187259
1.092809
0.743050
1.259445
1.121381
1.023508
0.694882
1.082082
1.169612
0.908525
0.973819
1.019628
1.336796
1.067073
1.094700
1.332002
1.212616
0.929137
0.985198
1.275011
0.704656
0.812312
0.681464
1.288186
1.232696
0.781897
1.038205
1.119103
1.183438
1.282585
1.088851
1.410146
1.338006
0.829005
0.398756
1.245787
0.998144
1.031055
1.211248
1.151360
0.936222
1.063880
0.914734
1.208569
1.093586
1.254624
1.163132
1.012675
1.181156
1.147159
0.738282
1.193158
1.157775
0.889967
0.787496
1.118838
1.111793
0.942150
0.912604
1.150153
1.357267
1.125054
1.135186
1.321336
1.215705
0.965532
1.056864
1.215325
0.645413
0.906984
0.865760
1.280691
1.209581
0.660994
0.989503
1.100787
1.195325
1.306547
1.125341
1.383637
1.356209
0.862290
0.392081
1.434184
1.185512
0.982483
1.158702
1.076777
0.878641
1.070552
0.984283
1.304166
1.020743
1.244986
1.088381
1.023951
1.219428
1.110379
0.788945
1.248007
1.253198
0.841828
0.881997
1.120134
1.104057
0.990737
0.784944
1.368389
1.344480
1.135856
1.062046
1.327247
1.111170
0.993889
1.078057
1.142100
0.910349
0.931140
1.012639
1.174994
1.103860
0.711177
0.912720
1.125185
1.316087
1.259146
1.142900
1.331667
1.329080
0.874122
0.539647
1.637944
1.272630
0.966705
1.068733
1.049743
0.959874
1.180450
1.072676
1.378592
1.137006
1.190528
1.075864
0.970052
1.343712
1.136836
0.805840
1.320002
1.255639
0.918747
0.908813
1.124058
1.144038
0.995498
0.754011
1.428818
1.406234
1.209747
1.026817
1.206649
1.039816
1.098827
1.091863
1.191551
1.259110
0.891784
1.141681
1.193579
1.057410
0.838903
0.816909
1.128668
1.300738
1.234909
1.140852
1.303985
1.349488
0.937062
0.701677
1.763490
1.331812
0.965220
1.040937
1.079303
1.054302
1.320135
1.141831
1.343955
1.252888
1.162861
1.185703
0.888726
1.353088
1.173644
0.831394
1.141554
1.328998
1.052843
0.917729
1.195636
1.094628
1.098863
0.813174
1.409235
1.497484
1.303523
0.935745
1.184801
1.036903
1.245496
1.125348
1.289085
1.372854
0.899273
1.321605
1.301360
1.088015
0.958534
0.758288
1.106449
1.302272
1.288860
1.154776
1.348472
1.488919
0.897528
0.821804
1.765383
1.422567
1.046745
0.912440
1.223168
1.154079
1.422450
1.079908
1.338849
1.269194
1.069080
1.251322
0.873304
1.284746
1.150913
0.998988
0.970856
1.507958
1.205393
0.973416
1.253942
1.038313
1.227614
0.790692
1.450573
1.489085
1.337382
0.830705
1.253662
1.035856
1.330522
1.155972
1.262050
1.325883
0.885610
1.355104
1.351011
1.121959
0.997249
0.714429
1.163947
1.345705
1.297619
1.193799
1.508059
1.505987
0.968493
0.991232
1.718946
1.534257
1.140124
0.791793
1.252004
1.289539
1.422295
1.073767
1.403370
1.321647
1.058943
1.226649
0.924213
1.288753
1.102295
1.088660
0.996039
1.516035
1.270405
1.128600
1.403747
1.073391
1.242669
0.691615
1.484891
1.346185
1.367189
0.842985
1.267481
0.872219
1.292473
1.070624
1.258325
1.334440
0.876449
1.239610
1.272089
1.085808
0.920782
0.747994
1.252329
1.397511
1.330877
1.321563
1.593268
1.399926
1.156143
1.159858
1.597793
1.480200
1.309567
0.833391
1.234121
1.311609
1.334343
1.102179
1.462408
1.358859
1.140243
1.023692
1.030149
1.321857
0.957986
1.069113
1.047105
1.363737
1.193816
1.181792
1.388930
1.172727
1.124512
0.626734
1.449405
1.196692
1.365473
0.896531
1.078495
0.855024
1.159003
0.936380
1.258852
1.416401
0.918628
1.140274
1.301374
1.111844
0.796542
0.791497
1.261345
1.306491
1.280256
1.290123
1.541426
1.299319
1.227820
1.285671
1.480865
1.481802
1.356261
0.927494
1.246976
1.181284
1.129009
1.032451
1.377868
1.278192
1.217048
0.921779
1.140210
1.289448
0.927695
0.990633
1.091094
1.374555
1.107227
1.181765
1.373708
1.183703
1.053965
0.689294
1.402818
1.118574
1.250469
0.870989
0.978703
0.994029
1.083052
0.832932
1.215138
1.481028
0.945529
1.108450
1.412442
1.218823
0.833690
0.803179
1.233181
1.257407
1.164077
1.245943
1.433766
1.230816
1.068426
1.248576
1.346775
1.497052
1.271643
0.988929
1.276941
1.129156
0.974596
0.863496
1.346897
1.233560
1.141571
0.870676
1.201255
1.133478
0.932111
1.063140
1.155901
1.444525
1.196779
1.189760
1.395514
1.165305
1.057405
0.758323
1.370534
1.109090
1.154146
0.922592
0.954636
1.204579
1.172978
0.866274
1.217434
1.534244
0.899419
1.133633
1.439025
1.322154
0.965001
0.762758
1.233254
1.287415
1.084620
1.176780
1.392471
1.102306
0.996254
1.187465
1.236754
1.574952
1.164266
1.003432
1.162181
1.215421
0.912291
0.789889
1.318654
1.252029
1.109375
0.797591
1.273499
1.005866
0.959245
1.170866
1.315889
1.405703
1.418652
1.205664
1.373565
1.269944
1.011441
0.851974
1.304125
1.179179
1.310054
1.000638
0.942536
1.237289
1.205165
0.953526
1.292106
1.516438
0.987389
1.144913
1.394751
1.315605
1.040873
0.635983
1.262709
1.285878
1.079746
1.171128
1.309725
0.963107
1.114480
1.205972
1.103878
1.506686
1.197001
1.097711
1.104374
1.302706
0.931932
0.771655
1.276431
1.244386
1.138060
0.863586
1.354594
1.086284
0.927101
1.124424
1.412206
1.356591
1.522342
1.086428
1.191659
1.369247
0.968030
0.961490
1.257348
1.212574
1.334961
0.968599
0.951677
1.235428
1.148282
1.005924
1.347388
1.420932
1.155936
1.206491
1.335985
1.293866
1.087413
0.558038
1.339505
1.141843
1.080189
0.982712
1.274147
0.929971
1.311273
1.237469
1.015619
1.406108
1.292721
1.028460
1.149095
1.317720
0.960772
0.700141
1.248100
1.247297
1.162226
1.004894
1.386967
1.267089
0.934024
1.083411
1.503802
1.395280
1.440065
1.006803
1.154781
1.305424
1.024495
1.005353
1.289443
1.236393
1.193629
0.801465
1.137465
1.390510
1.120898
0.998326
1.390643
1.326453
1.220608
1.204415
1.316660
1.271056
1.212201
0.597937
1.371907
1.109902
1.020989
0.849046
1.255275
0.905342
1.402755
1.228690
1.126167
1.378826
1.360942
0.819512
1.263635
1.366845
1.028047
0.682009
1.301632
1.255182
1.096106
1.018396
1.434896
1.361566
1.021144
1.083790
1.655696
1.360077
1.282509
0.993158
1.271353
1.300069
1.056775
0.993672
1.290921
1.236194
1.029296
0.778625
1.301862
1.601974
1.157842
1.009204
1.478849
1.341842
1.223937
1.088203
1.227534
1.249982
1.254911
0.726224
1.362282
1.276824
0.990480
0.818197
1.382460
0.960208
1.394174
1.177003
1.261453
1.303058
1.310301
0.762669
1.318117
1.477140
1.031859
0.754768
1.384221
1.332342
1.171007
0.982349
1.514777
1.383315
1.078354
1.107798
1.660380
1.269585
1.238051
1.020609
1.368671
1.399323
1.008279
1.000557
1.260169
1.310430
1.024247
0.880722
1.246469
1.573411
1.197029
1.025405
1.549139
1.379720
1.250357
1.055180
1.095408
1.302215
1.261423
0.767784
1.224147
1.340831
1.079067
0.928424
1.446358
1.027162
1.401787
1.056447
1.288429
1.318740
1.272543
0.953553
1.381551
1.507844
0.958795
0.903226
1.353448
1.398333
1.274107
0.945672
1.631961
1.403916
1.009015
1.082017
1.486354
1.237425
1.209743
0.964984
1.348765
1.491443
1.036251
1.085590
1.314982
1.329659
0.965748
1.013048
1.242510
1.440346
1.160718
0.940729
1.638241
1.364395
1.192064
1.068901
1.134825
1.368828
1.310161
0.840782
1.087412
1.277780
1.179206
1.013243
1.411199
1.146115
1.280082
0.966879
1.292149
1.341163
1.186778
1.103550
1.448787
1.481614
0.948315
0.910503
1.277480
1.385758
1.247259
0.918609
1.659686
1.398234
0.981973
0.957556
1.402510
1.362157
1.159151
0.960975
1.378190
1.386606
1.108375
1.124669
1.291866
1.303096
0.956595
0.941769
1.436191
1.446955
1.107042
0.821234
1.665954
1.310554
1.146843
1.037285
1.186160
1.423086
1.422814
1.004881
1.043678
1.252562
1.212668
0.959128
1.357550
1.106892
1.149413
0.916881
1.289817
1.290540
1.046557
1.135483
1.308728
1.502610
1.011809
0.849245
1.298651
1.444385
1.148751
0.908904
1.714352
1.291453
0.966433
0.900608
1.330909
1.364211
1.129508
0.937511
1.442232
1.293208
1.139449
1.131137
1.153379
1.257711
1.055160
0.905522
1.588120
1.501951
1.117789
0.812726
1.604647
1.279307
1.129582
0.978366
1.268758
1.415032
1.466523
1.087216
1.142656
1.251600
1.148069
0.903420
1.341133
1.129901
1.128881
0.846723
1.223846
1.220150
1.061464
1.089539
1.169900
1.514166
0.997525
0.893542
1.289530
1.462868
1.149466
0.942000
1.751897
1.330445
0.974410
0.905983
1.240996
1.272398
1.196727
0.862554
1.398270
1.228109
1.040014
1.117654
1.105147
1.208863
1.087146
1.002160
1.575844
1.409627
1.120757
0.942755
1.518021
1.198394
1.163049
0.863449
1.317719
1.388840
1.371241
1.090128
1.213867
1.182843
1.151040
0.966797
1.400341
1.215418
1.083748
0.759111
1.157840
1.256777
1.168378
1.021603
1.226344
1.436186
0.826154
0.927280
1.209855
1.514531
1.127422
0.952721
1.652385
1.471959
0.985873
0.922248
1.147278
1.196772
1.138628
0.821211
1.266359
1.255329
0.993402
1.174340
1.166021
1.237210
0.988763
1.156620
1.624673
1.307245
1.063144
1.019028
1.442364
1.055464
1.207487
0.781682
1.292260
1.413662
1.140769
1.169630
1.298496
1.246511
1.124694
1.015190
1.385541
1.373787
0.983292
0.700571
1.188517
1.296111
1.200034
0.982656
1.349209
1.338591
0.794801
0.970902
1.127578
1.506814
0.993064
0.947083
1.421121
1.501849
1.050402
0.834165
1.121779
1.218716
0.978365
0.921166
1.162683
1.197585
1.002502
1.198251
1.214615
1.329645
0.996189
1.274513
1.579058
1.198964
1.035944
0.983248
1.393141
1.042274
1.217417
0.758772
1.156371
1.326125
1.029482
1.287738
1.299182
1.294595
1.054139
1.022643
1.292134
1.381360
1.009197
0.729739
1.269261
1.259698
1.094837
1.021070
1.356876
1.282197
0.909649
0.931127
0.983404
1.384070
0.957480
0.894269
1.311280
1.411329
1.086579
0.739989
1.087241
1.185659
0.937155
1.052116
1.214961
1.116226
1.050341
1.211313
1.271079
1.298425
1.109018
1.370602
1.408752
1.178586
1.055102
0.900868
1.346626
1.122172
1.217135
0.825853
1.076632
1.249082
1.029240
1.319519
1.261235
1.258253
0.953608
0.893486
1.194774
1.383320
1.076351
0.765072
1.271974
1.184426
1.019605
1.151175
1.352397
1.283450
1.098486
0.937303
0.934215
1.141774
1.089645
0.819371
1.327204
1.311021
1.099050
0.786613
0.966612
1.180572
0.979743
0.998637
1.169683
1.169012
1.068057
1.236898
1.335982
1.289308
1.189021
1.249044
1.233036
1.196626
1.059174
0.886985
1.262136
1.178180
1.178710
0.878973
1.120681
1.243037
1.090553
1.267731
1.252192
1.200668
0.982452
0.812688
1.159596
1.453243
1.031019
0.822150
1.200557
1.235213
0.972719
1.205844
1.359098
1.319417
1.217254
1.020438
0.954583
1.079832
1.169503
0.831922
1.226054
1.210817
1.169484
0.912409
0.996950
1.187532
0.933796
0.936938
1.171011
1.219326
1.119868
1.291801
1.380956
1.277883
1.117115
1.149117
1.133559
1.126446
0.991752
0.971048
1.173350
1.194651
1.086500
0.926059
1.221077
1.238649
0.987300
1.300430
1.207832
1.158929
1.029324
0.822811
1.073694
1.495953
1.014228
0.838600
1.164759
1.266816
0.909349
1.130187
1.312825
1.289637
1.283698
1.036300
1.164597
1.123092
1.049853
0.950983
1.148099
1.126796
1.287199
0.963742
1.137023
1.157940
0.857126
0.943803
1.243905
1.215182
1.149813
1.258707
1.244892
1.281218
1.161740
1.056129
0.938594
1.070450
0.926731
1.073908
1.095346
1.190256
0.999074
0.950563
1.181115
1.239821
0.750976
1.369614
1.130248
1.157196
1.191453
0.840236
0.923429
1.431381
1.120315
0.893180
1.133345
1.256327
0.881838
1.063539
1.157690
1.208567
1.336022
1.008483
1.321799
1.057894
0.893292
1.047048
1.152137
1.048267
1.293741
0.908530
1.185635
1.044999
0.923670
1.010595
1.247449
1.248814
1.121118
1.144333
1.109787
1.234665
1.147680
1.003579
0.759312
1.093247
0.842462
1.020784
0.977741
1.165426
0.919030
0.931741
1.187933
1.209903
0.690084
1.330692
1.111722
1.148456
1.215790
0.842118
0.924011
1.380843
1.114900
0.967091
1.277154
1.208342
1.021676
1.006311
1.093254
1.196026
1.350092
0.981026
1.322592
0.975177
0.829095
1.065855
1.147352
1.041133
1.205061
0.902026
1.144227
0.946800
0.943505
1.030301
1.130677
1.257601
1.184060
0.954818
1.108569
1.206521
1.042434
0.943603
0.794013
1.056772
0.858418
0.929542
0.919303
1.190831
0.950240
0.892164
1.280223
1.156134
0.833420
1.284085
1.107436
1.116537
1.195208
0.842416
1.112927
1.334873
1.020470
1.007121
1.410969
1.140717
1.031481
0.845729
1.131404
1.226953
1.310296
0.985953
1.234420
0.991032
0.799274
0.926794
1.089740
1.107459
1.170094
0.953341
1.150820
0.924425
0.879825
1.000776
1.071863
1.187502
1.301638
0.714348
1.198966
1.206339
1.046265
0.868149
0.905893
0.986554
0.904432
0.788710
0.941434
1.253941
0.918122
0.802486
1.343237
1.126875
1.011739
1.255967
1.070082
1.104975
1.209987
0.756501
1.183940
1.295586
0.948551
1.037215
1.395743
1.083185
0.851274
0.778297
1.156206
1.183192
1.138279
0.986738
1.182279
0.907619
0.930010
0.850681
1.111097
1.163666
1.184982
0.964414
1.278540
1.005353
0.810748
0.994167
1.167169
1.150273
1.323746
0.476133
1.236822
1.297894
1.143242
0.840069
0.931575
0.935746
0.906758
0.802581
0.998547
1.250429
0.947211
0.763244
1.311730
1.135442
1.044206
1.123399
1.045211
1.102078
1.188306
0.738939
1.151728
1.163832
0.940099
1.031803
1.201346
0.978085
0.617274
0.823003
1.122193
1.135351
1.047735
1.043346
1.197959
0.773487
0.937443
0.924344
1.188064
1.089029
1.100637
0.891989
1.361923
1.102990
0.827090
0.916948
1.311795
1.109948
1.245996
0.400502
1.242002
1.305575
1.072664
0.856903
0.911905
0.894956
0.912645
0.862125
0.939248
1.108146
0.911955
0.866285
1.373145
1.128357
1.019312
0.931236
1.015726
1.063461
1.049567
0.888287
1.067993
1.029166
0.900821
1.079211
1.129016
0.954597
0.555576
0.881164
1.160989
1.133956
1.146802
1.054964
1.206515
0.693107
0.939750
0.952962
1.107522
1.019515
1.018394
0.833284
1.360488
1.088839
0.813303
0.878266
1.246957
1.162704
1.190357
0.470386
1.158623
1.242396
0.998878
0.775667
1.019076
0.866333
0.973727
0.840360
0.946236
1.034002
0.897451
0.937382
1.381087
1.104129
0.936706
0.789026
1.120858
1.080894
0.901470
1.060682
1.007428
1.021053
0.750150
1.117417
1.025908
0.906977
0.599951
0.772138
1.230044
1.137793
1.189634
0.990091
1.134941
0.695429
0.884299
0.847410
1.016059
1.027488
1.011857
0.854667
1.316671
1.112506
0.807764
0.844640
1.158579
1.177561
1.167026
0.567647
1.115053
1.078770
0.939604
0.725918
1.101709
0.873775
0.991013
0.761539
1.055691
1.081737
0.909952
0.857618
1.167690
1.065699
0.842637
0.764166
1.264837
1.128750
0.916952
1.065754
0.943585
0.984213
0.781359
1.150285
0.949822
0.903642
0.641974
0.661940
1.219000
1.017760
1.107430
0.934285
1.096422
0.690835
0.879446
0.779909
1.079579
1.136532
1.028779
1.001686
1.195002
1.150420
0.865063
0.760757
1.097425
1.191788
1.072735
0.598999
1.161552
0.977384
0.929445
0.655008
1.049969
0.955048
1.031798
0.740604
1.174441
1.063795
0.904843
0.653149
1.006991
1.091734
0.804621
0.704006
1.368427
1.145737
1.023266
1.021855
0.879691
0.955451
0.821792
1.100668
0.922129
1.037791
0.670436
0.584053
1.214456
1.002052
1.027215
0.934490
0.981665
0.638699
0.939927
0.749982
1.146881
1.138063
1.006149
1.086113
1.085769
1.153560
0.940624
0.575600
1.079830
1.148213
0.956828
0.631175
1.214939
0.868593
0.878971
0.613822
1.091969
0.915325
1.087405
0.779674
1.172699
0.931653
0.842461
0.614552
0.941227
1.125552
0.875078
0.556840
1.412459
1.111738
0.895002
0.956033
0.940079
0.883300
0.801955
0.982280
0.974270
1.106083
0.788050
0.632180
1.295532
1.016703
1.106076
0.921051
0.951126
0.700219
1.014436
0.701348
1.047546
1.011998
0.951481
1.063594
1.051191
1.043130
0.886616
0.508804
1.056460
1.082828
0.929266
0.724768
1.160032
0.868232
0.854683
0.534470
1.299570
0.765021
1.130126
0.685333
1.153204
0.965231
0.761458
0.757439
0.876315
1.126890
1.039880
0.497192
1.455277
1.076139
0.688887
0.876730
1.048381
0.849600
0.711824
0.874512
0.861301
1.017126
0.857185
0.721123
1.371913
1.024117
1.089297
0.847662
0.929835
0.830124
1.055001
0.616230
1.031840
0.947691
0.839404
1.011691
1.007743
0.960269
0.899594
0.523836
1.090364
0.980033
0.900449
0.798914
1.076071
0.836855
0.855363
0.495732
1.389393
0.747489
1.118782
0.562266
1.250336
1.060843
0.721117
0.888784
0.773062
0.998459
1.150368
0.509150
1.428839
0.971743
0.572408
0.670505
1.065088
0.889322
0.696944
0.740304
0.798726
0.930354
0.853634
0.802441
1.400651
0.962725
0.971568
0.863111
0.905716
0.987012
1.084335
0.624456
1.158382
1.018447
0.831788
0.944210
0.933385
0.955961
0.987477
0.538728
1.152519
0.948016
0.840164
0.894814
1.009152
0.757487
0.764553
0.427516
1.339071
0.928332
1.054170
0.551858
1.367923
1.088369
0.803064
0.929341
0.714779
0.958420
1.156266
0.610656
1.404456
0.857325
0.475660
0.511581
1.024481
0.892015
0.680314
0.663659
0.864225
0.928870
0.795036
0.846591
1.326259
0.953222
0.905783
0.871732
0.909854
1.118298
1.020118
0.649585
1.210568
1.038544
0.783341
0.965292
0.847548
1.023572
1.049573
0.462958
1.273282
0.918792
0.809329
1.016109
0.966286
0.633461
0.632451
0.500105
1.267649
1.049314
1.027741
0.661270
1.377484
1.155771
0.812857
0.918267
0.737080
0.969894
1.130915
0.677929
1.365114
0.795119
0.336211
0.517341
0.998555
0.823276
0.733284
0.618062
1.040214
0.899824
0.847181
0.731037
1.240029
0.974641
0.892648
0.840099
0.963069
1.172855
0.934776
0.580912
1.069996
0.885962
0.628214
0.978566
0.856271
1.032867
0.989383
0.390692
1.260018
0.904691
0.818570
1.003676
0.975786
0.553682
0.650887
0.608252
1.230185
1.003512
1.022629
0.714656
1.304049
1.270864
0.920122
0.982910
0.765685
1.053961
1.130319
0.655718
1.261763
0.815583
0.333883
0.518073
1.003173
0.757434
0.846269
0.590424
1.008859
0.887835
0.946913
0.541848
1.109996
1.001182
0.771357
0.847223
1.004206
1.099739
0.821329
0.438426
1.019134
0.798464
0.517907
0.911242
0.874767
0.996114
0.975676
0.417123
1.146668
0.907627
0.703849
0.926737
0.973715
0.569569
0.709894
0.683318
1.174601
0.940200
0.890279
0.719143
1.201400
1.203374
1.107541
1.049461
0.739039
1.018142
1.158077
0.640820
1.124654
0.859458
0.536041
0.387427
1.027515
0.813819
1.015735
0.525776
0.897821
0.943078
0.958070
0.484264
1.038694
0.973825
0.667312
0.911144
0.908590
1.020564
0.781829
0.344519
1.020672
0.849967
0.471983
0.725139
0.794734
1.019320
0.990342
0.618836
1.012184
0.886183
0.576882
0.920480
0.916001
0.684996
0.712708
0.682901
1.154220
0.960868
0.794031
0.702092
1.099545
1.021851
1.191675
1.009980
0.800163
0.928498
1.178125
0.616087
1.084835
0.945782
0.605624
0.299896
1.052757
0.913315
1.106387
0.518022
0.886685
1.025482
0.939301
0.466674
1.045809
0.953665
0.677195
0.828182
0.803114
1.041618
0.707275
0.357379
1.007746
0.900710
0.482990
0.592099
0.682065
1.036807
0.918143
0.779021
1.054384
0.820812
0.642647
0.883759
0.801848
0.734695
0.693952
0.656978
1.205129
0.970908
0.840769
0.767714
1.006446
0.932015
1.038134
0.930985
0.875886
0.852850
1.173519
0.545274
1.069565
1.060824
0.651542
0.359758
1.092242
0.999993
1.146444
0.563818
0.944042
1.048584
0.952693
0.444846
1.057528
0.865777
0.705048
0.648530
0.881960
1.026411
0.589875
0.380670
0.884083
0.965303
0.528815
0.563753
0.626574
0.952829
0.830027
0.832704
1.081628
0.843373
0.674184
0.731918
0.811719
0.788510
0.757663
0.659121
1.132707
1.028225
0.922063
0.842870
0.899082
1.002991
0.868438
0.836317
0.901178
0.794695
1.127974
0.438309
0.986649
1.140797
0.754335
0.530256
1.070129
1.087763
1.184101
0.621054
0.944826
0.946152
0.988845
0.447973
0.909543
0.795946
0.656042
0.541291
0.977000
0.910978
0.585359
0.420245
0.828773
1.059997
0.676858
0.594576
0.707340
0.857744
0.816556
0.786852
1.056810
0.940281
0.587658
0.551808
0.904133
0.934797
0.754972
0.774353
0.996527
1.111547
0.952508
0.903552
0.912533
0.893531
0.908824
0.721006
0.922222
0.675891
0.995065
0.440234
0.844363
1.112580
0.946210
0.660989
0.994045
1.096585
1.211091
0.581144
0.983031
0.890343
0.991837
0.597224
0.812691
0.762178
0.593007
0.591124
0.854227
0.933242
0.687657
0.535050
0.715180
1.067941
0.885567
0.530071
0.803140
0.787709
0.867302
0.718975
0.967559
1.017359
0.510848
0.488417
1.025041
1.023527
0.722957
0.847155
0.921211
1.204774
0.884616
0.887862
0.965491
0.764233
0.944286
0.535743
1.004532
0.661966
0.784376
0.550219
0.813708
1.132672
1.091697
0.745807
0.902448
1.128703
1.107769
0.641289
1.052733
0.872829
1.007981
0.717974
0.872636
0.823408
0.551970
0.581078
0.787463
1.051613
0.798168
0.682784
0.731402
1.041724
0.978643
0.534167
0.864429
0.815162
0.805817
0.759738
0.950642
1.027695
0.571702
0.558559
1.022367
1.033094
0.756253
0.875761
0.976929
1.217256
0.873581
0.839512
0.948803
0.728911
0.928947
0.452142
1.124172
0.809562
0.583172
0.661323
0.974757
1.218462
1.133286
0.822325
0.893580
1.140975
0.944590
0.739677
1.180588
0.836451
1.095783
0.709585
0.872128
0.834516
0.600946
0.536867
0.971476
1.138026
0.803269
0.818816
0.916243
1.033515
0.967492
0.567887
0.966983
0.886217
0.662702
0.850007
0.919825
1.047052
0.698058
0.608260
1.189210
0.977849
0.844752
0.879790
0.898976
1.124582
0.864299
0.796309
0.837612
0.811666
0.872061
0.432121
1.250813
0.959310
0.421041
0.728189
1.063320
1.132526
1.068073
0.949614
0.925319
