# G_1, p = 0.4000 GPa (dir_4000.0_bar).
# D8R-only: 96 rings x 101 frames = 9696 samples.
# Column: per-D8R Delta [A]
0.000000
0.000001
0.000000
0.000001
0.000001
0.000000
0.000001
0.000000
0.000001
0.000000
0.000001
0.000000
0.000015
0.000000
0.000015
0.000015
0.000001
0.000015
0.000000
0.000015
0.000015
0.000001
0.000000
0.000015
0.000001
0.000015
0.000015
0.000000
0.000015
0.000001
0.000000
0.000001
0.000000
0.000001
0.000001
0.000000
0.000001
0.000000
0.000001
0.000000
0.000001
0.000000
0.000015
0.000015
0.000000
0.000015
0.000001
0.000015
0.000000
0.000015
0.000015
0.000001
0.000000
0.000015
0.000001
0.000015
0.000015
0.000000
0.000015
0.000001
0.000001
0.000000
0.000001
0.000000
0.000015
0.000015
0.000001
0.000000
0.000001
0.000000
0.000015
0.000015
0.000001
0.000000
0.000001
0.000000
0.000015
0.000015
0.000001
0.000000
0.000001
0.000000
0.000015
0.000015
0.000001
0.000000
0.000001
0.000000
0.000015
0.000015
0.000001
0.000000
0.000001
0.000000
0.000015
0.000015
0.188640
0.033801
0.122497
0.109400
0.003889
0.073957
0.083567
0.069719
0.092997
0.093316
0.101210
0.162218
0.144911
0.091555
0.071213
0.127291
0.149388
0.068443
0.185857
0.081981
0.035380
0.083398
0.098695
0.067773
0.107093
0.127141
0.089214
0.129219
0.109035
0.110766
0.166744
0.062642
0.088772
0.174945
0.221522
0.034756
0.089208
0.142567
0.077476
0.090606
0.071739
0.073977
0.091207
0.118719
0.121159
0.075422
0.159299
0.153586
0.041185
0.048963
0.080478
0.063542
0.173909
0.180857
0.033826
0.122221
0.007599
0.041324
0.082410
0.104061
0.053517
0.192062
0.108439
0.026755
0.064541
0.118455
0.144096
0.073225
0.081454
0.099262
0.057551
0.144156
0.062111
0.159780
0.137554
0.036346
0.132002
0.083013
0.108604
0.168091
0.194190
0.148676
0.118740
0.127299
0.106562
0.078002
0.047560
0.109774
0.036570
0.034517
0.238071
0.092184
0.109924
0.126346
0.015388
0.059439
0.285020
0.163661
0.164614
0.156453
0.100200
0.128843
0.141579
0.154150
0.118898
0.061296
0.200950
0.400853
0.143662
0.116639
0.079888
0.182691
0.233581
0.168657
0.239016
0.128812
0.041601
0.151576
0.126768
0.032118
0.271762
0.202666
0.179755
0.164401
0.044783
0.135079
0.182725
0.054549
0.098915
0.292597
0.376096
0.122549
0.181915
0.151081
0.100745
0.104399
0.147027
0.211998
0.222064
0.148450
0.166031
0.021543
0.266605
0.206179
0.079724
0.057758
0.157360
0.156441
0.229975
0.182488
0.081582
0.274609
0.053165
0.043984
0.259967
0.192661
0.064790
0.490602
0.199707
0.112329
0.100270
0.163380
0.230168
0.160337
0.154600
0.072590
0.161474
0.192881
0.044248
0.158397
0.291105
0.087584
0.122819
0.127377
0.048721
0.104479
0.309827
0.241915
0.203994
0.144461
0.080602
0.110386
0.090438
0.173563
0.134026
0.104075
0.378474
0.156281
0.172392
0.243306
0.089694
0.109654
0.276645
0.358551
0.204420
0.119067
0.153958
0.153698
0.214530
0.265642
0.109448
0.033025
0.335860
0.595824
0.078356
0.156037
0.086737
0.180981
0.291177
0.225745
0.237717
0.125975
0.076182
0.198376
0.113190
0.090602
0.348222
0.241627
0.223099
0.252753
0.082703
0.105984
0.136230
0.111992
0.086184
0.380792
0.341782
0.300289
0.326058
0.138786
0.174550
0.252537
0.212058
0.242178
0.353628
0.184880
0.281998
0.057285
0.347854
0.145523
0.153833
0.041882
0.146015
0.195378
0.224598
0.161621
0.124190
0.442937
0.096790
0.128431
0.314267
0.245376
0.073359
0.710424
0.229843
0.139232
0.109056
0.148352
0.203450
0.180473
0.235601
0.103526
0.298195
0.247466
0.153741
0.039788
0.324317
0.107689
0.139337
0.060681
0.057075
0.048507
0.296390
0.283102
0.291497
0.121136
0.165545
0.068155
0.148709
0.152109
0.289638
0.186269
0.309386
0.173063
0.178364
0.243474
0.154547
0.175939
0.334857
0.500195
0.332412
0.226425
0.205088
0.046623
0.255117
0.380809
0.106409
0.097148
0.462660
0.701306
0.157202
0.174982
0.136030
0.228279
0.309981
0.225003
0.370350
0.193869
0.039053
0.308490
0.147240
0.144512
0.306514
0.233606
0.132114
0.204918
0.208206
0.179524
0.246172
0.222271
0.105156
0.435561
0.275829
0.389994
0.484106
0.178786
0.076900
0.231703
0.216792
0.125942
0.447022
0.163484
0.289548
0.074799
0.523376
0.086496
0.237520
0.100628
0.133747
0.252220
0.314187
0.186291
0.120319
0.466339
0.054005
0.193077
0.269800
0.236606
0.056340
0.690356
0.238501
0.166383
0.041474
0.228850
0.173640
0.129960
0.346301
0.149451
0.296220
0.220873
0.148869
0.146670
0.267182
0.124904
0.244152
0.019193
0.041487
0.158922
0.289866
0.296583
0.385034
0.224207
0.177431
0.173183
0.209732
0.107379
0.275629
0.247835
0.292725
0.187800
0.197651
0.137850
0.128196
0.087817
0.395230
0.433163
0.447671
0.166474
0.133911
0.018307
0.181362
0.422070
0.198680
0.040555
0.452643
0.637575
0.226424
0.207814
0.093601
0.318498
0.226477
0.315222
0.538993
0.244749
0.197901
0.333024
0.121682
0.129103
0.236296
0.162219
0.097919
0.230165
0.361781
0.197910
0.270399
0.264461
0.128539
0.455313
0.396298
0.302814
0.518855
0.084092
0.060543
0.159227
0.187831
0.041497
0.430784
0.135661
0.254659
0.110280
0.581495
0.131260
0.208552
0.080965
0.174538
0.409653
0.240348
0.272368
0.158838
0.390022
0.036658
0.366787
0.213610
0.225551
0.098552
0.522557
0.250477
0.250545
0.100614
0.152620
0.148373
0.083852
0.315954
0.140299
0.222732
0.147357
0.055895
0.326973
0.256852
0.146055
0.267362
0.092332
0.137474
0.231366
0.311320
0.268393
0.427434
0.196376
0.069787
0.302691
0.329297
0.096282
0.265362
0.343377
0.401455
0.216249
0.187844
0.116555
0.184408
0.175899
0.388524
0.319364
0.384257
0.076913
0.081339
0.085716
0.123568
0.294483
0.261714
0.130254
0.468940
0.499993
0.262049
0.210721
0.049368
0.322437
0.101717
0.416019
0.530919
0.330125
0.153622
0.285661
0.142924
0.196677
0.326180
0.054467
0.141332
0.331705
0.496889
0.153216
0.213745
0.194408
0.106566
0.302212
0.432668
0.184931
0.408987
0.075519
0.226790
0.182559
0.210267
0.025689
0.260220
0.146691
0.133023
0.235856
0.601387
0.096809
0.163381
0.200238
0.178890
0.518593
0.245532
0.219184
0.195087
0.307378
0.124193
0.430552
0.233140
0.266980
0.127200
0.436929
0.217007
0.234990
0.202410
0.094895
0.098655
0.090934
0.196390
0.121104
0.154985
0.076271
0.211947
0.309930
0.325280
0.250929
0.178622
0.103983
0.126224
0.129531
0.335440
0.297648
0.334402
0.102880
0.055592
0.336257
0.374394
0.133776
0.385647
0.447694
0.486755
0.214973
0.166844
0.122768
0.211241
0.278769
0.315498
0.357778
0.283026
0.050532
0.093267
0.187409
0.186420
0.166404
0.258931
0.204942
0.520612
0.380668
0.309113
0.201896
0.047605
0.225665
0.214589
0.407295
0.491135
0.289245
0.038010
0.369141
0.201550
0.295316
0.312612
0.108086
0.272548
0.308474
0.451124
0.039404
0.257010
0.150627
0.137606
0.095099
0.404167
0.175950
0.289025
0.063133
0.363768
0.254036
0.358408
0.110058
0.116215
0.135965
0.028284
0.237999
0.643608
0.042505
0.220640
0.251997
0.129513
0.482196
0.285659
0.188532
0.278936
0.160330
0.127269
0.356332
0.243308
0.239561
0.098720
0.491260
0.133137
0.329431
0.231038
0.090973
0.043236
0.058967
0.171302
0.173547
0.047694
0.039456
0.286858
0.028360
0.358276
0.324209
0.198922
0.105889
0.072734
0.133458
0.317700
0.382761
0.223343
0.132715
0.119771
0.205552
0.395580
0.221696
0.433650
0.442430
0.426876
0.092495
0.112319
0.051057
0.153201
0.320059
0.290548
0.422701
0.259215
0.145144
0.140435
0.221329
0.284966
0.222503
0.209440
0.175730
0.447778
0.401141
0.330760
0.220242
0.089454
0.132778
0.234335
0.304189
0.513696
0.143153
0.036779
0.348534
0.287135
0.237439
0.178687
0.098106
0.387468
0.211669
0.295462
0.153397
0.362071
0.081204
0.171605
0.138561
0.413090
0.111396
0.218477
0.164837
0.436932
0.260030
0.308838
0.177175
0.050507
0.040135
0.139841
0.258958
0.527510
0.131286
0.193105
0.250786
0.144583
0.412384
0.281032
0.289668
0.314388
0.118737
0.192052
0.235059
0.203360
0.175659
0.177669
0.489433
0.100993
0.428892
0.356592
0.142837
0.112897
0.059573
0.165258
0.192488
0.107419
0.105609
0.311610
0.173999
0.381028
0.275153
0.229553
0.092416
0.150413
0.208507
0.311655
0.421594
0.285558
0.217121
0.138779
0.106047
0.314849
0.247903
0.434238
0.248695
0.279162
0.110926
0.160193
0.158419
0.125978
0.335513
0.280919
0.550979
0.186436
0.183607
0.147689
0.178880
0.177799
0.256742
0.229553
0.233207
0.323666
0.393180
0.179396
0.302903
0.108619
0.139769
0.179775
0.218863
0.406934
0.154580
0.025936
0.217721
0.320617
0.091296
0.067553
0.088858
0.387835
0.259400
0.252710
0.246783
0.295154
0.159703
0.179138
0.156813
0.414425
0.049576
0.204630
0.215023
0.448003
0.142633
0.239920
0.146269
0.213929
0.163467
0.207668
0.228882
0.360483
0.137506
0.181032
0.221367
0.237190
0.357431
0.285231
0.296330
0.283103
0.120358
0.169383
0.169154
0.294630
0.182813
0.283760
0.319885
0.274214
0.467288
0.332003
0.243990
0.187872
0.117841
0.200071
0.149501
0.162231
0.129827
0.339651
0.217095
0.270449
0.197722
0.123282
0.083915
0.203022
0.234128
0.306597
0.335192
0.346858
0.302841
0.077459
0.120051
0.301077
0.225581
0.468242
0.140354
0.202909
0.258254
0.160130
0.181822
0.085938
0.337159
0.231247
0.452146
0.203695
0.191962
0.187494
0.121859
0.017209
0.269826
0.276583
0.282876
0.315834
0.284507
0.276272
0.394055
0.098105
0.064208
0.173775
0.209499
0.271015
0.130332
0.050818
0.110503
0.310579
0.123286
0.087780
0.131238
0.331747
0.437123
0.323273
0.150337
0.156344
0.212825
0.096158
0.109491
0.371911
0.183389
0.115559
0.287277
0.426811
0.049514
0.311750
0.087578
0.369407
0.390197
0.232083
0.180313
0.201899
0.132141
0.270864
0.215039
0.244590
0.329006
0.224627
0.097468
0.274953
0.240222
0.119241
0.147065
0.334926
0.222217
0.294422
0.091716
0.269497
0.407972
0.338151
0.232606
0.118314
0.103467
0.278131
0.116337
0.084085
0.158290
0.324197
0.297575
0.155386
0.155000
0.121984
0.062676
0.277707
0.317977
0.397713
0.236586
0.244453
0.338834
0.061763
0.193161
0.382416
0.211207
0.475223
0.166711
0.410878
0.305750
0.137949
0.152121
0.113074
0.387774
0.248780
0.255367
0.202156
0.230962
0.170317
0.056416
0.013884
0.228208
0.259719
0.246715
0.271173
0.169189
0.391152
0.263598
0.186328
0.109879
0.240527
0.145914
0.162703
0.203646
0.058240
0.227249
0.304047
0.217132
0.040515
0.236172
0.288923
0.400777
0.384849
0.083915
0.053801
0.224883
0.032852
0.180813
0.313971
0.319470
0.221289
0.356956
0.324380
0.012560
0.370711
0.123368
0.386932
0.357006
0.176585
0.080940
0.144374
0.234578
0.197958
0.163951
0.183061
0.221099
0.179961
0.042976
0.231680
0.374778
0.255146
0.108322
0.279911
0.162496
0.265580
0.106277
0.157988
0.298647
0.311831
0.229281
0.151427
0.147861
0.344408
0.068423
0.058595
0.107716
0.297265
0.388691
0.154075
0.137672
0.090014
0.104289
0.379772
0.370785
0.401099
0.259857
0.136093
0.297379
0.048973
0.248982
0.404110
0.224728
0.433644
0.186237
0.455156
0.353937
0.222552
0.152910
0.231386
0.370410
0.225442
0.191484
0.180923
0.191567
0.170351
0.212198
0.058965
0.269112
0.119057
0.245378
0.290794
0.180589
0.364890
0.276651
0.318010
0.108272
0.309541
0.060171
0.106804
0.187613
0.077800
0.330017
0.307874
0.206369
0.226968
0.320215
0.316398
0.310892
0.319275
0.124924
0.103161
0.251415
0.045708
0.197005
0.394868
0.320199
0.352624
0.334640
0.196546
0.086780
0.341908
0.147255
0.246484
0.299794
0.173054
0.105056
0.249114
0.291038
0.048171
0.159062
0.089772
0.096448
0.165339
0.080044
0.237469
0.395860
0.335796
0.163163
0.190851
0.061770
0.238170
0.146605
0.161613
0.252569
0.208256
0.243073
0.114067
0.220276
0.240896
0.023685
0.142060
0.061596
0.267462
0.328998
0.042779
0.122860
0.166380
0.283927
0.466691
0.372522
0.246178
0.253871
0.177184
0.206413
0.182507
0.265388
0.199032
0.355278
0.304800
0.070133
0.257218
0.335882
0.144147
0.181240
0.216204
0.306526
0.108136
0.123884
0.186630
0.139235
0.193656
0.336563
0.061739
0.243807
0.007778
0.323800
0.307849
0.239602
0.350113
0.334636
0.375195
0.051848
0.355137
0.089797
0.168842
0.221054
0.103109
0.503482
0.230406
0.088965
0.462318
0.391561
0.170383
0.251449
0.167038
0.152825
0.320996
0.283877
0.105969
0.162171
0.365244
0.239765
0.463505
0.160160
0.113475
0.181035
0.324938
0.140572
0.223535
0.264072
0.212116
0.034317
0.387131
0.277698
0.050456
0.244367
0.204110
0.196882
0.094058
0.108620
0.298043
0.226321
0.375193
0.261073
0.214406
0.116810
0.236872
0.147534
0.110528
0.319354
0.146511
0.225058
0.054009
0.185484
0.298139
0.177916
0.136338
0.160251
0.272267
0.174299
0.079601
0.156929
0.279344
0.309843
0.430103
0.364911
0.089664
0.136669
0.233050
0.118231
0.334354
0.339344
0.259306
0.552345
0.180786
0.076288
0.108733
0.279592
0.122443
0.180514
0.160225
0.282713
0.108582
0.050069
0.394457
0.169114
0.403262
0.341636
0.084755
0.265693
0.078073
0.375948
0.454896
0.105228
0.315312
0.304624
0.470231
0.105792
0.412577
0.140303
0.216797
0.303002
0.171135
0.667055
0.160894
0.161991
0.417683
0.395451
0.224509
0.134029
0.130011
0.064260
0.348419
0.315469
0.171405
0.212657
0.385494
0.280236
0.524163
0.154070
0.080168
0.197918
0.271245
0.237038
0.359429
0.344602
0.208496
0.104889
0.486186
0.221446
0.143566
0.248302
0.221933
0.354494
0.084926
0.130209
0.357447
0.201223
0.426522
0.325861
0.287880
0.174280
0.222055
0.139493
0.199739
0.325749
0.049432
0.212245
0.058309
0.273948
0.339141
0.137731
0.121385
0.320450
0.235417
0.135006
0.083462
0.051226
0.310079
0.279859
0.417610
0.317447
0.094400
0.163179
0.226461
0.133760
0.291620
0.363392
0.291510
0.620919
0.053017
0.076560
0.035998
0.217932
0.105368
0.246265
0.179516
0.272613
0.090054
0.126264
0.600568
0.266635
0.483086
0.289672
0.087380
0.183555
0.116823
0.267935
0.517914
0.249669
0.233058
0.224340
0.471654
0.085258
0.391685
0.086519
0.168786
0.255863
0.189412
0.679914
0.194431
0.164725
0.294842
0.432726
0.300440
0.122422
0.041687
0.021485
0.336602
0.293828
0.250303
0.271244
0.371491
0.387361
0.489039
0.300393
0.077430
0.121845
0.344846
0.425602
0.439957
0.236454
0.237649
0.183808
0.526919
0.229442
0.176105
0.290233
0.137016
0.376826
0.189787
0.182788
0.406193
0.268490
0.481823
0.353601
0.483057
0.217294
0.150978
0.138449
0.265120
0.308008
0.114657
0.212276
0.116706
0.418455
0.270963
0.089287
0.157405
0.416855
0.300135
0.174135
0.203045
0.105086
0.261620
0.327719
0.400071
0.247606
0.028236
0.209899
0.205861
0.221049
0.260572
0.225072
0.242152
0.588695
0.107115
0.057146
0.074070
0.257538
0.106350
0.281165
0.263980
0.236144
0.172502
0.195008
0.563680
0.274877
0.467423
0.265555
0.262065
0.202591
0.196381
0.272913
0.464276
0.269934
0.123864
0.255213
0.445247
0.056129
0.315308
0.066231
0.081535
0.257213
0.200559
0.576901
0.271103
0.164120
0.390436
0.408600
0.347415
0.259438
0.051651
0.036156
0.349966
0.249290
0.332482
0.366335
0.369131
0.390191
0.368147
0.333314
0.093664
0.179242
0.381532
0.404011
0.346363
0.243961
0.220171
0.303503
0.494640
0.295694
0.246852
0.279248
0.107342
0.438934
0.450386
0.276450
0.432834
0.247932
0.381472
0.378004
0.515626
0.102510
0.146509
0.222331
0.270037
0.249090
0.112452
0.296833
0.235158
0.438925
0.235784
0.029364
0.174783
0.506890
0.406179
0.113299
0.124418
0.110881
0.348688
0.426825
0.359918
0.275422
0.171747
0.151509
0.157426
0.233444
0.392808
0.052863
0.269406
0.653448
0.124398
0.135411
0.115179
0.295676
0.124364
0.302015
0.250792
0.301807
0.230677
0.250067
0.468954
0.217578
0.386400
0.278975
0.267045
0.146504
0.255211
0.397410
0.401315
0.219765
0.162662
0.282096
0.357155
0.218499
0.194920
0.102069
0.016425
0.206371
0.233154
0.426681
0.256835
0.142650
0.551166
0.298305
0.353655
0.252309
0.148364
0.078816
0.406372
0.208719
0.390086
0.474849
0.361416
0.267644
0.319239
0.193374
0.096845
0.179528
0.268228
0.197052
0.259597
0.239735
0.151585
0.366986
0.442575
0.370533
0.337732
0.196082
0.176268
0.533920
0.481216
0.194745
0.410381
0.205068
0.294657
0.300465
0.419604
0.132270
0.243677
0.159651
0.294568
0.252464
0.115900
0.300005
0.263799
0.381906
0.241123
0.077284
0.246528
0.557705
0.444584
0.057956
0.105072
0.084222
0.463008
0.509485
0.314210
0.296046
0.217283
0.161908
0.248281
0.231512
0.496907
0.039305
0.287507
0.709328
0.136628
0.110269
0.169199
0.256128
0.191218
0.274978
0.317384
0.297678
0.293516
0.282668
0.491595
0.177552
0.310793
0.414287
0.183493
0.151828
0.345028
0.486302
0.374323
0.211849
0.206728
0.268526
0.347778
0.327674
0.023799
0.161540
0.056458
0.144860
0.313826
0.332018
0.085505
0.283752
0.513218
0.154556
0.419353
0.177974
0.173322
0.124886
0.391563
0.036028
0.433058
0.481545
0.263190
0.209231
0.220011
0.142495
0.117308
0.094151
0.147702
0.164189
0.292503
0.259285
0.177028
0.343907
0.358006
0.387600
0.339032
0.054096
0.207821
0.428986
0.331129
0.195620
0.309025
0.130134
0.335939
0.210058
0.298857
0.147664
0.338831
0.110190
0.270907
0.272211
0.180226
0.195414
0.281176
0.375281
0.280307
0.030520
0.319467
0.474513
0.404320
0.085561
0.297830
0.049397
0.414329
0.499905
0.289723
0.173754
0.092495
0.127295
0.275841
0.173317
0.426831
0.109530
0.336772
0.541566
0.075207
0.040217
0.122260
0.177561
0.150564
0.244546
0.407188
0.349776
0.445891
0.277938
0.494447
0.164498
0.390812
0.388804
0.194915
0.227838
0.293367
0.381548
0.318554
0.102848
0.153105
0.236311
0.316335
0.342862
0.086522
0.156575
0.131512
0.224775
0.382531
0.175824
0.048289
0.445212
0.405513
0.198561
0.359668
0.200410
0.170730
0.217809
0.357417
0.087648
0.441665
0.381076
0.204382
0.255666
0.148559
0.128457
0.074923
0.083795
0.088086
0.081152
0.335783
0.338758
0.114368
0.305101
0.259331
0.352848
0.260890
0.075905
0.204522
0.189486
0.245698
0.201836
0.156420
0.201083
0.341702
0.211367
0.172412
0.191346
0.369627
0.186199
0.225746
0.290223
0.178078
0.022644
0.201294
0.484975
0.343841
0.128343
0.329145
0.378037
0.288425
0.149296
0.445441
0.042232
0.274302
0.419367
0.156827
0.058825
0.168280
0.050728
0.256008
0.093109
0.408353
0.065064
0.299469
0.184219
0.112826
0.208226
0.225656
0.148213
0.104763
0.181349
0.398897
0.417724
0.440000
0.351455
0.334069
0.112963
0.439344
0.327593
0.273847
0.248390
0.219392
0.333354
0.256968
0.103319
0.160947
0.243296
0.320012
0.365796
0.180994
0.232146
0.200030
0.226223
0.351553
0.007700
0.146808
0.458349
0.449861
0.216369
0.205819
0.349848
0.212953
0.359372
0.374719
0.129391
0.383988
0.300152
0.120810
0.307293
0.181054
0.181095
0.135778
0.116079
0.233436
0.055349
0.250976
0.228588
0.141944
0.422759
0.181371
0.239098
0.322328
0.049866
0.210211
0.094572
0.320174
0.222678
0.160954
0.145609
0.256211
0.314190
0.224688
0.187540
0.301635
0.175002
0.218060
0.134871
0.207105
0.106284
0.198963
0.523818
0.391742
0.341955
0.293712
0.316019
0.250742
0.176480
0.516725
0.112882
0.223402
0.293004
0.158955
0.123679
0.258845
0.048153
0.261209
0.112673
0.346665
0.056411
0.365247
0.076862
0.218579
0.271889
0.356358
0.179399
0.095746
0.089664
0.271266
0.268048
0.304202
0.341893
0.133054
0.049235
0.410933
0.154159
0.283775
0.428478
0.235221
0.406017
0.246308
0.232176
0.176325
0.279648
0.230288
0.333268
0.296935
0.269123
0.243981
0.245991
0.246270
0.134424
0.187036
0.335138
0.461482
0.228945
0.145778
0.436277
0.139824
0.443883
0.311554
0.249675
0.308295
0.281133
0.126840
0.287313
0.062420
0.226856
0.249001
0.208258
0.383979
0.091051
0.118748
0.243976
0.222556
0.595486
0.153182
0.197877
0.392585
0.036731
0.249651
0.143221
0.381697
0.276755
0.381782
0.117633
0.137806
0.314437
0.160438
0.108040
0.410144
0.196452
0.295571
0.084171
0.245007
0.241029
0.207395
0.435894
0.347304
0.382831
0.229600
0.242410
0.203656
0.121292
0.674817
0.254171
0.279567
0.170801
0.195905
0.108077
0.210571
0.126159
0.365525
0.217400
0.242115
0.104029
0.386674
0.066113
0.206832
0.337940
0.301819
0.217708
0.220556
0.203030
0.081186
0.058074
0.153844
0.302047
0.026954
0.111979
0.370135
0.095436
0.279204
0.467297
0.320153
0.376956
0.233554
0.299054
0.169249
0.303846
0.125430
0.268886
0.398137
0.299387
0.256763
0.245679
0.237583
0.169560
0.118942
0.229096
0.189395
0.252128
0.094207
0.400376
0.069502
0.476809
0.298244
0.348615
0.226453
0.176934
0.152082
0.280076
0.045934
0.191716
0.295978
0.399802
0.494644
0.095913
0.143451
0.282588
0.221638
0.488342
0.144083
0.228032
0.426277
0.031000
0.232908
0.198447
0.304929
0.356008
0.451429
0.128515
0.044819
0.169920
0.150084
0.114672
0.391073
0.211149
0.380142
0.080025
0.290529
0.236168
0.272507
0.294693
0.302927
0.341764
0.125311
0.088449
0.121639
0.100148
0.613686
0.323500
0.256005
0.081092
0.213188
0.105701
0.187259
0.255901
0.390666
0.216439
0.231310
0.201001
0.273347
0.134898
0.195112
0.397315
0.182333
0.258044
0.293010
0.119016
0.073147
0.153087
0.136138
0.250579
0.032331
0.158705
0.290889
0.132226
0.319863
0.486241
0.212754
0.216112
0.139566
0.277308
0.137412
0.248644
0.127634
0.223246
0.407006
0.327792
0.277249
0.213597
0.284144
0.125960
0.074213
0.247224
0.095730
0.195161
0.093885
0.383335
0.210003
0.462322
0.288315
0.396855
0.176039
0.097768
0.245042
0.314655
0.118908
0.209678
0.371424
0.393724
0.571036
0.080678
0.229224
0.294996
0.204041
0.188232
0.061134
0.210216
0.406320
0.206083
0.221707
0.363036
0.190959
0.379934
0.414907
0.122248
0.010004
0.126848
0.248089
0.255756
0.369848
0.283631
0.367834
0.069267
0.211091
0.205044
0.288970
0.186554
0.312392
0.327543
0.074076
0.065478
0.118711
0.312786
0.480058
0.309894
0.124519
0.030483
0.152414
0.134672
0.238341
0.280474
0.393761
0.210949
0.212270
0.239250
0.204538
0.244554
0.208392
0.346588
0.130812
0.231094
0.255844
0.087849
0.185818
0.234648
0.280598
0.295040
0.100129
0.251972
0.099555
0.016395
0.389249
0.405008
0.114000
0.113727
0.166326
0.269819
0.192300
0.161472
0.054135
0.230381
0.293179
0.306299
0.309045
0.131263
0.288280
0.062861
0.163516
0.261794
0.180013
0.119650
0.194756
0.416979
0.227046
0.392065
0.156048
0.319566
0.088656
0.077968
0.434658
0.268383
0.130095
0.313499
0.414407
0.321762
0.536338
0.059400
0.181710
0.183938
0.122733
0.051048
0.121034
0.186364
0.311809
0.354472
0.296414
0.235292
0.358508
0.288154
0.378374
0.090113
0.081458
0.127140
0.293656
0.347783
0.342989
0.454863
0.184406
0.068292
0.081622
0.276137
0.255416
0.040152
0.359971
0.383842
0.133735
0.135231
0.137127
0.287400
0.407831
0.281157
0.058743
0.037946
0.202588
0.085134
0.197472
0.174215
0.353758
0.192427
0.385774
0.265954
0.169680
0.263003
0.198755
0.187105
0.183007
0.189788
0.250639
0.158021
0.284631
0.282685
0.262633
0.278996
0.149457
0.350958
0.062893
0.115792
0.319283
0.348899
0.079590
0.114000
0.149667
0.296062
0.242212
0.175845
0.002960
0.320673
0.371611
0.283734
0.337359
0.116847
0.251919
0.018588
0.160148
0.183674
0.190291
0.172617
0.189911
0.318976
0.305713
0.295668
0.073156
0.272410
0.077638
0.162902
0.484322
0.250041
0.250055
0.266650
0.378297
0.323337
0.297324
0.168789
0.029737
0.172001
0.058292
0.129616
0.131772
0.270058
0.227336
0.410903
0.351135
0.184803
0.537633
0.205370
0.361448
0.184318
0.088615
0.224818
0.322778
0.389083
0.251560
0.687693
0.019083
0.102127
0.159559
0.322229
0.258674
0.191298
0.331977
0.515184
0.214946
0.119006
0.146612
0.263265
0.375237
0.276200
0.113271
0.064615
0.285646
0.095697
0.203773
0.156930
0.292782
0.286021
0.392136
0.284421
0.116477
0.228874
0.149244
0.069557
0.181800
0.117255
0.314964
0.099427
0.174909
0.282028
0.154169
0.236920
0.170045
0.366051
0.181523
0.190258
0.273680
0.344459
0.176120
0.082179
0.207273
0.343641
0.188526
0.207280
0.044130
0.338973
0.290730
0.283915
0.280634
0.143604
0.258814
0.102668
0.022503
0.169093
0.207293
0.147732
0.201163
0.344899
0.407721
0.168048
0.198612
0.252336
0.222021
0.120270
0.348314
0.198937
0.211890
0.116595
0.383300
0.396141
0.055513
0.160939
0.164792
0.138931
0.032581
0.245885
0.083267
0.180859
0.192499
0.456628
0.318889
0.270979
0.474412
0.164659
0.217217
0.290999
0.132836
0.195776
0.326129
0.357618
0.111001
0.847934
0.096858
0.215095
0.295105
0.384136
0.349124
0.354137
0.218807
0.492564
0.209750
0.082441
0.251507
0.406449
0.329115
0.296063
0.126894
0.063925
0.253375
0.231084
0.196472
0.284544
0.222958
0.312887
0.418215
0.233006
0.100697
0.124995
0.139321
0.028302
0.098583
0.148478
0.373580
0.053297
0.143870
0.194573
0.143017
0.239466
0.205776
0.367519
0.285520
0.273789
0.232109
0.409425
0.335358
0.144079
0.247689
0.257326
0.195795
0.159975
0.093321
0.187937
0.279504
0.359435
0.237735
0.189044
0.263037
0.325287
0.100112
0.240591
0.096379
0.067269
0.201584
0.257485
0.409082
0.131670
0.337500
0.219303
0.233001
0.257713
0.324431
0.142562
0.136397
0.042264
0.247405
0.373427
0.042942
0.214367
0.146361
0.152033
0.044859
0.207133
0.095616
0.085914
0.375524
0.451639
0.328743
0.226329
0.291896
0.115690
0.066970
0.312880
0.223578
0.126692
0.358325
0.393081
0.160281
0.933138
0.154192
0.250045
0.354136
0.392218
0.295664
0.396832
0.245831
0.387953
0.215033
0.060366
0.294585
0.544390
0.246005
0.330041
0.131320
0.075945
0.281378
0.208722
0.194011
0.367471
0.078281
0.213397
0.457309
0.353120
0.038428
0.028710
0.128265
0.083301
0.081615
0.189148
0.420336
0.090688
0.249344
0.148422
0.062781
0.224318
0.238565
0.385306
0.356631
0.442656
0.227791
0.337131
0.354903
0.227424
0.147455
0.188297
0.225733
0.086601
0.140896
0.154575
0.264059
0.284289
0.290157
0.155796
0.278135
0.387148
0.021178
0.160077
0.077744
0.156495
0.117818
0.074866
0.328635
0.124427
0.328112
0.308292
0.152828
0.263229
0.360405
0.128592
0.223734
0.143521
0.247623
0.334759
0.118029
0.375152
0.056993
0.208352
0.117756
0.139747
0.221240
0.085390
0.515116
0.376110
0.197851
0.281769
0.120838
0.156087
0.144484
0.192723
0.299617
0.060356
0.415025
0.350881
0.141261
0.899450
0.234234
0.233024
0.320607
0.340842
0.396155
0.425228
0.188798
0.322608
0.236990
0.064933
0.218732
0.464243
0.133112
0.354574
0.216931
0.066886
0.311656
0.177839
0.171340
0.309429
0.096991
0.231569
0.467581
0.453161
0.075693
0.040531
0.204008
0.105253
0.198310
0.113711
0.346252
0.162408
0.227660
0.221740
0.056127
0.175805
0.245824
0.373184
0.253350
0.572360
0.262441
0.175482
0.253708
0.207372
0.105630
0.255752
0.246146
0.091652
0.133607
0.055331
0.217052
0.149744
0.298849
0.121935
0.280133
0.283529
0.132412
0.212913
0.095578
0.206464
0.101727
0.073938
0.345251
0.152637
0.287102
0.284911
0.139436
0.179042
0.376172
0.185409
0.286407
0.143571
0.373360
0.277799
0.143351
0.418671
0.169514
0.108029
0.149295
0.137387
0.192581
0.104281
0.408587
0.184361
0.238473
0.251233
0.119808
0.260862
0.218846
0.176565
0.221573
0.162164
0.383580
0.290938
0.201664
0.853459
0.276397
0.223725
0.302867
0.186084
0.402406
0.436231
0.130316
0.297819
0.236883
0.070625
0.205977
0.352722
0.063013
0.372045
0.303897
0.084040
0.252714
0.171183
0.292079
0.239680
0.243783
0.166289
0.312908
0.454380
0.235987
0.075446
0.291695
0.083222
0.133348
0.117672
0.211999
0.172580
0.051708
0.225250
0.038605
0.117334
0.239853
0.243538
0.408522
0.520732
0.257835
0.073795
0.298194
0.137889
0.103296
0.179753
0.141500
0.031318
0.171643
0.201794
0.147137
0.087399
0.167891
0.232885
0.258373
0.142320
0.224868
0.139207
0.062788
0.171093
0.093782
0.089722
0.295831
0.125409
0.235214
0.194250
0.055600
0.156039
0.482513
0.117314
0.273990
0.124071
0.422114
0.300865
0.096110
0.303451
0.188812
0.070792
0.126370
0.105366
0.015087
0.092655
0.284753
0.093723
0.183122
0.161803
0.120846
0.190459
0.256982
0.249554
0.102461
0.450201
0.378753
0.175204
0.251606
0.664196
0.237101
0.085676
0.391205
0.153593
0.282230
0.369584
0.254422
0.213562
0.156002
0.159812
0.296866
0.396858
0.158573
0.197590
0.339171
0.114302
0.108347
0.144673
0.351793
0.178809
0.269916
0.074945
0.233665
0.325616
0.279562
0.056901
0.254035
0.132440
0.099007
0.030760
0.087490
0.175228
0.100155
0.085973
0.099209
0.105381
0.227625
0.249458
0.448441
0.484948
0.154804
0.104894
0.302615
0.176267
0.126458
0.080117
0.105346
0.035615
0.183476
0.352238
0.192036
0.119484
0.157799
0.085886
0.221676
0.116238
0.213353
0.018154
0.228614
0.204854
0.117391
0.199793
0.181765
0.342549
0.291314
0.113944
0.030184
0.119901
0.520216
0.052825
0.228679
0.091346
0.284204
0.327467
0.072087
0.150428
0.141749
0.075142
0.128994
0.192025
0.091403
0.154450
0.271357
0.164854
0.134729
0.055496
0.159651
0.218372
0.239369
0.314462
0.008752
0.544449
0.487397
0.121600
0.284131
0.543265
0.149035
0.078792
0.373333
0.138749
0.239112
0.290498
0.316131
0.193643
0.288274
0.166720
0.252285
0.387650
0.200799
0.021795
0.243789
0.121045
0.023059
0.051446
0.226277
0.149271
0.103973
0.117895
0.189067
0.088667
0.275587
0.070985
0.159258
0.077746
0.195538
0.128265
0.049171
0.270852
0.187868
0.058992
0.115777
0.126233
0.225401
0.164981
0.464276
0.439467
0.068943
0.239490
0.231497
0.143516
0.167391
0.069310
0.062146
0.133443
0.091681
0.261312
0.122548
0.170238
0.163281
0.143851
0.247327
0.089453
0.153719
0.071381
0.250099
0.236655
0.218280
0.237204
0.086290
0.519277
0.311025
0.092896
0.096343
0.042299
0.496910
0.167646
0.153416
0.087851
0.331957
0.267145
0.086940
0.087411
0.029822
0.062767
0.173791
0.184750
0.063158
0.067905
0.292535
0.248500
0.129161
0.131388
0.290920
0.300653
0.289298
0.216573
0.046995
0.477835
0.448739
0.207809
0.252686
0.436421
0.126594
0.109784
0.205516
0.091673
0.323585
0.214200
0.374738
0.142798
0.231996
0.203171
0.163300
0.208486
0.114673
0.078287
0.204232
0.099582
0.097986
0.170805
0.082073
0.118820
0.071375
0.083285
0.192413
0.123179
0.403051
0.115442
0.138851
0.164818
0.288538
0.137080
0.020180
0.324087
0.186787
0.127830
0.233150
0.158003
0.286855
0.089673
0.421038
0.326448
0.068480
0.323668
0.279056
0.108714
0.174678
0.198404
0.009330
0.176551
0.011947
0.182692
0.179624
0.174510
0.149218
0.044697
0.254101
0.079722
0.158114
0.125329
0.269303
0.141780
0.204271
0.277857
0.220836
0.549035
0.285715
0.119260
0.129893
0.018967
0.369452
0.336503
0.078532
0.072095
0.328609
0.381057
0.066906
0.235084
0.082417
0.109519
0.170925
0.216662
0.130082
0.064564
0.230861
0.169730
0.283830
0.087754
0.301374
0.219036
0.284010
0.319637
0.056067
0.370466
0.399922
0.322085
0.336384
0.163743
0.207500
0.109818
0.060206
0.023338
0.332821
0.153081
0.475207
0.071496
0.104650
0.171617
0.180637
0.055367
0.143701
0.088316
0.094556
0.097044
0.155021
0.250528
0.028578
0.223104
0.172952
0.025838
0.237313
0.131325
0.428524
0.068791
0.196360
0.137406
0.205790
0.094007
0.128081
0.265817
0.196172
0.173377
0.144261
0.255002
0.375095
0.144044
0.362005
0.187026
0.167942
0.321544
0.349818
0.138106
0.141520
0.334126
0.081666
0.154655
0.075018
0.230245
0.207428
0.058049
0.033758
0.166545
0.225266
0.125543
0.119874
0.176752
0.355870
0.068368
0.149767
0.341235
0.276194
0.517694
0.250494
0.014818
0.054578
0.046650
0.266689
0.470208
0.075574
0.169150
0.286923
0.456354
0.016692
0.213674
0.192922
0.178617
0.155348
0.219332
0.213287
0.114196
0.125908
0.111486
0.320293
0.067947
0.262851
0.021168
0.226623
0.236929
0.146514
0.204678
0.195069
0.326141
0.416003
0.238651
0.235029
0.017456
0.091184
0.151341
0.293898
0.119799
0.435078
0.038830
0.037907
0.191673
0.126225
0.071215
0.246632
0.115500
0.116634
0.165584
0.279755
0.128104
0.022317
0.152521
0.181019
0.072034
0.125621
0.004105
0.395104
0.061266
0.136545
0.123888
0.063486
0.133149
0.269090
0.231551
0.180066
0.235261
0.122792
0.167353
0.313964
0.283917
0.329872
0.172754
0.249937
0.295235
0.301427
0.055664
0.067418
0.326267
0.145359
0.174075
0.155144
0.126781
0.189200
0.127679
0.206135
0.276309
0.317348
0.144928
0.058887
0.205665
0.375316
0.122724
0.122495
0.193404
0.313782
0.483356
0.139736
0.137136
0.051940
0.084994
0.154562
0.552416
0.167028
0.154441
0.334516
0.315343
0.079206
0.065308
0.269927
0.196628
0.196976
0.116665
0.233917
0.200505
0.103358
0.234367
0.264712
0.095695
0.269201
0.031924
0.195337
0.166351
0.220648
0.104191
0.135329
0.318902
0.396559
0.524418
0.277013
0.053884
0.054878
0.217537
0.279898
0.273560
0.318619
0.146528
0.097521
0.149836
0.043197
0.044095
0.265922
0.186689
0.242399
0.206492
0.374262
0.076381
0.205092
0.078764
0.064283
0.107618
0.140445
0.041668
0.368152
0.072478
0.116135
0.250309
0.099437
0.191200
0.333231
0.179874
0.201563
0.259239
0.154624
0.196380
0.160862
0.289582
0.391803
0.064179
0.204097
0.360526
0.185280
0.062866
0.027884
0.222398
0.132426
0.064013
0.102788
0.018478
0.178413
0.147395
0.326039
0.263260
0.390029
0.133808
0.211775
0.165325
0.241699
0.096132
0.088285
0.114105
0.350808
0.412902
0.156645
0.196211
0.012494
0.193642
0.028505
0.577719
0.220908
0.113352
0.474552
0.181932
0.084392
0.111702
0.308839
0.088385
0.259899
0.135582
0.288246
0.154107
0.087518
0.197802
0.213952
0.099897
0.329091
0.070315
0.145304
0.212372
0.179614
0.072744
0.266077
0.283107
0.247560
0.524316
0.271907
0.080149
0.108956
0.145109
0.270112
0.341907
0.272902
0.325318
0.119832
0.136452
0.171733
0.119890
0.217325
0.208184
0.120900
0.160711
0.421540
0.165223
0.313408
0.122856
0.064329
0.077589
0.103883
0.024574
0.383506
0.062998
0.226547
0.271284
0.168185
0.214939
0.332783
0.229128
0.167307
0.230668
0.125891
0.228507
0.230188
0.193805
0.313820
0.234127
0.257173
0.394025
0.163492
0.049511
0.023912
0.150448
0.266311
0.061698
0.073291
0.094784
0.252406
0.080782
0.319229
0.019521
0.334348
0.164664
0.240830
0.073339
0.085967
0.065236
0.067162
0.116686
0.431751
0.375029
0.160548
0.180628
0.055671
0.201380
0.174434
0.590044
0.125472
0.118386
0.405078
0.180774
0.106794
0.428507
0.323745
0.105525
0.279871
0.136565
0.388135
0.114657
0.120037
0.087445
0.128972
0.118372
0.272944
0.115418
0.096935
0.211669
0.096694
0.075889
0.325278
0.135211
0.316802
0.545980
0.198639
0.118071
0.251639
0.157695
0.315454
0.290987
0.244461
0.375285
0.224589
0.137981
0.160021
0.194019
0.083819
0.180456
0.141269
0.206098
0.342014
0.096029
0.263559
0.188000
0.080064
0.075103
0.133902
0.075415
0.293260
0.023303
0.156046
0.254138
0.116993
0.190496
0.411268
0.204205
0.049699
0.190306
0.113448
0.264621
0.271994
0.141041
0.238749
0.325226
0.161333
0.356850
0.040688
0.064956
0.054843
0.189428
0.280793
0.171610
0.037582
0.089193
0.209798
0.040315
0.300622
0.110658
0.344484
0.260307
0.193412
0.084734
0.180353
0.079742
0.121037
0.102705
0.375095
0.456991
0.248455
0.332096
0.123183
0.170122
0.315366
0.466196
0.103924
0.040458
0.322363
0.256074
0.152758
0.562011
0.150338
0.088146
0.271265
0.185452
0.345982
0.068810
0.063121
0.129895
0.191628
0.163730
0.088603
0.164532
0.097712
0.119824
0.150493
0.052663
0.355426
0.040095
0.297150
0.620135
0.198259
0.186100
0.238490
0.273215
0.214651
0.204694
0.230998
0.388785
0.258335
0.184978
0.179751
0.186254
0.049105
0.181418
0.228867
0.149812
0.292570
0.123382
0.304635
0.252386
0.202078
0.082598
0.236512
0.200048
0.175524
0.084122
0.085661
0.309142
0.123200
0.089950
0.521588
0.273078
0.076817
0.144461
0.040418
0.058936
0.165214
0.278904
0.260182
0.274883
0.100694
0.154372
0.084882
0.082202
0.105226
0.063476
0.202441
0.209968
0.183803
0.168689
0.213399
0.078849
0.278306
0.076680
0.490368
0.346921
0.245043
0.006739
0.236902
0.152578
0.056669
0.272512
0.200447
0.463342
0.384953
0.423169
0.098960
0.200706
0.261707
0.307367
0.146904
0.041296
0.274276
0.304747
0.188494
0.534075
0.077611
0.121095
0.362188
0.161652
0.112842
0.069167
0.078236
0.138317
0.235453
0.213902
0.066934
0.101842
0.096700
0.136716
0.155872
0.098411
0.362679
0.051117
0.256949
0.593000
0.156095
0.123374
0.160388
0.284669
0.148158
0.146327
0.282238
0.441334
0.213414
0.141954
0.272836
0.193957
0.190577
0.262974
0.168207
0.195173
0.199568
0.203676
0.286136
0.271542
0.202316
0.109754
0.296411
0.296747
0.157789
0.071482
0.226510
0.315942
0.161979
0.056333
0.449677
0.267538
0.191716
0.110350
0.110816
0.064027
0.100334
0.337522
0.383019
0.270598
0.206022
0.072813
0.159075
0.024366
0.146885
0.148791
0.180106
0.231018
0.201066
0.196213
0.286709
0.162275
0.315404
0.144753
0.413720
0.375616
0.211665
0.101186
0.250722
0.271710
0.098438
0.367027
0.142176
0.406263
0.371919
0.360739
0.066837
0.279592
0.123494
0.247881
0.168344
0.115155
0.331533
0.200862
0.157942
0.441671
0.203716
0.145855
0.468976
0.045988
0.186740
0.095134
0.165418
0.062800
0.164852
0.221215
0.061601
0.183951
0.134022
0.218843
0.138903
0.190044
0.346109
0.172497
0.337254
0.451379
0.134050
0.024767
0.147301
0.159062
0.063757
0.129696
0.229267
0.437515
0.134702
0.165472
0.351456
0.269705
0.316772
0.260674
0.056328
0.260579
0.099690
0.114439
0.298869
0.220690
0.190487
0.079584
0.272658
0.243871
0.121649
0.094453
0.218990
0.253952
0.245079
0.087506
0.192107
0.272850
0.256135
0.053590
0.146052
0.018187
0.245593
0.318383
0.429183
0.226310
0.327505
0.187429
0.179062
0.072477
0.257237
0.228001
0.177539
0.209145
0.071408
0.081845
0.257673
0.192696
0.321952
0.258986
0.267879
0.421292
0.103774
0.248154
0.143153
0.217051
0.186794
0.415606
0.165523
0.331922
0.321742
0.330155
0.175771
0.304252
0.129677
0.105563
0.296633
0.214158
0.329748
0.079129
0.078027
0.314929
0.287618
0.138523
0.354341
0.150396
0.208543
0.085819
0.255581
0.058223
0.028773
0.223590
0.023823
0.280624
0.177601
0.185465
0.201332
0.173460
0.314947
0.126089
0.369772
0.316689
0.287723
0.064689
0.219072
0.151161
0.058263
0.285147
0.041929
0.295567
0.138188
0.331054
0.329945
0.334106
0.470508
0.198662
0.083696
0.146613
0.113155
0.117610
0.261006
0.207035
0.171488
0.086906
0.249504
0.251457
0.176750
0.147342
0.104318
0.385353
0.388533
0.282889
0.027957
0.242687
0.242569
0.038821
0.159205
0.074623
0.308965
0.187326
0.424657
0.112278
0.196897
0.236124
0.230674
0.022666
0.290988
0.161729
0.116351
0.144878
0.112022
0.094730
0.189289
0.181139
0.278111
0.164297
0.299357
0.259020
0.111676
0.351014
0.137009
0.125877
0.162770
0.427912
0.091377
0.295445
0.437376
0.384658
0.092640
0.250557
0.151585
0.169471
0.303049
0.255521
0.315294
0.066651
0.054579
0.355362
0.342063
0.145960
0.135594
0.211603
0.213917
0.164170
0.267872
0.214975
0.091713
0.216197
0.097795
0.150688
0.146506
0.127714
0.209380
0.205214
0.327729
0.180444
0.453058
0.248167
0.466698
0.217581
0.288784
0.196195
0.072640
0.348465
0.175088
0.196238
0.244380
0.343660
0.331195
0.337091
0.526790
0.194639
0.151604
0.023828
0.034415
0.069384
0.194031
0.298232
0.288561
0.167871
0.209295
0.270446
0.101353
0.199606
0.152786
0.524682
0.334788
0.438269
0.053175
0.243224
0.321069
0.036278
0.182039
0.202607
0.343254
0.209674
0.410901
0.028796
0.259941
0.313347
0.309263
0.061056
0.387567
0.123578
0.057476
0.147376
0.123392
0.145279
0.170033
0.251343
0.264985
0.130317
0.216055
0.116527
0.207459
0.345582
0.139360
0.227238
0.148171
0.349839
0.137177
0.218853
0.533119
0.237560
0.222083
0.270257
0.130953
0.158143
0.289703
0.221590
0.301589
0.060098
0.074033
0.388054
0.264203
0.128336
0.183965
0.150315
0.350837
0.175860
0.224791
0.390648
0.162600
0.231845
0.034281
0.143918
0.063588
0.165634
0.213247
0.300914
0.273429
0.156436
0.561455
0.141339
0.490919
0.291765
0.331881
0.261936
0.114681
0.349378
0.108278
0.219895
0.354077
0.182922
0.293412
0.306938
0.468776
0.245811
0.308292
0.120555
0.174950
0.142763
0.043767
0.318991
0.279021
0.157605
0.194420
0.129304
0.138238
0.145422
0.158786
0.508662
0.198728
0.511731
0.127841
0.344765
0.486335
0.144730
0.237084
0.256447
0.374890
0.228402
0.388852
0.090355
0.264476
0.415243
0.153879
0.012735
0.382649
0.167557
0.225030
0.088949
0.186217
0.168314
0.119624
0.251810
0.298647
0.257039
0.141176
0.296849
0.153039
0.303630
0.096165
0.317475
0.218763
0.218903
0.226810
0.229322
0.327717
0.268239
0.211941
0.261145
0.207649
0.131628
0.336941
0.208641
0.201792
0.019937
0.081353
0.366542
0.108077
0.135288
0.212193
0.148431
0.494699
0.214186
0.222239
0.439180
0.121855
0.292080
0.147932
0.193025
0.075689
0.226477
0.246082
0.268070
0.174343
0.128855
0.545873
0.210231
0.350478
0.258144
0.347286
0.217201
0.155347
0.181595
0.080996
0.208226
0.434768
0.116261
0.248513
0.312256
0.361023
0.231781
0.302173
0.208886
0.305487
0.321892
0.045698
0.250106
0.134466
0.110225
0.155730
0.081804
0.157659
0.243329
0.201105
0.327581
0.101889
0.345607
0.226967
0.369830
0.454515
0.143314
0.285168
0.205778
0.357355
0.301459
0.485652
0.118992
0.291124
0.444604
0.084396
0.101675
0.318348
0.243560
0.270449
0.028955
0.343605
0.201600
0.166300
0.218902
0.258864
0.381471
0.200595
0.471743
0.113067
0.317707
0.138065
0.333179
0.253759
0.308689
0.255456
0.304020
0.262848
0.297481
0.036952
0.198804
0.121041
0.283871
0.475047
0.269520
0.307839
0.063098
0.047467
0.348178
0.087829
0.071078
0.285530
0.233044
0.514171
0.253991
0.258711
0.406740
0.103119
0.256080
0.292925
0.153975
0.115993
0.206246
0.272823
0.276448
0.224308
0.137006
0.463815
0.209447
0.394790
0.304344
0.378004
0.211982
0.221678
0.225573
0.195075
0.140493
0.461065
0.242315
0.208482
0.292680
0.290471
0.121246
0.226271
0.299868
0.478832
0.361148
0.207303
0.172178
0.049610
0.070761
0.284205
0.121911
0.256164
0.355129
0.240929
0.171449
0.140008
0.270265
0.308597
0.191175
0.347418
0.007511
0.205928
0.120468
0.317145
0.247473
0.432476
0.206670
0.291214
0.416450
0.108099
0.095207
0.183690
0.243402
0.244148
0.059283
0.389368
0.206920
0.207689
0.235007
0.191585
0.340204
0.242582
0.539997
0.155956
0.333052
0.315626
0.308231
0.250362
0.388951
0.291891
0.274213
0.219927
0.224714
0.077000
0.190016
0.081282
0.423364
0.488585
0.344826
0.284268
0.065203
0.105942
0.408000
0.196609
0.100834
0.395769
0.326354
0.442919
0.270989
0.286322
0.380358
0.081602
0.210237
0.365440
0.078187
0.113955
0.126644
0.261289
0.302646
0.342726
0.201833
0.338318
0.176770
0.360582
0.383833
0.336236
0.242426
0.224699
0.350180
0.120841
0.062484
0.484865
0.369361
0.151892
0.281744
0.285661
0.153659
0.254432
0.335959
0.590115
0.350897
0.214336
0.163935
0.045796
0.066297
0.382439
0.275161
0.373855
0.270641
0.250466
0.125965
0.175842
0.250654
0.305711
0.175092
0.277778
0.041969
0.196096
0.067074
0.295713
0.262060
0.435569
0.226463
0.239257
0.327336
0.125337
0.024141
0.201649
0.217986
0.271027
0.094108
0.375819
0.170344
0.347263
0.232865
0.186021
0.330371
0.181186
0.575729
0.150829
0.355321
0.378436
0.240631
0.325038
0.366808
0.209752
0.231397
0.163934
0.209625
0.136156
0.081654
0.073000
0.335565
0.428560
0.278097
0.184657
0.214999
0.153164
0.322014
0.171616
0.183870
0.498415
0.347449
0.473635
0.275439
0.387214
0.326722
0.165672
0.249957
0.281801
0.173726
0.103082
0.056623
0.214052
0.325754
0.292429
0.257568
0.347362
0.082908
0.277307
0.390946
0.229726
0.274552
0.266625
0.345509
0.092573
0.063926
0.530189
0.346422
0.071324
0.319151
0.294731
0.160438
0.362298
0.380851
0.653871
0.369675
0.126565
0.194550
0.150658
0.122249
0.571277
0.384399
0.459604
0.259283
0.173779
0.235378
0.195884
0.319288
0.320533
0.157377
0.232238
0.100149
0.171171
0.126542
0.309813
0.224597
0.504033
0.213710
0.138520
0.319934
0.182562
0.016890
0.248801
0.183787
0.269826
0.330662
0.357977
0.150527
0.386576
0.385368
0.168049
0.338955
0.147098
0.596494
0.088235
0.237785
0.367805
0.243234
0.314976
0.308256
0.243213
0.299606
0.182392
0.420136
0.192756
0.148821
0.072042
0.360829
0.407966
0.272927
0.144677
0.269923
0.135016
0.237770
0.249623
0.250537
0.562731
0.345450
0.479868
0.268085
0.396818
0.277795
0.174702
0.225203
0.152211
0.134775
0.205766
0.030227
0.232259
0.318304
0.137041
0.328943
0.260676
0.059131
0.224901
0.272507
0.158099
0.304496
0.336359
0.355080
0.142575
0.142562
0.500712
0.289337
0.147100
0.336315
0.239716
0.207846
0.414038
0.358521
0.634957
0.337789
0.056385
0.332039
0.228469
0.188337
0.555242
0.442062
0.465691
0.363366
0.228837
0.308966
0.171833
0.340971
0.235548
0.104714
0.159371
0.163143
0.148485
0.278926
0.293411
0.139416
0.442870
0.196501
0.114437
0.244013
0.293567
0.049347
0.286114
0.182019
0.293005
0.497314
0.404511
0.143602
0.234231
0.482582
0.149843
0.294341
0.127422
0.536001
0.124706
0.115208
0.378138
0.292719
0.215833
0.295499
0.338019
0.340933
0.269993
0.504816
0.192527
0.255821
0.157563
0.420735
0.388860
0.222901
0.188192
0.249887
0.120679
0.188836
0.387241
0.392005
0.561765
0.256020
0.388784
0.320249
0.289595
0.274559
0.088980
0.004108
0.141363
0.136917
0.310606
0.097290
0.241885
0.203679
0.244077
0.337908
0.370588
0.070645
0.230914
0.267176
0.192094
0.321215
0.301023
0.394390
0.281500
0.126682
0.346082
0.284765
0.220091
0.305047
0.170494
0.233671
0.394183
0.277188
0.544355
0.251827
0.059003
0.301050
0.174719
0.145923
0.429506
0.388616
0.401989
0.479087
0.258684
0.377276
0.026561
0.409169
0.129630
0.105082
0.158039
0.235187
0.157411
0.429192
0.267837
0.247923
0.411553
0.225864
0.206281
0.210666
0.400669
0.175293
0.265533
0.243428
0.389828
0.446291
0.466379
0.109247
0.069437
0.422569
0.141590
0.157510
0.225925
0.377063
0.182866
0.116452
0.362447
0.300221
0.182732
0.221242
0.390080
0.183557
0.339573
0.391888
0.136927
0.241389
0.206694
0.448945
0.326043
0.308547
0.226422
0.217765
0.177442
0.203876
0.405218
0.486247
0.532687
0.187892
0.215173
0.317801
0.159749
0.283672
0.030100
0.110839
0.267528
0.165981
0.257143
0.182829
0.208230
0.235299
0.370800
0.238424
0.325078
0.045128
0.207762
0.247805
0.196834
0.301319
0.189482
0.462119
0.251655
0.105898
0.197982
0.209977
0.229568
0.311887
0.092795
0.117359
0.457155
0.305987
0.384387
0.246506
0.119132
0.259647
0.170853
0.151320
0.372491
0.241719
0.231896
0.389311
0.216541
0.371685
0.041003
0.345245
0.022167
0.121362
0.220874
0.227278
0.198599
0.554092
0.335459
0.264868
0.330289
0.217709
0.245381
0.072961
0.426987
0.389682
0.320301
0.330873
0.401334
0.330103
0.448570
0.131312
0.067497
0.348973
0.151484
0.197051
0.276037
0.475533
0.188143
0.146349
0.265235
0.202689
0.323890
0.230935
0.336126
0.284724
0.343866
0.473079
0.256641
0.281180
0.309521
0.418582
0.244402
0.324212
0.281125
0.199678
0.231404
0.095644
0.375790
0.363844
0.455089
0.187824
0.182317
0.277129
0.188733
0.182793
0.015852
0.140182
0.387595
0.205344
0.301619
0.210442
0.191467
0.168701
0.361528
0.141138
0.197961
0.094146
0.253192
0.259938
0.216552
0.336040
0.212091
0.439958
0.173437
0.156542
0.207122
0.222888
0.220670
0.382883
0.065968
0.067174
0.472115
0.291298
0.280636
0.325402
0.152570
0.304636
0.293984
0.177488
0.446963
0.152458
0.132330
0.295697
0.319066
0.226331
0.078917
0.247881
0.161823
0.060365
0.133197
0.199095
0.182102
0.513876
0.400002
0.193333
0.270720
0.159661
0.134647
0.080476
0.370089
0.475946
0.285701
0.327103
0.331303
0.356520
0.310995
0.129491
0.125253
0.331032
0.194860
0.324403
0.231321
0.264786
0.241905
0.072272
0.278100
0.181669
0.427930
0.135447
0.307104
0.277705
0.329994
0.318171
0.306645
0.272738
0.233515
0.285802
0.251691
0.277985
0.209591
0.241743
0.306366
0.158258
0.337627
0.206095
0.351108
0.287391
0.230535
0.248733
0.233215
0.179791
0.125354
0.244175
0.417349
0.265489
0.284838
0.260129
0.193840
0.243700
0.217531
0.206075
0.165466
0.193911
0.373747
0.239782
0.180710
0.284946
0.346124
0.385250
0.220545
0.254252
0.233224
0.145761
0.282080
0.418240
0.056044
0.084760
0.386842
0.128653
0.239680
0.236992
0.140109
0.274617
0.342490
0.264958
0.504294
0.222149
0.115788
0.328267
0.363966
0.111473
0.019624
0.168479
0.330538
0.103816
0.093953
0.256032
0.139835
0.348703
0.401207
0.229009
0.358607
0.114076
0.015444
0.128195
0.337049
0.499608
0.244181
0.290220
0.308645
0.434785
0.207795
0.112010
0.185569
0.336892
0.271812
0.338527
0.211890
0.201959
0.304699
0.043150
0.280384
0.098231
0.420706
0.196574
0.325532
0.204786
0.312001
0.210189
0.293361
0.456741
0.232365
0.239455
0.336652
0.242983
0.187344
0.363474
0.434812
0.235193
0.336514
0.137088
0.390194
0.349229
0.268467
0.335871
0.188645
0.106549
0.234692
0.422663
0.360081
0.202853
0.256977
0.312889
0.237384
0.277521
0.119565
0.234165
0.181930
0.311862
0.474860
0.154560
0.127700
0.167632
0.426633
0.383746
0.399225
0.275743
0.143350
0.130473
0.405198
0.327705
0.110325
0.108223
0.123580
0.068751
0.227535
0.016642
0.102809
0.179433
0.452093
0.365747
0.540812
0.328629
0.152342
0.359848
0.487394
0.308084
0.036151
0.113067
0.298890
0.176921
0.145925
0.243000
0.188528
0.287067
0.266130
0.422791
0.327562
0.191119
0.095694
0.201172
0.340901
0.471170
0.348580
0.279241
0.313883
0.397024
0.193161
0.150156
0.182319
0.327425
0.342277
0.366661
0.278484
0.307734
0.273137
0.087285
0.253424
0.158095
0.355863
0.323920
0.291559
0.182220
0.279168
0.153670
0.369314
0.515494
0.340594
0.145779
0.444828
0.287823
0.287833
0.523004
0.503711
0.329504
0.325722
0.176893
0.271418
0.372915
0.187727
0.416546
0.115817
0.030602
0.292018
0.544669
0.347342
0.147684
0.287187
0.382530
0.204838
0.339503
0.039852
0.222151
0.179447
0.326442
0.456564
0.116341
0.094387
0.279522
0.406000
0.431637
0.413953
0.260278
0.158063
0.092091
0.400082
0.181731
0.087754
0.266331
0.051960
0.093629
0.074960
0.171495
0.166583
0.158105
0.346835
0.416280
0.518527
0.394761
0.081972
0.233286
0.691052
0.437157
0.144831
0.100042
0.166241
0.157004
0.118054
0.144311
0.261362
0.314129
0.192907
0.524265
0.163008
0.243453
0.216302
0.192515
0.323211
0.483235
0.298235
0.273035
0.321316
0.291517
0.182721
0.241872
0.201752
0.305362
0.279336
0.428716
0.343490
0.314894
0.204193
0.119809
0.250650
0.110518
0.318502
0.142965
0.224475
0.135878
0.264065
0.035334
0.504632
0.414782
0.426724
0.061143
0.365092
0.302565
0.302369
0.513216
0.341510
0.399728
0.217130
0.194222
0.187025
0.391206
0.165810
0.446469
0.116571
0.121561
0.318067
0.508349
0.360651
0.236147
0.324130
0.479870
0.248563
0.299326
0.176771
0.220226
0.168594
0.319548
0.265386
0.036290
0.200997
0.362065
0.402391
0.326906
0.338823
0.219792
0.092391
0.091768
0.333940
0.090065
0.139644
0.240690
0.172668
0.199344
0.149592
0.174058
0.266809
0.168003
0.281330
0.418325
0.452042
0.447582
0.073180
0.208379
0.741919
0.451524
0.237983
0.154381
0.233823
0.175910
0.036400
0.134153
0.345205
0.317302
0.149294
0.499691
0.088686
0.124894
0.308597
0.276455
0.238864
0.425346
0.174584
0.217985
0.246508
0.225473
0.122452
0.273804
0.199986
0.312741
0.260125
0.284954
0.335265
0.176669
0.199005
0.109239
0.268342
0.175396
0.380638
0.164188
0.194215
0.080414
0.229267
0.119983
0.517771
0.329336
0.399740
0.164122
0.229943
0.292623
0.379941
0.383315
0.176130
0.438871
0.130306
0.176437
0.252188
0.432743
0.197404
0.422955
0.098004
0.136481
0.310325
0.438216
0.429112
0.277049
0.306719
0.513170
0.290205
0.290096
0.154262
0.249234
0.243957
0.435492
0.210485
0.015388
0.235976
0.295671
0.382264
0.138243
0.235440
0.215679
0.045117
0.143907
0.379270
0.064187
0.129132
0.386423
0.286874
0.199096
0.157211
0.119389
0.372411
0.227421
0.381778
0.369995
0.303069
0.479791
0.066316
0.202041
0.514011
0.433793
0.258046
0.163026
0.420242
0.297817
0.204580
0.170981
0.382196
0.246562
0.131223
0.468005
0.277912
0.077501
0.250271
0.247283
0.122637
0.342476
0.168550
0.168210
0.195416
0.368303
0.154372
0.267280
0.242361
0.285489
0.384784
0.157180
0.250555
0.194225
0.309045
0.105572
0.311904
0.203338
0.382324
0.226600
0.215170
0.050299
0.118730
0.136304
0.440128
0.302093
0.364907
0.217845
0.241074
0.286997
0.329440
0.293400
0.184675
0.466773
0.113759
0.126995
0.241907
0.412996
0.252420
0.322142
0.076066
0.128815
0.349502
0.393899
0.393009
0.297529
0.314856
0.404727
0.290664
0.207548
0.074565
0.258329
0.265782
0.608915
0.262748
0.160188
0.304619
0.261314
0.316529
0.133312
0.249501
0.274885
0.128279
0.226551
0.334139
0.021928
0.098624
0.332153
0.187962
0.098399
0.149064
0.074421
0.366717
0.277952
0.464249
0.352816
0.354461
0.370635
0.129556
0.262869
0.247384
0.407270
0.320412
0.091925
0.515288
0.355939
0.307863
0.238316
0.373210
0.072868
0.114103
0.425767
0.312339
0.149003
0.254347
0.219677
0.059813
0.240314
0.105762
0.134273
0.143169
0.386938
0.299501
0.313784
0.338260
0.199396
0.503783
0.104764
0.205765
0.205195
0.330237
0.119452
0.184692
0.220902
0.308448
0.272617
0.283078
0.011712
0.099359
0.160515
0.384203
0.385466
0.336544
0.182884
0.307028
0.222857
0.217776
0.299023
0.319144
0.423618
0.062447
0.059631
0.093438
0.321887
0.249869
0.130262
0.251960
0.245533
0.370093
0.358669
0.308967
0.357141
0.341650
0.317070
0.138917
0.362685
0.090717
0.319303
0.264780
0.714183
0.129737
0.170133
0.215052
0.311869
0.286437
0.140325
0.273622
0.356888
0.213511
0.166081
0.345966
0.069852
0.143324
0.202696
0.071349
0.062492
0.285886
0.138194
0.300571
0.279785
0.316616
0.320216
0.294390
0.238539
0.224390
0.188739
0.197723
0.366133
0.380497
0.221095
0.505654
0.423557
0.388061
0.357215
0.371148
0.104648
0.111573
0.414541
0.164091
0.224847
0.331624
0.212713
0.144685
0.247012
0.153510
0.154127
0.056463
0.205048
0.486411
0.355791
0.375841
0.082625
0.513906
0.127429
0.207123
0.116336
0.335458
0.238352
0.031667
0.182116
0.279749
0.280813
0.281335
0.053827
0.058015
0.169716
0.346665
0.440643
0.345572
0.138150
0.226889
0.123644
0.051169
0.187510
0.269482
0.342077
0.014646
0.033409
0.089868
0.263841
0.149733
0.098555
0.193477
0.234633
0.391556
0.356946
0.196152
0.403582
0.335804
0.327010
0.070803
0.454905
0.183576
0.412747
0.372473
0.578823
0.078511
0.197435
0.149709
0.253521
0.383240
0.196957
0.230661
0.367877
0.218348
0.149583
0.357317
0.062826
0.196370
0.162326
0.141709
0.097857
0.300368
0.156452
0.292971
0.192736
0.220450
0.251355
0.262176
0.171190
0.316092
0.081026
0.265379
0.226871
0.391802
0.319486
0.401236
0.552928
0.392616
0.300685
0.374246
0.071444
0.040695
0.373554
0.135881
0.223101
0.312806
0.217961
0.103234
0.263726
0.105220
0.215951
0.151416
0.233912
0.389195
0.313301
0.312294
0.056011
0.416538
0.163254
0.144325
0.140543
0.289576
0.194409
0.082501
0.128621
0.238903
0.236031
0.218628
0.094012
0.135155
0.108141
0.221764
0.331610
0.358031
0.108221
0.114569
0.146985
0.126106
0.084203
0.189325
0.312006
0.066869
0.032053
0.153361
0.142231
0.165024
0.066701
0.199714
0.109009
0.375238
0.312086
0.188018
0.451865
0.155945
0.342132
0.107344
0.217328
0.218617
0.475858
0.310514
0.349695
0.170023
0.285942
0.212710
0.237726
0.383120
0.235250
0.151532
0.350945
0.114950
0.122120
0.206557
0.029149
0.188621
0.226438
0.244149
0.006187
0.282164
0.227259
0.377532
0.239129
0.257839
0.150812
0.285950
0.179266
0.419742
0.055809
0.109069
0.158684
0.310798
0.197843
0.296148
0.483819
0.325766
0.202583
0.380143
0.121381
0.151878
0.234994
0.159231
0.237332
0.291516
0.196920
0.070836
0.142844
0.153179
0.315228
0.221941
0.274141
0.234791
0.249309
0.177683
0.041050
0.316249
0.089057
0.081711
0.214557
0.145362
0.146857
0.238929
0.111462
0.184903
0.201279
0.117065
0.083065
0.229217
0.077877
0.094020
0.250635
0.398893
0.126042
0.084470
0.255492
0.207076
0.016289
0.219050
0.211107
0.136223
0.031176
0.218336
0.010222
0.212623
0.030421
0.202844
0.065373
0.293231
0.265812
0.061276
0.444635
0.031140
0.198517
0.112203
0.014416
0.249417
0.336749
0.161430
0.176641
0.155294
0.264243
0.248440
0.158650
0.285607
0.194528
0.068284
0.292444
0.062281
0.197192
0.090330
0.151616
0.321430
0.230751
0.244557
0.085869
0.471059
0.294637
0.412895
0.323436
0.190538
0.199138
0.261644
0.146720
0.501414
0.122833
0.159386
0.198375
0.332625
0.140923
0.163067
0.248815
0.279012
0.244457
0.323475
0.102033
0.232599
0.268394
0.095751
0.269211
0.264747
0.158693
0.038638
0.053027
0.178106
0.208726
0.198507
0.161469
0.097172
0.175576
0.144126
0.061347
0.267408
0.045230
0.090537
0.250411
0.210845
0.114854
0.329740
0.113612
0.195522
0.150990
0.165956
0.075226
0.243631
0.059623
0.134733
0.198524
0.302829
0.067987
0.089356
0.315053
0.136333
0.078036
0.264468
0.160502
0.224746
0.025683
0.316655
0.139198
0.156761
0.040590
0.197351
0.071468
0.131685
0.226712
0.138304
0.352301
0.011823
0.073452
0.054810
0.037805
0.240075
0.256970
0.017600
0.106684
0.266276
0.195040
0.213238
0.131614
0.263705
0.092407
0.099350
0.192090
0.087138
0.244737
0.167116
0.108433
0.293605
0.251999
0.130018
0.146592
0.474994
0.290388
0.291182
0.358187
0.042957
0.260536
0.169411
0.087313
0.450908
0.190486
0.103655
0.201457
0.322123
0.274797
0.052245
0.149908
0.247851
0.270225
0.287634
0.077996
0.226696
0.389484
0.104097
0.248559
0.184208
0.122173
0.132285
0.105531
0.161786
0.113352
0.171774
0.023792
0.069998
0.058006
0.223234
0.144303
0.144632
0.066189
0.115805
0.221456
0.182624
0.154669
0.222994
0.273465
0.164166
0.137242
0.153706
0.157916
0.151888
0.178144
0.155721
0.087210
0.055345
0.046902
0.010698
0.298907
0.151297
0.075037
0.138959
0.220775
0.271757
0.099140
0.333376
0.259241
0.055228
0.069539
0.206759
0.096167
0.040256
0.190633
0.132770
0.206855
0.066119
0.127259
0.062277
0.053030
0.220751
0.172625
0.011295
0.048324
0.279432
0.168936
0.222086
0.291595
0.214894
0.111541
0.103695
0.113969
0.191232
0.202577
0.105864
0.133184
0.304815
0.245054
0.273881
0.219321
0.378903
0.267212
0.254951
0.161278
0.128125
0.270854
0.193196
0.111375
0.311362
0.099324
0.168516
0.196501
0.302485
0.350035
0.055446
0.221731
0.226386
0.261169
0.251000
0.133369
0.154537
0.318055
0.119646
0.223603
0.131470
0.225050
0.119226
0.147740
0.034723
0.121500
0.228918
0.047112
0.318115
0.168581
0.174102
0.263316
0.079633
0.101511
0.042662
0.103762
0.212023
0.209868
0.177202
0.358970
0.084582
0.132849
0.161004
0.270539
0.055411
0.274451
0.212347
0.167439
0.227194
0.239380
0.111284
0.364202
0.165693
0.189792
0.112418
0.271674
0.272193
0.132660
0.363184
0.309690
0.104188
0.072463
0.159051
0.191395
0.110683
0.039798
0.189980
0.123237
0.055382
0.089966
0.201877
0.156242
0.178069
0.112847
0.125346
0.145320
0.212762
0.168983
0.262194
0.330712
0.201798
0.192056
0.103981
0.068100
0.208410
0.211973
0.164662
0.202055
0.363278
0.130005
0.192175
0.240929
0.298495
0.275154
0.151198
0.017403
0.085044
0.181860
0.185526
0.287912
0.202942
0.034223
0.177887
0.172665
0.253401
0.563841
0.096332
0.282368
0.158523
0.179564
0.154868
0.144335
0.153434
0.173152
0.078176
0.223907
0.095888
0.168407
0.089207
0.203965
0.043519
0.124936
0.247785
0.079668
0.432681
0.208657
0.165443
0.320348
0.162227
0.153182
0.164812
0.192939
0.233764
0.170261
0.240889
0.290983
0.137820
0.126547
0.124819
0.312748
0.068320
0.243035
0.265571
0.206823
0.376063
0.287289
0.266703
0.394084
0.192895
0.301583
0.157032
0.333422
0.346792
0.224340
0.401055
0.296098
0.262751
0.139062
0.188595
0.210540
0.102800
0.115918
0.301051
0.127082
0.116682
0.042783
0.207817
0.188341
0.168740
0.064204
0.204475
0.318141
0.258342
0.180573
0.229238
0.289382
0.301202
0.271697
0.232379
0.036231
0.077900
0.299191
0.204663
0.309905
0.215224
0.068229
0.045308
0.225794
0.236844
0.387284
0.153881
0.103972
0.139011
0.126102
0.154653
0.512304
0.164720
0.030834
0.152661
0.189325
0.177743
0.767250
0.152867
0.212446
0.133193
0.195639
0.065038
0.082467
0.051006
0.307817
0.079664
0.281771
0.148713
0.059469
0.072175
0.124516
0.134858
0.191248
0.175175
0.112085
0.423102
0.112619
0.161535
0.293756
0.214201
0.179708
0.170575
0.150124
0.271410
0.153098
0.224305
0.255016
0.264204
0.070914
0.072627
0.289345
0.180473
0.165650
0.233167
0.105372
0.454862
0.194177
0.431297
0.354634
0.331587
0.268447
0.044552
0.628817
0.368549
0.093374
0.300777
0.260990
0.239177
0.187338
0.153157
0.164573
0.086748
0.162910
0.190870
0.109149
0.107186
0.059502
0.203365
0.214319
0.214274
0.102846
0.280954
0.419358
0.372450
0.153068
0.156170
0.244978
0.286227
0.237130
0.195604
0.101624
0.090299
0.251673
0.216655
0.306843
0.095524
0.110444
0.122814
0.206084
0.200593
0.433680
0.007875
0.062667
0.142034
0.130286
0.184374
0.574993
0.076749
0.081751
0.192237
0.248250
0.189907
0.723955
0.135788
0.195554
0.066807
0.253187
0.149342
0.100306
0.114669
0.318170
0.142170
0.229302
0.142878
0.103827
0.023224
0.063097
0.242188
0.198593
0.104196
0.131743
0.386129
0.020786
0.148807
0.262720
0.184894
0.163044
0.207735
0.217699
0.179425
0.216551
0.141116
0.308753
0.320609
0.017406
0.096080
0.228985
0.190126
0.135794
0.166299
0.150786
0.486391
0.125821
0.535919
0.228360
0.346782
0.179556
0.159636
0.629306
0.330758
0.137740
0.148904
0.132923
0.245273
0.229608
0.092414
0.250694
0.119780
0.214518
0.024658
0.055546
0.090973
0.112555
0.257162
0.237492
0.148885
0.187681
0.284751
0.533404
0.317733
0.153999
0.160632
0.144359
0.216096
0.306943
0.141393
0.286256
0.162927
0.121238
0.209873
0.246364
0.063177
0.083982
0.176290
0.171504
0.165927
0.339242
0.196307
0.090328
0.161854
0.060092
0.132946
0.486559
0.207141
0.235178
0.276724
0.117709
0.177296
0.564835
0.123052
0.217786
0.136736
0.201221
0.169093
0.060277
0.132445
0.363777
0.178451
0.079199
0.229104
0.159647
0.067111
0.028849
0.442739
0.164806
0.121987
0.204846
0.326944
0.021331
0.208638
0.236757
0.115239
0.164591
0.104506
0.205688
0.098087
0.163608
0.135559
0.226158
0.258695
0.082805
0.074915
0.125557
0.043214
0.165754
0.167574
0.341186
0.428321
0.097026
0.546052
0.088875
0.251978
0.208656
0.293075
0.579265
0.418061
0.054369
0.062165
0.122565
0.206440
0.262360
0.048263
0.272629
0.114589
0.373901
0.050179
0.197611
0.208321
0.126224
0.310525
0.221915
0.190206
0.214984
0.416321
0.572833
0.026868
0.055241
0.245880
0.118956
0.235732
0.377963
0.093252
0.436964
0.223271
0.108009
0.234705
0.204763
0.240797
0.171623
0.289388
0.081101
0.127350
0.208906
0.214153
0.129335
0.217107
0.105311
0.099396
0.347894
0.205694
0.261261
0.324324
0.018568
0.172021
0.415321
0.170742
0.185910
0.108127
0.003255
0.109092
0.059187
0.086239
0.421746
0.223290
0.185221
0.274101
0.108775
0.046521
0.094599
0.559680
0.123307
0.100694
0.196602
0.060188
0.064145
0.248248
0.197155
0.220482
0.281707
0.103334
0.145483
0.101362
0.144174
0.219052
0.088992
0.089957
0.130934
0.049428
0.049513
0.109153
0.165298
0.192282
0.294257
0.377665
0.086029
0.466660
0.077045
0.210539
0.163997
0.318597
0.519396
0.440335
0.068287
0.079305
0.122345
0.329449
0.366083
0.125418
0.160658
0.125145
0.489384
0.185481
0.231566
0.268802
0.158224
0.268537
0.094745
0.274900
0.203798
0.321387
0.534240
0.206546
0.072450
0.290345
0.111661
0.287841
0.418346
0.110804
0.537866
0.283094
0.227630
0.171686
0.158256
0.270644
0.164083
0.306806
0.064752
0.055318
0.125900
0.183541
0.196008
0.132417
0.145750
0.090393
0.200014
0.178116
0.226379
0.268621
0.045409
0.136463
0.262132
0.204747
0.219963
0.169971
0.143986
0.157360
0.012155
0.193638
0.413454
0.207148
0.243051
0.309641
0.021212
0.056599
0.075192
0.526191
0.243660
0.222049
0.197369
0.104007
0.094581
0.339058
0.137488
0.342437
0.173121
0.140252
0.177389
0.183547
0.097432
0.244301
0.252207
0.116109
0.188323
0.135172
0.008138
0.173399
0.059960
0.244344
0.192702
0.272776
0.095010
0.338195
0.146568
0.203693
0.107126
0.318754
0.389738
0.442700
0.077812
0.092135
0.055636
0.291049
0.478464
0.226468
0.033681
0.124840
0.567194
0.109011
0.239342
0.173231
0.147971
0.198527
0.010135
0.320968
0.207728
0.109435
0.356443
0.232395
0.104463
0.229727
0.150120
0.330750
0.405573
0.139760
0.573614
0.290719
0.292962
0.196591
0.264597
0.195927
0.144204
0.263744
0.092800
0.092729
0.040327
0.183528
0.159262
0.106581
0.297125
0.219661
0.241553
0.262932
0.158050
0.162446
0.064756
0.119881
0.112607
0.290821
0.286639
0.130243
0.203261
0.147361
0.096741
0.244020
0.420395
0.146282
0.298904
0.360907
0.060992
0.051853
0.080739
0.337482
0.355941
0.290792
0.187178
0.091048
0.046747
0.292485
0.064953
0.304092
0.069074
0.107751
0.337071
0.224759
0.096870
0.076255
0.391604
0.076779
0.102035
0.266003
0.072186
0.196638
0.135187
0.219930
0.196031
0.119286
0.093652
0.339522
0.234148
0.189562
0.065841
0.331864
0.229178
0.420049
0.052190
0.108103
0.063802
0.115034
0.526711
0.235120
0.182593
0.140755
0.556418
0.148333
0.233113
0.150912
0.244487
0.113761
0.121906
0.282366
0.140725
0.019952
0.155870
0.257398
0.145147
0.370890
0.099376
0.278823
0.321772
0.064691
0.532163
0.257623
0.176946
0.186404
0.272933
0.142040
0.169815
0.228931
0.190933
0.184712
0.096800
0.284990
0.192920
0.048684
0.376646
0.251152
0.133540
0.388934
0.202640
0.066312
0.088900
0.139968
0.185481
0.189330
0.249808
0.066589
0.289090
0.160299
0.123472
0.113835
0.479532
0.180890
0.382247
0.417328
0.092930
0.083457
0.127365
0.272828
0.297693
0.217423
0.180675
0.128362
0.021890
0.244972
0.183617
0.139530
0.100724
0.024492
0.496348
0.228673
0.147593
0.113655
0.496311
0.168933
0.082251
0.212938
0.078805
0.181666
0.217156
0.337335
0.281437
0.043194
0.134011
0.327598
0.289017
0.059568
0.025313
0.280070
0.258666
0.292892
0.057916
0.080018
0.059087
0.215318
0.417595
0.171647
0.207252
0.022022
0.550026
0.209891
0.198437
0.073072
0.323924
0.066766
0.121005
0.228280
0.076644
0.078703
0.175517
0.357757
0.148589
0.297942
0.163068
0.206405
0.202691
0.108832
0.394807
0.209448
0.159533
0.160141
0.089275
0.291723
0.229731
0.217534
0.197964
0.313227
0.171791
0.242527
0.193085
0.084614
0.319432
0.172176
0.044386
0.410440
0.181229
0.144530
0.082734
0.195384
0.309844
0.183211
0.216460
0.137879
0.384346
0.097512
0.118575
0.036014
0.543189
0.217990
0.320111
0.410821
0.158328
0.190096
0.201146
0.233195
0.167127
0.224541
0.210104
0.300990
0.155276
0.217531
0.228753
0.043955
0.226345
0.128895
0.551244
0.258857
0.217153
0.089465
0.481847
0.232739
0.035303
0.258792
0.138226
0.175933
0.206726
0.247189
0.223762
0.114575
0.140053
0.309051
0.167021
0.065832
0.062994
0.175986
0.281953
0.230794
0.004562
0.089331
0.100221
0.295176
0.256515
0.145477
0.226437
0.098894
0.478802
0.297217
0.157056
0.077934
0.304013
0.210541
0.220307
0.227381
0.060407
0.155335
0.120427
0.390408
0.141087
0.116728
0.262835
0.260820
0.215678
0.133531
0.268298
0.183614
0.208831
0.222659
0.123055
0.389261
0.149972
0.162804
0.183823
0.370333
0.147711
0.111378
0.256264
0.084700
0.289936
0.074071
0.059513
0.388384
0.094847
0.214286
0.208808
0.198162
0.434091
0.244426
0.167213
0.124713
0.413431
0.120933
0.178905
0.125761
0.462225
0.173138
0.365061
0.286513
0.123151
0.160526
0.165518
0.148566
0.237863
0.300830
0.172592
0.278726
0.225225
0.255092
0.179352
0.053135
0.220342
0.155286
0.494296
0.318698
0.115565
0.078947
0.384119
0.193000
0.073098
0.261665
0.198844
0.141319
0.449868
0.146275
0.190673
0.281589
0.070836
0.282275
0.109989
0.067886
0.093912
0.219011
0.398112
0.317912
0.148924
0.144500
0.152885
0.409168
0.168267
0.131045
0.298443
0.149265
0.430614
0.137422
0.130528
0.141959
0.243387
0.254286
0.269640
0.230078
0.079167
0.142182
0.151951
0.274622
0.094187
0.124110
0.277014
0.310154
0.244031
0.132655
0.149491
0.118316
0.318865
0.235086
0.172706
0.254904
0.127626
0.057478
0.116540
0.419338
0.157697
0.048783
0.248133
0.082018
0.272225
0.105407
0.100042
0.356350
0.122863
0.329381
0.231997
0.201885
0.510162
0.262362
0.201461
0.116920
0.334128
0.152233
0.178316
0.180974
0.413606
0.109586
0.377478
0.290417
0.105403
0.085028
0.126852
0.099849
0.343977
0.306978
0.137287
0.172764
0.173046
0.286727
0.039677
0.061303
0.232682
0.167747
0.376576
0.380151
0.075427
0.226232
0.352659
0.202842
0.307711
0.183006
0.307614
0.155855
0.572672
0.155910
0.307763
0.366226
0.206026
0.268136
0.262886
0.235243
0.081322
0.232064
0.435589
0.425333
0.135413
0.050329
0.142566
0.484133
0.100230
0.147399
0.335710
0.155572
0.405511
0.097311
0.136754
0.087492
0.194540
0.248826
0.284191
0.119503
0.113479
0.090794
0.155882
0.247698
0.066699
0.229820
0.230193
0.316183
0.274196
0.060211
0.254841
0.042354
0.254677
0.215394
0.111222
0.230695
0.075153
0.088311
0.207577
0.350544
0.241750
0.091443
0.228606
0.046261
0.212928
0.178957
0.179657
0.248792
0.152494
0.276700
0.149822
0.109612
0.480134
0.289306
0.368420
0.183540
0.263896
0.215083
0.125900
0.272011
0.333965
0.061873
0.304423
0.263297
0.149763
0.173189
0.173698
0.179137
0.212401
0.235749
0.127290
0.188386
0.038473
0.277501
0.169439
0.071880
0.156157
0.161725
0.403604
0.411243
0.218875
0.401840
0.457893
0.125722
0.331759
0.045869
0.408537
0.204570
0.422368
0.143515
0.351402
0.319289
0.279404
0.337094
0.298300
0.296654
0.151115
0.166753
0.417088
0.403136
0.097074
0.016553
0.072771
0.513187
0.004723
0.187766
0.380494
0.225156
0.302083
0.229850
0.177111
0.021329
0.178414
0.293228
0.226597
0.087858
0.188137
0.115331
0.147598
0.376294
0.201122
0.237879
0.222254
0.397405
0.165822
0.089866
0.373976
0.094712
0.429049
0.137413
0.129416
0.261304
0.112037
0.138671
0.336165
0.294992
0.311990
0.190907
0.312665
0.088989
0.056948
0.187407
0.220639
0.126305
0.257778
0.121997
0.148927
0.118323
0.434604
0.319468
0.502941
0.219862
0.349834
0.233906
0.044535
0.415823
0.254399
0.131763
0.323085
0.256839
0.072198
0.199549
0.163391
0.176449
0.166340
0.186089
0.036755
0.164036
0.157425
0.176763
0.276346
0.119702
0.127141
0.169072
0.449361
0.408996
0.265803
0.424221
0.406333
0.137186
0.212823
0.088930
0.424478
0.225913
0.244225
0.242126
0.287110
0.285288
0.294809
0.435810
0.232763
0.301422
0.061382
0.209805
0.416945
0.343820
0.058502
0.052674
0.039967
0.474195
0.082888
0.177762
0.322440
0.247889
0.184872
0.208304
0.150406
0.112648
0.143169
0.351261
0.140368
0.177645
0.303093
0.239546
0.149996
0.470743
0.336594
0.165713
0.244505
0.328401
0.273716
0.289595
0.257746
0.192402
0.539111
0.082087
0.225023
0.223632
0.246721
0.144436
0.310017
0.367878
0.363817
0.308796
0.379910
0.135808
0.103829
0.182812
0.181295
0.079378
0.400251
0.209790
0.270396
0.193679
0.431637
0.289460
0.351898
0.284062
0.475212
0.180885
0.089126
0.479288
0.177986
0.264092
0.277509
0.131979
0.091344
0.232228
0.233754
0.197230
0.151178
0.227844
0.108129
0.191928
0.315158
0.118549
0.313530
0.096519
0.196846
0.176748
0.426728
0.350342
0.310604
0.406700
0.238269
0.102225
0.307568
0.178409
0.332842
0.251477
0.295867
0.357351
0.301175
0.236916
0.357501
0.418020
0.213771
0.282001
0.061358
0.192087
0.465855
0.359555
0.136534
0.137614
0.022844
0.390741
0.223641
0.141880
0.232200
0.210892
0.052102
0.074298
0.186783
0.143464
0.135140
0.358776
0.047960
0.220240
0.310022
0.309312
0.054499
0.371715
0.410272
0.051299
0.243532
0.262153
0.331849
0.396640
0.239284
0.368101
0.567001
0.086241
0.318677
0.171237
0.351109
0.081707
0.156370
0.387247
0.416089
0.349178
0.348006
0.063698
0.086280
0.245007
0.159614
0.030456
0.514635
0.222191
0.265240
0.281115
0.405598
0.184559
0.196343
0.266652
0.419478
0.152494
0.110482
0.390626
0.116215
0.406519
0.331341
0.023806
0.254780
0.218341
0.255383
0.237479
0.151333
0.193114
0.144953
0.182759
0.381764
0.187843
0.252923
0.132009
0.082597
0.288392
0.228487
0.222220
0.452596
0.519943
0.145826
0.140485
0.303717
0.367888
0.299899
0.233729
0.380616
0.454279
0.386460
0.146700
0.441493
0.399892
0.186216
0.329927
0.136125
0.293627
0.449329
0.430774
0.115536
0.180427
0.134493
0.226882
0.373096
0.112329
0.176270
0.197783
0.071459
0.064773
0.201512
0.198194
0.189437
0.287734
0.028637
0.117210
0.151961
0.186012
0.067635
0.152207
0.388010
0.021280
0.215630
0.154260
0.473300
0.274554
0.273099
0.616083
0.529565
0.110919
0.228154
0.073534
0.320557
0.047178
0.110470
0.386040
0.433409
0.333751
0.279877
0.061455
0.067625
0.171796
0.123555
0.109942
0.494240
0.216797
0.192848
0.218781
0.353661
0.202834
0.108143
0.151860
0.333001
0.215132
0.119479
0.203568
0.045011
0.553075
0.331888
0.128395
0.396654
0.314712
0.295171
0.274006
0.157231
0.053086
0.164404
0.188326
0.445982
0.196557
0.183507
0.133029
0.116837
0.225244
0.152187
0.087773
0.563820
0.612443
0.185279
0.105097
0.208133
0.379741
0.421112
0.163797
0.327715
0.330299
0.493973
0.282160
0.426097
0.411873
0.171059
0.337952
0.155479
0.358646
0.344024
0.339045
0.265071
0.118027
0.265737
0.301983
0.561094
0.138302
0.185754
0.164223
0.210495
0.085776
0.207565
0.175719
0.231021
0.260187
0.127925
0.086514
0.137708
0.034535
0.121464
0.083813
0.337397
0.072897
0.210313
0.088173
0.618189
0.086871
0.302958
0.678814
0.442757
0.130336
0.036463
0.080495
0.234699
0.099602
0.140535
0.402529
0.358757
0.333824
0.219845
0.125497
0.097722
0.200011
0.309768
0.119776
0.391190
0.155652
0.181418
0.143882
0.326969
0.157834
0.089584
0.216535
0.302676
0.296164
0.271737
0.049718
0.119242
0.514875
0.330061
0.345806
0.430447
0.392723
0.307788
0.282188
0.146704
0.031806
0.124462
0.192470
0.535471
0.241505
0.261988
0.118306
0.069991
0.168366
0.056527
0.063651
0.443910
0.502971
0.245020
0.033920
0.183482
0.222510
0.464307
0.096866
0.193404
0.360114
0.506283
0.324071
0.341905
0.416515
0.189509
0.339765
0.175366
0.263533
0.306779
0.214964
0.362817
0.165911
0.367521
0.302473
0.582560
0.239180
0.191924
0.195877
0.303075
0.246260
0.157056
0.209330
0.153084
0.272520
0.199429
0.145687
0.089974
0.068873
0.143508
0.111951
0.268014
0.087980
0.189860
0.290503
0.628652
0.113144
0.221293
0.617292
0.305319
0.077021
0.093956
0.092751
0.278550
0.081397
0.157265
0.367727
0.276725
0.365472
0.176391
0.148774
0.104203
0.268785
0.422918
0.059677
0.359303
0.076752
0.187478
0.086625
0.241921
0.130305
0.120779
0.210582
0.164974
0.296498
0.404920
0.010209
0.228060
0.420681
0.220283
0.381256
0.490190
0.329825
0.273329
0.311618
0.052080
0.034369
0.142297
0.208501
0.519042
0.212158
0.292042
0.216839
0.132730
0.172623
0.057810
0.183407
0.266799
0.321736
0.319365
0.122097
0.240354
0.158957
0.368212
0.124370
0.312302
0.421003
0.438934
0.263456
0.314746
0.401309
0.133316
0.321726
0.126615
0.159067
0.366732
0.253633
0.405101
0.278353
0.384426
0.293176
0.613268
0.326204
0.115171
0.236684
0.340596
0.320140
0.111735
0.229186
0.121918
0.320379
0.185919
0.252697
0.116699
0.191632
0.100835
0.139799
0.252942
0.063295
0.150824
0.374986
0.587167
0.279475
0.118791
0.582337
0.150102
0.049183
0.143880
0.183154
0.359844
0.069018
0.256420
0.217597
0.247772
0.305077
0.157349
0.270029
0.062010
0.336067
0.441135
0.073304
0.344676
0.187330
0.285792
0.079004
0.259574
0.196231
0.160694
0.190073
0.113989
0.235962
0.407607
0.098914
0.229669
0.262846
0.121828
0.347306
0.554758
0.151001
0.254402
0.412641
0.113613
0.081263
0.273248
0.143078
0.459892
0.314675
0.325224
0.248006
0.101798
0.141262
0.064316
0.242375
0.209135
0.235888
0.331397
0.048193
0.313006
0.221099
0.205277
0.198396
0.327397
0.439135
0.399172
0.240020
0.323036
0.384156
0.101134
0.283068
0.109198
0.221997
0.318582
0.239486
0.487625
0.343788
0.408696
0.332747
0.635435
0.377764
0.063840
0.167914
0.332309
0.283053
0.115163
0.331506
0.237842
0.321183
0.182401
0.177620
0.092866
0.180942
0.181241
0.018490
0.266545
0.128423
0.259948
0.381393
0.630590
0.412713
0.097461
0.524069
0.107499
0.115523
0.240170
0.223234
0.382210
0.031107
0.360757
0.125442
0.227936
0.171911
0.216692
0.357147
0.245072
0.310345
0.371601
0.017689
0.244197
0.302445
0.303172
0.060613
0.272720
0.344123
0.080248
0.236704
0.032203
0.244087
0.362414
0.134281
0.118753
0.200204
0.275192
0.325995
0.448350
0.225812
0.297151
0.402729
0.269107
0.038151
0.413321
0.131122
0.361091
0.395102
0.310415
0.277868
0.159481
0.167916
0.074323
0.218272
0.278619
0.204307
0.297551
0.106090
0.387225
0.251060
0.132185
0.233261
0.258237
0.478288
0.379689
0.321590
0.357130
0.378920
0.179237
0.194159
0.137795
0.293553
0.308022
0.173532
0.564931
0.376591
0.466050
0.356377
0.507450
0.381889
0.104537
0.139832
0.361014
0.399300
0.166576
0.508595
0.390406
0.312751
0.254621
0.093559
0.108455
0.091190
0.243330
0.041963
0.200875
0.182636
0.311587
0.400257
0.645651
0.394333
0.207514
0.489192
0.098672
0.187863
0.210211
0.266249
0.320622
0.017538
0.352808
0.175277
0.202960
0.154946
0.292152
0.454131
0.336518
0.279307
0.309856
0.115004
0.070305
0.329007
0.231574
0.146441
0.271360
0.359329
0.025257
0.301915
0.129268
0.245138
0.363770
0.184602
0.160609
0.186974
0.309279
0.231014
0.275007
0.220462
0.333239
0.375492
0.413409
0.044523
0.387113
0.180604
0.345563
0.412679
0.338958
0.364062
0.241603
0.260487
0.104262
0.157542
0.376679
0.123168
0.190055
0.155246
0.356289
0.261355
0.161925
0.134994
0.236317
0.476778
0.347296
0.282097
0.358637
0.256541
0.192038
0.130030
0.187850
0.224036
0.216073
0.119468
0.417850
0.324226
0.402743
0.335195
0.266975
0.317883
0.168139
0.225797
0.258067
0.397763
0.221395
0.478705
0.396645
0.313922
0.368988
0.105171
0.146703
0.103279
0.286572
0.022051
0.039364
0.198758
0.238532
0.535634
0.535569
0.305208
0.303152
0.521193
0.088932
0.205870
0.167042
0.291633
0.199793
0.020403
0.283700
0.189827
0.208706
0.158669
0.164112
0.598304
0.364676
0.321633
0.310473
0.166887
0.052348
0.238590
0.217382
0.100868
0.148773
0.349952
0.135880
0.315249
0.139085
0.149852
0.412931
0.228676
0.281516
0.182324
0.102823
0.280081
0.214316
0.136548
0.349093
0.346631
0.516364
0.169459
0.331127
0.161867
0.303113
0.392359
0.175524
0.359215
0.261400
0.293478
0.216176
0.128289
0.306884
0.073417
0.124704
0.136057
0.230074
0.240532
0.159751
0.246829
0.269469
0.485902
0.274367
0.426868
0.358634
0.265712
0.212475
0.183913
0.203593
0.087668
0.193393
0.086496
0.246933
0.373268
0.219444
0.280453
0.137169
0.393832
0.336048
0.292390
0.237112
0.297673
0.167220
0.326806
0.243349
0.375093
0.347470
0.226292
0.237548
0.057515
0.284275
0.071035
0.052689
0.192154
0.254786
0.665706
0.410825
0.280201
0.347005
0.583082
0.111908
0.171837
0.364812
0.281663
0.206584
0.031673
0.319699
0.250610
0.215808
0.092293
0.033475
0.688497
0.357039
0.420183
0.348437
0.154928
0.104446
0.193100
0.178603
0.121412
0.152343
0.376651
0.252458
0.227682
0.167227
0.143759
0.367502
0.114339
0.349342
0.115483
0.080172
0.261714
0.280424
0.114163
0.282769
0.375378
0.441476
0.221585
0.359393
0.282827
0.138094
0.442902
0.238401
0.265609
0.167803
0.226172
0.359902
0.214322
0.130663
0.244699
0.158633
0.079795
0.212144
0.168216
0.083755
0.299139
0.271466
0.427573
0.252481
0.503638
0.324189
0.257680
0.202929
0.276405
0.247140
0.093615
0.229518
0.076477
0.283702
0.411560
0.060373
0.363781
0.174113
0.329452
0.399501
0.249130
0.281678
0.279759
0.153324
0.230717
0.275381
0.442410
0.207451
0.230225
0.147768
0.156852
0.240750
0.131278
0.068012
0.218668
0.222505
0.707067
0.391466
0.318499
0.353205
0.445906
0.121562
0.414167
0.492718
0.263149
0.289205
0.125864
0.302296
0.328806
0.169807
0.171138
0.110281
0.614820
0.371547
0.434693
0.417586
0.143210
0.100614
0.217400
0.108084
0.085349
0.184735
0.310855
0.278800
0.185860
0.251423
0.095099
0.299572
0.038436
0.425988
0.185000
0.161841
0.183877
0.266539
0.056665
0.193513
0.313408
0.327682
0.172529
0.382524
0.245406
0.064481
0.509616
0.375793
0.205440
0.153040
0.216148
0.426730
0.203547
0.118844
0.200467
0.218251
0.102755
0.221658
0.168154
0.096024
0.135571
0.163868
0.350350
0.317884
0.486572
0.257464
0.175799
0.258987
0.411318
0.385963
0.134381
0.317995
0.118479
0.475163
0.440953
0.055682
0.256144
0.297288
0.244093
0.383406
0.182373
0.291334
0.341000
0.191733
0.329098
0.393682
0.421025
0.095704
0.188923
0.112916
0.182834
0.285369
0.207520
0.091395
0.245995
0.210999
0.630363
0.267218
0.333246
0.369892
0.253184
0.149520
0.504026
0.380579
0.219559
0.270183
0.247562
0.318748
0.319075
0.047084
0.262387
0.151828
0.434623
0.384338
0.450839
0.376623
0.193649
0.117670
0.245118
0.119847
0.151200
0.306634
0.297747
0.181416
0.205182
0.214345
0.191448
0.283569
0.123900
0.446136
0.205747
0.236552
0.138349
0.308843
0.094088
0.114037
0.176136
0.326060
0.203607
0.314616
0.164591
0.155973
0.448462
0.389707
0.209575
0.227502
0.156822
0.440547
0.188245
0.050053
0.018478
0.210518
0.146172
0.094060
0.156030
0.178143
0.236127
0.141572
0.266125
0.298237
0.421910
0.227386
0.142492
0.288865
0.400782
0.527622
0.099127
0.175324
0.163441
0.522117
0.468958
0.170024
0.231303
0.327565
0.253747
0.385715
0.228553
0.295708
0.357370
0.198738
0.296160
0.334641
0.330539
0.157989
0.181731
0.183023
0.152555
0.449245
0.290759
0.213062
0.275898
0.136564
0.450483
0.125139
0.207018
0.386034
0.169584
0.214929
0.420577
0.297774
0.224598
0.143067
0.228869
0.248341
0.246827
0.031110
0.222069
0.118441
0.293401
0.288809
0.332082
0.257008
0.278018
0.035937
0.190685
0.105773
0.213897
0.349797
0.297594
0.131011
0.142788
0.138385
0.209796
0.236860
0.065402
0.390716
0.165314
0.335794
0.145982
0.235211
0.197346
0.245674
0.050837
0.275237
0.309284
0.199534
0.038589
0.216501
0.274587
0.289465
0.217846
0.254860
0.085070
0.443406
0.307983
0.090310
0.158036
0.206523
0.286446
0.043871
0.205077
0.232664
0.322150
0.162977
0.257978
0.262426
0.358295
0.273377
0.128547
0.354877
0.247062
0.539052
0.074279
0.371441
0.241526
0.338094
0.390144
0.297771
0.172599
0.200451
0.288622
0.389105
0.232047
0.316581
0.322918
0.131759
0.197253
0.219916
0.239810
0.144861
0.228918
0.274550
0.260017
0.605117
0.390011
0.134872
0.342925
0.129754
0.297291
0.085781
0.093750
0.358708
0.106331
0.278012
0.426346
0.285039
0.288106
0.192599
0.285546
0.253175
0.247664
0.098755
0.084247
0.074792
0.319508
0.138119
0.288369
0.164878
0.264620
0.080858
0.073738
0.043361
0.322500
0.366269
0.360204
0.180717
0.124628
0.155044
0.134937
0.084739
0.255580
0.218899
0.237315
0.463710
0.148210
0.244157
0.203031
0.175877
0.135675
0.218601
0.366862
0.117666
0.221646
0.091462
0.030329
0.191024
0.311719
0.166888
0.046306
0.483668
0.336009
0.077013
0.164798
0.279261
0.391513
0.134166
0.277733
0.187344
0.251958
0.183915
0.259258
0.211900
0.308913
0.305280
0.088969
0.418715
0.290739
0.434326
0.135759
0.488248
0.239558
0.207762
0.316834
0.248015
0.129920
0.076357
0.208899
0.365620
0.260860
0.337375
0.199271
0.280416
0.134130
0.179005
0.133308
0.031592
0.317342
0.211017
0.394684
0.622940
0.444900
0.147248
0.425235
0.160223
0.226255
0.024267
0.101183
0.402159
0.114820
0.352071
0.512562
0.251485
0.172642
0.153872
0.334107
0.321028
0.285592
0.133870
0.114772
0.132989
0.241446
0.148490
0.242673
0.111843
0.152274
0.117054
0.048294
0.139739
0.347734
0.465806
0.368294
0.304888
0.067667
0.258484
0.101232
0.160900
0.378807
0.187400
0.302147
0.435159
0.041128
0.254488
0.238755
0.136835
0.156081
0.163197
0.369984
0.092287
0.312644
0.016836
0.129849
0.194558
0.343642
0.088516
0.176394
0.480942
0.281141
0.047563
0.273046
0.251277
0.417536
0.072985
0.356393
0.113852
0.250935
0.155665
0.227161
0.110569
0.255037
0.445443
0.209442
0.389023
0.290663
0.353140
0.157382
0.429098
0.236432
0.079427
0.222465
0.257285
0.197414
0.037039
0.162131
0.311555
0.270971
0.312604
0.151370
0.328702
0.231999
0.165063
0.185986
0.097750
0.301200
0.191620
0.420403
0.533483
0.432273
0.236743
0.450960
0.224840
0.179051
0.133202
0.163914
0.520484
0.078515
0.369601
0.516231
0.194461
0.169293
0.183191
0.412820
0.310171
0.262261
0.085434
0.303652
0.151897
0.133672
0.065415
0.077894
0.066380
0.125073
0.258717
0.035205
0.158237
0.379875
0.411817
0.251591
0.260716
0.142435
0.320975
0.236429
0.127299
0.315737
0.321865
0.314681
0.310473
0.116490
0.105002
0.325360
0.172711
0.088656
0.142524
0.382797
0.089029
0.184432
0.014448
0.190792
0.292887
0.183610
0.156558
0.280766
0.474198
0.235801
0.114798
0.222296
0.103430
0.421263
0.013602
0.282466
0.144568
0.075894
0.138405
0.175880
0.104008
0.156658
0.518865
0.192885
0.289165
0.200622
0.336675
0.221871
0.370363
0.241750
0.035920
0.175074
0.145813
0.250024
0.087708
0.205947
0.270129
0.242740
0.288524
0.183509
0.169276
0.260684
0.215700
0.247825
0.148249
0.276580
0.124978
0.380758
0.385051
0.384571
0.215491
0.374507
0.330905
0.090774
0.235146
0.105417
0.469536
0.035233
0.239632
0.404606
0.198679
0.084263
0.058045
0.322877
0.267890
0.264592
0.072685
0.531224
0.081137
0.092222
0.207655
0.027034
0.046486
0.179448
0.383410
0.061379
0.093654
0.340512
0.287836
0.145090
0.179221
0.175430
0.189770
0.395390
0.106285
0.285100
0.359844
0.368299
0.204420
0.116977
0.069227
0.386389
0.208974
0.082467
0.148281
0.315511
0.206454
0.085852
0.196266
0.160339
0.164710
0.078318
0.257590
0.154509
0.410783
0.289373
0.253970
0.290574
0.105107
0.426208
0.021211
0.205264
0.165598
0.081784
0.138620
0.140516
0.113635
0.312421
0.429457
0.088450
0.293172
0.231427
0.245812
0.212544
0.328728
0.170256
0.208738
0.099382
0.105001
0.266993
0.136762
0.286813
0.274856
0.167815
0.289005
0.112587
0.027083
0.290457
0.130524
0.151903
0.264067
0.315252
0.136576
0.479998
0.263889
0.327396
0.155489
0.261598
0.226638
0.211250
0.189890
0.030887
0.263986
0.077060
0.155415
0.303787
0.243172
0.172098
0.127761
0.218632
0.382024
0.230595
0.068668
0.472258
0.069055
0.136166
0.268494
0.137846
0.064447
0.193512
0.273676
0.113381
0.087633
0.290102
0.363383
0.075658
0.167707
0.203528
0.100132
0.288068
0.112544
0.270366
0.283063
0.373287
0.208118
0.007670
0.139841
0.234677
0.119308
0.123749
0.066877
0.257659
0.279670
0.136063
0.416711
0.081363
0.093088
0.080277
0.315872
0.094614
0.438427
0.249649
0.172284
0.446587
0.065751
0.346072
0.045352
0.189219
0.075858
0.178719
0.121440
0.062557
0.092178
0.410083
0.296074
0.096471
0.345605
0.248215
0.071483
0.176266
0.232670
0.123635
0.287980
0.219399
0.196824
0.207535
0.050118
0.216184
0.265712
0.135162
0.286778
0.101150
0.039643
0.321868
0.121460
0.076986
0.294520
0.311927
0.283237
0.506244
0.133430
0.284337
0.390110
0.192049
0.082291
0.282706
0.143196
0.055661
0.165306
0.054143
0.146466
0.242644
0.261371
0.367590
0.052309
0.284657
0.301703
0.142762
0.122155
0.278785
0.080183
0.153333
0.215046
0.246443
0.058599
0.177960
0.288532
0.217868
0.106998
0.209559
0.357522
0.096314
0.128231
0.240456
0.189760
0.243175
0.126856
0.271964
0.257972
0.342697
0.157514
0.070447
0.193654
0.073597
0.051029
0.185357
0.052138
0.164141
0.287412
0.268968
0.411023
0.102204
0.067809
0.082703
0.346733
0.034918
0.407416
0.240234
0.082119
0.514630
0.075207
0.188472
0.197960
0.218806
0.120952
0.206222
0.152805
0.100102
0.187595
0.326267
0.209997
0.109468
0.300926
0.190194
0.061086
0.121883
0.108735
0.244982
0.248435
0.328384
0.228694
0.156189
0.089911
0.094789
0.161208
0.148680
0.225325
0.164946
0.087562
0.351008
0.017600
0.088558
0.221451
0.298646
0.277137
0.371180
0.049367
0.289127
0.495722
0.249598
0.117663
0.272683
0.149807
0.133999
0.230599
0.215372
0.133968
0.233491
0.228573
0.358821
0.164072
0.397122
0.212888
0.179470
0.042763
0.266056
0.111666
0.123042
0.232970
0.452581
0.139165
0.203750
0.360324
0.238944
0.188171
0.215694
0.488628
0.212660
0.095323
0.235205
0.235389
0.261148
0.178192
0.206179
0.270089
0.232811
0.170213
0.083139
0.260364
0.180783
0.166337
0.247463
0.148048
0.048268
0.288652
0.251013
0.222478
0.052840
0.213211
0.114485
0.316766
0.031207
0.209222
0.383431
0.143643
0.456843
0.270031
0.081826
0.244653
0.111185
0.171291
0.203651
0.182461
0.236947
0.158801
0.249775
0.270372
0.207304
0.227619
0.112939
0.106961
0.124823
0.158216
0.214910
0.146810
0.193432
0.237870
0.355827
0.106608
0.064232
0.062621
0.159280
0.169200
0.134168
0.165293
0.337638
0.149661
0.171909
0.230511
0.203795
0.329611
0.231146
0.020177
0.197018
0.344328
0.288156
0.200767
0.195731
0.186226
0.151004
0.301593
0.224177
0.049101
0.218768
0.221930
0.364063
0.074332
0.384610
0.085262
0.287404
0.096224
0.251841
0.026904
0.124096
0.152014
0.498348
0.200045
0.180734
0.406056
0.073133
0.180947
0.162500
0.640678
0.292539
0.079146
0.154355
0.182399
0.261581
0.227985
0.178318
0.273984
0.105573
0.228288
0.135720
0.240170
0.321956
0.188909
0.261660
0.108041
0.220326
0.306424
0.141106
0.193485
0.089931
0.154045
0.101635
0.211077
0.052855
0.152854
0.479236
0.326880
0.341873
0.406225
0.088015
0.145063
0.019021
0.231071
0.174850
0.215677
0.171716
0.094209
0.258639
0.179897
0.343677
0.271150
0.103556
0.110645
0.106520
0.197078
0.050231
0.101978
0.135581
0.258978
0.473450
0.096632
0.078405
0.146889
0.116074
0.176581
0.056965
0.193567
0.326584
0.149941
0.176623
0.335370
0.080636
0.375315
0.231777
0.040504
0.074877
0.368487
0.286241
0.210594
0.200955
0.128710
0.140778
0.259440
0.349973
0.063300
0.083673
0.228025
0.367190
0.137599
0.269843
0.041009
0.403986
0.133604
0.087291
0.073034
0.159040
0.179891
0.420708
0.248562
0.274578
0.292422
0.145973
0.153523
0.048848
0.622526
0.199564
0.118496
0.055503
0.136205
0.182530
0.259682
0.175039
0.163482
0.027166
0.302897
0.048981
0.188060
0.433145
0.137371
0.237061
0.033664
0.244766
0.206423
0.117098
0.245885
0.122686
0.030989
0.095754
0.216131
0.047224
0.226511
0.443948
0.363766
0.368963
0.461542
0.079329
0.050669
0.072216
0.273651
0.236600
0.247142
0.168417
0.134643
0.232082
0.092973
0.374561
0.288778
0.131980
0.134145
0.026016
0.091081
0.108752
0.177953
0.160718
0.244062
0.309810
0.186780
0.099193
0.110197
0.140948
0.172968
0.008506
0.080403
0.301252
0.075855
0.124576
0.436579
0.069426
0.470740
0.201121
0.032428
0.166976
0.307228
0.224695
0.138272
0.165999
0.053359
0.232505
0.210497
0.365402
0.170150
0.067759
0.182221
0.308359
0.127206
0.202735
0.035337
0.390837
0.110673
0.044133
0.051666
0.162277
0.197478
0.380420
0.307991
0.164572
0.082899
0.171866
0.207584
0.168966
0.389673
0.246109
0.187591
0.148860
0.212211
0.067073
0.170495
0.193560
0.029180
0.042154
0.300401
0.118510
0.149707
0.542025
0.235308
0.259545
0.137937
0.210294
0.073935
0.207941
0.147712
0.170009
0.056039
0.183797
0.234791
0.076367
0.296106
0.323795
0.273840
0.145970
0.398380
0.252905
0.153098
0.062511
0.215534
0.218167
0.290102
0.181035
0.134994
0.136405
0.231715
0.275198
0.132025
0.082309
0.212321
0.047079
0.076634
0.029500
0.315881
0.149016
0.255299
0.312937
0.220287
0.038673
0.041371
0.071241
0.137118
0.060849
0.063862
0.284446
0.105837
0.166038
0.359147
0.123932
0.428206
0.128255
0.190736
0.246085
0.292216
0.140299
0.160988
0.126152
0.058541
0.291569
0.234947
0.268835
0.219772
0.170206
0.126470
0.210051
0.097557
0.187853
0.071458
0.285897
0.168905
0.122481
0.030070
0.215381
0.177158
0.242331
0.327187
0.122940
0.095212
0.177712
0.237178
0.206908
0.247531
0.242075
0.207735
0.241061
0.277714
