# G_2, p = 0.4000 GPa (dir_4000.0_bar).
# Isolated-8MR (not in any D8R): 48 rings x 101 frames = 4848 samples.
# Column: per-isolated-8MR Delta [A]
0.118089
0.150725
0.117662
0.150332
0.117562
0.150477
0.117356
0.151166
0.117916
0.151061
0.117618
0.150572
0.117132
0.150434
0.117922
0.150638
0.118140
0.150966
0.117905
0.150497
0.117813
0.151035
0.117939
0.151024
0.118112
0.150595
0.117874
0.151463
0.117673
0.150884
0.118023
0.150635
0.118258
0.150815
0.118121
0.150348
0.117570
0.150895
0.118158
0.150752
0.118145
0.150517
0.118115
0.150992
0.118045
0.150688
0.117608
0.150796
0.116638
0.178931
0.148643
0.230820
0.101231
0.177931
0.264993
0.194226
0.134215
0.224120
0.157735
0.107143
0.089890
0.181428
0.269009
0.194281
0.173646
0.114891
0.061933
0.101619
0.084705
0.261956
0.250076
0.035458
0.055006
0.075226
0.364002
0.288655
0.118243
0.188204
0.090272
0.113498
0.048191
0.159928
0.144902
0.260193
0.216612
0.103340
0.181654
0.132977
0.072163
0.143753
0.191872
0.084913
0.259109
0.119288
0.117509
0.033926
0.140582
0.238528
0.222122
0.305136
0.115119
0.197870
0.448542
0.260650
0.207556
0.290464
0.228899
0.238832
0.127198
0.228678
0.281198
0.167202
0.113326
0.223853
0.143127
0.096504
0.188381
0.287854
0.244447
0.043220
0.148277
0.084678
0.527400
0.440948
0.292248
0.341163
0.143581
0.223630
0.131992
0.125116
0.245536
0.331127
0.365631
0.070205
0.112754
0.125180
0.085119
0.136303
0.156989
0.064800
0.311742
0.130625
0.062359
0.054918
0.054416
0.239825
0.328863
0.307652
0.067113
0.147561
0.491707
0.318995
0.270247
0.328885
0.184244
0.284928
0.225457
0.127820
0.293275
0.255339
0.102582
0.159775
0.098309
0.138417
0.306530
0.299217
0.319253
0.134090
0.217915
0.133019
0.444827
0.541752
0.359591
0.490987
0.295234
0.185689
0.192229
0.121246
0.267254
0.349464
0.407272
0.080223
0.082742
0.182574
0.048494
0.202950
0.052762
0.096209
0.364318
0.213552
0.034684
0.010852
0.109191
0.259690
0.413642
0.295858
0.208450
0.082591
0.452338
0.355095
0.339690
0.333677
0.260237
0.293376
0.245512
0.175424
0.391891
0.262112
0.079037
0.068231
0.084492
0.057272
0.310147
0.311205
0.404327
0.249808
0.083748
0.131011
0.301128
0.601589
0.405719
0.511747
0.357971
0.111042
0.163412
0.190993
0.279223
0.241249
0.345775
0.082902
0.116810
0.153865
0.105455
0.269210
0.135577
0.114435
0.501063
0.233377
0.053552
0.085128
0.216618
0.225020
0.375867
0.204567
0.331013
0.054962
0.461409
0.340461
0.407951
0.389990
0.377414
0.428672
0.267060
0.095107
0.515393
0.223531
0.214793
0.219763
0.127330
0.091367
0.227503
0.295998
0.405860
0.257788
0.042275
0.107247
0.288331
0.648951
0.334462
0.457781
0.226319
0.075704
0.118355
0.332584
0.208859
0.162071
0.361751
0.100980
0.175368
0.204525
0.103471
0.236090
0.146383
0.084896
0.710101
0.288839
0.080955
0.053527
0.245217
0.161676
0.302527
0.192760
0.504123
0.137342
0.469663
0.289973
0.485599
0.372981
0.378822
0.530415
0.419754
0.054795
0.540223
0.275778
0.375821
0.380132
0.149541
0.301357
0.322766
0.351746
0.316920
0.196288
0.063936
0.025874
0.285465
0.645076
0.183263
0.448933
0.180241
0.005372
0.122162
0.346785
0.209931
0.234490
0.409041
0.133195
0.114493
0.111203
0.098073
0.106358
0.154658
0.145023
0.831179
0.275217
0.153904
0.035741
0.213278
0.157109
0.297362
0.285865
0.597530
0.156188
0.462963
0.173378
0.456552
0.347143
0.318972
0.570484
0.505559
0.034999
0.498859
0.506007
0.374235
0.391998
0.175095
0.389526
0.416119
0.415217
0.352860
0.183063
0.182319
0.090494
0.295055
0.580176
0.103134
0.528763
0.102664
0.068141
0.128419
0.245535
0.279000
0.378278
0.477434
0.260801
0.120837
0.075296
0.091296
0.075271
0.059121
0.224123
0.836594
0.233288
0.180307
0.108668
0.147571
0.217615
0.208512
0.410669
0.508945
0.139606
0.465592
0.098782
0.336356
0.417028
0.323129
0.523586
0.438723
0.065039
0.498358
0.675793
0.321365
0.355871
0.177896
0.287761
0.396219
0.360293
0.357455
0.143651
0.122741
0.183127
0.234425
0.448337
0.116681
0.464755
0.059035
0.077753
0.097431
0.160953
0.322530
0.375565
0.413919
0.434471
0.026605
0.102216
0.214659
0.132837
0.134092
0.213249
0.780857
0.177777
0.252208
0.255185
0.134678
0.262935
0.058023
0.471972
0.302488
0.141996
0.424698
0.073878
0.217523
0.556388
0.443523
0.439815
0.359356
0.115911
0.480159
0.691072
0.285685
0.462589
0.051914
0.203234
0.247506
0.215629
0.340855
0.075496
0.032658
0.121088
0.156849
0.397015
0.094581
0.289439
0.044556
0.114951
0.064663
0.186127
0.272678
0.327789
0.261403
0.563162
0.059853
0.004393
0.212941
0.155088
0.215060
0.336523
0.556930
0.189070
0.291568
0.247280
0.104176
0.370066
0.081313
0.420705
0.300241
0.224310
0.279477
0.159115
0.196663
0.581746
0.546004
0.285811
0.382196
0.132103
0.454371
0.666251
0.277450
0.537905
0.033775
0.231163
0.101146
0.366070
0.285281
0.006893
0.111037
0.129380
0.092028
0.385800
0.108702
0.241270
0.144077
0.091155
0.169566
0.218547
0.239572
0.335317
0.179281
0.544004
0.204686
0.107066
0.167933
0.156335
0.118157
0.307638
0.363344
0.184588
0.130127
0.274083
0.063186
0.322121
0.133647
0.364373
0.254627
0.221591
0.315673
0.229282
0.294358
0.436576
0.629060
0.178682
0.465796
0.168138
0.327667
0.627746
0.164360
0.467804
0.081433
0.161130
0.070533
0.400195
0.198478
0.027725
0.077852
0.184254
0.030707
0.394122
0.229304
0.280641
0.268015
0.056741
0.207180
0.240068
0.271199
0.386853
0.346906
0.364480
0.228744
0.132758
0.163926
0.151727
0.127864
0.248398
0.340880
0.178242
0.127272
0.257353
0.110983
0.178552
0.073735
0.319365
0.096463
0.143950
0.277420
0.359293
0.373026
0.304697
0.644614
0.293953
0.340297
0.163774
0.192058
0.527604
0.209973
0.341642
0.218295
0.170282
0.083367
0.407625
0.140070
0.057132
0.162256
0.203282
0.105996
0.329532
0.241397
0.378323
0.140331
0.006899
0.074578
0.183191
0.226847
0.323754
0.368769
0.232160
0.305718
0.078926
0.172536
0.104904
0.216534
0.249898
0.363418
0.199720
0.063614
0.237656
0.088953
0.135299
0.103084
0.250254
0.148299
0.074203
0.211844
0.443934
0.281928
0.220291
0.425953
0.180281
0.119065
0.083000
0.144115
0.335175
0.127331
0.188344
0.304416
0.230993
0.110664
0.398598
0.201185
0.033568
0.203419
0.212148
0.191353
0.263065
0.185464
0.347378
0.053809
0.160059
0.052204
0.154630
0.209803
0.185419
0.279695
0.244051
0.451102
0.190096
0.166038
0.142656
0.181880
0.156333
0.206378
0.221359
0.103774
0.382584
0.118458
0.094265
0.083877
0.182092
0.244566
0.099976
0.204097
0.408886
0.142717
0.160620
0.099586
0.113561
0.161290
0.008510
0.164767
0.242194
0.154823
0.116107
0.348528
0.235355
0.183244
0.323147
0.258511
0.136437
0.233274
0.323027
0.244241
0.238643
0.235624
0.212108
0.116777
0.236899
0.059306
0.235559
0.164476
0.155648
0.243996
0.247938
0.515670
0.138407
0.155406
0.222013
0.181884
0.124888
0.018590
0.129791
0.164686
0.377610
0.179434
0.144485
0.109054
0.155617
0.277284
0.102285
0.249530
0.249582
0.162045
0.039881
0.084760
0.124636
0.213705
0.113193
0.117516
0.208862
0.233769
0.035607
0.305579
0.260577
0.185919
0.185810
0.189866
0.223280
0.299667
0.242098
0.181348
0.150662
0.282744
0.155566
0.223114
0.207872
0.113086
0.261272
0.174054
0.214675
0.281911
0.169984
0.472644
0.074440
0.131439
0.209447
0.191013
0.163754
0.162222
0.176688
0.153236
0.269159
0.382745
0.176887
0.124529
0.204336
0.360638
0.217205
0.217036
0.054019
0.139490
0.100760
0.195729
0.266869
0.284852
0.273976
0.015816
0.173618
0.199376
0.130425
0.238592
0.345206
0.154201
0.214048
0.113395
0.199710
0.334889
0.176964
0.110959
0.141395
0.196024
0.161796
0.361390
0.236723
0.085439
0.240677
0.228198
0.180202
0.221357
0.065050
0.326440
0.148696
0.136633
0.218623
0.174324
0.161603
0.264960
0.157702
0.194837
0.322119
0.510494
0.141404
0.090754
0.224265
0.427453
0.243957
0.174688
0.222211
0.128475
0.139839
0.284239
0.392604
0.450319
0.376104
0.084631
0.056331
0.057735
0.265104
0.244672
0.368591
0.155726
0.166954
0.064414
0.223137
0.218367
0.162319
0.091260
0.131962
0.092007
0.183830
0.249160
0.365274
0.061150
0.147334
0.215571
0.096960
0.102407
0.022100
0.226296
0.235775
0.070756
0.208561
0.136610
0.178905
0.295962
0.193551
0.280560
0.341329
0.462255
0.142898
0.111177
0.156938
0.399868
0.193603
0.188299
0.391795
0.183318
0.267723
0.221190
0.408418
0.622412
0.390329
0.097353
0.228665
0.135678
0.251725
0.262871
0.267991
0.136897
0.064940
0.084294
0.263097
0.271518
0.214474
0.171319
0.071972
0.105978
0.088151
0.094220
0.448068
0.094188
0.100322
0.258130
0.089521
0.113762
0.032923
0.179711
0.198639
0.180169
0.214397
0.111942
0.358776
0.307322
0.264848
0.206868
0.293598
0.334137
0.157146
0.069527
0.072987
0.282969
0.197593
0.162180
0.382405
0.165804
0.319478
0.169885
0.381837
0.779353
0.390600
0.150812
0.278162
0.244942
0.106229
0.329445
0.197596
0.136212
0.157544
0.104581
0.274935
0.170446
0.048511
0.275314
0.111091
0.217842
0.166073
0.076154
0.361996
0.139249
0.164549
0.198926
0.143394
0.087901
0.156777
0.156132
0.189416
0.214151
0.403093
0.067759
0.407354
0.330874
0.288841
0.385007
0.287028
0.261451
0.251506
0.112313
0.085792
0.215352
0.229730
0.089158
0.195497
0.107972
0.270158
0.209561
0.379453
0.883924
0.342713
0.280950
0.346955
0.313615
0.070420
0.295072
0.249982
0.138674
0.283397
0.080623
0.258898
0.217488
0.158179
0.252793
0.115731
0.173368
0.216343
0.138666
0.383309
0.188949
0.320180
0.111881
0.244276
0.030797
0.213389
0.065549
0.289316
0.228093
0.459584
0.116361
0.291380
0.238892
0.264109
0.520765
0.245248
0.191728
0.208425
0.139611
0.048712
0.275007
0.214527
0.107769
0.156087
0.069110
0.190365
0.294335
0.424650
0.787615
0.358373
0.406804
0.276536
0.142098
0.088559
0.245159
0.417096
0.171356
0.274288
0.095877
0.245086
0.245621
0.089038
0.231002
0.191320
0.265709
0.282165
0.095937
0.417405
0.219610
0.405708
0.091562
0.257052
0.056431
0.251536
0.120969
0.350761
0.305547
0.363534
0.106609
0.350575
0.247321
0.221479
0.600895
0.252331
0.133269
0.135350
0.173725
0.056571
0.221032
0.138947
0.061302
0.169426
0.149246
0.233374
0.123140
0.457349
0.561740
0.382642
0.406261
0.242636
0.140914
0.078217
0.221168
0.463599
0.225355
0.310611
0.169365
0.223112
0.203546
0.141467
0.226199
0.219143
0.231933
0.305429
0.046796
0.451187
0.234477
0.331671
0.178121
0.193859
0.182137
0.240581
0.137602
0.244085
0.323968
0.187283
0.049844
0.266973
0.284800
0.206106
0.597419
0.228609
0.135603
0.161288
0.236104
0.117594
0.170585
0.176076
0.117847
0.242802
0.147548
0.318907
0.081375
0.406719
0.342596
0.345864
0.387053
0.266215
0.116749
0.075901
0.201609
0.387858
0.159615
0.291653
0.161865
0.227354
0.127750
0.249908
0.160769
0.260054
0.193511
0.303036
0.084899
0.419184
0.251651
0.263851
0.151197
0.147750
0.321995
0.225612
0.216599
0.125035
0.280580
0.237577
0.073500
0.236170
0.275841
0.182826
0.480507
0.131433
0.129953
0.177610
0.267181
0.157191
0.124831
0.173663
0.146296
0.319736
0.180203
0.279544
0.095051
0.368538
0.269090
0.185895
0.373981
0.284966
0.080031
0.150821
0.040580
0.325477
0.135647
0.204304
0.145381
0.310678
0.060130
0.229520
0.260118
0.346983
0.258104
0.268135
0.136844
0.340506
0.252201
0.207883
0.167058
0.118708
0.304216
0.206971
0.254180
0.093416
0.221303
0.228501
0.170859
0.231606
0.266193
0.097923
0.346676
0.109821
0.164197
0.103537
0.238897
0.142976
0.170461
0.131566
0.159237
0.403956
0.210131
0.332611
0.066875
0.320944
0.290729
0.121557
0.317331
0.279693
0.183573
0.104202
0.134789
0.365765
0.118035
0.088131
0.207772
0.335017
0.035464
0.122620
0.283134
0.335338
0.204949
0.271778
0.279073
0.337961
0.272255
0.171700
0.191549
0.251544
0.312392
0.204795
0.196687
0.094773
0.183092
0.162716
0.296643
0.250196
0.210712
0.111723
0.236053
0.124853
0.248939
0.117246
0.194811
0.185889
0.183533
0.094175
0.080119
0.470371
0.164435
0.415883
0.051550
0.305803
0.242818
0.161163
0.170629
0.300823
0.253822
0.037370
0.181545
0.252465
0.059200
0.092482
0.313510
0.169154
0.044112
0.124022
0.310912
0.240415
0.100693
0.291283
0.306470
0.266807
0.254120
0.156857
0.185363
0.211931
0.293802
0.164379
0.143291
0.192767
0.175693
0.110129
0.317973
0.237488
0.213938
0.168388
0.206263
0.190813
0.233140
0.204111
0.162182
0.270313
0.269470
0.081604
0.213406
0.495085
0.162114
0.354566
0.136216
0.364283
0.122087
0.162636
0.193669
0.328999
0.260424
0.153047
0.223179
0.081478
0.090599
0.162270
0.303155
0.138463
0.083633
0.061504
0.372617
0.181299
0.134674
0.246395
0.233897
0.277298
0.234429
0.135060
0.192076
0.103521
0.353297
0.156121
0.201147
0.282288
0.109263
0.075901
0.232666
0.326683
0.251308
0.322037
0.165591
0.058766
0.132851
0.188282
0.142514
0.246042
0.391351
0.046834
0.329508
0.348541
0.150091
0.221608
0.149034
0.359354
0.074115
0.238716
0.231228
0.283952
0.258479
0.220257
0.293319
0.247947
0.081973
0.199584
0.215244
0.209307
0.128896
0.080563
0.371512
0.157284
0.124209
0.248754
0.193076
0.374043
0.225543
0.110066
0.217112
0.246885
0.320394
0.113684
0.218075
0.273937
0.057570
0.012562
0.222941
0.300313
0.234641
0.268461
0.243792
0.215011
0.170141
0.146082
0.054193
0.190905
0.335003
0.033480
0.361963
0.178398
0.237136
0.078852
0.107485
0.217878
0.178908
0.228939
0.278174
0.165941
0.284129
0.114659
0.274322
0.316198
0.063351
0.113480
0.127672
0.208426
0.073084
0.064225
0.248566
0.141153
0.254865
0.250223
0.149642
0.293503
0.259455
0.050791
0.184985
0.365882
0.283314
0.266133
0.148333
0.220306
0.119779
0.094516
0.250241
0.254444
0.106233
0.195840
0.403981
0.461481
0.292922
0.237597
0.015982
0.158683
0.296775
0.089051
0.307048
0.093237
0.320021
0.119391
0.063022
0.052470
0.271518
0.283230
0.373826
0.086917
0.276543
0.043482
0.277111
0.311664
0.035140
0.033121
0.130503
0.158761
0.070670
0.111299
0.222261
0.097082
0.355985
0.205638
0.114825
0.233062
0.200010
0.034525
0.138317
0.243002
0.340844
0.259880
0.073003
0.233778
0.175166
0.058326
0.244440
0.212319
0.021266
0.203216
0.502125
0.520310
0.371829
0.236658
0.068289
0.135230
0.380416
0.087516
0.156986
0.072992
0.359257
0.281622
0.066193
0.072149
0.342644
0.355115
0.420031
0.124047
0.187686
0.053382
0.376405
0.350805
0.069186
0.075030
0.134341
0.171594
0.125087
0.296530
0.218714
0.063067
0.266698
0.241657
0.104126
0.281599
0.057763
0.130669
0.194153
0.203264
0.347762
0.227787
0.182008
0.264752
0.160881
0.078458
0.177973
0.127691
0.072921
0.245330
0.574377
0.529481
0.338650
0.198371
0.034651
0.120620
0.437425
0.073740
0.127927
0.044181
0.339650
0.370016
0.028515
0.052774
0.516416
0.502475
0.335885
0.092868
0.128247
0.112201
0.379017
0.413469
0.313528
0.101962
0.059472
0.257238
0.090376
0.403002
0.094830
0.041289
0.117838
0.233247
0.192593
0.241090
0.066432
0.188717
0.210445
0.295728
0.215459
0.265573
0.283808
0.242016
0.080704
0.156522
0.048055
0.078001
0.108015
0.174035
0.644238
0.543025
0.278773
0.186830
0.044310
0.096748
0.326338
0.181370
0.026117
0.061535
0.137570
0.285100
0.069800
0.069823
0.658623
0.542480
0.238376
0.003148
0.151467
0.156519
0.246382
0.508710
0.481422
0.063488
0.074186
0.359728
0.103615
0.296761
0.189431
0.154071
0.230176
0.192390
0.224442
0.234408
0.050664
0.184501
0.048579
0.287185
0.221154
0.278045
0.253551
0.078235
0.065924
0.123992
0.099534
0.163420
0.118051
0.075509
0.566290
0.522035
0.235091
0.140747
0.135632
0.064561
0.130207
0.204693
0.079814
0.080506
0.144033
0.207176
0.197635
0.070229
0.734149
0.517830
0.266054
0.051132
0.166465
0.139573
0.171774
0.578689
0.462306
0.106508
0.187208
0.300101
0.043711
0.157781
0.358124
0.210250
0.248636
0.110997
0.277665
0.382158
0.110727
0.157816
0.032835
0.065953
0.295604
0.200407
0.183901
0.093998
0.154118
0.127567
0.163270
0.131899
0.127682
0.107961
0.409795
0.465645
0.239104
0.217891
0.207901
0.101535
0.182927
0.157521
0.064020
0.102765
0.259907
0.174425
0.168657
0.156859
0.668091
0.513050
0.421460
0.086107
0.230276
0.132741
0.116865
0.607174
0.395249
0.231409
0.224389
0.210609
0.185727
0.074572
0.388534
0.123399
0.231131
0.178026
0.267527
0.380864
0.143262
0.105049
0.059937
0.028755
0.499890
0.026293
0.198526
0.265028
0.171964
0.220134
0.099930
0.057379
0.154288
0.199723
0.318758
0.353961
0.290411
0.223503
0.233983
0.137333
0.270665
0.168108
0.162716
0.193887
0.169291
0.202348
0.084725
0.289343
0.616976
0.547908
0.358046
0.150595
0.169646
0.122951
0.092854
0.477231
0.308389
0.265218
0.087054
0.207992
0.199878
0.086147
0.317216
0.017926
0.327200
0.239732
0.334031
0.315705
0.213674
0.168779
0.105674
0.073252
0.421786
0.112107
0.259866
0.420271
0.224920
0.258032
0.097646
0.236294
0.099196
0.231431
0.375343
0.282025
0.324277
0.179092
0.217947
0.233901
0.264144
0.217983
0.308607
0.255488
0.095511
0.230758
0.178119
0.497862
0.616584
0.459349
0.134780
0.198480
0.095366
0.128057
0.288585
0.287210
0.249193
0.249678
0.054817
0.240116
0.120593
0.171262
0.344251
0.096591
0.429553
0.311583
0.435311
0.279482
0.284471
0.264076
0.115652
0.204440
0.217345
0.129673
0.256413
0.537488
0.239690
0.212485
0.169323
0.274050
0.059560
0.291260
0.470543
0.301674
0.200517
0.186175
0.260285
0.269616
0.199333
0.186691
0.296346
0.245419
0.117047
0.264799
0.213659
0.598043
0.640706
0.345914
0.078062
0.151983
0.236349
0.093988
0.381562
0.139249
0.217068
0.241737
0.073353
0.179784
0.142491
0.149600
0.430233
0.223997
0.439962
0.342976
0.474124
0.383388
0.436836
0.256760
0.095485
0.324009
0.124974
0.103702
0.230209
0.578286
0.331911
0.237181
0.202121
0.184118
0.055466
0.424743
0.475408
0.180304
0.132499
0.234787
0.394708
0.246056
0.182761
0.148566
0.242846
0.204070
0.215276
0.145754
0.285483
0.576466
0.573756
0.136505
0.223934
0.085602
0.419282
0.189057
0.335820
0.126449
0.150524
0.288016
0.088560
0.101664
0.149136
0.109952
0.398510
0.310168
0.410406
0.367284
0.410280
0.511306
0.560707
0.102060
0.025689
0.282783
0.146386
0.094708
0.260373
0.600131
0.410852
0.264938
0.159604
0.109793
0.066696
0.457578
0.411695
0.154663
0.157756
0.301958
0.459651
0.176751
0.154356
0.116284
0.165741
0.272908
0.133615
0.084185
0.425116
0.486178
0.424408
0.217019
0.294730
0.048258
0.490602
0.378796
0.363780
0.105009
0.162519
0.326836
0.071464
0.038470
0.167294
0.034410
0.170652
0.241013
0.391413
0.415665
0.381304
0.537102
0.599138
0.033458
0.085245
0.280420
0.219649
0.127759
0.282477
0.515621
0.576603
0.234504
0.149642
0.013734
0.212172
0.419073
0.315429
0.237708
0.106859
0.265284
0.372356
0.112261
0.027118
0.186570
0.135174
0.386070
0.076330
0.111665
0.484134
0.440037
0.247771
0.258477
0.302306
0.151245
0.519656
0.535376
0.422434
0.045051
0.096796
0.342589
0.154351
0.087820
0.105275
0.138363
0.126170
0.081715
0.358492
0.373083
0.424601
0.457881
0.546703
0.049827
0.125093
0.296428
0.276511
0.183600
0.221495
0.414835
0.690470
0.193812
0.185414
0.079451
0.278080
0.370116
0.254388
0.259560
0.092006
0.141195
0.269480
0.087601
0.074803
0.106581
0.210997
0.386748
0.114526
0.060292
0.446653
0.430064
0.196994
0.082183
0.515604
0.098107
0.570235
0.534602
0.391140
0.045786
0.112452
0.388645
0.178946
0.106976
0.158427
0.233445
0.289596
0.109686
0.170127
0.303895
0.430082
0.392876
0.550696
0.178186
0.179471
0.305184
0.244825
0.261860
0.276619
0.368359
0.777366
0.267581
0.255999
0.139089
0.188167
0.377580
0.218895
0.217151
0.227979
0.225180
0.364675
0.082026
0.108031
0.131475
0.385861
0.378607
0.166167
0.146653
0.377723
0.453009
0.186075
0.175118
0.528958
0.109865
0.576384
0.349760
0.298887
0.093662
0.134723
0.450772
0.187094
0.156732
0.208233
0.367040
0.304773
0.075046
0.036213
0.194658
0.422558
0.305481
0.540698
0.206303
0.208492
0.266327
0.192259
0.355675
0.278012
0.379827
0.746515
0.201690
0.261957
0.172679
0.047359
0.411300
0.178257
0.139814
0.337366
0.259988
0.548146
0.068002
0.200199
0.158790
0.480888
0.435480
0.223612
0.181803
0.328034
0.453422
0.162506
0.224642
0.589393
0.053483
0.535000
0.205668
0.262471
0.009909
0.127079
0.382056
0.125281
0.166622
0.267927
0.457034
0.169628
0.016916
0.029565
0.335733
0.345923
0.260833
0.405816
0.206454
0.273727
0.285460
0.213769
0.270620
0.237873
0.363283
0.615747
0.199163
0.218735
0.301357
0.143675
0.410488
0.084898
0.127488
0.270569
0.289414
0.543005
0.088724
0.342167
0.135212
0.388069
0.434126
0.288739
0.243082
0.303965
0.445243
0.060400
0.162554
0.761768
0.139591
0.480088
0.253280
0.229571
0.073370
0.053890
0.293018
0.079865
0.176315
0.274876
0.476899
0.118851
0.121811
0.065974
0.379638
0.270795
0.259540
0.320367
0.132238
0.350331
0.246792
0.191980
0.188804
0.098438
0.271857
0.463674
0.130756
0.202200
0.337416
0.310028
0.330256
0.041573
0.135234
0.265875
0.279490
0.347748
0.148768
0.413088
0.176024
0.364956
0.389486
0.271316
0.244647
0.307127
0.416538
0.094570
0.087386
0.791529
0.133998
0.476521
0.436758
0.063851
0.142068
0.054215
0.189580
0.263037
0.169474
0.337221
0.427359
0.238769
0.204296
0.157703
0.462336
0.285049
0.285751
0.292857
0.081675
0.451984
0.133074
0.190916
0.087059
0.008270
0.179165
0.358809
0.100890
0.218936
0.417711
0.384620
0.232876
0.156227
0.130137
0.219602
0.241213
0.241927
0.196469
0.355816
0.370796
0.443280
0.318959
0.173760
0.278401
0.353674
0.347618
0.152530
0.089182
0.625989
0.184368
0.504186
0.481463
0.171663
0.133492
0.189782
0.157449
0.390064
0.161819
0.442064
0.399046
0.367201
0.312357
0.201601
0.472815
0.257088
0.227770
0.300162
0.090059
0.479728
0.039644
0.167990
0.177075
0.058222
0.114726
0.251733
0.077730
0.299317
0.486204
0.312956
0.155318
0.204564
0.179880
0.066619
0.084340
0.231021
0.207929
0.297461
0.556972
0.448073
0.345998
0.163743
0.319031
0.403916
0.184289
0.177367
0.166457
0.519750
0.327160
0.458785
0.417500
0.362602
0.064920
0.242485
0.188859
0.487719
0.211984
0.605137
0.377453
0.354083
0.388374
0.121374
0.487057
0.156861
0.080639
0.302519
0.120490
0.430623
0.122501
0.117107
0.271779
0.108646
0.099127
0.188208
0.143855
0.375897
0.459210
0.223919
0.096389
0.154647
0.158279
0.166971
0.102867
0.210396
0.194069
0.305281
0.519505
0.302271
0.410682
0.237538
0.385763
0.424392
0.129234
0.100756
0.149791
0.539790
0.394379
0.309731
0.386984
0.512274
0.097943
0.177823
0.083885
0.563316
0.203704
0.630089
0.389381
0.284140
0.425546
0.131920
0.556227
0.052958
0.092343
0.271162
0.189465
0.311589
0.143650
0.067419
0.220176
0.172334
0.104565
0.117699
0.142955
0.444033
0.392561
0.121551
0.069807
0.081776
0.110244
0.218765
0.102052
0.198535
0.172846
0.302706
0.424225
0.235522
0.401553
0.250060
0.464720
0.358870
0.099476
0.057050
0.036064
0.479417
0.399191
0.208669
0.417229
0.570732
0.091972
0.107133
0.053518
0.601670
0.077883
0.528962
0.363491
0.228843
0.346052
0.041037
0.637364
0.128334
0.040880
0.210407
0.229555
0.255111
0.065144
0.118832
0.273244
0.233841
0.120617
0.175527
0.184086
0.504184
0.436568
0.072880
0.117360
0.163404
0.039728
0.217895
0.092539
0.220241
0.186126
0.319443
0.475842
0.284047
0.366408
0.255573
0.559063
0.274259
0.225694
0.075405
0.089915
0.260853
0.373182
0.152526
0.365250
0.657658
0.222391
0.155653
0.093153
0.564392
0.094372
0.402202
0.266385
0.250575
0.237434
0.096476
0.490354
0.177849
0.111369
0.141733
0.241167
0.244655
0.132257
0.152235
0.262627
0.347185
0.168647
0.072803
0.237853
0.538292
0.515472
0.128597
0.182963
0.336214
0.113446
0.313082
0.168316
0.178292
0.189612
0.349189
0.492232
0.278367
0.287838
0.371851
0.588409
0.139311
0.228313
0.131636
0.097400
0.144820
0.351002
0.058101
0.171778
0.713310
0.307076
0.273913
0.071753
0.511386
0.173669
0.368844
0.182483
0.248257
0.177016
0.139648
0.285845
0.175840
0.233208
0.117901
0.383632
0.269542
0.184407
0.159649
0.240397
0.346493
0.166889
0.032379
0.129568
0.570647
0.463185
0.255917
0.223208
0.342523
0.195934
0.418391
0.206097
0.219558
0.198468
0.427955
0.352994
0.357056
0.136765
0.497838
0.549612
0.131054
0.107300
0.265115
0.187686
0.042109
0.292430
0.062709
0.135805
0.718470
0.318014
0.311381
0.039732
0.413156
0.248126
0.410450
0.185672
0.203958
0.268222
0.045724
0.242324
0.093599
0.311633
0.175550
0.456660
0.333797
0.193350
0.233626
0.315775
0.434318
0.071776
0.158439
0.210122
0.552794
0.354597
0.269676
0.300182
0.122700
0.261465
0.431003
0.251038
0.172921
0.214316
0.464128
0.127464
0.359108
0.067776
0.502353
0.518805
0.260159
0.093540
0.316710
0.045386
0.025053
0.168462
0.060122
0.191515
0.607682
0.300149
0.277388
0.152066
0.267391
0.138990
0.451260
0.069805
0.105600
0.354709
0.091920
0.307224
0.137596
0.242087
0.170899
0.406296
0.461143
0.280806
0.207012
0.383938
0.307834
0.045374
0.134006
0.272288
0.497656
0.316403
0.204783
0.371634
0.168717
0.314771
0.400114
0.265365
0.166402
0.129867
0.317668
0.197335
0.334350
0.077924
0.368472
0.428403
0.382864
0.154405
0.336537
0.101493
0.060452
0.019123
0.188700
0.098249
0.499671
0.339936
0.228993
0.129088
0.172386
0.130928
0.394237
0.079679
0.070561
0.327209
0.131915
0.300692
0.230795
0.156874
0.068815
0.306374
0.588086
0.233620
0.292199
0.417826
0.201154
0.044753
0.176286
0.377963
0.470099
0.229064
0.133337
0.435151
0.236648
0.416618
0.385106
0.187059
0.097750
0.096863
0.165450
0.316290
0.470979
0.002992
0.251575
0.347866
0.289967
0.183396
0.220483
0.197649
0.143123
0.121266
0.185992
0.057666
0.400540
0.399567
0.214294
0.181190
0.171892
0.110162
0.143101
0.150505
0.163183
0.268813
0.240731
0.163240
0.253917
0.025496
0.180148
0.334842
0.523582
0.128561
0.245408
0.330469
0.174220
0.133918
0.226255
0.475426
0.395759
0.274816
0.146331
0.432098
0.199774
0.536215
0.387502
0.206892
0.168935
0.184254
0.175542
0.211850
0.413290
0.112469
0.301503
0.342441
0.258010
0.096301
0.166126
0.232763
0.193739
0.249348
0.198785
0.160672
0.315090
0.352574
0.208560
0.248398
0.153256
0.158690
0.079375
0.142803
0.226512
0.291956
0.124916
0.066701
0.357975
0.160854
0.227370
0.314200
0.356358
0.177029
0.150969
0.296355
0.190529
0.125553
0.267989
0.521848
0.295775
0.189565
0.151518
0.232087
0.135383
0.589919
0.350077
0.146262
0.089514
0.234830
0.318225
0.094398
0.222854
0.085712
0.194109
0.328285
0.129095
0.109694
0.221460
0.196029
0.112030
0.307104
0.270204
0.161335
0.331929
0.233377
0.238597
0.294139
0.141597
0.100456
0.147836
0.177966
0.328546
0.359032
0.019684
0.145207
0.212161
0.307495
0.184632
0.211531
0.297645
0.212593
0.173581
0.256831
0.336626
0.045381
0.242060
0.482246
0.249893
0.117518
0.182520
0.163709
0.193761
0.601185
0.280130
0.140313
0.066311
0.220854
0.331580
0.061600
0.206870
0.027132
0.261014
0.285465
0.017051
0.215261
0.247142
0.230828
0.117904
0.298056
0.212113
0.208653
0.339619
0.104588
0.287397
0.225033
0.306272
0.141338
0.153668
0.256362
0.335043
0.422538
0.200078
0.163761
0.160516
0.392476
0.262978
0.082572
0.267801
0.197433
0.226283
0.227986
0.432775
0.032558
0.174215
0.404388
0.247147
0.078929
0.202169
0.236206
0.323928
0.480762
0.230887
0.069705
0.064120
0.177293
0.211041
0.086316
0.183900
0.046373
0.273724
0.133050
0.178675
0.204846
0.230606
0.264580
0.132832
0.285809
0.091319
0.325751
0.250576
0.080049
0.314379
0.231054
0.391653
0.266864
0.185999
0.315372
0.283102
0.386408
0.323755
0.192151
0.234944
0.423091
0.372329
0.140224
0.247886
0.099078
0.184684
0.200540
0.377809
0.053038
0.095609
0.297622
0.242870
0.271793
0.160680
0.170802
0.439999
0.354071
0.300931
0.167333
0.091152
0.184581
0.186016
0.053659
0.114692
0.158160
0.244063
0.041972
0.308218
0.161227
0.222999
0.260966
0.127452
0.286440
0.168629
0.369944
0.303305
0.120466
0.311548
0.298606
0.427091
0.303537
0.176143
0.319652
0.279927
0.294114
0.335892
0.167162
0.200337
0.389081
0.296472
0.115199
0.150375
0.075539
0.140261
0.129461
0.320259
0.202138
0.022153
0.156859
0.092741
0.321569
0.164701
0.059575
0.403593
0.263570
0.375877
0.310458
0.137748
0.157264
0.116103
0.119730
0.208175
0.132798
0.154479
0.090736
0.297534
0.101301
0.243942
0.237104
0.116743
0.200561
0.194540
0.244054
0.415171
0.214489
0.327226
0.330939
0.319769
0.216090
0.166063
0.252134
0.268541
0.225736
0.312152
0.233570
0.075759
0.353049
0.184387
0.302083
0.046160
0.155740
0.115079
0.093122
0.260282
0.303547
0.089651
0.127899
0.047440
0.189710
0.172078
0.140436
0.270193
0.127853
0.272921
0.423130
0.203122
0.175251
0.110783
0.125956
0.168577
0.136704
0.080485
0.112549
0.156851
0.127571
0.273907
0.178401
0.122455
0.151144
0.247096
0.073032
0.474462
0.176102
0.291595
0.258942
0.175654
0.202767
0.175269
0.122655
0.205835
0.135898
0.363407
0.217060
0.106366
0.304267
0.107710
0.470310
0.073159
0.323648
0.096177
0.008081
0.224987
0.256146
0.167083
0.181422
0.066658
0.186004
0.135313
0.219043
0.102771
0.105404
0.240950
0.476465
0.233397
0.155132
0.129040
0.094559
0.156989
0.113483
0.078698
0.194519
0.299319
0.155747
0.267162
0.095491
0.103041
0.165584
0.237691
0.031098
0.442550
0.146062
0.266155
0.222625
0.194389
0.237834
0.235712
0.057663
0.124046
0.121524
0.425430
0.166689
0.121712
0.295866
0.066596
0.485462
0.022967
0.272101
0.057595
0.087367
0.165023
0.152011
0.172593
0.106666
0.112215
0.283848
0.068632
0.375453
0.082167
0.106816
0.221313
0.455868
0.164290
0.111761
0.085884
0.120029
0.262226
0.146053
0.090780
0.331075
0.346403
0.165369
0.223305
0.177837
0.063604
0.312575
0.175621
0.053861
0.402035
0.154414
0.178882
0.174228
0.183141
0.144995
0.290088
0.017506
0.029920
0.047504
0.373827
0.116287
0.112423
0.271436
0.237557
0.402331
0.085311
0.043857
0.040459
0.105605
0.084214
0.262229
0.146437
0.055413
0.283797
0.383557
0.037663
0.404649
0.122861
0.111318
0.164456
0.483149
0.180626
0.073101
0.236234
0.204284
0.227183
0.219669
0.153231
0.458481
0.269035
0.222514
0.276028
0.266787
0.146407
0.343695
0.188479
0.058886
0.420010
0.111995
0.134545
0.067891
0.142163
0.042427
0.217477
0.097633
0.018752
0.073734
0.213392
0.165129
0.251853
0.158602
0.205730
0.369714
0.285781
0.037466
0.029000
0.206494
0.024494
0.337708
0.064516
0.076440
0.443509
0.364057
0.077033
0.377633
0.234031
0.068745
0.178076
0.463498
0.280431
0.149996
0.286835
0.193557
0.185162
0.221884
0.043149
0.451361
0.191737
0.170028
0.198197
0.163367
0.166001
0.310619
0.313588
0.110368
0.397217
0.309068
0.146999
0.031792
0.068520
0.046117
0.125144
0.226020
0.089102
0.142435
0.210140
0.149867
0.290359
0.171274
0.043430
0.304959
0.448715
0.143873
0.100070
0.341990
0.032387
0.297464
0.057602
0.226888
0.447430
0.189032
0.097288
0.309268
0.321911
0.143344
0.167463
0.367443
0.337471
0.129862
0.253373
0.129238
0.234956
0.199735
0.150023
0.389511
0.265921
0.129212
0.169624
0.113732
0.172998
0.155490
0.301015
0.234582
0.292638
0.394312
0.228074
0.116205
0.026317
0.021273
0.194934
0.385647
0.191297
0.302330
0.256804
0.100216
0.174659
0.143479
0.161898
0.166437
0.459877
0.183810
0.093044
0.315032
0.026316
0.155499
0.140248
0.195671
0.404729
0.145634
0.342138
0.248309
0.347076
0.159617
0.201068
0.250498
0.332737
0.034287
0.274059
0.173650
0.256706
0.171602
0.322906
0.379770
0.205711
0.059604
0.175896
0.193323
0.121636
0.108072
0.270552
0.226572
0.283068
0.271435
0.269900
0.179542
0.111513
0.081940
0.139103
0.420185
0.215490
0.397038
0.261748
0.079132
0.251030
0.118137
0.257303
0.113867
0.355419
0.125253
0.088752
0.199300
0.110923
0.140765
0.093565
0.174805
0.452297
0.050032
0.399630
0.239424
0.273574
0.331524
0.271027
0.180472
0.276388
0.041409
0.255754
0.252510
0.108330
0.178859
0.258521
0.431169
0.178908
0.065460
0.283120
0.241370
0.216601
0.075666
0.297987
0.108157
0.362795
0.280242
0.268487
0.431987
0.091489
0.062915
0.136108
0.370680
0.119803
0.466256
0.113674
0.226499
0.321740
0.160773
0.201689
0.152408
0.347952
0.059051
0.150546
0.143363
0.078320
0.027272
0.118215
0.131850
0.445184
0.141805
0.223357
0.211196
0.156822
0.365202
0.364697
0.102108
0.233201
0.117966
0.220164
0.217026
0.049038
0.128929
0.197345
0.510428
0.187501
0.078766
0.327566
0.241693
0.184031
0.103586
0.324213
0.096397
0.388032
0.311303
0.352215
0.491375
0.070482
0.065011
0.234855
0.234685
0.149484
0.493721
0.076491
0.244388
0.202927
0.298560
0.180573
0.122324
0.443063
0.085562
0.159692
0.143718
0.067941
0.191582
0.099902
0.245441
0.310614
0.223608
0.092251
0.177967
0.263548
0.341932
0.266899
0.046549
0.178153
0.217801
0.262295
0.148648
0.053150
0.109437
0.268833
0.546126
0.204571
0.088072
0.271652
0.135717
0.269735
0.023062
0.247352
0.231906
0.279959
0.360610
0.350867
0.357749
0.077298
0.155088
0.327076
0.123379
0.183400
0.470555
0.115394
0.123438
0.098316
0.367232
0.158497
0.209398
0.526436
0.069735
0.197609
0.113935
0.165605
0.317389
0.066795
0.352797
0.229083
0.176699
0.133505
0.168610
0.227935
0.341701
0.211686
0.055528
0.064780
0.238072
0.314296
0.177127
0.041999
0.069291
0.337839
0.491313
0.276889
0.037374
0.281324
0.145109
0.299493
0.152837
0.153109
0.305209
0.162990
0.362713
0.305908
0.182190
0.079292
0.083903
0.273964
0.069986
0.187959
0.442943
0.180742
0.136852
0.072104
0.362513
0.098382
0.187021
0.528654
0.129229
0.203359
0.180042
0.105526
0.199859
0.053962
0.407180
0.242205
0.145563
0.278249
0.250438
0.149558
0.308862
0.176259
0.195155
0.165375
0.205024
0.327284
0.242522
0.039427
0.144369
0.331191
0.387225
0.327859
0.101170
0.262713
0.231745
0.216226
0.243386
0.091863
0.200183
0.206427
0.314213
0.243217
0.091835
0.099993
0.095681
0.197242
0.001120
0.192598
0.413934
0.277195
0.214433
0.018132
0.385673
0.036029
0.165812
0.444667
0.242092
0.188206
0.158762
0.085756
0.099215
0.126833
0.390636
0.191276
0.244809
0.325883
0.205813
0.224661
0.210209
0.104958
0.325793
0.197260
0.133841
0.265244
0.237814
0.052800
0.199657
0.234874
0.323751
0.313285
0.178190
0.158087
0.173470
0.175566
0.210342
0.069899
0.141331
0.364055
0.293093
0.172142
0.016480
0.135333
0.159334
0.140950
0.112875
0.192949
0.304721
0.315970
0.222796
0.037354
0.472500
0.078903
0.149650
0.269028
0.324299
0.124478
0.140751
0.105724
0.204994
0.154593
0.369934
0.093712
0.292262
0.335245
0.216965
0.219260
0.262040
0.079609
0.362598
0.269761
0.182045
0.396505
0.160389
0.047228
0.245142
0.179581
0.365487
0.311273
0.266053
0.094748
0.043743
0.262520
0.178637
0.237959
0.208807
0.350335
0.276472
0.149506
0.123925
0.178068
0.187969
0.206754
0.240288
0.165061
0.163309
0.361864
0.211283
0.261266
0.416205
0.030121
0.109269
0.083593
0.391642
0.048539
0.189799
0.065523
0.350207
0.142431
0.435207
0.179840
0.267910
0.283235
0.227381
0.167523
0.270342
0.149260
0.331875
0.294744
0.152153
0.476607
0.193159
0.117676
0.280753
0.193520
0.414927
0.325799
0.181978
0.049543
0.056105
0.353071
0.219795
0.246110
0.303380
0.157519
0.282960
0.120102
0.139364
0.161654
0.160950
0.196350
0.353358
0.273476
0.121546
0.446157
0.203405
0.355966
0.287270
0.168005
0.012948
0.077757
0.517377
0.171782
0.192888
0.113548
0.343430
0.168857
0.496723
0.139100
0.283523
0.373165
0.269707
0.255319
0.287917
0.215748
0.383830
0.314308
0.142066
0.432748
0.197907
0.240451
0.264880
0.140708
0.210140
0.228158
0.204761
0.050996
0.185768
0.437899
0.259373
0.191034
0.112664
0.057651
0.185144
0.090507
0.175125
0.094806
0.147503
0.104137
0.423591
0.280241
0.100764
0.660084
0.220208
0.231004
0.240486
0.176840
0.045375
0.064119
0.626772
0.213358
0.246286
0.059077
0.082572
0.292919
0.482934
0.074123
0.304654
0.412868
0.361307
0.256200
0.249992
0.212194
0.512063
0.342365
0.305206
0.428565
0.175648
0.153832
0.174192
0.050162
0.134833
0.107050
0.073107
0.134341
0.089040
0.482484
0.236927
0.170657
0.105843
0.137898
0.050981
0.111865
0.214590
0.159934
0.162527
0.164256
0.407086
0.138012
0.116934
0.760190
0.223376
0.309668
0.241984
0.258169
0.026216
0.058719
0.549551
0.248285
0.394673
0.061237
0.144337
0.306587
0.370780
0.100141
0.399371
0.425816
0.478594
0.195161
0.222765
0.161681
0.455803
0.422185
0.389966
0.341564
0.187777
0.139345
0.173456
0.038643
0.142793
0.126051
0.203071
0.180016
0.207802
0.385400
0.218333
0.061702
0.138299
0.262649
0.138483
0.117357
0.264616
0.187981
0.129673
0.164114
0.379684
0.085946
0.016642
0.592361
0.181194
0.248124
0.111913
0.242203
0.162170
0.096666
0.514067
0.323937
0.494732
0.112359
0.294263
0.284745
0.216721
0.189438
0.502576
0.365246
0.507459
0.278995
0.228291
0.093706
0.282088
0.492149
0.316130
0.209650
0.162741
0.257083
0.098038
0.098121
0.120284
0.185117
0.226849
0.128537
0.428607
0.296974
0.268289
0.149634
0.184136
0.183062
0.011343
0.097193
0.272495
0.179221
0.106368
0.112225
0.415007
0.176092
0.091661
0.365724
0.260388
0.152330
0.080946
0.198766
0.113773
0.026939
0.550239
0.502981
0.484701
0.167654
0.360989
0.207353
0.170582
0.159112
0.478774
0.256006
0.414233
0.305519
0.246912
0.178846
0.163267
0.575051
0.355288
0.092980
0.102168
0.356245
0.086500
0.085013
0.149795
0.096554
0.213924
0.183184
0.366102
0.350873
0.273577
0.291353
0.237074
0.111267
0.176433
0.155842
0.204455
0.210717
0.140385
0.098531
0.399945
0.276040
0.091851
0.296053
0.397688
0.070174
0.178479
0.215574
0.073816
0.151471
0.507667
0.579089
0.405996
0.257499
0.407306
0.124376
0.105188
0.071253
0.338219
0.236734
0.404851
0.370473
0.251680
0.122232
0.187299
0.596212
0.473177
0.292687
0.149232
0.422095
0.132264
0.036187
0.148524
0.162087
0.228302
0.199309
0.224677
0.433949
0.207093
0.287900
0.358323
0.088453
0.214783
0.264754
0.311206
0.236356
0.205530
0.020210
0.334412
0.295627
0.022295
0.330917
0.427212
0.223504
0.212227
0.299080
0.228329
0.187461
0.338448
0.538014
0.249488
0.379702
0.420525
0.233335
0.076695
0.081338
0.231319
0.351655
0.423390
0.367949
0.200623
0.102921
0.273890
0.452289
0.470741
0.411573
0.218805
0.427976
0.118271
0.100130
0.042381
0.244711
0.283721
0.041876
0.256859
0.341026
0.139357
0.327887
0.528400
0.059132
0.189524
0.267771
0.334739
0.211473
0.239319
0.134833
0.293753
0.228725
0.052494
0.187693
0.330528
0.262016
0.219319
0.338340
0.177586
0.193383
0.192195
0.518455
0.142165
0.410860
0.459686
0.219407
0.067942
0.086408
0.111582
0.293734
0.421849
0.392594
0.191255
0.038394
0.240300
0.248025
0.380124
0.470801
0.147776
0.383056
0.165057
0.088134
0.068528
0.253895
0.397828
0.064115
0.365083
0.171742
0.207490
0.363563
0.697990
0.093487
0.211488
0.205365
0.407140
0.311076
0.351705
0.286831
0.322645
0.193270
0.051335
0.083271
0.313861
0.329794
0.226925
0.286887
0.148127
0.195459
0.142395
0.508200
0.055893
0.326051
0.536070
0.227433
0.099371
0.131604
0.055524
0.224065
0.206806
0.525554
0.185705
0.154156
0.235410
0.173560
0.432645
0.477718
0.103237
0.411140
0.198497
0.126904
0.122736
0.137771
0.455147
0.023647
0.412898
0.142175
0.348781
0.380322
0.709457
0.182123
0.289563
0.209856
0.445328
0.301227
0.456810
0.390880
0.336195
0.172166
0.129593
0.168294
0.380421
0.500799
0.324777
0.237871
0.356414
0.141820
0.164227
0.523896
0.138815
0.214865
0.629847
0.217548
0.180395
0.180870
0.252967
0.280039
0.040588
0.483004
0.221205
0.381108
0.183214
0.180190
0.554280
0.473518
0.193463
0.521458
0.133182
0.184024
0.179796
0.200553
0.411030
0.140222
0.467019
0.182931
0.410065
0.371618
0.662648
0.163986
0.324863
0.114585
0.395858
0.176382
0.387988
0.465968
0.366721
0.251386
0.196897
0.206299
0.407406
0.673355
0.348185
0.198249
0.499776
0.378339
0.141171
0.516400
0.103695
0.174633
0.587227
0.204199
0.211695
0.247636
0.366339
0.292203
0.088588
0.339100
0.236904
0.469883
0.108447
0.054302
0.516884
0.479715
0.222461
0.604677
0.092431
0.198759
0.202977
0.418495
0.344255
0.279850
0.564149
0.117511
0.316092
0.331379
0.516399
0.120309
0.300175
0.121050
0.355240
0.238927
0.251551
0.504201
0.378768
0.288115
0.188665
0.228282
0.299223
0.612742
0.202310
0.151124
0.389776
0.316035
0.023253
0.418509
0.046111
0.209914
0.442991
0.033232
0.216072
0.347817
0.232018
0.181150
0.189300
0.309868
0.342178
0.539556
0.140984
0.096334
0.325137
0.370790
0.201306
0.576588
0.160028
0.089155
0.069413
0.409047
0.302192
0.371402
0.591554
0.176552
0.221468
0.309835
0.454389
0.145241
0.155933
0.141333
0.266283
0.272003
0.275827
0.515015
0.311726
0.205232
0.168971
0.209500
0.331435
0.398074
0.189729
0.164964
0.283446
0.046116
0.142736
0.376952
0.044538
0.157688
0.379787
0.091934
0.133429
0.303280
0.252865
0.102950
0.228861
0.350479
0.360690
0.601842
0.247181
0.104487
0.262900
0.312746
0.210257
0.472283
0.318116
0.120030
0.074323
0.246086
0.281709
0.385366
0.500414
0.183358
0.221397
0.201983
0.348852
0.213460
0.034178
0.099684
0.377141
0.313619
0.390484
0.471660
0.340530
0.183460
0.177389
0.284383
0.272570
0.292405
0.250964
0.102085
0.425103
0.101068
0.272553
0.357561
0.112906
0.109379
0.447612
0.097806
0.111681
0.263445
0.237984
0.172815
0.183123
0.250687
0.285912
0.570974
0.336770
0.194085
0.225688
0.286580
0.265579
0.404946
0.373983
0.216176
0.011563
0.146620
0.258106
0.390490
0.408159
0.092112
0.304240
0.151005
0.316355
0.201014
0.031311
0.075407
0.436873
0.426570
0.457708
0.365909
0.185143
0.134051
0.229540
0.287483
0.266874
0.349270
0.286525
0.046336
0.598537
0.031962
0.232463
0.253169
0.130178
0.137381
0.509794
0.133033
0.070407
0.207487
0.045372
0.135731
0.216612
0.229333
0.244515
0.463370
0.389544
0.351566
0.145711
0.220854
0.270159
0.336305
0.277538
0.194304
0.021784
0.111865
0.238018
0.376327
0.332180
0.013936
0.341030
0.197316
0.291069
0.063480
0.154609
0.114365
0.364336
0.452765
0.407726
0.340249
0.188777
0.174326
0.214332
0.274606
0.195646
0.423559
0.220911
0.077724
0.565365
0.057371
0.173584
0.155371
0.027645
0.275705
0.375127
0.175854
0.315655
0.209255
0.216934
0.083556
0.276890
0.142883
0.277619
0.386894
0.306346
0.299506
0.077640
0.200642
0.245316
0.213502
0.157866
0.266913
0.028592
0.181838
0.231941
0.427500
0.311372
0.026532
0.390788
0.225171
0.153088
0.147820
0.135236
0.173583
0.233819
0.415592
0.427735
0.289929
0.132875
0.092750
0.162591
0.150020
0.127149
0.375342
0.156735
0.133579
0.494797
0.023090
0.144701
0.041005
0.191794
0.369100
0.240077
0.231672
0.420283
0.258364
0.405759
0.115655
0.265016
0.283669
0.288349
0.414087
0.235624
0.098797
0.056203
0.212269
0.242398
0.111652
0.137184
0.213277
0.156609
0.122484
0.151246
0.487558
0.275391
0.148067
0.347320
0.133510
0.074497
0.166130
0.130363
0.209074
0.172192
0.394789
0.394678
0.147155
0.151984
0.145902
0.134056
0.082986
0.182003
0.294563
0.190624
0.191757
0.472765
0.180727
0.055291
0.041877
0.217785
0.269127
0.166492
0.077549
0.414764
0.266990
0.326681
0.196054
0.241741
0.318566
0.300443
0.403275
0.238122
0.080333
0.161575
0.297873
0.197884
0.166533
0.214457
0.072768
0.205107
0.159050
0.149081
0.382959
0.213707
0.316495
0.246995
0.059458
0.172953
0.134817
0.209642
0.162026
0.237819
0.453452
0.301585
0.125356
0.268532
0.284343
0.183175
0.121039
0.247878
0.241397
0.304437
0.158059
0.456701
0.263520
0.049041
0.043401
0.180757
0.148318
0.254568
0.053824
0.423788
0.200416
0.318346
0.314271
0.308375
0.277433
0.306694
0.270555
0.298949
0.098863
0.153691
0.373888
0.114651
0.128233
0.248800
0.202452
0.248326
0.091644
0.204015
0.183927
0.171708
0.386239
0.162826
0.133061
0.151091
0.199443
0.309428
0.147607
0.313293
0.369730
0.157925
0.087264
0.352155
0.273452
0.215207
0.141858
0.252668
0.229903
0.381805
0.106754
0.393755
0.240321
0.103162
0.053845
0.079862
0.145998
0.340723
0.134281
0.433380
0.165327
0.387937
0.305973
0.362549
0.190227
0.327426
0.181528
0.352517
0.137687
0.148798
0.359779
0.111019
0.283647
0.255802
0.199792
0.334337
0.033055
0.304304
0.116448
0.161138
0.258649
0.140910
0.209189
0.028327
0.347707
0.389902
0.177570
0.365505
0.199726
0.062952
0.050222
0.264792
0.200516
0.144129
0.150016
0.264663
0.254325
0.420025
0.106356
0.309066
0.220775
0.138267
0.191947
0.136237
0.210629
0.240046
0.163767
0.338879
0.240776
0.422353
0.156888
0.361667
0.122076
0.270232
0.107985
0.358945
0.089005
0.249064
0.416033
0.131385
0.356428
0.165809
0.150702
0.339730
0.124594
0.318277
0.085489
0.225294
0.309440
0.094051
0.255918
0.083182
0.375615
0.424853
0.234371
0.276901
0.238625
0.006017
0.139955
0.096002
0.116472
0.220700
0.151956
0.187233
0.217662
0.341504
0.192373
0.161077
0.252811
0.091794
0.203064
0.226577
0.279836
0.043027
0.211218
0.199837
0.174537
0.306319
0.095720
0.308668
0.058650
0.405116
0.199539
0.341346
0.193209
0.299960
0.407302
0.097916
0.336251
0.140107
0.185105
0.276787
0.167901
0.145157
0.139902
0.159783
0.399153
0.034295
0.284267
0.064405
0.290240
0.419913
0.319654
0.175134
0.191598
0.017882
0.171720
0.142944
0.071256
0.389056
0.264835
0.221148
0.134446
0.399859
0.300589
0.094241
0.302684
0.190369
0.235490
0.252231
0.307420
0.115199
0.244527
0.158406
0.225937
0.312561
0.141663
0.247840
0.102079
0.398044
0.316959
0.323692
0.289573
0.160469
0.491101
0.110471
0.359000
0.127342
0.145493
0.290792
0.150760
0.052485
0.132664
0.054067
0.309933
0.056872
0.371587
0.040716
0.336339
0.378861
0.355533
0.109039
0.245832
0.092453
0.161810
0.181110
0.069321
0.443307
0.181626
0.226311
0.210289
0.485798
0.339604
0.094130
0.348736
0.329625
0.189419
0.305629
0.234378
0.227181
0.295931
0.179609
0.237934
0.240437
0.140498
0.203831
0.157786
0.304676
