# G_3, p = 0.0000 GPa (dir_0.0_bar).
# 6MR distortion Gamma = (1/2)(max - min) over the three opposite-O diagonals.
# 24 rings x 101 frames = 2424 samples.
# Column: per-6MR Gamma [A]
0.002845
0.002804
0.002990
0.003017
0.003155
0.003230
0.002653
0.002640
0.002946
0.002995
0.002843
0.002798
0.003077
0.003073
0.002754
0.002719
0.002388
0.002452
0.002363
0.002430
0.002447
0.002431
0.002422
0.002501
0.070340
0.229263
0.091990
0.063675
0.135125
0.066595
0.093097
0.123241
0.067080
0.096946
0.008751
0.119197
0.081874
0.223356
0.166235
0.079352
0.051249
0.201682
0.115928
0.164844
0.090379
0.085415
0.055739
0.051691
0.033350
0.258327
0.141863
0.063318
0.284275
0.214656
0.181661
0.188874
0.234800
0.156042
0.040593
0.215332
0.017950
0.446987
0.288622
0.110198
0.192078
0.352678
0.232527
0.287792
0.145024
0.108624
0.131276
0.046744
0.078626
0.202460
0.142068
0.111324
0.476371
0.291883
0.224844
0.255699
0.295026
0.148819
0.040830
0.212243
0.066901
0.506826
0.230846
0.125519
0.274414
0.424591
0.201345
0.336939
0.242419
0.045540
0.164487
0.019939
0.059234
0.317868
0.221274
0.084545
0.603223
0.161816
0.225803
0.250736
0.205571
0.111597
0.110378
0.119026
0.049344
0.470217
0.084073
0.150713
0.187192
0.381261
0.080832
0.303844
0.353327
0.175143
0.297423
0.142136
0.128497
0.311855
0.346059
0.040124
0.580490
0.081987
0.248809
0.310299
0.105798
0.173420
0.264518
0.104320
0.057202
0.384235
0.025940
0.149938
0.104033
0.303387
0.090917
0.165516
0.265703
0.309368
0.331378
0.231787
0.206179
0.197415
0.291790
0.015535
0.476468
0.113016
0.235914
0.375498
0.052779
0.148780
0.360262
0.173864
0.112104
0.268597
0.063341
0.152697
0.074121
0.164367
0.198714
0.077585
0.182820
0.344526
0.273013
0.152338
0.235198
0.207343
0.235605
0.111072
0.403353
0.175104
0.210981
0.384270
0.111699
0.152959
0.304263
0.165820
0.215876
0.098048
0.072843
0.163847
0.061227
0.080629
0.232297
0.092885
0.207523
0.272226
0.174631
0.092707
0.284224
0.207935
0.234417
0.194735
0.190477
0.226104
0.205485
0.279213
0.028631
0.178655
0.198191
0.106390
0.275328
0.094920
0.108436
0.169400
0.047091
0.161450
0.252796
0.126642
0.229716
0.143081
0.118950
0.342036
0.272493
0.203912
0.296225
0.191850
0.279385
0.271921
0.223909
0.118790
0.093879
0.186255
0.252358
0.077069
0.279456
0.242168
0.145497
0.173836
0.031033
0.208440
0.249769
0.147493
0.155931
0.199615
0.012201
0.426848
0.289446
0.185153
0.388154
0.247616
0.395277
0.297496
0.194996
0.234474
0.147789
0.184726
0.265738
0.085626
0.206951
0.233598
0.214802
0.101667
0.085182
0.257896
0.206205
0.231493
0.248936
0.255771
0.168499
0.343189
0.358442
0.237657
0.329406
0.209094
0.341498
0.305729
0.109078
0.249715
0.270591
0.130591
0.139608
0.060090
0.136558
0.152672
0.275202
0.080149
0.201158
0.246359
0.149504
0.315058
0.349532
0.214668
0.273304
0.204920
0.324654
0.280295
0.256796
0.154526
0.215686
0.199386
0.140551
0.163800
0.241086
0.082117
0.041612
0.127357
0.151306
0.218545
0.267931
0.114935
0.189676
0.165276
0.149506
0.278200
0.300558
0.085873
0.197689
0.182471
0.258693
0.282673
0.268781
0.062671
0.150444
0.095779
0.195515
0.085453
0.060434
0.051098
0.032958
0.200393
0.162918
0.198478
0.267397
0.113051
0.017850
0.168599
0.211313
0.171368
0.189842
0.039654
0.008643
0.212233
0.300704
0.172209
0.340784
0.022812
0.198168
0.129742
0.115311
0.065275
0.119802
0.101721
0.062033
0.253578
0.247845
0.068057
0.285827
0.041605
0.176759
0.136949
0.279027
0.117427
0.188411
0.117142
0.154604
0.249503
0.369507
0.067120
0.441838
0.026654
0.137547
0.094684
0.125986
0.061405
0.197080
0.132792
0.217421
0.214172
0.270673
0.114439
0.198954
0.113056
0.246282
0.066892
0.353818
0.179739
0.247590
0.085510
0.248226
0.229990
0.358929
0.042817
0.535281
0.053848
0.049501
0.145482
0.226182
0.054897
0.250844
0.106803
0.372698
0.082088
0.253509
0.175705
0.121387
0.282888
0.305108
0.175748
0.408101
0.237030
0.260613
0.118025
0.295309
0.110433
0.324361
0.057211
0.461111
0.057105
0.085256
0.184373
0.179434
0.110844
0.271121
0.177002
0.380719
0.212290
0.170409
0.152635
0.095110
0.369681
0.336463
0.234422
0.317516
0.163403
0.306661
0.196846
0.289085
0.079970
0.282221
0.076926
0.303593
0.182631
0.080504
0.227626
0.136680
0.221345
0.250262
0.265477
0.331814
0.212926
0.025652
0.181443
0.115041
0.341595
0.198250
0.207782
0.281085
0.040190
0.300229
0.139676
0.177648
0.148598
0.366220
0.047760
0.195518
0.279467
0.077243
0.185400
0.161858
0.256603
0.272037
0.365298
0.224867
0.167560
0.041634
0.152186
0.099914
0.241452
0.024990
0.068815
0.147702
0.158303
0.244018
0.056747
0.085560
0.099587
0.427489
0.065864
0.159328
0.316371
0.068423
0.132849
0.197685
0.174366
0.274096
0.304208
0.074962
0.174297
0.070367
0.030454
0.126606
0.144241
0.158954
0.138996
0.112170
0.128904
0.121131
0.100470
0.064032
0.040493
0.466712
0.215816
0.097419
0.299258
0.034464
0.035696
0.180657
0.115743
0.144011
0.218182
0.124206
0.193245
0.195685
0.133005
0.175976
0.151317
0.223456
0.281474
0.189433
0.101262
0.044658
0.141065
0.036988
0.105337
0.474865
0.301007
0.039902
0.206410
0.105969
0.118827
0.111272
0.220596
0.039367
0.113004
0.260969
0.178564
0.277328
0.223797
0.239999
0.180820
0.186606
0.261078
0.287485
0.071511
0.024060
0.134220
0.069992
0.146855
0.396638
0.272897
0.069972
0.141901
0.168956
0.196116
0.047729
0.284557
0.124113
0.047438
0.303051
0.187840
0.240366
0.323226
0.339251
0.181907
0.069608
0.229397
0.308643
0.029028
0.050653
0.185068
0.152022
0.249699
0.270358
0.125787
0.134773
0.129483
0.149156
0.238133
0.068743
0.228348
0.220380
0.014643
0.310987
0.113240
0.128434
0.294303
0.341296
0.105601
0.076904
0.200049
0.236283
0.162003
0.162858
0.220556
0.272006
0.273575
0.174568
0.103719
0.214875
0.151998
0.055295
0.204271
0.088792
0.094403
0.403449
0.089324
0.295731
0.040308
0.100115
0.209526
0.212599
0.099532
0.142612
0.188391
0.092843
0.206831
0.215796
0.180355
0.408211
0.254069
0.200931
0.195251
0.307818
0.104423
0.096844
0.076584
0.111086
0.138274
0.478215
0.141543
0.306767
0.254910
0.103747
0.169269
0.087726
0.183947
0.093775
0.169884
0.061485
0.173279
0.200579
0.110232
0.397514
0.300497
0.223658
0.252797
0.328196
0.181773
0.241261
0.170197
0.167315
0.237015
0.350157
0.113126
0.245538
0.487863
0.068073
0.069362
0.150458
0.177684
0.055822
0.116571
0.193363
0.159284
0.179812
0.082490
0.253207
0.255327
0.133323
0.274786
0.265598
0.299321
0.291973
0.299256
0.213795
0.264763
0.213015
0.226988
0.133051
0.578521
0.047676
0.033363
0.297349
0.113192
0.067720
0.102021
0.273530
0.193213
0.098581
0.078228
0.122462
0.085793
0.070226
0.254574
0.168662
0.316004
0.179301
0.367076
0.264597
0.198539
0.179044
0.347313
0.056315
0.430241
0.031812
0.167994
0.368133
0.137190
0.083698
0.081865
0.248727
0.280129
0.129780
0.069906
0.134938
0.074426
0.174125
0.183338
0.092911
0.226058
0.130266
0.425504
0.242650
0.071610
0.218152
0.377889
0.057605
0.195089
0.085844
0.276087
0.344592
0.150438
0.115383
0.083322
0.169583
0.297352
0.189038
0.106772
0.043992
0.117380
0.258854
0.136046
0.064456
0.091181
0.175275
0.421608
0.195207
0.063352
0.229538
0.342076
0.060527
0.071025
0.144324
0.359058
0.289027
0.150922
0.148590
0.129259
0.107335
0.207989
0.161671
0.155021
0.121118
0.225653
0.283904
0.122764
0.054079
0.100710
0.179949
0.393960
0.147742
0.098168
0.217791
0.275755
0.046603
0.124827
0.184087
0.341413
0.265288
0.114214
0.164786
0.133397
0.033054
0.057225
0.132651
0.242789
0.107603
0.290020
0.217786
0.072673
0.118607
0.152267
0.111000
0.462765
0.170118
0.138010
0.152674
0.196800
0.126620
0.169399
0.116569
0.214651
0.153825
0.044858
0.052039
0.141483
0.109598
0.147825
0.093268
0.273023
0.091997
0.265002
0.153651
0.002081
0.171454
0.116494
0.061793
0.480254
0.223963
0.142114
0.157948
0.177624
0.184161
0.209345
0.059898
0.270615
0.024582
0.057485
0.180513
0.186732
0.123273
0.142447
0.089233
0.227420
0.103740
0.171720
0.184472
0.095225
0.131009
0.116919
0.179780
0.511232
0.294312
0.151772
0.158528
0.217372
0.230142
0.320467
0.062601
0.322761
0.212013
0.161053
0.192125
0.271321
0.111020
0.160243
0.165082
0.244197
0.044601
0.025178
0.123497
0.106852
0.111873
0.147759
0.265574
0.381806
0.312067
0.248326
0.141212
0.237640
0.253141
0.406312
0.013631
0.289419
0.366359
0.297659
0.126771
0.307236
0.089081
0.249935
0.212234
0.188672
0.186074
0.204546
0.080893
0.197315
0.242629
0.112132
0.351051
0.106380
0.282364
0.392981
0.151918
0.131193
0.228702
0.375521
0.077698
0.116389
0.376329
0.300660
0.092147
0.272467
0.027704
0.275812
0.272656
0.028579
0.147175
0.289057
0.143577
0.270170
0.299633
0.032781
0.401652
0.098559
0.276454
0.364415
0.165463
0.155989
0.174033
0.197030
0.096165
0.142910
0.271403
0.241114
0.099606
0.147905
0.048459
0.221360
0.325985
0.157445
0.082918
0.224850
0.151902
0.240431
0.312390
0.099314
0.278745
0.246837
0.180793
0.232256
0.147806
0.223574
0.112556
0.125178
0.092517
0.241127
0.196411
0.185823
0.119540
0.060078
0.065189
0.150687
0.297243
0.192174
0.113902
0.162646
0.182664
0.168778
0.277289
0.232804
0.200641
0.365532
0.079431
0.114890
0.051963
0.175111
0.086691
0.223743
0.161143
0.215673
0.169984
0.068015
0.130270
0.082664
0.126738
0.063121
0.132938
0.284851
0.034808
0.159300
0.234877
0.209248
0.230446
0.196887
0.085493
0.482818
0.074754
0.105371
0.088766
0.170632
0.159348
0.208348
0.245790
0.111325
0.145516
0.166489
0.160301
0.115738
0.202785
0.092944
0.066688
0.306573
0.070299
0.184544
0.288056
0.341384
0.223288
0.121487
0.117827
0.454292
0.122465
0.078258
0.203987
0.184850
0.221674
0.163285
0.228378
0.034767
0.146990
0.292824
0.150291
0.095898
0.208269
0.174931
0.176595
0.168786
0.026352
0.233195
0.260396
0.335527
0.150913
0.081760
0.189214
0.288127
0.142710
0.115474
0.293211
0.114572
0.186874
0.076408
0.187014
0.098443
0.108927
0.292719
0.070192
0.195729
0.124613
0.173857
0.260255
0.148784
0.026090
0.223111
0.150777
0.161353
0.104632
0.157456
0.242934
0.126573
0.221958
0.123478
0.278201
0.120071
0.141002
0.075404
0.173874
0.095586
0.061225
0.253506
0.091495
0.324392
0.033075
0.131779
0.259821
0.247021
0.051709
0.256641
0.100457
0.080588
0.232962
0.216164
0.279010
0.090321
0.322828
0.195552
0.201548
0.216374
0.068675
0.129963
0.104578
0.051031
0.080781
0.280017
0.097975
0.371708
0.108738
0.117511
0.191607
0.240323
0.036614
0.320179
0.127870
0.141528
0.280646
0.189912
0.316983
0.130031
0.328466
0.258206
0.135325
0.088852
0.101098
0.109653
0.073940
0.110381
0.150098
0.271019
0.042685
0.361305
0.191079
0.154849
0.115253
0.186357
0.109096
0.285927
0.210485
0.169785
0.137674
0.092447
0.220219
0.174066
0.232209
0.242963
0.128695
0.069648
0.200649
0.042397
0.033361
0.183418
0.117824
0.170818
0.125461
0.336716
0.284945
0.126611
0.086462
0.082784
0.085243
0.122974
0.230843
0.213192
0.033129
0.047901
0.242032
0.136431
0.142153
0.179544
0.156990
0.137630
0.235896
0.129066
0.068320
0.259824
0.082659
0.271295
0.182040
0.196776
0.313943
0.015214
0.065570
0.153520
0.108858
0.123936
0.243175
0.325653
0.034571
0.001903
0.273525
0.195952
0.113183
0.144132
0.193652
0.116139
0.237479
0.215070
0.065655
0.244252
0.094158
0.437746
0.191655
0.113839
0.220466
0.173116
0.095018
0.349422
0.158413
0.270982
0.295023
0.318396
0.037845
0.110931
0.217710
0.229709
0.162914
0.072690
0.175008
0.067557
0.285969
0.219920
0.154466
0.217663
0.081505
0.497477
0.207347
0.233864
0.105665
0.205389
0.168267
0.462339
0.188540
0.327794
0.270338
0.233516
0.115902
0.231890
0.184345
0.167962
0.210149
0.032347
0.086222
0.081079
0.212953
0.199496
0.170868
0.155889
0.047991
0.420698
0.197436
0.238483
0.036399
0.204320
0.158476
0.430553
0.145417
0.246788
0.291133
0.195333
0.126652
0.286274
0.179633
0.103209
0.350363
0.160572
0.222133
0.108799
0.062595
0.234067
0.216226
0.067866
0.026811
0.196472
0.091651
0.158805
0.070907
0.232938
0.130956
0.332635
0.037481
0.099177
0.294414
0.183233
0.070503
0.287983
0.251174
0.046248
0.476510
0.245132
0.279205
0.032765
0.157397
0.161387
0.219401
0.091400
0.057428
0.205489
0.032644
0.107924
0.194589
0.223251
0.186058
0.256596
0.105247
0.105346
0.243113
0.042153
0.013138
0.214936
0.317488
0.110226
0.405894
0.200938
0.245786
0.148472
0.225493
0.047785
0.180393
0.109723
0.048206
0.402759
0.060794
0.169495
0.269120
0.232527
0.176876
0.189121
0.076977
0.116948
0.216412
0.124153
0.169897
0.060525
0.326331
0.237265
0.282786
0.116840
0.196750
0.150937
0.268490
0.261055
0.109955
0.145439
0.021686
0.526660
0.088388
0.172200
0.305571
0.149588
0.186090
0.227833
0.032517
0.065275
0.137686
0.272793
0.226121
0.159962
0.319634
0.263973
0.286463
0.060059
0.198103
0.166132
0.157432
0.345246
0.053103
0.199806
0.093373
0.518073
0.070032
0.213050
0.352435
0.144436
0.202536
0.157856
0.092395
0.136542
0.055508
0.355923
0.148185
0.285819
0.221509
0.209940
0.346519
0.097990
0.224522
0.229432
0.079127
0.341666
0.021229
0.217969
0.117797
0.503160
0.096510
0.285150
0.352306
0.141520
0.154798
0.054692
0.149473
0.023095
0.230342
0.281079
0.116511
0.316529
0.096614
0.212882
0.424218
0.054599
0.165513
0.229269
0.057342
0.349348
0.035310
0.170363
0.114897
0.401228
0.200307
0.261414
0.275652
0.152038
0.086513
0.084389
0.174546
0.175432
0.351950
0.170945
0.106416
0.347820
0.100258
0.196114
0.334876
0.183223
0.122475
0.103626
0.099573
0.288797
0.014619
0.088578
0.078400
0.189862
0.211188
0.116293
0.225358
0.201132
0.107017
0.110826
0.218226
0.213494
0.370927
0.080623
0.203688
0.349929
0.279864
0.135298
0.334312
0.313412
0.134127
0.170250
0.066231
0.277231
0.078552
0.073680
0.070682
0.066978
0.172351
0.054587
0.137760
0.224167
0.048453
0.155064
0.272829
0.083375
0.307891
0.029874
0.300872
0.259322
0.395471
0.079548
0.291026
0.300073
0.167362
0.196416
0.068196
0.222972
0.126645
0.121775
0.113798
0.175599
0.099572
0.147311
0.077484
0.239436
0.110404
0.163281
0.226817
0.105945
0.223150
0.129746
0.224928
0.220356
0.396382
0.093114
0.248139
0.348927
0.263810
0.198214
0.187071
0.133961
0.272539
0.174890
0.194559
0.197405
0.230935
0.192249
0.026906
0.213667
0.231308
0.166205
0.148495
0.218093
0.155594
0.317226
0.114206
0.097605
0.319017
0.188009
0.240362
0.309152
0.374111
0.257485
0.168700
0.052494
0.309200
0.176898
0.216095
0.199129
0.262773
0.149706
0.172306
0.174499
0.281519
0.298580
0.238241
0.275857
0.035392
0.513798
0.133870
0.043863
0.139936
0.207523
0.243957
0.314058
0.341978
0.214183
0.090511
0.058293
0.238877
0.158440
0.290408
0.171659
0.245294
0.055055
0.268085
0.151587
0.252575
0.327785
0.280435
0.191711
0.059811
0.576852
0.067249
0.031843
0.076749
0.096112
0.186850
0.326965
0.193888
0.113002
0.071982
0.124996
0.194260
0.101439
0.352190
0.141950
0.162302
0.003367
0.312567
0.113988
0.142836
0.119256
0.365085
0.011828
0.041884
0.436189
0.174732
0.029543
0.073319
0.206873
0.147491
0.293637
0.073393
0.159438
0.102601
0.203375
0.232662
0.051470
0.268381
0.064513
0.210391
0.018908
0.279950
0.055046
0.020684
0.115364
0.385629
0.220082
0.004518
0.175483
0.245757
0.053023
0.078979
0.364786
0.091020
0.217008
0.081401
0.171226
0.199524
0.282043
0.150765
0.068728
0.062834
0.160480
0.251141
0.093102
0.232733
0.099163
0.125626
0.268002
0.225153
0.274119
0.130453
0.066506
0.242196
0.072360
0.093484
0.282946
0.213537
0.115048
0.078072
0.095808
0.293101
0.299809
0.264453
0.058138
0.259769
0.255659
0.209559
0.187714
0.233281
0.252668
0.158573
0.365396
0.057297
0.257911
0.334747
0.166225
0.202977
0.172081
0.139624
0.123080
0.334970
0.095346
0.077090
0.106348
0.292765
0.266341
0.412660
0.047977
0.387408
0.262097
0.151985
0.270245
0.272664
0.279536
0.161948
0.378742
0.184414
0.152233
0.380459
0.233860
0.207961
0.221369
0.212555
0.015814
0.328085
0.220494
0.103543
0.193995
0.215856
0.211102
0.502492
0.118612
0.376017
0.133949
0.139315
0.313595
0.208801
0.143463
0.065151
0.283097
0.395047
0.075500
0.328904
0.287495
0.224742
0.280059
0.326750
0.123737
0.301712
0.324446
0.165399
0.187249
0.114406
0.171287
0.365425
0.230664
0.380601
0.102500
0.123804
0.284720
0.160669
0.033546
0.115948
0.224026
0.453176
0.078832
0.328752
0.293431
0.284677
0.300075
0.388974
0.154251
0.289984
0.364840
0.144668
0.088712
0.135863
0.227847
0.041631
0.233978
0.348959
0.209498
0.245663
0.153847
0.147871
0.099454
0.143796
0.259235
0.348898
0.086535
0.309814
0.208300
0.282930
0.193660
0.307015
0.139187
0.261983
0.304301
0.145849
0.073513
0.244623
0.240163
0.225781
0.178215
0.249205
0.184846
0.393638
0.155387
0.144083
0.228517
0.107601
0.258445
0.220642
0.185299
0.217879
0.125665
0.198146
0.121055
0.161927
0.185746
0.235979
0.206939
0.161855
0.097550
0.369097
0.301215
0.374626
0.257236
0.156900
0.105337
0.342307
0.205140
0.107370
0.247392
0.035678
0.214615
0.082196
0.303293
0.088909
0.071554
0.162429
0.223007
0.041080
0.178964
0.388363
0.126655
0.238951
0.037792
0.417441
0.395481
0.323031
0.295401
0.104965
0.117765
0.263595
0.199724
0.146666
0.190649
0.120147
0.215479
0.103127
0.306984
0.096209
0.117808
0.232222
0.240069
0.228140
0.079970
0.368892
0.120773
0.284306
0.019145
0.386574
0.400779
0.128793
0.264242
0.113618
0.219299
0.195902
0.174007
0.303345
0.102214
0.132054
0.413175
0.128083
0.241037
0.248284
0.170548
0.381905
0.228470
0.283681
0.090413
0.293601
0.155895
0.208350
0.112435
0.311643
0.339100
0.089760
0.155577
0.044225
0.303246
0.160787
0.134712
0.355692
0.006551
0.049151
0.420881
0.021082
0.114481
0.276824
0.153626
0.429715
0.127439
0.190874
0.129332
0.160832
0.096812
0.167816
0.174809
0.265773
0.230937
0.181914
0.190611
0.109545
0.329179
0.092722
0.181936
0.258220
0.093455
0.058887
0.345220
0.060341
0.145768
0.209893
0.106785
0.323204
0.037104
0.106531
0.194964
0.093920
0.042102
0.196436
0.093663
0.204080
0.102089
0.161965
0.406787
0.194310
0.231569
0.075018
0.345643
0.043470
0.150745
0.051742
0.305185
0.059650
0.250870
0.256510
0.110854
0.175476
0.004961
0.015387
0.335720
0.133742
0.114092
0.148277
0.063513
0.237478
0.215947
0.173176
0.485778
0.219679
0.053523
0.079570
0.377502
0.164481
0.128176
0.183376
0.202395
0.150985
0.291289
0.245267
0.152099
0.049694
0.037503
0.149297
0.432233
0.098571
0.159160
0.031623
0.121471
0.166979
0.310586
0.168484
0.360199
0.250614
0.270771
0.135639
0.292125
0.218395
0.103961
0.238924
0.077969
0.159028
0.243905
0.130948
0.221445
0.106234
0.039537
0.267307
0.352239
0.060117
0.150682
0.181121
0.168333
0.204299
0.288998
0.139995
0.258590
0.261906
0.326416
0.166130
0.193843
0.250019
0.123310
0.257041
0.091651
0.131877
0.127103
0.108526
0.168875
0.292073
0.106075
0.284680
0.189219
0.092617
0.153174
0.273587
0.198399
0.378318
0.373613
0.111023
0.213514
0.268311
0.392194
0.169889
0.162025
0.265857
0.156087
0.253318
0.199988
0.035235
0.212446
0.156538
0.017214
0.440517
0.162201
0.194456
0.102433
0.110526
0.206876
0.345516
0.197625
0.471971
0.402081
0.112209
0.191021
0.219903
0.363273
0.203652
0.179178
0.219010
0.206073
0.240630
0.251772
0.179274
0.193856
0.174954
0.094681
0.431620
0.221525
0.064981
0.150880
0.135890
0.143876
0.436090
0.181484
0.425357
0.306213
0.161542
0.175870
0.153948
0.214646
0.206478
0.209364
0.127116
0.221207
0.153862
0.250569
0.249249
0.253393
0.183232
0.190309
0.344333
0.254139
0.127580
0.112682
0.151455
0.076722
0.389729
0.237109
0.324864
0.157549
0.260691
0.088848
0.259412
0.117530
0.145182
0.219534
0.075001
0.132069
0.161173
0.201728
0.247456
0.291695
0.101175
0.340629
0.445925
0.141485
0.291095
0.141409
0.174478
0.208651
0.209450
0.196178
0.232788
0.086986
0.394823
0.162328
0.336379
0.089639
0.096868
0.171192
0.059543
0.133110
0.244368
0.134268
0.187135
0.254622
0.063658
0.427154
0.347271
0.122838
0.351936
0.257413
0.123562
0.239137
0.041776
0.164497
0.199145
0.023167
0.368035
0.297094
0.291841
0.100468
0.129818
0.198960
0.034507
0.203195
0.334797
0.113098
0.120505
0.218289
0.220011
0.451516
0.095832
0.240047
0.286640
0.321736
0.142058
0.200057
0.125876
0.193022
0.174890
0.162019
0.190900
0.231194
0.292067
0.156731
0.232805
0.224588
0.157162
0.189159
0.308084
0.086184
0.176533
0.170801
0.224685
0.345321
0.130329
0.361508
0.167188
0.314129
0.155681
0.147170
0.229095
0.197596
0.178924
0.256233
0.055778
0.052202
0.315734
0.115435
0.271397
0.213961
0.352991
0.136475
0.199019
0.076673
0.273800
0.060408
0.218064
0.135028
0.197525
0.319760
0.117861
0.286800
0.015298
0.168545
0.246425
0.280857
0.189673
0.284250
0.232073
0.116419
0.315802
0.124112
0.167241
0.254309
0.392758
0.150393
0.254774
0.150107
0.276545
0.138196
0.206215
0.134479
0.283927
0.204121
0.052407
0.221692
0.159914
0.179374
0.183365
0.352680
0.128695
0.242036
0.294310
0.201556
0.352506
0.268362
0.091656
0.238428
0.259581
0.292200
0.237141
0.193403
0.286097
0.180898
0.134417
0.202682
0.308614
0.190756
0.105506
0.130157
0.082234
0.160145
0.156443
0.279410
0.235830
0.165391
0.337158
0.149018
0.312684
0.409673
0.065736
0.110565
0.232189
0.365631
0.271520
0.231752
0.381511
0.207709
0.054270
0.279393
0.216330
0.230515
0.064164
0.169277
0.068039
0.042602
0.214922
0.138604
0.364641
0.101714
0.312889
0.113678
0.225412
0.429652
0.045038
0.016965
0.304924
0.277785
0.267952
0.321956
0.311411
0.163910
0.043809
0.242878
0.145419
0.203793
0.111401
0.298098
0.014201
0.131912
0.252479
0.043063
0.455391
0.031540
0.224344
0.217393
0.092217
0.432148
0.121560
0.036184
0.337277
0.170392
0.137271
0.304624
0.130918
0.170035
0.095935
0.145174
0.106141
0.196359
0.212226
0.220914
0.096553
0.276606
0.234856
0.066533
0.477317
0.144555
0.160700
0.311343
0.056596
0.409733
0.194816
0.093505
0.253415
0.084491
0.024523
0.249991
0.133780
0.222991
0.119734
0.084549
0.042911
0.160004
0.350805
0.089181
0.182333
0.401613
0.125716
0.079117
0.363576
0.300307
0.117171
0.312662
0.168971
0.327028
0.184122
0.150766
0.186884
0.009954
0.025663
0.249974
0.342914
0.254412
0.161915
0.069953
0.127159
0.139487
0.334278
0.159277
0.244498
0.487754
0.053426
0.097182
0.147049
0.345229
0.155380
0.221804
0.183927
0.212558
0.175767
0.166265
0.271425
0.163528
0.064801
0.179396
0.399192
0.233185
0.123769
0.059027
0.221813
0.136216
0.111616
0.207254
0.370004
0.458082
0.103874
0.124237
0.056077
0.307562
0.196661
0.181003
0.166742
0.106901
0.155234
0.130534
0.373606
0.225747
0.182597
0.046796
0.344319
0.182261
0.103355
0.072205
0.322408
0.137415
0.163144
0.205175
0.483364
0.302896
0.115316
0.172023
0.221184
0.217999
0.131173
0.159380
0.182589
0.092558
0.142843
0.048744
0.534169
0.182409
0.191785
0.268349
0.339157
0.150562
