# G_4, p = 2.0000 GPa (dir_20000.0_bar).
# D8R-only: 48 rings x 101 frames = 4848 samples.
# Column: per-D8R Delta [A]
2.040472
1.978874
1.887818
2.050695
2.040478
1.978866
1.887824
2.050669
2.040487
1.978904
1.887863
2.050692
2.040508
1.978880
1.887849
2.050684
2.040490
1.978817
1.887792
2.050652
2.040484
1.978820
1.887772
2.050657
2.040505
1.978832
1.887807
2.050646
2.040496
1.978849
1.887797
2.050642
2.040498
1.978783
1.887685
2.050583
2.040507
1.978759
1.887687
2.050590
2.040513
1.978738
1.887671
2.050574
2.040501
1.978753
1.887684
2.050590
2.027766
2.001111
1.780686
2.151378
2.062741
2.005597
1.966352
2.084205
2.052495
1.955389
1.913731
2.055789
2.079161
1.929903
1.823756
1.970780
2.071386
2.084814
1.974750
2.037438
2.030642
1.940879
2.199970
2.110586
2.025701
1.999387
1.936479
1.987283
1.943665
2.002588
1.975223
1.876522
2.041162
2.037957
1.756492
2.093335
2.126115
1.853051
1.817967
2.155897
2.120626
1.885490
1.944550
2.071820
1.891194
2.013544
1.907037
2.082928
2.166332
1.965970
1.665992
2.047250
2.180110
1.949641
1.987196
2.158670
2.010314
1.917514
1.972397
2.018292
2.101535
1.945393
1.766500
2.083860
2.024732
2.093638
1.848338
1.879533
1.983270
1.919877
2.203250
2.151100
2.008211
1.873611
1.922548
1.802265
1.767368
2.085524
1.876833
1.762187
2.088710
1.950798
1.582734
2.068383
2.181395
1.737472
1.740896
2.266809
2.040063
1.868089
1.954588
2.167111
1.838948
1.992428
2.084228
2.183518
2.167449
1.980822
1.718399
1.859220
2.269174
1.859866
1.976230
2.187969
1.895558
1.865781
1.882572
2.034628
2.046012
1.926560
1.723606
2.083657
2.042552
2.048666
1.759295
1.820894
1.940596
1.948987
2.008817
2.103343
1.878770
1.718727
1.966610
1.698349
1.690223
2.115836
1.730623
1.748641
2.123105
1.936216
1.458002
2.116266
2.214542
1.656063
1.707536
2.349946
1.949971
1.936329
1.898326
2.230620
1.848761
1.875641
2.168248
2.197183
2.042372
2.014864
1.795156
1.691324
2.196902
1.788085
1.985349
2.138204
1.849190
1.811043
1.768564
2.133142
2.049792
1.910654
1.654791
1.999946
2.067433
2.088594
1.776519
1.863274
1.864771
1.820328
1.967409
2.001265
1.715091
1.717940
1.976465
1.830767
1.794534
2.102736
1.710101
1.853685
2.070036
2.020337
1.420214
2.049734
2.270059
1.733821
1.698400
2.436832
1.936105
1.930034
1.915538
2.151769
1.958935
1.830871
2.133445
2.128395
2.039637
1.961988
1.753859
1.595974
2.131610
1.753033
2.075717
2.058700
1.828828
1.848079
1.841314
2.116553
2.050571
1.935713
1.751476
1.984719
2.010782
2.102452
1.809899
1.900602
1.867628
1.693070
1.965940
1.988318
1.755907
1.674087
1.914366
1.880515
1.857252
2.094385
1.798500
1.917010
1.959106
2.009573
1.400048
2.063812
2.155870
1.782879
1.757249
2.325266
1.845483
1.952118
1.858249
2.127476
1.930309
1.822065
2.131643
2.121651
2.055303
1.914523
1.618483
1.669219
2.133547
1.726289
2.118036
2.089476
1.728763
1.830664
1.982164
1.985642
2.039299
1.965231
1.810427
2.010438
2.101537
2.027555
1.852070
1.823173
1.995445
1.774745
1.834445
1.993180
1.816235
1.704815
1.892486
1.764056
1.853252
2.113334
1.842498
1.904955
1.965279
1.938556
1.415253
2.156950
2.080190
1.768818
1.852687
2.205332
1.785477
1.908452
1.871836
2.068847
1.840507
1.811338
2.202617
2.205952
1.962286
1.862187
1.480719
1.698906
2.095984
1.786466
2.029000
2.053342
1.695206
1.713079
2.108118
1.976624
2.040715
1.941021
1.759759
1.874144
2.188925
1.976394
1.975419
1.820578
2.101322
1.861369
1.794956
1.906273
1.826148
1.759048
1.885732
1.716027
1.837369
2.132862
1.732287
1.883792
1.962389
1.970642
1.454586
2.224135
2.108928
1.801825
1.862141
2.197427
1.854723
1.826089
1.947614
1.989420
1.977374
1.787554
2.117833
2.230307
1.962592
1.827497
1.373751
1.711073
2.037605
1.762698
1.966345
2.017135
1.792342
1.725829
2.061255
2.034726
1.940225
1.886132
1.741558
1.824944
2.138817
1.949615
2.023539
1.886583
2.033651
1.841183
1.822479
1.879997
1.818979
1.763484
1.855043
1.723504
1.756168
1.990894
1.546964
1.822745
2.022647
2.038678
1.459939
2.250809
2.025780
1.889229
1.855572
2.182162
2.039800
1.711035
2.023090
2.060153
2.140870
1.765896
2.058374
2.222690
2.020431
1.726930
1.338832
1.833656
1.982760
1.743259
1.929607
1.971242
1.891394
1.779271
2.002444
2.086200
1.793181
1.902405
1.773403
1.957041
2.082891
1.806613
1.975255
1.885946
1.856098
1.857580
1.739456
1.872381
1.840528
1.684939
1.694671
1.755331
1.692511
1.839639
1.476809
1.846745
2.001464
1.907906
1.510539
2.201099
1.891992
2.009520
1.797151
2.024204
1.985330
1.701601
1.891195
2.104860
2.285902
1.769424
2.062517
2.134294
1.891236
1.696090
1.379850
1.922909
1.844515
1.672328
1.983364
1.964686
1.934406
1.714157
1.894681
2.090693
1.861687
1.798833
1.751300
2.013358
1.982223
1.820361
1.915457
1.949989
1.885455
1.990420
1.626522
1.831211
1.837283
1.639994
1.551657
1.830304
1.731357
1.764685
1.596297
1.911760
2.087629
1.699790
1.541654
2.208028
1.929771
2.114335
1.732042
1.925495
1.967216
1.781714
1.721617
2.028186
2.287036
1.866254
2.082699
2.021531
1.753203
1.716923
1.540584
1.867189
1.694921
1.784633
1.949717
2.066881
1.913674
1.717949
1.741994
2.119480
1.845203
1.797138
1.653821
1.912949
1.901143
1.856493
1.896132
2.066542
1.906579
2.039737
1.654408
1.784115
1.874654
1.626192
1.413878
1.940918
1.814184
1.697322
1.602294
1.851064
2.064172
1.593470
1.566037
2.032177
1.932199
2.106044
1.660053
1.786247
2.027849
1.828846
1.647421
1.891286
2.210100
1.916022
2.035727
1.876903
1.849655
1.790062
1.632287
1.830896
1.753378
1.976757
1.802717
2.001618
2.019167
1.745629
1.621523
2.024606
1.773389
1.830956
1.580997
1.911908
1.880776
1.734303
1.760573
1.982800
1.806433
2.004189
1.702400
1.812370
1.912605
1.651915
1.321899
1.997551
1.851312
1.597659
1.524261
1.836787
2.011467
1.547615
1.590678
1.778192
1.855692
2.067537
1.580689
1.657796
2.109381
1.783277
1.644336
1.908433
2.138490
1.953872
1.931181
1.889334
1.845257
1.922269
1.677876
1.864909
1.797256
2.002790
1.684379
1.793867
2.017583
1.750205
1.517075
1.873998
1.801998
1.757075
1.631511
1.898279
1.999494
1.573961
1.625141
1.906892
1.849135
1.979125
1.657545
1.798351
1.878279
1.717354
1.164987
2.050765
1.859432
1.609663
1.488196
1.802119
1.955713
1.544062
1.654893
1.649739
1.768814
2.014999
1.469134
1.566765
2.149171
1.841688
1.607727
2.030103
2.113156
1.775118
1.855784
1.850145
1.692833
1.941906
1.819968
1.977415
1.698544
2.045947
1.585115
1.643697
1.907064
1.592287
1.420720
1.867545
1.882322
1.719886
1.684317
1.828901
2.035774
1.525722
1.630885
1.905059
1.952667
1.947208
1.652515
1.739664
1.858509
1.712050
1.084879
2.033391
1.934338
1.699238
1.545303
1.861379
1.949172
1.593853
1.686879
1.654399
1.907282
1.857823
1.503648
1.682639
2.169111
1.887230
1.631525
1.936554
2.073531
1.658690
1.753108
1.732097
1.704180
1.871438
2.001463
1.974549
1.649869
2.045005
1.639783
1.638080
1.744529
1.592872
1.403843
1.859751
1.986288
1.803866
1.743786
1.882627
1.991103
1.496056
1.660005
2.002034
1.869041
1.880175
1.678892
1.789158
1.964717
1.695827
1.110364
2.009506
2.001264
1.661588
1.575267
1.923171
2.036945
1.590089
1.677832
1.633074
1.983401
1.779678
1.584257
1.879426
2.100716
1.919740
1.642745
1.883893
2.087820
1.750938
1.634629
1.676063
1.743289
1.785331
2.008580
2.057297
1.692908
1.973392
1.652094
1.591703
1.794312
1.833473
1.407318
1.888964
2.013803
1.881838
1.720108
1.967009
2.072175
1.540346
1.563222
2.017708
1.772201
1.852471
1.688214
1.812684
2.049716
1.646498
1.276605
2.059154
2.077750
1.634156
1.600750
2.015701
2.085366
1.527761
1.755876
1.650734
1.935463
1.799580
1.528967
1.936748
2.017359
1.878197
1.593181
1.934067
2.058715
1.829584
1.616499
1.696475
1.669630
1.636501
1.967852
2.069589
1.679162
1.856398
1.502789
1.758249
1.904685
1.977967
1.344939
1.851914
2.074637
1.856579
1.672172
1.811998
2.182445
1.568067
1.483424
2.011922
1.843731
1.833493
1.649970
1.786413
2.013030
1.685285
1.392961
2.142304
2.139216
1.692572
1.708360
1.993155
2.090537
1.506588
1.862175
1.781450
1.932468
1.769552
1.468865
1.904182
1.932183
1.842051
1.527210
1.883610
1.945935
1.839675
1.558677
1.764640
1.679901
1.513072
2.005380
1.951997
1.720807
1.787508
1.337684
1.978767
1.972790
2.001574
1.244008
1.911693
2.044473
1.702709
1.714098
1.799582
2.018437
1.718692
1.529890
1.976752
1.853741
1.690477
1.582695
1.769562
1.985824
1.709832
1.465561
2.058774
2.129676
1.747239
1.778460
1.954048
2.003026
1.610992
1.924559
1.891337
1.939154
1.711331
1.589556
1.906842
1.782428
1.818362
1.472743
1.851860
1.820594
1.738374
1.454073
1.883260
1.866211
1.451556
1.937025
1.852710
1.823910
1.764512
1.282412
2.063487
1.916511
2.046922
1.239326
1.891554
1.978124
1.624381
1.770243
1.935585
1.862885
1.773224
1.573097
1.907473
1.809315
1.552334
1.559282
1.821941
1.954040
1.744741
1.515711
1.907059
2.041384
1.747307
1.678707
1.982011
1.897768
1.700548
1.935296
1.869071
1.862237
1.709923
1.741343
1.916779
1.633927
1.727585
1.387170
1.835917
1.804634
1.702617
1.390830
2.008865
1.998972
1.544957
1.744637
1.917708
1.979840
1.697700
1.287964
1.983938
1.883494
2.041596
1.273494
1.785786
1.958316
1.464280
1.791914
1.935257
1.891439
1.716401
1.522869
1.810513
1.894834
1.541496
1.635653
1.901837
1.831616
1.667602
1.630433
1.855757
1.941313
1.793040
1.630566
1.994131
1.705396
1.796405
1.902919
1.899146
1.727065
1.761213
1.674883
1.950661
1.643462
1.628830
1.364130
1.827317
1.820770
1.728551
1.367821
1.932806
1.973642
1.682510
1.649324
1.861640
1.870283
1.517458
1.365879
1.950843
1.895259
1.924761
1.245830
1.854102
1.973941
1.341101
1.789701
1.907615
1.804039
1.697896
1.456747
1.843126
1.910529
1.580167
1.621113
1.929466
1.772214
1.636178
1.753656
1.923532
1.890171
1.913827
1.686506
1.947878
1.710014
1.864264
1.823173
1.984595
1.622083
1.797349
1.516600
1.945048
1.676880
1.641092
1.445939
1.755111
1.754650
1.673281
1.358253
1.733704
2.071915
1.706982
1.710744
1.699300
1.898228
1.503461
1.430795
2.021682
1.796637
1.881343
1.257266
1.970429
1.961526
1.414383
1.835769
2.000719
1.657095
1.796334
1.465108
1.954735
1.940521
1.616234
1.565659
1.915160
1.846196
1.579727
1.898536
1.796749
1.822675
2.033410
1.773023
2.024613
1.748585
1.901638
1.796500
2.053902
1.716443
1.709140
1.604272
1.988282
1.678023
1.667586
1.526244
1.721421
1.734086
1.682121
1.326228
1.684568
2.183915
1.695277
1.722657
1.740633
1.962459
1.532370
1.538026
2.080632
1.629073
1.945817
1.359806
1.925749
1.914333
1.646846
1.794278
1.976827
1.588618
1.860099
1.486233
2.060312
1.958407
1.591445
1.470217
1.959298
1.955406
1.614989
1.904506
1.836578
1.764855
2.076308
1.836810
2.078904
1.710522
1.896135
1.862531
2.150330
1.893083
1.613468
1.727099
1.917624
1.700879
1.647391
1.519381
1.864693
1.722730
1.747443
1.317334
1.739312
2.189212
1.768604
1.672787
1.814143
1.916539
1.604810
1.542541
2.051711
1.636180
1.944173
1.514513
1.946990
2.045580
1.776446
1.701629
1.913416
1.627445
1.938330
1.453837
1.979545
2.028752
1.538694
1.562091
2.060888
2.043605
1.681826
1.928186
1.984224
1.834239
2.144796
1.955132
2.042857
1.701637
1.859910
1.853788
2.115832
1.954228
1.602092
1.686156
1.870483
1.764826
1.656533
1.556975
1.996329
1.776254
1.795465
1.421358
1.822409
2.119280
1.867747
1.585688
1.827311
1.859687
1.677415
1.580976
1.986482
1.769958
1.792697
1.671829
1.999446
2.104680
1.760247
1.647435
1.891080
1.720101
1.890314
1.465593
2.030360
2.015631
1.614811
1.700039
2.111911
2.073683
1.824529
1.988836
1.915301
1.922303
2.143987
1.947726
1.991102
1.800973
1.870907
1.714786
2.043792
1.923235
1.659470
1.664075
1.890431
1.777210
1.796338
1.596917
2.010689
1.859327
1.793526
1.556656
1.943752
2.098299
1.959288
1.569229
1.878611
1.972340
1.812972
1.602860
1.895594
1.799935
1.724556
1.744441
1.944619
1.940889
1.788828
1.658443
1.901092
1.827704
1.806746
1.497864
2.008319
1.941508
1.748042
1.775039
2.032299
2.036543
1.899720
1.978083
1.808642
2.023067
2.096231
1.786149
2.083153
1.874474
1.962228
1.583585
1.981468
1.863565
1.763272
1.636706
1.935344
1.696129
1.865549
1.574299
2.028214
1.921511
1.808383
1.702563
1.926580
1.988799
2.034261
1.543830
2.004734
2.071058
1.853314
1.697025
1.830662
1.764621
1.668105
1.815133
1.887777
1.808773
1.837371
1.564210
1.898701
1.848025
1.768752
1.537444
2.014941
1.917640
1.794459
1.704286
2.075037
1.987683
1.787349
1.982918
1.875304
2.000388
2.040447
1.751125
2.094500
1.912746
1.964926
1.613178
1.956535
1.837948
1.790702
1.620970
1.879522
1.666099
1.848203
1.588686
2.000375
1.923256
1.888408
1.727531
1.822145
1.944413
2.019302
1.518453
2.006346
1.961023
1.880438
1.849924
1.844849
1.733718
1.590684
1.959451
1.998539
1.827971
1.912574
1.532608
1.972625
1.834444
1.843047
1.696872
2.044127
1.891776
1.813620
1.736733
2.113274
1.999675
1.748905
2.015086
1.934837
1.921306
1.991390
1.825148
2.036696
1.947429
1.877304
1.661180
1.916796
1.799493
1.841987
1.660265
1.751306
1.729501
1.809458
1.680759
1.955703
1.927834
1.907532
1.810775
1.895459
1.929338
1.937694
1.603359
2.080949
1.866384
1.916871
1.925740
1.835828
1.847241
1.605566
2.102561
2.175667
1.828909
2.025447
1.483638
2.150025
1.878403
2.013544
1.781738
1.997053
1.784724
1.899753
1.790044
2.134558
2.030474
1.870632
2.073677
1.922737
1.876886
1.921816
1.772478
1.982588
1.979149
1.823550
1.744398
1.824867
1.890626
1.867152
1.807648
1.749454
1.712797
1.830489
1.692832
1.897690
1.874958
1.827122
1.948365
1.884449
1.934788
1.903104
1.581320
2.149448
2.004010
1.960965
1.873398
1.869430
1.906502
1.650322
2.104654
2.059358
1.807155
2.127002
1.474033
2.140804
1.995752
2.162970
1.722527
1.959584
1.948059
1.988908
1.806754
2.202638
1.982385
1.926159
1.981203
1.908769
1.832761
1.834824
1.728407
1.978580
1.945831
1.802060
1.788934
1.666860
1.884528
1.930991
1.875151
1.940166
1.700600
1.900737
1.574312
1.917225
1.909088
1.748268
2.049821
1.814651
1.941671
1.879725
1.595632
2.261884
2.133429
2.029920
1.855026
1.944689
2.021806
1.676878
2.036419
1.965764
1.804940
2.122280
1.528102
2.078471
2.006850
2.202514
1.728805
2.004309
2.076324
1.971268
1.836160
2.278064
1.986877
2.036900
1.881596
2.053031
1.885117
1.804524
1.715716
2.030310
1.968920
1.751982
1.782784
1.712481
1.884072
1.935374
1.881561
2.073222
1.857945
2.018974
1.606517
1.984181
1.854419
1.735805
1.975912
1.829272
1.976039
1.940579
1.592696
2.157286
2.063507
2.097594
1.939443
1.991695
2.188721
1.679648
2.051210
2.031354
1.840161
2.088608
1.587786
2.107984
2.078729
2.209528
1.927494
1.922712
1.955438
2.032223
1.752066
2.283789
2.007407
2.099327
1.921448
2.040024
2.019732
1.692322
1.701642
2.089450
1.973697
1.687875
1.752965
1.779804
1.829495
2.014360
1.856596
2.088299
1.997432
2.067720
1.743072
2.024289
1.955160
1.787354
1.936194
1.898130
1.913788
2.022962
1.663078
2.174632
1.894634
2.105249
2.014521
2.003345
2.234802
1.704438
2.137757
2.141012
1.917735
1.984625
1.702077
2.148754
2.098419
2.272031
2.041039
1.938449
1.889014
2.164746
1.723745
2.263442
2.082416
2.217751
1.986717
1.956418
2.111314
1.581859
1.663375
2.086711
1.984169
1.765264
1.747780
1.847658
1.771725
2.022389
1.981887
2.026604
2.110861
2.125519
1.710039
2.120480
1.942862
1.825309
2.021789
1.861628
1.878950
1.916780
1.792178
2.123630
1.795545
2.066490
2.041168
2.079343
2.279238
1.871333
2.106423
2.025376
1.995871
1.909988
1.775785
2.054963
2.042525
2.189249
2.078118
1.994081
2.003154
2.075319
1.691768
2.161836
2.043021
2.314954
1.880258
2.006526
2.009289
1.626000
1.702730
2.035933
2.025135
1.866715
1.741039
1.945363
1.865919
2.009380
1.984406
1.959432
2.094488
2.113078
1.678869
2.167628
1.906451
1.867086
2.115934
1.855007
1.883966
1.866367
1.814008
1.966738
1.825293
2.008326
2.084215
2.160462
2.288572
2.045936
2.103989
1.939298
2.049652
1.948817
1.711961
2.116815
1.958864
2.041433
1.935558
2.078225
2.042587
1.934977
1.727218
1.999644
2.032624
2.236984
1.813435
2.028427
2.002547
1.686841
1.756032
2.001076
2.080844
1.820494
1.801464
2.036777
1.974321
1.924448
1.841905
1.968076
2.065913
2.049585
1.839002
2.194700
1.977021
2.004807
2.025474
1.981648
1.897976
1.818258
1.945635
1.847892
1.805606
2.062943
2.061109
2.071907
2.230323
2.085733
2.009273
2.011112
2.030665
1.970973
1.756479
2.086544
1.970475
1.927741
1.979313
2.079358
1.937072
1.879576
1.811047
1.837329
2.072923
2.050703
1.753491
1.880339
2.042962
1.710159
1.781185
2.049745
2.066521
1.892019
1.884494
2.087561
2.031941
1.891862
1.748926
1.960336
2.033406
1.981399
1.945095
2.181553
2.175967
1.999393
1.994712
2.119766
1.899229
1.834585
2.103680
2.012518
1.853627
2.051707
1.976816
2.053962
2.118114
2.145878
1.940462
2.042609
2.033941
2.012934
1.870278
2.058805
2.024492
1.881723
1.958787
2.056158
1.954940
1.941193
1.898456
1.830857
2.036154
1.967559
1.694993
1.894767
1.925755
1.770299
1.841438
2.090700
2.082893
2.108653
1.930649
2.108031
2.089692
1.960523
1.708083
1.980999
2.035898
1.808414
2.012771
2.089413
2.199113
2.053444
1.917556
2.193021
1.977037
1.918903
2.136616
2.124472
1.983265
2.013479
1.957860
2.138796
2.138389
2.163144
2.008855
2.039955
2.029423
2.042511
1.888414
2.024541
2.003403
1.873904
1.947422
1.972579
2.023329
1.876531
1.986427
1.826988
2.056222
1.965621
1.562986
2.002316
1.783234
1.883102
1.909138
2.188391
2.137366
2.237694
1.922216
2.152582
2.141101
2.046399
1.711794
2.018724
2.016653
1.761154
2.027607
2.078459
2.143890
2.131167
1.811770
2.272947
2.043387
1.977343
2.179620
2.009832
2.109216
1.937291
1.943259
2.127864
2.125345
2.148899
1.980131
2.075318
2.052563
1.966607
1.890280
2.009298
1.987046
1.823102
2.012835
1.907772
1.946410
1.870903
2.049479
1.792969
2.050722
1.997407
1.463141
2.014084
1.824012
1.881941
1.866970
2.217993
2.067474
2.194551
1.921629
2.167570
2.083964
2.103388
1.756145
2.074610
2.074638
1.755646
2.163858
2.074135
2.028653
2.217990
1.763638
2.319403
2.000263
2.026087
2.182778
1.927599
2.131779
1.830642
1.910560
2.147397
2.026343
2.076655
1.896086
2.001981
2.032894
1.922828
1.830926
1.996264
2.044255
1.827685
2.078892
1.913440
1.871770
2.029686
2.068126
1.778134
1.973379
1.846929
1.535476
2.055297
1.910417
1.974473
1.849810
2.031542
1.887573
2.111220
1.986999
2.149620
2.114433
2.110126
1.791030
2.183057
2.165780
1.785673
2.153610
2.042529
1.986769
2.175389
1.726914
2.275174
2.014948
1.938547
2.184056
1.905896
2.044228
1.848054
1.852653
2.163225
1.931476
2.034497
1.779050
1.950033
1.926868
1.879605
1.884683
1.977753
2.041783
1.895349
1.961342
2.042238
2.062113
2.090086
2.042294
1.784945
1.964114
1.820416
1.622004
2.076717
1.884042
2.059858
1.759066
1.946104
1.874828
2.095219
1.954841
2.161016
2.154880
2.068816
1.760076
2.218268
2.239977
1.854166
2.147779
2.076655
1.938974
2.034880
1.688463
2.199290
2.130876
1.864690
2.154868
1.875786
2.130153
1.915647
1.796773
2.006942
1.852501
1.980297
1.799193
1.832087
1.807295
1.842585
1.947124
1.904989
2.083015
1.978026
1.897884
2.086454
2.150479
1.959093
2.072565
1.790354
1.988115
1.882180
1.652032
2.012421
1.713598
1.956362
1.672288
2.049815
1.833823
2.134321
1.952651
2.149922
2.252464
1.965592
1.714727
2.248459
2.271050
1.875017
2.211255
2.126363
1.987420
1.902770
1.673896
2.194105
2.156503
2.005032
1.999572
2.034410
2.195788
1.870635
1.680137
1.807423
1.831599
1.966037
1.778619
1.743271
1.754099
1.853081
1.873384
1.753011
2.128227
2.035531
1.880642
1.951998
1.935781
1.936929
2.078436
1.853280
1.894484
2.000721
1.697603
1.963023
1.753590
1.809363
1.569614
2.054797
1.786177
2.100928
2.033063
2.186207
2.164135
1.924064
1.775089
2.209044
2.248190
1.953938
2.190835
2.097574
2.076506
1.930950
1.653904
2.071706
2.046654
2.047170
1.928296
2.086668
2.144055
1.736051
1.526743
1.661984
1.832201
1.973939
1.687958
1.778198
1.883657
1.788952
1.874980
1.684029
2.137643
1.964570
1.797701
1.814001
1.804305
1.987141
2.037074
1.866970
1.786404
1.998997
1.726566
2.008938
1.847183
1.884256
1.528406
1.850565
1.857924
2.162006
2.087015
2.138522
1.978416
1.900905
1.890269
2.187990
2.181894
2.086327
2.051453
2.005148
2.102308
2.006180
1.637379
2.024288
2.051921
1.925340
1.902534
1.990773
2.179623
1.695154
1.527840
1.670769
1.852333
1.942116
1.609109
1.952592
1.941781
1.843006
2.004687
1.770494
2.133426
1.948112
1.661523
1.775869
1.858445
1.983683
1.865878
1.850777
1.754796
1.917207
1.641719
2.010227
1.824419
1.902477
1.535230
1.803162
2.013374
2.135834
2.040050
2.133157
1.844002
1.954523
1.893962
2.234206
2.121572
2.154530
1.930474
2.115847
2.031262
2.111508
1.654694
2.150755
2.152529
1.902446
1.911201
1.935581
2.224522
1.790045
1.546737
1.745112
1.839014
1.810359
1.606007
1.998202
1.893613
1.884845
2.093820
1.919748
2.124424
1.973767
1.654324
1.759809
1.908224
1.979031
1.765973
1.823440
1.798908
1.878913
1.576870
2.022476
1.767313
1.876718
1.609451
1.861136
2.146670
1.964065
1.950969
2.180432
1.783505
1.861462
1.866524
2.162995
2.021574
2.124454
1.893122
2.130824
1.998933
2.015909
1.751747
2.096256
2.176247
1.863806
1.892946
2.125324
2.215568
1.860587
1.593225
1.907562
1.899866
1.689043
1.574003
1.960270
1.918475
1.949546
2.059028
1.972773
2.029574
1.930861
1.769712
1.792895
1.972927
2.025949
1.722523
1.981264
1.784189
1.963600
1.722010
2.113895
1.830125
1.896794
1.788527
1.747866
2.104700
1.734186
1.939548
2.115257
1.870836
1.802967
1.846812
1.985080
1.971230
2.067021
1.869731
2.005594
2.025601
1.799561
1.781942
2.057556
2.220432
1.906714
1.790427
2.153287
2.157227
1.887566
1.569173
2.004810
1.900953
1.640959
1.590218
1.978027
1.920088
1.989907
1.952247
2.078194
1.951965
1.862999
1.761833
1.881735
2.040379
1.961368
1.673584
2.161634
1.782845
1.801876
1.898984
2.219862
1.922263
2.029910
1.748236
1.640410
2.074444
1.743343
1.897714
1.991679
1.953602
1.835147
1.879600
1.894543
1.990416
2.005058
1.849889
1.895092
1.982709
1.770942
1.718611
2.090563
2.178037
1.934580
1.731151
2.094219
2.071092
1.863493
1.470507
1.896226
1.987853
1.747053
1.570886
2.117126
1.963532
1.956367
1.853311
2.183361
1.864835
1.768440
1.723976
1.929814
2.007186
1.890681
1.534625
2.195977
1.813015
1.641301
1.900867
2.132409
2.096606
1.933714
1.711372
1.772786
2.055189
1.837040
1.848826
1.922261
2.005464
1.760762
1.878119
1.872461
2.017034
1.970957
1.831347
1.857390
2.022039
1.873773
1.723823
1.932059
2.077012
1.975946
1.516706
2.118638
1.877483
1.772134
1.408316
1.752916
1.930189
1.759960
1.588272
2.007843
1.898220
1.851024
1.752338
2.125961
1.764841
1.688401
1.703521
2.006454
2.017092
1.793065
1.559224
2.117942
1.817203
1.648246
1.911238
2.045029
2.142032
1.863438
1.812586
1.834818
1.993050
1.840822
1.696560
1.936384
1.984727
1.579256
1.838216
1.861884
2.034406
1.827949
1.782764
1.778837
1.951152
1.884104
1.830879
1.830443
1.965172
1.905344
1.289999
2.184553
1.685562
1.758865
1.471735
1.858239
1.907353
1.820209
1.578617
1.951433
1.892637
1.841710
1.685334
1.957165
1.713328
1.670772
1.770030
1.983014
2.018823
1.757445
1.618355
2.086912
1.842825
1.796171
1.942645
2.067480
2.147730
1.919784
1.944465
1.887378
1.990862
1.796649
1.608811
1.939818
2.071250
1.486805
1.845974
1.840382
2.074558
1.702588
1.680718
1.779599
1.868754
1.789065
1.826352
1.763239
1.922134
1.844625
1.281817
2.017732
1.546466
1.816160
1.559337
1.897393
1.933564
1.896209
1.713070
1.962658
1.839431
1.876447
1.610520
2.032092
1.707201
1.744009
1.780519
1.975474
1.940208
1.889676
1.440033
2.006073
1.940854
1.793686
1.930558
2.012269
2.116339
1.760534
1.860105
2.084989
2.082143
1.843322
1.560094
1.947051
2.188416
1.611175
1.937140
1.845627
2.082706
1.657240
1.668078
1.840278
1.873790
1.815980
1.800017
1.758905
1.861923
1.777159
1.310968
1.845225
1.495168
1.859915
1.571007
1.876457
2.002146
1.871281
1.854450
1.902286
1.906307
1.836150
1.425514
2.082281
1.695613
1.824842
1.777887
2.069693
1.823163
1.849469
1.334757
1.967489
2.043611
1.707407
1.886379
1.937627
2.095819
1.586708
1.797417
2.166345
2.095453
1.872108
1.555413
1.937161
2.179475
1.769556
1.949267
1.838940
2.044512
1.660137
1.632222
1.877999
1.879385
1.845039
1.846906
1.731410
1.735525
1.751199
1.246534
1.895216
1.580764
1.879530
1.450286
1.908429
1.998222
1.824256
1.744860
1.875791
1.862600
1.733340
1.270896
1.993527
1.661335
1.846743
1.695480
2.254252
1.820096
1.763785
1.333320
1.973934
2.152784
1.786987
1.893021
2.060839
2.125200
1.631827
1.840711
2.174237
2.069206
1.860678
1.487815
1.915534
2.080344
1.800408
1.882700
1.792253
2.054554
1.641402
1.729272
1.851898
1.976098
1.766569
1.984213
1.789031
1.666193
1.680531
1.241977
1.929305
1.797683
1.889669
1.521465
2.054058
1.970627
1.771924
1.673391
1.982958
1.840215
1.646465
1.236316
1.893720
1.696033
1.845303
1.615284
2.251724
1.907351
1.769700
1.362831
2.125001
2.176152
1.762867
1.970071
2.040449
2.182666
1.702910
1.775387
2.240907
1.960284
1.914543
1.398681
1.887074
2.043759
1.903740
1.804410
1.760412
2.114184
1.681138
1.696357
1.856811
1.916279
1.785903
1.982606
1.949046
1.654755
1.725051
1.380111
1.913444
1.813453
1.941575
1.676080
2.027621
2.019482
1.775825
1.745077
2.140012
1.889349
1.568957
1.362644
1.971510
1.763089
1.787725
1.628035
2.205797
2.030928
1.776182
1.351237
2.135687
2.176879
1.676257
1.902928
1.851928
2.178618
1.590917
1.605440
2.269158
1.886951
1.898234
1.343932
1.916944
1.973548
1.937018
1.846837
1.683391
2.063995
1.683188
1.688372
1.867859
1.768008
1.885852
1.922896
2.002298
1.616448
1.765823
1.460751
1.927930
1.782271
1.894583
1.784568
1.932397
2.112071
1.694597
1.806270
1.969232
1.971449
1.553109
1.386823
2.088877
1.791217
1.672598
1.652695
2.086469
2.065305
1.768593
1.423941
2.047422
2.182950
1.731464
1.825285
1.850516
2.022856
1.585611
1.637764
2.087953
1.879492
1.799263
1.452769
1.875770
1.859590
1.860990
1.765860
1.690218
1.944285
1.561783
1.626967
1.871992
1.644727
1.827007
1.865367
1.864318
1.646673
1.805050
1.558849
1.845527
1.732095
1.847851
1.796898
1.972153
2.116945
1.517268
1.902244
1.930593
2.018874
1.625724
1.391578
2.037382
1.837640
1.592333
1.544532
2.013421
1.969737
1.788517
1.525457
1.896961
2.141364
1.785677
1.775878
1.897314
2.015544
1.698255
1.749219
1.922300
1.831715
1.721715
1.570942
1.910162
1.864373
1.797428
1.625912
1.767342
1.749786
1.485052
1.600208
1.775761
1.588130
1.637051
1.841665
1.864608
1.702927
1.841156
1.669958
1.649812
1.790490
1.789107
1.891350
1.986466
2.033819
1.506689
1.948645
1.885574
1.927521
1.741226
1.454709
1.963835
2.000333
1.652072
1.441641
1.822164
1.982941
1.925948
1.511002
1.778689
1.972093
1.746816
1.602324
1.758300
2.135392
1.708311
1.770485
1.909139
1.852487
1.796874
1.621691
1.898810
1.837592
1.737363
1.523575
1.779488
1.758922
1.492941
1.470339
1.727676
1.649594
1.504252
1.734998
2.006646
1.622680
1.789059
1.746111
1.694749
1.849471
1.670404
1.966682
1.934265
1.970459
1.664490
1.948793
1.821998
1.898187
1.786564
1.521187
1.950176
2.068358
1.713879
1.490742
1.759067
1.942026
1.921463
1.449216
1.781458
1.810833
1.737801
1.500439
1.741830
2.146813
1.674597
1.772256
1.939272
1.828047
1.783241
1.577611
1.920014
1.795011
1.695530
1.370964
1.786089
1.845863
1.547476
1.367575
1.779198
1.684593
1.453155
1.585667
2.010146
1.622367
1.631111
1.760126
1.857240
1.875231
1.537844
1.941593
1.948284
1.965631
1.756385
1.935493
1.813969
1.996693
1.756751
1.570824
1.888952
2.047983
1.756386
1.614190
1.782384
1.920893
1.776714
1.622632
1.857032
1.819189
1.827152
1.656417
1.813240
1.986317
1.881780
1.803367
1.849483
1.735585
1.686994
1.599747
1.923633
1.821472
1.697528
1.252084
1.808592
1.954725
1.639768
1.394919
1.888106
1.618567
1.571027
1.523593
2.084769
1.763296
1.617722
1.740408
1.865461
1.875678
1.562666
1.813332
2.107087
1.887071
1.843021
1.955405
1.965157
2.005476
1.853362
1.596421
1.784636
2.051721
1.794714
1.615502
1.715937
1.881833
1.686719
1.802758
1.793743
1.886727
1.849092
1.742987
1.797491
2.029160
1.950237
1.742817
1.810637
1.593027
1.611444
1.694613
1.929888
1.823437
1.754766
1.323743
1.847551
1.920181
1.779619
1.497461
1.955196
1.623915
1.807751
1.529264
2.115744
1.964689
1.753128
1.742240
1.830631
1.824650
1.582578
1.944888
2.168628
1.833818
1.934269
2.016224
1.987818
2.015571
1.918876
1.563185
1.805360
2.033453
1.779094
1.558072
1.595286
1.953507
1.716045
1.825681
1.748676
1.923666
1.800005
1.740264
1.707472
2.126688
1.896620
1.680248
1.857070
1.713825
1.637828
1.744515
1.940926
1.858034
1.822606
1.383481
1.957027
1.823500
1.877973
1.467157
1.957416
1.657047
2.043527
1.531876
1.967376
1.977350
1.755174
1.705711
1.879863
1.857467
1.700845
2.076766
2.101647
1.911737
2.045392
1.787604
2.024282
2.026053
1.967399
1.519497
1.859306
2.036722
1.759651
1.591927
1.622548
1.967424
1.841917
1.793732
1.798909
1.915922
1.948340
1.690699
1.776622
2.019616
1.932407
1.714778
1.767933
1.813186
1.629053
1.739127
1.838121
1.870240
1.667971
1.301044
1.989187
1.779415
1.888562
1.355555
2.058931
1.727140
2.020863
1.582775
1.875130
2.044659
1.659334
1.712250
1.864217
1.989313
1.863792
2.024574
2.005708
1.916467
2.085543
1.614476
2.113379
2.021480
2.009304
1.565312
1.861743
2.127359
1.744235
1.602337
1.773373
1.951808
1.927847
1.900058
1.955374
1.956944
2.015702
1.673702
1.970607
1.748908
2.008632
1.811417
1.744420
1.799356
1.538390
1.736625
1.789052
1.910680
1.664835
1.174168
1.987268
1.802116
1.892957
1.380618
2.115890
1.842578
1.982817
1.670319
1.970894
2.153432
1.593843
1.705561
1.821773
2.063869
1.911020
1.997064
1.950845
1.767533
2.128721
1.630182
2.064957
1.953435
1.961189
1.679140
1.874147
2.159254
1.827470
1.610327
1.915851
1.952619
1.891177
1.900055
2.043877
1.938168
1.844829
1.648466
2.033279
1.649033
1.966496
1.720174
1.812799
1.729996
1.522212
1.850940
1.810271
1.929067
1.795266
1.258865
1.927167
1.759290
1.854950
1.498416
1.987473
1.882599
1.966174
1.695014
2.060820
2.189692
1.676415
1.696963
1.959730
2.058021
1.835374
1.973329
1.947841
1.700515
1.988028
1.694856
1.906197
1.913825
1.904660
1.749272
1.812574
2.128753
1.921485
1.611290
2.010056
2.043403
1.843612
1.853782
2.118307
1.901236
1.706938
1.703663
2.078295
1.626731
1.957775
1.701492
1.832464
1.866290
1.693096
1.921495
1.797660
1.944952
1.791814
1.421824
1.873073
1.708786
1.812678
1.535704
1.907244
1.949809
1.943380
1.573914
2.127094
2.068761
1.722287
1.672624
2.072575
2.092705
1.795976
1.774277
1.993389
1.757696
1.841070
1.600273
1.982510
1.887979
1.863239
1.888297
1.683670
2.113465
1.977909
1.697893
2.112485
2.065265
1.864598
1.971992
2.053905
1.889715
1.747141
1.720808
2.221983
1.518368
2.010012
1.691511
1.845454
1.978763
1.861956
2.028990
1.802944
1.889370
1.744925
1.389978
1.873549
1.828980
1.838612
1.570426
1.992893
2.052011
1.970919
1.453951
2.094638
1.975935
1.811427
1.777281
2.068963
2.098597
1.764800
1.595022
2.013096
1.820868
1.871443
1.462460
2.153795
1.927180
1.910091
1.983585
1.689027
2.165539
2.004821
1.776950
2.162867
2.050926
1.886270
2.054479
1.891183
1.952199
1.683933
1.662998
2.215356
1.502608
1.946227
1.680328
1.896970
1.989330
1.870279
2.032959
1.942252
1.982101
1.816392
1.427892
2.020735
1.814706
1.894638
1.687928
2.008903
2.103563
1.942237
1.455021
2.019972
2.040540
1.920269
1.781880
2.082383
2.019600
1.784960
1.483036
2.032652
1.741122
1.860123
1.521416
1.972304
2.000216
1.867472
2.043901
1.822289
2.086230
2.018915
1.865890
2.157227
2.124496
1.907245
1.999626
1.811919
1.931371
1.625891
1.609215
2.137133
1.587840
1.883026
1.696233
1.881199
2.090332
1.870074
2.054059
1.933587
2.097732
1.834660
1.588066
2.176261
1.764032
1.914251
1.789786
1.970848
2.262291
1.858215
1.535103
1.901001
2.020315
1.971657
1.737407
2.146075
1.916271
1.836497
1.553176
1.975297
1.781173
1.733409
1.607295
1.875905
2.033508
1.795790
2.097274
1.915614
1.910728
1.907056
1.897934
2.187853
2.047157
1.857035
1.900419
1.848122
1.918825
1.681295
1.607278
2.209012
1.730186
2.071891
1.755967
1.864054
2.258013
1.943773
1.884840
1.948524
2.122030
1.844994
1.758819
2.136585
1.768809
1.948992
1.791289
1.949934
2.220296
1.707750
1.669635
1.774036
1.985861
2.085844
1.846901
2.120339
1.940780
1.986506
1.549398
1.975092
1.848314
1.754664
1.547811
1.984746
1.985487
1.754867
2.190251
1.990687
1.947830
1.885978
1.845705
2.288231
1.909681
1.792746
1.874953
1.887963
1.842839
1.795374
1.603324
2.226226
1.851091
2.173183
1.778599
1.943729
2.197243
2.043266
1.868060
1.999418
2.082982
1.959691
1.822740
1.994533
1.842553
1.950111
1.850483
1.945195
2.116337
1.711404
1.790934
1.810413
2.021707
2.232482
2.007225
2.017046
1.983716
2.183120
1.486150
1.868674
1.919747
1.862544
1.474859
2.064934
1.989301
1.735322
2.153133
2.036071
1.943691
1.877357
1.777205
2.361241
1.777115
1.720450
1.813756
1.862184
1.751553
1.820641
1.546952
2.073320
1.967123
1.971978
1.716288
2.056336
2.001676
2.048208
1.899123
1.995885
1.941494
2.163934
1.840933
1.886726
1.800536
1.961714
1.854947
1.936086
2.082591
1.712120
1.771355
1.904657
1.993403
2.222605
1.900683
2.044927
1.987731
2.219058
1.492352
1.784063
1.980398
1.833607
1.436991
1.962927
1.972023
1.765609
2.079675
2.054428
1.828960
1.892293
1.842435
2.099158
1.779674
1.838875
1.672696
1.833893
1.808609
1.818204
1.579665
1.957831
2.101069
1.816755
1.676453
2.061823
1.999581
2.011717
1.905157
1.998641
1.933599
2.212769
1.871947
1.946471
1.869523
1.967196
2.006015
1.952561
2.194167
1.694560
1.798710
1.960946
1.900455
2.137502
1.736023
1.979891
2.037196
2.156533
1.532593
1.892061
1.985967
1.716032
1.463291
1.935387
1.949507
1.893844
2.050976
2.007176
1.805156
1.967734
1.917697
1.904860
1.819620
1.857859
1.638281
1.801485
1.986234
1.823769
1.696951
1.902831
2.096218
1.795919
1.668058
2.046311
2.028733
2.044958
1.793589
2.066766
1.961631
2.193149
1.990862
2.068312
1.982912
1.958046
2.105882
2.069943
2.183286
1.751799
1.925455
1.976854
1.894337
2.005940
1.775672
1.937939
1.881072
2.071727
1.512575
2.000619
1.950575
1.806023
1.570133
2.074453
1.978099
1.924299
1.945709
2.000504
1.858164
2.051758
1.935856
1.980435
1.881333
1.808292
1.703566
1.812729
2.093004
1.904983
1.808052
1.814385
2.091570
1.731604
1.588162
2.076057
1.945976
2.068084
1.749511
2.109030
1.941585
2.259782
2.072954
2.161517
2.049622
1.957829
2.158744
2.191083
2.235337
1.864693
2.078036
2.047196
1.942771
1.934035
1.840662
1.927417
1.769130
2.043575
1.494517
2.008148
1.967592
1.996005
1.569121
2.039609
1.981185
1.861737
1.816553
2.090164
1.951336
2.045550
1.936802
2.087614
1.886148
1.896979
1.819158
1.886732
2.096422
1.923122
1.912936
1.831510
2.163294
1.754375
1.652934
2.009822
1.922516
2.098380
1.799395
2.140762
1.918011
2.273478
2.194449
2.303946
2.047093
2.012996
2.164104
2.140849
2.221293
1.776496
2.160510
2.079200
1.978007
1.943640
1.750789
1.890779
1.860290
2.084625
1.542845
2.024758
2.058332
1.928497
1.507289
1.973397
2.064875
1.856159
1.862348
2.091170
1.903257
1.942173
2.002100
2.000420
1.837987
2.103573
1.763108
2.036473
2.087339
1.953227
1.868651
1.837181
2.204290
1.876897
1.879774
2.083359
2.067055
2.063657
1.787204
2.191488
1.976761
2.065049
2.215618
2.284038
2.156774
2.037176
2.196425
2.189941
2.162756
1.746276
2.199961
2.014570
2.002109
1.968037
1.784974
1.946440
1.852924
2.046750
1.661355
2.016436
2.136462
1.887429
1.594260
1.968583
2.072348
1.939768
1.941146
2.136779
1.953084
1.950535
2.017678
1.843795
1.903374
2.106825
1.769179
2.049628
1.944200
2.075689
1.805616
1.811297
2.229799
1.949345
1.892840
2.193352
2.036681
2.014400
1.714254
2.119490
1.919248
2.056203
2.172058
2.130931
2.312468
1.938500
2.195308
2.307025
2.062234
1.961262
2.247606
2.048722
2.152246
1.880723
1.944556
1.997951
1.813494
1.948943
1.801992
2.022223
2.076270
1.918176
1.731565
1.901979
2.049340
1.915359
1.851373
2.219162
1.963340
2.013772
1.895822
1.761295
1.997343
1.983973
1.825611
1.962950
1.818199
2.160136
1.858901
1.867938
2.210873
1.838012
1.791535
2.152637
1.929629
1.845606
1.752975
2.058096
1.879849
2.120518
2.127246
2.052140
2.197915
1.919058
2.098437
2.265652
2.005876
2.096101
2.124157
2.059631
2.231443
1.796567
2.057624
2.060072
1.817051
1.938175
1.954905
2.073886
2.072763
1.962251
1.842012
1.756395
1.977305
1.859609
1.728566
2.223137
1.826795
1.957469
1.854644
1.804429
2.116203
1.997497
1.794951
2.007169
1.798578
2.194770
1.815205
1.877751
2.105375
1.784009
1.768598
2.079107
1.971793
1.790331
1.900536
2.025179
1.859126
2.008533
2.069327
2.059214
2.057042
1.982790
2.013429
2.184355
2.041546
2.011497
1.958994
2.094602
2.205234
1.748753
1.999446
2.032146
1.786435
2.052987
2.013163
2.168199
2.091465
2.062653
1.855420
1.860029
1.985508
1.896789
1.742849
2.142148
1.838126
1.966105
1.876130
1.766906
2.060515
1.995505
1.653272
2.055948
1.850270
2.063115
1.729622
1.844696
2.037290
1.792989
1.769806
2.047983
2.081593
1.863199
1.914127
2.029063
1.874361
1.947392
1.996543
2.008184
1.949387
1.914279
1.914270
2.153853
2.026263
2.030085
1.951036
1.988838
2.117274
1.745246
1.917985
2.052423
1.737878
2.055549
2.030877
2.099349
2.001431
2.156725
1.941485
2.066376
1.981942
1.914953
1.733642
2.066672
1.989337
2.034484
1.978457
1.867798
2.100083
1.898657
1.584076
2.030896
1.908194
1.971266
1.738359
1.864294
1.983672
1.773905
1.747786
2.235610
2.194404
1.921646
1.898124
2.125530
1.852067
2.024372
1.949910
1.933315
1.974741
1.771096
1.750128
2.112472
1.884947
2.202924
1.898256
1.789139
1.979988
1.746025
1.876077
2.159126
1.808525
2.008735
2.071197
1.882721
2.034768
2.179018
1.937275
2.165674
1.931613
1.946721
1.635205
2.010756
2.025642
2.076219
2.005862
1.982762
2.126499
1.914571
1.529629
2.175008
1.933368
1.971791
1.731642
1.903445
1.887418
1.864355
1.809219
2.324851
2.225567
1.954723
1.883378
2.117313
1.879402
1.981043
1.902645
2.060149
2.090820
1.783237
1.565955
2.054575
1.891519
2.175836
1.784797
1.809464
1.954561
1.666330
1.882609
2.143301
1.936312
1.925781
2.116381
1.788765
2.131282
2.052400
1.962798
2.024783
1.928783
2.008813
1.570395
1.899576
2.049448
2.105924
1.851253
1.970902
2.011553
1.907790
1.636959
2.386521
1.869065
1.933010
1.751060
2.025410
1.839161
1.954024
1.870351
2.292119
2.281647
1.926424
1.856809
2.010610
1.976049
1.907615
1.826292
2.234953
2.102707
1.885784
1.469761
2.037950
1.934679
2.201353
1.835553
1.895917
2.002373
1.681095
1.881234
2.012359
2.094160
1.903160
2.100884
1.827159
2.049518
1.996307
1.998666
1.987755
1.859455
1.972995
1.587641
1.894914
1.957381
2.082586
1.811064
1.965882
1.982185
1.781452
1.713933
2.244580
1.881058
1.954376
1.802564
2.129754
1.937010
1.940062
1.904621
2.255873
2.331786
1.956935
1.808835
1.977863
2.046050
1.889223
1.837884
2.166995
1.966489
2.061729
1.477232
2.086683
1.916219
2.268652
1.843192
1.955315
2.046259
1.724710
1.920972
2.030788
2.142816
1.912950
2.069536
1.908526
1.949861
2.055498
1.907659
2.076491
1.837294
1.911146
1.580384
1.915015
1.901776
1.986749
1.767947
1.991177
2.060492
1.679423
1.769274
2.079411
1.946432
2.006547
1.899091
2.132526
1.919386
1.936676
1.934094
2.161278
2.279944
1.885963
1.793669
1.968105
2.160584
1.845618
1.663735
2.048698
1.802675
2.103534
1.623472
2.102908
2.000160
2.235734
1.702756
1.968975
2.065156
1.796548
1.929736
1.991102
2.192337
1.898235
1.974680
2.065122
1.983226
2.061468
1.780317
2.036611
1.830961
1.904708
1.644685
1.944674
1.948332
1.851223
1.754023
2.031366
2.024973
1.719824
1.828034
2.120985
2.039867
1.940776
2.006934
2.107179
1.706643
1.997780
1.949781
2.033700
2.238320
1.892132
1.830156
1.908427
2.242249
1.802621
1.537340
2.050983
1.814597
2.104522
1.620790
2.041794
2.027120
1.969902
1.680886
1.947573
2.029444
1.883160
1.867240
1.972704
2.119750
1.824384
1.803915
2.106099
2.007089
1.965147
1.808156
2.049277
1.888330
1.968100
1.634510
2.003315
1.991840
1.715444
1.855861
1.950491
1.913658
1.667689
1.938386
2.110280
2.064694
1.849119
1.972857
2.048863
1.609136
1.880782
1.936410
2.035206
2.141319
1.891327
1.862619
1.769970
2.170596
1.770943
1.558901
1.945833
1.816607
2.026777
1.475354
1.947063
1.866993
1.864255
1.781870
1.882623
2.074881
1.911761
1.830712
1.939843
2.246267
1.792246
1.674780
2.121664
1.961716
1.919977
1.976035
2.158981
2.001559
1.925100
1.708927
2.020940
1.959325
1.770574
1.818365
1.944420
1.887785
1.642593
2.095759
2.028815
2.082024
1.782977
2.002442
2.073356
1.741943
1.792055
1.883056
2.043770
2.041271
2.022079
1.774594
1.682836
2.040181
1.783277
1.693613
1.822338
1.808970
1.995026
1.345933
1.894054
1.765285
1.826181
1.803874
1.830787
2.065452
1.919578
1.799263
1.974423
2.298485
1.845715
1.595615
2.105296
2.051481
1.828499
2.058269
2.167208
2.115835
1.828045
1.806755
1.926367
1.843522
1.738324
1.764988
1.931371
1.818228
1.823681
2.179942
2.009102
2.191591
1.839070
1.983396
2.056937
1.831429
1.816341
1.854925
1.953043
1.853644
2.051219
1.696763
1.734455
1.955773
1.752647
1.710087
1.780147
1.828569
2.063921
1.466198
1.819728
1.783546
1.703444
1.720506
1.886880
2.032564
1.956295
1.757549
1.833730
2.154832
1.862143
1.550903
2.133895
2.030500
1.841260
1.999012
2.040533
2.078431
1.776131
1.889882
1.860786
1.805182
1.776681
1.705609
1.976488
1.733379
1.850050
2.076246
2.028485
2.184909
1.862251
1.904410
1.933911
1.837295
1.791204
1.843985
1.914147
1.737561
1.957111
1.704378
1.834968
2.007667
1.783311
1.656093
1.802024
1.893462
2.073325
1.608096
1.749456
1.920636
1.611433
1.662746
2.041262
2.007888
1.997135
1.753498
1.625952
2.059495
1.826518
1.515479
2.120725
1.896091
1.859647
1.936105
1.945963
2.065069
1.792941
1.862644
1.774345
1.840424
1.833895
1.657032
2.028593
1.766276
1.724528
1.950015
1.888857
2.165764
1.748993
1.870375
1.941618
1.862557
1.698280
1.813894
1.910124
1.757047
1.872054
1.685532
1.918806
2.068839
1.809570
1.502171
1.796530
1.894836
1.981095
1.673762
1.722628
1.955373
1.571129
1.733499
2.077141
1.913862
2.016412
1.861886
1.668620
1.979586
1.718851
1.474880
2.196113
1.856117
1.798979
1.933090
1.917774
2.024425
1.728250
1.859155
1.809095
1.780175
1.751634
1.621926
1.977283
1.939615
1.725440
1.842917
1.708649
2.246136
1.817258
1.905008
2.061085
1.987254
1.791493
1.802315
1.879026
1.802311
1.833910
1.734681
1.976017
2.062573
1.795061
1.411358
1.818739
1.943085
1.976476
1.681108
1.726413
2.057485
1.592100
1.727456
2.052846
1.906385
2.070920
1.983657
1.782473
1.863800
1.731688
1.466769
2.151938
1.935938
1.714678
1.902392
1.861009
1.973347
1.745072
1.853551
1.786070
1.836102
1.687767
1.569041
1.970242
1.896018
1.927660
1.787003
1.669864
2.305522
1.757597
1.920783
2.105383
1.983900
1.890774
1.766244
1.743011
1.704795
1.808486
1.727158
2.029049
1.970808
1.853143
1.385759
1.916821
2.052969
1.900893
1.831832
1.820712
1.999609
1.641712
1.636800
2.110612
1.890891
2.040561
1.845061
1.815519
1.790287
1.823905
1.421365
2.039359
1.959017
1.683691
1.903056
1.937961
1.987424
1.739786
1.910243
1.733358
1.897742
1.681930
1.493588
2.017794
1.729554
1.889169
1.692916
1.628375
2.123805
1.657068
1.848376
2.023522
1.922051
1.820315
1.665226
1.776032
1.682679
1.656718
1.702741
2.014227
1.869484
1.965442
1.488309
1.999698
2.064107
1.722723
1.825388
1.952921
1.932034
1.636971
1.579074
2.125902
1.839330
1.961602
1.711346
1.818772
1.791638
1.813151
1.450057
1.913111
1.892740
1.578780
1.953218
2.055023
1.931054
1.760828
1.976958
1.642184
1.965177
1.813769
1.433170
1.986881
1.760285
1.843319
1.607097
1.630959
2.023563
1.755540
1.823672
1.947590
1.965363
1.688302
1.630393
1.853672
1.682135
1.600374
1.701397
2.028396
1.862047
1.884420
1.617358
1.996874
1.983583
1.754818
1.716690
1.949095
1.979675
1.630121
1.491079
2.021318
1.766243
1.834195
1.686849
1.833386
1.793819
1.802596
1.408460
1.899427
1.967615
1.532695
1.988305
1.940746
1.974725
1.731488
1.949497
1.668852
2.066945
1.871292
1.363967
1.877070
1.811114
1.849783
1.587137
1.705429
2.026171
1.861680
1.890997
1.916212
2.035718
1.719852
1.689495
1.848873
1.714154
1.727115
1.729577
2.075378
1.970402
1.750726
1.689848
1.983896
1.905572
1.760403
1.576340
1.851558
1.988466
1.540685
1.484779
1.986447
1.804319
1.793880
1.724153
1.896616
1.732443
1.818888
1.443349
1.896878
1.976500
1.617110
1.917924
1.860332
1.983772
1.725386
1.926192
1.931648
2.140571
1.866984
1.404559
1.834282
1.898167
1.981830
1.560315
1.762488
2.011741
1.835261
1.813208
1.855388
2.032858
1.780602
1.599929
1.858762
1.727298
1.811735
1.864688
2.114939
1.984811
1.772052
1.662076
1.954223
1.915263
1.605039
1.570684
1.792552
1.885662
1.431854
1.630098
2.045530
1.876099
1.653636
1.715758
1.991873
1.727809
1.764747
1.494966
1.764609
2.004207
1.785478
1.757610
1.902245
2.067284
1.767641
1.841121
2.201916
2.089158
1.792599
1.501815
1.946583
2.069465
1.923501
1.532580
1.877827
1.918198
1.739355
1.789156
1.927675
1.976499
1.727377
1.524577
1.764441
1.760980
1.778276
1.882986
2.134516
1.876756
1.758380
1.590536
1.926377
1.778397
1.402545
1.714425
1.859308
1.828948
1.419484
1.718326
1.981938
