# G_4, p = 0.6000 GPa (dir_6000.0_bar).
# 6MR distortion Gamma = (1/2)(max - min) over the three opposite-O diagonals.
# 32 rings x 101 frames = 3232 samples.
# Column: per-6MR Gamma [A]
0.000758
0.000556
0.000750
0.000556
0.000769
0.000571
0.000753
0.000571
0.000736
0.000560
0.000749
0.000560
0.000716
0.000549
0.000727
0.000538
0.000395
0.000423
0.000386
0.000423
0.000357
0.000418
0.000357
0.000418
0.000362
0.000401
0.000357
0.000401
0.000395
0.000434
0.000385
0.000434
0.127096
0.170917
0.079132
0.075871
0.091983
0.117750
0.165875
0.088233
0.085345
0.090370
0.132735
0.015510
0.077995
0.157272
0.112735
0.120856
0.222642
0.107271
0.134344
0.073398
0.064696
0.330206
0.054456
0.059307
0.089084
0.108802
0.065232
0.023657
0.102235
0.110643
0.092248
0.063840
0.349983
0.397562
0.303840
0.173866
0.173380
0.169328
0.346661
0.151806
0.079214
0.142839
0.209021
0.028134
0.122125
0.294755
0.195387
0.239691
0.353473
0.230643
0.391181
0.157480
0.103540
0.604022
0.097204
0.090981
0.083953
0.189288
0.076129
0.095028
0.207198
0.155875
0.147100
0.281636
0.515627
0.513018
0.490765
0.297838
0.275055
0.258087
0.470912
0.194915
0.148850
0.043992
0.149754
0.040897
0.169558
0.216379
0.232909
0.314115
0.376447
0.209206
0.561353
0.129213
0.050195
0.591166
0.175693
0.208951
0.123778
0.189405
0.081049
0.274723
0.249926
0.165094
0.180153
0.411395
0.513339
0.518611
0.471461
0.337143
0.343083
0.363139
0.494601
0.184438
0.225627
0.175291
0.126146
0.051083
0.124191
0.048809
0.310292
0.300942
0.404897
0.111484
0.558097
0.048672
0.094356
0.478992
0.215051
0.317658
0.101023
0.182083
0.124618
0.381790
0.256056
0.089185
0.274681
0.333784
0.391150
0.561564
0.270790
0.320665
0.352373
0.418692
0.448757
0.184495
0.278668
0.211602
0.148351
0.205033
0.079574
0.177128
0.385695
0.283814
0.333682
0.182695
0.458799
0.066783
0.184312
0.355663
0.214507
0.399993
0.033989
0.175880
0.102442
0.375614
0.275638
0.047854
0.315886
0.225337
0.216117
0.590608
0.077102
0.389683
0.312333
0.341007
0.310785
0.201421
0.301312
0.228282
0.110483
0.366005
0.148389
0.105168
0.307054
0.344076
0.226265
0.243575
0.366944
0.139605
0.174154
0.155529
0.167479
0.376949
0.149747
0.097971
0.020702
0.335770
0.180711
0.094520
0.291831
0.224880
0.055670
0.471004
0.200089
0.407065
0.237194
0.194599
0.067379
0.209465
0.272683
0.247488
0.086983
0.296689
0.205711
0.175943
0.191741
0.392865
0.311475
0.243116
0.285621
0.084648
0.095159
0.141206
0.172381
0.260782
0.332312
0.044467
0.084836
0.320128
0.180823
0.113378
0.237481
0.129698
0.211571
0.327345
0.302763
0.343373
0.151268
0.054422
0.132195
0.195007
0.208375
0.228838
0.126338
0.206471
0.154888
0.283007
0.109637
0.358137
0.365625
0.223138
0.175713
0.079966
0.071301
0.343348
0.322316
0.164990
0.358799
0.027821
0.105729
0.190587
0.179758
0.051995
0.175850
0.052159
0.262736
0.263962
0.265342
0.264461
0.144089
0.234587
0.179531
0.082193
0.167649
0.186233
0.114185
0.272706
0.141051
0.348929
0.081605
0.313628
0.379165
0.233834
0.073449
0.121426
0.069747
0.366579
0.366806
0.231821
0.277923
0.071216
0.097973
0.156080
0.155572
0.031403
0.097428
0.229346
0.254924
0.312660
0.169039
0.243966
0.162986
0.425742
0.177648
0.096101
0.203643
0.204265
0.024213
0.333245
0.126726
0.310938
0.108360
0.244456
0.345357
0.283378
0.212118
0.123443
0.015186
0.363125
0.253834
0.285789
0.283934
0.139866
0.111848
0.081934
0.180060
0.061517
0.066507
0.312908
0.228559
0.347551
0.150886
0.232322
0.135409
0.479499
0.242270
0.191523
0.180321
0.248171
0.197932
0.184593
0.140933
0.244701
0.098173
0.214926
0.287005
0.354501
0.334966
0.153096
0.029361
0.320093
0.107938
0.237426
0.262506
0.237596
0.180862
0.110723
0.192733
0.117442
0.032249
0.315806
0.175910
0.283322
0.205400
0.135143
0.179347
0.462255
0.318304
0.128156
0.129344
0.297953
0.216804
0.048744
0.277664
0.189139
0.119930
0.262719
0.202037
0.241330
0.249092
0.220561
0.093696
0.270029
0.055495
0.098363
0.313212
0.243522
0.221157
0.229670
0.166904
0.210163
0.217870
0.197554
0.165488
0.098542
0.192490
0.100428
0.301423
0.363741
0.316244
0.137594
0.131972
0.244124
0.134855
0.111678
0.321921
0.173955
0.187983
0.334961
0.199736
0.127121
0.120306
0.189828
0.168308
0.204370
0.195025
0.047311
0.279390
0.116948
0.174271
0.267881
0.086726
0.221415
0.367401
0.206035
0.255775
0.117302
0.150036
0.310144
0.373706
0.199721
0.265954
0.176314
0.294946
0.085378
0.013576
0.132882
0.310750
0.186527
0.187954
0.377058
0.133859
0.292687
0.062599
0.072458
0.273348
0.012709
0.279199
0.038327
0.156264
0.051920
0.142782
0.212492
0.086027
0.218439
0.332053
0.242826
0.306397
0.178886
0.114784
0.401734
0.332483
0.302390
0.182135
0.157547
0.381804
0.161966
0.190498
0.190261
0.303662
0.169081
0.112427
0.346670
0.035543
0.237899
0.059084
0.122133
0.284941
0.208700
0.275687
0.044115
0.172048
0.116622
0.127998
0.218324
0.122139
0.268087
0.201730
0.176917
0.280658
0.226098
0.041237
0.404864
0.271720
0.290660
0.047872
0.264072
0.365717
0.307720
0.351075
0.211307
0.210126
0.135252
0.024785
0.297673
0.144801
0.133478
0.082748
0.248808
0.260734
0.345905
0.297754
0.067378
0.144620
0.167261
0.096809
0.254104
0.178069
0.281576
0.130890
0.077881
0.173029
0.261668
0.051552
0.400667
0.180152
0.105362
0.036808
0.302581
0.286231
0.307724
0.383992
0.189357
0.087024
0.262804
0.062288
0.266676
0.228804
0.040999
0.157123
0.353333
0.115334
0.310762
0.314462
0.110736
0.160072
0.183240
0.082481
0.262777
0.189492
0.247955
0.204592
0.025312
0.144079
0.294069
0.136258
0.400153
0.037177
0.110176
0.098693
0.219882
0.165120
0.232325
0.245777
0.169428
0.087413
0.410778
0.110175
0.157540
0.175974
0.051232
0.255152
0.353646
0.094678
0.195394
0.380956
0.104471
0.211253
0.214227
0.126502
0.241875
0.106182
0.192509
0.304011
0.129781
0.106207
0.290512
0.234969
0.360298
0.181632
0.200840
0.155646
0.149085
0.023812
0.187400
0.118718
0.099128
0.154515
0.475847
0.203428
0.047224
0.183188
0.111046
0.197930
0.319375
0.189158
0.267930
0.334772
0.115054
0.303016
0.208636
0.230639
0.140102
0.077569
0.154961
0.309096
0.171822
0.050956
0.250082
0.286009
0.270545
0.178667
0.181711
0.161598
0.151090
0.103777
0.150885
0.201559
0.177426
0.222540
0.437757
0.261451
0.066937
0.231876
0.163447
0.163448
0.298876
0.253439
0.303631
0.201322
0.175442
0.302749
0.176739
0.214115
0.104068
0.128302
0.191365
0.264062
0.123702
0.091530
0.156125
0.226134
0.119339
0.056629
0.122656
0.181551
0.202241
0.102262
0.070112
0.201688
0.187319
0.195841
0.356427
0.240684
0.149245
0.191284
0.156409
0.171873
0.266102
0.254563
0.383504
0.281527
0.156083
0.349978
0.265765
0.109768
0.116935
0.107752
0.285566
0.180737
0.201847
0.228294
0.188569
0.153245
0.139327
0.078193
0.019640
0.170515
0.219315
0.153611
0.030092
0.246908
0.065163
0.098797
0.243189
0.245978
0.259788
0.031639
0.124606
0.198886
0.154488
0.142184
0.368133
0.399589
0.104184
0.314522
0.434434
0.055216
0.168160
0.031249
0.221992
0.206048
0.257509
0.278995
0.197538
0.055767
0.229112
0.056579
0.036422
0.119814
0.087590
0.190877
0.060213
0.278581
0.136535
0.174885
0.097723
0.277145
0.344188
0.122631
0.079242
0.318295
0.044083
0.053603
0.241573
0.351667
0.097579
0.283860
0.402149
0.021236
0.202598
0.095992
0.076158
0.287680
0.237097
0.222074
0.188717
0.073543
0.289412
0.051694
0.058854
0.066600
0.314977
0.183876
0.111722
0.292649
0.205537
0.106395
0.035001
0.269281
0.325222
0.252125
0.073092
0.410901
0.055388
0.168534
0.136559
0.276723
0.176927
0.240981
0.252233
0.025654
0.190621
0.189591
0.058158
0.277278
0.121956
0.291366
0.163512
0.188150
0.294795
0.100065
0.062046
0.128116
0.480286
0.160262
0.158207
0.346724
0.138587
0.041987
0.058865
0.258121
0.132528
0.394753
0.117307
0.382149
0.166871
0.233090
0.195375
0.294594
0.319817
0.216737
0.174890
0.041860
0.227501
0.217291
0.087222
0.082919
0.096129
0.331716
0.186341
0.253092
0.092752
0.124338
0.071907
0.199132
0.392164
0.081999
0.187998
0.325986
0.161097
0.123977
0.121523
0.303061
0.065607
0.408295
0.142962
0.305334
0.336536
0.219221
0.342021
0.263378
0.378651
0.254165
0.059816
0.121820
0.246898
0.193033
0.091303
0.145053
0.092779
0.254341
0.098731
0.313143
0.065998
0.178004
0.173465
0.243634
0.202436
0.030535
0.229615
0.264915
0.167211
0.112205
0.283016
0.235912
0.210557
0.304894
0.242540
0.226926
0.485436
0.160444
0.389681
0.089491
0.276401
0.279506
0.164951
0.283378
0.146901
0.196671
0.049051
0.264523
0.143986
0.137522
0.102626
0.299639
0.071521
0.218048
0.279411
0.248589
0.060900
0.098874
0.192180
0.135082
0.168524
0.100707
0.391561
0.191191
0.273592
0.331332
0.349182
0.185205
0.507771
0.142276
0.246278
0.137439
0.115110
0.222738
0.324243
0.347602
0.065827
0.270869
0.140279
0.242225
0.162977
0.043737
0.186967
0.242552
0.091130
0.148578
0.359581
0.191287
0.046929
0.164756
0.158408
0.109248
0.131379
0.162163
0.332100
0.168874
0.267076
0.278744
0.350528
0.124979
0.401126
0.119667
0.080268
0.164647
0.026281
0.089108
0.380482
0.387454
0.136019
0.261055
0.136166
0.150610
0.096086
0.092785
0.190343
0.302127
0.075919
0.125599
0.228686
0.096524
0.048033
0.164486
0.124218
0.355971
0.037966
0.107955
0.203425
0.187551
0.180032
0.163736
0.210293
0.043776
0.298141
0.098674
0.125955
0.165554
0.064577
0.189035
0.377300
0.283912
0.198033
0.159677
0.104641
0.136595
0.168886
0.168221
0.196383
0.274787
0.041139
0.080906
0.024729
0.066171
0.087045
0.182917
0.106071
0.555417
0.094092
0.028858
0.095364
0.253452
0.080337
0.240477
0.129734
0.132818
0.161154
0.100664
0.190497
0.225313
0.089081
0.305121
0.443768
0.160459
0.163798
0.078083
0.156224
0.171586
0.179317
0.223797
0.172572
0.258325
0.239475
0.087621
0.150220
0.076799
0.046180
0.189188
0.122514
0.553773
0.229494
0.130794
0.063027
0.271304
0.084926
0.238884
0.142691
0.234107
0.098904
0.172736
0.170277
0.183019
0.069430
0.396933
0.402044
0.111284
0.060104
0.046618
0.113490
0.176132
0.177256
0.196015
0.168693
0.252597
0.464490
0.094048
0.194240
0.044332
0.071526
0.183557
0.187418
0.399072
0.323504
0.171619
0.162924
0.269034
0.154207
0.153909
0.141200
0.299799
0.198019
0.157794
0.109760
0.088416
0.040988
0.318327
0.233916
0.075159
0.062195
0.171279
0.021005
0.192440
0.283818
0.322546
0.218930
0.411343
0.491507
0.075990
0.212852
0.044952
0.177371
0.140209
0.300117
0.230050
0.349082
0.210561
0.231393
0.232299
0.169156
0.031980
0.126707
0.306684
0.239465
0.147588
0.073181
0.091312
0.232579
0.143691
0.083765
0.097629
0.093210
0.247751
0.048958
0.238716
0.344852
0.292816
0.200086
0.513727
0.382623
0.162446
0.149146
0.098645
0.195912
0.146631
0.346882
0.041105
0.287696
0.297214
0.153868
0.239508
0.183242
0.093309
0.219095
0.287377
0.174216
0.090025
0.035047
0.090234
0.441729
0.057155
0.090155
0.083325
0.082224
0.204642
0.039044
0.233031
0.357494
0.236264
0.151532
0.478334
0.226492
0.311699
0.051358
0.142685
0.338909
0.199771
0.290890
0.187333
0.203597
0.405237
0.041067
0.232208
0.243129
0.093711
0.352854
0.278841
0.174986
0.053499
0.133478
0.070430
0.454115
0.145788
0.095174
0.049472
0.269254
0.153110
0.032872
0.085548
0.333198
0.126837
0.081899
0.403565
0.163008
0.390818
0.061369
0.173004
0.307317
0.203792
0.156243
0.329767
0.114332
0.413201
0.080472
0.212646
0.264325
0.124819
0.446047
0.263117
0.163777
0.151088
0.212675
0.155679
0.348735
0.237228
0.244785
0.251851
0.380489
0.120618
0.165053
0.080690
0.269856
0.019317
0.137560
0.411259
0.125809
0.333907
0.083671
0.162355
0.201918
0.190827
0.089153
0.302130
0.006063
0.347360
0.116566
0.139047
0.195050
0.162120
0.360968
0.191201
0.191191
0.213328
0.199113
0.137115
0.181946
0.284939
0.296394
0.373837
0.393119
0.078797
0.235589
0.168103
0.162416
0.123145
0.167766
0.404907
0.193871
0.131553
0.042396
0.106873
0.144148
0.205289
0.115752
0.218202
0.101407
0.346204
0.138987
0.033957
0.135929
0.143614
0.334992
0.247189
0.278201
0.282034
0.205387
0.053352
0.061323
0.325471
0.256340
0.306672
0.360998
0.131115
0.244417
0.171078
0.146699
0.178780
0.209853
0.431200
0.185883
0.131151
0.203503
0.058893
0.085173
0.235974
0.112938
0.169153
0.274602
0.265232
0.152649
0.068416
0.169879
0.162997
0.289521
0.275134
0.283120
0.340845
0.256619
0.143412
0.184474
0.327388
0.178049
0.143274
0.225302
0.076883
0.193507
0.169359
0.176676
0.187184
0.185999
0.359205
0.259777
0.307070
0.313715
0.044292
0.132368
0.194291
0.126366
0.127103
0.345501
0.181909
0.108505
0.091145
0.221042
0.192236
0.166185
0.158154
0.192291
0.392664
0.216542
0.275211
0.211614
0.274420
0.249734
0.183942
0.089933
0.171103
0.142998
0.253496
0.217170
0.150743
0.185570
0.342457
0.304534
0.371182
0.294142
0.097641
0.203564
0.181165
0.037178
0.070681
0.294039
0.138901
0.048108
0.180035
0.217168
0.123903
0.231074
0.048429
0.118315
0.308612
0.131284
0.257748
0.176130
0.103268
0.356334
0.314251
0.148060
0.304807
0.053424
0.360058
0.223671
0.116857
0.136769
0.340174
0.216478
0.317266
0.172631
0.139706
0.181965
0.218203
0.110997
0.104933
0.165087
0.244700
0.087089
0.263214
0.261795
0.089726
0.297844
0.143819
0.139144
0.149215
0.122311
0.187491
0.165498
0.134816
0.323445
0.297243
0.146319
0.290764
0.086947
0.362387
0.135790
0.184845
0.094467
0.401912
0.173507
0.187971
0.093915
0.211593
0.111329
0.217564
0.208161
0.105054
0.183840
0.338559
0.182242
0.295910
0.339571
0.168805
0.207956
0.118539
0.218600
0.024273
0.164015
0.132938
0.037525
0.329946
0.245238
0.233245
0.141158
0.168960
0.139432
0.273944
0.038321
0.159058
0.210125
0.374746
0.203272
0.060559
0.230347
0.154805
0.262311
0.257843
0.187804
0.078543
0.319344
0.286989
0.193820
0.289880
0.357199
0.227784
0.145254
0.101055
0.273069
0.077232
0.111622
0.051366
0.186938
0.341239
0.092543
0.140254
0.264260
0.121302
0.158570
0.087139
0.033533
0.047070
0.327851
0.305121
0.177941
0.066558
0.272418
0.075864
0.328407
0.240853
0.090847
0.039732
0.273906
0.205389
0.161835
0.155772
0.309102
0.171734
0.062042
0.135678
0.291789
0.198630
0.069846
0.116418
0.363331
0.215757
0.124901
0.066971
0.331939
0.144813
0.225789
0.116163
0.046034
0.006549
0.403882
0.181861
0.094009
0.194646
0.320062
0.207885
0.277770
0.163510
0.084913
0.062447
0.198166
0.214757
0.160448
0.172318
0.225173
0.123158
0.289354
0.120329
0.264013
0.322700
0.114237
0.175750
0.449530
0.075338
0.249121
0.111359
0.168972
0.161326
0.275136
0.338478
0.085505
0.012703
0.284193
0.068238
0.161986
0.251979
0.364436
0.276841
0.180517
0.090999
0.134268
0.152401
0.191358
0.191305
0.095601
0.239690
0.344187
0.183457
0.379876
0.180514
0.213536
0.421994
0.163059
0.129887
0.474870
0.033191
0.271055
0.213427
0.013044
0.145631
0.231962
0.453253
0.092439
0.078459
0.114207
0.080057
0.175650
0.200237
0.300866
0.167816
0.094890
0.111641
0.128595
0.132693
0.141061
0.132573
0.014495
0.183826
0.447064
0.185457
0.313725
0.262533
0.134144
0.385082
0.247052
0.154513
0.333969
0.100644
0.222851
0.270459
0.052247
0.112141
0.160806
0.306176
0.106355
0.164098
0.129456
0.266495
0.232365
0.076372
0.296804
0.087974
0.044584
0.186893
0.195499
0.084447
0.045108
0.067822
0.200588
0.079448
0.530622
0.125679
0.175887
0.233718
0.065867
0.222941
0.246445
0.164882
0.232936
0.091500
0.199127
0.293386
0.141693
0.055081
0.202300
0.054147
0.128919
0.209266
0.117995
0.386363
0.245849
0.043413
0.292868
0.103969
0.129081
0.246435
0.274629
0.044965
0.257181
0.070744
0.408826
0.050442
0.505141
0.122421
0.126065
0.066830
0.108088
0.061954
0.111967
0.137556
0.266062
0.115087
0.279000
0.279893
0.210283
0.090418
0.196339
0.168984
0.142446
0.302436
0.146910
0.386103
0.237924
0.203530
0.221510
0.182711
0.216195
0.240243
0.280984
0.136148
0.371882
0.167134
0.412643
0.064012
0.375370
0.245801
0.212624
0.115392
0.124523
0.087345
0.022290
0.071831
0.334806
0.120747
0.241094
0.272243
0.210589
0.157257
0.134072
0.238114
0.111799
0.343846
0.146989
0.325835
0.268161
0.358505
0.151271
0.149163
0.222448
0.272398
0.251412
0.231879
0.369537
0.177985
0.267303
0.132297
0.188599
0.317867
0.247587
0.168857
0.209612
0.044448
0.031679
0.156719
0.270608
0.094203
0.171996
0.302646
0.190272
0.228193
0.064481
0.250427
0.152399
0.312194
0.172744
0.214481
0.208179
0.368437
0.262715
0.177110
0.243598
0.313012
0.226016
0.363986
0.322437
0.161156
0.244224
0.156211
0.056787
0.282706
0.136675
0.225126
0.280155
0.063109
0.078149
0.200628
0.102229
0.139495
0.116686
0.269851
0.147056
0.282385
0.090318
0.246281
0.204418
0.301996
0.221984
0.097238
0.120542
0.347979
0.247114
0.177561
0.215501
0.392006
0.179542
0.425893
0.219885
0.293431
0.149311
0.151421
0.060080
0.171736
0.242091
0.259486
0.293074
0.215980
0.103383
0.304137
0.013567
0.307232
0.087963
0.342313
0.091488
0.354326
0.214744
0.181631
0.189564
0.300102
0.239342
0.099284
0.073477
0.322429
0.249723
0.102755
0.207375
0.275088
0.075722
0.364810
0.109742
0.318547
0.141285
0.132537
0.142614
0.066615
0.358705
0.277972
0.282101
0.368482
0.114630
0.366450
0.078008
0.369475
0.188126
0.406879
0.131406
0.316280
0.328022
0.174130
0.161137
0.322290
0.220622
0.071856
0.107810
0.096971
0.258345
0.152364
0.236711
0.248630
0.035653
0.268020
0.344072
0.262778
0.136883
0.096571
0.228553
0.153541
0.316330
0.249498
0.213306
0.336802
0.096580
0.285792
0.196835
0.283515
0.289782
0.306059
0.149913
0.157217
0.322418
0.250757
0.137147
0.263993
0.140976
0.066920
0.289657
0.090508
0.182076
0.288755
0.202015
0.264901
0.037215
0.181893
0.510224
0.177628
0.201291
0.240883
0.199081
0.232791
0.201611
0.163335
0.200830
0.191092
0.093981
0.158728
0.234801
0.191838
0.298203
0.181808
0.197031
0.160663
0.150179
0.219341
0.106026
0.358875
0.142500
0.044007
0.387005
0.118091
0.011784
0.443897
0.178699
0.245102
0.135361
0.161699
0.434116
0.126804
0.317847
0.332012
0.212546
0.287388
0.166571
0.086645
0.224314
0.234377
0.091945
0.100964
0.175288
0.181416
0.234722
0.055875
0.202493
0.127370
0.114515
0.176245
0.111042
0.359707
0.141281
0.189758
0.315712
0.052447
0.186010
0.368616
0.120642
0.114640
0.120763
0.097586
0.262515
0.084068
0.329374
0.215189
0.246688
0.189082
0.107823
0.022570
0.237974
0.233901
0.013882
0.068761
0.030704
0.142811
0.189785
0.159628
0.147188
0.143138
0.314637
0.240962
0.075932
0.265913
0.182692
0.351760
0.113196
0.074059
0.333800
0.225690
0.207046
0.043196
0.032070
0.274830
0.207320
0.103446
0.249679
0.070193
0.177968
0.014265
0.100485
0.101747
0.262715
0.233248
0.067955
0.112357
0.056285
0.118599
0.111536
0.245174
0.106096
0.207563
0.302043
0.258696
0.039912
0.213331
0.220473
0.409825
0.059734
0.098880
0.346624
0.276271
0.347015
0.163301
0.133652
0.348653
0.135304
0.230481
0.189902
0.159132
0.089584
0.080474
0.122084
0.237881
0.327553
0.252312
0.049468
0.193545
0.037449
0.181534
0.058714
0.188259
0.076629
0.276056
0.241992
0.192291
0.126115
0.216041
0.232899
0.309670
0.152709
0.155041
0.241749
0.246732
0.391979
0.108090
0.045483
0.358879
0.086894
0.276092
0.153314
0.273579
0.134021
0.126806
0.078209
0.235739
0.271998
0.149566
0.120033
0.068981
0.034291
0.247252
0.179211
0.180309
0.016487
0.285118
0.191811
0.046088
0.178061
0.234670
0.202174
0.167274
0.130773
0.069436
0.062722
0.300980
0.284610
0.071243
0.171238
0.352172
0.224959
0.267382
0.154337
0.368943
0.069051
0.139715
0.166039
0.141106
0.148314
0.192277
0.185175
0.128977
0.074951
0.226002
0.152767
0.200026
0.188230
0.217970
0.188456
0.018242
0.172278
0.222251
0.177682
0.161397
0.096370
0.077091
0.175540
0.357990
0.216709
0.167981
0.212343
0.321802
0.295367
0.234549
0.179769
0.260321
0.047442
0.108995
0.296085
0.179023
0.075445
0.243003
0.115523
0.264095
0.144773
0.202544
0.047905
0.125972
0.255421
0.154998
0.251818
0.118002
0.154785
0.170814
0.147866
0.156712
0.069408
0.207007
0.281527
0.294464
0.159918
0.267517
0.124584
0.245148
0.246248
0.189516
0.031837
0.130086
0.114716
0.082543
0.341168
0.278531
0.084499
0.294790
0.158609
0.290291
0.118616
0.107979
0.036786
0.036067
0.265130
0.115744
0.171782
0.155086
0.141994
0.080280
0.287849
0.127185
0.131861
0.330642
0.391057
0.111010
0.041647
0.314092
0.023395
0.146010
0.160577
0.145911
0.145060
0.222920
0.167999
0.036684
0.258558
0.212106
0.248949
0.307030
0.187271
0.318435
0.192427
0.025008
0.133710
0.100442
0.281543
0.158730
0.044367
0.084550
0.159960
0.079447
0.381481
0.106527
0.206070
0.398942
0.433547
0.202710
0.127389
0.294929
0.035016
0.159212
0.149401
0.077735
0.174049
0.380630
0.223499
0.035745
0.184313
0.152171
0.337263
0.156886
0.131175
0.379301
0.312917
0.105179
0.172679
0.113593
0.187338
0.172403
0.102671
0.027238
0.256974
0.206819
0.267763
0.114631
0.170377
0.343007
0.412725
0.245981
0.238916
0.249265
0.148799
0.263688
0.213850
0.200419
0.136751
0.391252
0.150944
0.074818
0.212511
0.247792
0.364478
0.072080
0.106824
0.368532
0.356314
0.106097
0.114358
0.106091
0.053908
0.272101
0.150525
0.056120
0.220920
0.296488
0.110615
0.181383
0.073934
0.260650
0.372361
0.210580
0.242684
0.150131
0.227327
0.284714
0.350346
0.354683
0.136964
0.320627
0.037289
0.151472
0.255214
0.275447
0.351820
0.150667
0.151772
0.279451
0.312301
0.119359
0.025637
0.106896
0.044947
0.264480
0.213803
0.091784
0.068674
0.340391
0.038186
0.158286
0.041841
0.249579
0.263957
0.274398
0.253029
0.069726
0.202343
0.245696
0.379047
0.323946
0.199250
0.246678
0.171248
0.237541
0.238498
0.262604
0.294947
0.218550
0.190928
0.239964
0.297138
0.126856
0.019624
0.168432
0.021688
0.296305
0.342239
0.121178
0.069495
0.290767
0.246854
0.020433
0.033571
0.273211
0.072108
0.229555
0.268452
0.211044
0.203586
0.212188
0.234657
0.282911
0.273700
0.170330
0.184780
0.207763
0.226197
0.240884
0.152554
0.264488
0.321226
0.221776
0.236872
0.086107
0.063833
0.132149
0.119734
0.295121
0.323797
0.035733
0.158353
0.252175
0.411561
0.095774
0.081601
0.234093
0.101277
0.212824
0.178566
0.277475
0.167314
0.138778
0.064046
0.269286
0.393463
0.301859
0.096884
0.077976
0.262541
0.173031
0.021072
0.269012
0.397608
0.339565
0.158600
0.056944
0.052107
0.089211
0.162835
0.315080
0.265031
0.124986
0.163424
0.185621
0.454911
0.148254
0.148764
0.235546
0.201023
0.173450
0.190404
0.239175
0.067622
0.178509
0.191536
0.235073
0.404407
0.370203
0.013725
0.085426
0.191827
0.137096
0.138243
0.259718
0.321173
0.505208
0.100701
0.179452
0.097434
0.145211
0.220067
0.279715
0.187163
0.177394
0.128220
0.136422
0.457951
0.213503
0.118662
0.280426
0.266829
0.118204
0.237214
0.238740
0.028274
0.280688
0.290814
0.168645
0.305423
0.353237
0.084305
0.092798
0.161386
0.365454
0.124055
0.227313
0.199816
0.549058
0.044394
0.250565
0.240414
0.148479
0.170682
0.386167
0.123015
0.212321
0.141419
0.164732
0.392200
0.266989
0.129438
0.343458
0.201538
0.048220
0.172595
0.286604
0.127718
0.197078
0.258832
0.134444
0.194553
0.485017
0.077079
0.027354
0.211737
0.399621
0.061151
0.070584
0.031696
0.434585
0.087464
0.196956
0.347455
0.139470
0.121438
0.323901
0.229934
0.247716
0.212779
0.205123
0.281078
0.182468
0.146295
0.270198
0.100304
0.070709
0.108804
0.285478
0.217916
0.156174
0.243991
0.135679
0.247756
0.518231
0.061208
0.044902
0.200583
0.257048
0.066991
0.166375
0.219170
0.268104
0.281663
0.140723
0.280157
0.183022
0.234507
0.071283
0.344585
0.224280
0.268383
0.159511
0.124701
0.081275
0.123113
0.193293
0.208775
0.077466
0.277419
0.415173
0.272051
0.211013
0.275805
0.139998
0.431954
0.330123
0.064388
0.100095
0.096936
0.072787
0.019464
0.170636
0.248837
0.145708
0.382314
0.159777
0.117934
0.209554
0.319830
0.104589
0.374627
0.156340
0.128547
0.134620
0.195726
0.139136
0.051689
0.235572
0.227676
0.006189
0.268485
0.423537
0.191314
0.191512
0.230239
0.143672
0.540536
0.176823
0.055415
0.182276
0.081416
0.076899
0.163370
0.013501
0.257785
0.114903
0.213812
0.095991
0.193863
0.239048
0.258301
0.098135
0.391200
0.082937
0.126734
0.252866
0.240578
0.113127
0.069540
0.248576
0.138729
0.189230
0.286442
0.296373
0.033717
0.135720
0.179386
0.107895
0.448592
0.199088
0.030689
0.262541
0.168818
0.163324
0.221746
0.101739
0.302222
0.150417
0.072368
0.089763
0.230722
0.230330
0.305982
0.170600
0.425821
0.054250
0.294784
0.269715
0.211607
0.100911
0.086514
0.362806
0.083774
0.364487
0.322271
0.095797
0.049021
0.153710
0.140596
0.085210
0.283612
0.171510
0.040890
0.149354
0.189337
0.101713
0.175407
0.148973
0.339171
0.226400
0.051343
0.262685
0.278992
0.236119
0.374508
0.224982
0.420103
0.071256
0.344520
0.262764
0.169103
0.068753
0.112015
0.402013
0.099732
0.388874
0.312784
0.157964
0.055414
0.250117
0.180796
0.224902
0.210966
0.062755
0.069812
0.145624
0.135377
0.151092
0.100589
0.176190
0.153963
0.172636
0.114986
0.403916
0.390227
0.250170
0.328881
0.201897
0.375473
0.193897
0.330626
0.325480
0.232845
0.021093
0.175710
0.296462
0.046913
0.262281
0.168307
0.259232
0.138106
0.299259
0.199550
0.341099
0.231483
0.130931
0.109637
0.175783
0.141747
0.149351
0.095150
0.235589
0.099979
0.074462
0.157507
0.405885
0.470562
0.235372
0.312399
0.121823
0.185404
0.275980
0.242196
0.287573
0.278807
0.054899
0.260871
0.166885
0.075919
0.117670
0.053219
0.199868
0.119314
0.192428
0.211089
0.378825
0.195846
0.169314
0.080890
0.174068
0.196693
0.103894
0.117241
0.202935
0.189526
0.029006
0.176396
0.350943
0.367820
0.199698
0.217477
0.164292
0.193807
0.306786
0.121995
0.234837
0.191528
0.182891
0.201283
0.078041
0.148765
0.068977
0.046055
0.119211
0.084799
0.030713
0.146096
0.313604
0.231017
0.154680
0.129229
0.239144
0.243404
0.035750
0.082438
0.152715
0.234938
0.131934
0.134157
0.322208
0.288444
0.355126
0.025783
0.336152
0.350350
0.231760
0.094211
0.165972
0.111759
0.278834
0.157663
0.065131
0.028324
0.077164
0.072548
0.158697
0.088580
0.065890
0.123504
0.172105
0.205481
0.087622
0.205814
0.219424
0.236624
0.129816
0.190553
0.094619
0.209546
0.119826
0.187767
0.301457
0.236766
0.432968
0.172493
0.325688
0.432456
0.216196
0.091616
0.050040
0.096710
0.265959
0.225825
0.232510
0.205015
0.222545
0.158949
0.139713
0.235158
0.209239
0.173456
0.166504
0.229690
0.050550
0.221798
0.127822
0.267405
0.157339
0.341544
0.140019
0.122033
0.063630
0.126426
0.404308
0.130868
0.379663
0.244686
0.211945
0.361122
0.229750
0.116678
0.175901
0.090628
0.238470
0.342569
0.332221
0.248153
0.267698
0.172553
0.086710
0.307625
0.305520
0.249433
0.240245
0.183636
0.015140
0.200996
0.101148
0.249790
0.145268
0.452401
0.313129
0.166260
0.070627
0.160383
0.499513
0.092819
0.324129
0.342767
0.094205
0.247559
0.260256
0.122297
0.232507
0.149864
0.144631
0.397495
0.231820
0.171271
0.188742
0.167722
0.028827
0.265955
0.245150
0.275817
0.274148
0.110039
0.067228
0.216137
0.166384
0.289361
0.124299
0.437966
0.436153
0.138612
0.084080
0.266724
0.596631
0.122724
0.276150
0.450504
0.060049
0.216673
0.207904
0.177107
0.160731
0.107323
0.090807
0.329850
0.071906
0.172663
0.081369
0.145685
0.128851
0.207923
0.109266
0.274019
0.231585
0.160555
0.135646
0.171866
0.154883
0.377995
0.127642
0.330804
0.442492
0.028347
0.158472
0.285422
0.514838
0.133018
0.151711
0.454853
0.079449
0.225693
0.153814
0.208548
0.096719
0.087339
0.073116
0.185900
0.165413
0.164946
0.214463
0.189675
0.297667
0.177377
0.112153
0.241977
0.249763
0.061744
0.118251
0.088021
0.172352
0.384854
0.157341
0.173197
0.281366
0.051367
0.230217
0.177977
0.292217
0.160577
0.082926
0.294390
0.086632
0.082341
0.182870
0.132314
0.108417
0.116022
0.126947
0.105193
0.164047
0.043788
0.241598
0.227284
0.341299
0.121939
0.125536
0.148679
0.333928
0.048148
0.245283
0.080148
0.075590
0.242611
0.145252
0.121628
0.087960
0.124443
0.306767
0.055226
0.093488
0.224085
0.152915
0.057444
0.109341
0.109122
0.256354
0.024177
0.048476
0.188410
0.170110
0.140075
0.092196
0.113209
0.209818
0.153573
0.311015
0.060617
0.127577
0.095615
0.422323
0.112972
0.294371
0.182641
0.064592
0.063610
0.172946
0.325404
0.096430
0.132675
0.337463
0.095630
0.244249
0.289375
0.157251
0.121149
0.130655
0.193135
0.254698
0.174498
0.092804
0.236290
0.215795
0.297803
0.136800
0.112208
0.145242
0.039596
0.288261
0.090791
0.079816
0.315381
0.423821
0.138885
0.297430
0.181254
0.055844
0.182536
0.180212
0.391156
0.257541
0.098251
0.223040
0.129714
0.266759
0.366677
0.213186
0.167881
0.188936
0.218757
0.140544
0.171569
0.188033
0.233519
0.287787
0.440262
0.186501
0.075696
0.082661
0.108911
0.221765
0.032681
0.013556
0.391493
0.357293
0.114755
0.284872
0.096055
0.027284
0.303304
0.124207
0.292405
0.272693
0.014006
0.113373
0.132080
0.308757
0.334194
0.241730
0.202455
0.239564
0.242907
0.150305
0.045349
0.103420
0.248398
0.318195
0.504794
0.168163
0.185768
0.076075
0.191820
0.160844
0.136238
0.040138
0.344014
0.216398
0.087845
0.203849
0.040734
0.067119
0.307512
0.095484
0.182146
0.180961
0.118126
0.149080
0.102948
0.306563
0.285932
0.217681
0.173195
0.186970
0.264738
0.217300
0.085715
0.013498
0.241909
0.236372
0.525201
0.156759
0.163551
0.094237
0.237230
0.144724
0.192779
0.039067
0.324573
0.173454
0.066193
0.199240
0.048161
0.128147
0.232641
0.067819
0.106666
0.103997
0.167650
0.203007
0.093977
0.293402
0.205978
0.204683
0.072647
0.049160
0.358042
0.254620
0.110810
0.029226
0.267512
0.204972
0.454492
0.162690
0.055485
0.104860
0.197553
0.033251
0.179548
0.093986
0.325951
0.183430
0.045010
0.156217
0.111322
0.138924
0.190502
0.019301
0.051883
0.088111
0.174433
0.179577
0.106919
0.204204
0.368798
0.185512
0.091374
0.068484
0.359013
0.267127
0.127271
0.045313
0.287010
0.247397
0.231606
0.184948
0.129627
0.139935
0.135176
0.119513
0.301978
0.110711
0.220148
0.281843
0.021604
0.064521
0.206360
0.204289
0.272761
0.153309
0.155890
0.056476
0.228479
0.183907
0.207165
0.083834
0.624816
0.117699
0.172370
0.102974
0.258639
0.244124
0.075115
0.078233
0.179722
0.304728
0.054124
0.161096
0.260301
0.179495
0.024345
0.314909
0.252475
0.065210
0.206820
0.350621
0.029100
0.131289
0.274134
0.168939
0.316349
0.140204
0.220506
0.047582
0.223576
0.248791
0.292730
0.166550
0.612503
0.118290
0.123534
0.038372
0.207784
0.163131
0.047060
