# G_2, p = 1.0000 GPa (dir_10000.0_bar).
# D8R-only: 24 rings x 101 frames = 2424 samples.
# Column: per-D8R Delta [A]
0.967140
1.131836
0.967139
1.131842
0.967140
1.131824
0.967139
1.131824
0.967113
1.131800
0.967113
1.131798
0.967115
1.131810
0.967121
1.131807
0.967125
1.131818
0.967130
1.131817
0.967126
1.131817
0.967130
1.131817
1.074378
1.133124
1.021545
1.204751
0.924283
1.209895
1.035588
1.169036
0.879079
1.287122
0.869388
0.954191
1.071041
1.051131
0.842132
1.193632
0.949487
1.111265
1.133263
0.987680
0.792364
1.056807
0.889971
1.094513
0.997628
1.136490
0.999327
1.302177
0.945006
1.182022
1.035992
1.174402
0.808339
1.419739
0.952300
0.866957
0.999105
0.980393
0.757683
1.216000
0.812644
0.962751
1.148398
1.026515
0.703218
1.063589
0.934272
0.985955
0.928489
1.180462
0.931658
1.454963
1.027047
1.152165
1.104055
1.225410
0.748266
1.421207
1.089159
0.887531
0.957437
1.038299
0.752286
1.219268
0.712061
0.838455
1.098203
1.151359
0.704246
1.129966
0.957245
0.927474
0.990123
1.215176
0.883966
1.631131
0.970676
1.132014
1.260575
1.223514
0.706859
1.279443
1.138904
0.847768
1.064817
1.142839
0.788223
1.182736
0.693005
0.934813
1.173665
1.110888
0.789229
1.079363
0.870057
0.939640
1.053253
1.117583
0.935707
1.554695
0.819429
1.067017
1.255729
1.176291
0.815977
1.293383
1.145938
0.828681
1.127021
1.037269
0.863457
1.209077
0.743210
1.087647
1.366881
1.056753
0.751837
0.986500
0.861078
1.067542
0.958840
0.992081
0.893423
1.389091
0.785585
0.996847
1.122101
1.143660
0.878267
1.410874
1.124449
0.734897
0.982270
0.883179
0.905593
1.406911
0.753170
1.156820
1.384825
1.083206
0.698044
0.982804
0.958628
1.133084
0.890537
0.922434
0.789159
1.300080
0.881855
1.020928
1.240750
1.096537
0.754515
1.366512
1.063074
0.656956
0.820444
0.877719
0.932135
1.622164
0.715856
1.198787
1.240138
1.115851
0.747721
0.975193
1.021615
1.201527
0.877502
0.831693
0.750469
1.245082
0.894072
1.053899
1.420105
1.060637
0.560046
1.217666
1.028530
0.733775
0.828786
0.886694
0.939682
1.579197
0.617649
1.183865
1.222104
1.013531
0.890152
0.925882
1.026016
1.287041
0.783755
0.770233
0.777827
1.178998
0.773497
0.998110
1.371811
0.940127
0.443699
1.244916
1.094931
0.780970
0.962121
0.782890
0.917254
1.422194
0.522254
1.118284
1.267321
1.016883
1.004843
0.926304
0.961807
1.434168
0.706442
0.808611
0.775323
1.149837
0.653328
0.994804
1.145243
0.933806
0.545432
1.254628
1.098931
0.748386
1.041078
0.740189
0.887225
1.255290
0.566925
1.087504
1.176083
1.086938
0.925140
0.995746
0.898575
1.397893
0.763077
0.945981
0.747923
1.174245
0.642944
1.095641
1.104726
1.005856
0.722819
1.112562
1.030300
0.685939
0.965455
0.795356
0.929482
1.134043
0.669413
1.102295
1.014759
1.067553
0.850194
0.966470
0.929222
1.291535
0.783036
0.967772
0.740337
1.128245
0.656959
1.191452
1.161410
1.017837
0.899962
0.962037
0.955990
0.757796
0.830560
0.872250
0.974643
1.062112
0.688172
1.053757
0.933816
0.966115
0.952003
0.921194
1.012211
1.188143
0.708563
0.954127
0.817874
0.944301
0.646865
1.038847
1.004900
0.878070
0.905116
0.919352
0.953185
0.847280
0.809583
0.986347
0.870946
1.014369
0.707390
0.899972
0.971160
0.910537
1.053604
0.976449
1.004665
1.095310
0.618459
0.964220
0.854345
0.766373
0.655055
0.819790
0.783055
0.804339
0.805855
0.898767
0.904279
0.862614
0.810220
1.171558
0.727663
0.870276
0.821305
0.831345
0.956122
0.979171
1.100522
0.980199
0.985186
0.926659
0.557629
1.037871
0.870044
0.687430
0.724696
0.746802
0.571771
0.801734
0.688007
0.861988
0.777210
0.966595
0.777551
1.244866
0.653025
0.688631
0.901852
0.872724
0.798656
1.040946
0.975235
0.840850
0.975638
0.795951
0.565507
1.025791
0.857883
0.792256
0.761804
0.798199
0.349727
0.865134
0.695640
0.773913
0.694492
1.226144
0.607565
1.189863
0.723697
0.579972
0.916184
0.942510
0.679103
0.923227
0.891642
0.775478
0.860745
0.815467
0.632693
0.997278
0.861738
0.778936
0.767592
0.857476
0.180303
0.964217
0.810347
0.621944
0.690574
1.336525
0.525341
1.167555
0.801969
0.565840
0.876147
0.965549
0.608976
0.728326
0.896128
0.810511
0.675870
0.852977
0.688508
0.965803
0.845814
0.659222
0.836510
0.856843
0.140755
1.031563
0.961681
0.538794
0.651884
1.328602
0.540978
1.208768
0.811093
0.490500
0.920530
0.908066
0.523053
0.713270
0.863280
0.814613
0.610380
0.799404
0.657780
0.968413
0.855600
0.623217
0.928227
0.787676
0.199479
1.054648
1.057826
0.546805
0.489427
1.298025
0.571243
1.131916
0.726309
0.344919
0.927654
0.749141
0.381715
0.772312
0.667265
0.741592
0.633101
0.735734
0.633850
0.899379
0.856385
0.735621
0.961641
0.717397
0.223266
1.006477
1.078406
0.558239
0.309107
1.378074
0.475011
1.020643
0.612552
0.264594
0.932321
0.593761
0.302878
0.714486
0.484474
0.726405
0.623090
0.775254
0.670637
0.878548
0.799523
0.727099
0.971753
0.704026
0.248365
0.922606
0.962498
0.538513
0.269749
1.313951
0.352652
0.983501
0.529311
0.376573
0.856476
0.539963
0.264740
0.685870
0.484299
0.839036
0.516251
0.708101
0.727519
0.847407
0.704181
0.578604
0.918143
0.711996
0.344906
0.796334
0.757307
0.501142
0.339148
1.081785
0.369927
0.954588
0.525202
0.486177
0.728369
0.559595
0.281029
0.891490
0.615019
0.931482
0.431104
0.545968
0.723112
0.819003
0.555562
0.447583
0.829971
0.625221
0.436386
0.683328
0.636154
0.511252
0.291798
0.821889
0.509630
0.834067
0.579757
0.524540
0.654568
0.611449
0.280134
1.023648
0.579387
1.005211
0.369454
0.470738
0.642178
0.791692
0.385032
0.476012
0.704304
0.508492
0.464524
0.695474
0.649526
0.473023
0.187200
0.731590
0.689362
0.738668
0.556509
0.462178
0.690931
0.740498
0.284669
0.929861
0.374447
0.987418
0.224151
0.564567
0.621304
0.836031
0.263467
0.476700
0.612232
0.521554
0.483146
0.658818
0.645960
0.411028
0.281819
0.735174
0.766830
0.676327
0.489751
0.313593
0.735196
0.778690
0.306535
0.755302
0.258772
0.956341
0.095504
0.571549
0.589015
0.867190
0.204688
0.436746
0.599903
0.583560
0.582652
0.581610
0.603271
0.419943
0.491606
0.677133
0.729163
0.571757
0.447455
0.318075
0.715286
0.662898
0.240570
0.707628
0.375913
0.919164
0.280896
0.522875
0.567471
0.738906
0.177047
0.449192
0.545449
0.563789
0.716089
0.496503
0.491227
0.548798
0.546706
0.539762
0.673223
0.488086
0.430622
0.473479
0.651334
0.572416
0.177601
0.661302
0.504084
0.805361
0.411744
0.502744
0.559511
0.586412
0.259327
0.519634
0.443380
0.538325
0.767109
0.534781
0.366054
0.674611
0.453800
0.427647
0.618244
0.532197
0.389991
0.647527
0.619572
0.643930
0.263277
0.504919
0.402845
0.618229
0.361818
0.449087
0.583311
0.489573
0.507932
0.516356
0.313682
0.578287
0.734924
0.571244
0.227886
0.755588
0.455853
0.368948
0.610483
0.525291
0.346429
0.704885
0.532679
0.600552
0.380051
0.384240
0.285662
0.422073
0.298613
0.431898
0.476288
0.429879
0.562213
0.488429
0.257786
0.680649
0.622638
0.523012
0.143142
0.742941
0.591698
0.307722
0.539095
0.311493
0.321704
0.758489
0.450971
0.456720
0.395442
0.411363
0.267622
0.324398
0.393998
0.427038
0.461849
0.313132
0.440457
0.528276
0.265543
0.708236
0.516674
0.464553
0.154157
0.686347
0.596695
0.249453
0.507235
0.103516
0.395164
0.811521
0.414954
0.400327
0.372106
0.435171
0.300409
0.301491
0.369762
0.520956
0.379515
0.143261
0.378332
0.631242
0.268337
0.709684
0.418517
0.462650
0.213196
0.722735
0.409028
0.143098
0.484286
0.129453
0.479363
0.794369
0.412455
0.478483
0.547096
0.411619
0.321120
0.251148
0.454126
0.626971
0.397854
0.223777
0.308992
0.643847
0.108037
0.670773
0.398243
0.467546
0.223603
0.789410
0.317929
0.197515
0.428161
0.081314
0.468238
0.748348
0.285307
0.437098
0.749176
0.443670
0.368463
0.262045
0.466052
0.594129
0.418601
0.258623
0.342018
0.562651
0.072657
0.542217
0.352573
0.467886
0.166198
0.839597
0.398728
0.160939
0.312900
0.163013
0.318558
0.824251
0.132002
0.341811
0.758367
0.505705
0.367413
0.332030
0.528654
0.448712
0.319860
0.253860
0.352419
0.430145
0.076619
0.440251
0.245671
0.340657
0.103132
0.780314
0.493763
0.180976
0.268099
0.181239
0.199230
0.887033
0.127873
0.391053
0.622931
0.424648
0.323842
0.322184
0.613204
0.363641
0.107033
0.338133
0.378091
0.342491
0.150778
0.394969
0.185388
0.231900
0.072975
0.780640
0.384153
0.189072
0.266420
0.128305
0.271163
0.766103
0.078098
0.399036
0.611670
0.259231
0.267381
0.315860
0.586769
0.485151
0.080504
0.309266
0.460420
0.397981
0.166558
0.424833
0.125662
0.245903
0.191973
0.810683
0.267933
0.077597
0.309010
0.133685
0.397791
0.589592
0.127346
0.431250
0.567536
0.236135
0.291270
0.337001
0.543976
0.640654
0.071034
0.111269
0.543550
0.560002
0.219309
0.484583
0.217932
0.360265
0.155221
0.672271
0.300213
0.087879
0.301750
0.239331
0.368593
0.582628
0.121385
0.381278
0.359106
0.335204
0.325984
0.445046
0.551732
0.589407
0.103463
0.140226
0.617830
0.591495
0.141798
0.478484
0.305456
0.378734
0.207947
0.454551
0.394721
0.109083
0.265373
0.356678
0.256475
0.561566
0.246124
0.361049
0.144071
0.361884
0.247918
0.461828
0.479095
0.490679
0.147063
0.196898
0.625470
0.515399
0.344078
0.430993
0.364848
0.288487
0.170769
0.287514
0.420914
0.189296
0.146138
0.430219
0.237154
0.375971
0.245618
0.363388
0.153675
0.272248
0.166304
0.307675
0.334669
0.521556
0.107424
0.185240
0.603998
0.468523
0.474339
0.298166
0.313142
0.280296
0.214719
0.216607
0.357586
0.311813
0.253721
0.444584
0.298108
0.204850
0.129139
0.323318
0.210819
0.224949
0.138233
0.129954
0.263112
0.572848
0.147622
0.264746
0.549149
0.489479
0.511294
0.217123
0.339583
0.343988
0.257177
0.149753
0.343003
0.347618
0.388510
0.409029
0.202033
0.256871
0.043407
0.264891
0.224636
0.264203
0.174850
0.143981
0.300276
0.520100
0.249475
0.393830
0.441746
0.384825
0.556714
0.157561
0.448021
0.209945
0.246588
0.247806
0.331733
0.397391
0.439051
0.316213
0.171316
0.241079
0.100282
0.272765
0.217697
0.263116
0.210612
0.247894
0.395150
0.403996
0.254760
0.507631
0.394688
0.284056
0.530621
0.183744
0.532693
0.147390
0.158930
0.280612
0.321881
0.459459
0.276288
0.374760
0.184877
0.067873
0.147211
0.285504
0.300448
0.200759
0.267506
0.322609
0.403533
0.362563
0.273444
0.536417
0.299311
0.233610
0.411450
0.262350
0.502170
0.153944
0.128613
0.164647
0.302739
0.573735
0.149625
0.557667
0.199640
0.086817
0.258794
0.284106
0.272274
0.250136
0.283418
0.353505
0.267443
0.273941
0.357621
0.594957
0.126651
0.180900
0.402019
0.335187
0.456704
0.177105
0.189800
0.292468
0.299592
0.626255
0.135859
0.775417
0.163173
0.114458
0.271208
0.206456
0.151727
0.299044
0.368752
0.384349
0.223459
0.149202
0.440159
0.698068
0.029909
0.064711
0.481458
0.300931
0.511369
0.106455
0.296546
0.260110
0.320090
0.719692
0.227951
0.760007
0.075757
0.228552
0.267385
0.132131
0.104743
0.182421
0.392045
0.462268
0.200983
0.087657
0.358827
0.785946
0.095822
0.079813
0.491230
0.286181
0.538770
0.120325
0.390524
0.182696
0.258265
0.760330
0.312143
0.587918
0.074314
0.281605
0.335545
0.224763
0.160452
0.029605
0.270590
0.505248
0.173179
0.223474
0.270439
0.769682
0.155101
0.176379
0.358736
0.304666
0.477022
0.159816
0.432068
0.123638
0.157049
0.740588
0.351406
0.489503
0.158884
0.188533
0.468825
0.247126
0.123614
0.067302
0.199222
0.428623
0.062609
0.241556
0.182117
0.666075
0.290271
0.246267
0.203398
0.207304
0.281722
0.081445
0.403045
0.155870
0.097585
0.655418
0.346403
0.512058
0.239962
0.045684
0.514880
0.227906
0.023824
0.186281
0.241669
0.318630
0.195764
0.228653
0.260977
0.541061
0.378930
0.311104
0.090295
0.171127
0.121450
0.066637
0.419751
0.206644
0.056127
0.641030
0.352734
0.477452
0.285302
0.106116
0.478233
0.327897
0.075118
0.279768
0.226978
0.248294
0.305787
0.315357
0.388548
0.390181
0.328804
0.360496
0.047582
0.162761
0.088471
0.115811
0.479246
0.245291
0.178111
0.548401
0.271226
0.372836
0.237729
0.166744
0.436151
0.454816
0.025901
0.264420
0.121960
0.193639
0.262760
0.188052
0.419051
0.323180
0.422582
0.377336
0.092736
0.069772
0.226058
0.299968
0.467629
0.224959
0.370791
0.407964
0.148972
0.188874
0.285401
0.164197
0.444538
0.511400
0.051684
0.267303
0.185302
0.120007
0.321093
0.074974
0.363586
0.278460
0.492327
0.313724
0.181396
0.150968
0.304738
0.318693
0.318279
0.138699
0.415976
0.206120
0.089588
0.073774
0.342189
0.169806
0.418471
0.449721
0.024489
0.242996
0.406853
0.127421
0.328793
0.031087
0.351659
0.231948
0.461665
0.260152
0.288047
0.308261
0.227185
0.155874
0.250619
0.120677
0.295257
0.116625
0.127779
0.059790
0.301732
0.189532
0.249587
0.308939
0.007286
0.200460
0.408581
0.186093
0.319553
0.005224
0.354198
0.156846
0.289012
0.282697
0.269854
0.255640
0.249595
0.150047
0.267564
0.262731
0.159583
0.243731
0.183668
0.127626
0.153293
0.172458
0.077446
0.249592
0.085240
0.187120
0.347868
0.272740
0.317010
0.199536
0.311763
0.118013
0.284290
0.295456
0.200789
0.199988
0.372699
0.207180
0.236103
0.297733
0.198387
0.272690
0.194649
0.182354
0.228739
0.268372
0.053605
0.233214
0.175496
0.151816
0.298985
0.375938
0.320271
0.402475
0.236141
0.142954
0.252661
0.187598
0.199102
0.285288
0.291990
0.345612
0.101948
0.380714
0.145853
0.199783
0.161435
0.121599
0.168774
0.477806
0.011895
0.190134
0.181424
0.101456
0.215628
0.389290
0.287859
0.292271
0.192069
0.288229
0.245957
0.091670
0.260761
0.281081
0.312740
0.310866
0.126554
0.543728
0.150939
0.133446
0.190461
0.077145
0.217950
0.588758
0.107529
0.156778
0.003275
0.137182
0.095927
0.291684
0.273588
0.288260
0.241815
0.267383
0.286086
0.093288
0.289173
0.294892
0.246153
0.241630
0.180418
0.653607
0.229204
0.193316
0.220727
0.095829
0.171401
0.639148
0.184437
0.158045
0.037665
0.264437
0.087499
0.293586
0.322519
0.297630
0.148214
0.237866
0.354296
0.269843
0.234953
0.284028
0.269216
0.279811
0.117673
0.535147
0.311343
0.204481
0.210173
0.067232
0.094319
0.596439
0.139556
0.191031
0.127095
0.330248
0.108083
0.311350
0.360280
0.269971
0.058453
0.266030
0.397180
0.433527
0.197188
0.311877
0.223840
0.282998
0.067109
0.391430
0.409192
0.212831
0.157051
0.056598
0.083276
0.539439
0.153456
0.207813
0.269425
0.302870
0.122501
0.290250
0.204099
0.297164
0.209878
0.276778
0.386730
0.518603
0.231137
0.310462
0.386426
0.302426
0.100379
0.347235
0.423381
0.237756
0.146636
0.071593
0.064163
0.508057
0.080046
0.203239
0.282493
0.309356
0.305799
0.262867
0.143667
0.299774
0.273626
0.192737
0.343611
0.589144
0.186532
0.387391
0.478155
0.270694
0.212188
0.374922
0.440875
0.258630
0.161127
0.188390
0.115690
0.555935
0.170281
0.283170
0.168107
0.242536
0.391535
0.236790
0.141182
0.317665
0.208493
0.195417
0.365229
0.525187
0.165880
0.493854
0.508151
0.186337
0.311368
0.405795
0.479635
0.298965
0.166541
0.250051
0.066929
0.561843
0.128075
0.341183
0.213315
0.155983
0.326950
0.294519
0.158382
0.355206
0.154792
0.112319
0.440855
0.343909
0.246830
0.542377
0.555377
0.129470
0.252036
0.424409
0.561051
0.391600
0.176029
0.212043
0.193734
0.499275
0.110388
0.325292
0.347056
0.097275
0.219321
0.242776
0.124616
0.372170
0.191851
0.040855
0.460613
0.141528
0.346536
0.407809
0.546322
0.186825
0.194164
0.431165
0.557606
0.333275
0.188763
0.151159
0.135986
0.382437
0.129038
0.246539
0.394480
0.102325
0.135227
0.221676
0.268027
0.320039
0.172811
0.104601
0.384355
0.097990
0.423969
0.277716
0.453018
0.304215
0.122763
0.400117
0.461215
0.160734
0.228898
0.174231
0.098708
0.317282
0.110488
0.111583
0.371204
0.104397
0.100991
0.254385
0.265802
0.347716
0.223023
0.183310
0.352300
0.123300
0.399016
0.233933
0.304404
0.326489
0.082124
0.445780
0.403453
0.156984
0.240152
0.147986
0.059084
0.307138
0.149001
0.023021
0.276693
0.152653
0.133651
0.266856
0.286792
0.330379
0.260770
0.162275
0.380109
0.226770
0.264116
0.315630
0.178992
0.263822
0.145942
0.376708
0.436899
0.251604
0.220346
0.080476
0.155692
0.328049
0.254911
0.090337
0.284721
0.247121
0.139521
0.276128
0.372401
0.228600
0.235933
0.085174
0.282746
0.297563
0.051481
0.284610
0.105337
0.216192
0.223091
0.265358
0.387630
0.397847
0.230482
0.156282
0.251854
0.237767
0.302596
0.161371
0.330240
0.288294
0.187407
0.305310
0.262280
0.188089
0.189514
0.159790
0.107679
0.284524
0.260907
0.273044
0.059580
0.148990
0.230446
0.265143
0.283959
0.501050
0.151758
0.243747
0.201606
0.156898
0.210447
0.284309
0.405277
0.273900
0.136124
0.358766
0.302923
0.317923
0.210392
0.258441
0.087800
0.364573
0.429052
0.188530
0.053504
0.095387
0.148966
0.180933
0.129890
0.602180
0.061392
0.368809
0.254814
0.082315
0.149166
0.389373
0.351010
0.205389
0.030106
0.291893
0.272508
0.343672
0.244546
0.308530
0.107362
0.381513
0.465647
0.134986
0.147822
0.067072
0.187008
0.182696
0.066600
0.624475
0.277013
0.420838
0.367584
0.045245
0.244972
0.350623
0.201654
0.092053
0.136795
0.307634
0.317379
0.190814
0.253142
0.300699
0.218026
0.267366
0.467001
0.123672
0.239896
0.044156
0.414324
0.108796
0.240421
0.616970
0.327568
0.511472
0.423310
0.115796
0.379976
0.332869
0.109342
0.229061
0.085631
0.391934
0.337345
0.172860
0.256516
0.216162
0.316929
0.268669
0.403816
0.232288
0.228431
0.155846
0.537202
0.066669
0.276818
0.601148
0.230399
0.547109
0.371978
0.139164
0.419876
0.401745
0.167349
0.312361
0.108547
0.422336
0.284313
0.093290
0.275961
0.169959
0.284643
0.331914
0.485060
0.238825
0.159956
0.129724
0.555646
0.116857
0.270672
0.550043
0.154925
0.499742
0.324603
0.046979
0.389630
0.303561
0.128491
0.314174
0.306670
0.470003
0.214814
0.189579
0.227048
0.214646
0.302850
0.411482
0.492506
0.208597
0.081344
0.108690
0.452120
0.147660
0.286253
0.446845
0.165326
0.542658
0.306541
0.051298
0.364835
0.164934
0.091424
0.233117
0.493560
0.492421
0.284512
0.271801
0.163592
0.360187
0.405483
0.404339
0.513748
0.226084
0.096701
0.111991
0.383063
0.091807
0.232921
0.433762
0.072205
0.582530
0.303547
0.071589
0.267551
0.150652
0.178498
0.250424
0.478087
0.433323
0.329990
0.243898
0.156630
0.545246
0.382448
0.398861
0.506704
0.289348
0.107231
0.200122
0.441794
0.104540
0.225042
0.528577
0.100701
0.658282
0.283783
0.110419
0.144224
0.256181
0.307072
0.266105
0.347538
0.383036
0.188874
0.138445
0.191245
0.542487
0.290895
0.427293
0.441854
0.265736
0.079170
0.314531
0.533115
0.113183
0.235115
0.577937
0.110464
0.742243
0.223317
0.081262
0.111615
0.303027
0.358891
0.283854
0.381457
0.399390
0.141781
0.294302
0.199915
0.383896
0.234596
0.398764
0.394026
0.214690
0.137400
0.284816
0.490143
0.051513
0.230138
0.519412
0.174416
0.767781
0.239036
0.091493
0.136641
0.269718
0.407957
0.262039
0.350448
0.405310
0.012244
0.420613
0.220919
0.272740
0.263124
0.253992
0.449294
0.168497
0.088438
0.272824
0.399425
0.133937
0.130419
0.390752
0.310855
0.740877
0.287181
0.122153
0.199418
0.190379
0.296019
0.217221
0.242321
0.365863
0.081729
0.475750
0.313968
0.340515
0.198770
0.144059
0.485665
0.129685
0.019365
0.274845
0.388307
0.073398
0.220683
0.247498
0.424994
0.613632
0.224314
0.213712
0.204259
0.214711
0.139955
0.211993
0.329780
0.305480
0.138674
0.330308
0.371095
0.470663
0.129022
0.172904
0.472972
0.260111
0.077172
0.305679
0.388379
0.025108
0.243757
0.147711
0.514626
0.444137
0.118532
0.161548
0.241484
0.364867
0.099355
0.282660
0.274031
0.269628
0.225503
0.244891
0.310346
0.541393
0.089401
0.295541
0.341652
0.355001
0.145853
0.285987
0.250522
0.113137
0.325018
0.128961
0.521697
0.390272
0.120563
0.120671
0.290585
0.487560
0.252971
0.323612
0.220057
0.302799
0.289920
0.224640
0.217912
0.548840
0.062969
0.293164
0.251955
0.312733
0.243491
0.247473
0.089326
0.318548
0.400077
0.093034
0.580406
0.440928
0.091890
0.183135
0.270115
0.405422
0.343800
0.371456
0.232948
0.306130
0.257868
0.305751
0.262787
0.473647
0.105008
0.295215
0.219724
0.239317
0.373946
0.241745
0.035801
0.368005
0.407546
0.343062
0.600261
0.371283
0.128050
0.509238
0.275499
0.306687
0.369684
0.324223
0.254426
0.319586
0.245792
0.429539
0.339301
0.305138
0.073611
0.325928
0.196119
0.204330
0.503320
0.257131
0.146140
0.343279
0.312492
0.415775
0.505934
0.235197
0.218413
0.734963
0.309374
0.291017
0.386080
0.301178
0.193474
0.237912
0.327405
0.528695
0.310646
0.281934
0.114567
0.372205
0.324924
0.225380
0.587331
0.305656
0.072743
0.419747
0.291072
0.292043
0.417030
0.092262
0.142886
0.694478
0.360415
0.284380
0.411273
0.295845
0.380057
0.174244
0.388287
0.553456
0.201130
0.362053
0.107669
0.319995
0.323237
0.231410
0.657632
0.326611
0.116109
0.591546
0.391892
0.259225
0.459396
0.125835
0.203342
0.581416
0.318135
0.220557
0.424730
0.316299
0.426726
0.267297
0.373216
0.575925
0.203689
0.461754
0.170138
0.226788
0.283992
0.260915
0.678454
0.383819
0.081713
0.697168
0.491039
0.409054
0.466790
0.196945
0.250027
0.698760
0.235300
0.215982
0.467881
0.324345
0.462108
0.290227
0.392891
0.577280
0.208099
0.404609
0.126838
0.229783
0.314784
0.323019
0.619585
0.538430
0.152343
0.701934
0.540807
0.378287
0.406664
0.157642
0.237956
0.809324
0.204185
0.258949
0.421822
0.282195
0.477148
0.288100
0.424420
0.533257
0.223984
0.364637
0.229776
0.203343
0.384304
0.490162
0.638206
0.544412
0.179888
0.759690
0.591486
0.153776
0.341890
0.122092
0.256126
0.828088
0.231434
0.329324
0.401543
0.198825
0.416631
0.257386
0.411957
0.503727
0.197203
0.334120
0.358296
0.273573
0.278163
0.580315
0.617267
0.374254
0.095642
0.790926
0.659705
0.150663
0.301662
0.096852
0.303583
0.739889
0.315281
0.388208
0.365762
0.175404
0.265275
0.234572
0.339222
0.522314
0.151923
0.332730
0.479289
0.431540
0.327732
0.611185
0.527080
0.258493
0.129598
0.771510
0.655927
0.214149
0.277964
0.124508
0.413967
0.704056
0.335143
0.503280
0.282406
0.180137
0.205327
0.247793
0.342095
0.501412
0.146225
0.310614
0.556593
0.512624
0.362099
0.627363
0.383767
0.275067
0.218797
0.635406
0.607029
0.363055
0.140464
0.167740
0.580822
0.605661
0.311135
0.577042
0.199831
0.249396
0.228435
0.316591
0.399092
0.486456
0.214528
0.367043
0.645392
0.500950
0.221619
0.577236
0.365057
0.305413
0.284109
0.577219
0.672271
0.518442
0.116362
0.122092
0.633108
0.522791
0.289486
0.532071
0.190397
0.354372
0.304584
0.381234
0.427668
0.501269
0.326668
0.392452
0.791151
0.442411
0.128921
0.545662
0.254390
0.297690
0.346262
0.614720
0.665108
0.505660
0.198128
0.080005
0.537193
0.512075
0.223717
0.497877
0.270983
0.458051
0.293873
0.348094
0.411920
0.517554
0.388136
0.365963
0.880409
0.511784
0.278768
0.478256
0.195182
0.368454
0.405799
0.595598
0.533441
0.505965
0.253542
0.142390
0.422273
0.594189
0.123266
0.491678
0.375814
0.446237
0.247773
0.285263
0.439996
0.502779
