# G_3, p = 1.0000 GPa (dir_10000.0_bar).
# D8R-only: 36 rings x 101 frames = 3636 samples.
# Column: per-D8R Delta [A]
1.301011
1.181540
1.070854
1.301016
1.181542
1.070853
1.301013
1.181529
1.070854
1.301016
1.181531
1.070865
1.301006
1.181350
1.070662
1.301010
1.181350
1.070677
1.301007
1.181349
1.070658
1.301010
1.181350
1.070665
1.301016
1.181615
1.070924
1.301031
1.181615
1.070923
1.301015
1.181614
1.070929
1.301020
1.181615
1.070935
1.393302
1.219032
1.025338
1.440357
1.184601
1.018314
1.436667
1.206836
1.223835
1.332168
1.063256
1.063905
1.462191
1.136755
1.070748
1.467145
1.124510
0.952675
1.172507
1.154441
0.880007
1.376052
1.199713
1.185011
1.247800
1.217685
1.103367
1.371613
1.241618
0.968271
1.372494
1.082032
1.227928
1.251079
1.252087
0.858516
1.473672
1.168453
1.044263
1.481621
1.169432
0.998677
1.557277
1.313715
1.372539
1.381175
1.170692
1.100615
1.536127
1.055659
0.911640
1.370491
1.052356
0.867627
1.079216
1.159620
0.963844
1.421369
1.290802
1.028492
1.250330
1.243368
1.058843
1.490855
1.235179
1.061095
1.399276
0.921786
1.227509
1.106508
1.238360
0.735237
1.500706
1.071853
1.068565
1.466548
1.149936
1.083817
1.610777
1.399133
1.451239
1.454974
1.247923
1.052440
1.455442
1.078393
0.714249
1.306705
1.054200
0.885968
1.172395
1.050683
1.121705
1.531307
1.373989
0.852395
1.346365
1.261281
1.009952
1.588259
1.172672
1.218975
1.356873
0.839860
1.129119
1.091754
1.171054
0.705739
1.451795
0.993339
1.042890
1.534953
1.220058
1.147907
1.666150
1.327138
1.467533
1.353076
1.172362
0.835600
1.361872
1.116181
0.628122
1.341206
1.082908
0.916068
1.266303
1.020999
0.984266
1.638112
1.394598
0.962185
1.454108
1.317055
0.957977
1.547172
1.131118
1.177570
1.221027
0.886526
1.075795
1.291548
1.200977
0.607332
1.342374
0.936057
1.005646
1.617051
1.273677
1.111172
1.739833
1.230088
1.422186
1.265462
1.101802
0.737587
1.303894
1.049429
0.634246
1.433582
1.043610
0.897716
1.297226
1.126530
0.893772
1.654403
1.342179
1.139387
1.356334
1.305500
0.949212
1.480527
1.170285
1.078267
1.189761
1.009736
1.088812
1.406008
1.281238
0.476116
1.332835
0.875961
1.074661
1.498540
1.342637
1.001707
1.669846
1.232955
1.370278
1.357149
1.069362
0.797651
1.293072
1.008790
0.668286
1.525361
0.992521
0.862714
1.238571
1.183967
1.020139
1.481296
1.346488
1.091542
1.151259
1.308792
0.954051
1.462231
1.182389
1.107891
1.251903
1.022335
1.075801
1.292414
1.365686
0.470786
1.430642
0.809896
1.065460
1.493190
1.418461
0.972337
1.511038
1.257609
1.312208
1.457007
1.015037
0.842379
1.249013
1.068962
0.697231
1.639194
1.036412
0.904615
1.197154
1.135708
1.118555
1.397371
1.372422
0.918703
1.154047
1.323284
0.933475
1.449410
1.224583
1.156691
1.283416
0.990168
1.086617
1.146836
1.403828
0.545511
1.540904
0.860347
1.019491
1.544836
1.354965
1.033669
1.315208
1.265037
1.311461
1.403566
0.903471
0.836712
1.129145
1.153327
0.764243
1.592477
1.089381
0.991072
1.100926
1.129229
1.097143
1.378054
1.297779
0.938094
1.237833
1.290174
0.919089
1.372897
1.289960
1.127540
1.265071
0.952253
1.061159
1.072721
1.342354
0.673785
1.573816
0.942663
1.010750
1.542859
1.208112
1.130527
1.212516
1.227034
1.258824
1.282957
0.918096
0.873284
1.035475
1.070956
0.928512
1.505190
1.133992
1.053435
1.075523
1.263428
1.148679
1.351143
1.194785
1.059480
1.313316
1.148953
0.963545
1.343035
1.323612
1.006683
1.358128
1.028808
0.970613
1.056065
1.190724
0.855120
1.471690
1.043000
0.986627
1.426771
1.128068
1.186919
1.255766
1.213636
1.191082
1.133731
0.933458
0.829906
1.029732
1.025399
1.015460
1.375878
1.201540
1.056178
1.265046
1.292256
1.194749
1.322630
1.223000
1.083398
1.286267
1.103419
0.979548
1.360804
1.251254
0.997373
1.435393
1.139321
0.846748
1.029397
1.028711
0.963091
1.401660
1.030046
0.890154
1.355295
1.136092
1.203319
1.236834
1.116598
1.138060
1.045611
0.914967
0.713289
1.051099
1.026660
1.013842
1.299094
1.294460
1.155268
1.462977
1.135352
1.127314
1.232092
1.251533
1.039147
1.229032
1.187909
0.920657
1.305180
1.121537
1.013791
1.368372
1.222929
0.764408
1.098570
0.927661
0.849047
1.273985
1.044638
0.757691
1.319609
1.141732
1.221629
1.132540
1.029104
1.113655
0.999395
0.911247
0.698792
1.017816
0.997663
0.952766
1.124743
1.236435
1.246070
1.386865
1.045426
0.942998
1.104799
1.165797
1.022126
1.019847
1.294162
0.891473
1.164034
1.113991
1.000453
1.264507
1.191152
0.731365
1.045495
0.956340
0.760806
1.089032
1.078149
0.668412
1.231725
1.133147
1.279070
1.077041
1.039656
1.033137
0.986001
0.991135
0.821344
0.976905
0.899325
0.801679
0.943274
1.150314
1.180291
1.252407
1.075105
0.813209
0.950260
1.092436
1.067651
0.936046
1.179188
0.966519
1.078032
1.140363
1.032305
1.251345
1.154510
0.733258
1.005726
0.976092
0.838579
0.963160
1.157360
0.614109
1.044741
1.263139
1.243964
1.075534
1.042734
0.973283
0.907752
0.940095
0.965343
0.988564
0.940066
0.740104
0.907232
1.119822
1.046808
1.182596
1.012238
0.793179
0.952184
1.170501
0.996023
0.994231
1.022094
1.062654
1.039815
1.067198
1.087569
1.203606
1.183657
0.710358
1.125497
0.907085
1.008457
1.013175
1.106535
0.516268
1.007026
1.331035
1.134373
1.027844
1.004274
0.967542
0.792329
0.859887
0.927133
0.974924
1.093569
0.796048
0.952432
1.079570
1.051667
1.158835
0.902603
0.787031
1.080592
1.243105
0.867040
1.118330
0.939731
1.109312
0.955241
1.034630
1.102801
1.192278
1.064170
0.718449
1.258182
0.850323
1.096688
0.997690
1.057272
0.492113
1.172617
1.170569
1.070554
0.986767
0.933712
0.989958
0.721925
0.872619
0.862220
0.959821
1.229078
0.877234
0.915726
1.060645
1.089692
1.061635
0.887398
0.856487
1.164164
1.230820
0.781486
1.218634
0.963996
1.052208
0.887758
1.118098
1.135672
1.261433
0.920219
0.693566
1.172658
0.961949
1.153989
0.799440
1.033335
0.565248
1.283675
1.026803
0.971464
1.092191
0.886799
0.992739
0.810091
0.954117
0.853781
0.984267
1.134047
0.966693
0.979695
1.054501
1.154456
1.028548
0.956686
0.885826
1.037364
1.039750
0.769747
1.292403
0.893181
0.995810
0.872968
1.199196
1.142684
1.381104
0.967819
0.711046
1.151076
1.121127
1.163503
0.624001
1.101520
0.588941
1.189204
0.989943
0.847956
1.190988
0.810813
0.897578
0.957139
0.966798
0.873114
1.004468
0.960492
1.022273
1.093072
1.138039
1.155036
1.080510
0.981058
0.836253
0.940980
0.881154
0.783037
1.226027
0.782267
0.944885
0.904744
1.078586
1.125821
1.418228
1.182926
0.835428
1.210440
1.114344
1.165820
0.687493
1.030073
0.533608
1.052575
0.937432
0.675422
1.141782
0.705299
0.754884
0.997618
0.914881
0.874254
1.097693
0.907644
0.956805
1.096284
1.114520
1.105970
1.044025
0.957947
0.760410
0.875476
0.826854
0.736955
1.105265
0.714867
0.864122
0.855168
0.962334
0.994932
1.224021
1.223137
0.967475
1.287866
0.993245
1.129766
0.790188
0.954640
0.581531
0.971184
0.846408
0.538160
1.039032
0.634150
0.681754
0.961525
0.885609
0.920603
1.195780
0.926570
0.847693
0.953077
0.920191
0.962146
0.941257
0.932012
0.671756
0.941918
0.789886
0.625319
1.003456
0.633822
0.785037
0.864195
1.023651
0.828647
1.066977
1.029798
1.044793
1.166830
0.883210
1.084148
0.829594
0.919213
0.671515
0.874840
0.743817
0.468651
1.026244
0.651776
0.548301
0.915269
0.827521
0.997601
1.212929
0.893496
0.771196
0.875148
0.675262
0.861664
0.860248
0.851414
0.631491
0.916568
0.645215
0.565185
1.049908
0.574001
0.690959
0.862368
1.003553
0.718325
0.939209
0.750757
1.004635
1.087212
0.768013
1.157538
0.853097
1.021082
0.736229
0.830621
0.643905
0.461429
1.055645
0.708002
0.438506
0.898085
0.783817
0.977050
1.131459
0.755752
0.755911
0.896221
0.551909
0.770869
0.817045
0.752085
0.692848
0.883731
0.546585
0.621590
1.049829
0.569738
0.600826
0.849295
0.749611
0.652460
0.903080
0.623072
1.011919
1.082480
0.652127
1.159239
0.898476
1.072416
0.783286
0.783987
0.461264
0.594653
1.077147
0.624731
0.353211
0.922705
0.843121
0.963373
1.018489
0.638170
0.825771
0.986295
0.518160
0.620564
0.744315
0.740721
0.770237
0.834450
0.587062
0.738303
0.993066
0.590195
0.580822
0.873992
0.534509
0.566806
0.904992
0.568323
0.968464
1.060163
0.582363
0.986787
0.892801
1.028060
0.864598
0.802071
0.282527
0.730305
1.143259
0.605631
0.377390
0.971225
0.996703
0.898164
1.054583
0.632604
0.839187
0.971017
0.594708
0.351022
0.678975
0.750335
0.719550
0.915106
0.725746
0.764734
0.947306
0.669483
0.518030
0.875409
0.588249
0.488546
0.883654
0.543718
0.873887
0.946645
0.561477
0.678393
0.771898
0.953695
0.973890
0.814361
0.298596
0.625495
1.225313
0.678337
0.442987
1.080308
1.045532
0.784223
1.131418
0.748639
0.753637
0.911585
0.605270
0.176195
0.643476
0.806514
0.567950
0.938098
0.762130
0.688449
1.005063
0.811297
0.470872
0.825742
0.653413
0.387361
0.726492
0.553238
0.802990
0.964819
0.604012
0.442342
0.760284
0.923065
0.951078
0.772170
0.472042
0.428875
1.144645
0.696535
0.548518
1.193079
0.986797
0.689030
1.143420
0.759656
0.643007
0.801536
0.660956
0.153477
0.639699
0.839720
0.516080
0.917443
0.763373
0.548713
0.998610
0.889337
0.413747
0.800509
0.558536
0.354409
0.552825
0.619156
0.857903
0.991230
0.637369
0.311806
0.879507
0.863522
0.843037
0.768179
0.550573
0.417785
0.895845
0.553405
0.543297
1.170952
0.948716
0.674765
1.218106
0.676989
0.567129
0.678230
0.616518
0.280571
0.626785
0.854003
0.590241
0.922676
0.775999
0.530893
0.981912
0.887991
0.398638
0.755462
0.509765
0.398222
0.429153
0.661347
0.864502
0.888319
0.732795
0.281013
1.015821
0.782276
0.826047
0.800308
0.477308
0.510159
0.741104
0.427548
0.503659
1.056653
0.898503
0.603422
1.252844
0.653931
0.534971
0.576553
0.545591
0.317771
0.658707
0.856144
0.629428
0.941970
0.799245
0.543883
0.945321
0.902883
0.460358
0.844021
0.567246
0.433751
0.364771
0.634730
0.761524
0.685737
0.835896
0.222679
1.062397
0.845360
0.890618
0.810438
0.398822
0.490659
0.697576
0.495636
0.532596
0.918003
0.802043
0.474835
1.192271
0.620518
0.532139
0.642719
0.517276
0.254197
0.709801
0.825773
0.496309
0.841112
0.617331
0.511915
0.907196
0.959270
0.580960
0.952087
0.631816
0.438640
0.328945
0.617467
0.602952
0.685108
0.847842
0.096758
1.052709
0.887783
0.901546
0.737634
0.435403
0.441873
0.720697
0.584043
0.616817
0.852688
0.729590
0.364029
1.061505
0.527447
0.552264
0.734697
0.530518
0.252215
0.769122
0.825550
0.398861
0.695165
0.446831
0.470717
0.803580
0.856710
0.570499
0.949135
0.617214
0.395525
0.343800
0.639318
0.437881
0.773054
0.791744
0.137623
1.052168
0.771528
0.848507
0.640194
0.474844
0.490210
0.795378
0.558415
0.632251
0.909813
0.705270
0.294893
0.980783
0.490962
0.547514
0.754204
0.552113
0.371591
0.794352
0.809447
0.481489
0.581083
0.372582
0.483902
0.831017
0.718566
0.529778
0.791047
0.628508
0.418903
0.429718
0.673639
0.278119
0.773223
0.662366
0.305295
1.029332
0.617883
0.791224
0.687421
0.495894
0.531543
0.737030
0.523816
0.551915
1.090845
0.670045
0.255051
0.916379
0.530425
0.542696
0.605323
0.633163
0.478335
0.798059
0.857160
0.610940
0.642974
0.330130
0.549919
0.853633
0.713211
0.544283
0.689579
0.725751
0.447146
0.582791
0.666336
0.172082
0.724230
0.537299
0.361545
0.963962
0.563340
0.694321
0.792897
0.554382
0.418710
0.583241
0.551370
0.478562
1.114135
0.622016
0.203769
0.795338
0.624950
0.554686
0.580320
0.670342
0.551582
0.778730
0.921883
0.568277
0.736055
0.305785
0.572427
0.797829
0.850432
0.619434
0.714142
0.833331
0.546379
0.728326
0.685657
0.151910
0.651704
0.597365
0.332972
0.924581
0.630153
0.535227
0.765875
0.618359
0.351455
0.457990
0.545012
0.512820
0.904404
0.605457
0.223823
0.790457
0.626645
0.639888
0.594454
0.714932
0.623899
0.770531
0.892493
0.504445
0.808778
0.374153
0.471590
0.645916
0.910398
0.651205
0.776715
0.831520
0.637103
0.767355
0.606009
0.200309
0.684959
0.687628
0.391998
0.885783
0.612938
0.373513
0.722264
0.632343
0.255006
0.461040
0.539052
0.543066
0.631773
0.561717
0.318085
0.780787
0.550204
0.668877
0.583494
0.720206
0.720204
0.742526
0.781068
0.536135
0.757683
0.444717
0.392241
0.588632
0.827537
0.680475
0.816139
0.786030
0.631372
0.814881
0.506481
0.205690
0.777254
0.773812
0.592283
0.881090
0.467288
0.385857
0.673043
0.624001
0.343005
0.484237
0.582822
0.504260
0.573627
0.456518
0.402095
0.621736
0.553651
0.567698
0.471681
0.799275
0.687252
0.730619
0.696890
0.646193
0.721358
0.500114
0.446474
0.567735
0.787410
0.731363
0.819769
0.803004
0.590652
0.850317
0.524565
0.269043
0.836794
0.732379
0.791793
0.824416
0.360554
0.548984
0.688777
0.718040
0.469850
0.562524
0.665126
0.430700
0.669844
0.439232
0.465480
0.436775
0.562202
0.481332
0.525386
0.847502
0.652403
0.803232
0.729532
0.677871
0.767379
0.527499
0.647569
0.526158
0.801470
0.760149
0.887042
0.844260
0.584649
0.897968
0.606394
0.316546
0.726491
0.663293
0.913217
0.754380
0.415048
0.622512
0.721366
0.866054
0.619581
0.600908
0.646892
0.343140
0.688981
0.582451
0.534879
0.380235
0.640365
0.534717
0.613509
0.860549
0.589200
0.881860
0.727404
0.684994
0.958801
0.646814
0.738454
0.420642
0.828331
0.756281
0.870918
0.699738
0.601606
0.865443
0.643444
0.301190
0.621382
0.659907
1.033583
0.643121
0.480461
0.508688
0.815336
0.942692
0.677491
0.629120
0.586385
0.328153
0.647488
0.725601
0.695304
0.444156
0.748331
0.595534
0.622106
0.820600
0.623847
0.844581
0.619642
0.767619
1.057448
0.730506
0.548034
0.407745
0.814002
0.674307
0.789088
0.562152
0.629461
0.820135
0.687392
0.273490
0.701589
0.794503
1.055550
0.645731
0.497208
0.497570
0.770949
0.938646
0.739696
0.612489
0.588812
0.345858
0.609549
0.651646
0.879917
0.534997
0.722943
0.561377
0.546196
0.828253
0.642028
0.681272
0.457927
0.800637
1.100112
0.715818
0.398059
0.523223
0.705591
0.651843
0.781134
0.576624
0.661510
0.836515
0.708144
0.534053
0.799343
0.838464
0.884169
0.740584
0.525251
0.591819
0.708419
1.000600
0.754826
0.595773
0.722805
0.375715
0.632865
0.480192
0.964737
0.474829
0.571277
0.399667
0.540434
0.829857
0.667394
0.694867
0.380032
0.699929
1.068608
0.730535
0.485326
0.744225
0.574978
0.671614
0.835232
0.655066
0.807299
0.862772
0.711184
0.716148
0.860989
0.658270
0.678568
0.790112
0.559156
0.670277
0.645308
1.089280
0.749653
0.660340
0.855740
0.465931
0.634278
0.438831
0.915064
0.359379
0.547347
0.343502
0.647775
0.835557
0.634373
0.870615
0.359694
0.525698
1.029595
0.790619
0.707296
0.834752
0.510073
0.645302
0.799311
0.630603
0.922690
0.875386
0.755774
0.689799
0.920499
0.409537
0.630983
0.646328
0.549418
0.583735
0.608104
1.012470
0.717240
0.746002
0.988161
0.600017
0.647434
0.512085
0.882581
0.398413
0.609878
0.301940
0.806726
0.851167
0.636273
1.047525
0.343751
0.434910
0.940847
0.736842
0.791245
0.819545
0.462169
0.646860
0.692334
0.607517
0.991444
0.831229
0.751774
0.671116
0.931552
0.376256
0.655081
0.569576
0.469110
0.439170
0.615124
0.758220
0.792002
0.758251
1.077908
0.763894
0.620044
0.594252
0.870955
0.544172
0.514688
0.307541
0.827434
0.817664
0.695578
1.036805
0.345144
0.458500
0.892882
0.529318
0.738151
0.819709
0.428327
0.535392
0.649528
0.629309
0.969243
0.791864
0.732241
0.846825
0.884809
0.442790
0.601598
0.593939
0.458835
0.360410
0.711844
0.639965
0.860499
0.843157
1.100603
0.875143
0.630154
0.610483
0.763379
0.556963
0.518077
0.306203
0.901835
0.703932
0.778488
0.925902
0.486865
0.527540
0.875785
0.455340
0.739897
0.969512
0.453413
0.420117
0.709539
0.650927
0.928450
0.786993
0.538311
1.037460
0.815170
0.485408
0.528878
0.634620
0.537407
0.373983
0.765794
0.757421
0.854139
0.975036
1.029703
0.945689
0.719196
0.541756
0.712342
0.560903
0.709205
0.385333
0.920536
0.635678
0.804098
0.818227
0.607514
0.571950
0.977393
0.612932
0.734783
1.153624
0.491809
0.386630
0.754502
0.598286
0.882477
0.878380
0.444232
1.007739
0.857849
0.427568
0.547542
0.695513
0.583180
0.330570
0.818438
0.929451
0.706797
1.110891
0.963844
0.921760
0.776752
0.519724
0.716784
0.641254
0.860176
0.515646
1.011045
0.640667
0.793590
0.705895
0.726311
0.492894
1.003506
0.837429
0.740639
1.222822
0.527417
0.456133
0.723613
0.621531
0.804467
0.933258
0.411880
0.884779
0.959262
0.491863
0.520746
0.765142
0.615654
0.348295
0.934813
0.931062
0.607488
1.205439
0.908266
0.814011
0.812199
0.508966
0.710582
0.740574
0.808386
0.623334
1.080275
0.709282
0.786215
0.693133
0.781263
0.509592
0.897924
0.930882
0.744958
1.181605
0.518379
0.491991
0.744980
0.700043
0.665949
0.944335
0.481492
0.858113
1.009195
0.657916
0.388630
0.794558
0.681458
0.407106
1.065266
0.797979
0.542728
1.382385
0.856674
0.723039
0.868933
0.631041
0.613361
0.823952
0.778725
0.734317
1.158447
0.738707
0.833194
0.824400
0.852055
0.718619
0.893847
0.941435
0.781922
1.181477
0.554952
0.452392
0.743804
0.673580
0.573039
0.924458
0.512652
0.910908
0.895946
0.752381
0.343300
0.725564
0.729185
0.473043
1.140742
0.745344
0.588969
1.473280
0.837375
0.729185
0.878261
0.770474
0.443874
0.865290
0.867492
0.752049
1.215969
0.725703
0.755519
0.907842
0.934317
0.849709
0.968390
0.911447
0.751272
1.080969
0.684242
0.412829
0.701074
0.620794
0.539734
0.928260
0.598607
0.926114
0.822454
0.815128
0.472646
0.786249
0.714071
0.459794
1.161805
0.717772
0.711908
1.317253
0.847283
0.744948
0.796401
0.795480
0.432902
0.961575
0.986165
0.742433
1.251481
0.704915
0.694183
0.791626
0.982717
0.775708
0.943699
0.958889
0.613328
1.035042
0.805823
0.567994
0.739166
0.699405
0.538870
0.945665
0.692115
0.874696
0.877534
0.847243
0.534682
1.017798
0.752210
0.486569
1.109386
0.645736
0.835434
1.109262
0.731859
0.733657
0.789859
0.707181
0.521664
0.995648
0.888975
0.763639
1.151887
0.630626
0.720269
0.601930
0.954723
0.596300
0.809690
0.978881
0.554398
0.985647
0.817243
0.723387
0.784627
0.856143
0.501975
0.994037
0.623925
0.816048
0.870415
0.817738
0.458067
1.134072
0.860848
0.615944
1.158421
0.569996
0.819669
1.013765
0.635533
0.705638
0.912947
0.783794
0.575220
1.046860
0.828965
0.783434
1.008265
0.535889
0.739290
0.611304
0.896896
0.549361
0.659840
0.986703
0.503985
1.000467
0.871074
0.786663
0.806031
0.835206
0.470049
0.967262
0.558791
0.781693
0.799681
0.718487
0.388260
1.126807
0.943382
0.718798
1.134098
0.548341
0.682533
0.952333
0.607635
0.763500
1.000781
0.862651
0.556457
1.151607
0.811973
0.720941
0.969697
0.454953
0.650419
0.617018
0.940024
0.530303
0.661442
1.001342
0.420513
0.914763
0.975443
0.785714
0.883724
0.749041
0.515320
0.820911
0.719838
0.654932
0.752731
0.617633
0.508890
1.227650
0.973986
0.725492
1.097031
0.615025
0.673266
0.810224
0.634520
0.838312
0.910779
0.969243
0.558829
1.236708
0.799798
0.744167
1.097076
0.464517
0.540673
0.600672
1.027411
0.505326
0.696058
0.999257
0.403425
0.799836
1.127457
0.905187
1.001787
0.798963
0.546449
0.851227
0.828167
0.523652
0.758882
0.692872
0.676928
1.339015
1.099495
0.755930
1.076400
0.641929
0.829777
0.737742
0.646716
0.908946
0.792815
1.020736
0.554436
1.178478
0.710307
0.840882
1.133664
0.572537
0.584879
0.636431
1.022551
0.493491
0.693543
1.052285
0.490760
0.692436
1.211250
0.992595
1.093718
0.965966
0.532356
1.057265
0.727805
0.476306
0.779570
0.843524
0.650243
1.214358
1.200655
0.852812
1.077540
0.698936
0.831844
0.767419
0.659845
0.911428
0.897333
1.153521
0.503025
1.077687
0.736654
0.853507
1.139087
0.756796
0.705562
0.684763
0.926809
0.575942
0.760930
1.147787
0.573858
0.723982
1.263430
0.983185
1.175320
1.008017
0.590536
1.264266
0.688575
0.470127
0.796309
0.896534
0.592686
1.005671
1.257627
0.937430
1.084653
0.771126
0.719071
0.797725
0.719191
0.915716
1.057250
1.152145
0.500818
1.121968
0.823792
0.728993
1.086876
0.932459
0.801507
0.792855
0.900850
0.649477
0.903615
1.077308
0.536574
0.823881
1.252114
0.927233
1.177500
1.030459
0.724542
1.300683
0.896950
0.434137
0.816081
0.882876
0.638894
0.960304
1.230693
1.016239
1.197430
0.708966
0.753576
0.790835
0.787577
0.882205
1.110365
1.112470
0.518963
1.273032
0.952701
0.747563
1.072169
0.998343
0.803636
0.902020
1.013210
0.751633
1.027279
0.920776
0.498663
0.893890
1.213657
0.888016
1.120606
1.054475
0.832185
1.308430
1.128567
0.504737
0.913160
1.025014
0.813379
0.950942
1.268751
1.088775
1.263736
0.629113
0.917808
0.775216
0.801013
0.809193
1.135145
1.050748
0.528235
1.282733
0.945548
0.924380
1.058967
0.971031
0.844435
0.960566
1.018868
0.839194
1.033270
0.803425
0.614754
0.877327
1.136395
0.847010
1.086239
1.065050
0.774658
1.269616
1.162982
0.584375
1.041698
1.204051
0.959290
0.895320
1.307733
1.109525
1.301755
0.713782
0.929257
0.892400
0.858465
0.729598
1.180156
1.169919
0.463895
1.265865
0.869892
1.061787
0.968540
0.957467
0.824825
1.007141
0.931561
0.929754
1.001338
0.857508
0.746166
0.890965
1.116261
0.865495
1.152326
1.079353
0.751105
1.151326
1.172048
0.598344
1.228726
1.200321
0.957987
0.856890
1.247840
1.109122
1.234822
0.865338
0.766656
0.986020
0.788275
0.725376
1.169076
1.284831
0.504963
1.350133
0.876418
1.124719
0.847153
0.975890
0.790715
1.112966
0.947227
0.956263
1.062888
0.959117
0.784435
1.044565
1.184831
0.863612
1.217403
1.126942
0.747502
0.970749
1.332356
0.538730
1.252692
1.105877
0.903051
0.983082
1.198506
1.037277
1.187018
0.923922
0.725834
1.018185
0.764549
0.766488
1.120183
1.356422
0.656644
1.344249
0.959000
1.119661
0.696490
1.013103
0.783231
1.196247
1.059211
0.985441
1.164050
0.936907
0.831026
1.238338
1.169794
0.837013
1.166074
1.093168
0.691027
0.962298
1.407720
0.534832
1.223922
1.060090
0.947093
1.061913
1.330073
0.975485
1.128366
0.882625
0.864365
1.079668
0.859372
0.717476
1.178695
1.273863
0.857335
1.280138
0.973473
1.098556
0.689179
1.037639
0.881471
1.303529
1.052189
1.112198
1.266197
0.833817
0.915144
1.350888
1.043601
0.844450
1.096019
0.982101
0.569253
1.071739
1.357370
0.729336
1.276140
1.080839
1.006380
1.049621
1.370834
1.022304
1.034804
0.923695
0.966296
1.209305
1.002907
0.654694
1.264844
1.218508
0.949878
1.254528
0.940712
1.056251
0.747828
1.032249
0.908433
1.388444
0.973111
1.279165
1.346923
0.811566
1.103100
1.406012
0.997495
0.947319
1.201740
0.942171
0.603770
1.118298
1.257642
0.973483
1.417192
0.954683
1.069603
1.032630
1.271775
1.088488
0.951305
1.083650
1.006613
1.306322
1.060986
0.652310
1.257928
1.177092
1.028842
1.238018
1.007973
1.027800
0.859901
1.071922
0.883201
1.412690
0.934990
1.330115
1.399349
0.894672
1.227469
1.534634
0.992347
1.038017
1.288330
0.918146
0.783434
1.103050
1.159733
1.142506
1.425206
0.832573
1.101377
1.067956
1.131274
1.130557
0.958124
1.176318
1.024599
1.391135
1.150254
0.719603
1.194563
1.177498
1.107757
1.100839
1.078522
0.933300
1.000525
1.152808
0.867592
1.298037
0.941601
1.237644
1.353863
1.010817
1.273423
1.500970
0.958646
1.008897
1.159517
0.874608
0.920771
1.208508
1.034161
1.203842
1.377459
0.795064
1.147787
1.123650
1.102794
1.108550
1.117461
1.181720
1.040536
1.459718
1.222368
0.807419
1.217492
1.120168
1.199660
1.035120
1.096108
0.951591
1.153029
1.217194
0.958960
1.294575
0.940549
1.175219
1.322617
0.961974
1.208286
1.395705
0.870437
0.893333
1.045361
0.870859
0.913350
1.262054
0.997265
1.245524
1.402012
0.807354
1.171965
1.235792
1.145172
0.987183
1.066924
1.185792
0.913981
1.470304
1.193000
0.929432
1.299305
1.039362
1.264968
1.092345
1.109810
1.140805
1.281617
1.164749
1.042810
1.436218
0.977760
1.185702
1.398679
0.896122
1.168441
1.317734
0.865376
0.852552
1.112964
1.014244
0.973368
1.239537
1.023490
1.209899
1.414441
0.863187
1.179719
1.326980
1.155694
0.937557
1.001612
1.234862
0.790590
1.409818
1.070696
1.048139
1.306052
1.084778
1.425731
1.114379
1.221095
1.225907
1.303544
1.133658
1.015643
1.481738
1.044565
1.213996
1.445451
0.916841
1.199193
1.256954
0.949736
0.873360
1.173317
1.110076
1.057950
1.149348
0.989955
1.166598
1.285977
1.005182
1.141436
1.401070
1.010465
0.935661
1.013753
1.187689
0.823776
1.366276
1.068920
1.074547
1.310280
1.149323
1.633689
1.005857
1.251982
1.093405
1.289026
1.235308
0.862537
1.414019
1.078894
1.215824
1.330300
0.999065
1.184258
1.171103
0.971166
0.894485
1.117572
1.092087
1.212639
1.173654
0.935063
1.152401
1.238529
1.134999
1.107966
1.368458
0.886848
0.956522
1.179786
1.101781
0.917924
1.385997
1.176959
1.042529
1.430266
1.067331
1.672155
0.976514
1.192063
0.949107
1.369235
1.202453
0.791195
1.401449
1.044313
1.150812
1.179060
1.040111
1.087227
1.180892
0.875131
0.920170
1.106316
1.107193
1.244651
1.233419
0.971274
1.209047
1.273066
1.213218
1.192315
1.289859
0.876082
0.980210
1.321759
1.073667
0.916124
1.361898
1.218053
1.077321
1.468243
1.047477
1.411423
1.065722
1.194625
0.999478
1.407665
1.176934
0.835695
1.499935
1.081600
1.070542
1.097256
1.049714
1.032740
1.295434
0.877405
0.990485
1.182836
1.204795
1.195840
1.209892
1.004716
1.161210
1.333690
1.165652
1.295020
1.262326
0.898989
1.129795
1.289221
1.117017
0.832586
1.292935
1.033634
1.148630
1.449543
1.092780
1.311907
1.094001
1.286097
1.057784
1.447329
1.251315
1.019997
1.479079
1.180358
1.025393
1.135505
1.098835
1.020119
1.378605
0.976857
1.056874
1.307577
1.187480
1.174606
1.136041
1.040070
1.042879
1.238240
1.148599
1.203356
1.335641
0.888773
1.170644
1.103320
1.220182
0.884269
1.224432
1.050989
1.171610
1.452636
1.030421
1.320815
1.041496
1.311342
0.976901
1.447540
1.328909
1.123125
1.396906
1.203093
0.968739
1.170223
1.135687
1.039245
1.290558
1.106580
1.080878
1.375588
1.171104
1.200588
1.225880
1.031122
0.901824
1.250150
1.101542
1.019574
1.401068
0.911701
1.053991
1.091075
1.298287
0.983334
1.091059
1.198445
1.133044
1.462344
0.876485
1.237867
1.015759
1.229343
0.888780
1.389636
1.289179
1.043179
1.316635
1.206929
0.929863
1.137727
1.143120
1.038103
1.237810
1.096677
1.107568
1.368568
1.242076
1.201497
1.310310
1.078417
0.793413
1.244589
1.142137
0.935125
1.495532
1.029779
0.936250
1.191803
1.329371
0.965642
0.914210
1.289426
1.155807
1.357811
0.787515
1.191238
1.068941
1.135369
0.909823
1.357246
1.191021
0.958065
1.236258
1.260492
0.886726
1.080258
1.168682
1.012160
1.192639
1.086508
1.127464
1.379286
1.345141
1.112743
1.293830
1.041901
0.697283
1.130308
1.285735
0.947984
1.504805
1.063939
0.998690
1.245082
1.309319
0.922630
0.912244
1.268020
1.172851
1.224504
0.936003
1.186323
1.100605
1.098433
0.831506
1.403937
1.250682
0.919161
1.140506
1.284029
0.905076
1.093868
1.193177
1.017840
1.163562
1.056604
1.117512
1.461628
1.285450
1.014496
1.229634
0.993305
0.711301
1.006523
1.339401
0.926108
1.453944
0.976998
1.106606
1.213713
1.330085
1.050535
0.982844
1.319433
1.116119
1.141470
1.069511
1.009492
1.147216
1.112302
0.630136
1.510175
1.342167
0.933049
1.056591
1.203293
0.887526
1.123007
1.230758
1.045638
1.028762
1.077763
1.084571
1.493993
1.179900
1.010450
1.215533
1.018096
0.798559
1.018073
1.322845
0.857414
1.460321
0.877450
1.104169
1.165580
1.333965
1.082623
0.924055
1.338115
1.049918
1.233734
1.099361
0.809595
1.262978
1.069904
0.553428
1.600685
1.279926
1.060857
0.848293
1.174524
0.772256
1.096565
1.236969
1.009072
0.932650
1.147795
1.078651
1.407783
1.207594
1.089771
1.236545
1.083086
0.943541
0.968302
1.177896
0.818399
1.552246
0.956950
0.999508
1.244076
1.319304
0.967475
0.769468
1.217939
0.975888
1.259624
1.099806
0.682350
1.336634
1.087079
0.663643
1.554918
1.169049
1.181590
0.680724
1.232649
0.764543
1.189757
1.196887
0.880362
0.892441
1.234996
0.987008
1.332310
1.234324
1.156054
1.303524
1.143029
1.069852
0.920520
1.096528
0.759345
1.633448
0.935963
0.932481
1.322476
1.337880
0.852908
0.768038
1.137884
0.866723
1.154613
1.157183
0.705871
1.298711
1.012822
0.741272
1.369354
1.131790
1.251055
0.694843
1.181484
0.837165
1.330403
1.164071
0.726633
0.982634
1.218087
0.787874
1.425686
1.169538
1.139697
1.336247
1.265210
1.106453
0.938047
1.081666
0.695176
1.542637
0.865261
0.859164
1.246579
1.334151
0.869721
0.867190
1.189524
0.703900
1.014077
1.073004
0.632815
1.244363
0.882461
0.803697
1.143895
1.138335
1.219163
0.771253
1.039393
0.932855
1.353235
1.184723
0.682722
1.036404
1.134652
0.603182
1.485051
1.102152
1.076816
1.362471
1.301714
1.045316
1.057308
1.193851
0.712235
1.399121
0.884124
0.838594
1.104830
1.173547
0.852378
0.985956
1.232079
0.739383
0.931518
1.034357
0.525513
1.242403
0.750392
0.913793
1.010167
1.074699
1.259184
0.752781
0.899203
0.927474
1.224788
1.278141
0.716823
1.022369
1.134074
0.568093
1.339588
1.130601
1.045514
1.281529
1.194286
0.999584
1.191684
1.180417
0.740906
1.248451
0.928078
0.845202
1.140024
1.098599
0.858969
1.012821
1.176188
0.798144
0.837608
1.002739
0.488328
1.261586
0.740420
0.971399
0.953070
0.975643
1.288647
0.752761
0.920671
0.879380
1.237657
1.165148
0.707495
1.006799
1.191562
0.553940
1.175273
1.134784
1.002665
1.142150
1.116552
0.915385
1.238913
1.086501
0.788404
1.126495
0.777138
0.890625
1.090384
1.141322
0.917438
1.083968
1.165880
0.751548
0.718897
0.966026
0.496958
1.233338
0.815010
0.863467
0.889667
0.892841
1.243945
0.810077
0.995723
0.838262
1.277533
0.976377
0.688178
1.081037
1.152382
0.487187
1.197174
0.994896
0.908300
1.126396
1.102317
0.880540
1.204993
1.028074
0.890410
0.927392
0.684013
0.891085
1.006448
1.148097
0.965503
1.130744
1.162743
0.673301
0.788426
0.894180
0.465403
1.223750
0.846527
0.827869
0.897098
0.862493
1.068924
0.913148
0.996354
0.882725
1.290832
0.915111
0.699414
1.212613
1.018650
0.523558
1.131702
0.859226
0.780353
1.186224
0.994454
0.808661
1.160835
1.097131
0.924196
0.922006
0.852189
0.824700
1.008275
1.013241
0.925095
1.100469
1.175213
0.655643
0.918376
0.849707
0.520381
1.300218
0.777937
0.910564
0.907067
0.878608
1.025261
1.002200
0.953773
0.931967
1.306254
1.016894
0.735212
1.328428
0.970134
0.623474
0.994285
0.770252
0.700611
1.185365
0.824682
0.775226
1.230680
0.954237
0.917680
1.012177
1.125656
0.768199
1.077058
0.901426
0.991745
1.053875
1.086993
0.737530
1.023500
0.814904
0.709326
1.316536
0.678275
0.987549
0.891732
0.870371
0.942825
1.109421
0.896571
0.883626
1.359430
1.063942
0.766967
1.269117
1.001152
0.728769
0.923894
0.803276
0.611433
1.214425
0.722358
0.714296
1.305672
0.796628
0.891970
1.017571
1.258758
0.718973
1.091999
0.927806
1.048564
1.275208
0.974186
0.729405
1.000051
0.835884
0.842495
1.152922
0.695965
0.997926
0.856270
0.863502
0.776060
1.197531
0.831744
0.764746
1.395328
0.995188
0.810611
1.156490
0.935231
0.767268
0.878368
0.829915
0.489804
1.104347
0.696295
0.695527
1.271787
0.734314
0.905968
0.868074
1.202908
0.712713
0.977117
0.873800
1.023158
1.571295
0.842039
0.712792
1.078119
0.883647
0.835267
0.992375
0.857069
0.961444
0.942282
0.845417
0.497854
1.206539
0.867721
0.621731
1.321831
0.879980
0.833980
1.084368
0.801366
0.811625
0.752731
0.802807
0.445044
1.063746
0.743084
0.692041
1.131619
0.759226
0.889947
0.787714
1.082391
0.744928
0.840062
0.697150
0.928389
1.675732
0.735901
0.806223
1.214664
0.989409
0.855235
0.979415
0.921008
0.919716
1.107833
0.837941
0.387754
1.225062
0.919020
0.526291
1.116636
0.772847
0.897940
1.089546
0.773599
0.892944
0.637458
0.705388
0.433995
1.100978
0.765252
0.732786
1.094905
0.685162
0.870405
0.710004
1.067986
0.749242
0.798762
0.493588
0.961882
1.463777
0.617376
0.960591
1.215097
1.091951
0.858061
1.039792
0.946966
0.811959
1.130444
0.898367
0.400564
1.365539
0.846666
0.546701
0.913602
0.588811
0.967935
1.123580
0.776973
0.936506
0.607433
0.696368
0.490310
1.093537
0.808307
0.839202
1.085897
0.615629
0.895942
0.582863
1.061315
0.672295
0.872431
0.394244
1.005939
1.283734
0.456772
1.038936
1.186644
1.074786
0.818349
0.998254
0.956711
0.709490
1.046150
0.866385
0.364275
1.459870
0.772543
0.612844
0.809992
0.591514
1.004178
0.995476
0.661044
0.940052
0.657197
0.621921
0.550230
1.033963
0.790905
0.861522
1.031282
0.570103
0.885548
0.444454
1.107554
0.597669
0.903511
0.324842
0.850713
1.220711
0.376916
0.994004
1.123925
0.954159
0.798577
0.923070
0.959818
0.803580
0.978737
0.848532
0.217719
1.393512
0.777076
0.693308
0.848140
0.753887
0.950976
0.896368
0.511762
0.968613
0.749045
0.670301
0.640974
1.144098
0.692688
0.776224
0.979105
0.635107
0.761099
0.475755
1.148253
0.483722
0.920115
0.340623
0.647318
1.188742
0.407248
0.912724
1.036246
0.875704
0.843816
0.894437
0.979475
0.882303
1.001166
0.743096
0.163984
1.261114
0.795931
0.755341
0.914625
0.793085
0.854804
0.765980
0.555701
0.946663
0.759224
0.773747
0.733059
1.226801
0.594171
0.718772
1.046315
0.657062
0.668351
0.612424
1.113354
0.514716
0.859132
0.401868
0.534534
1.200248
0.427012
0.901512
0.936233
0.877009
0.822845
0.845573
1.015690
0.852197
1.013942
0.689902
0.273559
1.093985
0.886416
0.726526
0.913214
0.671095
0.887577
0.706480
0.712975
0.884571
0.761433
0.969330
0.745376
1.072070
0.663718
0.687190
0.996188
0.679110
0.629253
0.669747
0.998096
0.561964
0.876859
0.531170
0.524490
1.137042
0.422490
0.933903
0.868403
0.951095
0.719783
0.812577
1.017238
0.834664
0.931043
0.737781
0.409517
0.939576
0.989133
0.720030
0.897383
0.654516
0.914845
0.698542
0.726024
0.831065
0.816643
1.005066
0.702085
0.775320
0.783386
0.727586
0.811724
0.734954
0.646324
0.718109
0.926708
0.606672
0.928360
0.584584
0.479528
1.057960
0.511338
0.970838
0.891994
1.070576
0.718661
0.832646
0.982484
0.797426
0.898804
0.881098
0.534597
0.826567
0.994617
0.791627
0.826243
0.727575
0.778315
0.780482
0.657233
0.844636
0.930993
1.007898
0.712227
0.614478
0.869576
0.733409
0.680288
0.815607
0.584437
0.771251
0.936891
0.489715
0.984950
0.575545
0.412931
0.888467
0.593222
0.919415
0.977758
1.028181
0.745175
0.865876
0.930391
0.706962
0.882646
0.945528
0.732994
0.804555
0.798968
0.869291
0.704604
0.784404
0.562953
0.846116
0.639201
0.814778
1.038097
0.939610
0.725715
0.601042
0.863455
0.681543
0.689199
0.811421
0.585562
