# Conceptual f(Delta, v; p_red=+0.3) - f(Delta, 1; p_red=+0.3) for four fixed Delta values.
# Columns: v  df_D=0.0  df_D=0.4  df_D=0.8  df_D=1.2
0.500000 0.125000 0.105000 0.045000 -0.055000
0.500835 0.124583 0.104616 0.044717 -0.055117
0.501669 0.124167 0.104233 0.044434 -0.055232
0.502504 0.123751 0.103851 0.044152 -0.055347
0.503339 0.123336 0.103470 0.043870 -0.055462
0.504174 0.122922 0.103089 0.043590 -0.055576
0.505008 0.122508 0.102709 0.043310 -0.055689
0.505843 0.122096 0.102329 0.043030 -0.055801
0.506678 0.121683 0.101951 0.042752 -0.055913
0.507513 0.121272 0.101572 0.042474 -0.056024
0.508347 0.120861 0.101195 0.042197 -0.056134
0.509182 0.120451 0.100818 0.041920 -0.056243
0.510017 0.120042 0.100442 0.041644 -0.056352
0.510851 0.119633 0.100067 0.041369 -0.056460
0.511686 0.119225 0.099693 0.041095 -0.056568
0.512521 0.118818 0.099319 0.040821 -0.056675
0.513356 0.118411 0.098946 0.040548 -0.056781
0.514190 0.118006 0.098573 0.040276 -0.056886
0.515025 0.117600 0.098201 0.040004 -0.056991
0.515860 0.117196 0.097830 0.039733 -0.057095
0.516694 0.116792 0.097460 0.039463 -0.057198
0.517529 0.116389 0.097090 0.039194 -0.057300
0.518364 0.115987 0.096721 0.038925 -0.057402
0.519199 0.115585 0.096353 0.038657 -0.057504
0.520033 0.115184 0.095985 0.038389 -0.057604
0.520868 0.114784 0.095618 0.038123 -0.057704
0.521703 0.114384 0.095252 0.037857 -0.057803
0.522538 0.113985 0.094887 0.037591 -0.057901
0.523372 0.113587 0.094522 0.037327 -0.057999
0.524207 0.113189 0.094158 0.037063 -0.058096
0.525042 0.112793 0.093794 0.036799 -0.058192
0.525876 0.112397 0.093432 0.036537 -0.058288
0.526711 0.112001 0.093070 0.036275 -0.058383
0.527546 0.111606 0.092708 0.036014 -0.058477
0.528381 0.111212 0.092348 0.035753 -0.058571
0.529215 0.110819 0.091988 0.035494 -0.058663
0.530050 0.110426 0.091628 0.035234 -0.058756
0.530885 0.110035 0.091270 0.034976 -0.058847
0.531720 0.109643 0.090912 0.034718 -0.058938
0.532554 0.109253 0.090555 0.034461 -0.059028
0.533389 0.108863 0.090198 0.034205 -0.059117
0.534224 0.108474 0.089843 0.033950 -0.059206
0.535058 0.108085 0.089488 0.033695 -0.059294
0.535893 0.107698 0.089133 0.033440 -0.059381
0.536728 0.107311 0.088780 0.033187 -0.059467
0.537563 0.106924 0.088427 0.032934 -0.059553
0.538397 0.106539 0.088074 0.032682 -0.059638
0.539232 0.106154 0.087723 0.032431 -0.059723
0.540067 0.105769 0.087372 0.032180 -0.059807
0.540902 0.105386 0.087022 0.031930 -0.059890
0.541736 0.105003 0.086672 0.031681 -0.059972
0.542571 0.104621 0.086324 0.031432 -0.060054
0.543406 0.104239 0.085975 0.031184 -0.060135
0.544240 0.103858 0.085628 0.030937 -0.060215
0.545075 0.103478 0.085281 0.030690 -0.060295
0.545910 0.103099 0.084935 0.030445 -0.060374
0.546745 0.102720 0.084590 0.030199 -0.060452
0.547579 0.102342 0.084245 0.029955 -0.060529
0.548414 0.101965 0.083902 0.029711 -0.060606
0.549249 0.101588 0.083558 0.029468 -0.060682
0.550083 0.101212 0.083216 0.029226 -0.060758
0.550918 0.100837 0.082874 0.028984 -0.060832
0.551753 0.100463 0.082533 0.028743 -0.060906
0.552588 0.100089 0.082192 0.028503 -0.060980
0.553422 0.099716 0.081853 0.028263 -0.061052
0.554257 0.099343 0.081514 0.028025 -0.061124
0.555092 0.098972 0.081175 0.027786 -0.061195
0.555927 0.098601 0.080838 0.027549 -0.061266
0.556761 0.098230 0.080501 0.027312 -0.061336
0.557596 0.097861 0.080164 0.027076 -0.061405
0.558431 0.097492 0.079829 0.026841 -0.061473
0.559265 0.097123 0.079494 0.026606 -0.061541
0.560100 0.096756 0.079160 0.026372 -0.061608
0.560935 0.096389 0.078826 0.026139 -0.061674
0.561770 0.096023 0.078494 0.025906 -0.061740
0.562604 0.095657 0.078162 0.025674 -0.061805
0.563439 0.095293 0.077830 0.025443 -0.061869
0.564274 0.094929 0.077500 0.025212 -0.061933
0.565109 0.094565 0.077170 0.024983 -0.061996
0.565943 0.094203 0.076840 0.024754 -0.062058
0.566778 0.093841 0.076512 0.024525 -0.062119
0.567613 0.093479 0.076184 0.024297 -0.062180
0.568447 0.093119 0.075857 0.024070 -0.062240
0.569282 0.092759 0.075530 0.023844 -0.062299
0.570117 0.092400 0.075204 0.023618 -0.062358
0.570952 0.092041 0.074879 0.023394 -0.062416
0.571786 0.091683 0.074555 0.023169 -0.062473
0.572621 0.091326 0.074231 0.022946 -0.062530
0.573456 0.090970 0.073908 0.022723 -0.062586
0.574290 0.090614 0.073586 0.022501 -0.062641
0.575125 0.090259 0.073264 0.022279 -0.062696
0.575960 0.089905 0.072943 0.022059 -0.062749
0.576795 0.089551 0.072623 0.021839 -0.062803
0.577629 0.089198 0.072304 0.021619 -0.062855
0.578464 0.088846 0.071985 0.021401 -0.062907
0.579299 0.088495 0.071667 0.021183 -0.062958
0.580134 0.088144 0.071349 0.020965 -0.063008
0.580968 0.087794 0.071033 0.020749 -0.063058
0.581803 0.087444 0.070716 0.020533 -0.063107
0.582638 0.087096 0.070401 0.020318 -0.063155
0.583472 0.086748 0.070086 0.020103 -0.063202
0.584307 0.086400 0.069773 0.019889 -0.063249
0.585142 0.086054 0.069459 0.019676 -0.063295
0.585977 0.085708 0.069147 0.019464 -0.063341
0.586811 0.085362 0.068835 0.019252 -0.063385
0.587646 0.085018 0.068524 0.019041 -0.063430
0.588481 0.084674 0.068213 0.018831 -0.063473
0.589316 0.084331 0.067903 0.018621 -0.063516
0.590150 0.083988 0.067594 0.018412 -0.063558
0.590985 0.083647 0.067286 0.018204 -0.063599
0.591820 0.083306 0.066978 0.017997 -0.063639
0.592654 0.082965 0.066671 0.017790 -0.063679
0.593489 0.082626 0.066365 0.017584 -0.063718
0.594324 0.082287 0.066060 0.017378 -0.063757
0.595159 0.081948 0.065755 0.017174 -0.063795
0.595993 0.081611 0.065450 0.016970 -0.063832
0.596828 0.081274 0.065147 0.016766 -0.063868
0.597663 0.080938 0.064844 0.016564 -0.063904
0.598497 0.080602 0.064542 0.016362 -0.063939
0.599332 0.080267 0.064241 0.016160 -0.063973
0.600167 0.079933 0.063940 0.015960 -0.064007
0.601002 0.079600 0.063640 0.015760 -0.064040
0.601836 0.079267 0.063341 0.015561 -0.064072
0.602671 0.078935 0.063042 0.015362 -0.064103
0.603506 0.078604 0.062744 0.015165 -0.064134
0.604341 0.078273 0.062447 0.014968 -0.064164
0.605175 0.077943 0.062150 0.014771 -0.064194
0.606010 0.077614 0.061854 0.014576 -0.064222
0.606845 0.077286 0.061559 0.014381 -0.064250
0.607679 0.076958 0.061265 0.014186 -0.064278
0.608514 0.076631 0.060971 0.013993 -0.064304
0.609349 0.076304 0.060678 0.013800 -0.064330
0.610184 0.075978 0.060386 0.013608 -0.064355
0.611018 0.075653 0.060094 0.013416 -0.064380
0.611853 0.075329 0.059803 0.013226 -0.064404
0.612688 0.075005 0.059513 0.013035 -0.064427
0.613523 0.074682 0.059223 0.012846 -0.064449
0.614357 0.074360 0.058934 0.012657 -0.064471
0.615192 0.074039 0.058646 0.012469 -0.064492
0.616027 0.073718 0.058359 0.012282 -0.064513
0.616861 0.073398 0.058072 0.012095 -0.064532
0.617696 0.073078 0.057786 0.011909 -0.064551
0.618531 0.072759 0.057501 0.011724 -0.064570
0.619366 0.072441 0.057216 0.011540 -0.064587
0.620200 0.072124 0.056932 0.011356 -0.064604
0.621035 0.071807 0.056649 0.011173 -0.064620
0.621870 0.071491 0.056366 0.010990 -0.064636
0.622705 0.071176 0.056084 0.010809 -0.064650
0.623539 0.070861 0.055803 0.010628 -0.064665
0.624374 0.070547 0.055522 0.010447 -0.064678
0.625209 0.070234 0.055243 0.010268 -0.064691
0.626043 0.069922 0.054964 0.010089 -0.064703
0.626878 0.069610 0.054685 0.009910 -0.064714
0.627713 0.069299 0.054407 0.009733 -0.064725
0.628548 0.068988 0.054130 0.009556 -0.064734
0.629382 0.068679 0.053854 0.009380 -0.064744
0.630217 0.068370 0.053578 0.009204 -0.064752
0.631052 0.068061 0.053303 0.009030 -0.064760
0.631886 0.067754 0.053029 0.008856 -0.064767
0.632721 0.067447 0.052756 0.008682 -0.064774
0.633556 0.067141 0.052483 0.008510 -0.064779
0.634391 0.066835 0.052211 0.008338 -0.064784
0.635225 0.066530 0.051939 0.008166 -0.064789
0.636060 0.066226 0.051669 0.007996 -0.064792
0.636895 0.065923 0.051398 0.007826 -0.064795
0.637730 0.065620 0.051129 0.007657 -0.064797
0.638564 0.065318 0.050860 0.007488 -0.064799
0.639399 0.065017 0.050593 0.007320 -0.064800
0.640234 0.064716 0.050325 0.007153 -0.064800
0.641068 0.064416 0.050059 0.006987 -0.064799
0.641903 0.064117 0.049793 0.006821 -0.064798
0.642738 0.063818 0.049528 0.006656 -0.064796
0.643573 0.063520 0.049263 0.006492 -0.064794
0.644407 0.063223 0.048999 0.006328 -0.064790
0.645242 0.062927 0.048736 0.006165 -0.064786
0.646077 0.062631 0.048474 0.006003 -0.064782
0.646912 0.062336 0.048212 0.005842 -0.064776
0.647746 0.062041 0.047951 0.005681 -0.064770
0.648581 0.061748 0.047691 0.005521 -0.064763
0.649416 0.061455 0.047431 0.005361 -0.064756
0.650250 0.061162 0.047172 0.005202 -0.064747
0.651085 0.060871 0.046914 0.005044 -0.064739
0.651920 0.060580 0.046657 0.004887 -0.064729
0.652755 0.060290 0.046400 0.004730 -0.064719
0.653589 0.060000 0.046144 0.004574 -0.064708
0.654424 0.059711 0.045888 0.004419 -0.064696
0.655259 0.059423 0.045634 0.004265 -0.064684
0.656093 0.059136 0.045380 0.004111 -0.064670
0.656928 0.058849 0.045126 0.003958 -0.064657
0.657763 0.058563 0.044874 0.003805 -0.064642
0.658598 0.058278 0.044622 0.003653 -0.064627
0.659432 0.057993 0.044370 0.003502 -0.064611
0.660267 0.057709 0.044120 0.003352 -0.064595
0.661102 0.057426 0.043870 0.003202 -0.064577
0.661937 0.057143 0.043621 0.003053 -0.064559
0.662771 0.056862 0.043372 0.002905 -0.064541
0.663606 0.056580 0.043125 0.002757 -0.064521
0.664441 0.056300 0.042878 0.002611 -0.064501
0.665275 0.056020 0.042631 0.002464 -0.064481
0.666110 0.055741 0.042386 0.002319 -0.064459
0.666945 0.055463 0.042141 0.002174 -0.064437
0.667780 0.055185 0.041896 0.002030 -0.064414
0.668614 0.054908 0.041653 0.001887 -0.064391
0.669449 0.054632 0.041410 0.001744 -0.064366
0.670284 0.054356 0.041168 0.001602 -0.064341
0.671119 0.054082 0.040926 0.001460 -0.064316
0.671953 0.053807 0.040685 0.001320 -0.064289
0.672788 0.053534 0.040445 0.001180 -0.064262
0.673623 0.053261 0.040206 0.001041 -0.064235
0.674457 0.052989 0.039967 0.000902 -0.064206
0.675292 0.052718 0.039729 0.000764 -0.064177
0.676127 0.052447 0.039492 0.000627 -0.064147
0.676962 0.052177 0.039255 0.000491 -0.064117
0.677796 0.051908 0.039019 0.000355 -0.064086
0.678631 0.051639 0.038784 0.000220 -0.064054
0.679466 0.051371 0.038550 0.000086 -0.064021
0.680301 0.051104 0.038316 -0.000048 -0.063988
0.681135 0.050837 0.038083 -0.000181 -0.063954
0.681970 0.050572 0.037850 -0.000313 -0.063919
0.682805 0.050306 0.037619 -0.000445 -0.063884
0.683639 0.050042 0.037388 -0.000576 -0.063848
0.684474 0.049778 0.037157 -0.000706 -0.063811
0.685309 0.049515 0.036928 -0.000835 -0.063774
0.686144 0.049253 0.036699 -0.000964 -0.063735
0.686978 0.048991 0.036470 -0.001092 -0.063697
0.687813 0.048730 0.036243 -0.001220 -0.063657
0.688648 0.048470 0.036016 -0.001346 -0.063617
0.689482 0.048211 0.035790 -0.001472 -0.063576
0.690317 0.047952 0.035564 -0.001598 -0.063534
0.691152 0.047694 0.035340 -0.001722 -0.063492
0.691987 0.047436 0.035116 -0.001846 -0.063449
0.692821 0.047179 0.034892 -0.001969 -0.063405
0.693656 0.046923 0.034670 -0.002092 -0.063361
0.694491 0.046668 0.034448 -0.002214 -0.063315
0.695326 0.046413 0.034226 -0.002335 -0.063270
0.696160 0.046159 0.034006 -0.002455 -0.063223
0.696995 0.045906 0.033786 -0.002575 -0.063176
0.697830 0.045653 0.033567 -0.002694 -0.063128
0.698664 0.045402 0.033348 -0.002812 -0.063079
0.699499 0.045150 0.033130 -0.002930 -0.063030
0.700334 0.044900 0.032913 -0.003047 -0.062980
0.701169 0.044650 0.032697 -0.003163 -0.062929
0.702003 0.044401 0.032481 -0.003278 -0.062878
0.702838 0.044153 0.032266 -0.003393 -0.062826
0.703673 0.043905 0.032052 -0.003507 -0.062773
0.704508 0.043658 0.031838 -0.003621 -0.062719
0.705342 0.043412 0.031625 -0.003734 -0.062665
0.706177 0.043166 0.031413 -0.003846 -0.062610
0.707012 0.042921 0.031202 -0.003957 -0.062555
0.707846 0.042677 0.030991 -0.004068 -0.062498
0.708681 0.042433 0.030781 -0.004178 -0.062441
0.709516 0.042191 0.030571 -0.004287 -0.062384
0.710351 0.041948 0.030362 -0.004396 -0.062325
0.711185 0.041707 0.030154 -0.004503 -0.062266
0.712020 0.041466 0.029947 -0.004611 -0.062207
0.712855 0.041226 0.029740 -0.004717 -0.062146
0.713689 0.040987 0.029534 -0.004823 -0.062085
0.714524 0.040748 0.029329 -0.004928 -0.062023
0.715359 0.040510 0.029125 -0.005032 -0.061961
0.716194 0.040273 0.028921 -0.005136 -0.061897
0.717028 0.040036 0.028718 -0.005239 -0.061833
0.717863 0.039801 0.028515 -0.005341 -0.061769
0.718698 0.039565 0.028313 -0.005443 -0.061703
0.719533 0.039331 0.028112 -0.005544 -0.061637
0.720367 0.039097 0.027912 -0.005644 -0.061571
0.721202 0.038864 0.027712 -0.005744 -0.061503
0.722037 0.038632 0.027513 -0.005842 -0.061435
0.722871 0.038400 0.027315 -0.005940 -0.061366
0.723706 0.038169 0.027117 -0.006038 -0.061297
0.724541 0.037939 0.026920 -0.006135 -0.061226
0.725376 0.037709 0.026724 -0.006231 -0.061156
0.726210 0.037480 0.026529 -0.006326 -0.061084
0.727045 0.037252 0.026334 -0.006421 -0.061012
0.727880 0.037025 0.026140 -0.006515 -0.060939
0.728715 0.036798 0.025946 -0.006608 -0.060865
0.729549 0.036572 0.025754 -0.006700 -0.060790
0.730384 0.036346 0.025562 -0.006792 -0.060715
0.731219 0.036122 0.025370 -0.006883 -0.060640
0.732053 0.035898 0.025180 -0.006974 -0.060563
0.732888 0.035674 0.024990 -0.007064 -0.060486
0.733723 0.035452 0.024801 -0.007153 -0.060408
0.734558 0.035230 0.024612 -0.007241 -0.060329
0.735392 0.035009 0.024424 -0.007329 -0.060250
0.736227 0.034788 0.024237 -0.007416 -0.060170
0.737062 0.034568 0.024051 -0.007502 -0.060090
0.737896 0.034349 0.023865 -0.007587 -0.060008
0.738731 0.034131 0.023680 -0.007672 -0.059926
0.739566 0.033913 0.023496 -0.007757 -0.059843
0.740401 0.033696 0.023312 -0.007840 -0.059760
0.741235 0.033480 0.023129 -0.007923 -0.059676
0.742070 0.033264 0.022947 -0.008005 -0.059591
0.742905 0.033049 0.022765 -0.008086 -0.059505
0.743740 0.032835 0.022584 -0.008167 -0.059419
0.744574 0.032621 0.022404 -0.008247 -0.059332
0.745409 0.032408 0.022225 -0.008326 -0.059244
0.746244 0.032196 0.022046 -0.008405 -0.059156
0.747078 0.031985 0.021868 -0.008483 -0.059067
0.747913 0.031774 0.021690 -0.008560 -0.058977
0.748748 0.031564 0.021514 -0.008637 -0.058887
0.749583 0.031354 0.021338 -0.008712 -0.058796
0.750417 0.031146 0.021162 -0.008787 -0.058704
0.751252 0.030938 0.020988 -0.008862 -0.058611
0.752087 0.030730 0.020814 -0.008936 -0.058518
0.752922 0.030524 0.020641 -0.009009 -0.058424
0.753756 0.030318 0.020468 -0.009081 -0.058330
0.754591 0.030113 0.020296 -0.009153 -0.058234
0.755426 0.029908 0.020125 -0.009224 -0.058138
0.756260 0.029704 0.019955 -0.009294 -0.058042
0.757095 0.029501 0.019785 -0.009363 -0.057944
0.757930 0.029299 0.019616 -0.009432 -0.057846
0.758765 0.029097 0.019448 -0.009500 -0.057747
0.759599 0.028896 0.019280 -0.009568 -0.057648
0.760434 0.028696 0.019113 -0.009635 -0.057548
0.761269 0.028496 0.018947 -0.009701 -0.057447
0.762104 0.028297 0.018782 -0.009766 -0.057345
0.762938 0.028099 0.018617 -0.009831 -0.057243
0.763773 0.027902 0.018453 -0.009895 -0.057140
0.764608 0.027705 0.018289 -0.009958 -0.057036
0.765442 0.027509 0.018126 -0.010021 -0.056932
0.766277 0.027313 0.017964 -0.010082 -0.056827
0.767112 0.027118 0.017803 -0.010144 -0.056721
0.767947 0.026924 0.017642 -0.010204 -0.056615
0.768781 0.026731 0.017482 -0.010264 -0.056508
0.769616 0.026538 0.017323 -0.010323 -0.056400
0.770451 0.026346 0.017164 -0.010381 -0.056291
0.771285 0.026155 0.017007 -0.010439 -0.056182
0.772120 0.025965 0.016849 -0.010496 -0.056072
0.772955 0.025775 0.016693 -0.010552 -0.055961
0.773790 0.025586 0.016537 -0.010608 -0.055850
0.774624 0.025397 0.016382 -0.010663 -0.055738
0.775459 0.025209 0.016228 -0.010717 -0.055625
0.776294 0.025022 0.016074 -0.010771 -0.055512
0.777129 0.024836 0.015921 -0.010824 -0.055398
0.777963 0.024650 0.015769 -0.010876 -0.055283
0.778798 0.024465 0.015617 -0.010927 -0.055168
0.779633 0.024281 0.015466 -0.010978 -0.055051
0.780467 0.024097 0.015316 -0.011028 -0.054934
0.781302 0.023914 0.015166 -0.011077 -0.054817
0.782137 0.023732 0.015018 -0.011126 -0.054699
0.782972 0.023551 0.014870 -0.011174 -0.054580
0.783806 0.023370 0.014722 -0.011221 -0.054460
0.784641 0.023190 0.014575 -0.011268 -0.054339
0.785476 0.023010 0.014429 -0.011314 -0.054218
0.786311 0.022832 0.014284 -0.011359 -0.054097
0.787145 0.022654 0.014139 -0.011403 -0.053974
0.787980 0.022476 0.013995 -0.011447 -0.053851
0.788815 0.022300 0.013852 -0.011490 -0.053727
0.789649 0.022124 0.013710 -0.011532 -0.053603
0.790484 0.021948 0.013568 -0.011574 -0.053477
0.791319 0.021774 0.013427 -0.011615 -0.053351
0.792154 0.021600 0.013286 -0.011655 -0.053225
0.792988 0.021427 0.013146 -0.011695 -0.053097
0.793823 0.021254 0.013007 -0.011734 -0.052969
0.794658 0.021083 0.012869 -0.011772 -0.052840
0.795492 0.020912 0.012731 -0.011810 -0.052711
0.796327 0.020741 0.012594 -0.011846 -0.052581
0.797162 0.020572 0.012458 -0.011882 -0.052450
0.797997 0.020403 0.012323 -0.011918 -0.052319
0.798831 0.020234 0.012188 -0.011953 -0.052186
0.799666 0.020067 0.012053 -0.011987 -0.052053
0.800501 0.019900 0.011920 -0.012020 -0.051920
0.801336 0.019734 0.011787 -0.012053 -0.051785
0.802170 0.019568 0.011655 -0.012084 -0.051650
0.803005 0.019404 0.011524 -0.012116 -0.051515
0.803840 0.019239 0.011393 -0.012146 -0.051378
0.804674 0.019076 0.011263 -0.012176 -0.051241
0.805509 0.018913 0.011134 -0.012205 -0.051103
0.806344 0.018751 0.011005 -0.012234 -0.050965
0.807179 0.018590 0.010877 -0.012261 -0.050826
0.808013 0.018429 0.010750 -0.012288 -0.050686
0.808848 0.018270 0.010623 -0.012315 -0.050545
0.809683 0.018110 0.010498 -0.012340 -0.050404
0.810518 0.017952 0.010373 -0.012365 -0.050262
0.811352 0.017794 0.010248 -0.012390 -0.050119
0.812187 0.017637 0.010124 -0.012413 -0.049976
0.813022 0.017480 0.010001 -0.012436 -0.049832
0.813856 0.017325 0.009879 -0.012458 -0.049687
0.814691 0.017170 0.009757 -0.012480 -0.049542
0.815526 0.017015 0.009636 -0.012501 -0.049395
0.816361 0.016862 0.009516 -0.012521 -0.049248
0.817195 0.016709 0.009397 -0.012540 -0.049101
0.818030 0.016557 0.009278 -0.012559 -0.048953
0.818865 0.016405 0.009160 -0.012577 -0.048804
0.819699 0.016254 0.009042 -0.012594 -0.048654
0.820534 0.016104 0.008925 -0.012611 -0.048504
0.821369 0.015955 0.008809 -0.012626 -0.048353
0.822204 0.015806 0.008694 -0.012642 -0.048201
0.823038 0.015658 0.008579 -0.012656 -0.048048
0.823873 0.015510 0.008465 -0.012670 -0.047895
0.824708 0.015364 0.008352 -0.012683 -0.047742
0.825543 0.015218 0.008239 -0.012695 -0.047587
0.826377 0.015072 0.008128 -0.012707 -0.047432
0.827212 0.014928 0.008016 -0.012718 -0.047276
0.828047 0.014784 0.007906 -0.012729 -0.047119
0.828881 0.014641 0.007796 -0.012738 -0.046962
0.829716 0.014498 0.007687 -0.012747 -0.046804
0.830551 0.014356 0.007579 -0.012755 -0.046645
0.831386 0.014215 0.007471 -0.012763 -0.046486
0.832220 0.014075 0.007364 -0.012770 -0.046326
0.833055 0.013935 0.007258 -0.012776 -0.046165
0.833890 0.013796 0.007152 -0.012781 -0.046003
0.834725 0.013658 0.007047 -0.012786 -0.045841
0.835559 0.013520 0.006943 -0.012790 -0.045678
0.836394 0.013383 0.006839 -0.012793 -0.045515
0.837229 0.013247 0.006736 -0.012796 -0.045350
0.838063 0.013112 0.006634 -0.012798 -0.045185
0.838898 0.012977 0.006533 -0.012799 -0.045020
0.839733 0.012843 0.006432 -0.012800 -0.044853
0.840568 0.012709 0.006332 -0.012800 -0.044686
0.841402 0.012577 0.006233 -0.012799 -0.044519
0.842237 0.012445 0.006134 -0.012797 -0.044350
0.843072 0.012313 0.006036 -0.012795 -0.044181
0.843907 0.012183 0.005939 -0.012792 -0.044011
0.844741 0.012053 0.005842 -0.012789 -0.043841
0.845576 0.011923 0.005746 -0.012784 -0.043669
0.846411 0.011795 0.005651 -0.012779 -0.043497
0.847245 0.011667 0.005557 -0.012774 -0.043325
0.848080 0.011540 0.005463 -0.012767 -0.043151
0.848915 0.011413 0.005370 -0.012760 -0.042977
0.849750 0.011288 0.005278 -0.012752 -0.042803
0.850584 0.011163 0.005186 -0.012744 -0.042627
0.851419 0.011038 0.005095 -0.012735 -0.042451
0.852254 0.010914 0.005005 -0.012725 -0.042274
0.853088 0.010791 0.004915 -0.012714 -0.042097
0.853923 0.010669 0.004826 -0.012703 -0.041918
0.854758 0.010548 0.004738 -0.012691 -0.041740
0.855593 0.010427 0.004650 -0.012678 -0.041560
0.856427 0.010307 0.004564 -0.012665 -0.041380
0.857262 0.010187 0.004478 -0.012651 -0.041199
0.858097 0.010068 0.004392 -0.012636 -0.041017
0.858932 0.009950 0.004307 -0.012621 -0.040834
0.859766 0.009833 0.004223 -0.012605 -0.040651
0.860601 0.009716 0.004140 -0.012588 -0.040468
0.861436 0.009600 0.004057 -0.012570 -0.040283
0.862270 0.009485 0.003976 -0.012552 -0.040098
0.863105 0.009370 0.003894 -0.012533 -0.039912
0.863940 0.009256 0.003814 -0.012513 -0.039725
0.864775 0.009143 0.003734 -0.012493 -0.039538
0.865609 0.009030 0.003655 -0.012472 -0.039350
0.866444 0.008919 0.003576 -0.012450 -0.039162
0.867279 0.008807 0.003499 -0.012428 -0.038972
0.868114 0.008697 0.003422 -0.012405 -0.038782
0.868948 0.008587 0.003345 -0.012381 -0.038591
0.869783 0.008478 0.003270 -0.012356 -0.038400
0.870618 0.008370 0.003195 -0.012331 -0.038208
0.871452 0.008262 0.003120 -0.012305 -0.038015
0.872287 0.008155 0.003047 -0.012279 -0.037821
0.873122 0.008049 0.002974 -0.012251 -0.037627
0.873957 0.007943 0.002902 -0.012223 -0.037432
0.874791 0.007839 0.002830 -0.012195 -0.037237
0.875626 0.007734 0.002759 -0.012165 -0.037040
0.876461 0.007631 0.002689 -0.012135 -0.036843
0.877295 0.007528 0.002620 -0.012105 -0.036645
0.878130 0.007426 0.002551 -0.012073 -0.036447
0.878965 0.007325 0.002483 -0.012041 -0.036248
0.879800 0.007224 0.002416 -0.012008 -0.036048
0.880634 0.007124 0.002349 -0.011974 -0.035848
0.881469 0.007025 0.002284 -0.011940 -0.035646
0.882304 0.006926 0.002218 -0.011905 -0.035444
0.883139 0.006828 0.002154 -0.011870 -0.035242
0.883973 0.006731 0.002090 -0.011833 -0.035039
0.884808 0.006635 0.002027 -0.011796 -0.034835
0.885643 0.006539 0.001965 -0.011758 -0.034630
0.886477 0.006444 0.001903 -0.011720 -0.034424
0.887312 0.006349 0.001842 -0.011681 -0.034218
0.888147 0.006256 0.001781 -0.011641 -0.034012
0.888982 0.006163 0.001722 -0.011600 -0.033804
0.889816 0.006070 0.001663 -0.011559 -0.033596
0.890651 0.005979 0.001605 -0.011517 -0.033387
0.891486 0.005888 0.001547 -0.011475 -0.033177
0.892321 0.005797 0.001490 -0.011431 -0.032967
0.893155 0.005708 0.001434 -0.011387 -0.032756
0.893990 0.005619 0.001379 -0.011343 -0.032545
0.894825 0.005531 0.001324 -0.011297 -0.032332
0.895659 0.005443 0.001270 -0.011251 -0.032119
0.896494 0.005357 0.001216 -0.011204 -0.031905
0.897329 0.005271 0.001164 -0.011157 -0.031691
0.898164 0.005185 0.001112 -0.011108 -0.031476
0.898998 0.005101 0.001061 -0.011060 -0.031260
0.899833 0.005017 0.001010 -0.011010 -0.031043
0.900668 0.004933 0.000960 -0.010960 -0.030826
0.901503 0.004851 0.000911 -0.010909 -0.030608
0.902337 0.004769 0.000862 -0.010857 -0.030390
0.903172 0.004688 0.000815 -0.010805 -0.030170
0.904007 0.004607 0.000768 -0.010752 -0.029950
0.904841 0.004528 0.000721 -0.010698 -0.029730
0.905676 0.004448 0.000676 -0.010643 -0.029508
0.906511 0.004370 0.000631 -0.010588 -0.029286
0.907346 0.004292 0.000586 -0.010532 -0.029063
0.908180 0.004215 0.000543 -0.010476 -0.028840
0.909015 0.004139 0.000500 -0.010418 -0.028615
0.909850 0.004064 0.000458 -0.010361 -0.028391
0.910684 0.003989 0.000416 -0.010302 -0.028165
0.911519 0.003914 0.000375 -0.010243 -0.027939
0.912354 0.003841 0.000335 -0.010182 -0.027712
0.913189 0.003768 0.000296 -0.010122 -0.027484
0.914023 0.003696 0.000257 -0.010060 -0.027256
0.914858 0.003625 0.000219 -0.009998 -0.027027
0.915693 0.003554 0.000182 -0.009935 -0.026797
0.916528 0.003484 0.000145 -0.009872 -0.026566
0.917362 0.003414 0.000109 -0.009808 -0.026335
0.918197 0.003346 0.000074 -0.009743 -0.026103
0.919032 0.003278 0.000039 -0.009677 -0.025871
0.919866 0.003211 0.000005 -0.009611 -0.025637
0.920701 0.003144 -0.000028 -0.009544 -0.025403
0.921536 0.003078 -0.000060 -0.009476 -0.025169
0.922371 0.003013 -0.000092 -0.009408 -0.024933
0.923205 0.002949 -0.000123 -0.009338 -0.024697
0.924040 0.002885 -0.000153 -0.009269 -0.024461
0.924875 0.002822 -0.000183 -0.009198 -0.024223
0.925710 0.002760 -0.000212 -0.009127 -0.023985
0.926544 0.002698 -0.000240 -0.009055 -0.023746
0.927379 0.002637 -0.000268 -0.008982 -0.023507
0.928214 0.002577 -0.000295 -0.008909 -0.023266
0.929048 0.002517 -0.000321 -0.008835 -0.023026
0.929883 0.002458 -0.000346 -0.008761 -0.022784
0.930718 0.002400 -0.000371 -0.008685 -0.022542
0.931553 0.002343 -0.000395 -0.008609 -0.022299
0.932387 0.002286 -0.000419 -0.008532 -0.022055
0.933222 0.002230 -0.000441 -0.008455 -0.021810
0.934057 0.002174 -0.000463 -0.008377 -0.021565
0.934891 0.002120 -0.000485 -0.008298 -0.021320
0.935726 0.002066 -0.000505 -0.008218 -0.021073
0.936561 0.002012 -0.000525 -0.008138 -0.020826
0.937396 0.001960 -0.000545 -0.008057 -0.020578
0.938230 0.001908 -0.000563 -0.007975 -0.020329
0.939065 0.001857 -0.000581 -0.007893 -0.020080
0.939900 0.001806 -0.000598 -0.007810 -0.019830
0.940735 0.001756 -0.000614 -0.007726 -0.019579
0.941569 0.001707 -0.000630 -0.007642 -0.019328
0.942404 0.001659 -0.000645 -0.007557 -0.019076
0.943239 0.001611 -0.000660 -0.007471 -0.018823
0.944073 0.001564 -0.000673 -0.007384 -0.018570
0.944908 0.001518 -0.000686 -0.007297 -0.018316
0.945743 0.001472 -0.000698 -0.007209 -0.018061
0.946578 0.001427 -0.000710 -0.007121 -0.017805
0.947412 0.001383 -0.000721 -0.007031 -0.017549
0.948247 0.001339 -0.000731 -0.006941 -0.017292
0.949082 0.001296 -0.000740 -0.006851 -0.017034
0.949917 0.001254 -0.000749 -0.006759 -0.016776
0.950751 0.001213 -0.000757 -0.006667 -0.016517
0.951586 0.001172 -0.000765 -0.006574 -0.016257
0.952421 0.001132 -0.000771 -0.006481 -0.015997
0.953255 0.001093 -0.000777 -0.006387 -0.015736
0.954090 0.001054 -0.000783 -0.006292 -0.015474
0.954925 0.001016 -0.000787 -0.006196 -0.015211
0.955760 0.000979 -0.000791 -0.006100 -0.014948
0.956594 0.000942 -0.000794 -0.006003 -0.014684
0.957429 0.000906 -0.000797 -0.005905 -0.014419
0.958264 0.000871 -0.000798 -0.005807 -0.014154
0.959098 0.000836 -0.000800 -0.005708 -0.013888
0.959933 0.000803 -0.000800 -0.005608 -0.013621
0.960768 0.000770 -0.000800 -0.005508 -0.013354
0.961603 0.000737 -0.000799 -0.005406 -0.013086
0.962437 0.000705 -0.000797 -0.005305 -0.012817
0.963272 0.000674 -0.000795 -0.005202 -0.012548
0.964107 0.000644 -0.000792 -0.005099 -0.012277
0.964942 0.000615 -0.000788 -0.004995 -0.012006
0.965776 0.000586 -0.000783 -0.004890 -0.011735
0.966611 0.000557 -0.000778 -0.004785 -0.011463
0.967446 0.000530 -0.000772 -0.004679 -0.011190
0.968280 0.000503 -0.000766 -0.004572 -0.010916
0.969115 0.000477 -0.000758 -0.004465 -0.010642
0.969950 0.000452 -0.000750 -0.004357 -0.010367
0.970785 0.000427 -0.000742 -0.004248 -0.010091
0.971619 0.000403 -0.000732 -0.004138 -0.009814
0.972454 0.000379 -0.000722 -0.004028 -0.009537
0.973289 0.000357 -0.000712 -0.003917 -0.009259
0.974124 0.000335 -0.000700 -0.003805 -0.008981
0.974958 0.000314 -0.000688 -0.003693 -0.008701
0.975793 0.000293 -0.000675 -0.003580 -0.008422
0.976628 0.000273 -0.000662 -0.003466 -0.008141
0.977462 0.000254 -0.000648 -0.003352 -0.007860
0.978297 0.000236 -0.000633 -0.003237 -0.007578
0.979132 0.000218 -0.000617 -0.003121 -0.007295
0.979967 0.000201 -0.000601 -0.003005 -0.007011
0.980801 0.000184 -0.000584 -0.002887 -0.006727
0.981636 0.000169 -0.000566 -0.002770 -0.006442
0.982471 0.000154 -0.000548 -0.002651 -0.006157
0.983306 0.000139 -0.000528 -0.002532 -0.005871
0.984140 0.000126 -0.000509 -0.002412 -0.005584
0.984975 0.000113 -0.000488 -0.002291 -0.005296
0.985810 0.000101 -0.000467 -0.002170 -0.005008
0.986644 0.000089 -0.000445 -0.002048 -0.004719
0.987479 0.000078 -0.000422 -0.001925 -0.004429
0.988314 0.000068 -0.000399 -0.001801 -0.004139
0.989149 0.000059 -0.000375 -0.001677 -0.003848
0.989983 0.000050 -0.000351 -0.001553 -0.003556
0.990818 0.000042 -0.000325 -0.001427 -0.003263
0.991653 0.000035 -0.000299 -0.001301 -0.002970
0.992487 0.000028 -0.000272 -0.001174 -0.002676
0.993322 0.000022 -0.000245 -0.001046 -0.002382
0.994157 0.000017 -0.000217 -0.000918 -0.002086
0.994992 0.000013 -0.000188 -0.000789 -0.001790
0.995826 0.000009 -0.000158 -0.000659 -0.001494
0.996661 0.000006 -0.000128 -0.000529 -0.001196
0.997496 0.000003 -0.000097 -0.000398 -0.000898
0.998331 0.000001 -0.000065 -0.000266 -0.000600
0.999165 0.000000 -0.000033 -0.000133 -0.000300
1.000000 0.000000 0.000000 0.000000 0.000000
