# G_4, p = 1.5000 GPa (dir_15000.0_bar).
# D8R-only: 48 rings x 101 frames = 4848 samples.
# Column: per-D8R Delta [A]
1.743558
1.653661
1.542219
1.763343
1.743490
1.653526
1.542075
1.763450
1.743664
1.653842
1.541947
1.763420
1.743642
1.653670
1.541929
1.763481
1.743363
1.654718
1.543427
1.764413
1.743340
1.654603
1.543244
1.764185
1.743530
1.655005
1.542974
1.764391
1.743640
1.655137
1.542935
1.764382
1.743337
1.657710
1.545687
1.766323
1.743024
1.657446
1.545332
1.766375
1.743050
1.657408
1.545566
1.766175
1.743124
1.657495
1.545711
1.766390
1.728676
1.614958
1.649277
1.644220
1.701096
1.709469
1.407712
1.708588
1.729278
1.674113
1.536980
1.785599
1.656755
1.761022
1.640644
1.848823
1.686138
1.539909
1.495099
1.756946
1.718528
1.659175
1.230737
1.705421
1.805296
1.610087
1.440070
1.839668
1.780167
1.697008
1.483732
1.884961
1.712817
1.576253
1.661121
1.691187
1.615026
1.735891
1.572967
1.607414
1.676469
1.717664
1.518070
1.771045
1.938385
1.592141
1.483945
1.741530
1.719568
1.571329
1.650876
1.751495
1.638039
1.800928
1.398005
1.737913
1.780121
1.557807
1.489011
1.721735
1.615602
1.750919
1.709092
1.890009
1.581914
1.457812
1.535368
1.709330
1.687060
1.643237
1.136461
1.641500
1.850372
1.759238
1.422877
1.892392
1.823809
1.692885
1.582035
1.819814
1.632059
1.569428
1.699305
1.651628
1.540209
1.779483
1.626603
1.517365
1.814594
1.636275
1.599641
1.744769
2.006450
1.657583
1.389619
1.687118
1.716264
1.521006
1.613946
1.862629
1.629238
1.875669
1.492984
1.726010
1.837147
1.488628
1.420481
1.758805
1.580470
1.713739
1.711009
1.833238
1.571434
1.479990
1.585524
1.754069
1.721487
1.714148
1.132762
1.566809
1.864981
1.917761
1.443290
1.899755
1.797269
1.557335
1.683781
1.794257
1.684672
1.634819
1.781572
1.751666
1.553031
1.709101
1.589811
1.590189
1.926018
1.632816
1.628714
1.724275
1.859602
1.705093
1.331190
1.522395
1.677105
1.480938
1.585912
1.796106
1.731475
1.953758
1.552813
1.694215
1.816358
1.456302
1.452689
1.838157
1.497168
1.749660
1.681092
1.843104
1.611961
1.453820
1.560544
1.904755
1.768552
1.689723
1.087864
1.543071
1.866491
1.836404
1.393577
1.822720
1.703417
1.452010
1.708175
1.861788
1.806814
1.627793
1.898954
1.829024
1.544692
1.705649
1.501848
1.720598
1.859901
1.636000
1.582225
1.745073
1.812688
1.831752
1.314825
1.420865
1.713357
1.443528
1.664464
1.725139
1.727096
1.983110
1.618095
1.699579
1.810874
1.471087
1.454318
1.877169
1.586999
1.679477
1.701191
1.878823
1.524295
1.514648
1.491100
1.945468
1.754590
1.741033
1.103203
1.651630
1.924004
1.769449
1.356806
1.744828
1.624029
1.451588
1.693682
1.849623
1.793931
1.541335
1.940496
1.814214
1.545062
1.707801
1.458103
1.766951
1.866130
1.671267
1.455167
1.789638
1.777483
1.957750
1.318670
1.371502
1.811018
1.437749
1.748048
1.820970
1.696445
1.995489
1.537289
1.743700
1.701335
1.511534
1.380750
1.789769
1.707556
1.605888
1.667388
1.891181
1.532245
1.669065
1.354677
1.818657
1.597626
1.833090
1.113602
1.740074
1.902569
1.832420
1.312344
1.825766
1.616944
1.409942
1.732130
1.781726
1.712374
1.474455
1.825432
1.773809
1.546751
1.660661
1.534164
1.746938
1.944640
1.706230
1.421731
1.773010
1.764980
1.913746
1.311705
1.569861
1.740613
1.436465
1.876867
1.818586
1.705496
1.982465
1.370832
1.777481
1.588918
1.554206
1.395435
1.762204
1.609941
1.605898
1.638296
1.732017
1.693299
1.688046
1.274044
1.779919
1.543317
1.784074
1.132958
1.679383
1.857486
1.848910
1.236414
1.950977
1.713188
1.397056
1.769881
1.735365
1.795644
1.460253
1.774280
1.713618
1.519027
1.514356
1.619882
1.768345
1.902367
1.677577
1.472927
1.728137
1.849991
1.825460
1.286509
1.813810
1.684162
1.367734
1.909897
1.682013
1.717739
1.880472
1.396240
1.851234
1.550326
1.513557
1.501577
1.735786
1.526132
1.577795
1.573661
1.613432
1.695620
1.743017
1.204279
1.831990
1.610082
1.706068
1.068447
1.623176
1.730309
1.690911
1.213177
1.912527
1.781448
1.491299
1.733820
1.690529
1.937945
1.491470
1.755422
1.713364
1.536248
1.349327
1.636189
1.847399
1.735434
1.605420
1.470104
1.742097
1.895580
1.804916
1.365398
1.849353
1.757141
1.438534
1.846399
1.647811
1.702518
1.819782
1.470461
1.951742
1.535380
1.445154
1.473493
1.685863
1.618599
1.437112
1.423954
1.589587
1.606258
1.829287
1.137503
1.834206
1.688426
1.670559
1.077707
1.722928
1.628027
1.570589
1.268399
1.836125
1.726271
1.592144
1.726053
1.645191
1.857019
1.484174
1.699923
1.690312
1.602841
1.239182
1.529309
1.760925
1.630459
1.440772
1.379931
1.718310
1.767102
1.757964
1.367578
1.838717
1.798765
1.636630
1.656386
1.685679
1.705255
1.679142
1.484606
1.891086
1.508393
1.380107
1.432788
1.756578
1.658173
1.399242
1.387713
1.621149
1.650460
1.872459
1.076146
1.738270
1.730811
1.571362
1.212066
1.831728
1.448989
1.484906
1.318795
1.789122
1.764421
1.482514
1.665503
1.740716
1.763502
1.478016
1.494092
1.688219
1.572833
1.187088
1.463400
1.701522
1.473854
1.404426
1.251074
1.643920
1.650340
1.727813
1.294419
1.913987
1.724708
1.663820
1.443909
1.772277
1.815101
1.602262
1.385573
1.827021
1.540900
1.491161
1.450098
1.889669
1.555941
1.491146
1.409827
1.618142
1.758595
1.855969
1.110664
1.721077
1.728369
1.575271
1.409987
1.821157
1.341637
1.418713
1.266427
1.796531
1.808255
1.485597
1.622302
1.797827
1.709731
1.556035
1.357168
1.730414
1.559352
1.188990
1.459534
1.683891
1.309884
1.393017
1.139839
1.680539
1.562664
1.678896
1.259030
1.958605
1.684740
1.572436
1.257616
1.800793
1.940475
1.604086
1.416816
1.792901
1.664601
1.474728
1.456811
1.762370
1.555840
1.571666
1.340249
1.574115
1.737956
1.841643
1.197284
1.687935
1.602627
1.657552
1.619072
1.737214
1.256020
1.414712
1.255869
1.786895
1.787003
1.684258
1.547560
1.769895
1.609852
1.627532
1.375980
1.631863
1.650168
1.318197
1.468379
1.756105
1.255562
1.283370
1.096093
1.771130
1.530580
1.534213
1.346834
1.964825
1.636779
1.474061
1.152682
1.776337
1.837984
1.502836
1.467144
1.681748
1.768279
1.309412
1.408280
1.636801
1.624777
1.546746
1.251992
1.506590
1.582539
1.744631
1.129042
1.464268
1.612865
1.607467
1.762030
1.642532
1.277288
1.375108
1.408710
1.615792
1.705497
1.818832
1.458777
1.763571
1.575004
1.596973
1.374687
1.581382
1.754102
1.455169
1.484905
1.789016
1.329357
1.203197
1.113227
1.771554
1.388853
1.344838
1.402385
2.022979
1.599544
1.451471
1.062623
1.748890
1.742916
1.359792
1.405612
1.509732
1.576101
1.236067
1.299488
1.593800
1.549974
1.635344
1.208489
1.431831
1.517848
1.602375
0.995915
1.291205
1.632970
1.428376
1.865929
1.602327
1.311825
1.205064
1.524956
1.546911
1.681878
1.648859
1.345702
1.667658
1.685205
1.508560
1.335280
1.630604
1.767253
1.468021
1.470872
1.688531
1.354550
1.165212
1.161078
1.723329
1.333521
1.294170
1.396468
2.012160
1.612923
1.525663
0.987360
1.745900
1.675106
1.275269
1.322749
1.385966
1.421664
1.205372
1.241011
1.593015
1.488654
1.742109
1.307143
1.462549
1.434603
1.421736
0.962152
1.311795
1.642168
1.308209
1.825387
1.641290
1.313809
1.128024
1.457377
1.588437
1.590013
1.580766
1.282008
1.539173
1.722600
1.554727
1.199209
1.660836
1.760495
1.423205
1.352592
1.516981
1.363697
1.210266
1.137016
1.644281
1.401418
1.357737
1.320390
1.897933
1.671379
1.734477
0.937731
1.712658
1.579606
1.229570
1.430719
1.300314
1.367737
1.100099
1.180278
1.460020
1.583406
1.712422
1.330379
1.422405
1.303523
1.335150
1.036730
1.375036
1.747300
1.313545
1.750218
1.649062
1.280229
1.227188
1.421236
1.561560
1.527489
1.615633
1.118519
1.493393
1.657810
1.627787
1.105699
1.672805
1.607825
1.444338
1.215988
1.498194
1.430058
1.309021
1.123731
1.567074
1.435178
1.327018
1.297966
1.803501
1.612962
1.841516
0.893691
1.628069
1.549990
1.138870
1.488449
1.171632
1.394037
1.040726
1.098899
1.381380
1.580673
1.620953
1.201522
1.365430
1.256148
1.262458
1.077523
1.441476
1.804891
1.197702
1.662560
1.524345
1.336522
1.288129
1.465826
1.480152
1.510209
1.504449
0.996929
1.480937
1.525241
1.586936
1.104169
1.627573
1.461058
1.441899
1.108849
1.621954
1.460019
1.415662
1.167027
1.425958
1.371960
1.376179
1.324225
1.711128
1.530870
1.697205
0.874012
1.511967
1.529929
1.092677
1.482866
1.142059
1.399428
1.060091
1.083427
1.398025
1.470265
1.515050
1.106070
1.420868
1.267737
1.172457
1.061246
1.486321
1.651960
1.113556
1.591074
1.506251
1.382702
1.232090
1.442663
1.402873
1.562598
1.410521
0.996208
1.383966
1.407484
1.606135
1.112419
1.558670
1.286698
1.415426
1.056623
1.633055
1.471445
1.483815
1.183420
1.296590
1.346485
1.453000
1.410958
1.461286
1.496262
1.455843
0.896046
1.420976
1.519466
1.158303
1.406796
1.301764
1.417700
1.167878
1.126103
1.431684
1.433749
1.454854
1.105266
1.620269
1.299741
1.062463
1.088806
1.565412
1.413168
1.103323
1.488125
1.556300
1.440636
1.264453
1.225264
1.477521
1.520144
1.424634
1.070267
1.266295
1.266096
1.706742
0.998731
1.530509
1.206102
1.433472
1.052675
1.519956
1.552102
1.415365
1.153452
1.183408
1.410513
1.454989
1.446534
1.264127
1.441965
1.352526
0.937045
1.320289
1.432434
1.210490
1.352920
1.450910
1.450991
1.295522
1.171944
1.424947
1.572924
1.390498
1.122608
1.690154
1.230814
1.073778
1.222228
1.602955
1.361867
1.155741
1.335327
1.492078
1.464921
1.327484
1.145794
1.557353
1.464569
1.440696
1.016534
1.260270
1.251935
1.675684
0.932238
1.510807
1.191300
1.521083
1.051524
1.480241
1.618619
1.403687
1.132594
1.036144
1.481298
1.381707
1.333340
1.317805
1.289528
1.357070
0.950370
1.257446
1.344110
1.125991
1.225638
1.545235
1.533732
1.373337
1.171293
1.525748
1.540542
1.384646
1.184643
1.625076
1.287779
1.081246
1.366532
1.706574
1.428941
1.218334
1.160407
1.404920
1.520014
1.311964
1.241277
1.519575
1.406239
1.311733
1.035582
1.374101
1.237932
1.487657
0.945598
1.424372
1.271285
1.619960
1.157497
1.374241
1.610925
1.466993
1.205365
1.073671
1.451801
1.456925
1.240990
1.443159
1.152577
1.272730
1.054067
1.270718
1.284754
1.176964
1.164383
1.725196
1.619082
1.398314
1.133613
1.615171
1.448887
1.422636
1.231592
1.563237
1.337361
1.001737
1.385783
1.742262
1.430220
1.296226
1.028822
1.421943
1.593194
1.312804
1.204544
1.443737
1.436586
1.144552
1.189510
1.366151
1.139042
1.361917
1.000417
1.349295
1.362535
1.669277
1.238474
1.246434
1.547200
1.510075
1.284047
1.229246
1.380590
1.591219
1.107180
1.423330
1.225759
1.167912
1.135847
1.323662
1.207851
1.353116
1.107143
1.756865
1.699611
1.393694
1.130372
1.545098
1.444891
1.347664
1.272213
1.607110
1.279331
0.904393
1.419892
1.669602
1.396879
1.380259
0.950153
1.424371
1.585202
1.331383
1.057921
1.502988
1.400036
0.918625
1.306469
1.405936
1.149801
1.355262
0.856290
1.358028
1.375956
1.666007
1.289281
1.133494
1.583662
1.406802
1.241865
1.303757
1.378298
1.573189
0.990516
1.388062
1.267698
1.153750
1.130705
1.261187
1.114218
1.365935
1.098341
1.620848
1.652238
1.408029
1.166638
1.492375
1.464645
1.330113
1.261614
1.655460
1.193551
0.930679
1.363313
1.632303
1.411096
1.368995
0.911012
1.318714
1.551218
1.304435
0.961529
1.525448
1.379392
0.846872
1.223431
1.446435
1.254889
1.370503
0.783258
1.433144
1.386933
1.618510
1.261350
1.184227
1.605335
1.260749
1.116573
1.302276
1.376558
1.441141
0.974192
1.426366
1.141989
1.144023
1.179187
1.251662
1.113378
1.226336
1.001608
1.472412
1.546618
1.418315
1.171459
1.407483
1.491407
1.279369
1.255579
1.670356
1.246477
1.100718
1.306818
1.696327
1.297660
1.448252
0.986174
1.215016
1.580026
1.259223
0.929868
1.479088
1.363789
0.944848
1.226803
1.415642
1.395485
1.330448
0.932138
1.422788
1.369716
1.478879
1.190641
1.263265
1.552273
1.142185
1.013319
1.276260
1.373820
1.381478
1.101877
1.363257
1.071856
1.071967
1.311935
1.449449
1.174065
1.159786
0.982987
1.549100
1.433758
1.382989
1.159611
1.347097
1.499216
1.313894
1.249842
1.687502
1.406298
1.223836
1.360933
1.666028
1.190057
1.435275
1.029348
1.320408
1.565608
1.199042
0.843111
1.430383
1.436864
1.085205
1.365163
1.325604
1.507607
1.258547
1.111988
1.327031
1.332165
1.337388
1.180569
1.310095
1.628595
1.079214
0.980819
1.225489
1.399909
1.311667
1.191395
1.266120
1.097149
1.033246
1.413426
1.471385
1.183546
1.203684
0.978862
1.680732
1.401741
1.303864
1.130043
1.326670
1.506493
1.346353
1.253279
1.717781
1.569026
1.258165
1.513874
1.546394
1.199360
1.406325
1.012731
1.378003
1.538638
1.210134
0.834593
1.417734
1.400347
1.033235
1.393240
1.373194
1.568118
1.136792
1.205001
1.217370
1.276483
1.285679
1.203384
1.312350
1.711293
1.086813
1.021113
1.263902
1.429744
1.272920
1.128116
1.317076
1.236342
1.045760
1.325062
1.433794
1.229018
1.171354
0.997824
1.640467
1.386931
1.210180
1.134927
1.472988
1.533847
1.375445
1.193662
1.557604
1.666582
1.271569
1.505236
1.454348
1.284264
1.400668
1.046682
1.389595
1.504896
1.245397
0.921032
1.389367
1.396367
0.958954
1.309165
1.458979
1.485609
1.071163
1.251099
1.232665
1.330424
1.260344
1.158313
1.291547
1.641226
1.198020
1.003411
1.456314
1.442243
1.280091
1.113211
1.484229
1.373562
1.059693
1.226017
1.558410
1.356815
1.132244
0.942312
1.559767
1.406792
1.210540
1.130303
1.543964
1.581101
1.305097
1.195031
1.396810
1.696071
1.362046
1.363238
1.393660
1.329752
1.551020
1.124085
1.375743
1.411276
1.345863
0.923244
1.502987
1.417035
1.019886
1.410555
1.423050
1.499763
1.012770
1.311016
1.390758
1.472132
1.139455
1.008373
1.214852
1.445888
1.268233
1.025303
1.562403
1.471000
1.202744
1.191840
1.512089
1.529733
0.930015
1.263433
1.728544
1.400862
1.169260
0.949678
1.523700
1.482705
1.309914
1.196592
1.557014
1.596882
1.251635
1.268989
1.389786
1.644936
1.473429
1.345378
1.303208
1.529696
1.517251
1.107513
1.409937
1.323272
1.383403
0.917681
1.651331
1.436104
1.143897
1.425321
1.505068
1.572198
0.966526
1.373015
1.534988
1.663098
1.135318
0.921035
1.278978
1.355414
1.321329
1.131368
1.503963
1.590153
1.105709
1.254478
1.544433
1.646864
0.830941
1.356660
1.674144
1.520330
1.224503
1.056561
1.499758
1.561362
1.436858
1.242565
1.574558
1.498128
1.164094
1.271075
1.363369
1.655434
1.449436
1.412976
1.230772
1.619549
1.354365
0.950868
1.442125
1.268915
1.434349
0.993703
1.733561
1.404064
1.295110
1.415032
1.696282
1.653664
1.039891
1.336838
1.574903
1.775078
1.125455
1.024065
1.401641
1.340501
1.383975
1.270420
1.536433
1.579336
1.054193
1.261671
1.584572
1.575321
0.953879
1.247908
1.646234
1.599320
1.249610
1.257097
1.428126
1.473692
1.458209
1.251306
1.555107
1.404450
1.086510
1.191305
1.339572
1.728126
1.328215
1.305030
1.266021
1.585359
1.251191
0.900302
1.472250
1.318029
1.440017
1.092993
1.627153
1.422939
1.480169
1.352450
1.708661
1.627588
1.172786
1.282003
1.652688
1.760304
1.080670
1.125462
1.572360
1.260889
1.410535
1.306251
1.671647
1.582601
1.062366
1.313574
1.518734
1.618735
1.214326
1.152704
1.686518
1.624558
1.462612
1.330220
1.476112
1.323702
1.462209
1.205165
1.453953
1.345765
1.098537
1.124483
1.399154
1.687601
1.287698
1.164124
1.320991
1.591732
1.357323
0.948009
1.519253
1.344140
1.347401
1.136319
1.527971
1.469017
1.620439
1.315212
1.601953
1.657707
1.293287
1.279185
1.630559
1.693421
1.080845
1.131544
1.760295
1.246704
1.411439
1.256803
1.776901
1.701939
1.043522
1.345695
1.497037
1.796632
1.268539
1.213982
1.597988
1.661670
1.675915
1.357539
1.454303
1.305989
1.473596
1.270927
1.415623
1.312935
1.167289
1.123215
1.515346
1.632478
1.376691
1.200232
1.371154
1.627121
1.472985
1.008892
1.672347
1.364579
1.276161
1.215259
1.605619
1.602317
1.564490
1.244536
1.609849
1.637721
1.346872
1.190136
1.594845
1.633302
1.161182
1.175075
1.840664
1.433120
1.439083
1.257697
1.790193
1.739564
1.053086
1.282934
1.614284
1.922477
1.302361
1.260973
1.297966
1.787094
1.705491
1.402733
1.452272
1.437531
1.534555
1.268355
1.538148
1.275521
1.189314
1.164325
1.596997
1.627874
1.553176
1.247202
1.488949
1.564561
1.461197
1.042775
1.820908
1.350633
1.290004
1.376303
1.646303
1.740700
1.531664
1.157794
1.657387
1.587241
1.287857
1.084331
1.579624
1.643404
1.143487
1.285973
1.832130
1.581900
1.395660
1.329122
1.692825
1.644048
1.156416
1.160227
1.868599
1.883227
1.534662
1.244333
1.247200
1.792377
1.671639
1.456170
1.470662
1.542553
1.507577
1.242332
1.574622
1.239496
1.233499
1.286817
1.566563
1.566344
1.595876
1.129905
1.626380
1.505071
1.428450
1.165268
1.876981
1.386960
1.310535
1.515821
1.586423
1.791551
1.583013
1.082133
1.658877
1.501436
1.255894
1.138562
1.668762
1.630283
1.044415
1.349253
1.759642
1.599171
1.432471
1.453853
1.574944
1.685590
1.161450
1.176051
1.945217
1.823789
1.769926
1.220944
1.403243
1.703128
1.680339
1.499074
1.541680
1.688992
1.500786
1.102353
1.421286
1.276091
1.343129
1.382177
1.558010
1.466149
1.609631
0.949681
1.600002
1.531660
1.473648
1.231676
1.738199
1.480034
1.333233
1.518238
1.699668
1.755942
1.538505
1.068272
1.694226
1.540503
1.279836
1.208715
1.770470
1.670803
1.053979
1.296714
1.807999
1.534952
1.475281
1.528908
1.540589
1.717893
1.215538
1.264134
1.839659
1.678697
1.781091
1.286166
1.541206
1.740799
1.572582
1.542466
1.690665
1.774188
1.549535
1.073324
1.359156
1.348581
1.464592
1.427950
1.666551
1.425195
1.625958
0.934119
1.558457
1.646036
1.554501
1.270897
1.698493
1.598525
1.362028
1.627394
1.769692
1.722065
1.495326
0.968793
1.776747
1.546981
1.363281
1.147762
1.746807
1.728675
1.288736
1.285291
1.869201
1.490730
1.584650
1.472194
1.584153
1.699201
1.377734
1.369213
1.735163
1.546599
1.772446
1.341169
1.610566
1.825217
1.369725
1.534732
1.743140
1.804563
1.579264
1.123304
1.548608
1.500191
1.453253
1.439043
1.704980
1.388745
1.572558
1.016467
1.562901
1.649163
1.628285
1.290600
1.702292
1.663666
1.455216
1.776610
1.758198
1.703658
1.423004
0.948229
1.700936
1.472448
1.498627
1.140735
1.726395
1.811052
1.453891
1.378598
1.826904
1.522643
1.637082
1.435010
1.791367
1.642627
1.508609
1.443289
1.649554
1.533289
1.845907
1.350257
1.710591
1.839008
1.214940
1.477077
1.744532
1.806575
1.462965
1.229365
1.633011
1.682089
1.400600
1.486114
1.810027
1.342423
1.569049
1.119896
1.556295
1.573086
1.573853
1.394909
1.615357
1.756598
1.546975
1.686139
1.708342
1.682706
1.364800
1.048757
1.613348
1.418133
1.632829
1.308132
1.739591
1.743202
1.497314
1.548378
1.663912
1.618166
1.660436
1.516530
1.823949
1.684494
1.498875
1.494614
1.573328
1.724999
1.873407
1.360630
1.770209
1.781255
1.209075
1.354275
1.803311
1.823447
1.430391
1.238682
1.689141
1.691997
1.457438
1.485956
1.910159
1.350539
1.561079
1.207622
1.608574
1.622291
1.410852
1.475936
1.580015
1.833348
1.525465
1.504072
1.752801
1.693347
1.415397
1.151360
1.697317
1.510855
1.658057
1.524857
1.741543
1.684782
1.618150
1.540262
1.546363
1.707465
1.695760
1.542604
1.823870
1.670289
1.626350
1.437946
1.531967
1.786575
1.775506
1.509490
1.736306
1.712550
1.228797
1.309754
1.861637
1.812949
1.452120
1.275461
1.731858
1.592402
1.542386
1.473995
1.913447
1.478858
1.652916
1.233274
1.731397
1.538228
1.350998
1.625262
1.567371
1.874336
1.529472
1.505069
1.728537
1.673957
1.443680
1.202038
1.770867
1.567040
1.700051
1.556268
1.698901
1.708192
1.817000
1.403949
1.484538
1.756967
1.693042
1.473132
1.753726
1.617132
1.825330
1.392438
1.498717
1.641356
1.616194
1.679512
1.699868
1.645102
1.284263
1.327738
1.778082
1.735473
1.493852
1.346421
1.693282
1.634778
1.591310
1.422381
1.891814
1.602301
1.656141
1.271241
1.798905
1.439445
1.348119
1.656955
1.570689
1.866096
1.578513
1.502907
1.653022
1.674785
1.444096
1.209728
1.815596
1.638377
1.689483
1.528816
1.697921
1.749031
1.893386
1.308999
1.517749
1.765900
1.643523
1.470888
1.598429
1.568234
1.846088
1.364813
1.515808
1.538878
1.531433
1.690943
1.650781
1.568674
1.432297
1.340184
1.647753
1.622322
1.509982
1.539536
1.594921
1.725446
1.470369
1.427300
1.922762
1.633639
1.642526
1.404865
1.809941
1.547861
1.326732
1.626339
1.604023
1.851931
1.640189
1.370628
1.614395
1.665506
1.453118
1.235916
1.891553
1.814897
1.682937
1.525769
1.645404
1.625208
1.927210
1.289896
1.517292
1.732629
1.718885
1.484932
1.454474
1.612226
1.809824
1.290585
1.518385
1.538370
1.547932
1.600992
1.585678
1.622450
1.454338
1.437783
1.645044
1.476400
1.693927
1.738043
1.723091
1.809364
1.453157
1.410539
1.934389
1.732123
1.713336
1.538631
1.872707
1.766330
1.395473
1.607892
1.623236
2.004627
1.647249
1.366619
1.674334
1.706722
1.436277
1.393060
1.941923
1.856981
1.673905
1.472563
1.620493
1.613317
2.031988
1.381585
1.630258
1.691613
1.826127
1.500168
1.607094
1.659979
1.809239
1.264724
1.529412
1.524456
1.601134
1.616996
1.628265
1.734026
1.432469
1.625452
1.741251
1.422080
1.800811
1.763361
1.833708
1.927179
1.535891
1.387810
1.885294
1.843016
1.765443
1.507706
1.944587
1.808403
1.532184
1.630707
1.695806
1.899775
1.651851
1.504821
1.545181
1.665565
1.435795
1.464033
1.866288
1.826318
1.639034
1.327441
1.707337
1.734476
2.156059
1.382408
1.730997
1.758114
1.813569
1.464338
1.758623
1.690639
1.740438
1.322502
1.553399
1.538251
1.493944
1.596244
1.583335
1.707702
1.552710
1.634939
1.778771
1.449078
1.755373
1.699094
1.905168
1.978778
1.622846
1.349562
1.763644
1.913485
1.702741
1.472823
1.922102
1.804285
1.543904
1.701645
1.714824
1.774607
1.738343
1.514661
1.477763
1.538200
1.501398
1.433567
1.790718
1.763493
1.563050
1.279261
1.862331
1.666891
2.099505
1.345541
1.765129
1.934160
1.770335
1.524503
1.812117
1.673684
1.658834
1.361347
1.520490
1.614207
1.404118
1.518606
1.494785
1.670989
1.710275
1.528520
1.844244
1.622589
1.675604
1.689888
1.912491
1.887855
1.761254
1.386358
1.717480
1.843889
1.612212
1.485811
1.891207
1.878625
1.646678
1.755424
1.682511
1.833135
1.815806
1.442999
1.495401
1.437920
1.619888
1.571483
1.715306
1.650212
1.507119
1.287966
1.777940
1.684170
1.935214
1.327965
1.726561
1.964972
1.767285
1.622500
1.818126
1.671707
1.615534
1.366544
1.560523
1.676510
1.464389
1.502630
1.565254
1.728511
1.759296
1.408996
1.908951
1.789692
1.731031
1.668436
2.013179
1.781929
1.873916
1.390426
1.763786
1.821481
1.606374
1.487573
1.872534
1.882556
1.710877
1.865690
1.710994
1.962262
1.817967
1.580854
1.461689
1.443059
1.725672
1.736700
1.672100
1.657198
1.482186
1.303916
1.691558
1.720241
1.824919
1.387883
1.715829
1.869755
1.750272
1.670561
1.947469
1.606060
1.607300
1.335050
1.614835
1.681239
1.539790
1.590623
1.792085
1.718614
1.768623
1.501193
1.900034
1.819535
1.681958
1.560159
1.964121
1.732947
1.888704
1.356109
1.721580
1.758053
1.656389
1.391136
1.802278
1.817652
1.696895
1.747938
1.760908
1.923168
1.799797
1.788422
1.356609
1.540352
1.749516
1.727379
1.604310
1.720954
1.525391
1.445115
1.759338
1.693407
1.804505
1.418497
1.745158
1.701990
1.659116
1.696083
2.030898
1.608842
1.590136
1.350657
1.748512
1.721865
1.484077
1.600754
1.793202
1.594173
1.824422
1.582773
1.833176
1.813375
1.514522
1.488598
1.760930
1.678831
1.848478
1.391225
1.656350
1.664652
1.567020
1.446291
1.720135
1.881365
1.689436
1.595108
1.859806
1.894884
1.778235
1.688755
1.426796
1.648015
1.653587
1.755921
1.669633
1.654804
1.525255
1.618684
1.876751
1.679674
1.712315
1.477557
1.746529
1.622150
1.638387
1.781184
2.005830
1.683760
1.482616
1.484254
1.797598
1.808526
1.473346
1.428521
1.730692
1.670776
1.844055
1.524198
1.851620
1.850346
1.387529
1.485419
1.590171
1.599956
1.830009
1.481124
1.625338
1.626256
1.468209
1.600163
1.745288
1.940190
1.700192
1.594905
1.884804
1.919100
1.706367
1.555952
1.592377
1.757052
1.587569
1.805785
1.713110
1.499227
1.559083
1.636429
1.792517
1.740704
1.549448
1.542104
1.747267
1.646151
1.589743
1.826326
2.085819
1.723143
1.510777
1.570817
1.813527
1.806322
1.580235
1.266930
1.788157
1.717189
1.795067
1.417963
1.937361
1.727540
1.445055
1.462845
1.609365
1.553847
1.773027
1.536431
1.544145
1.669337
1.505508
1.689033
1.734913
1.868984
1.734969
1.582553
1.820108
1.823649
1.638754
1.549430
1.565169
1.785942
1.623793
1.818259
1.738087
1.453687
1.567008
1.612330
1.687106
1.637783
1.480262
1.648686
1.815300
1.622634
1.507946
1.817302
2.105009
1.759720
1.524855
1.561795
1.805108
1.793431
1.602460
1.215773
1.883413
1.624331
1.760113
1.418725
1.829459
1.637222
1.564302
1.415888
1.606097
1.518884
1.793465
1.540868
1.523255
1.656238
1.610076
1.639334
1.648722
1.822916
1.595028
1.442270
1.892014
1.527305
1.554088
1.498681
1.615255
1.807842
1.687507
1.844756
1.674742
1.504442
1.580276
1.652544
1.650710
1.498619
1.572272
1.782003
1.820865
1.532289
1.508182
1.757209
1.853058
1.748634
1.456814
1.664104
1.788259
1.874392
1.591952
1.234825
1.787182
1.537784
1.698749
1.330709
1.739220
1.661126
1.638477
1.359877
1.632390
1.515144
1.794935
1.533217
1.599449
1.615818
1.579536
1.608910
1.613433
1.785946
1.504230
1.344091
1.894251
1.449385
1.591799
1.392721
1.793789
1.842875
1.774469
1.813525
1.652600
1.499204
1.613292
1.765522
1.589140
1.482697
1.545925
1.836742
1.692946
1.382062
1.493743
1.721365
1.637395
1.766093
1.501740
1.627020
1.760874
1.838386
1.636719
1.302153
1.820495
1.602506
1.689275
1.213031
1.600606
1.737682
1.642649
1.289106
1.621243
1.601423
1.718922
1.607296
1.648816
1.625372
1.651543
1.590097
1.623926
1.718486
1.494338
1.298964
1.804624
1.463707
1.634883
1.402632
1.855425
1.828364
1.656745
1.695619
1.637641
1.517124
1.586235
1.707469
1.475569
1.589017
1.477477
1.725269
1.666190
1.296742
1.517764
1.570820
1.651703
1.829099
1.551703
1.631120
1.814876
1.794831
1.728278
1.273815
1.918047
1.568164
1.651346
1.158499
1.539036
1.636485
1.527825
1.291624
1.604541
1.695688
1.575523
1.689020
1.608452
1.642174
1.665593
1.496496
1.557291
1.550707
1.491888
1.314317
1.805839
1.340893
1.594391
1.407705
1.785035
1.827032
1.474441
1.606223
1.626667
1.559188
1.567342
1.559337
1.475037
1.612105
1.352159
1.659749
1.730431
1.321168
1.494439
1.489056
1.568251
1.853109
1.472441
1.663864
1.886243
1.880831
1.628658
1.257983
1.972371
1.654696
1.555440
1.249439
1.568643
1.520643
1.527378
1.455860
1.691649
1.682070
1.493681
1.777743
1.553731
1.532194
1.650165
1.556124
1.443179
1.545515
1.527288
1.299000
1.807420
1.253802
1.580445
1.244387
1.828421
1.853469
1.494730
1.419817
1.641371
1.543814
1.558949
1.499568
1.438100
1.547196
1.269179
1.564458
1.781264
1.343996
1.426532
1.465806
1.446820
1.908956
1.471328
1.720775
1.948577
1.840040
1.493358
1.294942
1.923186
1.703945
1.429660
1.376084
1.599044
1.560426
1.607165
1.561604
1.836162
1.715769
1.472730
1.737619
1.519416
1.335467
1.568003
1.697978
1.500039
1.510157
1.597987
1.294713
1.694136
1.326725
1.599545
1.077531
1.885714
1.773700
1.567467
1.373907
1.707563
1.507497
1.620831
1.414348
1.315583
1.532590
1.238824
1.471236
1.650933
1.360276
1.356330
1.307147
1.466637
1.871723
1.508504
1.785660
1.847162
1.505198
1.518748
1.386310
1.963651
1.667594
1.406958
1.458293
1.608058
1.562409
1.612546
1.462615
1.811450
1.751307
1.534736
1.708781
1.472504
1.421834
1.432284
1.773683
1.569906
1.353131
1.480697
1.306163
1.593035
1.426501
1.464044
1.130101
1.916068
1.604710
1.548215
1.299036
1.699137
1.568370
1.589360
1.262586
1.301471
1.466272
1.301191
1.489312
1.578455
1.419760
1.299730
1.109260
1.535180
1.853918
1.513820
1.777219
1.612486
1.283147
1.463446
1.425354
1.864480
1.534965
1.442971
1.411574
1.573354
1.454070
1.498160
1.337675
1.686544
1.691545
1.523735
1.659797
1.431509
1.560460
1.346265
1.598850
1.531421
1.322211
1.349876
1.304595
1.621532
1.407226
1.357216
1.238659
1.794649
1.491408
1.473875
1.180967
1.629873
1.644825
1.601291
1.183273
1.376709
1.421097
1.385254
1.424658
1.652975
1.462872
1.287331
0.978692
1.440013
1.737039
1.501726
1.658432
1.432134
1.255960
1.335911
1.384661
1.654279
1.563178
1.349652
1.335682
1.532240
1.413529
1.441858
1.328151
1.714856
1.660983
1.471085
1.592242
1.458892
1.568798
1.439833
1.377003
1.470156
1.328096
1.401353
1.386637
1.589077
1.380164
1.346281
1.140148
1.772696
1.541588
1.424416
1.140258
1.549910
1.612864
1.609334
1.184650
1.412525
1.395223
1.376751
1.341711
1.611441
1.527496
1.315638
0.925310
1.326044
1.573577
1.492804
1.620446
1.390833
1.305094
1.302529
1.345471
1.459493
1.643088
1.292104
1.268456
1.480875
1.490207
1.468670
1.343767
1.744255
1.700470
1.391790
1.351294
1.480943
1.501330
1.491378
1.292685
1.596347
1.290922
1.630639
1.369067
1.396783
1.460914
1.292432
1.062617
1.680216
1.613800
1.491944
1.142180
1.541806
1.632254
1.497653
1.182671
1.437043
1.447052
1.451855
1.212623
1.505447
1.566032
1.356589
0.746564
1.360911
1.519868
1.532108
1.528388
1.497689
1.372548
1.342358
1.366727
1.341840
1.648493
1.394792
1.259548
1.390623
1.477533
1.409293
1.336389
1.726240
1.632375
1.378074
1.192268
1.569435
1.498191
1.376684
1.230065
1.738885
1.337955
1.680686
1.227841
1.237271
1.468191
1.195038
1.162942
1.436864
1.575855
1.595227
1.092533
1.553787
1.677813
1.371049
1.178803
1.599519
1.407743
1.552903
1.120632
1.454794
1.600232
1.415438
0.610431
1.510815
1.505235
1.503477
1.387347
1.536463
1.385068
1.341283
1.382437
1.299862
1.509196
1.471328
1.440951
1.354517
1.411805
1.279852
1.318942
1.707385
1.481597
1.344680
1.169635
1.604578
1.601459
1.221556
1.247475
1.721945
1.413476
1.629889
1.121975
1.271399
1.359609
1.113658
1.273088
1.332401
1.502107
1.564383
1.099220
1.532219
1.676478
1.421856
1.169837
1.736237
1.442014
1.470866
1.101757
1.498522
1.588558
1.406641
0.616111
1.626169
1.435844
1.392308
1.258894
1.535068
1.341353
1.331563
1.384580
1.409442
1.473300
1.448535
1.438230
1.350501
1.398736
1.252112
1.250148
1.674165
1.435447
1.314483
1.164017
1.599683
1.637342
1.239517
1.196943
1.742853
1.464215
1.445599
1.230356
1.333145
1.410302
1.159927
1.103421
1.350068
1.400020
1.537734
1.119765
1.498445
1.660915
1.504423
1.175593
1.770430
1.512064
1.377751
1.122622
1.469956
1.527474
1.397267
0.690264
1.639471
1.344309
1.343950
1.221540
1.488617
1.239925
1.342018
1.326026
1.518072
1.505263
1.406599
1.387801
1.375722
1.534211
1.328253
1.159431
1.534444
1.534180
1.330777
1.036702
1.552489
1.598088
1.377722
1.072232
1.763604
1.538236
1.265973
1.328372
1.354404
1.557413
1.151193
0.944800
1.326531
1.244609
1.442687
1.158453
1.421624
1.766501
1.549349
1.088607
1.812538
1.514531
1.292887
1.134560
1.327923
1.593579
1.402442
0.713286
1.635444
1.239722
1.418894
1.146545
1.504371
1.307797
1.334057
1.250332
1.519022
1.529592
1.453362
1.349864
1.404043
1.658683
1.286103
1.107958
1.488902
1.628101
1.345021
1.012517
1.641942
1.453304
1.372781
0.975115
1.596947
1.601285
1.194879
1.319899
1.385189
1.640384
1.182467
0.999374
1.336743
1.224079
1.334880
1.190064
1.359539
1.764383
1.498560
1.019477
1.945837
1.448896
1.249751
1.165881
1.234219
1.688881
1.439055
0.744166
1.615327
1.158904
1.514762
1.051997
1.507692
1.435625
1.260852
1.135683
1.377617
1.458796
1.466652
1.355088
1.486057
1.707424
1.197142
1.093476
1.529415
1.706932
1.355786
1.061188
1.608398
1.351294
1.370739
0.885567
1.444298
1.696468
1.266270
1.312317
1.454249
1.629305
1.251623
1.150584
1.358935
1.303905
1.261060
1.170374
1.355715
1.584696
1.407378
0.928618
1.963069
1.509539
1.280099
1.130114
1.296178
1.704219
1.455463
0.900293
1.626295
1.159677
1.569258
0.991995
1.598667
1.533063
1.201870
1.125086
1.400139
1.361837
1.378472
1.298161
1.553700
1.621364
1.125936
0.996921
1.451866
1.789090
1.316868
1.078449
1.556163
1.398147
1.316760
0.762198
1.439750
1.676050
1.310410
1.374950
1.508226
1.644216
1.327252
1.211741
1.392241
1.425092
1.268836
1.098580
1.433071
1.421595
1.192521
0.839167
1.923218
1.603307
1.342065
1.148373
1.331607
1.624171
1.410205
1.022269
1.578330
1.219162
1.560688
1.028806
1.644044
1.550963
1.183484
1.125660
1.481154
1.390234
1.376375
1.209595
1.505750
1.580997
1.107240
0.912847
1.143670
1.718450
1.329658
1.023835
1.615700
1.508651
1.221935
0.788931
1.523761
1.640416
1.275659
1.342004
1.505419
1.621620
1.261191
1.189323
1.406414
1.403166
1.209034
1.061025
1.549474
1.325595
1.154915
0.832210
1.856262
1.525471
1.380541
1.095911
1.386742
1.546900
1.415233
1.105062
1.534362
1.326110
1.478803
1.075742
1.638926
1.718107
1.151871
1.108487
1.550620
1.474563
1.298856
1.239143
1.550717
1.578597
1.060043
0.938437
1.009228
1.561205
1.300216
0.946209
1.680300
1.487462
1.126178
0.917214
1.552847
1.655162
1.271361
1.277877
1.395252
1.579450
1.178866
1.170026
1.512239
1.443419
1.197374
0.986274
1.641672
1.290514
1.205303
0.928110
1.750578
1.344959
1.314578
1.039928
1.378383
1.505380
1.382624
1.269126
1.637461
1.351910
1.507564
0.945177
1.527321
1.719129
1.194229
1.053589
1.517203
1.646840
1.243774
1.335286
1.579308
1.537761
1.047339
1.011723
1.126967
1.402391
1.200829
0.885199
1.599524
1.386637
1.121598
0.986262
1.530762
1.710445
1.242682
1.196449
1.365577
1.540595
1.130912
1.245217
1.610393
1.580475
1.154655
1.070447
1.621650
1.267328
1.191450
0.989381
1.587185
1.296917
1.199781
1.059808
1.423336
1.455039
1.280018
1.492901
1.621341
1.403679
1.490852
0.804862
1.516046
1.653479
1.339100
0.975506
1.512135
1.703258
1.278878
1.310239
1.528726
1.396515
1.042424
0.962629
1.223054
1.289803
1.164941
0.899477
1.449556
1.420236
1.234710
0.908343
1.459534
1.667005
1.121627
1.133532
1.455546
1.459388
1.214032
1.248565
1.633302
1.644213
1.131805
1.255741
1.575524
1.255979
1.176084
1.001825
1.602555
1.343382
1.240102
1.162788
1.449207
1.448814
1.063582
1.533256
1.445771
1.440483
1.458077
0.777593
1.576699
1.646018
1.495753
0.901576
1.432605
1.661323
1.292126
1.220263
1.518354
1.322858
1.096653
0.846526
1.207283
1.194930
1.321151
1.011116
1.417011
1.543687
1.333901
0.882273
1.422059
1.576514
1.094298
1.041485
1.581167
1.423058
1.308816
1.252253
1.602334
1.518607
1.181915
1.298529
1.463402
1.301634
1.240792
1.098692
1.655943
1.360782
1.382259
1.259771
1.525403
1.428506
0.902460
1.454142
1.265162
1.438002
1.425841
0.886147
1.546898
1.685093
1.514344
0.927784
1.466658
1.608503
1.257419
1.044229
1.560951
1.377882
1.219189
0.809482
1.385615
1.190720
1.369217
1.106181
1.454174
1.464003
1.391173
0.989114
1.416411
1.517416
1.232980
1.005363
1.649269
1.386924
1.354591
1.287303
1.598162
1.467561
1.227760
1.256097
1.422800
1.322145
1.356648
1.254284
1.609648
1.374335
1.426450
1.264679
1.555472
1.428509
0.939862
1.403349
1.204710
1.449531
1.438890
0.954144
1.573053
1.590658
1.578846
1.026015
1.549531
1.609217
1.157480
0.927875
1.559439
1.463513
1.278973
0.855702
1.632254
1.287191
1.288247
1.214887
1.464120
1.399664
1.463462
1.100690
1.454880
1.425133
1.428353
1.027140
1.699148
1.410419
1.338999
1.330211
1.655050
1.421509
1.328144
1.233890
1.346048
1.374982
1.387490
1.365333
1.527088
1.439800
1.408665
1.327722
1.565572
1.500117
1.006778
1.527293
1.138426
1.532317
1.393040
0.958385
1.657802
1.521767
1.521217
1.147394
1.708093
1.611973
1.061795
0.912992
1.537751
1.455607
1.364903
0.935625
1.608308
1.316121
1.244992
1.236506
1.586185
1.391867
1.535350
1.207225
1.545142
1.398590
1.424567
1.165205
1.669850
1.433587
1.362489
1.356662
1.551917
1.395314
1.368789
1.189124
1.383946
1.498808
1.374654
1.402664
1.436465
1.525120
1.451471
1.369450
1.610799
1.524675
1.081314
1.617609
1.126193
1.559873
1.422895
0.981307
1.709696
1.582544
1.449854
1.163724
1.726392
1.520050
1.078388
0.945733
1.525697
1.546218
1.481435
1.005043
1.505749
1.354556
1.363267
1.353166
1.789255
1.437776
1.524254
1.296476
1.518446
1.436799
1.354861
1.255064
1.629550
1.470611
1.503644
1.402039
1.543316
1.503438
1.254372
1.212605
1.497616
1.544390
1.423026
1.419239
1.338595
1.679130
1.449783
1.383864
1.657881
1.470805
1.213089
1.609663
1.206274
1.476680
1.468801
1.055437
1.804790
1.533968
1.348552
1.101533
1.775675
1.336137
1.181882
1.025891
1.618334
1.628864
1.604212
1.071608
1.585541
1.432953
1.389271
1.378520
1.733746
1.553563
1.428360
1.349081
1.467468
1.377731
1.414550
1.298010
1.616820
1.524793
1.651676
1.313922
1.656495
1.730271
1.257273
1.299040
1.661915
1.592794
1.361710
1.430821
1.379949
1.798916
1.386622
1.250437
1.686891
1.461825
1.323094
1.701980
1.261257
1.463617
1.445555
1.122722
1.773909
1.460725
1.422782
1.150308
1.801192
1.266250
1.371130
1.075041
1.639886
1.532362
1.636829
1.150558
1.583724
1.413691
1.453482
1.368148
1.716205
1.567099
1.390380
1.377699
1.565801
1.375893
1.449994
1.322774
1.652170
1.584851
1.596319
1.153200
1.705164
1.829855
1.444241
1.420145
1.640881
1.523218
1.323693
1.411465
1.485286
1.827107
1.332345
1.077117
1.695202
1.479492
1.390339
1.651602
1.262036
1.458927
1.350961
1.169567
1.619178
1.526390
1.606848
1.227437
1.696591
1.304615
1.562554
1.201818
1.559272
1.581742
1.651222
1.316523
1.574062
1.344280
1.440949
1.397671
1.739728
1.610628
1.491048
1.391178
1.710319
1.421584
1.437354
1.288117
1.699061
1.546753
1.525498
1.024805
1.703533
1.776210
1.586856
1.532875
1.438580
1.472372
1.418803
1.397419
1.508396
1.779866
1.229929
1.015170
1.667833
1.528183
1.391123
1.547565
1.379069
1.474937
1.284992
1.361027
1.453220
1.545367
1.652722
1.395764
1.515918
1.467727
1.622239
1.390397
1.513912
1.767435
1.744169
1.509913
1.621991
1.369126
1.383828
1.458059
1.738705
1.585365
1.493986
1.456621
1.740248
1.447934
1.387267
1.196804
1.643111
1.540020
1.498176
1.087067
1.720872
1.716246
1.672038
1.466495
1.386683
1.514418
1.536377
1.431355
1.505227
1.704011
1.228199
1.041635
1.622348
1.587340
1.429804
1.430138
1.594513
1.587111
1.222877
1.608883
1.395438
1.442290
1.554729
1.530868
1.524071
1.544342
1.588056
1.498163
1.505974
1.743678
1.918732
1.630007
1.679285
1.526755
1.313209
1.447111
1.704189
1.631370
1.475178
1.417206
1.694970
1.394979
1.344765
1.238593
1.592637
1.585586
1.548876
1.171765
1.594944
1.701579
1.656864
1.437566
1.557028
1.625033
1.586687
1.374734
1.545171
1.689351
1.288744
1.116496
1.453341
1.666741
1.491651
1.411630
1.725954
1.782846
1.222774
1.698168
1.403651
1.454835
1.536211
1.587565
1.604931
1.456528
1.579094
1.518460
1.590179
1.660289
1.875258
1.692110
1.682464
1.644454
1.425432
1.441889
1.822267
1.743335
1.431666
1.512483
1.640258
1.329909
1.415907
1.262221
1.606459
1.611811
1.630498
1.192921
1.543466
1.658560
1.634716
1.438423
1.634582
1.737563
1.633151
1.389362
1.605929
1.639280
1.357118
1.132845
1.347007
1.734584
1.487182
1.345717
1.794317
1.923279
1.305989
1.697118
1.387023
1.489976
1.588172
1.662985
1.607255
1.539622
1.547347
1.501266
1.715957
1.751352
1.697631
1.699930
1.694444
1.698802
1.639896
1.411678
1.903609
1.725312
1.500781
1.680448
1.635308
1.423613
1.490320
1.335471
1.623878
1.685825
1.732623
1.208593
1.596834
1.581044
1.662688
1.395671
1.744878
1.748162
1.622701
1.483687
1.681392
1.621942
1.449034
1.046666
1.395934
1.740506
1.473060
1.313130
1.898767
1.924692
1.355729
1.628780
1.380228
1.503334
1.664682
1.653598
1.540801
1.682757
1.545878
1.538061
1.716117
1.869269
1.615144
1.636948
1.765721
1.808947
1.673028
1.388280
1.761164
1.766105
1.512326
1.763491
1.598820
1.529647
1.578305
1.304474
1.621427
1.824667
1.722923
1.373879
1.659324
1.560352
1.661763
1.355654
1.709895
1.783546
1.527977
1.559835
1.757339
1.653917
1.433132
1.148939
1.487114
1.730675
1.526065
1.360859
1.926050
1.898132
1.273879
1.657799
1.473418
1.481804
1.760440
1.571722
1.527080
1.664112
1.542819
1.671717
1.653093
1.764401
1.578429
1.576659
1.755751
1.863322
1.648953
1.368250
1.733129
1.867175
1.487453
1.657643
1.624560
1.575770
1.704016
1.263276
1.743715
1.833463
1.630224
1.500300
1.647053
1.560164
1.645208
1.392289
1.594953
1.818154
1.535034
1.496005
1.776461
1.730279
1.480406
1.464813
1.516087
1.741750
1.625251
1.391004
1.894481
1.830119
1.107982
1.689621
1.526956
1.570811
1.780983
1.477034
1.575344
1.615418
1.493263
1.718026
1.611351
1.744126
1.534461
1.640329
1.790860
1.833859
1.730726
1.451522
1.847539
1.872247
1.513041
1.598971
1.731294
1.717001
1.746398
1.350934
1.843714
1.819621
1.683104
1.588424
1.733202
1.542649
1.697228
1.351483
1.526555
1.773676
1.641518
1.426891
1.825128
1.722448
1.498246
1.649234
1.528103
1.761454
1.729626
1.304884
1.925943
1.738596
1.172951
1.663797
1.608548
1.669527
1.709692
1.564608
1.563202
1.692777
1.466676
1.705096
1.599803
1.706340
1.526105
1.700172
1.849103
1.879341
1.762311
1.542412
1.758976
1.874585
1.587260
1.586662
1.686324
1.879931
1.762879
1.528499
1.834762
1.854640
1.804596
1.645383
1.780232
1.593492
1.749421
1.277173
1.649133
1.753902
1.744263
1.335117
1.698433
1.736940
1.523430
1.639076
1.636534
1.745989
1.835784
1.315393
2.029763
1.698136
1.279181
1.660757
1.667123
1.650251
1.554785
1.713284
1.608049
1.751157
1.611631
1.671606
1.691598
1.601528
1.493087
1.734485
1.790383
1.917592
1.571574
1.455410
1.621812
1.754006
1.564925
1.737418
1.611346
1.888010
1.799485
1.532407
1.786678
1.740896
1.756248
1.725726
1.739479
1.638317
1.669832
1.216501
1.705456
1.768730
1.766067
1.353687
1.671274
1.733196
1.645998
1.635494
1.660023
1.796640
1.955334
1.416514
1.981877
1.685386
1.430772
1.632529
1.797996
1.746689
1.521207
1.722109
1.656489
1.765668
1.768300
1.656062
1.894090
1.514786
1.614932
1.696815
1.698855
1.722913
1.494266
1.328982
1.590160
1.680127
1.590112
1.691673
1.665968
1.901446
1.853806
1.563116
1.715584
1.598168
1.686809
1.801142
1.679605
1.637537
1.606753
1.182648
1.627780
1.795751
1.688837
1.540030
1.758722
1.655873
1.892845
1.724622
1.728441
1.809464
1.936158
1.461443
1.840359
1.654105
1.572002
1.621270
1.808427
1.810316
1.540895
1.626417
1.610165
1.735193
1.811643
1.603354
1.948339
1.627750
1.733774
1.711506
1.742231
1.614412
1.577177
1.281150
1.586702
1.723810
1.616304
1.640365
1.704430
1.905251
1.928600
1.584054
1.658832
1.492303
1.714536
1.835303
1.752943
1.691780
1.570633
1.257938
1.633400
1.667580
1.580674
1.639859
1.779796
1.486344
1.880282
1.820437
1.830285
1.730385
2.020227
1.400997
1.829128
1.671946
1.787052
1.547203
1.836957
1.868267
1.569686
1.522323
1.578624
1.696154
1.752475
1.519529
1.874412
1.726335
1.748868
1.692009
1.765658
1.708904
1.547253
1.292055
1.531270
1.797157
1.581443
1.563281
1.666807
1.815722
1.856417
1.605620
1.796568
1.631642
1.624514
1.739017
1.707785
1.718133
1.589904
1.283490
1.665527
1.489171
1.537531
1.534866
1.676988
1.506573
1.844870
1.813207
1.858714
1.720734
1.944944
1.437827
1.864733
1.701457
1.867233
1.421076
1.861232
1.911037
1.570334
1.419857
1.654486
1.722467
1.740524
1.440356
1.902124
1.761234
1.728852
1.656906
1.670594
1.641487
1.432909
1.359994
1.537336
1.766595
1.610909
1.577541
1.658958
1.726458
1.803869
1.554183
1.875140
1.723038
1.422796
1.580344
1.627396
1.662526
1.587949
1.275061
1.652062
1.540693
1.617255
1.452784
1.625563
1.591530
1.788717
1.783972
1.852971
1.772776
1.942781
1.521670
1.785670
1.752294
1.851430
1.385064
1.782959
1.949525
1.595592
1.437165
1.759252
1.746447
1.711064
1.462168
2.067869
1.721014
1.723556
1.660567
1.623044
1.506949
1.381363
1.476819
1.629244
1.645184
1.671110
1.659895
1.747004
1.750650
1.733629
1.539767
1.957927
1.684919
1.351019
1.526179
1.661531
1.664950
1.558047
1.308180
1.773443
1.612081
1.725536
1.462611
1.692531
1.629158
1.724272
1.652229
1.820423
1.787542
1.981623
1.488887
1.759041
1.758552
1.846110
1.414867
1.735580
1.889957
1.643403
1.578100
1.729752
1.622193
1.623619
1.449567
2.120385
1.618239
1.686703
1.663714
1.675917
1.552477
1.463548
1.495961
1.571431
1.624156
1.741797
1.669324
1.678931
1.698829
1.619566
1.582009
1.922378
1.746383
1.465624
1.582824
1.798279
1.749227
1.505570
1.454136
1.893694
1.508110
1.807429
1.539102
1.698238
1.717584
1.668012
1.623443
1.771480
1.740819
1.941746
1.479363
1.854344
1.762879
1.850484
1.318514
1.734275
1.810163
1.646862
1.646449
1.729771
1.541626
1.574728
1.399289
1.968991
1.560969
1.714805
1.570225
1.628923
1.634054
1.586181
1.452492
1.529520
1.637856
1.729949
1.531288
1.578022
1.707763
1.444260
1.538459
1.865839
1.933340
1.514895
1.623884
1.789251
1.726755
1.465534
1.547142
1.923976
1.461414
1.802593
1.532072
1.631026
1.814133
1.784232
1.692466
1.800038
1.684243
1.756980
1.523142
1.881686
1.789829
1.805772
1.194838
1.760705
1.952186
1.650406
1.536331
1.819552
1.499126
1.639118
1.290054
1.909061
1.587672
1.779202
1.493531
1.596675
1.678109
1.642934
1.486529
1.609818
1.642294
1.655236
1.443120
1.603123
1.693679
1.510339
1.531931
1.805023
1.868196
1.499834
1.652747
1.779516
1.677565
1.505100
1.573576
1.842479
1.503657
1.646393
1.450890
1.621589
1.829927
1.869161
1.686540
1.825713
1.665611
1.638608
1.552052
1.780694
1.703963
1.754831
1.174455
1.751176
1.959386
1.724052
1.425662
1.969449
1.551553
1.602646
1.183568
1.904385
1.703109
1.663092
1.439710
1.752708
1.593634
1.614964
1.520322
1.666444
1.688365
1.624278
1.494516
1.815277
1.618258
1.596594
1.508244
1.752962
1.758402
1.577942
1.585932
1.762736
1.665340
1.506949
1.565712
1.801771
1.584138
1.477335
1.404517
1.643308
1.688963
1.725285
1.601184
1.915889
1.592424
1.530399
1.511584
1.726198
1.557798
1.709026
1.180411
1.690119
