# G_3, p = 0.2000 GPa (dir_2000.0_bar).
# D8R-only: 36 rings x 101 frames = 3636 samples.
# Column: per-D8R Delta [A]
0.084512
0.071160
0.061279
0.084915
0.071388
0.061386
0.083437
0.071641
0.061222
0.083979
0.071850
0.061362
0.084682
0.071535
0.061349
0.084334
0.071236
0.061151
0.084235
0.071684
0.061307
0.083690
0.071576
0.061273
0.084295
0.071369
0.061336
0.084311
0.071333
0.061295
0.084266
0.071358
0.061330
0.084202
0.071406
0.061368
0.174650
0.130618
0.095588
0.205268
0.099111
0.052860
0.222361
0.097473
0.230783
0.139136
0.083117
0.069860
0.256563
0.063728
0.061801
0.214662
0.023311
0.064287
0.104775
0.083243
0.142172
0.148258
0.080005
0.189992
0.099494
0.176472
0.118458
0.144684
0.132924
0.029256
0.160791
0.035973
0.217176
0.145712
0.116273
0.162445
0.318354
0.110039
0.081540
0.279165
0.118276
0.180701
0.376409
0.150355
0.423508
0.211898
0.055700
0.137545
0.445365
0.040280
0.083199
0.147239
0.049309
0.107686
0.112366
0.188999
0.124264
0.205211
0.154059
0.139258
0.149164
0.343366
0.114376
0.296266
0.176063
0.106299
0.204762
0.159273
0.218991
0.206610
0.048834
0.326286
0.376881
0.026071
0.151692
0.290257
0.094802
0.335304
0.465841
0.213804
0.487668
0.229285
0.200584
0.128042
0.509861
0.085918
0.280166
0.127444
0.048920
0.129069
0.030560
0.281881
0.188059
0.297647
0.264569
0.145812
0.098851
0.301033
0.084293
0.392420
0.151921
0.220052
0.174972
0.265962
0.096744
0.159520
0.070018
0.395272
0.313857
0.107688
0.269268
0.298312
0.089210
0.375434
0.549205
0.214273
0.435453
0.387172
0.233659
0.178255
0.403734
0.150194
0.346705
0.079100
0.020468
0.063181
0.084475
0.276282
0.147052
0.344171
0.415919
0.153338
0.219846
0.216688
0.095898
0.397430
0.148028
0.248452
0.147890
0.257987
0.040138
0.164547
0.046377
0.492566
0.212780
0.160182
0.314150
0.315632
0.107815
0.370724
0.634793
0.208105
0.385950
0.501756
0.160645
0.261525
0.281741
0.107597
0.269548
0.055934
0.114158
0.015397
0.198396
0.217140
0.130468
0.354786
0.479511
0.154969
0.132064
0.331132
0.040258
0.397887
0.084401
0.203497
0.225190
0.159613
0.004249
0.149397
0.053038
0.642816
0.285767
0.187845
0.270618
0.273596
0.224209
0.306512
0.588464
0.203321
0.398595
0.524388
0.194344
0.345596
0.309911
0.054189
0.234174
0.187801
0.095116
0.023315
0.292165
0.105697
0.079355
0.279401
0.494993
0.173000
0.097965
0.398299
0.069870
0.451733
0.089279
0.221707
0.269086
0.142862
0.027012
0.075923
0.197425
0.624692
0.472669
0.294005
0.216604
0.354933
0.250917
0.204399
0.422701
0.190594
0.346256
0.516486
0.357091
0.475139
0.346463
0.044908
0.287915
0.265471
0.097786
0.077852
0.268571
0.116688
0.103630
0.241581
0.472225
0.080717
0.144015
0.335289
0.175623
0.486210
0.141797
0.288474
0.338821
0.211388
0.114682
0.121858
0.352721
0.534938
0.592871
0.269800
0.129810
0.415694
0.309985
0.104092
0.206410
0.217688
0.226383
0.411319
0.393779
0.579162
0.186340
0.107339
0.250279
0.280925
0.099945
0.096004
0.177771
0.106334
0.232222
0.291184
0.382782
0.090222
0.272823
0.251110
0.251880
0.440612
0.231041
0.286437
0.365643
0.263061
0.239997
0.103776
0.362953
0.395298
0.608501
0.116337
0.119337
0.357356
0.311332
0.054687
0.106467
0.256740
0.096140
0.277350
0.445527
0.598469
0.030518
0.045141
0.073254
0.310475
0.093271
0.147835
0.239943
0.177515
0.289761
0.339405
0.332120
0.169667
0.349232
0.208168
0.310525
0.471074
0.222674
0.169267
0.272999
0.175490
0.275079
0.140396
0.325462
0.203642
0.527530
0.032670
0.124347
0.213080
0.343560
0.151311
0.150837
0.257761
0.116333
0.129866
0.435817
0.538776
0.157969
0.156108
0.181163
0.353208
0.169964
0.243018
0.420500
0.260038
0.331063
0.387405
0.363890
0.172717
0.257606
0.245145
0.317992
0.493008
0.103309
0.203221
0.331462
0.004884
0.173809
0.131237
0.303598
0.110631
0.405685
0.074080
0.113816
0.300156
0.296070
0.149978
0.135121
0.236238
0.170666
0.074816
0.425227
0.487667
0.144950
0.258901
0.264937
0.376500
0.199924
0.255537
0.516962
0.200300
0.373091
0.408430
0.357223
0.074476
0.160429
0.325895
0.263470
0.471105
0.071397
0.104775
0.311670
0.113295
0.092275
0.205716
0.234762
0.192781
0.287384
0.075156
0.007550
0.336508
0.212123
0.172838
0.070378
0.287986
0.157113
0.069635
0.326336
0.392564
0.111909
0.322438
0.249240
0.293519
0.219411
0.280757
0.396596
0.093800
0.350208
0.352972
0.220235
0.095280
0.102878
0.421518
0.116035
0.378734
0.055105
0.158988
0.282199
0.159823
0.039395
0.152538
0.240073
0.243477
0.187553
0.176058
0.183615
0.138069
0.241889
0.244345
0.175908
0.344402
0.048570
0.083795
0.315276
0.247941
0.147757
0.367210
0.167967
0.161878
0.271421
0.325586
0.304568
0.058552
0.233610
0.253102
0.140645
0.148842
0.045180
0.386001
0.127874
0.315501
0.009507
0.141742
0.355397
0.214150
0.205677
0.092835
0.240651
0.268939
0.117679
0.326062
0.266836
0.079045
0.336232
0.209363
0.222900
0.344806
0.106844
0.166325
0.267444
0.192742
0.176149
0.367319
0.199450
0.159387
0.335300
0.276000
0.350008
0.046442
0.116085
0.137901
0.253923
0.106801
0.099862
0.260184
0.206070
0.293404
0.094584
0.091662
0.436510
0.283301
0.242224
0.193219
0.223170
0.368467
0.100329
0.297079
0.176127
0.107454
0.417449
0.125823
0.248414
0.204497
0.189360
0.102804
0.188377
0.184559
0.153185
0.428549
0.200676
0.085783
0.318825
0.226604
0.382255
0.053023
0.179497
0.066552
0.324939
0.056307
0.038275
0.152721
0.230456
0.219392
0.168975
0.143872
0.502648
0.286687
0.250085
0.296286
0.153823
0.383236
0.053246
0.263243
0.222191
0.129511
0.398965
0.135528
0.290361
0.266298
0.239240
0.059282
0.086030
0.136194
0.146608
0.595325
0.334905
0.054975
0.252447
0.269015
0.294236
0.140829
0.189847
0.151549
0.273658
0.086354
0.139380
0.222322
0.199471
0.095459
0.177182
0.222096
0.580450
0.204044
0.285929
0.291482
0.273917
0.381943
0.118809
0.313809
0.219101
0.095793
0.340478
0.177777
0.384968
0.269116
0.264919
0.134112
0.223222
0.156600
0.168435
0.563537
0.476776
0.245206
0.282500
0.377913
0.243823
0.130071
0.266483
0.191742
0.105216
0.107623
0.183766
0.312436
0.180124
0.044785
0.191603
0.263711
0.632438
0.216949
0.365282
0.277577
0.408272
0.385223
0.164290
0.408084
0.141697
0.102865
0.337790
0.138568
0.453055
0.169080
0.292978
0.250111
0.232375
0.235229
0.085031
0.432992
0.477120
0.317800
0.507085
0.331864
0.342202
0.131000
0.192199
0.242565
0.023150
0.235179
0.155741
0.286854
0.193219
0.062426
0.160866
0.286043
0.597198
0.410455
0.506871
0.383983
0.348872
0.377814
0.196623
0.321052
0.150389
0.152482
0.270810
0.056859
0.422321
0.026015
0.256465
0.424802
0.060637
0.256763
0.037340
0.386694
0.348088
0.349489
0.622956
0.246254
0.318804
0.118519
0.100933
0.281697
0.052070
0.295211
0.173895
0.224861
0.188128
0.135960
0.170629
0.280556
0.435913
0.499257
0.649392
0.576586
0.236609
0.329727
0.186709
0.238454
0.200620
0.106341
0.164885
0.148102
0.352517
0.072669
0.166400
0.397842
0.044656
0.284234
0.069846
0.499113
0.277319
0.238669
0.440799
0.249742
0.178201
0.155179
0.050727
0.314463
0.049151
0.265197
0.234891
0.159776
0.119858
0.099790
0.265088
0.209179
0.305723
0.326360
0.652110
0.575905
0.184985
0.275367
0.164451
0.224548
0.291938
0.141160
0.062906
0.299322
0.326516
0.155526
0.147814
0.313555
0.059965
0.401089
0.181742
0.558130
0.285198
0.251363
0.186933
0.231430
0.094489
0.185791
0.051511
0.249637
0.114538
0.306061
0.185571
0.147169
0.065732
0.066884
0.285879
0.111655
0.257477
0.171181
0.477626
0.462821
0.165758
0.298710
0.152032
0.326606
0.275022
0.211177
0.061718
0.342985
0.313361
0.142485
0.111834
0.285022
0.078764
0.473644
0.204526
0.348728
0.206031
0.283026
0.144417
0.185153
0.163614
0.162227
0.086473
0.120843
0.221775
0.362113
0.090403
0.185243
0.067493
0.243927
0.215707
0.083593
0.241753
0.110284
0.341568
0.380005
0.162254
0.292110
0.143376
0.362729
0.226354
0.219702
0.087463
0.322332
0.258778
0.007048
0.050118
0.164288
0.285808
0.381984
0.294410
0.082014
0.159627
0.283884
0.201856
0.100690
0.166669
0.076210
0.096078
0.031376
0.230789
0.292031
0.025636
0.180969
0.088312
0.272119
0.085800
0.050770
0.272741
0.052224
0.267831
0.366313
0.223749
0.164973
0.229528
0.320247
0.220240
0.191949
0.227167
0.246498
0.236036
0.029504
0.038950
0.141775
0.403938
0.307370
0.362964
0.029511
0.223645
0.265324
0.148292
0.168663
0.156018
0.021917
0.050157
0.138973
0.116621
0.241439
0.096886
0.167796
0.060036
0.149536
0.080659
0.028908
0.276492
0.067103
0.122864
0.346923
0.205259
0.272016
0.171126
0.272182
0.317392
0.416396
0.268551
0.256900
0.199997
0.137595
0.073974
0.235838
0.431889
0.347196
0.420587
0.195222
0.237307
0.177211
0.172608
0.373910
0.138044
0.087055
0.076480
0.249741
0.064580
0.155706
0.242454
0.196832
0.086299
0.101597
0.254571
0.110060
0.099869
0.188392
0.205234
0.235067
0.134449
0.243508
0.064075
0.273718
0.347176
0.487815
0.222752
0.161220
0.289071
0.169323
0.042957
0.319131
0.424570
0.351503
0.444548
0.298759
0.334708
0.048202
0.194625
0.349919
0.114716
0.254643
0.165565
0.375642
0.161101
0.032953
0.272568
0.245566
0.084457
0.125769
0.211951
0.077305
0.224497
0.224334
0.226996
0.105763
0.186978
0.327575
0.172398
0.202055
0.297067
0.384090
0.237582
0.127713
0.327469
0.244009
0.105357
0.314417
0.405255
0.283351
0.452149
0.168137
0.475322
0.128819
0.100407
0.140863
0.082371
0.347725
0.143911
0.496844
0.136982
0.130931
0.246207
0.209129
0.093892
0.172149
0.293308
0.121402
0.247660
0.127527
0.097668
0.063860
0.198399
0.391991
0.325131
0.106773
0.186219
0.321300
0.198724
0.152854
0.394709
0.262198
0.207756
0.418454
0.333344
0.208724
0.454924
0.206192
0.418479
0.239679
0.105303
0.136051
0.115333
0.315280
0.094264
0.521382
0.174092
0.165749
0.282500
0.197292
0.081473
0.253259
0.217298
0.072845
0.178378
0.006523
0.033956
0.194330
0.083250
0.282045
0.377408
0.078846
0.209283
0.347371
0.107822
0.210235
0.309665
0.267101
0.253833
0.420415
0.258892
0.242974
0.444748
0.129539
0.301833
0.316774
0.292291
0.073906
0.213075
0.277916
0.114584
0.389864
0.212963
0.130512
0.185248
0.130025
0.066714
0.414624
0.107528
0.053734
0.192088
0.048429
0.197851
0.153482
0.035934
0.361731
0.350566
0.020380
0.218999
0.329344
0.105616
0.191664
0.298370
0.207182
0.206366
0.338060
0.225295
0.272819
0.429060
0.232842
0.391934
0.302624
0.403321
0.065169
0.135973
0.222509
0.125609
0.229266
0.180959
0.145174
0.142759
0.045294
0.092400
0.368600
0.131528
0.132099
0.292863
0.168139
0.303137
0.160099
0.015110
0.347269
0.246915
0.068662
0.189601
0.221781
0.062490
0.159763
0.283735
0.170677
0.142793
0.241042
0.121674
0.256777
0.387041
0.346701
0.428896
0.247980
0.397251
0.051722
0.040272
0.141832
0.172161
0.128622
0.139265
0.225627
0.116500
0.128046
0.214461
0.220506
0.143095
0.119126
0.349656
0.275106
0.256170
0.241194
0.077122
0.255502
0.178993
0.136206
0.124459
0.176556
0.053632
0.096503
0.209873
0.219336
0.227234
0.242097
0.112599
0.193192
0.371264
0.441676
0.243129
0.197154
0.281911
0.072590
0.180533
0.198213
0.070074
0.157473
0.022209
0.283047
0.216155
0.152376
0.211716
0.150054
0.195587
0.063529
0.244285
0.276781
0.201035
0.298600
0.260487
0.197309
0.251832
0.209025
0.144446
0.182710
0.154167
0.066533
0.142229
0.215966
0.227886
0.214469
0.114826
0.249584
0.333349
0.437055
0.250114
0.196357
0.212933
0.146037
0.201003
0.300155
0.026689
0.123188
0.100684
0.240281
0.336144
0.146995
0.196335
0.203347
0.232065
0.111021
0.125785
0.112146
0.193500
0.209178
0.333848
0.169841
0.284425
0.188754
0.210424
0.117143
0.240999
0.203906
0.146173
0.089920
0.221317
0.242151
0.169521
0.286930
0.371498
0.499198
0.227901
0.120874
0.193593
0.181247
0.283836
0.298079
0.123620
0.113972
0.077014
0.123817
0.425286
0.079941
0.150162
0.213311
0.159663
0.183752
0.269932
0.063596
0.208066
0.093082
0.242899
0.110011
0.213934
0.187470
0.261901
0.036053
0.167679
0.269390
0.143035
0.125061
0.310393
0.249717
0.197376
0.267239
0.432850
0.593926
0.112458
0.043708
0.125982
0.313220
0.267156
0.104639
0.154056
0.106747
0.076329
0.095552
0.497454
0.159159
0.098323
0.143599
0.026186
0.132320
0.459457
0.039122
0.194413
0.125753
0.179320
0.041752
0.078400
0.175115
0.260309
0.098024
0.069055
0.243259
0.095063
0.180188
0.273896
0.301341
0.221864
0.170751
0.518955
0.544146
0.084370
0.040045
0.137574
0.401076
0.264342
0.189122
0.004870
0.064931
0.195900
0.107479
0.499398
0.154240
0.171269
0.212885
0.059086
0.084176
0.514565
0.054171
0.210292
0.120241
0.150618
0.157697
0.151470
0.245860
0.258809
0.100279
0.092264
0.209876
0.141068
0.149527
0.261022
0.265183
0.208918
0.076824
0.507959
0.344620
0.034979
0.203787
0.118965
0.245356
0.436336
0.161838
0.126619
0.085690
0.240586
0.151365
0.476044
0.097824
0.142102
0.262275
0.023760
0.105284
0.412117
0.052581
0.165725
0.166442
0.135300
0.217808
0.178574
0.232768
0.246023
0.271157
0.201881
0.234663
0.248149
0.186989
0.330328
0.222874
0.196325
0.087129
0.478412
0.186064
0.232000
0.253020
0.050619
0.086281
0.444957
0.164620
0.070177
0.129998
0.269085
0.281349
0.328488
0.111107
0.091305
0.297894
0.073343
0.078993
0.340020
0.145988
0.152030
0.226303
0.119861
0.217698
0.233794
0.174800
0.238777
0.458645
0.262831
0.187283
0.343699
0.294745
0.336518
0.163498
0.166611
0.071542
0.551070
0.133476
0.304439
0.263624
0.013587
0.105776
0.365712
0.196898
0.015685
0.215125
0.255671
0.335695
0.385068
0.188106
0.069846
0.294358
0.125851
0.084378
0.228934
0.262802
0.092974
0.265528
0.102435
0.243951
0.275577
0.102680
0.253174
0.566946
0.189035
0.245880
0.382680
0.311894
0.243087
0.110004
0.128497
0.149032
0.525861
0.073192
0.239815
0.333304
0.156315
0.142973
0.308399
0.317077
0.084860
0.163204
0.272880
0.327930
0.383004
0.139490
0.106458
0.169101
0.220448
0.149148
0.159242
0.229876
0.076025
0.188604
0.131062
0.209309
0.334296
0.157650
0.281147
0.607420
0.243164
0.279371
0.303799
0.233430
0.094111
0.073244
0.163969
0.282342
0.429122
0.066871
0.153662
0.427592
0.227055
0.201973
0.199685
0.367526
0.222449
0.128636
0.283629
0.298237
0.192639
0.021295
0.071397
0.114257
0.332134
0.156454
0.171085
0.100643
0.187087
0.097110
0.124585
0.183979
0.304447
0.250849
0.189273
0.617138
0.259873
0.283417
0.266953
0.131265
0.129782
0.193580
0.176868
0.335088
0.339646
0.086373
0.160405
0.331311
0.150948
0.250168
0.126142
0.372064
0.218613
0.094170
0.168098
0.260181
0.066174
0.170746
0.243930
0.097952
0.270518
0.159973
0.174000
0.119143
0.304997
0.059412
0.263697
0.173807
0.235528
0.276152
0.098927
0.562785
0.214308
0.210038
0.254111
0.230419
0.160776
0.221325
0.220075
0.271095
0.429797
0.135886
0.168309
0.224318
0.026751
0.269726
0.123372
0.321271
0.303010
0.061713
0.060525
0.204575
0.162560
0.180927
0.206546
0.143221
0.190161
0.161201
0.126117
0.276246
0.222916
0.061526
0.304598
0.255637
0.186806
0.132220
0.119705
0.475566
0.090256
0.180745
0.346182
0.269115
0.181339
0.075149
0.289558
0.190158
0.494674
0.186909
0.071994
0.283431
0.049671
0.233425
0.110601
0.267767
0.350960
0.085601
0.174883
0.161379
0.215434
0.251983
0.157966
0.225718
0.254183
0.144268
0.328418
0.326966
0.065996
0.093736
0.319846
0.228429
0.169651
0.071029
0.156154
0.450199
0.172027
0.127133
0.400164
0.226631
0.208311
0.082833
0.342661
0.166720
0.499225
0.141123
0.195808
0.160411
0.110479
0.113489
0.090863
0.208670
0.269995
0.147162
0.316241
0.212393
0.183395
0.349652
0.145076
0.311381
0.315954
0.138008
0.241026
0.334562
0.296562
0.170513
0.288049
0.191912
0.125844
0.084383
0.126728
0.454102
0.198110
0.017060
0.306287
0.139922
0.217723
0.089174
0.382883
0.088947
0.494522
0.063757
0.252567
0.130098
0.080874
0.072297
0.059269
0.241125
0.181686
0.133481
0.317445
0.288266
0.241288
0.371855
0.206129
0.313422
0.312870
0.102740
0.162319
0.247795
0.373917
0.256366
0.302976
0.151168
0.017944
0.115039
0.167594
0.360775
0.143957
0.127601
0.224743
0.305588
0.205959
0.037107
0.324478
0.058740
0.471260
0.218208
0.185035
0.281625
0.085785
0.075615
0.079857
0.281356
0.197435
0.087727
0.260307
0.280495
0.370378
0.354738
0.157105
0.291491
0.281578
0.187738
0.083916
0.197330
0.222098
0.279653
0.354767
0.272325
0.010260
0.163810
0.282104
0.163582
0.134881
0.147774
0.239367
0.330499
0.108146
0.113463
0.285467
0.145946
0.501429
0.335159
0.122121
0.242880
0.136430
0.116294
0.196976
0.335895
0.211222
0.127539
0.236417
0.330516
0.371420
0.359033
0.090068
0.270763
0.194122
0.268319
0.125563
0.374935
0.194649
0.269937
0.292933
0.369686
0.065121
0.082572
0.283863
0.176396
0.441835
0.241984
0.255633
0.307388
0.145737
0.187163
0.253314
0.143735
0.518774
0.254603
0.147698
0.288242
0.078010
0.229874
0.292171
0.368523
0.173143
0.407239
0.222720
0.336774
0.339386
0.352446
0.212557
0.245754
0.114924
0.252327
0.234167
0.385093
0.245142
0.295231
0.135445
0.351883
0.126808
0.079553
0.245050
0.279134
0.561594
0.346349
0.376024
0.318259
0.242576
0.208935
0.084057
0.149099
0.538829
0.176643
0.288634
0.287311
0.109763
0.243869
0.196512
0.324411
0.211435
0.577932
0.199482
0.348795
0.358058
0.234956
0.260804
0.213888
0.189805
0.169672
0.213522
0.315911
0.306144
0.307013
0.116430
0.309499
0.188811
0.168926
0.229684
0.259069
0.533932
0.337306
0.372383
0.401004
0.306398
0.250407
0.066363
0.186208
0.538036
0.178413
0.406447
0.143276
0.167080
0.239558
0.205484
0.199309
0.313116
0.600151
0.151888
0.393385
0.390578
0.116443
0.136214
0.189648
0.178647
0.231424
0.290780
0.330886
0.411079
0.311590
0.159959
0.343683
0.192257
0.156760
0.249289
0.228037
0.498519
0.178490
0.446643
0.457601
0.295462
0.267574
0.173410
0.238047
0.526273
0.227932
0.447036
0.280103
0.376310
0.317145
0.184130
0.132493
0.453976
0.460095
0.141785
0.499466
0.256490
0.153875
0.054982
0.216898
0.244187
0.253101
0.245275
0.464116
0.392724
0.335552
0.132640
0.515311
0.164514
0.143023
0.248398
0.191164
0.553192
0.147404
0.543999
0.568190
0.397726
0.182274
0.269793
0.271934
0.491506
0.148620
0.436999
0.407023
0.538428
0.281730
0.057668
0.246695
0.482864
0.386772
0.181167
0.547120
0.122352
0.256845
0.085368
0.252999
0.219734
0.216073
0.225267
0.520754
0.430541
0.346675
0.096070
0.605612
0.141657
0.247827
0.177439
0.183703
0.548813
0.216343
0.493696
0.487887
0.529998
0.244776
0.339753
0.332134
0.392863
0.113811
0.460628
0.443875
0.585732
0.286542
0.055039
0.287645
0.340390
0.376585
0.233351
0.586592
0.065523
0.285649
0.124433
0.233669
0.152612
0.182035
0.249381
0.482350
0.408375
0.317911
0.126924
0.607544
0.211861
0.325336
0.186605
0.149951
0.490438
0.287560
0.358498
0.423163
0.645384
0.320315
0.368066
0.394024
0.337905
0.301714
0.432653
0.418271
0.526664
0.381302
0.092757
0.309413
0.205412
0.392981
0.211828
0.571633
0.136391
0.171731
0.128762
0.183954
0.142650
0.176522
0.237965
0.400930
0.381532
0.365060
0.165849
0.581744
0.272741
0.213882
0.335456
0.230009
0.442617
0.270108
0.277612
0.492848
0.682984
0.352651
0.410487
0.391593
0.249829
0.327342
0.329944
0.440045
0.493842
0.501971
0.076577
0.223587
0.198223
0.367992
0.228475
0.546314
0.148294
0.137039
0.232503
0.235612
0.132763
0.122212
0.146374
0.378938
0.411070
0.396026
0.215531
0.563514
0.273352
0.244547
0.481545
0.167480
0.394734
0.230783
0.310212
0.488329
0.617021
0.335867
0.407851
0.356122
0.176728
0.384266
0.232579
0.421290
0.530990
0.534937
0.042294
0.128341
0.143107
0.510651
0.274334
0.484533
0.235197
0.196177
0.412467
0.305794
0.170310
0.161294
0.172467
0.352572
0.399125
0.398204
0.266650
0.499997
0.278773
0.134620
0.376618
0.139144
0.397240
0.188628
0.371821
0.416376
0.591568
0.340184
0.445607
0.311273
0.071432
0.425742
0.206385
0.372056
0.506872
0.458379
0.134872
0.107379
0.120921
0.603260
0.106584
0.376511
0.294031
0.230528
0.484038
0.320203
0.143007
0.117511
0.264656
0.318483
0.301473
0.305011
0.235358
0.391642
0.343163
0.306836
0.282572
0.140315
0.435984
0.150360
0.290782
0.324687
0.652659
0.351470
0.409291
0.279951
0.051413
0.357784
0.224569
0.354169
0.396698
0.365842
0.076172
0.155896
0.204801
0.572711
0.159292
0.297400
0.415016
0.201934
0.460961
0.306395
0.053100
0.097786
0.255801
0.221609
0.168091
0.334375
0.095092
0.193285
0.397450
0.268943
0.234793
0.121916
0.435398
0.133273
0.166586
0.280185
0.711795
0.368646
0.347103
0.289090
0.059249
0.251588
0.161282
0.379654
0.304424
0.275493
0.177654
0.145235
0.142577
0.417173
0.181964
0.307519
0.439340
0.168867
0.363722
0.262504
0.110693
0.135746
0.111783
0.110813
0.153920
0.350421
0.136188
0.195496
0.411089
0.144216
0.139217
0.261101
0.353355
0.192331
0.253216
0.180731
0.602434
0.391406
0.288146
0.341429
0.183914
0.346440
0.075768
0.385394
0.270056
0.265065
0.319942
0.164022
0.124167
0.299048
0.144487
0.286934
0.493284
0.117222
0.358550
0.165916
0.262752
0.333205
0.121619
0.057534
0.139850
0.261760
0.063004
0.186452
0.450049
0.132635
0.094538
0.440355
0.212282
0.282252
0.331145
0.175875
0.401005
0.439139
0.246427
0.351045
0.183581
0.554175
0.038923
0.332520
0.181875
0.184125
0.343653
0.230267
0.080628
0.233783
0.166313
0.232605
0.479253
0.108155
0.423052
0.090743
0.305911
0.488603
0.217753
0.073008
0.120912
0.139637
0.130243
0.058444
0.525176
0.266928
0.093638
0.608151
0.194966
0.269023
0.458329
0.162562
0.180681
0.482039
0.165256
0.261721
0.146291
0.593767
0.043053
0.264130
0.125578
0.052249
0.410014
0.184760
0.046132
0.271613
0.201336
0.092162
0.405769
0.037824
0.415568
0.051197
0.190904
0.545100
0.193268
0.029412
0.074634
0.186165
0.170038
0.146182
0.513837
0.275738
0.190685
0.645984
0.223603
0.226863
0.516403
0.118543
0.168678
0.455906
0.268772
0.065777
0.094748
0.453309
0.094454
0.346451
0.060243
0.170769
0.641167
0.187714
0.079778
0.227982
0.229191
0.061626
0.365350
0.045993
0.286443
0.148249
0.067584
0.509226
0.168917
0.052403
0.060466
0.217984
0.167050
0.156737
0.466337
0.181065
0.173049
0.624087
0.217643
0.235831
0.459424
0.136095
0.172179
0.343788
0.388182
0.115789
0.148679
0.344229
0.134000
0.368002
0.068235
0.233645
0.552074
0.253062
0.104609
0.167901
0.234430
0.071117
0.328760
0.087699
0.204355
0.234899
0.241685
0.469416
0.277974
0.129462
0.050166
0.140452
0.232905
0.178162
0.469629
0.202846
0.113354
0.585668
0.166830
0.132469
0.276339
0.202145
0.285618
0.198077
0.424056
0.139126
0.120139
0.372253
0.117138
0.355635
0.078035
0.278018
0.406251
0.331342
0.115495
0.116677
0.276598
0.101979
0.234176
0.133078
0.122919
0.256668
0.389664
0.322164
0.423659
0.171226
0.090836
0.149547
0.276887
0.211579
0.444494
0.193990
0.105991
0.442746
0.285693
0.033469
0.188610
0.186580
0.452225
0.084421
0.395926
0.074934
0.136499
0.214884
0.030297
0.277265
0.065242
0.171537
0.375857
0.298041
0.212116
0.159506
0.338792
0.112631
0.213335
0.197018
0.069853
0.236674
0.362272
0.201785
0.484427
0.132601
0.070749
0.267142
0.286057
0.260423
0.298693
0.301763
0.220431
0.316916
0.190758
0.062397
0.089682
0.049475
0.584517
0.093664
0.359571
0.033395
0.185535
0.097369
0.115456
0.269170
0.061135
0.085264
0.487154
0.242880
0.185408
0.167929
0.283083
0.146778
0.265061
0.174939
0.078680
0.288206
0.266818
0.242419
0.454978
0.042161
0.080176
0.339132
0.189538
0.193329
0.091726
0.384982
0.260002
0.320393
0.128322
0.147755
0.236456
0.107949
0.666181
0.106821
0.434923
0.139404
0.185471
0.237730
0.229279
0.310894
0.066861
0.044634
0.551253
0.244538
0.125769
0.176625
0.162960
0.152399
0.288847
0.276776
0.173495
0.383541
0.246733
0.187138
0.487394
0.058837
0.113237
0.340270
0.215219
0.178044
0.131050
0.356748
0.293448
0.330715
0.131059
0.167088
0.317196
0.238183
0.567002
0.044083
0.451420
0.220507
0.302401
0.276127
0.281963
0.250232
0.036766
0.150445
0.440578
0.245546
0.157802
0.228795
0.168647
0.112575
0.192649
0.335034
0.206800
0.394257
0.272689
0.217932
0.520581
0.063152
0.198060
0.260912
0.337641
0.129019
0.222821
0.245321
0.268368
0.198066
0.156076
0.113022
0.389918
0.359895
0.501071
0.112941
0.465715
0.178963
0.340787
0.316997
0.247928
0.056727
0.154012
0.236173
0.265569
0.200650
0.171859
0.111775
0.333253
0.117571
0.152542
0.291060
0.213889
0.366672
0.269970
0.214492
0.456597
0.176571
0.231986
0.222541
0.349399
0.061620
0.202984
0.188047
0.375435
0.235569
0.209592
0.137234
0.393735
0.422086
0.488445
0.150482
0.513238
0.083279
0.284111
0.322548
0.176166
0.096439
0.302991
0.198737
0.284144
0.169352
0.197426
0.117817
0.384856
0.195903
0.273023
0.274562
0.239249
0.325334
0.261122
0.144666
0.310949
0.253525
0.241262
0.144401
0.196742
0.060661
0.166834
0.175686
0.430860
0.319316
0.316774
0.143268
0.387564
0.410081
0.392327
0.066633
0.487418
0.055708
0.248786
0.217060
0.141723
0.223845
0.263048
0.185462
0.362496
0.179088
0.236366
0.032753
0.289420
0.189522
0.263197
0.249783
0.265466
0.231043
0.234469
0.272066
0.250562
0.135242
0.256044
0.025480
0.079736
0.131893
0.202544
0.124961
0.365797
0.431039
0.397280
0.121184
0.412644
0.451620
0.304499
0.072539
0.248446
0.053319
0.188484
0.104471
0.119969
0.257301
0.144617
0.253955
0.456324
0.114598
0.158723
0.175776
0.189870
0.187153
0.223141
0.238265
0.220671
0.159575
0.176390
0.312892
0.198842
0.096183
0.345994
0.016283
0.032555
0.172346
0.111638
0.128484
0.206875
0.523746
0.365357
0.182765
0.357822
0.431454
0.416580
0.144672
0.044447
0.093787
0.186805
0.072726
0.083956
0.178852
0.176845
0.247326
0.497849
0.151567
0.102897
0.283253
0.263696
0.128272
0.283050
0.091208
0.106002
0.227577
0.226570
0.256911
0.096538
0.074148
0.402888
0.161698
0.044751
0.159512
0.077919
0.213534
0.109970
0.557013
0.291404
0.289611
0.264069
0.377779
0.396564
0.181710
0.016378
0.176106
0.258085
0.095994
0.088449
0.232880
0.248420
0.335425
0.437529
0.070820
0.195180
0.333506
0.219540
0.128186
0.257346
0.034994
0.007377
0.266238
0.216402
0.213819
0.173282
0.091443
0.382176
0.302988
0.163169
0.112498
0.110541
0.073839
0.074689
0.498519
0.206612
0.332699
0.229568
0.294617
0.369611
0.228836
0.101898
0.339845
0.348865
0.054908
0.132636
0.214895
0.236417
0.384390
0.383651
0.040062
0.166145
0.430979
0.180127
0.149514
0.211432
0.083284
0.024451
0.228026
0.161691
0.186951
0.140849
0.135093
0.288026
0.352916
0.138348
0.128197
0.148603
0.112730
0.041194
0.383966
0.159499
0.273288
0.239791
0.232075
0.512992
0.195500
0.100573
0.394598
0.334429
0.043784
0.110585
0.185768
0.145651
0.329491
0.336051
0.020735
0.162776
0.414772
0.251723
0.159692
0.189543
0.134335
0.037865
0.250458
0.133984
0.144822
0.169933
0.217728
0.212054
0.345107
0.157170
0.240258
0.179802
0.175537
0.172174
0.201940
0.188808
0.233174
0.295004
0.201442
0.513981
0.141414
0.148832
0.328863
0.305175
0.185686
0.083601
0.212226
0.290993
0.228833
0.449315
0.034909
0.288914
0.360449
0.219194
0.212588
0.189084
0.218489
0.057247
0.167351
0.140029
0.068900
0.147684
0.218435
0.122607
0.301176
0.160754
0.335690
0.192737
0.142053
0.257814
0.181247
0.235173
0.234212
0.242126
0.118649
0.411552
0.129636
0.171651
0.251100
0.199355
0.319221
0.160263
0.137144
0.335365
0.220346
0.446052
0.143050
0.399848
0.344441
0.147032
0.210541
0.194355
0.173607
0.140587
0.028102
0.277353
0.121536
0.124172
0.143688
0.144946
0.359450
0.159961
0.347907
0.142319
0.231582
0.321084
0.160961
0.228562
0.120811
0.140547
0.083087
0.330360
0.173824
0.156283
0.136609
0.100659
0.286854
0.157306
0.045573
0.284566
0.180839
0.374959
0.268871
0.356914
0.301495
0.163735
0.255187
0.064875
0.161876
0.129937
0.177087
0.270342
0.260705
0.185435
0.145987
0.271751
0.343263
0.099295
0.318162
0.042935
0.246950
0.331313
0.044130
0.260052
0.158021
0.185850
0.190810
0.307024
0.184034
0.280530
0.192006
0.113814
0.235655
0.213179
0.196450
0.280310
0.083936
0.317868
0.270804
0.349151
0.191650
0.189153
0.281628
0.077232
0.175308
0.118211
0.307960
0.211179
0.256558
0.224556
0.093041
0.442068
0.225729
0.091997
0.367577
0.188559
0.206727
0.418695
0.113870
0.286543
0.270212
0.174450
0.128396
0.197873
0.198972
0.458606
0.166583
0.292542
0.182721
0.129147
0.151081
0.241508
0.079366
0.292338
0.216617
0.367633
0.104999
0.208050
0.243176
0.049284
0.214930
0.150560
0.292897
0.225990
0.089830
0.278289
0.037333
0.425828
0.163721
0.170216
0.391299
0.338505
0.224228
0.474214
0.209477
0.348408
0.274481
0.209620
0.067854
0.100434
0.198968
0.500513
0.037176
0.334410
0.175992
0.036678
0.161009
0.149643
0.142538
0.256405
0.193966
0.445000
0.191475
0.344689
0.162823
0.102665
0.148453
0.079418
0.220259
0.242910
0.062632
0.330438
0.124479
0.284043
0.256169
0.220586
0.303789
0.378734
0.300313
0.322513
0.260432
0.278948
0.270927
0.265887
0.014856
0.055040
0.148542
0.449747
0.117002
0.272580
0.211251
0.087344
0.109923
0.173842
0.189706
0.266336
0.294035
0.371874
0.224889
0.352953
0.154521
0.064151
0.129568
0.010625
0.250932
0.204454
0.157079
0.364598
0.094048
0.381875
0.303964
0.102810
0.135708
0.386477
0.144766
0.154020
0.303473
0.241892
0.165561
0.318336
0.076290
0.075065
0.150176
0.377622
0.113486
0.283951
0.196860
0.106354
0.149455
0.192507
0.142218
0.311835
0.291036
0.225547
0.091956
0.276079
0.275610
0.125544
0.205930
0.067230
0.283358
0.168967
0.201741
0.419484
0.134835
0.419043
0.183302
0.061857
0.035295
0.370254
0.106699
0.147360
0.372340
0.178838
0.188863
0.318953
0.073450
0.212669
0.335719
0.312762
0.107593
0.422435
0.110526
0.089541
0.192238
0.131516
0.171534
0.357015
0.202779
0.342414
0.030378
0.370101
0.307971
0.157176
0.169296
0.132454
0.245056
0.111759
0.244586
0.325593
0.057352
0.337198
0.118495
0.149062
0.192594
0.264758
0.170615
0.151642
0.318841
0.109251
0.139554
0.337982
0.002952
0.324226
0.490403
0.225865
0.152601
0.477757
0.066510
0.046791
0.153130
0.142146
0.289319
0.333567
0.111409
0.363706
0.126773
0.435849
0.320265
0.142917
0.183321
0.135143
0.175997
0.064920
0.208858
0.123191
0.170954
0.220864
0.153572
0.235562
0.322082
0.252519
0.186297
0.213918
0.193403
0.293696
0.129358
0.323599
0.123948
0.266233
0.473798
0.133963
0.210241
0.432030
0.104213
0.073825
0.022447
0.128425
0.363116
0.270096
0.130076
0.367853
0.147280
0.372962
0.343297
0.090956
0.195151
0.117840
0.251501
0.137756
0.083322
0.096470
0.188538
0.179817
0.230587
0.145754
0.406780
0.331514
0.061072
0.298326
0.199332
0.311025
0.182248
0.264164
0.224388
0.210296
0.341359
0.107492
0.295005
0.405969
0.117593
0.126902
0.126654
0.081209
0.331603
0.234866
0.105819
0.443529
0.101931
0.216007
0.371828
0.114339
0.237347
0.168712
0.392740
0.113132
0.147753
0.056471
0.041027
0.165951
0.269060
0.216143
0.459145
0.401933
0.072764
0.313532
0.284472
0.212791
0.177023
0.092533
0.218578
0.350658
0.450474
0.159144
0.279947
0.438874
0.262635
0.204247
0.269488
0.020274
0.243046
0.300548
0.074056
0.578190
0.142432
0.140177
0.329854
0.148959
0.270244
0.158570
0.403148
0.056093
0.223003
0.116969
0.123503
0.289204
0.282761
0.267673
0.502197
0.354811
0.163269
0.288491
0.286906
0.154661
0.270239
0.079699
0.163340
0.378770
0.493083
0.164926
0.368748
0.369389
0.380153
0.226424
0.379008
0.108534
0.141972
0.285706
0.082073
0.584550
0.186263
0.121639
0.192453
0.161558
0.225482
0.169465
0.420165
0.093193
0.281218
0.245546
0.163902
0.411811
0.186881
0.154981
0.513306
0.255310
0.314912
0.290582
0.306647
0.246187
0.374115
0.094107
0.149026
0.202861
0.401875
0.267642
0.459006
0.257977
0.286980
0.219040
0.334254
0.267810
0.114613
0.348078
0.158464
0.531581
0.223049
0.054413
0.164139
0.246446
0.195338
0.148908
0.359541
0.108535
0.214140
0.268858
0.270155
0.308248
0.067118
0.056736
0.460077
0.217120
0.204689
0.326980
0.373687
0.346483
0.431472
0.158112
0.160541
0.265970
0.283351
0.335263
0.342465
0.146378
0.220142
0.181310
0.342810
0.350650
0.068728
0.300413
0.128789
0.560315
0.204595
0.060717
0.208545
0.253264
0.310389
0.129063
0.194790
0.073867
0.252544
0.279363
0.359996
0.166937
0.046071
0.129490
0.379545
0.216140
0.071294
0.332651
0.318783
0.360307
0.338938
0.330903
0.192271
0.281249
0.329538
0.309753
0.191120
0.091495
0.251930
0.192404
0.246492
0.245044
0.067063
0.246529
0.174795
0.521833
0.099052
0.042996
0.321889
0.290354
0.339588
0.139042
0.050180
0.195457
0.240653
0.331825
0.365974
0.160159
0.061674
0.254648
0.288998
0.183354
0.137589
0.282892
0.194690
0.322905
0.283265
0.455580
0.162450
0.172096
0.386512
0.268354
0.170012
0.150956
0.363992
0.240515
0.121371
0.179068
0.127010
0.299889
0.185958
0.368064
0.152846
0.066939
0.428289
0.358865
0.262016
0.173775
0.197911
0.272275
0.250402
0.354130
0.368884
0.244907
0.049214
0.328749
0.148293
0.146658
0.110491
0.212511
0.126711
0.313774
0.273713
0.480295
0.141910
0.125321
0.289430
0.317546
0.138719
0.281661
0.459725
0.244728
0.128973
0.218496
0.123928
0.259746
0.120634
0.302980
0.139529
0.126684
0.443550
0.307285
0.311796
0.209994
0.407414
0.250836
0.301907
0.203743
0.335629
0.221461
0.070978
0.339735
0.125323
0.089113
0.133657
0.153140
0.191340
0.292240
0.291557
0.521926
0.192948
0.118028
0.326865
0.401040
0.135293
0.283600
0.434863
0.203713
0.156297
0.275208
0.164177
0.262425
0.042715
0.248832
0.120548
0.120082
0.394704
0.195216
0.380175
0.192939
0.506289
0.270617
0.359643
0.362483
0.341817
0.214008
0.089383
0.370817
0.187033
0.141346
0.185957
0.215360
0.215078
0.240809
0.290629
0.581205
0.313741
0.114136
0.388297
0.386815
0.184676
0.254722
0.359138
0.162088
0.258473
0.253899
0.244918
0.282405
0.069940
0.180923
0.229142
0.018303
0.405195
0.155478
0.437917
0.157537
0.400596
0.326845
0.343137
0.405708
0.275330
0.194622
0.120014
0.344187
0.218162
0.152435
0.224789
0.205569
0.206628
0.274462
0.256264
0.611780
0.444149
0.238718
0.406384
0.382347
0.257761
0.187193
0.258214
0.141611
0.430741
0.263607
0.334626
0.332681
0.186545
0.143343
0.262810
0.084473
0.439951
0.319116
0.347222
0.175258
0.347820
0.351705
0.324280
0.230910
0.202037
0.115334
0.138874
0.296692
0.175635
