# G_1, p = 1.0000 GPa (dir_10000.0_bar).
# 6MR distortion Gamma = (1/2)(max - min) over the three opposite-O diagonals.
# 64 rings x 101 frames = 6464 samples.
# Column: per-6MR Gamma [A]
0.245012
0.523866
0.247428
0.237778
0.433854
0.124342
0.151770
0.514382
0.191043
0.082796
0.213587
0.118642
0.035039
0.350184
0.299414
0.178695
0.418192
0.400958
0.228094
0.111433
0.209879
0.113786
0.238199
0.324191
0.164755
0.327813
0.118376
0.142059
0.176234
0.107570
0.166923
0.113735
0.283638
0.311855
0.390387
0.145477
0.287715
0.200717
0.180235
0.227384
0.174594
0.099704
0.043668
0.183732
0.209920
0.066410
0.132917
0.088378
0.031069
0.191056
0.068059
0.224822
0.442534
0.233109
0.045930
0.086607
0.066977
0.161991
0.098175
0.299694
0.177729
0.129103
0.060130
0.335743
0.159804
0.437782
0.313228
0.171991
0.469876
0.185393
0.366558
0.471965
0.239195
0.118735
0.347254
0.232632
0.048814
0.497554
0.239806
0.191334
0.307878
0.317168
0.213356
0.167550
0.200098
0.180187
0.278315
0.249949
0.235733
0.256533
0.186534
0.170487
0.080471
0.143933
0.135898
0.131093
0.341869
0.347084
0.341553
0.225907
0.199811
0.021652
0.088855
0.285287
0.173409
0.115919
0.129708
0.180247
0.142449
0.202216
0.154604
0.172590
0.052024
0.275856
0.137474
0.126180
0.394084
0.198201
0.151894
0.076928
0.116824
0.131570
0.160347
0.376676
0.196422
0.171002
0.032723
0.402538
0.077693
0.296503
0.219528
0.231975
0.393103
0.139172
0.474404
0.302625
0.312893
0.190719
0.436372
0.295629
0.044559
0.467026
0.182128
0.178627
0.172987
0.131110
0.229895
0.173667
0.159411
0.381536
0.255496
0.277329
0.256014
0.169863
0.203662
0.141169
0.090234
0.278033
0.138140
0.153057
0.271974
0.258964
0.145871
0.209058
0.126949
0.159320
0.007635
0.278564
0.197844
0.074018
0.206709
0.110469
0.079398
0.304221
0.166041
0.196792
0.101376
0.177661
0.164800
0.204905
0.418636
0.184381
0.242044
0.082996
0.109545
0.114037
0.136598
0.387876
0.084470
0.215805
0.147528
0.428571
0.041756
0.130725
0.116752
0.222787
0.188985
0.115605
0.485610
0.130675
0.348288
0.202201
0.454030
0.276375
0.051340
0.279133
0.220875
0.184636
0.205461
0.076690
0.139503
0.078874
0.175551
0.463662
0.154799
0.266757
0.292187
0.083587
0.230598
0.004505
0.082281
0.370873
0.166963
0.094106
0.132583
0.191333
0.085609
0.119665
0.160594
0.203085
0.064815
0.225713
0.152549
0.349168
0.201066
0.087478
0.103808
0.331739
0.097130
0.209616
0.166322
0.040801
0.159221
0.256982
0.442122
0.248056
0.231776
0.153349
0.038096
0.021647
0.061541
0.225878
0.080097
0.181349
0.197343
0.431477
0.044171
0.023852
0.070765
0.239082
0.111896
0.060684
0.381836
0.108642
0.372964
0.180202
0.423720
0.261646
0.203395
0.187884
0.325344
0.258776
0.220029
0.249822
0.140613
0.069861
0.211375
0.420285
0.043671
0.179977
0.319411
0.075721
0.320897
0.186416
0.030348
0.482250
0.195808
0.096210
0.208828
0.223445
0.169701
0.118575
0.147595
0.208608
0.165885
0.199074
0.066367
0.388703
0.144540
0.134612
0.176592
0.340322
0.136281
0.304613
0.146808
0.150142
0.140578
0.197058
0.535268
0.261503
0.198607
0.072685
0.098786
0.065256
0.110759
0.201923
0.222143
0.145983
0.239744
0.429051
0.117567
0.196598
0.165007
0.317043
0.152347
0.030724
0.306559
0.271927
0.339529
0.104469
0.317264
0.317488
0.290215
0.209292
0.299654
0.278522
0.224070
0.297205
0.267268
0.116920
0.213977
0.300466
0.187562
0.083932
0.331218
0.093467
0.407103
0.344640
0.061531
0.510914
0.169869
0.211662
0.242211
0.292185
0.226673
0.107457
0.102924
0.204196
0.203029
0.194488
0.056972
0.244191
0.066624
0.184169
0.178226
0.270409
0.288646
0.366924
0.202364
0.292913
0.039265
0.080754
0.482946
0.210974
0.166486
0.092135
0.202128
0.090447
0.133454
0.286190
0.213908
0.172948
0.197863
0.364154
0.233890
0.378391
0.239592
0.386371
0.173746
0.028088
0.215041
0.280883
0.193768
0.092922
0.126744
0.333490
0.331472
0.290058
0.242649
0.211943
0.186302
0.266806
0.330032
0.158415
0.217770
0.146248
0.264398
0.038227
0.268510
0.102855
0.374084
0.312427
0.137357
0.450798
0.205299
0.255636
0.173088
0.297687
0.334357
0.054745
0.109498
0.241832
0.215846
0.114084
0.038443
0.124605
0.046880
0.206823
0.075200
0.157616
0.362859
0.405850
0.293204
0.339067
0.024076
0.175648
0.363959
0.197447
0.128890
0.097163
0.139589
0.118234
0.036577
0.287261
0.113842
0.229110
0.185506
0.217667
0.265801
0.463994
0.299293
0.343307
0.150310
0.071253
0.213875
0.246771
0.110867
0.219676
0.095008
0.169121
0.320671
0.435658
0.256353
0.169495
0.087689
0.332179
0.327898
0.141955
0.221831
0.204835
0.390996
0.132609
0.210980
0.158232
0.234024
0.321093
0.258026
0.345606
0.227241
0.197272
0.234762
0.235125
0.407952
0.036610
0.143765
0.262542
0.246639
0.024230
0.120675
0.126412
0.129139
0.148899
0.189535
0.103886
0.312710
0.352361
0.292530
0.307298
0.138959
0.252927
0.299009
0.267588
0.048668
0.082633
0.089101
0.104617
0.094649
0.254491
0.074291
0.266905
0.315486
0.102123
0.287179
0.409304
0.382025
0.198611
0.173836
0.073106
0.282060
0.284907
0.045865
0.268524
0.285076
0.105374
0.274386
0.468641
0.332681
0.119797
0.099256
0.351700
0.306969
0.080395
0.146791
0.275013
0.464659
0.155739
0.166690
0.145149
0.076338
0.310177
0.252819
0.369499
0.140264
0.174035
0.248827
0.187392
0.376589
0.100088
0.134946
0.230609
0.233941
0.081098
0.175968
0.167405
0.176787
0.047004
0.274062
0.046010
0.189367
0.221404
0.210496
0.213141
0.224922
0.247663
0.274847
0.246341
0.116117
0.114712
0.106750
0.106474
0.160728
0.238058
0.173829
0.319294
0.450993
0.094743
0.260432
0.336228
0.470470
0.134079
0.159169
0.062356
0.383579
0.313159
0.211548
0.264483
0.397669
0.279069
0.269660
0.315602
0.343106
0.098118
0.162856
0.304088
0.267943
0.139722
0.103092
0.346921
0.450309
0.168136
0.287138
0.170195
0.054801
0.220167
0.242874
0.448057
0.055248
0.146573
0.380991
0.187845
0.210895
0.073640
0.100360
0.219820
0.169837
0.151582
0.183196
0.212133
0.207056
0.264243
0.296911
0.122937
0.138512
0.119324
0.067440
0.110945
0.261858
0.129525
0.145031
0.185040
0.190104
0.095932
0.106049
0.298794
0.112821
0.244420
0.094285
0.437122
0.500956
0.280521
0.124018
0.357770
0.374332
0.193871
0.154687
0.069597
0.416028
0.244865
0.306308
0.181602
0.283482
0.293472
0.277331
0.145991
0.191314
0.186141
0.176092
0.224283
0.194835
0.220014
0.119503
0.336167
0.293759
0.069706
0.444894
0.206643
0.135825
0.172787
0.292004
0.406879
0.127930
0.150239
0.441999
0.145230
0.102603
0.071225
0.122650
0.292846
0.134160
0.249327
0.119517
0.210307
0.166965
0.439326
0.240827
0.210692
0.150682
0.164025
0.039704
0.071405
0.195889
0.051158
0.108434
0.183696
0.195584
0.021667
0.108571
0.350743
0.118837
0.274218
0.076083
0.373740
0.484065
0.383094
0.093388
0.315824
0.160269
0.225865
0.186575
0.162002
0.415227
0.159128
0.273607
0.087013
0.086007
0.360841
0.165280
0.187411
0.134606
0.238822
0.132992
0.186293
0.202944
0.269885
0.074570
0.332604
0.122579
0.111901
0.465600
0.223853
0.164977
0.148908
0.327533
0.291788
0.174885
0.159869
0.359460
0.222877
0.065278
0.079865
0.132719
0.299064
0.160514
0.370184
0.075495
0.185523
0.121357
0.468430
0.064117
0.327050
0.151941
0.253082
0.086198
0.024815
0.169419
0.194447
0.351429
0.221792
0.140471
0.086617
0.059181
0.246073
0.225421
0.180816
0.147243
0.400606
0.320898
0.323117
0.198531
0.155306
0.142805
0.228122
0.205896
0.147566
0.390213
0.064093
0.180905
0.101013
0.088239
0.405152
0.022950
0.269782
0.278397
0.259897
0.166958
0.148866
0.225566
0.287074
0.102002
0.246170
0.008307
0.294662
0.323001
0.259308
0.211869
0.102497
0.307198
0.275627
0.162680
0.197466
0.172701
0.264251
0.054883
0.124905
0.115556
0.186819
0.144504
0.418387
0.022174
0.154704
0.176013
0.373556
0.130860
0.400389
0.085245
0.329154
0.137288
0.056825
0.163131
0.298935
0.475524
0.154651
0.118037
0.069697
0.092711
0.216667
0.214308
0.066295
0.138688
0.215785
0.243097
0.183908
0.276661
0.132429
0.138482
0.205386
0.171243
0.019895
0.265705
0.123029
0.147447
0.154562
0.036126
0.353704
0.196768
0.319211
0.275008
0.101265
0.225076
0.293052
0.171954
0.223331
0.210829
0.153966
0.154155
0.318370
0.142115
0.235684
0.355454
0.118219
0.190384
0.376130
0.176215
0.204761
0.041015
0.251810
0.176309
0.223564
0.151204
0.200866
0.130746
0.340674
0.123783
0.173792
0.262079
0.272851
0.223660
0.459222
0.059195
0.382342
0.114619
0.171905
0.057129
0.279774
0.459270
0.113293
0.178212
0.027595
0.209554
0.276287
0.165467
0.065601
0.120752
0.079568
0.407434
0.139805
0.267825
0.082746
0.160855
0.159630
0.073532
0.074932
0.074398
0.227533
0.156956
0.094473
0.120797
0.251259
0.279306
0.241317
0.226790
0.095937
0.288823
0.302543
0.116954
0.149457
0.297918
0.042293
0.353500
0.187853
0.068811
0.133070
0.450651
0.293994
0.039981
0.536916
0.233323
0.171056
0.138732
0.263427
0.241374
0.248750
0.081868
0.247111
0.151149
0.169989
0.234017
0.141401
0.258632
0.165335
0.320171
0.364229
0.136521
0.326639
0.133465
0.214355
0.087685
0.221270
0.307927
0.146883
0.128363
0.036619
0.258498
0.356492
0.056332
0.123854
0.170100
0.150046
0.383545
0.098221
0.196476
0.039564
0.252316
0.183551
0.088015
0.123812
0.138405
0.316345
0.189786
0.038739
0.276461
0.137373
0.317743
0.333822
0.152407
0.230092
0.260279
0.263556
0.233115
0.172161
0.271035
0.146481
0.468776
0.079131
0.149854
0.017381
0.343335
0.376605
0.183269
0.529322
0.215463
0.049451
0.264455
0.301740
0.310305
0.234129
0.036572
0.337940
0.125116
0.090055
0.381609
0.033165
0.161990
0.064093
0.433443
0.170620
0.170925
0.222373
0.170284
0.177639
0.187547
0.245550
0.125979
0.171451
0.029277
0.135330
0.262929
0.382742
0.073526
0.204095
0.181648
0.164270
0.305767
0.107904
0.174745
0.154138
0.372646
0.154971
0.233345
0.124471
0.257681
0.288821
0.133683
0.108573
0.317842
0.061965
0.340177
0.465166
0.122676
0.262820
0.143940
0.272063
0.290824
0.264329
0.292329
0.227746
0.471360
0.072420
0.228467
0.101277
0.225415
0.358182
0.289252
0.378645
0.087355
0.072879
0.188563
0.332996
0.339782
0.167109
0.070006
0.318301
0.042681
0.192430
0.502226
0.177714
0.146463
0.279527
0.419730
0.031726
0.152056
0.250900
0.142332
0.201774
0.253026
0.262252
0.084081
0.249471
0.108045
0.186874
0.272551
0.357537
0.085425
0.165981
0.162033
0.187240
0.248824
0.212316
0.149094
0.219487
0.465587
0.076168
0.323865
0.193968
0.239913
0.235757
0.080619
0.235468
0.200664
0.070173
0.247515
0.465882
0.165500
0.239387
0.068708
0.303418
0.317488
0.267799
0.190399
0.299558
0.424356
0.260284
0.188574
0.130495
0.202891
0.286016
0.349678
0.175253
0.114115
0.075346
0.080326
0.194133
0.275504
0.179341
0.060091
0.178895
0.044900
0.264996
0.464470
0.250617
0.276945
0.341584
0.331271
0.074379
0.134005
0.216573
0.046322
0.214985
0.307923
0.265263
0.108111
0.267903
0.113152
0.235587
0.233599
0.166487
0.054340
0.151751
0.113922
0.159655
0.194682
0.236259
0.090322
0.277336
0.509103
0.191647
0.246770
0.198676
0.152263
0.103267
0.136473
0.284216
0.072201
0.136292
0.188232
0.282150
0.231927
0.220704
0.081709
0.443986
0.217067
0.157093
0.081682
0.388864
0.318406
0.338049
0.082927
0.118696
0.211521
0.212703
0.323902
0.104597
0.218222
0.061776
0.058480
0.168944
0.160582
0.216816
0.051317
0.064370
0.133730
0.241988
0.351744
0.298452
0.230799
0.323950
0.278511
0.135564
0.189826
0.160760
0.057486
0.187162
0.321285
0.169318
0.180286
0.244420
0.162563
0.241664
0.127381
0.068524
0.107317
0.272017
0.146545
0.201015
0.255730
0.224114
0.120298
0.251802
0.445849
0.223758
0.141885
0.170869
0.141196
0.213699
0.070584
0.274396
0.061781
0.165122
0.184835
0.126729
0.212370
0.184023
0.201783
0.455692
0.141346
0.132840
0.080257
0.295900
0.150785
0.275099
0.076299
0.132598
0.187446
0.113209
0.264102
0.196214
0.194102
0.049358
0.127214
0.206108
0.129168
0.228468
0.103913
0.061822
0.184945
0.235875
0.125988
0.333516
0.055828
0.283432
0.200468
0.252558
0.237750
0.232756
0.077541
0.142110
0.202899
0.122291
0.235355
0.174443
0.136546
0.238422
0.025303
0.171027
0.133175
0.266758
0.134586
0.325495
0.299095
0.234206
0.321114
0.199788
0.358067
0.224127
0.165264
0.179329
0.123345
0.271189
0.176104
0.172368
0.167923
0.234693
0.175768
0.102888
0.184585
0.111891
0.317622
0.242959
0.090951
0.313972
0.110012
0.072425
0.099416
0.241155
0.168542
0.205401
0.107958
0.093912
0.168858
0.170554
0.229215
0.063196
0.188325
0.097303
0.292302
0.227949
0.071871
0.177035
0.197696
0.276175
0.093804
0.259204
0.133848
0.166221
0.086053
0.321745
0.272381
0.320482
0.111702
0.084977
0.305392
0.147470
0.239120
0.079674
0.112909
0.275998
0.104746
0.243130
0.071154
0.171354
0.076175
0.344839
0.258664
0.224866
0.294099
0.200507
0.225248
0.157165
0.269681
0.196575
0.116362
0.186448
0.274437
0.071345
0.236204
0.209055
0.103198
0.143563
0.046055
0.038281
0.333272
0.008925
0.052544
0.420540
0.164205
0.099622
0.286449
0.191451
0.181489
0.187663
0.157897
0.159813
0.142587
0.081842
0.127647
0.122343
0.233034
0.062632
0.383246
0.253391
0.133186
0.283239
0.187879
0.283471
0.210005
0.193865
0.165595
0.093580
0.150823
0.297945
0.201286
0.292726
0.113480
0.066648
0.367215
0.195389
0.244588
0.056751
0.133712
0.253052
0.192057
0.257673
0.068897
0.111228
0.156267
0.231660
0.228927
0.162481
0.184515
0.143655
0.212962
0.135230
0.204513
0.242935
0.130390
0.118855
0.282531
0.186091
0.322076
0.090212
0.188695
0.116724
0.160780
0.155199
0.344609
0.148753
0.101754
0.401137
0.141496
0.092763
0.398384
0.186223
0.179627
0.101572
0.216438
0.297763
0.207222
0.054697
0.036986
0.197139
0.210129
0.043418
0.295121
0.312256
0.193447
0.430981
0.087722
0.257439
0.354371
0.155902
0.157403
0.302863
0.226296
0.254356
0.035323
0.235254
0.146876
0.068999
0.427855
0.159217
0.308648
0.187129
0.052918
0.161641
0.191448
0.228609
0.167742
0.068609
0.166516
0.086685
0.185025
0.125315
0.130064
0.043060
0.381104
0.160252
0.114691
0.308838
0.140599
0.149745
0.200823
0.157081
0.417989
0.074533
0.234497
0.119179
0.339218
0.171158
0.468840
0.212327
0.165275
0.248648
0.143287
0.095834
0.473157
0.108203
0.163806
0.052798
0.252815
0.305855
0.255599
0.046050
0.213115
0.199457
0.127028
0.120795
0.163616
0.346494
0.198237
0.494263
0.100599
0.190183
0.448803
0.168186
0.117093
0.284449
0.397547
0.256612
0.094459
0.096965
0.160074
0.065633
0.331108
0.161193
0.328482
0.309300
0.059403
0.166008
0.124097
0.222002
0.270578
0.032897
0.173387
0.101536
0.139800
0.121439
0.087550
0.169453
0.520431
0.169126
0.114331
0.260687
0.083990
0.197571
0.090503
0.151697
0.431205
0.170633
0.163974
0.098422
0.364272
0.155308
0.456253
0.190275
0.194429
0.084810
0.165753
0.185739
0.593304
0.088926
0.158023
0.044589
0.316313
0.270488
0.228081
0.021621
0.393094
0.168132
0.227774
0.116285
0.122789
0.341660
0.282655
0.387005
0.179846
0.136182
0.504525
0.154191
0.045122
0.209337
0.430576
0.223919
0.069350
0.162781
0.245121
0.108546
0.175464
0.150574
0.286988
0.252767
0.103874
0.167724
0.129056
0.230786
0.278578
0.038597
0.152412
0.108001
0.098141
0.047720
0.010049
0.229593
0.576002
0.187134
0.248739
0.129395
0.029378
0.293171
0.012967
0.222347
0.317708
0.241085
0.171541
0.128598
0.290193
0.158329
0.326528
0.168197
0.206670
0.107761
0.205054
0.340859
0.484467
0.194705
0.119524
0.216095
0.327895
0.333477
0.159077
0.035156
0.351664
0.151398
0.321435
0.034893
0.134036
0.309580
0.316690
0.184889
0.182765
0.303125
0.445316
0.115780
0.202719
0.211707
0.264077
0.115506
0.230745
0.244397
0.381574
0.187313
0.140414
0.121404
0.280637
0.147476
0.120080
0.103258
0.111606
0.199803
0.225345
0.107531
0.087988
0.115515
0.032930
0.116659
0.103966
0.155086
0.515499
0.245763
0.349740
0.154143
0.044365
0.352095
0.043252
0.221764
0.161941
0.251070
0.299380
0.183464
0.193501
0.179785
0.198976
0.110823
0.206947
0.160945
0.121464
0.438771
0.235116
0.297928
0.022500
0.266084
0.202855
0.372582
0.200040
0.056965
0.094579
0.153625
0.260452
0.228199
0.189049
0.239568
0.297447
0.062835
0.234663
0.387010
0.305548
0.091701
0.261881
0.217864
0.167882
0.104574
0.350635
0.241951
0.327859
0.122363
0.188516
0.180210
0.251432
0.160624
0.114729
0.224044
0.096481
0.157403
0.070437
0.166714
0.124865
0.067888
0.068045
0.201788
0.111303
0.083791
0.368720
0.245140
0.356946
0.228036
0.083458
0.315354
0.081223
0.185512
0.093483
0.265032
0.328802
0.152334
0.221487
0.159140
0.229610
0.093637
0.185332
0.122177
0.110727
0.345893
0.034092
0.332116
0.019670
0.177492
0.094497
0.301939
0.246588
0.143900
0.143966
0.068037
0.133928
0.268069
0.235031
0.185237
0.273767
0.138282
0.276333
0.378502
0.115837
0.065792
0.179382
0.154976
0.251461
0.175499
0.345898
0.236117
0.147036
0.199700
0.167917
0.134475
0.268980
0.164600
0.193247
0.322982
0.122589
0.123171
0.090296
0.134904
0.188231
0.094280
0.042379
0.256103
0.144655
0.159978
0.254675
0.243820
0.259334
0.298044
0.199135
0.231392
0.125578
0.160710
0.185041
0.288423
0.243460
0.139850
0.233325
0.047880
0.335167
0.063880
0.197775
0.136255
0.254647
0.271818
0.113790
0.229699
0.073929
0.103582
0.191963
0.164694
0.149146
0.136931
0.173432
0.018526
0.067299
0.178988
0.216653
0.258865
0.215906
0.229292
0.272304
0.371372
0.095715
0.022813
0.044065
0.074125
0.332661
0.220051
0.217303
0.233065
0.064981
0.078992
0.089552
0.084535
0.249925
0.087727
0.224471
0.290536
0.142890
0.017782
0.136236
0.034787
0.189048
0.074919
0.065195
0.219608
0.244754
0.149183
0.157507
0.297581
0.063890
0.384511
0.253409
0.142963
0.077076
0.097855
0.286128
0.228153
0.136982
0.095642
0.215962
0.106714
0.328069
0.212549
0.294162
0.025278
0.247914
0.335719
0.168552
0.174958
0.192311
0.061942
0.252885
0.148223
0.026837
0.104213
0.131316
0.108572
0.126207
0.104900
0.154760
0.410322
0.232225
0.238452
0.249522
0.355134
0.275277
0.079924
0.113849
0.084261
0.288765
0.164913
0.030489
0.237989
0.216823
0.107153
0.123242
0.099243
0.103121
0.185692
0.135460
0.165135
0.110675
0.065298
0.132081
0.017934
0.166877
0.182411
0.115735
0.166431
0.356135
0.140002
0.184334
0.356281
0.052361
0.415753
0.150435
0.088043
0.056472
0.135549
0.366050
0.108261
0.038441
0.054644
0.171552
0.105206
0.305813
0.392704
0.330644
0.151111
0.169769
0.279466
0.291576
0.245129
0.326795
0.100789
0.140754
0.247055
0.069982
0.167975
0.051956
0.189608
0.110463
0.020231
0.277554
0.421228
0.274531
0.218459
0.235323
0.340764
0.369210
0.090797
0.049095
0.060874
0.216901
0.214362
0.159986
0.241997
0.285266
0.197307
0.209079
0.188759
0.053520
0.251844
0.066088
0.124374
0.048741
0.099646
0.104292
0.059968
0.146456
0.300811
0.019660
0.119962
0.376366
0.034628
0.225358
0.286353
0.063456
0.359834
0.085117
0.110660
0.187877
0.247458
0.284848
0.090051
0.180570
0.143102
0.142466
0.122031
0.276130
0.512076
0.246854
0.235647
0.117512
0.309842
0.440486
0.326960
0.430405
0.127658
0.056344
0.393086
0.078056
0.181960
0.118148
0.160436
0.104701
0.106921
0.365290
0.362763
0.265195
0.161993
0.138255
0.305773
0.339656
0.132683
0.080921
0.141303
0.175610
0.264787
0.253253
0.306958
0.240681
0.280115
0.208561
0.174413
0.176306
0.152215
0.093198
0.114485
0.087598
0.187458
0.085135
0.062469
0.144425
0.316050
0.195670
0.132553
0.331034
0.082143
0.223012
0.099608
0.055346
0.215405
0.154704
0.180182
0.297616
0.257011
0.173695
0.188531
0.252864
0.208928
0.181603
0.108072
0.366933
0.510439
0.123942
0.243700
0.065804
0.245243
0.401641
0.413301
0.380576
0.166228
0.100699
0.402179
0.174516
0.208911
0.237826
0.051600
0.124087
0.125510
0.306071
0.226765
0.282809
0.115608
0.081573
0.267480
0.252087
0.175575
0.110422
0.206084
0.142410
0.290148
0.217490
0.270541
0.212229
0.321124
0.163980
0.125461
0.308454
0.166754
0.075773
0.153667
0.160049
0.223907
0.106681
0.194941
0.202017
0.249313
0.226262
0.116697
0.252325
0.158252
0.264371
0.221216
0.092299
0.052858
0.159633
0.252114
0.343986
0.206602
0.165484
0.291666
0.279496
0.222486
0.164380
0.012227
0.439944
0.401109
0.043130
0.221161
0.021509
0.138896
0.260319
0.358209
0.232050
0.241834
0.085201
0.368760
0.224680
0.264244
0.257605
0.051447
0.131188
0.109227
0.204687
0.029537
0.336719
0.158401
0.185161
0.238407
0.146184
0.192998
0.184304
0.214810
0.116418
0.215287
0.138244
0.157846
0.259341
0.257868
0.116167
0.155009
0.326082
0.171351
0.199366
0.234839
0.152681
0.196534
0.084730
0.240105
0.208563
0.110239
0.169676
0.097851
0.106559
0.172682
0.257661
0.413326
0.102003
0.187220
0.079551
0.274910
0.313729
0.124524
0.088998
0.285658
0.149493
0.166510
0.126230
0.128611
0.412254
0.231475
0.162327
0.219807
0.031130
0.210491
0.181412
0.213368
0.080782
0.238707
0.153523
0.366334
0.282721
0.235390
0.212779
0.053482
0.214173
0.118099
0.064408
0.208012
0.306747
0.270022
0.239530
0.160397
0.182412
0.195052
0.296403
0.193492
0.110230
0.213416
0.072866
0.120437
0.311386
0.221043
0.094926
0.182795
0.325271
0.274714
0.277478
0.261655
0.079868
0.195511
0.145863
0.199427
0.296571
0.096293
0.143898
0.101800
0.054229
0.209066
0.215251
0.471886
0.136371
0.230758
0.037552
0.267927
0.150688
0.162203
0.072987
0.226310
0.150309
0.068910
0.152090
0.159449
0.400843
0.262636
0.203061
0.242635
0.018447
0.292354
0.146410
0.149288
0.144573
0.108242
0.203495
0.335902
0.238572
0.110666
0.197232
0.109467
0.250492
0.143003
0.058221
0.232763
0.230551
0.262398
0.257053
0.133310
0.242681
0.180900
0.333593
0.185073
0.140184
0.141768
0.010555
0.243874
0.342944
0.172343
0.171684
0.141293
0.363298
0.392947
0.270788
0.191064
0.050540
0.112894
0.205788
0.178869
0.370403
0.139389
0.085804
0.085511
0.084389
0.186182
0.187463
0.434757
0.184443
0.229446
0.019095
0.277140
0.111402
0.226068
0.121104
0.149994
0.167527
0.068399
0.121253
0.226179
0.377349
0.324792
0.122193
0.131604
0.113982
0.346209
0.159527
0.123175
0.111799
0.113566
0.224727
0.206507
0.136610
0.045582
0.136296
0.161147
0.239432
0.166909
0.113437
0.218481
0.191703
0.178802
0.184402
0.283965
0.172874
0.128814
0.178662
0.113833
0.148705
0.020765
0.050195
0.284088
0.388508
0.138101
0.300462
0.081067
0.418200
0.417801
0.190526
0.099405
0.077336
0.039409
0.172753
0.174225
0.287724
0.161202
0.069574
0.082973
0.108498
0.077097
0.096328
0.376322
0.196074
0.167013
0.116741
0.224119
0.171851
0.191485
0.226092
0.094567
0.210556
0.110418
0.049772
0.223118
0.283834
0.228892
0.111680
0.019375
0.174033
0.247394
0.089177
0.084906
0.105969
0.224941
0.159865
0.246718
0.129378
0.155330
0.081995
0.121790
0.227623
0.171515
0.139017
0.142100
0.171763
0.168716
0.092732
0.363324
0.058907
0.203404
0.103979
0.023465
0.125502
0.142689
0.023883
0.294412
0.371643
0.153499
0.351925
0.094592
0.405511
0.374083
0.176262
0.130039
0.169624
0.205626
0.196066
0.126708
0.078270
0.138758
0.123717
0.127983
0.112346
0.116897
0.170950
0.266977
0.173689
0.099611
0.261804
0.135156
0.125263
0.190879
0.215130
0.065289
0.220178
0.068806
0.073975
0.160245
0.201617
0.149697
0.166541
0.119677
0.183608
0.063042
0.117813
0.143918
0.138174
0.212584
0.200806
0.287279
0.130027
0.152225
0.102691
0.134212
0.237324
0.158856
0.132950
0.034920
0.105828
0.113197
0.086268
0.354272
0.102824
0.280288
0.246731
0.044853
0.061047
0.218483
0.106118
0.353067
0.284264
0.182005
0.295302
0.085019
0.326048
0.337822
0.017572
0.151760
0.199135
0.237280
0.238919
0.142351
0.049700
0.209859
0.165963
0.197590
0.107633
0.231616
0.129906
0.210831
0.087659
0.037850
0.263784
0.030551
0.027805
0.157870
0.155598
0.169903
0.199493
0.070755
0.171326
0.021595
0.092422
0.135755
0.185813
0.250696
0.238922
0.205817
0.257601
0.155301
0.137876
0.151421
0.223065
0.215813
0.148579
0.107313
0.182567
0.231154
0.319946
0.114908
0.068178
0.036749
0.189425
0.011437
0.178248
0.231183
0.216324
0.324316
0.235367
0.069967
0.105157
0.230657
0.183594
0.304195
0.236456
0.162288
0.249352
0.096273
0.182629
0.360867
0.228544
0.161151
0.230855
0.210517
0.166173
0.093503
0.024396
0.297927
0.162008
0.336960
0.111254
0.285224
0.039033
0.208701
0.166294
0.020556
0.182368
0.043337
0.092420
0.047902
0.073622
0.229964
0.197599
0.204200
0.169876
0.156182
0.116226
0.136401
0.153491
0.348187
0.301292
0.396514
0.282566
0.156843
0.023815
0.116693
0.200729
0.145369
0.154867
0.109579
0.208804
0.288461
0.239776
0.106520
0.084899
0.050619
0.329580
0.157418
0.281125
0.124646
0.260876
0.296901
0.233944
0.146572
0.195199
0.237986
0.183243
0.190647
0.166456
0.139053
0.193908
0.121397
0.098174
0.213796
0.373731
0.182351
0.184643
0.207995
0.090619
0.023191
0.045894
0.244929
0.170605
0.431194
0.075492
0.295968
0.078793
0.170740
0.252561
0.043120
0.133442
0.045058
0.106385
0.112523
0.081781
0.206376
0.146416
0.331814
0.086180
0.220981
0.267133
0.172113
0.066653
0.303934
0.246257
0.369685
0.305717
0.136063
0.132988
0.064237
0.106003
0.070296
0.121400
0.166529
0.292956
0.329915
0.111412
0.075325
0.171071
0.048117
0.384423
0.355537
0.242701
0.050068
0.198779
0.268449
0.270985
0.222645
0.321095
0.290979
0.157928
0.144829
0.165705
0.058905
0.192361
0.133373
0.301838
0.104336
0.396350
0.079539
0.096193
0.103732
0.050092
0.137627
0.048148
0.152882
0.247921
0.406133
0.076167
0.202265
0.149049
0.077481
0.194177
0.118888
0.154289
0.081261
0.101874
0.211501
0.109974
0.181023
0.089702
0.381410
0.063694
0.161534
0.279742
0.221092
0.036485
0.184369
0.178820
0.203421
0.284398
0.063310
0.207475
0.118404
0.060943
0.162579
0.089606
0.251121
0.347450
0.301503
0.144618
0.075153
0.159892
0.107112
0.321760
0.498178
0.089608
0.067671
0.097991
0.388999
0.360562
0.322802
0.333603
0.279891
0.078780
0.078891
0.274896
0.123053
0.174462
0.142900
0.307653
0.316921
0.247695
0.040681
0.097304
0.077800
0.191962
0.207359
0.054635
0.192285
0.295658
0.299465
0.154298
0.160098
0.171604
0.086845
0.116801
0.236255
0.192524
0.119603
0.105973
0.243916
0.121414
0.283345
0.116652
0.356321
0.132246
0.135817
0.262989
0.255030
0.118478
0.205889
0.149148
0.136487
0.173018
0.046202
0.167793
0.138719
0.049260
0.102275
0.141186
0.251205
0.271252
0.179889
0.272894
0.077248
0.179899
0.190927
0.214773
0.467870
0.103878
0.226917
0.203172
0.395444
0.407432
0.308114
0.172100
0.214520
0.106587
0.113231
0.372673
0.146661
0.275537
0.210237
0.273945
0.360117
0.033617
0.057220
0.129495
0.130076
0.325505
0.216146
0.124878
0.149421
0.269029
0.116366
0.247987
0.092387
0.115181
0.234815
0.148845
0.335798
0.153720
0.108277
0.113689
0.209088
0.139885
0.337116
0.232284
0.330607
0.203625
0.175112
0.288628
0.385397
0.187295
0.286974
0.128646
0.310201
0.040020
0.066713
0.037192
0.118330
0.060674
0.186972
0.225705
0.218469
0.221934
0.114435
0.422544
0.084617
0.158063
0.156146
0.261941
0.283954
0.151161
0.339127
0.250349
0.334359
0.343541
0.201822
0.034365
0.166018
0.221996
0.229646
0.336712
0.100290
0.420398
0.348916
0.273798
0.355322
0.194275
0.119455
0.127886
0.131156
0.280209
0.258859
0.154125
0.160565
0.244656
0.207056
0.306875
0.040934
0.099530
0.332761
0.103420
0.370764
0.096019
0.203436
0.157309
0.056915
0.116181
0.321366
0.300471
0.236327
0.178543
0.202684
0.348966
0.417636
0.170555
0.282467
0.098025
0.348280
0.095659
0.106936
0.087779
0.132267
0.184524
0.211452
0.179977
0.270165
0.160635
0.155253
0.490020
0.124854
0.144631
0.098192
0.291908
0.189685
0.292355
0.340652
0.082379
0.268164
0.189351
0.172236
0.067021
0.188270
0.174687
0.270272
0.281093
0.081796
0.426191
0.369299
0.237832
0.235540
0.309654
0.062469
0.075530
0.181320
0.227545
0.287603
0.174165
0.174028
0.302622
0.311709
0.326788
0.118225
0.092862
0.359332
0.082765
0.274062
0.066675
0.324561
0.191315
0.067604
0.142586
0.243078
0.404153
0.102688
0.083580
0.254871
0.313709
0.224033
0.231820
0.235041
0.090380
0.258601
0.100842
0.128417
0.157152
0.176403
0.316874
0.152126
0.065316
0.395988
0.055268
0.119396
0.435098
0.055139
0.209949
0.011062
0.221315
0.198526
0.358136
0.358932
0.107717
0.247020
0.060390
0.202831
0.184454
0.249553
0.072386
0.202269
0.200162
0.150883
0.352341
0.271790
0.152138
0.103197
0.363901
0.090998
0.233078
0.150726
0.287758
0.277950
0.240070
0.211539
0.332560
0.381271
0.242196
0.207179
0.152123
0.272450
0.211201
0.258372
0.035654
0.329030
0.141236
0.160416
0.083520
0.220149
0.395687
0.184344
0.086855
0.310191
0.362712
0.141986
0.314586
0.227129
0.189341
0.289085
0.193071
0.152971
0.139240
0.197164
0.292825
0.107680
0.191722
0.519646
0.106004
0.068885
0.349782
0.090275
0.206626
0.079079
0.145200
0.189682
0.276942
0.376936
0.143476
0.256201
0.217828
0.191644
0.280218
0.302177
0.133388
0.155116
0.071010
0.190927
0.213685
0.127154
0.030275
0.104238
0.360569
0.138952
0.285696
0.071984
0.315473
0.263772
0.282814
0.209726
0.248514
0.393240
0.178172
0.279455
0.301511
0.174634
0.307001
0.364143
0.045389
0.221631
0.138438
0.198733
0.014857
0.242877
0.303023
0.267365
0.121705
0.304150
0.447475
0.182853
0.410906
0.288650
0.290604
0.295816
0.222589
0.161366
0.096430
0.134242
0.190138
0.144646
0.303732
0.452488
0.171991
0.078921
0.222863
0.158917
0.188318
0.111922
0.164335
0.085910
0.292582
0.284613
0.073448
0.307437
0.255478
0.160553
0.247186
0.251270
0.147626
0.147283
0.272235
0.217456
0.136145
0.144180
0.182113
0.159614
0.302188
0.119811
0.253383
0.165934
0.258610
0.251246
0.218495
0.123703
0.200923
0.347680
0.183305
0.299613
0.355298
0.074563
0.368357
0.424918
0.109173
0.152126
0.281138
0.170948
0.081317
0.378978
0.177085
0.236288
0.157185
0.214198
0.366750
0.148397
0.367701
0.273770
0.362719
0.276566
0.185803
0.108823
0.108764
0.228540
0.082719
0.200981
0.410884
0.219224
0.124659
0.129113
0.187150
0.114983
0.122831
0.176266
0.207947
0.042775
0.178824
0.129872
0.033992
0.261396
0.207209
0.194761
0.142613
0.156995
0.126513
0.083901
0.374555
0.139689
0.110629
0.231345
0.212594
0.043822
0.182093
0.127835
0.242728
0.165285
0.195027
0.139535
0.125039
0.031237
0.215525
0.254486
0.243576
0.281496
0.198898
0.112964
0.320726
0.350782
0.233840
0.160765
0.392979
0.124126
0.122628
0.419536
0.208558
0.229163
0.163183
0.083974
0.317460
0.156816
0.276844
0.101748
0.326595
0.251574
0.156697
0.103013
0.167549
0.341153
0.169763
0.186412
0.320041
0.178747
0.151177
0.208264
0.228936
0.132824
0.174679
0.258681
0.142497
0.099059
0.087587
0.083866
0.128462
0.142655
0.167076
0.280589
0.069836
0.104427
0.138829
0.043582
0.259442
0.138857
0.060918
0.328872
0.159411
0.143624
0.128971
0.240394
0.204346
0.151361
0.163348
0.074905
0.115439
0.036441
0.180828
0.244053
0.264977
0.227604
0.077184
0.101309
0.234996
0.167877
0.302621
0.177946
0.297635
0.102942
0.119899
0.348250
0.176272
0.155222
0.111845
0.029232
0.294120
0.312506
0.120548
0.107824
0.283446
0.167671
0.111859
0.100410
0.258799
0.332304
0.238682
0.165420
0.060918
0.280298
0.270792
0.258348
0.321861
0.149533
0.198269
0.257053
0.234599
0.173636
0.298256
0.216946
0.212953
0.131488
0.139800
0.286585
0.093543
0.141991
0.083548
0.052040
0.169713
0.267646
0.130399
0.346282
0.068961
0.240697
0.109889
0.245342
0.090607
0.091232
0.189230
0.075789
0.140814
0.020006
0.214848
0.231944
0.263705
0.229930
0.165836
0.111811
0.244034
0.113998
0.301368
0.231277
0.123635
0.070124
0.100843
0.271023
0.137174
0.193328
0.184806
0.123657
0.352051
0.447332
0.045543
0.208095
0.257132
0.068866
0.101311
0.068640
0.269844
0.314969
0.193356
0.158505
0.091697
0.415342
0.253778
0.262347
0.380865
0.141816
0.107303
0.195871
0.375281
0.181955
0.461680
0.294593
0.248725
0.298313
0.090968
0.226354
0.220155
0.187785
0.075232
0.015674
0.152083
0.312148
0.233765
0.280968
0.073994
0.235394
0.191939
0.099495
0.154447
0.051274
0.150618
0.096695
0.200748
0.026007
0.383838
0.159444
0.229864
0.074858
0.224613
0.168253
0.175643
0.290721
0.258013
0.289806
0.208943
0.132886
0.115754
0.252974
0.158783
0.328273
0.296321
0.220115
0.417284
0.321030
0.166545
0.231493
0.203628
0.073013
0.095129
0.171379
0.222108
0.249397
0.178715
0.049382
0.132332
0.343189
0.147517
0.264757
0.422971
0.251450
0.145596
0.019516
0.322272
0.098217
0.470387
0.295373
0.267072
0.322693
0.093021
0.148097
0.327824
0.247761
0.245089
0.105550
0.158938
0.287955
0.179333
0.184030
0.149098
0.161479
0.169446
0.100099
0.239347
0.155017
0.221982
0.092976
0.165284
0.070129
0.312583
0.200783
0.134466
0.179866
0.268477
0.203723
0.076114
0.418292
0.213785
0.332473
0.267142
0.210329
0.147981
0.267210
0.150862
0.268510
0.244716
0.231140
0.478531
0.144985
0.264898
0.276561
0.211103
0.133209
0.028312
0.299012
0.136117
0.123797
0.255082
0.074598
0.127627
0.166954
0.070241
0.279516
0.330082
0.283825
0.282629
0.154353
0.207927
0.066902
0.351902
0.278084
0.244687
0.259782
0.138884
0.070721
0.293810
0.239208
0.309807
0.105488
0.182638
0.218370
0.083165
0.087746
0.147517
0.079456
0.173213
0.127513
0.240182
0.195775
0.229525
0.104441
0.139820
0.164403
0.204149
0.333845
0.150685
0.304856
0.257698
0.170876
0.189960
0.475766
0.207868
0.393547
0.172653
0.233611
0.137197
0.172960
0.144294
0.141068
0.098880
0.159134
0.386531
0.206227
0.284208
0.302714
0.158302
0.153740
0.186214
0.324935
0.086986
0.092454
0.282013
0.165863
0.170013
0.079143
0.105430
0.208877
0.236476
0.266056
0.192121
0.215067
0.108738
0.076140
0.090529
0.210948
0.217008
0.234952
0.124062
0.127453
0.214566
0.211181
0.247838
0.110334
0.107043
0.227178
0.223468
0.085854
0.101719
0.320576
0.140006
0.027990
0.218985
0.138549
0.161552
0.137213
0.175527
0.169150
0.187989
0.371477
0.285155
0.354219
0.224634
0.202978
0.273480
0.485679
0.165482
0.371943
0.076067
0.200799
0.131138
0.051191
0.107180
0.113771
0.094724
0.084910
0.318574
0.252286
0.259796
0.178037
0.112656
0.144660
0.362589
0.266072
0.095445
0.120624
0.278250
0.165205
0.242069
0.012899
0.208802
0.187472
0.133136
0.187846
0.125153
0.229023
0.061961
0.077272
0.215026
0.109056
0.258966
0.289321
0.136134
0.107329
0.130329
0.227155
0.260535
0.130695
0.053736
0.221192
0.153283
0.135777
0.075902
0.360432
0.067161
0.193538
0.098515
0.113571
0.210831
0.208450
0.125979
0.205958
0.205673
0.331969
0.288249
0.370342
0.237549
0.314931
0.378000
0.421303
0.138958
0.246900
0.219049
0.098666
0.154162
0.208634
0.033639
0.208645
0.143341
0.227760
0.186693
0.214074
0.271102
0.161219
0.153570
0.156272
0.429919
0.178922
0.326015
0.134001
0.185359
0.125301
0.239354
0.103627
0.254885
0.262722
0.072927
0.137187
0.119765
0.256714
0.248152
0.092318
0.348854
0.138857
0.298586
0.164742
0.185044
0.123835
0.116527
0.126173
0.297297
0.093737
0.144308
0.102827
0.052649
0.149106
0.149341
0.199477
0.033173
0.258534
0.164218
0.073767
0.163244
0.205408
0.037772
0.289265
0.147943
0.282851
0.271426
0.356043
0.259712
0.285559
0.531829
0.280757
0.233469
0.136477
0.301208
0.064793
0.114943
0.275843
0.084211
0.278750
0.168790
0.272546
0.123262
0.212157
0.192390
0.074232
0.271667
0.118301
0.362155
0.056442
0.469924
0.241924
0.139734
0.131972
0.159616
0.134488
0.308295
0.308018
0.030216
0.096002
0.040962
0.303519
0.411903
0.174618
0.353336
0.161459
0.205516
0.054654
0.140958
0.168160
0.128986
0.110118
0.171921
0.161474
0.272174
0.072073
0.186651
0.185120
0.094089
0.111049
0.164102
0.132858
0.269549
0.071040
0.054423
0.116257
0.137702
0.180174
0.070529
0.191457
0.206449
0.322329
0.242246
0.217590
0.492716
0.200212
0.313846
0.075637
0.288875
0.098811
0.159754
0.309080
0.182864
0.271884
0.154188
0.241195
0.155126
0.174473
0.061899
0.089284
0.300017
0.131260
0.253920
0.036092
0.518436
0.427322
0.097707
0.111766
0.126115
0.139566
0.310752
0.255712
0.168111
0.132799
0.062009
0.265082
0.345334
0.212559
0.339165
0.142196
0.081433
0.196509
0.086774
0.135267
0.156068
0.107405
0.095115
0.303505
0.386456
0.259404
0.249737
0.255407
0.069489
0.206166
0.181626
0.142896
0.153099
0.143858
0.056796
0.034490
0.147566
0.116076
0.080391
0.124231
0.153158
0.236190
0.179988
0.133107
0.251134
0.278470
0.380603
0.078463
0.254277
0.266887
0.189699
0.331954
0.307107
0.189667
0.122520
0.171639
0.272138
0.211333
0.159466
0.128553
0.221414
0.205285
0.188419
0.050620
0.443063
0.505876
0.099546
0.083775
0.101642
0.116511
0.225817
0.158582
0.255897
0.084689
0.078778
0.313510
0.240947
0.170557
0.242203
0.097225
0.168271
0.271180
0.087985
0.104228
0.140306
0.067357
0.229902
0.360386
0.412072
0.338096
0.174122
0.255701
0.096831
0.286567
0.177770
0.228322
0.071005
0.192183
0.155075
0.105702
0.168832
0.236116
0.066611
0.322421
0.157444
0.199673
0.098084
0.141190
0.197201
0.293714
0.306332
0.261348
0.188413
0.204076
0.075109
0.268952
0.241431
0.107685
0.119750
0.105466
0.322643
0.142940
0.247623
0.169701
0.107473
0.183819
0.184705
0.071495
0.348450
0.422791
0.109554
0.094473
0.126703
0.142767
0.229012
0.106082
0.294128
0.125248
0.230104
0.330513
0.149633
0.130318
0.082165
0.036084
0.209328
0.330534
0.083378
0.175328
0.065516
0.145709
0.357306
0.418118
0.338443
0.317861
0.090081
0.290848
0.121293
0.252751
0.151015
0.179694
0.089011
0.194157
0.118407
0.286586
0.186622
0.229434
0.061496
0.370932
0.226345
0.163720
0.082132
0.133345
0.273119
0.212273
0.211957
0.376191
0.096806
0.087650
0.158274
0.118939
0.041105
0.025868
0.129416
0.062888
0.333520
0.036791
0.256079
0.283577
0.104008
0.126357
0.151615
0.109308
0.278195
0.263737
0.136280
0.130984
0.229801
0.189942
0.252449
0.127228
0.284070
0.224880
0.249035
0.261433
0.118384
0.192754
0.083271
0.094258
0.308806
0.355452
0.081768
0.257844
0.066857
0.076238
0.431900
0.362317
0.187963
0.273128
0.077061
0.255433
0.160963
0.268310
0.072588
0.098337
0.141480
0.178324
0.157616
0.426715
0.098798
0.215468
0.124348
0.326236
0.156293
0.252106
0.257793
0.083789
0.328288
0.230828
0.130896
0.408184
0.068751
0.250720
0.207595
0.083392
0.085796
0.179328
0.172909
0.208792
0.298548
0.144739
0.261166
0.367815
0.144278
0.223851
0.109404
0.134200
0.325845
0.084198
0.278941
0.150094
0.263810
0.190624
0.263736
0.134402
0.178542
0.264621
0.154457
0.235040
0.156727
0.124220
0.022683
0.162487
0.422600
0.288670
0.130718
0.320367
0.134995
0.145960
0.413319
0.195235
0.115805
0.219548
0.123133
0.096280
0.118454
0.299657
0.087925
0.161337
0.105823
0.100573
0.202445
0.396688
0.124161
0.196602
0.158057
0.315162
0.103589
0.354664
0.315519
0.094765
0.257298
0.203740
0.186285
0.390552
0.210160
0.375869
0.143615
0.185318
0.076838
0.260265
0.185008
0.279665
0.213560
0.170924
0.197703
0.373720
0.243922
0.367630
0.100029
0.136636
0.383222
0.091979
0.303331
0.033724
0.156472
0.134591
0.262915
0.132714
0.155252
0.174237
0.059320
0.284531
0.162171
0.132256
0.031929
0.107791
0.376515
0.137471
0.274699
0.304326
0.154233
0.291634
0.372445
0.148148
0.160338
0.125843
0.127805
0.065437
0.058069
0.254242
0.158488
0.203405
0.075137
0.280454
0.186440
0.329918
0.233568
0.252154
0.169500
0.310513
0.121174
0.550214
0.350696
0.159825
0.252151
0.157935
0.268595
0.407749
0.246518
0.372502
0.153472
0.270569
0.059692
0.192429
0.231384
0.246788
0.132938
0.172630
0.065281
0.406817
0.248906
0.476755
0.092696
0.147670
0.243436
0.173934
0.233312
0.195726
0.060460
0.126949
0.266201
0.148583
0.224991
0.208298
0.150575
0.350582
0.118298
0.307139
0.070115
0.023203
0.290321
0.028906
0.365653
0.189787
0.203720
0.237845
0.309702
0.261269
0.131892
0.072454
0.035443
0.126470
0.046304
0.339624
0.211344
0.177588
0.165085
0.417789
0.085032
0.312897
0.277631
0.197503
0.302464
0.213150
0.162457
0.579528
0.451477
0.207733
0.308055
0.084014
0.321645
0.405577
0.232072
0.179774
0.098861
0.293236
0.097977
0.278268
0.213470
0.112455
0.061158
0.256074
0.117470
0.349797
0.212101
0.431633
0.060362
0.157749
0.120984
0.239672
0.206982
0.285060
0.055205
0.196680
0.318571
0.161518
0.114451
0.158062
0.252893
0.253617
0.117011
0.327522
0.076470
0.031302
0.241568
0.083458
0.323264
0.060865
0.300391
0.163002
0.202681
0.225378
0.217433
0.117139
0.249544
0.202856
0.038279
0.341399
0.268088
0.107252
0.182375
0.332806
0.056543
0.165977
0.353358
0.146365
0.440224
0.090296
0.223048
0.452617
0.509436
0.213478
0.223089
0.159598
0.314614
0.289291
0.190150
0.084562
0.071453
0.250655
0.138957
0.399975
0.112800
0.054826
0.101809
0.305884
0.134610
0.240995
0.175526
0.246304
0.178479
0.141132
0.223564
0.243891
0.165427
0.239158
0.147995
0.233549
0.330365
0.126695
0.157247
0.068319
0.208040
0.161738
0.199257
0.244172
0.067407
0.069723
0.221065
0.158734
0.165473
0.050349
0.300882
0.109832
0.220776
0.106273
0.318581
0.186006
0.337171
0.288844
0.063550
0.330477
0.217589
0.215319
0.125950
0.127953
0.182613
0.081465
0.334833
0.097044
0.407458
0.027450
0.235831
0.287134
0.329147
0.218031
0.136548
0.200296
0.253714
0.157788
0.095057
0.185342
0.073600
0.160334
0.169440
0.387956
0.055049
0.081624
0.124695
0.259062
0.167167
0.044953
0.150591
0.081334
0.285638
0.094334
0.353578
0.173421
0.156390
0.148845
0.277986
0.224163
0.275922
0.018233
0.155324
0.129395
0.099592
0.087712
0.169148
0.114780
0.058999
0.113501
0.201438
0.187741
0.092230
0.073038
0.232729
0.070941
0.194762
0.081815
0.288221
0.242426
0.227646
0.293035
0.093325
0.352693
0.131990
0.284162
0.046942
0.011896
0.222715
0.013973
0.220414
0.025511
0.271407
0.005978
0.180679
0.217769
0.243444
0.240112
0.113122
0.147632
0.249248
0.085283
0.057156
0.249787
0.026722
0.015926
0.136305
0.296010
0.242805
0.086281
0.113093
0.157640
0.157989
0.132100
0.089358
0.085048
0.190515
0.161982
0.367148
0.070676
0.145916
0.150320
0.290994
0.148246
0.177392
0.104122
0.159292
0.261850
0.143810
0.049591
0.142073
0.054622
0.221735
0.189763
0.132697
0.182958
0.096993
0.146433
0.096352
0.103548
0.129500
0.128349
0.275879
0.197229
0.096860
0.239124
0.110241
0.337553
0.210707
0.191501
0.092150
0.079030
0.160312
0.136023
0.071745
0.019393
0.121753
0.059792
0.109188
0.177042
0.407809
0.185035
0.159418
0.116304
0.268217
0.100359
0.161108
0.249254
0.080004
0.198519
0.074587
0.157191
0.362348
0.226414
0.170141
0.050744
0.124365
0.141795
0.059727
0.169631
0.048436
0.155710
0.247361
0.167557
0.155541
0.122014
0.214076
0.066681
0.171335
0.164457
0.163293
0.321384
0.200655
0.150189
0.178081
0.098773
0.328979
0.153625
0.097116
0.174155
0.072032
0.346026
0.113600
0.153222
0.148078
0.190870
0.355427
0.248266
0.070872
0.157457
0.090508
0.241902
0.335585
0.138636
0.065594
0.096227
0.106479
0.198446
0.111987
0.069811
0.066723
0.180549
0.086613
0.074822
0.431693
0.054844
0.195161
0.090269
0.216689
0.212696
0.351219
0.291843
0.033903
0.326416
0.132979
0.132581
0.364129
0.269702
0.243904
0.171754
0.125789
0.105908
0.081159
0.221945
0.029568
0.158151
0.157933
0.267416
0.103056
0.113369
0.172157
0.153959
0.182443
0.201760
0.075542
0.287087
0.119308
0.311816
0.151570
0.164450
0.276230
0.121407
0.080566
0.202271
0.011882
0.456396
0.308675
0.170907
0.195445
0.161966
0.340534
0.215269
0.060322
0.075687
0.192734
0.183442
0.301801
0.134962
0.137264
0.040050
0.156865
0.188565
0.329414
0.152834
0.140914
0.304691
0.201415
0.213874
0.423340
0.068511
0.256556
0.099379
0.140747
0.304420
0.469161
0.330081
0.056215
0.364815
0.203463
0.149684
0.258606
0.212679
0.245009
0.192505
0.023980
0.077546
0.151261
0.224170
0.096118
0.109111
0.070986
0.293419
0.128121
0.121933
0.245863
0.244305
0.138176
0.179859
0.131532
0.195671
0.124838
0.427441
0.073014
0.232857
0.110537
0.114098
0.160671
0.126614
0.017944
0.483548
0.387455
0.115593
0.228588
0.089524
0.139279
0.088594
0.098482
0.094277
0.259957
0.203261
0.317230
0.193977
0.251626
0.068436
0.212367
0.229708
0.403041
0.124097
0.193218
0.301665
0.269272
0.414756
0.468117
0.025926
0.314824
0.049986
0.138460
0.290776
0.419662
0.309805
0.120662
0.351381
0.187848
0.233018
0.147785
0.161168
0.240753
0.195782
0.095065
0.120872
0.207493
0.322073
0.239118
0.077103
0.089888
0.311486
0.131684
0.135648
0.225157
0.257991
0.076279
0.153856
0.228811
0.142014
0.198935
0.481376
0.157140
0.259390
0.070067
0.136214
0.115824
0.059227
0.103941
0.418851
0.272833
0.058450
0.226921
0.099925
0.132012
0.065710
0.178472
0.204323
0.295094
0.160649
0.256528
0.338595
0.303506
0.177182
0.166664
0.297598
0.309196
0.036673
0.252980
0.280858
0.170396
0.495735
0.445353
0.063382
0.202306
0.025065
0.205840
0.237161
0.291644
0.251831
0.289169
0.396803
0.076721
0.224069
0.143656
0.242719
0.208408
0.117708
0.110900
0.135331
0.151849
0.376518
0.313145
0.019047
0.162027
0.220856
0.135908
0.058270
0.171839
0.263133
0.024206
0.089824
0.278154
0.079274
0.233527
0.425936
0.220194
0.194841
0.117291
0.160517
0.136257
0.020365
0.178442
0.150362
0.120857
0.276013
0.171321
0.095037
0.219147
0.096305
0.129996
0.234799
0.238654
0.133854
0.097847
0.440060
0.339192
0.282777
0.060076
0.236240
0.203545
0.037151
0.370755
0.219235
0.090736
0.553373
0.427784
0.144940
0.100763
0.045660
0.290501
0.225354
0.245672
0.196720
0.322547
0.431278
0.041672
0.202041
0.196733
0.255686
0.125147
0.115640
0.149133
0.093583
0.032467
0.415125
0.242887
0.068489
0.214935
0.026015
0.169101
0.077209
0.081646
0.200823
0.132735
0.089164
0.242062
0.059541
0.291580
0.294992
0.384672
0.328858
0.134635
0.160541
0.172359
0.067768
0.225661
0.122610
0.048057
0.338078
0.029259
0.048018
0.191384
0.079513
0.135764
0.234456
0.246599
0.132617
0.156494
0.370029
0.373206
0.298135
0.144424
0.098401
0.196452
0.220784
0.363750
0.112143
0.115855
0.435895
0.373903
0.208229
0.108023
0.088202
0.360347
0.226867
0.148804
0.197281
0.187927
0.367843
0.066225
0.182606
0.166627
0.214351
0.126777
0.191138
0.135724
0.018379
0.077050
0.391450
0.166811
0.068618
0.353679
0.149872
0.147294
0.089747
0.144920
0.140991
0.188765
0.125529
0.171749
0.206978
0.242120
0.158453
0.467000
0.486772
0.148309
0.205844
0.103699
0.072468
0.248317
0.204848
0.201585
0.180141
0.086262
0.074125
0.176775
0.109154
0.246147
0.227794
0.284900
0.200850
0.175702
0.263397
0.284507
0.219321
0.290501
0.017252
0.157810
0.324881
0.167869
0.015572
0.139806
0.335932
0.258847
0.227914
0.067044
0.119329
0.355875
0.234763
0.085550
0.312390
0.127226
0.167184
0.094591
0.168709
0.188973
0.117676
0.185037
0.111176
0.101605
0.092907
0.037740
0.228009
0.180155
0.099095
0.392451
0.219233
0.056223
0.066383
0.174251
0.037430
0.224035
0.195136
0.160679
0.280905
0.162712
0.149326
0.431202
0.489624
0.173254
0.344222
0.026185
0.067207
0.148112
0.198882
0.291368
0.079948
0.053821
0.088948
0.129978
0.179920
0.293529
0.188425
0.217009
0.254616
0.248582
0.231920
0.092196
0.103887
0.340266
0.059345
0.082135
0.332487
0.148852
0.089460
0.256585
0.184503
0.177962
0.160599
0.040157
0.189255
0.236546
0.238614
0.150320
0.340764
0.081733
0.123161
0.026959
0.133450
0.278564
0.090919
0.200515
0.082796
0.211052
0.147627
0.100590
0.124106
0.203681
0.218929
0.364959
0.167520
0.082872
0.109441
0.114490
0.017325
0.181654
0.233711
0.148709
0.193914
0.084292
0.272662
0.327885
0.428193
0.138351
0.358747
0.150500
0.097019
0.121717
0.082904
0.172497
0.045861
0.092333
0.129527
0.084414
0.221190
0.337847
0.115175
0.163483
0.257119
0.384679
0.227251
0.120678
0.096564
0.285085
0.152331
0.071473
0.235256
0.109070
0.136316
0.390187
0.039797
0.298419
0.083747
0.074665
0.247589
0.108948
0.198923
0.220672
0.273555
0.132567
0.312373
0.052541
0.046240
0.238574
0.121428
0.182307
0.106217
0.263402
0.102403
0.188362
0.095216
0.137170
0.237623
0.259812
0.141050
0.159350
0.181281
0.255030
0.022272
0.114932
0.192191
0.097367
0.166494
0.110631
0.280267
0.226287
0.382566
0.202247
0.213887
0.396789
0.128975
0.288135
0.200058
0.040816
0.137871
0.188376
0.049031
0.113289
0.194396
0.309545
0.064224
0.153043
0.224829
0.403473
0.186618
0.244658
0.190405
0.219439
0.192300
0.093220
0.029308
0.123072
0.139402
0.308081
0.088058
0.477631
0.127930
0.157931
0.253030
0.101191
0.112971
0.228015
0.300520
0.136899
0.286278
0.097375
0.102627
0.158056
0.166488
0.174027
0.134573
0.236377
0.089315
0.239693
0.076983
0.134398
0.210948
0.080369
0.197300
0.192126
0.198736
0.372082
0.021778
0.068863
0.078883
0.096135
0.096188
0.127615
0.214741
0.191332
0.395108
0.242044
0.120101
0.516554
0.218130
0.402913
0.331547
0.047324
0.130971
0.147740
0.019699
0.057201
0.129995
0.262537
0.069617
0.169140
0.202385
0.341217
0.213340
0.347392
0.195969
0.136376
0.161445
0.255542
0.173969
0.155730
0.109584
0.204572
0.191832
0.639288
0.171182
0.103371
0.288888
0.120060
0.061989
0.225626
0.266512
0.073504
0.160192
0.092140
0.166847
0.078472
0.191854
0.130516
0.165190
0.114134
0.295670
0.199473
0.063069
0.185609
0.213659
0.058784
0.224092
0.219438
0.198005
0.360852
0.053772
0.073088
0.107596
0.141671
0.056367
0.166202
0.197327
0.135718
0.323869
0.152991
0.081706
0.451046
0.242935
0.314383
0.405047
0.058589
0.153043
0.165597
0.029477
0.033055
0.105893
0.185851
0.069429
0.286488
0.191028
0.217252
0.292360
0.341073
0.152043
0.105201
0.157412
0.343862
0.235589
0.119514
0.112389
0.232385
0.240008
0.616712
0.149930
0.144817
0.242430
0.164097
0.101694
0.197057
0.189602
0.125826
0.175301
0.072781
0.182104
0.084939
0.225994
0.193428
0.184237
0.063878
0.423863
0.096083
0.040315
0.240049
0.163364
0.113612
0.167523
0.240323
0.179744
0.276532
0.114506
0.164138
0.265731
0.149189
0.199325
0.198426
0.105784
0.048250
0.277544
0.066586
0.150743
0.362935
0.211999
0.179026
0.439168
0.111468
0.196236
0.293696
0.084052
0.085980
0.088344
0.117384
0.083223
0.392907
0.292489
0.215418
0.230949
0.317862
0.055955
0.018688
0.131482
0.329430
0.215554
0.135883
0.083169
0.283531
0.213160
0.486412
0.207892
0.297533
0.070697
0.172105
0.185144
0.225080
0.217738
0.246529
0.329991
0.109714
0.240876
0.059947
0.271017
0.252211
0.128028
0.044099
0.360847
0.127974
0.063609
0.251197
0.113546
0.163548
0.070165
0.263076
0.136056
0.246358
0.195835
0.327731
0.284033
0.140527
0.235286
0.319421
0.133176
0.114422
0.314071
0.071558
0.218643
0.228836
0.245055
0.059247
0.385470
0.177143
0.108499
0.306399
0.085938
0.122403
0.072180
0.120698
0.230785
0.336860
0.352466
0.290457
0.165706
0.330771
0.081738
0.152468
0.151878
0.343416
0.229199
0.211739
0.056295
0.269873
0.213724
0.313811
0.251817
0.368110
0.120335
0.094053
0.224596
0.298014
0.182908
0.240952
0.408433
0.112337
0.304611
0.059329
0.202075
0.241681
0.149525
0.060097
0.206555
0.250018
0.136898
0.205702
0.151173
0.231287
0.064884
0.255449
0.076923
0.201866
0.144283
0.426638
0.219157
0.155243
0.106112
0.392946
0.184869
0.230857
0.358274
0.070454
0.213260
0.150396
0.186703
0.070853
0.288498
0.141463
0.064030
0.215387
0.090069
0.159060
0.130438
0.227744
0.288976
0.346485
0.274280
0.206534
0.202627
0.211893
0.096791
0.197674
0.242932
0.305298
0.159963
0.236569
0.086916
0.308638
0.254940
0.141309
0.206347
0.339267
0.136045
0.143776
0.190009
0.330187
0.157332
0.224007
0.389012
0.144175
0.361678
0.098260
0.075590
0.131651
0.206787
0.136259
0.083942
0.348786
0.209981
0.094314
0.130736
0.264848
0.100842
0.306387
0.039665
0.008479
0.199783
0.368005
0.161413
0.169331
0.092744
0.338605
0.099211
0.327844
0.414178
0.095281
0.255379
0.144322
0.172531
0.112110
0.149046
0.053959
0.209199
0.099495
0.156408
0.154912
0.197504
0.213345
0.302362
0.344434
0.344487
0.165411
0.288455
0.205535
0.011862
0.176385
0.182468
0.169304
0.057425
0.272835
0.159240
0.243754
0.184038
0.030392
0.201297
0.274715
0.042952
0.241876
0.327560
0.285626
0.188997
0.237457
0.251834
0.171236
0.332394
0.076252
0.089315
0.085700
0.197670
0.163050
0.095309
0.243370
0.168433
0.087958
0.093796
0.225793
0.036433
0.253112
0.022739
0.229556
0.265649
0.222250
0.184925
0.158336
0.151692
0.208250
0.066240
0.281571
0.353762
0.091147
0.263761
0.239241
0.233766
0.176726
0.011301
0.126377
0.249364
0.105734
0.123992
0.177444
0.262427
0.194843
0.317416
0.196929
0.482790
0.321726
0.346557
0.305930
0.068474
0.135391
0.193206
0.086491
0.101446
0.382443
0.253368
0.184935
0.013002
0.166638
0.242804
0.323917
0.081047
0.282284
0.298048
0.191807
0.278617
0.264907
0.106743
0.168394
0.239644
0.092940
0.116796
0.026279
0.126272
0.204492
0.172131
0.102651
0.150269
0.125738
0.110589
0.279302
0.044155
0.141945
0.108048
0.326737
0.215863
0.209408
0.195567
0.200026
0.135046
0.024847
0.190835
0.162595
0.246298
0.066204
0.248803
0.232209
0.283755
0.225904
0.091220
0.305216
0.142153
0.218312
0.095427
0.199771
0.196360
0.263662
0.259865
0.112534
0.473348
0.510574
0.385262
0.276506
0.086875
0.129484
0.249106
0.171949
0.122821
0.461680
0.285937
0.165551
0.081182
0.288887
0.203835
0.282113
0.156418
0.262574
0.125479
0.211316
0.316025
0.222786
0.122948
0.170353
0.094487
0.234676
0.141869
0.063894
0.168193
0.278934
0.159582
0.144585
0.106758
0.182975
0.116210
0.215701
0.090007
0.081376
0.171777
0.314736
0.232661
0.238321
0.228111
0.217520
0.173389
0.115481
0.196920
0.019722
0.281965
0.105798
0.155141
0.235400
0.294410
0.191590
0.134269
0.290620
0.015565
0.339495
0.170141
0.149423
0.056253
0.279030
0.130553
0.178758
0.327203
0.571042
0.352873
0.235874
0.150603
0.093999
0.235923
0.268042
0.089652
0.362495
0.198075
0.195545
0.089442
0.337271
0.146194
0.181978
0.144240
0.093045
0.220928
0.236643
0.233462
0.169450
0.209466
0.105204
0.150500
0.345526
0.140836
0.115040
0.191064
0.276771
0.063413
0.252740
0.084446
0.194879
0.117131
0.102502
0.155489
0.161908
0.188367
0.283829
0.319028
0.303411
0.186312
0.205076
0.133329
0.181494
0.184607
0.176651
0.314479
0.124694
0.030923
0.282214
0.259959
0.147622
0.136498
0.162465
0.066003
0.438607
0.139630
0.137356
0.154137
0.169037
0.135033
0.261839
0.251593
0.548572
0.262482
0.201838
0.180677
0.116416
0.156990
0.376178
0.033574
0.260203
0.084412
0.175581
0.076718
0.409747
0.217975
0.115058
0.159483
0.109128
0.295284
0.176114
0.144854
0.120255
0.227269
0.061571
0.184356
0.373421
0.124492
0.213098
0.127256
0.158540
0.062084
0.210281
0.114333
0.224910
0.150194
0.019489
0.184972
0.140296
0.181139
0.202947
0.257402
0.267013
0.177306
0.081611
0.051165
0.209080
0.234180
0.256187
0.297147
0.097776
0.087575
0.308592
0.186961
0.078594
0.163615
0.131429
0.098877
0.540624
0.087910
0.119734
0.171078
0.199082
0.178550
0.346474
0.305347
0.397829
0.133256
0.097510
0.150498
0.089221
0.101070
0.405308
0.143408
0.221058
0.112243
0.246659
0.044420
0.385108
0.257948
0.161431
0.154661
0.186976
0.278220
0.110098
0.396708
0.110817
0.223454
0.056296
0.090148
0.283274
0.186975
0.176676
0.022725
0.039238
0.040460
0.096608
0.138604
0.193374
0.146357
0.043485
0.140995
0.049657
0.124445
0.103414
0.095513
0.189265
0.196167
0.033861
0.155984
0.198922
0.199298
0.222771
0.186814
0.167697
0.104246
0.253694
0.183304
0.049855
0.149736
0.110459
0.143711
0.482368
0.070978
0.072343
0.147563
0.206234
0.155842
0.316597
0.303044
0.143673
0.125689
0.057270
0.039634
0.067411
0.129039
0.241889
0.199467
0.211570
0.092114
0.288075
0.138715
0.246924
0.145042
0.188632
0.144354
0.235214
0.288461
0.098570
0.503054
0.109045
0.140046
0.171699
0.054472
0.139272
0.225833
0.053556
0.109521
0.083456
0.005982
0.178951
0.111951
0.166449
0.130321
0.131491
0.102266
0.030575
0.091415
0.122173
0.008072
0.127304
0.165273
0.057166
0.201879
0.218413
0.021136
0.126289
0.061427
0.162917
0.195941
0.107376
0.252455
0.086532
0.151686
0.107146
0.092081
0.316353
0.087069
0.053816
0.142906
0.165650
0.184620
0.185059
0.356411
0.069004
0.292910
0.043846
0.063281
0.121224
0.190289
0.132005
0.095928
0.163103
0.067451
0.408696
0.273267
0.042424
0.252880
0.172927
0.137172
0.295677
0.272043
0.125773
0.435752
0.032511
0.133983
0.160278
0.132381
0.077347
0.214952
0.010523
0.146846
0.208472
0.123025
0.229993
0.115947
0.209919
0.093556
0.198716
0.054084
0.109933
0.074301
0.307082
0.016846
0.085108
0.100479
0.055667
0.133092
0.163177
0.116856
0.068446
0.043237
0.116813
0.233330
0.121832
0.269368
0.092523
0.089811
0.142473
0.101610
0.197281
0.126528
0.126050
0.175085
0.170395
0.067399
0.096791
0.363302
0.151449
0.377826
0.036304
0.129142
0.196606
0.219179
0.235463
0.025040
0.062325
0.164154
0.446055
0.268460
0.149933
0.365252
0.229752
0.136393
0.285941
0.173053
0.274464
0.300976
0.194257
0.147043
0.135954
0.144519
0.147167
0.164011
0.032188
0.206616
0.245865
0.201885
0.183532
0.113145
0.255417
0.047838
0.198311
0.018671
0.099160
0.087795
0.335148
0.031067
0.037904
0.059002
0.063363
0.044140
0.094066
0.180351
0.103471
0.075877
0.100367
0.188669
0.174903
0.246881
0.111873
0.053782
0.109428
0.149047
0.048488
0.230058
0.204931
0.203555
0.141174
0.147282
0.032514
0.272237
0.302505
0.369140
0.086115
0.196577
0.218677
0.188609
0.302395
0.094807
0.123512
0.247608
0.394059
0.127747
0.158373
0.377633
0.142096
0.119286
0.208150
0.056656
0.343764
0.226144
0.226918
0.158352
0.172787
0.233903
0.089368
0.111707
0.080455
0.175797
0.254927
0.176800
0.093759
0.078797
0.288848
0.037545
0.185341
0.056961
0.080027
0.183616
0.206527
0.107158
0.069596
0.069404
0.026058
0.089305
0.079661
0.154118
0.133268
0.075993
0.113033
0.291603
0.213543
0.222510
0.113567
0.142269
0.094928
0.171900
0.183301
0.226889
0.213198
0.166053
0.259508
0.188736
0.072525
0.151627
0.333968
0.259539
0.089630
0.187181
0.200212
0.216218
0.269013
0.159534
0.159062
0.244447
0.261128
0.020296
0.083726
0.268765
0.046118
0.139195
0.106322
0.184123
0.376465
0.122136
0.189104
0.114448
0.198811
0.255660
0.068577
0.089156
0.069697
0.069598
0.237750
0.165714
0.274617
0.117160
0.249028
0.098038
0.235916
0.057383
0.102250
0.328428
0.100694
0.288930
0.108805
0.213750
0.063126
0.220602
0.155923
0.083492
0.148851
0.107834
0.172970
0.291769
0.303965
0.077851
0.104179
0.165122
0.092234
0.202451
0.386971
0.266450
0.215685
0.105342
0.363912
0.140876
0.066237
0.058873
0.270206
0.140968
0.176185
0.101868
0.146400
0.223881
0.125171
0.149130
0.074297
0.242500
0.098635
0.092307
0.038055
0.088261
0.182227
0.077808
0.050052
0.193648
0.391169
0.100677
0.131996
0.146453
0.162583
0.192063
0.171113
0.109199
0.061086
0.063838
0.133407
0.219610
0.323590
0.243435
0.166811
0.136891
0.261162
0.114265
0.175072
0.400840
0.100742
0.430683
0.212570
0.309077
0.108378
0.224398
0.196168
0.206176
0.152902
0.207032
0.133321
0.183899
0.340906
0.071182
0.099915
0.133272
0.076499
0.229046
0.452379
0.118920
0.197710
0.068308
0.305110
0.143971
0.022261
0.197760
0.214064
0.083765
0.282867
0.133371
0.105500
0.161683
0.144091
0.039235
0.191491
0.202822
0.102636
0.197567
0.012547
0.059664
0.236802
0.084094
0.122423
0.127190
0.317942
0.283607
0.108036
0.141135
0.147086
0.063089
0.329751
0.128443
0.136916
0.130692
0.192346
0.313998
0.072749
0.209733
0.141392
0.164544
0.114409
0.218204
0.200468
0.378725
0.098145
0.400496
0.247344
0.316310
0.071428
0.164154
0.229020
0.260739
0.151881
0.269632
0.060700
0.074443
0.285691
0.160296
0.115193
0.074077
0.064655
0.294331
0.441894
0.050388
0.172985
0.085147
0.111080
0.255654
0.159396
0.219826
0.173360
0.099581
0.308382
0.233508
0.125339
0.140439
0.322470
0.130705
0.308898
0.258447
0.154912
0.266524
0.068130
0.067467
0.209386
0.108571
0.192631
0.072684
0.187473
0.344544
0.080205
0.189581
0.162813
0.197043
0.324364
0.130491
0.137366
0.171676
0.286561
0.292739
0.151318
0.179161
0.147992
0.213862
0.078666
0.250383
0.088950
0.307097
0.195530
0.255940
0.156692
0.242913
0.043597
0.113476
0.203904
0.268665
0.178587
0.257830
0.084884
0.012999
0.175520
0.188436
0.090248
0.075921
0.065052
0.310280
0.339747
0.066520
0.202538
0.082439
0.147663
0.305599
0.228489
0.170254
0.085888
0.113340
0.263347
0.160774
0.022714
0.172032
0.337928
0.248242
0.379392
0.249149
0.146584
0.261162
0.169973
0.041359
0.152741
0.023648
0.184988
0.081744
0.137426
0.329641
0.163335
0.235070
0.197287
0.210082
0.210821
0.117953
0.163161
0.165257
0.315307
0.149892
0.193277
0.189604
0.237986
0.227516
0.159932
0.207310
0.110286
0.253564
0.265617
0.157806
0.232744
0.102788
0.041074
0.092504
0.153392
0.308926
0.242886
0.154745
0.132895
0.049609
0.132458
0.203047
0.085117
0.174977
0.145366
0.244764
0.200464
0.086374
0.181405
0.135160
0.265704
0.301250
0.253694
0.172439
0.106768
0.020761
0.342455
0.049258
0.230195
0.071604
0.258884
0.265627
0.360275
0.178905
