# f_eff(Delta;p)/alpha for G_1 at three pressures (0.5 p_c, p_c, 1.5 p_c).
# p_c = 0.9418 GPa, delta = 2.2100 A, u_eff/alpha = 0.205 A^-2.
# Columns: Delta [A]  f/alpha [A^2] at 0.5 p_c  at p_c  at 1.5 p_c
0.000000 0.000000 0.000000 0.000000
0.004174 0.000004 0.000000 -0.000004
0.008347 0.000017 0.000000 -0.000017
0.012521 0.000039 0.000000 -0.000039
0.016694 0.000070 0.000000 -0.000070
0.020868 0.000109 0.000000 -0.000109
0.025042 0.000157 0.000000 -0.000157
0.029215 0.000213 0.000000 -0.000213
0.033389 0.000279 0.000000 -0.000279
0.037563 0.000353 0.000000 -0.000353
0.041736 0.000436 0.000000 -0.000435
0.045910 0.000527 0.000000 -0.000527
0.050083 0.000627 0.000000 -0.000627
0.054257 0.000736 0.000000 -0.000736
0.058431 0.000854 0.000001 -0.000853
0.062604 0.000981 0.000001 -0.000979
0.066778 0.001116 0.000001 -0.001114
0.070952 0.001260 0.000001 -0.001257
0.075125 0.001413 0.000002 -0.001409
0.079299 0.001574 0.000002 -0.001570
0.083472 0.001744 0.000002 -0.001739
0.087646 0.001923 0.000003 -0.001917
0.091820 0.002111 0.000004 -0.002104
0.095993 0.002308 0.000004 -0.002299
0.100167 0.002514 0.000005 -0.002503
0.104341 0.002728 0.000006 -0.002716
0.108514 0.002951 0.000007 -0.002937
0.112688 0.003183 0.000008 -0.003166
0.116861 0.003424 0.000010 -0.003405
0.121035 0.003673 0.000011 -0.003651
0.125209 0.003932 0.000013 -0.003907
0.129382 0.004199 0.000014 -0.004171
0.133556 0.004476 0.000016 -0.004443
0.137730 0.004761 0.000018 -0.004724
0.141903 0.005055 0.000021 -0.005013
0.146077 0.005358 0.000023 -0.005311
0.150250 0.005670 0.000026 -0.005618
0.154424 0.005991 0.000029 -0.005933
0.158598 0.006321 0.000032 -0.006256
0.162771 0.006660 0.000036 -0.006588
0.166945 0.007007 0.000040 -0.006928
0.171119 0.007364 0.000044 -0.007276
0.175292 0.007730 0.000048 -0.007633
0.179466 0.008105 0.000053 -0.007999
0.183639 0.008489 0.000058 -0.008373
0.187813 0.008882 0.000064 -0.008755
0.191987 0.009284 0.000070 -0.009145
0.196160 0.009696 0.000076 -0.009544
0.200334 0.010116 0.000083 -0.009951
0.204508 0.010545 0.000090 -0.010366
0.208681 0.010984 0.000097 -0.010790
0.212855 0.011432 0.000105 -0.011222
0.217028 0.011889 0.000114 -0.011662
0.221202 0.012355 0.000123 -0.012110
0.225376 0.012831 0.000132 -0.012566
0.229549 0.013316 0.000142 -0.013031
0.233723 0.013810 0.000153 -0.013504
0.237896 0.014313 0.000164 -0.013985
0.242070 0.014825 0.000176 -0.014474
0.246244 0.015347 0.000188 -0.014971
0.250417 0.015879 0.000202 -0.015476
0.254591 0.016419 0.000215 -0.015989
0.258765 0.016970 0.000230 -0.016510
0.262938 0.017529 0.000245 -0.017039
0.267112 0.018098 0.000261 -0.017576
0.271285 0.018677 0.000278 -0.018121
0.275459 0.019264 0.000295 -0.018674
0.279633 0.019862 0.000313 -0.019235
0.283806 0.020469 0.000332 -0.019804
0.287980 0.021086 0.000352 -0.020381
0.292154 0.021712 0.000373 -0.020965
0.296327 0.022348 0.000395 -0.021557
0.300501 0.022993 0.000418 -0.022157
0.304674 0.023648 0.000442 -0.022765
0.308848 0.024313 0.000466 -0.023380
0.313022 0.024988 0.000492 -0.024004
0.317195 0.025672 0.000519 -0.024634
0.321369 0.026366 0.000547 -0.025273
0.325543 0.027070 0.000576 -0.025919
0.329716 0.027784 0.000606 -0.026572
0.333890 0.028508 0.000637 -0.027234
0.338063 0.029241 0.000669 -0.027902
0.342237 0.029985 0.000703 -0.028578
0.346411 0.030738 0.000738 -0.029262
0.350584 0.031502 0.000774 -0.029953
0.354758 0.032275 0.000812 -0.030652
0.358932 0.033059 0.000851 -0.031357
0.363105 0.033852 0.000891 -0.032070
0.367279 0.034656 0.000933 -0.032791
0.371452 0.035470 0.000976 -0.033519
0.375626 0.036294 0.001020 -0.034253
0.379800 0.037128 0.001066 -0.034996
0.383973 0.037973 0.001114 -0.035745
0.388147 0.038828 0.001163 -0.036501
0.392321 0.039693 0.001214 -0.037265
0.396494 0.040569 0.001267 -0.038035
0.400668 0.041454 0.001321 -0.038813
0.404841 0.042351 0.001377 -0.039597
0.409015 0.043258 0.001434 -0.040389
0.413189 0.044175 0.001494 -0.041187
0.417362 0.045103 0.001555 -0.041993
0.421536 0.046041 0.001618 -0.042805
0.425710 0.046990 0.001683 -0.043624
0.429883 0.047950 0.001750 -0.044450
0.434057 0.048921 0.001819 -0.045282
0.438230 0.049902 0.001890 -0.046121
0.442404 0.050894 0.001963 -0.046967
0.446578 0.051896 0.002038 -0.047820
0.450751 0.052910 0.002116 -0.048679
0.454925 0.053934 0.002195 -0.049544
0.459098 0.054970 0.002277 -0.050416
0.463272 0.056016 0.002361 -0.051295
0.467446 0.057073 0.002447 -0.052179
0.471619 0.058142 0.002535 -0.053071
0.475793 0.059221 0.002626 -0.053968
0.479967 0.060312 0.002720 -0.054872
0.484140 0.061414 0.002816 -0.055782
0.488314 0.062527 0.002914 -0.056699
0.492487 0.063651 0.003015 -0.057621
0.496661 0.064786 0.003118 -0.058550
0.500835 0.065933 0.003225 -0.059484
0.505008 0.067092 0.003333 -0.060425
0.509182 0.068262 0.003445 -0.061372
0.513356 0.069443 0.003559 -0.062324
0.517529 0.070636 0.003676 -0.063283
0.521703 0.071840 0.003797 -0.064247
0.525876 0.073056 0.003919 -0.065217
0.530050 0.074284 0.004045 -0.066193
0.534224 0.075523 0.004174 -0.067174
0.538397 0.076774 0.004306 -0.068162
0.542571 0.078037 0.004441 -0.069154
0.546745 0.079312 0.004580 -0.070153
0.550918 0.080599 0.004721 -0.071157
0.555092 0.081898 0.004866 -0.072166
0.559265 0.083208 0.005014 -0.073181
0.563439 0.084531 0.005165 -0.074201
0.567613 0.085866 0.005320 -0.075226
0.571786 0.087213 0.005478 -0.076257
0.575960 0.088572 0.005640 -0.077293
0.580134 0.089944 0.005805 -0.078334
0.584307 0.091328 0.005974 -0.079380
0.588481 0.092724 0.006146 -0.080431
0.592654 0.094132 0.006323 -0.081487
0.596828 0.095554 0.006503 -0.082548
0.601002 0.096987 0.006686 -0.083614
0.605175 0.098433 0.006874 -0.084685
0.609349 0.099892 0.007066 -0.085761
0.613523 0.101364 0.007261 -0.086841
0.617696 0.102848 0.007461 -0.087926
0.621870 0.104345 0.007665 -0.089016
0.626043 0.105855 0.007872 -0.090110
0.630217 0.107378 0.008085 -0.091209
0.634391 0.108914 0.008301 -0.092312
0.638564 0.110463 0.008521 -0.093420
0.642738 0.112024 0.008746 -0.094532
0.646912 0.113599 0.008976 -0.095648
0.651085 0.115188 0.009210 -0.096768
0.655259 0.116789 0.009448 -0.097893
0.659432 0.118404 0.009691 -0.099022
0.663606 0.120032 0.009939 -0.100154
0.667780 0.121674 0.010191 -0.101291
0.671953 0.123329 0.010448 -0.102432
0.676127 0.124997 0.010710 -0.103576
0.680301 0.126680 0.010977 -0.104725
0.684474 0.128375 0.011249 -0.105877
0.688648 0.130085 0.011526 -0.107033
0.692821 0.131808 0.011808 -0.108192
0.696995 0.133546 0.012095 -0.109355
0.701169 0.135297 0.012388 -0.110522
0.705342 0.137062 0.012685 -0.111692
0.709516 0.138841 0.012988 -0.112865
0.713689 0.140634 0.013296 -0.114042
0.717863 0.142442 0.013610 -0.115222
0.722037 0.144264 0.013929 -0.116405
0.726210 0.146100 0.014254 -0.117591
0.730384 0.147950 0.014585 -0.118780
0.734558 0.149815 0.014921 -0.119973
0.738731 0.151694 0.015263 -0.121168
0.742905 0.153588 0.015611 -0.122366
0.747078 0.155496 0.015965 -0.123567
0.751252 0.157419 0.016324 -0.124771
0.755426 0.159357 0.016690 -0.125977
0.759599 0.161310 0.017062 -0.127186
0.763773 0.163277 0.017440 -0.128397
0.767947 0.165260 0.017825 -0.129611
0.772120 0.167258 0.018215 -0.130827
0.776294 0.169270 0.018612 -0.132046
0.780467 0.171298 0.019016 -0.133267
0.784641 0.173341 0.019426 -0.134490
0.788815 0.175400 0.019842 -0.135715
0.792988 0.177473 0.020266 -0.136942
0.797162 0.179562 0.020696 -0.138171
0.801336 0.181667 0.021133 -0.139402
0.805509 0.183788 0.021576 -0.140635
0.809683 0.185923 0.022027 -0.141870
0.813856 0.188075 0.022485 -0.143106
0.818030 0.190243 0.022949 -0.144344
0.822204 0.192426 0.023421 -0.145583
0.826377 0.194625 0.023901 -0.146824
0.830551 0.196841 0.024387 -0.148067
0.834725 0.199072 0.024881 -0.149310
0.838898 0.201320 0.025382 -0.150555
0.843072 0.203584 0.025891 -0.151801
0.847245 0.205864 0.026408 -0.153048
0.851419 0.208161 0.026932 -0.154297
0.855593 0.210474 0.027464 -0.155546
0.859766 0.212803 0.028004 -0.156796
0.863940 0.215149 0.028551 -0.158047
0.868114 0.217512 0.029107 -0.159298
0.872287 0.219892 0.029671 -0.160550
0.876461 0.222289 0.030243 -0.161803
0.880634 0.224702 0.030823 -0.163056
0.884808 0.227133 0.031412 -0.164310
0.888982 0.229581 0.032008 -0.165564
0.893155 0.232045 0.032614 -0.166818
0.897329 0.234527 0.033228 -0.168072
0.901503 0.237027 0.033850 -0.169326
0.905676 0.239544 0.034481 -0.170581
0.909850 0.242078 0.035121 -0.171835
0.914023 0.244630 0.035770 -0.173089
0.918197 0.247200 0.036428 -0.174343
0.922371 0.249787 0.037095 -0.175597
0.926544 0.252392 0.037771 -0.176850
0.930718 0.255015 0.038456 -0.178103
0.934891 0.257656 0.039151 -0.179355
0.939065 0.260315 0.039854 -0.180606
0.943239 0.262993 0.040568 -0.181857
0.947412 0.265688 0.041290 -0.183107
0.951586 0.268402 0.042023 -0.184356
0.955760 0.271134 0.042765 -0.185604
0.959933 0.273885 0.043517 -0.186851
0.964107 0.276654 0.044279 -0.188097
0.968280 0.279442 0.045050 -0.189341
0.972454 0.282249 0.045832 -0.190585
0.976628 0.285074 0.046624 -0.191826
0.980801 0.287919 0.047426 -0.193067
0.984975 0.290783 0.048239 -0.194305
0.989149 0.293665 0.049061 -0.195542
0.993322 0.296567 0.049895 -0.196778
0.997496 0.299488 0.050739 -0.198011
1.001669 0.302429 0.051593 -0.199242
1.005843 0.305388 0.052458 -0.200472
1.010017 0.308368 0.053334 -0.201699
1.014190 0.311367 0.054222 -0.202924
1.018364 0.314386 0.055120 -0.204147
1.022538 0.317425 0.056029 -0.205367
1.026711 0.320483 0.056949 -0.206585
1.030885 0.323562 0.057881 -0.207800
1.035058 0.326660 0.058824 -0.209013
1.039232 0.329779 0.059778 -0.210222
1.043406 0.332918 0.060744 -0.211429
1.047579 0.336078 0.061722 -0.212633
1.051753 0.339258 0.062712 -0.213834
1.055927 0.342458 0.063713 -0.215032
1.060100 0.345679 0.064726 -0.216227
1.064274 0.348921 0.065752 -0.217418
1.068447 0.352184 0.066789 -0.218606
1.072621 0.355468 0.067839 -0.219790
1.076795 0.358773 0.068901 -0.220971
1.080968 0.362099 0.069975 -0.222148
1.085142 0.365446 0.071062 -0.223321
1.089316 0.368814 0.072162 -0.224490
1.093489 0.372204 0.073274 -0.225655
1.097663 0.375615 0.074399 -0.226816
1.101836 0.379048 0.075537 -0.227973
1.106010 0.382503 0.076688 -0.229126
1.110184 0.385980 0.077853 -0.230274
1.114357 0.389478 0.079030 -0.231418
1.118531 0.392998 0.080221 -0.232557
1.122705 0.396541 0.081425 -0.233692
1.126878 0.400106 0.082642 -0.234821
1.131052 0.403693 0.083873 -0.235946
1.135225 0.407302 0.085118 -0.237066
1.139399 0.410934 0.086377 -0.238181
1.143573 0.414589 0.087649 -0.239290
1.147746 0.418266 0.088936 -0.240394
1.151920 0.421966 0.090237 -0.241493
1.156093 0.425690 0.091552 -0.242586
1.160267 0.429436 0.092881 -0.243674
1.164441 0.433205 0.094224 -0.244756
1.168614 0.436997 0.095583 -0.245832
1.172788 0.440813 0.096955 -0.246903
1.176962 0.444653 0.098343 -0.247967
1.181135 0.448515 0.099745 -0.249025
1.185309 0.452402 0.101163 -0.250077
1.189482 0.456312 0.102595 -0.251122
1.193656 0.460246 0.104042 -0.252161
1.197830 0.464204 0.105505 -0.253194
1.202003 0.468186 0.106983 -0.254220
1.206177 0.472193 0.108477 -0.255239
1.210351 0.476223 0.109986 -0.256251
1.214524 0.480278 0.111511 -0.257256
1.218698 0.484358 0.113052 -0.258254
1.222871 0.488462 0.114609 -0.259245
1.227045 0.492591 0.116181 -0.260229
1.231219 0.496745 0.117770 -0.261205
1.235392 0.500924 0.119375 -0.262174
1.239566 0.505127 0.120996 -0.263135
1.243740 0.509356 0.122634 -0.264088
1.247913 0.513610 0.124289 -0.265033
1.252087 0.517890 0.125960 -0.265971
1.256260 0.522195 0.127648 -0.266900
1.260434 0.526526 0.129352 -0.267821
1.264608 0.530882 0.131074 -0.268734
1.268781 0.535265 0.132813 -0.269638
1.272955 0.539673 0.134569 -0.270534
1.277129 0.544107 0.136343 -0.271421
1.281302 0.548568 0.138134 -0.272300
1.285476 0.553054 0.139942 -0.273170
1.289649 0.557568 0.141769 -0.274030
1.293823 0.562107 0.143613 -0.274882
1.297997 0.566674 0.145475 -0.275724
1.302170 0.571267 0.147355 -0.276557
1.306344 0.575887 0.149253 -0.277380
1.310518 0.580534 0.151170 -0.278194
1.314691 0.585208 0.153105 -0.278998
1.318865 0.589909 0.155058 -0.279793
1.323038 0.594638 0.157030 -0.280577
1.327212 0.599394 0.159021 -0.281352
1.331386 0.604178 0.161031 -0.282116
1.335559 0.608989 0.163060 -0.282870
1.339733 0.613829 0.165107 -0.283614
1.343907 0.618696 0.167175 -0.284347
1.348080 0.623591 0.169261 -0.285069
1.352254 0.628514 0.171367 -0.285781
1.356427 0.633466 0.173492 -0.286482
1.360601 0.638446 0.175637 -0.287171
1.364775 0.643455 0.177802 -0.287850
1.368948 0.648492 0.179987 -0.288517
1.373122 0.653558 0.182192 -0.289174
1.377295 0.658653 0.184418 -0.289818
1.381469 0.663777 0.186663 -0.290451
1.385643 0.668931 0.188929 -0.291072
1.389816 0.674113 0.191216 -0.291682
1.393990 0.679325 0.193523 -0.292279
1.398164 0.684566 0.195851 -0.292864
1.402337 0.689837 0.198200 -0.293437
1.406511 0.695138 0.200570 -0.293998
1.410684 0.700469 0.202961 -0.294546
1.414858 0.705830 0.205374 -0.295082
1.419032 0.711221 0.207808 -0.295605
1.423205 0.716642 0.210264 -0.296115
1.427379 0.722094 0.212741 -0.296612
1.431553 0.727576 0.215240 -0.297096
1.435726 0.733089 0.217761 -0.297566
1.439900 0.738632 0.220304 -0.298024
1.444073 0.744207 0.222870 -0.298467
1.448247 0.749812 0.225457 -0.298897
1.452421 0.755449 0.228068 -0.299314
1.456594 0.761117 0.230700 -0.299716
1.460768 0.766817 0.233356 -0.300105
1.464942 0.772548 0.236034 -0.300479
1.469115 0.778311 0.238736 -0.300839
1.473289 0.784105 0.241460 -0.301185
1.477462 0.789932 0.244208 -0.301516
1.481636 0.795790 0.246979 -0.301832
1.485810 0.801681 0.249774 -0.302134
1.489983 0.807604 0.252592 -0.302421
1.494157 0.813560 0.255434 -0.302692
1.498331 0.819549 0.258300 -0.302949
1.502504 0.825570 0.261190 -0.303190
1.506678 0.831624 0.264104 -0.303415
1.510851 0.837711 0.267043 -0.303625
1.515025 0.843831 0.270006 -0.303819
1.519199 0.849985 0.272993 -0.303998
1.523372 0.856171 0.276006 -0.304160
1.527546 0.862392 0.279043 -0.304306
1.531720 0.868646 0.282105 -0.304436
1.535893 0.874934 0.285192 -0.304550
1.540067 0.881256 0.288305 -0.304646
1.544240 0.887613 0.291443 -0.304727
1.548414 0.894003 0.294606 -0.304790
1.552588 0.900428 0.297796 -0.304836
1.556761 0.906887 0.301011 -0.304866
1.560935 0.913381 0.304252 -0.304878
1.565109 0.919910 0.307519 -0.304872
1.569282 0.926474 0.310812 -0.304849
1.573456 0.933073 0.314132 -0.304809
1.577629 0.939707 0.317478 -0.304750
1.581803 0.946376 0.320851 -0.304674
1.585977 0.953081 0.324251 -0.304580
1.590150 0.959822 0.327677 -0.304467
1.594324 0.966598 0.331131 -0.304336
1.598497 0.973411 0.334612 -0.304186
1.602671 0.980259 0.338121 -0.304018
1.606845 0.987144 0.341656 -0.303831
1.611018 0.994065 0.345220 -0.303625
1.615192 1.001023 0.348811 -0.303400
1.619366 1.008017 0.352431 -0.303156
1.623539 1.015048 0.356078 -0.302892
1.627713 1.022116 0.359754 -0.302609
1.631886 1.029221 0.363458 -0.302306
1.636060 1.036363 0.367190 -0.301983
1.640234 1.043543 0.370951 -0.301640
1.644407 1.050760 0.374741 -0.301278
1.648581 1.058015 0.378560 -0.300895
1.652755 1.065308 0.382408 -0.300491
1.656928 1.072638 0.386286 -0.300067
1.661102 1.080007 0.390192 -0.299622
1.665275 1.087414 0.394129 -0.299157
1.669449 1.094860 0.398095 -0.298670
1.673623 1.102344 0.402091 -0.298162
1.677796 1.109867 0.406117 -0.297633
1.681970 1.117428 0.410173 -0.297083
1.686144 1.125029 0.414259 -0.296511
1.690317 1.132669 0.418376 -0.295917
1.694491 1.140348 0.422523 -0.295301
1.698664 1.148067 0.426702 -0.294664
1.702838 1.155825 0.430911 -0.294004
1.707012 1.163623 0.435151 -0.293321
1.711185 1.171461 0.439422 -0.292617
1.715359 1.179339 0.443725 -0.291889
1.719533 1.187257 0.448059 -0.291139
1.723706 1.195216 0.452425 -0.290366
1.727880 1.203215 0.456823 -0.289569
1.732053 1.211255 0.461253 -0.288749
1.736227 1.219336 0.465715 -0.287906
1.740401 1.227458 0.470209 -0.287040
1.744574 1.235620 0.474736 -0.286149
1.748748 1.243825 0.479295 -0.285235
1.752922 1.252070 0.483887 -0.284297
1.757095 1.260358 0.488512 -0.283334
1.761269 1.268687 0.493170 -0.282347
1.765442 1.277058 0.497861 -0.281336
1.769616 1.285471 0.502586 -0.280300
1.773790 1.293926 0.507344 -0.279239
1.777963 1.302424 0.512136 -0.278153
1.782137 1.310964 0.516961 -0.277042
1.786311 1.319547 0.521821 -0.275905
1.790484 1.328173 0.526715 -0.274743
1.794658 1.336843 0.531643 -0.273556
1.798831 1.345555 0.536606 -0.272342
1.803005 1.354310 0.541604 -0.271103
1.807179 1.363110 0.546636 -0.269838
1.811352 1.371952 0.551703 -0.268546
1.815526 1.380839 0.556806 -0.267228
1.819699 1.389770 0.561943 -0.265883
1.823873 1.398745 0.567117 -0.264512
1.828047 1.407764 0.572325 -0.263113
1.832220 1.416828 0.577570 -0.261688
1.836394 1.425936 0.582851 -0.260235
1.840568 1.435090 0.588167 -0.258755
1.844741 1.444288 0.593520 -0.257247
1.848915 1.453531 0.598910 -0.255712
1.853088 1.462820 0.604336 -0.254148
1.857262 1.472155 0.609799 -0.252557
1.861436 1.481535 0.615299 -0.250937
1.865609 1.490960 0.620836 -0.249289
1.869783 1.500432 0.626410 -0.247612
1.873957 1.509950 0.632022 -0.245907
1.878130 1.519514 0.637671 -0.244172
1.882304 1.529125 0.643358 -0.242409
1.886477 1.538782 0.649083 -0.240616
1.890651 1.548487 0.654846 -0.238794
1.894825 1.558238 0.660648 -0.236942
1.898998 1.568036 0.666488 -0.235061
1.903172 1.577882 0.672366 -0.233149
1.907346 1.587776 0.678284 -0.231208
1.911519 1.597717 0.684240 -0.229236
1.915693 1.607705 0.690236 -0.227234
1.919866 1.617742 0.696270 -0.225201
1.924040 1.627827 0.702345 -0.223138
1.928214 1.637961 0.708459 -0.221043
1.932387 1.648143 0.714612 -0.218918
1.936561 1.658373 0.720806 -0.216761
1.940735 1.668653 0.727040 -0.214572
1.944908 1.678981 0.733315 -0.212352
1.949082 1.689359 0.739629 -0.210101
1.953255 1.699787 0.745985 -0.207817
1.957429 1.710263 0.752381 -0.205501
1.961603 1.720790 0.758819 -0.203153
1.965776 1.731367 0.765297 -0.200772
1.969950 1.741993 0.771817 -0.198358
1.974124 1.752670 0.778379 -0.195912
1.978297 1.763397 0.784983 -0.193432
1.982471 1.774175 0.791628 -0.190920
1.986644 1.785004 0.798315 -0.188374
1.990818 1.795884 0.805045 -0.185794
1.994992 1.806815 0.811817 -0.183181
1.999165 1.817797 0.818632 -0.180534
2.003339 1.828831 0.825490 -0.177852
2.007513 1.839917 0.832390 -0.175137
2.011686 1.851054 0.839334 -0.172386
2.015860 1.862244 0.846321 -0.169602
2.020033 1.873485 0.853352 -0.166782
2.024207 1.884780 0.860426 -0.163927
2.028381 1.896126 0.867544 -0.161038
2.032554 1.907526 0.874707 -0.158112
2.036728 1.918978 0.881913 -0.155152
2.040902 1.930484 0.889164 -0.152155
2.045075 1.942043 0.896460 -0.149123
2.049249 1.953656 0.903801 -0.146055
2.053422 1.965322 0.911186 -0.142950
2.057596 1.977042 0.918617 -0.139809
2.061770 1.988816 0.926093 -0.136631
2.065943 2.000644 0.933614 -0.133416
2.070117 2.012527 0.941181 -0.130165
2.074290 2.024465 0.948795 -0.126876
2.078464 2.036457 0.956454 -0.123549
2.082638 2.048504 0.964159 -0.120186
2.086811 2.060607 0.971911 -0.116784
2.090985 2.072764 0.979710 -0.113345
2.095159 2.084978 0.987555 -0.109867
2.099332 2.097247 0.995448 -0.106351
2.103506 2.109572 1.003388 -0.102797
2.107679 2.121953 1.011375 -0.099203
2.111853 2.134390 1.019410 -0.095571
2.116027 2.146884 1.027492 -0.091900
2.120200 2.159435 1.035622 -0.088190
2.124374 2.172042 1.043801 -0.084440
2.128548 2.184707 1.052028 -0.080651
2.132721 2.197428 1.060304 -0.076821
2.136895 2.210208 1.068628 -0.072952
2.141068 2.223044 1.077001 -0.069043
2.145242 2.235939 1.085423 -0.065093
2.149416 2.248892 1.093895 -0.061102
2.153589 2.261903 1.102416 -0.057071
2.157763 2.274972 1.110987 -0.052999
2.161937 2.288100 1.119607 -0.048885
2.166110 2.301286 1.128278 -0.044731
2.170284 2.314532 1.136999 -0.040534
2.174457 2.327836 1.145770 -0.036296
2.178631 2.341201 1.154592 -0.032016
2.182805 2.354624 1.163465 -0.027694
2.186978 2.368108 1.172389 -0.023329
2.191152 2.381651 1.181364 -0.018922
2.195326 2.395254 1.190391 -0.014473
2.199499 2.408918 1.199469 -0.009980
2.203673 2.422643 1.208599 -0.005444
2.207846 2.436428 1.217781 -0.000865
2.212020 2.450274 1.227016 0.003757
2.216194 2.464181 1.236302 0.008424
2.220367 2.478149 1.245642 0.013134
2.224541 2.492179 1.255034 0.017888
2.228715 2.506271 1.264479 0.022687
2.232888 2.520425 1.273977 0.027530
2.237062 2.534641 1.283529 0.032418
2.241235 2.548919 1.293135 0.037351
2.245409 2.563259 1.302794 0.042328
2.249583 2.577663 1.312507 0.047352
2.253756 2.592129 1.322275 0.052420
2.257930 2.606658 1.332096 0.057535
2.262104 2.621251 1.341973 0.062695
2.266277 2.635907 1.351904 0.067901
2.270451 2.650627 1.361891 0.073154
2.274624 2.665411 1.371932 0.078453
2.278798 2.680259 1.382029 0.083799
2.282972 2.695172 1.392182 0.089192
2.287145 2.710148 1.402390 0.094632
2.291319 2.725190 1.412655 0.100119
2.295492 2.740297 1.422975 0.105654
2.299666 2.755469 1.433353 0.111236
2.303840 2.770706 1.443786 0.116867
2.308013 2.786008 1.454277 0.122546
2.312187 2.801377 1.464825 0.128273
2.316361 2.816811 1.475430 0.134048
2.320534 2.832312 1.486092 0.139873
2.324708 2.847879 1.496812 0.145746
2.328881 2.863513 1.507591 0.151668
2.333055 2.879213 1.518427 0.157640
2.337229 2.894981 1.529321 0.163662
2.341402 2.910815 1.540274 0.169733
2.345576 2.926718 1.551286 0.175854
2.349750 2.942687 1.562357 0.182026
2.353923 2.958725 1.573487 0.188248
2.358097 2.974831 1.584676 0.194521
2.362270 2.991005 1.595924 0.200844
2.366444 3.007247 1.607233 0.207219
2.370618 3.023559 1.618602 0.213645
2.374791 3.039939 1.630030 0.220122
2.378965 3.056388 1.641519 0.226651
2.383139 3.072907 1.653069 0.233232
2.387312 3.089495 1.664680 0.239865
2.391486 3.106153 1.676352 0.246550
2.395659 3.122881 1.688085 0.253288
2.399833 3.139679 1.699879 0.260079
2.404007 3.156547 1.711735 0.266923
2.408180 3.173486 1.723653 0.273820
2.412354 3.190496 1.735633 0.280770
2.416528 3.207577 1.747676 0.287774
2.420701 3.224729 1.759781 0.294832
2.424875 3.241953 1.771949 0.301944
2.429048 3.259249 1.784180 0.309110
2.433222 3.276616 1.796474 0.316331
2.437396 3.294055 1.808831 0.323607
2.441569 3.311567 1.821252 0.330937
2.445743 3.329152 1.833737 0.338323
2.449917 3.346809 1.846286 0.345763
2.454090 3.364539 1.858900 0.353260
2.458264 3.382343 1.871577 0.360812
2.462437 3.400219 1.884320 0.368421
2.466611 3.418170 1.897128 0.376085
2.470785 3.436195 1.910000 0.383806
2.474958 3.454293 1.922938 0.391584
2.479132 3.472466 1.935942 0.399419
2.483306 3.490713 1.949012 0.407310
2.487479 3.509036 1.962148 0.415259
2.491653 3.527433 1.975349 0.423266
2.495826 3.545905 1.988618 0.431331
2.500000 3.564453 2.001953 0.439453
