# Conceptual f_eff(Delta; p_red) for the manuscript Landau functional with alpha = u = 1.
# Columns: Delta  f_p=-0.6  f_p=-0.2  f_p=0  f_p=+0.2  f_p=+0.6
0.000000 0.000000 0.000000 0.000000 0.000000 0.000000
0.002838 0.000002 0.000001 0.000000 -0.000001 -0.000002
0.005676 0.000010 0.000003 0.000000 -0.000003 -0.000010
0.008514 0.000022 0.000007 0.000000 -0.000007 -0.000022
0.011352 0.000039 0.000013 0.000000 -0.000013 -0.000039
0.014190 0.000060 0.000020 0.000000 -0.000020 -0.000060
0.017028 0.000087 0.000029 0.000000 -0.000029 -0.000087
0.019866 0.000118 0.000040 0.000000 -0.000039 -0.000118
0.022705 0.000155 0.000052 0.000000 -0.000051 -0.000155
0.025543 0.000196 0.000065 0.000000 -0.000065 -0.000196
0.028381 0.000242 0.000081 0.000000 -0.000080 -0.000241
0.031219 0.000293 0.000098 0.000000 -0.000097 -0.000292
0.034057 0.000348 0.000116 0.000000 -0.000116 -0.000348
0.036895 0.000409 0.000137 0.000000 -0.000136 -0.000408
0.039733 0.000474 0.000158 0.000001 -0.000157 -0.000473
0.042571 0.000545 0.000182 0.000001 -0.000180 -0.000543
0.045409 0.000620 0.000207 0.000001 -0.000205 -0.000618
0.048247 0.000700 0.000234 0.000001 -0.000231 -0.000697
0.051085 0.000785 0.000263 0.000002 -0.000259 -0.000781
0.053923 0.000874 0.000293 0.000002 -0.000289 -0.000870
0.056761 0.000969 0.000325 0.000003 -0.000320 -0.000964
0.059599 0.001069 0.000358 0.000003 -0.000352 -0.001062
0.062437 0.001173 0.000394 0.000004 -0.000386 -0.001166
0.065275 0.001283 0.000431 0.000005 -0.000422 -0.001274
0.068114 0.001397 0.000469 0.000005 -0.000459 -0.001386
0.070952 0.001517 0.000510 0.000006 -0.000497 -0.001504
0.073790 0.001641 0.000552 0.000007 -0.000537 -0.001626
0.076628 0.001770 0.000596 0.000009 -0.000579 -0.001753
0.079466 0.001904 0.000641 0.000010 -0.000622 -0.001884
0.082304 0.002044 0.000689 0.000011 -0.000666 -0.002021
0.085142 0.002188 0.000738 0.000013 -0.000712 -0.002162
0.087980 0.002337 0.000789 0.000015 -0.000759 -0.002307
0.090818 0.002491 0.000842 0.000017 -0.000808 -0.002457
0.093656 0.002651 0.000896 0.000019 -0.000858 -0.002612
0.096494 0.002815 0.000953 0.000022 -0.000909 -0.002772
0.099332 0.002984 0.001011 0.000024 -0.000962 -0.002936
0.102170 0.003159 0.001071 0.000027 -0.001017 -0.003104
0.105008 0.003338 0.001133 0.000030 -0.001072 -0.003278
0.107846 0.003523 0.001197 0.000034 -0.001129 -0.003455
0.110684 0.003713 0.001263 0.000038 -0.001188 -0.003638
0.113523 0.003908 0.001330 0.000042 -0.001247 -0.003825
0.116361 0.004108 0.001400 0.000046 -0.001308 -0.004016
0.119199 0.004313 0.001471 0.000050 -0.001370 -0.004212
0.122037 0.004523 0.001545 0.000055 -0.001434 -0.004412
0.124875 0.004739 0.001620 0.000061 -0.001499 -0.004617
0.127713 0.004960 0.001698 0.000067 -0.001565 -0.004827
0.130551 0.005186 0.001777 0.000073 -0.001632 -0.005040
0.133389 0.005417 0.001858 0.000079 -0.001700 -0.005259
0.136227 0.005653 0.001942 0.000086 -0.001770 -0.005481
0.139065 0.005895 0.002027 0.000094 -0.001840 -0.005708
0.141903 0.006142 0.002115 0.000101 -0.001912 -0.005940
0.144741 0.006395 0.002205 0.000110 -0.001985 -0.006175
0.147579 0.006652 0.002297 0.000119 -0.002059 -0.006415
0.150417 0.006916 0.002391 0.000128 -0.002135 -0.006660
0.153255 0.007184 0.002487 0.000138 -0.002211 -0.006908
0.156093 0.007458 0.002585 0.000148 -0.002288 -0.007161
0.158932 0.007737 0.002685 0.000160 -0.002366 -0.007418
0.161770 0.008022 0.002788 0.000171 -0.002446 -0.007680
0.164608 0.008312 0.002893 0.000184 -0.002526 -0.007945
0.167446 0.008608 0.003000 0.000197 -0.002607 -0.008215
0.170284 0.008909 0.003110 0.000210 -0.002689 -0.008489
0.173122 0.009216 0.003222 0.000225 -0.002773 -0.008767
0.175960 0.009528 0.003336 0.000240 -0.002857 -0.009049
0.178798 0.009846 0.003452 0.000255 -0.002941 -0.009335
0.181636 0.010170 0.003571 0.000272 -0.003027 -0.009625
0.184474 0.010499 0.003693 0.000290 -0.003114 -0.009920
0.187312 0.010834 0.003816 0.000308 -0.003201 -0.010218
0.190150 0.011174 0.003943 0.000327 -0.003289 -0.010520
0.192988 0.011520 0.004071 0.000347 -0.003378 -0.010827
0.195826 0.011872 0.004202 0.000368 -0.003467 -0.011137
0.198664 0.012230 0.004336 0.000389 -0.003557 -0.011451
0.201503 0.012593 0.004472 0.000412 -0.003648 -0.011769
0.204341 0.012962 0.004611 0.000436 -0.003740 -0.012091
0.207179 0.013337 0.004753 0.000461 -0.003832 -0.012416
0.210017 0.013718 0.004897 0.000486 -0.003924 -0.012746
0.212855 0.014105 0.005044 0.000513 -0.004018 -0.013079
0.215693 0.014498 0.005193 0.000541 -0.004111 -0.013416
0.218531 0.014897 0.005346 0.000570 -0.004205 -0.013757
0.221369 0.015302 0.005501 0.000600 -0.004300 -0.014101
0.224207 0.015712 0.005659 0.000632 -0.004395 -0.014449
0.227045 0.016129 0.005819 0.000664 -0.004491 -0.014801
0.229883 0.016552 0.005983 0.000698 -0.004586 -0.015156
0.232721 0.016981 0.006149 0.000733 -0.004683 -0.015514
0.235559 0.017416 0.006319 0.000770 -0.004779 -0.015877
0.238397 0.017857 0.006491 0.000808 -0.004876 -0.016242
0.241235 0.018305 0.006666 0.000847 -0.004973 -0.016612
0.244073 0.018759 0.006844 0.000887 -0.005070 -0.016984
0.246912 0.019219 0.007026 0.000929 -0.005167 -0.017360
0.249750 0.019685 0.007210 0.000973 -0.005265 -0.017740
0.252588 0.020158 0.007398 0.001018 -0.005362 -0.018123
0.255426 0.020637 0.007588 0.001064 -0.005460 -0.018509
0.258264 0.021122 0.007782 0.001112 -0.005558 -0.018898
0.261102 0.021614 0.007979 0.001162 -0.005655 -0.019290
0.263940 0.022113 0.008180 0.001213 -0.005753 -0.019686
0.266778 0.022617 0.008383 0.001266 -0.005851 -0.020085
0.269616 0.023129 0.008590 0.001321 -0.005948 -0.020487
0.272454 0.023647 0.008801 0.001378 -0.006046 -0.020892
0.275292 0.024172 0.009014 0.001436 -0.006143 -0.021300
0.278130 0.024703 0.009232 0.001496 -0.006240 -0.021711
0.280968 0.025241 0.009452 0.001558 -0.006336 -0.022125
0.283806 0.025786 0.009677 0.001622 -0.006433 -0.022542
0.286644 0.026337 0.009904 0.001688 -0.006529 -0.022962
0.289482 0.026896 0.010136 0.001756 -0.006624 -0.023384
0.292321 0.027461 0.010371 0.001825 -0.006720 -0.023810
0.295159 0.028033 0.010609 0.001897 -0.006814 -0.024238
0.297997 0.028612 0.010852 0.001971 -0.006909 -0.024669
0.300835 0.029198 0.011098 0.002048 -0.007003 -0.025103
0.303673 0.029791 0.011348 0.002126 -0.007096 -0.025539
0.306511 0.030391 0.011601 0.002207 -0.007188 -0.025978
0.309349 0.030998 0.011859 0.002289 -0.007280 -0.026420
0.312187 0.031613 0.012121 0.002375 -0.007371 -0.026864
0.315025 0.032234 0.012386 0.002462 -0.007462 -0.027310
0.317863 0.032863 0.012656 0.002552 -0.007552 -0.027759
0.320701 0.033499 0.012929 0.002644 -0.007640 -0.028210
0.323539 0.034143 0.013207 0.002739 -0.007728 -0.028664
0.326377 0.034793 0.013489 0.002837 -0.007815 -0.029120
0.329215 0.035452 0.013775 0.002937 -0.007902 -0.029578
0.332053 0.036117 0.014065 0.003039 -0.007987 -0.030039
0.334891 0.036790 0.014360 0.003145 -0.008071 -0.030501
0.337730 0.037471 0.014659 0.003252 -0.008154 -0.030966
0.340568 0.038159 0.014962 0.003363 -0.008235 -0.031433
0.343406 0.038855 0.015269 0.003477 -0.008316 -0.031902
0.346244 0.039559 0.015582 0.003593 -0.008395 -0.032372
0.349082 0.040270 0.015898 0.003712 -0.008473 -0.032845
0.351920 0.040989 0.016219 0.003835 -0.008550 -0.033320
0.354758 0.041716 0.016545 0.003960 -0.008626 -0.033796
0.357596 0.042450 0.016875 0.004088 -0.008699 -0.034274
0.360434 0.043193 0.017211 0.004219 -0.008772 -0.034754
0.363272 0.043944 0.017550 0.004354 -0.008843 -0.035236
0.366110 0.044702 0.017895 0.004491 -0.008912 -0.035720
0.368948 0.045469 0.018245 0.004632 -0.008980 -0.036204
0.371786 0.046244 0.018599 0.004777 -0.009046 -0.036691
0.374624 0.047027 0.018958 0.004924 -0.009110 -0.037179
0.377462 0.047818 0.019323 0.005075 -0.009173 -0.037668
0.380301 0.048618 0.019692 0.005229 -0.009233 -0.038159
0.383139 0.049426 0.020067 0.005387 -0.009292 -0.038651
0.385977 0.050242 0.020446 0.005549 -0.009349 -0.039145
0.388815 0.051067 0.020831 0.005714 -0.009404 -0.039639
0.391653 0.051900 0.021221 0.005882 -0.009457 -0.040135
0.394491 0.052742 0.021617 0.006055 -0.009508 -0.040632
0.397329 0.053592 0.022018 0.006231 -0.009556 -0.041130
0.400167 0.054451 0.022424 0.006411 -0.009603 -0.041629
0.403005 0.055318 0.022836 0.006594 -0.009647 -0.042129
0.405843 0.056195 0.023253 0.006782 -0.009689 -0.042630
0.408681 0.057080 0.023676 0.006974 -0.009728 -0.043132
0.411519 0.057974 0.024104 0.007170 -0.009765 -0.043635
0.414357 0.058877 0.024539 0.007370 -0.009800 -0.044138
0.417195 0.059789 0.024979 0.007574 -0.009832 -0.044642
0.420033 0.060710 0.025425 0.007782 -0.009861 -0.045147
0.422871 0.061640 0.025876 0.007994 -0.009888 -0.045652
0.425710 0.062580 0.026334 0.008211 -0.009912 -0.046158
0.428548 0.063528 0.026797 0.008432 -0.009933 -0.046664
0.431386 0.064486 0.027267 0.008658 -0.009952 -0.047170
0.434224 0.065453 0.027743 0.008888 -0.009967 -0.047677
0.437062 0.066429 0.028225 0.009122 -0.009980 -0.048184
0.439900 0.067415 0.028713 0.009362 -0.009989 -0.048692
0.442738 0.068411 0.029207 0.009606 -0.009996 -0.049199
0.445576 0.069416 0.029708 0.009854 -0.009999 -0.049707
0.448414 0.070430 0.030215 0.010108 -0.010000 -0.050215
0.451252 0.071455 0.030729 0.010366 -0.009997 -0.050722
0.454090 0.072489 0.031249 0.010629 -0.009990 -0.051230
0.456928 0.073533 0.031776 0.010898 -0.009981 -0.051737
0.459766 0.074586 0.032309 0.011171 -0.009968 -0.052245
0.462604 0.075650 0.032850 0.011449 -0.009951 -0.052752
0.465442 0.076724 0.033397 0.011733 -0.009931 -0.053258
0.468280 0.077808 0.033950 0.012022 -0.009907 -0.053764
0.471119 0.078902 0.034511 0.012316 -0.009880 -0.054270
0.473957 0.080006 0.035079 0.012615 -0.009848 -0.054775
0.476795 0.081120 0.035653 0.012920 -0.009813 -0.055280
0.479633 0.082245 0.036235 0.013230 -0.009774 -0.055784
0.482471 0.083380 0.036824 0.013546 -0.009731 -0.056287
0.485309 0.084525 0.037420 0.013868 -0.009684 -0.056789
0.488147 0.085681 0.038024 0.014195 -0.009634 -0.057291
0.490985 0.086848 0.038635 0.014528 -0.009578 -0.057792
0.493823 0.088025 0.039253 0.014867 -0.009519 -0.058291
0.496661 0.089213 0.039879 0.015212 -0.009455 -0.058790
0.499499 0.090412 0.040512 0.015562 -0.009387 -0.059287
0.502337 0.091622 0.041153 0.015919 -0.009315 -0.059784
0.505175 0.092843 0.041802 0.016282 -0.009238 -0.060279
0.508013 0.094074 0.042459 0.016651 -0.009157 -0.060772
0.510851 0.095317 0.043123 0.017026 -0.009071 -0.061265
0.513689 0.096571 0.043795 0.017408 -0.008980 -0.061755
0.516528 0.097836 0.044476 0.017796 -0.008884 -0.062245
0.519366 0.099112 0.045164 0.018190 -0.008784 -0.062732
0.522204 0.100400 0.045861 0.018591 -0.008679 -0.063218
0.525042 0.101699 0.046565 0.018998 -0.008569 -0.063702
0.527880 0.103010 0.047278 0.019412 -0.008453 -0.064185
0.530718 0.104332 0.047999 0.019833 -0.008333 -0.064665
0.533556 0.105666 0.048729 0.020261 -0.008207 -0.065144
0.536394 0.107011 0.049467 0.020695 -0.008076 -0.065620
0.539232 0.108368 0.050214 0.021137 -0.007940 -0.066094
0.542070 0.109737 0.050969 0.021585 -0.007799 -0.066567
0.544908 0.111119 0.051734 0.022041 -0.007651 -0.067036
0.547746 0.112512 0.052506 0.022504 -0.007499 -0.067504
0.550584 0.113917 0.053288 0.022974 -0.007340 -0.067969
0.553422 0.115334 0.054079 0.023451 -0.007176 -0.068432
0.556260 0.116764 0.054879 0.023936 -0.007007 -0.068892
0.559098 0.118206 0.055687 0.024428 -0.006831 -0.069349
0.561937 0.119660 0.056505 0.024928 -0.006649 -0.069804
0.564775 0.121127 0.057333 0.025436 -0.006462 -0.070256
0.567613 0.122606 0.058169 0.025951 -0.006268 -0.070705
0.570451 0.124098 0.059015 0.026474 -0.006068 -0.071151
0.573289 0.125602 0.059870 0.027004 -0.005862 -0.071594
0.576127 0.127120 0.060735 0.027543 -0.005649 -0.072034
0.578965 0.128650 0.061610 0.028090 -0.005430 -0.072470
0.581803 0.130193 0.062494 0.028645 -0.005205 -0.072904
0.584641 0.131749 0.063388 0.029208 -0.004973 -0.073334
0.587479 0.133318 0.064292 0.029779 -0.004734 -0.073761
0.590317 0.134901 0.065206 0.030359 -0.004489 -0.074184
0.593155 0.136497 0.066130 0.030947 -0.004237 -0.074603
0.595993 0.138106 0.067064 0.031543 -0.003978 -0.075019
0.598831 0.139728 0.068008 0.032148 -0.003712 -0.075431
0.601669 0.141364 0.068963 0.032762 -0.003439 -0.075840
0.604508 0.143013 0.069928 0.033385 -0.003158 -0.076244
0.607346 0.144677 0.070903 0.034016 -0.002871 -0.076645
0.610184 0.146354 0.071889 0.034656 -0.002576 -0.077041
0.613022 0.148044 0.072885 0.035306 -0.002274 -0.077433
0.615860 0.149749 0.073892 0.035964 -0.001964 -0.077821
0.618698 0.151468 0.074910 0.036631 -0.001647 -0.078205
0.621536 0.153200 0.075939 0.037308 -0.001322 -0.078584
0.624374 0.154947 0.076979 0.037994 -0.000990 -0.078958
0.627212 0.156708 0.078029 0.038690 -0.000650 -0.079329
0.630050 0.158484 0.079091 0.039395 -0.000301 -0.079694
0.632888 0.160274 0.080164 0.040110 0.000055 -0.080055
0.635726 0.162078 0.081249 0.040834 0.000419 -0.080410
0.638564 0.163897 0.082344 0.041568 0.000792 -0.080761
0.641402 0.165731 0.083452 0.042312 0.001172 -0.081107
0.644240 0.167579 0.084570 0.043066 0.001561 -0.081448
0.647078 0.169443 0.085701 0.043830 0.001959 -0.081784
0.649917 0.171321 0.086843 0.044604 0.002364 -0.082114
0.652755 0.173214 0.087997 0.045388 0.002779 -0.082439
0.655593 0.175123 0.089163 0.046182 0.003202 -0.082758
0.658431 0.177047 0.090340 0.046987 0.003634 -0.083072
0.661269 0.178986 0.091530 0.047803 0.004075 -0.083380
0.664107 0.180940 0.092732 0.048629 0.004525 -0.083683
0.666945 0.182910 0.093947 0.049465 0.004984 -0.083979
0.669783 0.184895 0.095173 0.050313 0.005452 -0.084270
0.672621 0.186896 0.096413 0.051171 0.005929 -0.084555
0.675459 0.188913 0.097664 0.052040 0.006415 -0.084834
0.678297 0.190946 0.098929 0.052920 0.006911 -0.085106
0.681135 0.192995 0.100206 0.053811 0.007417 -0.085372
0.683973 0.195060 0.101496 0.054714 0.007932 -0.085632
0.686811 0.197140 0.102799 0.055628 0.008457 -0.085885
0.689649 0.199238 0.104114 0.056553 0.008991 -0.086132
0.692487 0.201351 0.105443 0.057489 0.009536 -0.086372
0.695326 0.203481 0.106785 0.058438 0.010090 -0.086606
0.698164 0.205627 0.108141 0.059398 0.010654 -0.086832
0.701002 0.207790 0.109510 0.060369 0.011229 -0.087052
0.703840 0.209970 0.110892 0.061353 0.011814 -0.087264
0.706678 0.212167 0.112288 0.062348 0.012409 -0.087470
0.709516 0.214380 0.113697 0.063356 0.013015 -0.087668
0.712354 0.216610 0.115121 0.064376 0.013631 -0.087859
0.715192 0.218858 0.116558 0.065408 0.014258 -0.088042
0.718030 0.221123 0.118009 0.066452 0.014896 -0.088218
0.720868 0.223404 0.119474 0.067509 0.015544 -0.088386
0.723706 0.225704 0.120954 0.068579 0.016204 -0.088547
0.726544 0.228021 0.122447 0.069661 0.016874 -0.088699
0.729382 0.230355 0.123955 0.070756 0.017556 -0.088844
0.732220 0.232707 0.125478 0.071863 0.018249 -0.088981
0.735058 0.235077 0.127015 0.072984 0.018953 -0.089109
0.737896 0.237465 0.128567 0.074118 0.019669 -0.089230
0.740735 0.239871 0.130133 0.075265 0.020396 -0.089342
0.743573 0.242295 0.131715 0.076425 0.021135 -0.089445
0.746411 0.244737 0.133311 0.077598 0.021885 -0.089541
0.749249 0.247197 0.134922 0.078785 0.022648 -0.089627
0.752087 0.249676 0.136549 0.079986 0.023422 -0.089705
0.754925 0.252173 0.138191 0.081200 0.024209 -0.089774
0.757763 0.254689 0.139848 0.082428 0.025007 -0.089834
0.760601 0.257224 0.141521 0.083670 0.025818 -0.089885
0.763439 0.259777 0.143209 0.084925 0.026641 -0.089926
0.766277 0.262349 0.144913 0.086195 0.027477 -0.089959
0.769115 0.264941 0.146633 0.087479 0.028326 -0.089982
0.771953 0.267551 0.148369 0.088778 0.029187 -0.089996
0.774791 0.270181 0.150121 0.090090 0.030060 -0.090000
0.777629 0.272830 0.151889 0.091418 0.030947 -0.089994
0.780467 0.275498 0.153673 0.092760 0.031847 -0.089979
0.783306 0.278187 0.155473 0.094116 0.032760 -0.089954
0.786144 0.280894 0.157290 0.095488 0.033686 -0.089919
0.788982 0.283622 0.159123 0.096874 0.034625 -0.089874
0.791820 0.286369 0.160973 0.098275 0.035578 -0.089818
0.794658 0.289136 0.162840 0.099692 0.036544 -0.089752
0.797496 0.291924 0.164724 0.101124 0.037524 -0.089676
0.800334 0.294731 0.166624 0.102571 0.038518 -0.089589
0.803172 0.297559 0.168542 0.104034 0.039525 -0.089492
0.806010 0.300408 0.170477 0.105512 0.040547 -0.089384
0.808848 0.303276 0.172429 0.107006 0.041582 -0.089265
0.811686 0.306166 0.174399 0.108516 0.042632 -0.089135
0.814524 0.309076 0.176386 0.110041 0.043696 -0.088994
0.817362 0.312007 0.178391 0.111583 0.044775 -0.088841
0.820200 0.314960 0.180414 0.113141 0.045868 -0.088678
0.823038 0.317933 0.182454 0.114715 0.046976 -0.088503
0.825876 0.320927 0.184513 0.116306 0.048098 -0.088316
0.828715 0.323943 0.186589 0.117912 0.049236 -0.088118
0.831553 0.326980 0.188684 0.119536 0.050388 -0.087908
0.834391 0.330039 0.190797 0.121176 0.051556 -0.087686
0.837229 0.333119 0.192929 0.122833 0.052738 -0.087452
0.840067 0.336221 0.195079 0.124507 0.053936 -0.087206
0.842905 0.339345 0.197247 0.126199 0.055150 -0.086948
0.845743 0.342491 0.199435 0.127907 0.056379 -0.086678
0.848581 0.345659 0.201641 0.129632 0.057623 -0.086395
0.851419 0.348850 0.203867 0.131375 0.058884 -0.086099
0.854257 0.352062 0.206111 0.133136 0.060160 -0.085791
0.857095 0.355297 0.208375 0.134914 0.061453 -0.085470
0.859933 0.358555 0.210658 0.136710 0.062761 -0.085136
0.862771 0.361836 0.212961 0.138523 0.064086 -0.084789
0.865609 0.365139 0.215283 0.140355 0.065427 -0.084429
0.868447 0.368465 0.217625 0.142205 0.066785 -0.084056
0.871285 0.371814 0.219987 0.144073 0.068159 -0.083669
0.874124 0.375187 0.222368 0.145959 0.069550 -0.083268
0.876962 0.378582 0.224770 0.147864 0.070958 -0.082855
0.879800 0.382002 0.227192 0.149787 0.072383 -0.082427
0.882638 0.385444 0.229634 0.151729 0.073825 -0.081985
0.885476 0.388911 0.232097 0.153690 0.075284 -0.081530
0.888314 0.392401 0.234580 0.155670 0.076760 -0.081060
0.891152 0.395915 0.237084 0.157669 0.078254 -0.080576
0.893990 0.399453 0.239609 0.159687 0.079766 -0.080078
0.896828 0.403015 0.242155 0.161725 0.081295 -0.079565
0.899666 0.406601 0.244722 0.163782 0.082842 -0.079038
0.902504 0.410212 0.247310 0.165858 0.084407 -0.078496
0.905342 0.413848 0.249919 0.167954 0.085990 -0.077939
0.908180 0.417508 0.252549 0.170070 0.087591 -0.077367
0.911018 0.421192 0.255202 0.172206 0.089211 -0.076780
0.913856 0.424902 0.257875 0.174362 0.090849 -0.076178
0.916694 0.428637 0.260571 0.176538 0.092505 -0.075561
0.919533 0.432397 0.263289 0.178735 0.094181 -0.074928
0.922371 0.436182 0.266028 0.180951 0.095875 -0.074279
0.925209 0.439992 0.268790 0.183189 0.097588 -0.073615
0.928047 0.443828 0.271574 0.185447 0.099320 -0.072934
0.930885 0.447690 0.274380 0.187726 0.101071 -0.072238
0.933723 0.451577 0.277209 0.190026 0.102842 -0.071526
0.936561 0.455490 0.280061 0.192346 0.104632 -0.070797
0.939399 0.459430 0.282936 0.194689 0.106441 -0.070053
0.942237 0.463395 0.285833 0.197052 0.108271 -0.069291
0.945075 0.467387 0.288754 0.199437 0.110120 -0.068513
0.947913 0.471405 0.291697 0.201843 0.111989 -0.067719
0.950751 0.475450 0.294664 0.204271 0.113879 -0.066907
0.953589 0.479521 0.297655 0.206721 0.115788 -0.066078
0.956427 0.483619 0.300669 0.209193 0.117718 -0.065233
0.959265 0.487745 0.303707 0.211687 0.119668 -0.064370
0.962104 0.491897 0.306768 0.214204 0.121639 -0.063489
0.964942 0.496076 0.309854 0.216742 0.123631 -0.062591
0.967780 0.500283 0.312963 0.219304 0.125644 -0.061676
0.970618 0.504517 0.316097 0.221887 0.127678 -0.060742
0.973456 0.508779 0.319256 0.224494 0.129732 -0.059791
0.976294 0.513068 0.322439 0.227124 0.131809 -0.058821
0.979132 0.517386 0.325646 0.229776 0.133906 -0.057834
0.981970 0.521731 0.328878 0.232452 0.136025 -0.056828
0.984808 0.526105 0.332135 0.235151 0.138166 -0.055803
0.987646 0.530507 0.335418 0.237873 0.140329 -0.054760
0.990484 0.534937 0.338725 0.240619 0.142513 -0.053699
0.993322 0.539395 0.342058 0.243389 0.144720 -0.052618
0.996160 0.543883 0.345416 0.246182 0.146949 -0.051518
0.998998 0.548399 0.348800 0.249000 0.149200 -0.050399
1.001836 0.552944 0.352209 0.251841 0.151474 -0.049261
1.004674 0.557519 0.355644 0.254707 0.153770 -0.048104
1.007513 0.562122 0.359106 0.257598 0.156089 -0.046927
1.010351 0.566755 0.362593 0.260512 0.158432 -0.045730
1.013189 0.571417 0.366107 0.263452 0.160797 -0.044514
1.016027 0.576109 0.369647 0.266416 0.163185 -0.043277
1.018865 0.580831 0.373214 0.269405 0.165597 -0.042020
1.021703 0.585583 0.376807 0.272420 0.168032 -0.040743
1.024541 0.590364 0.380428 0.275459 0.170491 -0.039446
1.027379 0.595176 0.384075 0.278524 0.172973 -0.038128
1.030217 0.600019 0.387749 0.281614 0.175480 -0.036790
1.033055 0.604891 0.391451 0.284730 0.178010 -0.035430
1.035893 0.609795 0.395180 0.287872 0.180565 -0.034050
1.038731 0.614729 0.398936 0.291040 0.183144 -0.032649
1.041569 0.619694 0.402721 0.294234 0.185747 -0.031226
1.044407 0.624690 0.406533 0.297454 0.188375 -0.029782
1.047245 0.629717 0.410373 0.300700 0.191028 -0.028317
1.050083 0.634776 0.414241 0.303973 0.193706 -0.026829
1.052922 0.639866 0.418137 0.307273 0.196408 -0.025320
1.055760 0.644988 0.422062 0.310599 0.199136 -0.023789
1.058598 0.650141 0.426015 0.313952 0.201889 -0.022236
1.061436 0.655326 0.429997 0.317333 0.204668 -0.020661
1.064274 0.660544 0.434008 0.320740 0.207472 -0.019063
1.067112 0.665794 0.438048 0.324175 0.210302 -0.017443
1.069950 0.671075 0.442117 0.327638 0.213158 -0.015800
1.072788 0.676390 0.446215 0.331128 0.216040 -0.014134
1.075626 0.681737 0.450343 0.334646 0.218949 -0.012446
1.078464 0.687117 0.454500 0.338192 0.221883 -0.010734
1.081302 0.692530 0.458687 0.341766 0.224844 -0.008999
1.084140 0.697976 0.462904 0.345368 0.227832 -0.007240
1.086978 0.703455 0.467151 0.348998 0.230846 -0.005458
1.089816 0.708968 0.471428 0.352658 0.233888 -0.003652
1.092654 0.714514 0.475735 0.356346 0.236956 -0.001823
1.095492 0.720093 0.480073 0.360062 0.240052 0.000031
1.098331 0.725707 0.484441 0.363808 0.243175 0.001909
1.101169 0.731355 0.488840 0.367583 0.246326 0.003811
1.104007 0.737036 0.493270 0.371387 0.249504 0.005738
1.106845 0.742752 0.497731 0.375221 0.252710 0.007689
1.109683 0.748503 0.502224 0.379084 0.255944 0.009665
1.112521 0.754288 0.506747 0.382977 0.259207 0.011666
1.115359 0.760108 0.511302 0.386900 0.262497 0.013692
1.118197 0.765962 0.515889 0.390853 0.265816 0.015744
1.121035 0.771852 0.520508 0.394836 0.269164 0.017820
1.123873 0.777777 0.525159 0.398850 0.272541 0.019922
1.126711 0.783737 0.529841 0.402894 0.275946 0.022050
1.129549 0.789733 0.534557 0.406968 0.279380 0.024204
1.132387 0.795764 0.539304 0.411074 0.282844 0.026384
1.135225 0.801832 0.544084 0.415211 0.286337 0.028590
1.138063 0.807935 0.548897 0.419378 0.289859 0.030822
1.140902 0.814074 0.553743 0.423577 0.293412 0.033080
1.143740 0.820250 0.558622 0.427808 0.296994 0.035366
1.146578 0.826462 0.563534 0.432070 0.300606 0.037678
1.149416 0.832711 0.568479 0.436364 0.304248 0.040017
1.152254 0.838996 0.573458 0.440689 0.307920 0.042383
1.155092 0.845318 0.578471 0.445047 0.311623 0.044776
1.157930 0.851678 0.583517 0.449437 0.315357 0.047197
1.160768 0.858074 0.588598 0.453860 0.319121 0.049645
1.163606 0.864508 0.593713 0.458315 0.322917 0.052121
1.166444 0.870980 0.598862 0.462802 0.326743 0.054625
1.169282 0.877489 0.604045 0.467323 0.330601 0.057157
1.172120 0.884037 0.609263 0.471877 0.334490 0.059717
1.174958 0.890622 0.614516 0.476464 0.338411 0.062306
1.177796 0.897245 0.619804 0.481084 0.342363 0.064923
1.180634 0.903907 0.625127 0.485738 0.346348 0.067568
1.183472 0.910607 0.630486 0.490425 0.350364 0.070243
1.186311 0.917346 0.635880 0.495146 0.354413 0.072946
1.189149 0.924124 0.641309 0.499902 0.358494 0.075679
1.191987 0.930941 0.646774 0.504691 0.362608 0.078441
1.194825 0.937797 0.652275 0.509515 0.366754 0.081233
1.197663 0.944692 0.657813 0.514373 0.370933 0.084054
1.200501 0.951627 0.663386 0.519266 0.375146 0.086905
1.203339 0.958601 0.668996 0.524194 0.379391 0.089786
1.206177 0.965615 0.674643 0.529156 0.383670 0.092698
1.209015 0.972670 0.680326 0.534154 0.387983 0.095639
1.211853 0.979764 0.686046 0.539188 0.392329 0.098611
1.214691 0.986899 0.691804 0.544256 0.396709 0.101614
1.217529 0.994074 0.697598 0.549361 0.401123 0.104647
1.220367 1.001290 0.703430 0.554501 0.405571 0.107712
1.223205 1.008546 0.709300 0.559677 0.410054 0.110808
1.226043 1.015844 0.715208 0.564889 0.414571 0.113935
1.228881 1.023183 0.721153 0.570138 0.419123 0.117093
1.231720 1.030563 0.727136 0.575423 0.423710 0.120283
1.234558 1.037985 0.733158 0.580745 0.428332 0.123505
1.237396 1.045448 0.739218 0.586104 0.432989 0.126759
1.240234 1.052953 0.745317 0.591499 0.437681 0.130045
1.243072 1.060500 0.751455 0.596932 0.442409 0.133364
1.245910 1.068090 0.757631 0.602402 0.447173 0.136715
1.248748 1.075721 0.763847 0.607910 0.451973 0.140098
1.251586 1.083395 0.770102 0.613455 0.456808 0.143515
1.254424 1.091112 0.776396 0.619038 0.461680 0.146964
1.257262 1.098872 0.782730 0.624659 0.466589 0.150447
1.260100 1.106675 0.789104 0.630319 0.471534 0.153963
1.262938 1.114520 0.795518 0.636017 0.476515 0.157513
1.265776 1.122410 0.801972 0.641753 0.481534 0.161096
1.268614 1.130343 0.808466 0.647528 0.486590 0.164713
1.271452 1.138319 0.815001 0.653342 0.491683 0.168364
1.274290 1.146340 0.821576 0.659195 0.496813 0.172050
1.277129 1.154404 0.828193 0.665087 0.501981 0.175770
1.279967 1.162513 0.834850 0.671019 0.507187 0.179524
1.282805 1.170666 0.841549 0.676990 0.512431 0.183313
1.285643 1.178864 0.848289 0.683001 0.517713 0.187138
1.288481 1.187107 0.855070 0.689052 0.523033 0.190997
1.291319 1.195394 0.861893 0.695143 0.528392 0.194891
1.294157 1.203727 0.868758 0.701274 0.533790 0.198821
1.296995 1.212105 0.875665 0.707446 0.539226 0.202787
1.299833 1.220528 0.882615 0.713658 0.544702 0.206789
1.302671 1.228997 0.889607 0.719912 0.550216 0.210826
1.305509 1.237512 0.896641 0.726206 0.555770 0.214900
1.308347 1.246073 0.903719 0.732541 0.561364 0.219010
1.311185 1.254680 0.910839 0.738918 0.566997 0.223156
1.314023 1.263334 0.918002 0.745336 0.572671 0.227339
1.316861 1.272034 0.925209 0.751797 0.578384 0.231559
1.319699 1.280781 0.932459 0.758299 0.584138 0.235817
1.322538 1.289574 0.939753 0.764843 0.589932 0.240111
1.325376 1.298415 0.947091 0.771429 0.595767 0.244443
1.328214 1.307303 0.954473 0.778058 0.601643 0.248812
1.331052 1.316239 0.961899 0.784729 0.607559 0.253220
1.333890 1.325222 0.969370 0.791443 0.613517 0.257665
1.336728 1.334253 0.976885 0.798201 0.619516 0.262148
1.339566 1.343332 0.984445 0.805001 0.625557 0.266670
1.342404 1.352459 0.992050 0.811845 0.631640 0.271230
1.345242 1.361635 0.999700 0.818732 0.637764 0.275829
1.348080 1.370859 1.007395 0.825663 0.643931 0.280467
1.350918 1.380132 1.015136 0.832638 0.650140 0.285144
1.353756 1.389454 1.022923 0.839657 0.656391 0.289860
1.356594 1.398825 1.030755 0.846720 0.662686 0.294616
1.359432 1.408245 1.038634 0.853828 0.669022 0.299411
1.362270 1.417715 1.046559 0.860981 0.675402 0.304246
1.365109 1.427234 1.054530 0.868178 0.681826 0.309121
1.367947 1.436804 1.062548 0.875420 0.688292 0.314037
1.370785 1.446423 1.070613 0.882708 0.694803 0.318993
1.373623 1.456092 1.078725 0.890041 0.701357 0.323989
1.376461 1.465812 1.086884 0.897419 0.707955 0.329026
1.379299 1.475583 1.095090 0.904844 0.714597 0.334104
1.382137 1.485405 1.103344 0.912314 0.721284 0.339223
1.384975 1.495277 1.111646 0.919830 0.728015 0.344384
1.387813 1.505201 1.119996 0.927393 0.734791 0.349586
1.390651 1.515176 1.128393 0.935002 0.741611 0.354829
1.393489 1.525202 1.136840 0.942658 0.748477 0.360115
1.396327 1.535280 1.145334 0.950361 0.755388 0.365443
1.399165 1.545411 1.153878 0.958112 0.762345 0.370813
1.402003 1.555593 1.162470 0.965909 0.769348 0.376225
1.404841 1.565828 1.171112 0.973754 0.776396 0.381680
1.407679 1.576115 1.179803 0.981646 0.783490 0.387178
1.410518 1.586455 1.188543 0.989587 0.790631 0.392719
1.413356 1.596848 1.197333 0.997576 0.797818 0.398303
1.416194 1.607294 1.206173 1.005612 0.805052 0.403931
1.419032 1.617793 1.215063 1.013698 0.812333 0.409602
1.421870 1.628346 1.224003 1.021832 0.819660 0.415317
1.424708 1.638952 1.232994 1.030014 0.827035 0.421077
1.427546 1.649612 1.242035 1.038246 0.834457 0.426880
1.430384 1.660327 1.251127 1.046527 0.841927 0.432728
1.433222 1.671095 1.260270 1.054858 0.849445 0.438620
1.436060 1.681919 1.269465 1.063238 0.857011 0.444557
1.438898 1.692796 1.278711 1.071668 0.864625 0.450540
1.441736 1.703729 1.288008 1.080148 0.872288 0.456567
1.444574 1.714717 1.297358 1.088678 0.879999 0.462640
1.447412 1.725760 1.306759 1.097259 0.887759 0.468758
1.450250 1.736858 1.316213 1.105890 0.895568 0.474922
1.453088 1.748012 1.325719 1.114572 0.903426 0.481132
1.455927 1.759222 1.335278 1.123305 0.911333 0.487389
1.458765 1.770488 1.344889 1.132090 0.919290 0.493692
1.461603 1.781810 1.354554 1.140926 0.927297 0.500041
1.464441 1.793189 1.364272 1.149813 0.935354 0.506437
1.467279 1.804624 1.374043 1.158752 0.943462 0.512880
1.470117 1.816117 1.383868 1.167743 0.951619 0.519370
1.472955 1.827666 1.393747 1.176787 0.959827 0.525908
1.475793 1.839272 1.403679 1.185883 0.968086 0.532493
1.478631 1.850936 1.413666 1.195031 0.976396 0.539126
1.481469 1.862658 1.423708 1.204233 0.984758 0.545807
1.484307 1.874437 1.433804 1.213487 0.993170 0.552537
1.487145 1.886275 1.443955 1.222795 1.001635 0.559314
1.489983 1.898171 1.454161 1.232156 1.010151 0.566141
1.492821 1.910125 1.464422 1.241570 1.018719 0.573016
1.495659 1.922138 1.474739 1.251039 1.027339 0.579940
1.498497 1.934210 1.485111 1.260562 1.036012 0.586913
1.501336 1.946341 1.495539 1.270139 1.044738 0.593936
1.504174 1.958531 1.506024 1.279770 1.053516 0.601008
1.507012 1.970781 1.516564 1.289456 1.062347 0.608131
1.509850 1.983091 1.527161 1.299197 1.071232 0.615303
1.512688 1.995460 1.537815 1.308993 1.080170 0.622525
1.515526 2.007890 1.548526 1.318844 1.089162 0.629798
1.518364 2.020379 1.559294 1.328751 1.098208 0.637122
1.521202 2.032930 1.570119 1.338713 1.107308 0.644497
1.524040 2.045541 1.581001 1.348732 1.116462 0.651922
1.526878 2.058213 1.591942 1.358806 1.125670 0.659399
1.529716 2.070947 1.602940 1.368937 1.134934 0.666928
1.532554 2.083741 1.613997 1.379124 1.144252 0.674508
1.535392 2.096597 1.625112 1.389369 1.153626 0.682140
1.538230 2.109515 1.636285 1.399670 1.163054 0.689824
1.541068 2.122496 1.647517 1.410028 1.172539 0.697560
1.543907 2.135538 1.658808 1.420444 1.182079 0.705349
1.546745 2.148643 1.670159 1.430917 1.191675 0.713191
1.549583 2.161810 1.681569 1.441448 1.201327 0.721086
1.552421 2.175040 1.693038 1.452037 1.211036 0.729034
1.555259 2.188333 1.704567 1.462684 1.220801 0.737035
1.558097 2.201690 1.716157 1.473390 1.230624 0.745091
1.560935 2.215110 1.727806 1.484155 1.240503 0.753199
1.563773 2.228594 1.739517 1.494978 1.250439 0.761362
1.566611 2.242141 1.751287 1.505860 1.260433 0.769579
1.569449 2.255753 1.763119 1.516802 1.270485 0.777851
1.572287 2.269429 1.775012 1.527803 1.280595 0.786177
1.575125 2.283170 1.786966 1.538864 1.290762 0.794559
1.577963 2.296976 1.798982 1.549985 1.300988 0.802995
1.580801 2.310846 1.811060 1.561166 1.311273 0.811487
1.583639 2.324782 1.823199 1.572408 1.321616 0.820034
1.586477 2.338783 1.835401 1.583710 1.332019 0.828637
1.589316 2.352850 1.847665 1.595073 1.342480 0.837296
1.592154 2.366983 1.859992 1.606497 1.353001 0.846011
1.594992 2.381181 1.872382 1.617982 1.363582 0.854782
1.597830 2.395447 1.884835 1.629529 1.374223 0.863611
1.600668 2.409778 1.897351 1.641137 1.384923 0.872496
1.603506 2.424176 1.909930 1.652807 1.395684 0.881438
1.606344 2.438642 1.922574 1.664540 1.406506 0.890437
1.609182 2.453174 1.935281 1.676334 1.417388 0.899494
1.612020 2.467774 1.948053 1.688192 1.428331 0.908609
1.614858 2.482442 1.960888 1.700112 1.439335 0.917782
1.617696 2.497177 1.973789 1.712095 1.450401 0.927013
1.620534 2.511981 1.986754 1.724141 1.461528 0.936302
1.623372 2.526852 1.999785 1.736251 1.472717 0.945650
1.626210 2.541793 2.012881 1.748425 1.483969 0.955057
1.629048 2.556802 2.026042 1.760662 1.495282 0.964522
1.631886 2.571879 2.039269 1.772963 1.506658 0.974047
1.634725 2.587027 2.052562 1.785329 1.518097 0.983632
1.637563 2.602243 2.065921 1.797760 1.529599 0.993276
1.640401 2.617529 2.079346 1.810255 1.541164 1.002981
1.643239 2.632885 2.092839 1.822815 1.552792 1.012745
1.646077 2.648311 2.106398 1.835441 1.564484 1.022570
1.648915 2.663808 2.120024 1.848132 1.576240 1.032456
1.651753 2.679375 2.133717 1.860888 1.588060 1.042402
1.654591 2.695012 2.147478 1.873711 1.599944 1.052410
1.657429 2.710721 2.161307 1.886600 1.611893 1.062479
1.660267 2.726501 2.175204 1.899555 1.623906 1.072609
1.663105 2.742352 2.189169 1.912577 1.635985 1.082801
1.665943 2.758275 2.203202 1.925665 1.648129 1.093055
1.668781 2.774270 2.217304 1.938821 1.660338 1.103372
1.671619 2.790337 2.231475 1.952044 1.672613 1.113751
1.674457 2.806477 2.245715 1.965334 1.684954 1.124192
1.677295 2.822689 2.260025 1.978693 1.697361 1.134697
1.680134 2.838973 2.274404 1.992119 1.709834 1.145264
1.682972 2.855331 2.288853 2.005613 1.722374 1.155895
1.685810 2.871762 2.303371 2.019176 1.734981 1.166590
1.688648 2.888267 2.317961 2.032808 1.747654 1.177348
1.691486 2.904845 2.332620 2.046508 1.760396 1.188171
1.694324 2.921498 2.347351 2.060278 1.773204 1.199058
1.697162 2.938224 2.362152 2.074116 1.786081 1.210009
1.700000 2.955025 2.377025 2.088025 1.799025 1.221025
