# G_5, p = 1.5000 GPa (dir_15000.0_bar).
# D8R-only: 60 rings x 101 frames = 6060 samples.
# Column: per-D8R Delta [A]
1.803595
1.763527
1.671354
1.563664
1.785560
1.803787
1.763235
1.671629
1.563777
1.785751
1.803574
1.761441
1.668108
1.561670
1.787275
1.804077
1.762859
1.668308
1.563273
1.787785
1.804426
1.762985
1.670504
1.563998
1.786908
1.803994
1.762815
1.671190
1.563888
1.787251
1.804756
1.762577
1.669713
1.563222
1.787310
1.804627
1.763473
1.670159
1.564350
1.787614
1.803441
1.764096
1.673701
1.565600
1.787067
1.803202
1.764282
1.674234
1.566281
1.786718
1.802997
1.762709
1.668883
1.564030
1.789539
1.804041
1.762245
1.669425
1.564141
1.789650
1.739550
1.573940
1.656276
1.593159
1.753990
1.869865
1.829068
1.739815
1.562423
1.780746
1.895133
1.764077
1.734950
1.439898
1.687874
1.819493
1.740088
1.653811
1.525007
1.798006
1.874179
1.626256
1.633375
1.585310
1.830956
1.694854
1.660858
1.551102
1.555525
1.789119
1.771853
1.847579
1.551382
1.589027
1.875084
1.764308
1.713893
1.543404
1.657870
1.825508
1.738135
1.906765
1.767082
1.549134
1.864827
1.711552
1.810840
1.607528
1.532512
1.814582
1.799678
1.788981
1.780876
1.641129
1.744149
1.855844
1.677640
1.624359
1.538857
1.789615
1.586351
1.513890
1.788381
1.553508
1.727811
1.869834
1.854301
1.760581
1.489393
1.782816
1.925337
1.684686
1.753776
1.541607
1.634749
1.755149
1.783281
1.628360
1.494916
1.749827
1.866072
1.511225
1.536663
1.536355
1.897109
1.761005
1.690655
1.552244
1.509976
1.721073
1.648660
1.977194
1.402275
1.613462
1.837892
1.668277
1.862898
1.514550
1.756751
1.655490
1.771224
1.889986
1.752223
1.506081
1.944773
1.768551
1.769887
1.464208
1.436504
1.759411
1.842324
1.818536
1.737561
1.730286
1.743186
1.837108
1.572819
1.611344
1.517564
1.767374
1.449127
1.502174
1.940867
1.407626
1.673235
1.734987
1.710622
1.747634
1.474007
1.633690
1.896678
1.763899
1.748471
1.755113
1.791412
1.685776
1.818871
1.706397
1.483132
1.820068
1.855757
1.512290
1.503260
1.514301
1.881777
1.827640
1.790281
1.613676
1.496403
1.640365
1.605062
1.968069
1.411735
1.690931
1.823781
1.607644
2.044039
1.621223
1.810366
1.562444
1.753249
1.832700
1.784507
1.529164
1.924065
1.848412
1.739417
1.356403
1.462628
1.696502
1.710686
1.872930
1.611335
1.774681
1.829002
1.746674
1.593339
1.629842
1.507038
1.705134
1.438594
1.503205
1.930877
1.294371
1.607662
1.610812
1.567531
1.751403
1.504908
1.553822
1.846529
1.957194
1.787152
1.832902
1.872520
1.613486
1.745312
1.770149
1.443784
1.894255
1.956499
1.558435
1.553616
1.490281
1.698506
1.850470
1.825684
1.470621
1.623200
1.524131
1.602380
1.932064
1.515614
1.813710
1.867533
1.605719
2.114885
1.657289
1.754433
1.692551
1.664019
1.784193
1.785519
1.550068
1.982788
1.778253
1.735627
1.478792
1.460567
1.733038
1.595464
1.798882
1.488487
1.848926
1.916673
1.660992
1.682854
1.677956
1.478234
1.658897
1.438277
1.590710
1.900215
1.296498
1.565809
1.565462
1.459225
1.758023
1.491573
1.509805
1.870745
1.971816
1.843668
1.737544
1.937408
1.616065
1.725453
1.857613
1.447182
1.962308
1.936578
1.594084
1.511906
1.496295
1.725535
1.823295
1.835255
1.393450
1.801738
1.569521
1.656576
1.992466
1.548637
1.879291
1.869478
1.604018
2.098518
1.675318
1.617058
1.705407
1.630086
1.784229
1.703914
1.476293
2.095017
1.820252
1.722354
1.579228
1.503414
1.789013
1.572042
1.732363
1.481069
1.844995
1.813587
1.701285
1.775515
1.696144
1.501428
1.634623
1.443298
1.668852
1.892770
1.359463
1.568336
1.580948
1.462242
1.774126
1.368986
1.492058
1.931451
1.749890
1.813964
1.601641
1.894610
1.642265
1.826779
1.940624
1.443578
1.878664
1.880339
1.615822
1.478476
1.502454
1.797647
1.815536
1.942949
1.618597
1.785014
1.653321
1.688876
1.933651
1.556363
1.811056
1.843515
1.657357
2.027424
1.693932
1.590115
1.550108
1.663337
1.796232
1.677862
1.371126
2.023530
1.854110
1.584175
1.488720
1.589387
1.856014
1.535155
1.712625
1.505887
1.753693
1.778825
1.746567
1.815806
1.685665
1.582587
1.708944
1.443702
1.745153
1.941789
1.324007
1.619050
1.605317
1.528864
1.788383
1.264583
1.559355
1.933678
1.601138
1.854361
1.532003
1.935833
1.661153
1.682017
1.936425
1.400072
1.750973
2.010716
1.604171
1.574080
1.570243
1.696798
1.818347
1.978049
1.865196
1.707107
1.733006
1.692105
1.774288
1.582306
1.765570
1.790934
1.660496
1.786485
1.724866
1.659985
1.510407
1.668073
1.809433
1.785633
1.322951
1.885006
1.691336
1.486048
1.482514
1.594109
1.724215
1.459627
1.694964
1.599139
1.727320
1.826349
1.724261
1.899740
1.710609
1.681950
1.758008
1.412792
1.696707
1.791933
1.228901
1.651334
1.592166
1.534348
1.803818
1.234256
1.666620
1.858820
1.453276
1.938888
1.507278
1.997908
1.609669
1.574566
1.888511
1.303072
1.837763
2.102100
1.512451
1.664355
1.674383
1.578854
1.823332
1.785944
1.882540
1.669082
1.750237
1.699195
1.633372
1.608751
1.737901
1.794188
1.617221
1.603950
1.689005
1.776557
1.590543
1.649138
1.789588
1.825071
1.282313
1.790736
1.576436
1.486684
1.524669
1.448701
1.723348
1.558745
1.681005
1.642982
1.738925
1.767533
1.683294
1.899046
1.704599
1.724206
1.685399
1.355674
1.720454
1.761216
1.258036
1.536650
1.683081
1.580894
1.793008
1.274797
1.623994
1.839007
1.324590
1.885678
1.535515
2.007737
1.645471
1.536664
1.815778
1.313199
1.942460
2.021918
1.508489
1.656170
1.695563
1.590914
1.854685
1.631292
1.759389
1.703837
1.784909
1.738936
1.634960
1.640361
1.662809
1.748140
1.556822
1.600376
1.606521
1.754784
1.655008
1.596979
1.809235
1.740061
1.223425
1.835329
1.616755
1.549868
1.552611
1.319828
1.893546
1.679278
1.748806
1.589013
1.739256
1.619012
1.705181
1.830472
1.751965
1.657766
1.595041
1.443313
1.717312
1.812067
1.324173
1.549706
1.680597
1.633065
1.736354
1.341972
1.519586
1.845994
1.387748
1.719703
1.544293
1.961500
1.715523
1.574827
1.761039
1.337472
1.990542
1.953792
1.549217
1.668459
1.604804
1.590173
1.809284
1.586364
1.702151
1.688329
1.680556
1.814717
1.567804
1.713149
1.595209
1.675846
1.484119
1.694923
1.552898
1.601824
1.721876
1.587202
1.714147
1.621516
1.240400
1.781427
1.748435
1.651422
1.512544
1.350483
2.015984
1.666663
1.634855
1.608842
1.637486
1.604896
1.640736
1.811172
1.694314
1.687839
1.652087
1.605955
1.754803
1.776408
1.348799
1.585432
1.551587
1.584892
1.732605
1.331686
1.439510
1.691697
1.613283
1.577557
1.545265
1.908996
1.680105
1.609207
1.629383
1.346547
1.920894
1.891981
1.626359
1.668171
1.468269
1.590544
1.686490
1.609766
1.564568
1.626597
1.606412
1.831504
1.504772
1.759447
1.490450
1.607664
1.465751
1.656440
1.527292
1.505113
1.756703
1.588532
1.579621
1.567335
1.343588
1.687625
1.783958
1.638059
1.560617
1.497652
2.007009
1.630020
1.530552
1.606066
1.494375
1.620042
1.552459
1.688733
1.642020
1.742161
1.694485
1.711046
1.777776
1.651683
1.372527
1.627617
1.518187
1.541583
1.798730
1.230348
1.492556
1.427950
1.603644
1.593624
1.551519
1.778697
1.517572
1.659427
1.475238
1.389786
1.748200
1.704298
1.601445
1.521690
1.396513
1.553823
1.655010
1.548404
1.368967
1.627468
1.668998
1.816209
1.431298
1.634927
1.346871
1.589605
1.456793
1.605521
1.562532
1.459292
1.695711
1.571785
1.589205
1.447594
1.468516
1.616395
1.706287
1.594082
1.635509
1.483482
1.925834
1.727146
1.407022
1.558037
1.408268
1.517166
1.573313
1.544979
1.575661
1.717539
1.716180
1.754044
1.744920
1.559325
1.494056
1.639341
1.559984
1.607880
1.835028
1.233486
1.595329
1.339201
1.530407
1.620647
1.639073
1.670957
1.582026
1.657216
1.396199
1.456471
1.567609
1.494859
1.535978
1.366308
1.424532
1.549808
1.688425
1.562257
1.337830
1.589643
1.821693
1.765883
1.347928
1.463717
1.230694
1.650197
1.518645
1.495583
1.472618
1.410863
1.651946
1.549691
1.633230
1.415020
1.512673
1.563727
1.638431
1.626068
1.656416
1.424602
1.917390
1.741576
1.377661
1.590873
1.254768
1.363449
1.620692
1.452936
1.522325
1.565172
1.708840
1.857919
1.600601
1.445645
1.576879
1.729220
1.584714
1.846930
1.798791
1.237602
1.799757
1.401033
1.520963
1.506850
1.621028
1.523949
1.701563
1.637478
1.386060
1.553209
1.367974
1.497044
1.515826
1.402758
1.437222
1.623083
1.659700
1.583934
1.399766
1.452246
1.742381
1.709119
1.278429
1.477012
1.099905
1.747883
1.693001
1.428776
1.386088
1.393352
1.625720
1.457540
1.622600
1.443978
1.480242
1.554325
1.612997
1.597927
1.673204
1.395535
1.813096
1.757209
1.454348
1.615838
1.100950
1.363912
1.670092
1.370398
1.515845
1.496546
1.765701
1.923670
1.503132
1.383573
1.563488
1.747829
1.595283
1.856547
1.749279
1.197314
1.848978
1.515048
1.479877
1.357373
1.419850
1.385918
1.777820
1.614583
1.386452
1.601527
1.324275
1.466903
1.577660
1.478883
1.429916
1.781907
1.609873
1.471543
1.321386
1.368658
1.616935
1.692974
1.314028
1.545288
0.978166
1.709064
1.841865
1.423872
1.303609
1.436189
1.654155
1.507768
1.611303
1.267174
1.505154
1.583716
1.611504
1.611884
1.662307
1.319972
1.658971
1.775936
1.548710
1.604527
0.995009
1.354242
1.758971
1.358409
1.474993
1.536608
1.704190
1.898838
1.455456
1.448982
1.544671
1.609605
1.657056
1.758322
1.584336
1.166181
1.707282
1.508777
1.533238
1.226309
1.235895
1.325585
1.858895
1.661024
1.367037
1.568379
1.347761
1.331894
1.579788
1.457538
1.365295
1.833555
1.629423
1.284786
1.216757
1.433686
1.569037
1.638213
1.501146
1.544173
0.960682
1.544995
1.859799
1.489424
1.256769
1.371358
1.644836
1.658282
1.627079
1.049568
1.496686
1.612884
1.715293
1.657466
1.667103
1.171378
1.609962
1.881382
1.506791
1.555787
1.004754
1.377958
1.718540
1.407274
1.433158
1.495657
1.627723
1.841574
1.462327
1.454070
1.527249
1.452440
1.636179
1.637544
1.480791
1.251211
1.687185
1.425926
1.635618
1.124860
1.128497
1.344113
1.901746
1.591234
1.324762
1.526690
1.382555
1.308187
1.488129
1.346816
1.285899
1.722253
1.572097
1.208656
1.221135
1.418347
1.567522
1.601693
1.586188
1.571306
0.960460
1.440095
1.856166
1.395976
1.361383
1.216825
1.680441
1.697461
1.633044
1.058594
1.491578
1.658216
1.787222
1.620052
1.549381
1.085050
1.627383
1.847396
1.408227
1.519599
1.126521
1.483520
1.598656
1.449959
1.418449
1.319833
1.601190
1.772184
1.546682
1.341883
1.386405
1.477046
1.505191
1.601181
1.372778
1.360994
1.860330
1.335175
1.667843
1.013857
1.062834
1.422812
1.857066
1.556749
1.325139
1.447685
1.344012
1.388961
1.466558
1.297007
1.263108
1.697342
1.522610
1.335554
1.273298
1.247771
1.573874
1.554973
1.530724
1.547634
1.025670
1.438736
1.848139
1.326474
1.494967
1.136663
1.697015
1.616235
1.496852
1.127698
1.516283
1.702191
1.840520
1.498760
1.469974
1.183396
1.483480
1.654705
1.413747
1.524692
1.122327
1.642146
1.464060
1.463909
1.408514
1.218358
1.592184
1.740657
1.592583
1.262559
1.309940
1.596300
1.530965
1.611898
1.249301
1.410461
1.941001
1.390658
1.516536
0.944956
1.015715
1.455842
1.740763
1.651984
1.413383
1.276076
1.219905
1.374545
1.461139
1.337069
1.236949
1.737393
1.532706
1.505423
1.400469
1.152097
1.630574
1.470188
1.512472
1.466416
1.138708
1.435253
1.788889
1.324787
1.427515
1.162818
1.630841
1.598614
1.457298
1.080378
1.406480
1.652338
1.868545
1.438818
1.475624
1.270626
1.396471
1.587215
1.521410
1.467794
1.074801
1.663026
1.498253
1.427553
1.353032
1.216396
1.624225
1.658240
1.481148
1.258608
1.392590
1.618276
1.685410
1.572062
1.151973
1.442414
1.784776
1.514770
1.404468
1.085125
0.928825
1.485873
1.551310
1.640729
1.441347
1.218246
1.227709
1.277259
1.381070
1.357474
1.231135
1.728627
1.549514
1.564627
1.581338
1.123957
1.592160
1.572420
1.602924
1.448698
1.224608
1.507223
1.701356
1.366028
1.244269
1.105355
1.627532
1.521311
1.543331
1.030727
1.218727
1.495568
1.806063
1.391977
1.576032
1.287622
1.306657
1.658223
1.592377
1.416202
1.149181
1.585994
1.606716
1.368907
1.280436
1.186702
1.563250
1.558421
1.327799
1.184745
1.457669
1.517337
1.637032
1.499605
1.123940
1.532864
1.690747
1.582448
1.366486
1.297730
0.896138
1.575673
1.492056
1.624458
1.393877
1.188309
1.398988
1.361784
1.276519
1.350893
1.186820
1.650777
1.463202
1.572832
1.717995
1.035399
1.543916
1.620655
1.600525
1.413713
1.199597
1.667589
1.589673
1.459830
1.250538
1.054983
1.660143
1.438261
1.516797
1.097041
1.092152
1.347380
1.662468
1.297098
1.642456
1.239258
1.169887
1.696973
1.591652
1.462450
1.282580
1.582295
1.641049
1.431513
1.145989
1.118379
1.520873
1.478934
1.365092
1.148354
1.300482
1.459879
1.554796
1.532598
1.101223
1.564747
1.593581
1.491400
1.302559
1.427134
0.901948
1.733369
1.544401
1.448449
1.320474
1.082140
1.564958
1.475187
1.169082
1.358313
1.094883
1.684348
1.379643
1.545382
1.599619
0.962579
1.540422
1.573527
1.569988
1.389989
1.252519
1.758407
1.468213
1.605387
1.410729
1.004831
1.709711
1.352327
1.353518
1.161348
1.011886
1.368233
1.610237
1.307779
1.573404
1.329856
1.116708
1.820800
1.621299
1.501955
1.301649
1.687122
1.712075
1.578418
1.073357
1.044380
1.588558
1.474496
1.456156
1.210174
1.211639
1.369046
1.531506
1.559816
1.037303
1.496573
1.435307
1.457583
1.301460
1.542251
0.955271
1.748403
1.675810
1.376297
1.252563
0.979027
1.746162
1.622555
1.268145
1.409060
1.068336
1.714473
1.405294
1.519073
1.440484
0.957562
1.639270
1.569447
1.600311
1.469165
1.266639
1.677407
1.448156
1.694197
1.408050
0.953771
1.633656
1.403346
1.333075
1.100269
0.969891
1.479963
1.618386
1.486916
1.444025
1.416573
1.331877
1.836598
1.734912
1.535406
1.273345
1.788500
1.793868
1.608194
1.128268
1.089696
1.640434
1.507073
1.407626
1.312187
1.268556
1.260952
1.546543
1.571606
1.019870
1.365038
1.447586
1.620989
1.449056
1.592235
0.990767
1.706941
1.727216
1.380802
1.207540
0.980001
1.845116
1.714020
1.425325
1.402201
1.109642
1.533721
1.508672
1.550020
1.311931
0.970852
1.562991
1.715439
1.712509
1.422380
1.233135
1.646635
1.489447
1.623461
1.329158
0.855038
1.525066
1.470316
1.370992
1.120601
0.963694
1.559433
1.623895
1.564774
1.425950
1.352637
1.506994
1.726638
1.768436
1.473892
1.333908
1.766261
1.739097
1.480760
1.285382
1.091657
1.637349
1.544929
1.235783
1.279010
1.293667
1.367682
1.570966
1.544001
1.045188
1.395257
1.598688
1.748409
1.600906
1.453310
1.077065
1.684287
1.575884
1.378712
1.275998
1.060894
1.728009
1.827365
1.421479
1.351157
1.001300
1.377355
1.575920
1.610959
1.226635
0.923663
1.465407
1.782007
1.689878
1.300729
1.231977
1.618097
1.505437
1.658887
1.420474
0.813713
1.438758
1.500006
1.277190
1.280396
1.004049
1.480358
1.544336
1.528101
1.313359
1.235530
1.479449
1.573352
1.725388
1.298617
1.378580
1.752809
1.708114
1.428141
1.216403
0.985695
1.566745
1.432268
1.180133
1.168823
1.130716
1.571050
1.644729
1.585909
1.087634
1.457074
1.430628
1.768635
1.580505
1.320872
1.163790
1.708222
1.429476
1.290633
1.370305
1.019068
1.597708
1.804080
1.416764
1.345385
0.890206
1.397280
1.617619
1.624985
1.239612
0.852367
1.539249
1.782863
1.578493
1.197576
1.275651
1.505026
1.550659
1.712507
1.488066
0.866654
1.348377
1.544379
1.200492
1.355052
1.060478
1.446940
1.454485
1.517106
1.159462
1.179554
1.440772
1.533863
1.725779
1.149854
1.344316
1.773376
1.722390
1.525864
1.120473
0.890947
1.531621
1.337794
1.287052
1.202477
0.966650
1.734186
1.730328
1.585795
1.154448
1.412354
1.208356
1.712752
1.457992
1.356659
1.176910
1.634825
1.359572
1.306255
1.443131
1.001239
1.591130
1.784652
1.486171
1.418685
0.887942
1.412501
1.687839
1.534901
1.346881
0.894428
1.691111
1.754260
1.430170
1.110976
1.373309
1.426023
1.669911
1.692409
1.445189
0.935734
1.372079
1.538329
1.299581
1.435358
1.091671
1.446265
1.428999
1.656098
1.076443
1.116742
1.574749
1.528937
1.749337
1.147882
1.259623
1.815098
1.711186
1.581359
1.085635
0.872218
1.588973
1.367272
1.393181
1.308219
0.922780
1.695468
1.684644
1.566040
1.161275
1.386909
1.216946
1.782969
1.431789
1.377681
1.190892
1.625930
1.388386
1.357514
1.453303
1.088414
1.759146
1.755421
1.582009
1.400000
0.984338
1.376288
1.768532
1.472656
1.338886
0.969456
1.716680
1.764423
1.350924
1.064921
1.330495
1.497322
1.732552
1.575471
1.437753
0.996879
1.587590
1.553612
1.370261
1.521573
1.150616
1.531436
1.502893
1.688743
1.117737
1.087093
1.649428
1.483987
1.669418
1.130551
1.214059
1.723305
1.716870
1.576145
1.190486
0.914833
1.619639
1.365948
1.429626
1.388867
0.913590
1.563363
1.693414
1.534586
1.206619
1.257235
1.376872
1.899682
1.402878
1.369043
1.202249
1.576573
1.458218
1.381853
1.386587
1.209018
1.842067
1.790982
1.659545
1.313130
1.079625
1.518291
1.723024
1.471276
1.291961
1.073905
1.667570
1.608812
1.286996
1.153804
1.184409
1.618112
1.602882
1.553115
1.554101
0.966068
1.787004
1.665201
1.387125
1.482246
1.173030
1.642603
1.645220
1.629801
1.114560
1.024216
1.577297
1.475624
1.589486
1.030531
1.207464
1.642316
1.734534
1.600706
1.202180
0.994347
1.633656
1.392621
1.439650
1.603596
0.853942
1.537774
1.716925
1.529710
1.271633
1.136115
1.590196
2.015007
1.313075
1.353704
1.236233
1.490770
1.479652
1.276668
1.346830
1.042852
1.846112
1.738825
1.696593
1.270489
1.156589
1.620167
1.742911
1.484885
1.241690
1.211372
1.567761
1.582107
1.361966
1.157463
1.030208
1.645926
1.581019
1.523566
1.547174
0.931929
1.707966
1.856653
1.365907
1.290397
1.160377
1.756276
1.692169
1.680985
1.027196
1.066452
1.520743
1.488181
1.560945
1.007105
1.214321
1.662243
1.731617
1.678127
1.228243
1.047907
1.550476
1.507519
1.516202
1.739957
0.854130
1.596715
1.740440
1.491945
1.361075
1.134242
1.691263
1.983523
1.425894
1.292905
1.321120
1.448655
1.486447
1.254133
1.343019
0.846367
1.860373
1.737099
1.809661
1.295362
1.236742
1.609291
1.790514
1.572134
1.356118
1.280738
1.579500
1.566759
1.435608
1.232918
1.012888
1.577448
1.700063
1.411959
1.408691
1.045215
1.563054
1.871135
1.407871
1.324200
1.165032
1.777817
1.709134
1.686579
1.102731
1.127828
1.609479
1.458726
1.553807
1.099008
1.229998
1.656369
1.690662
1.596340
1.313738
0.997361
1.496275
1.670534
1.617418
1.665365
0.895170
1.746402
1.780673
1.425251
1.551997
1.155289
1.798579
1.943096
1.525234
1.209292
1.429902
1.483949
1.412566
1.347810
1.319266
0.868172
1.763528
1.700216
1.850711
1.306639
1.349740
1.603919
1.799746
1.642134
1.451508
1.292276
1.633948
1.645118
1.486653
1.276201
1.163102
1.597639
1.747401
1.355355
1.301789
1.171922
1.631159
1.799569
1.569569
1.472396
1.233532
1.817240
1.660611
1.554491
1.387132
1.165186
1.599100
1.492064
1.544756
1.167977
1.269087
1.494802
1.764653
1.519022
1.448445
1.013089
1.567039
1.888499
1.662621
1.581661
0.934089
1.860300
1.826651
1.493516
1.487330
1.195187
1.847519
1.890972
1.522181
1.224958
1.503939
1.602614
1.430404
1.504468
1.265758
0.956723
1.589131
1.760610
1.820122
1.336314
1.422264
1.721698
1.697844
1.622095
1.461926
1.329239
1.609335
1.571940
1.544710
1.316220
1.312734
1.626676
1.707342
1.434439
1.283028
1.191045
1.742072
1.745115
1.667602
1.520530
1.249352
1.786667
1.621182
1.524130
1.525764
1.247736
1.649653
1.639920
1.607595
1.205683
1.217106
1.466156
1.808882
1.574107
1.498557
1.167129
1.646318
1.906630
1.694896
1.543050
0.965934
1.967637
1.710335
1.511632
1.403275
1.140994
1.847972
1.914877
1.515293
1.249005
1.455524
1.680958
1.561952
1.596743
1.283498
1.029458
1.495738
1.868611
1.724935
1.436019
1.440821
1.751745
1.632069
1.655376
1.455999
1.424030
1.603473
1.602497
1.494561
1.282446
1.291229
1.565057
1.699731
1.387870
1.298188
1.211925
1.672003
1.769427
1.664157
1.509419
1.311564
1.704463
1.542678
1.646591
1.447898
1.423838
1.671620
1.734032
1.631455
1.355402
1.176652
1.566586
1.718300
1.604839
1.500408
1.272354
1.592526
1.863523
1.790918
1.518762
1.048018
1.969092
1.589411
1.404662
1.521471
1.027946
1.821497
1.713248
1.607989
1.390692
1.371833
1.620213
1.796199
1.600882
1.296234
1.150014
1.516437
1.820037
1.654898
1.503229
1.419370
1.676814
1.653331
1.611119
1.458189
1.487937
1.590586
1.624292
1.431995
1.244238
1.260596
1.460404
1.747479
1.365783
1.395711
1.311755
1.584458
1.746439
1.693918
1.586552
1.462276
1.637730
1.606014
1.589283
1.456952
1.508906
1.633356
1.731801
1.575522
1.523293
1.211562
1.541623
1.526020
1.546753
1.451306
1.292238
1.562559
1.838522
1.864663
1.467283
1.097426
1.863209
1.559081
1.348065
1.577559
1.086066
1.825831
1.580345
1.748206
1.529697
1.292930
1.599145
1.968271
1.718985
1.310799
1.342225
1.505388
1.717141
1.660306
1.359624
1.453984
1.579285
1.631585
1.627448
1.470660
1.442005
1.650822
1.566319
1.532383
1.329905
1.326809
1.412959
1.742438
1.465661
1.496630
1.503853
1.604828
1.677192
1.681108
1.578727
1.480928
1.601943
1.755609
1.559881
1.449863
1.383837
1.562081
1.625697
1.523714
1.604725
1.187667
1.535041
1.468020
1.616724
1.531537
1.370488
1.628198
1.942426
1.821736
1.353326
1.214784
1.730003
1.647282
1.502141
1.513374
1.094574
1.850428
1.535230
1.821967
1.592343
1.318217
1.593943
2.100456
1.780629
1.325678
1.511028
1.505513
1.645047
1.720339
1.312975
1.545569
1.611127
1.674979
1.659643
1.406655
1.439104
1.552474
1.526564
1.692312
1.464298
1.421385
1.511105
1.687318
1.597153
1.524891
1.539138
1.599181
1.669635
1.670051
1.512818
1.432685
1.634588
1.754283
1.615830
1.356131
1.334056
1.562446
1.482942
1.511777
1.596623
1.154582
1.553542
1.424639
1.722972
1.600161
1.614132
1.722608
2.050619
1.705435
1.220048
1.414040
1.616772
1.594017
1.614910
1.468452
1.045897
1.791830
1.545480
1.856428
1.505228
1.474412
1.632119
2.124082
1.854730
1.407312
1.521762
1.532135
1.706393
1.907046
1.401247
1.573725
1.650448
1.628439
1.722193
1.404031
1.489216
1.595383
1.605701
1.647625
1.501367
1.398457
1.596947
1.726890
1.568729
1.527643
1.552797
1.571792
1.716752
1.733588
1.573196
1.507852
1.650591
1.737188
1.624297
1.338844
1.449495
1.613725
1.389519
1.460374
1.635434
1.193454
1.577437
1.357792
1.641769
1.662490
1.703204
1.734179
2.062384
1.575330
1.243601
1.611935
1.560898
1.591370
1.678960
1.511209
1.081551
1.627180
1.517250
1.808959
1.451496
1.615447
1.644949
2.101659
1.882957
1.412701
1.484815
1.510024
1.649046
1.958472
1.488836
1.424169
1.767419
1.529026
1.791387
1.470595
1.453308
1.764858
1.622805
1.538843
1.502316
1.413781
1.708787
1.775904
1.523786
1.550094
1.594273
1.604189
1.627719
1.907970
1.670743
1.520234
1.628014
1.811688
1.502004
1.414966
1.463274
1.686896
1.464420
1.472488
1.680250
1.228498
1.523465
1.383602
1.579165
1.692123
1.590190
1.644912
2.040514
1.512167
1.399925
1.743050
1.684232
1.682896
1.613500
1.612752
1.274660
1.437883
1.499122
1.750629
1.437543
1.663116
1.533251
1.953114
1.924883
1.374628
1.523361
1.478511
1.517613
1.838871
1.418076
1.322262
1.793988
1.494553
1.722388
1.394663
1.495955
1.881916
1.716794
1.627786
1.576701
1.512991
1.817539
1.699775
1.605405
1.553577
1.547048
1.713246
1.660445
2.020529
1.626394
1.416009
1.520565
1.881307
1.480378
1.481572
1.279346
1.779154
1.561595
1.588641
1.762615
1.251033
1.578371
1.454495
1.625237
1.703342
1.591232
1.659633
1.951727
1.553566
1.463669
1.794625
1.819605
1.744154
1.626222
1.621602
1.532550
1.345625
1.493900
1.727940
1.549572
1.563460
1.464636
1.912245
1.855956
1.380732
1.582792
1.583331
1.599773
1.764866
1.420905
1.355254
1.745172
1.613895
1.611313
1.362977
1.546512
1.763447
1.761120
1.696426
1.676708
1.631408
1.863819
1.702991
1.700564
1.478338
1.419477
1.661068
1.734779
1.969057
1.644538
1.423211
1.497633
1.897676
1.589782
1.561879
1.197750
1.903476
1.637046
1.713524
1.769814
1.326478
1.647904
1.454278
1.746856
1.693992
1.678073
1.799418
1.740005
1.698680
1.416389
1.740788
1.713021
1.658131
1.588524
1.752168
1.560154
1.410615
1.512428
1.706608
1.666249
1.524041
1.447720
1.956926
1.830156
1.484706
1.649816
1.733205
1.690389
1.736331
1.523051
1.376547
1.735420
1.688872
1.588626
1.354346
1.625798
1.676689
1.767251
1.771149
1.691610
1.635556
1.842254
1.746924
1.744379
1.307654
1.440890
1.661141
1.859512
1.896078
1.680861
1.544699
1.641511
1.899467
1.663626
1.625191
1.382591
1.941373
1.752284
1.692202
1.665912
1.448350
1.796719
1.465556
1.826472
1.610905
1.759140
1.807614
1.576579
1.822796
1.364342
1.667841
1.528354
1.652302
1.577604
1.868869
1.481689
1.481329
1.509399
1.634762
1.710475
1.581097
1.539778
1.880240
1.850731
1.604418
1.793199
1.764472
1.661513
1.624166
1.589042
1.278263
1.789755
1.611530
1.600014
1.371889
1.639072
1.572607
1.756058
1.804779
1.858180
1.606942
1.784193
1.679824
1.819139
1.250585
1.490848
1.674729
1.955304
1.861463
1.598925
1.626893
1.770570
1.895961
1.618609
1.724422
1.404286
1.924703
1.897960
1.627479
1.550463
1.538992
1.852822
1.572014
1.785562
1.494989
1.739366
1.816496
1.455785
1.808028
1.354198
1.628359
1.471388
1.768539
1.617621
1.783549
1.495978
1.437705
1.489438
1.672990
1.700111
1.679627
1.613874
1.653992
1.899472
1.690569
1.790883
1.680961
1.646784
1.546304
1.643017
1.381003
1.695812
1.564093
1.527861
1.356679
1.575758
1.473038
1.764953
1.902315
1.993010
1.522314
1.718348
1.692993
1.843525
1.312812
1.560281
1.631663
2.000607
1.777524
1.645471
1.385345
1.723068
1.721343
1.643692
1.787275
1.219953
1.839082
2.009541
1.583820
1.593860
1.615565
1.882372
1.715116
1.645730
1.487260
1.626953
1.746860
1.378399
1.800142
1.313956
1.615109
1.593188
1.831071
1.804441
1.594233
1.617816
1.405358
1.518888
1.744076
1.647720
1.707218
1.633234
1.525071
1.836385
1.708111
1.671594
1.626494
1.685749
1.487219
1.805480
1.577778
1.629741
1.661658
1.525441
1.474074
1.576292
1.505489
1.764171
1.911578
1.838335
1.510596
1.740244
1.748128
1.917422
1.453255
1.565741
1.606058
1.849867
1.694456
1.781723
1.236056
1.674175
1.529583
1.729377
1.709133
1.196454
1.839906
2.004661
1.558673
1.769588
1.646027
1.756057
1.836719
1.588020
1.598175
1.553146
1.647873
1.361409
1.883592
1.356482
1.647497
1.626629
1.796139
1.856977
1.538913
1.654969
1.352393
1.604267
1.792148
1.626113
1.749001
1.720780
1.491284
1.730533
1.784417
1.554768
1.675504
1.705107
1.533968
1.902860
1.637228
1.643569
1.777273
1.658322
1.650663
1.549804
1.665050
1.676012
1.873072
1.781427
1.539657
1.705551
1.818202
1.959923
1.638777
1.606418
1.604294
1.709315
1.694959
1.835136
1.284199
1.739668
1.479761
1.719371
1.655382
1.298601
1.988018
1.962051
1.537402
1.801241
1.619698
1.728153
1.895672
1.534149
1.705079
1.560607
1.649575
1.441728
1.888533
1.506087
1.589012
1.616558
1.759944
1.865997
1.469397
1.585142
1.364693
1.771151
1.790411
1.752066
1.780670
1.803644
1.427910
1.622570
1.815841
1.600565
1.726307
1.754989
1.515278
1.865938
1.580931
1.639737
1.817200
1.694674
1.800458
1.440343
1.737423
1.675520
1.856214
1.780750
1.639369
1.665561
1.882670
1.953100
1.780024
1.626768
1.651938
1.575950
1.708773
1.766600
1.531482
1.774270
1.460143
1.650995
1.567209
1.374727
1.964040
2.006253
1.617483
1.603717
1.641978
1.777125
1.954224
1.579524
1.724881
1.600514
1.680205
1.536086
1.864360
1.495005
1.506156
1.630416
1.732803
1.859063
1.371168
1.584831
1.383891
1.832825
1.869837
1.844631
1.633238
1.845101
1.428598
1.602667
1.703939
1.662310
1.758709
1.784300
1.512139
1.829593
1.643724
1.520027
1.956608
1.628812
1.801954
1.413040
1.683534
1.702225
1.831009
1.681813
1.577444
1.770849
1.843434
1.823451
1.821036
1.653595
1.734267
1.497335
1.608170
1.703851
1.635805
1.812820
1.362511
1.652346
1.458680
1.415458
1.996541
1.976641
1.651087
1.528287
1.638827
1.781918
1.937415
1.553595
1.672564
1.627128
1.617916
1.500783
1.859045
1.515840
1.483465
1.580927
1.620996
1.847164
1.451340
1.618103
1.490932
1.837581
1.984222
1.810970
1.442138
1.847114
1.583032
1.671577
1.534503
1.651004
1.774803
1.776657
1.539492
1.783718
1.757958
1.545648
2.099740
1.676210
1.829111
1.388298
1.758848
1.674695
1.770541
1.602978
1.462600
1.830040
1.866965
1.798488
1.786237
1.683134
1.800971
1.590570
1.587896
1.794116
1.644280
1.889871
1.311034
1.653992
1.334428
1.511091
1.968481
1.815664
1.629655
1.568114
1.682966
1.689757
1.910979
1.607352
1.644692
1.617849
1.613311
1.547859
1.859002
1.642220
1.534941
1.556117
1.584671
1.854270
1.612852
1.566935
1.587084
1.863062
1.955582
1.690847
1.342543
1.855166
1.577047
1.597312
1.526505
1.588935
1.716094
1.799329
1.503818
1.641172
1.709434
1.682579
1.995797
1.679270
1.892097
1.359575
1.778190
1.672868
1.827464
1.698220
1.422286
1.825943
1.858075
1.809847
1.762048
1.684991
1.868478
1.699750
1.521957
1.759110
1.568600
1.980114
1.373178
1.570728
1.324571
1.623609
1.906890
1.730839
1.559459
1.528009
1.744299
1.647583
1.968595
1.693680
1.625536
1.643802
1.705970
1.678854
1.786282
1.827538
1.532067
1.669767
1.653295
1.863474
1.651799
1.608213
1.675719
1.900579
1.925246
1.631498
1.386959
1.897794
1.459706
1.538270
1.556495
1.527960
1.680043
1.974417
1.528224
1.648847
1.638675
1.747079
1.813925
1.701351
1.889602
1.296807
1.720546
1.753257
1.931172
1.851007
1.477734
1.790803
1.702492
1.747806
1.755138
1.545834
1.839899
1.707624
1.435454
1.614419
1.609921
1.967036
1.525685
1.656226
1.465092
1.708025
1.889285
1.644544
1.574534
1.592301
1.781325
1.650657
1.994245
1.665695
1.601386
1.605239
1.779427
1.619899
1.788571
1.938821
1.520337
1.727033
1.733644
1.804559
1.668843
1.631622
1.794383
1.818595
1.813403
1.486823
1.421694
1.806544
1.434555
1.551451
1.518090
1.429457
1.772631
1.945341
1.638471
1.718380
1.635545
1.800566
1.761637
1.613106
1.818191
1.260980
1.674570
1.774539
1.864306
1.673514
1.522595
1.640980
1.560326
1.582935
1.730522
1.501993
1.807716
1.770606
1.449101
1.567349
1.610651
1.855383
1.583971
1.777897
1.669969
1.797551
1.834632
1.536803
1.720578
1.645368
1.722657
1.602082
1.866929
1.603380
1.599032
1.488527
1.793526
1.475608
1.765201
1.992358
1.488525
1.813599
1.774317
1.757065
1.678014
1.585808
1.803127
1.804388
1.643295
1.407080
1.404972
1.705019
1.596145
1.550832
1.461672
1.353744
1.882201
1.803118
1.641066
1.624535
1.644947
1.784591
1.766706
1.550026
1.818355
1.236347
1.764628
1.658037
1.645964
1.503172
1.478640
1.422096
1.546820
1.593271
1.687775
1.470110
1.796615
1.941686
1.621951
1.544450
1.597246
1.798274
1.635461
1.792299
1.644306
1.779615
1.712620
1.592024
1.878792
1.666354
1.622918
1.555488
1.721766
1.595207
1.563764
1.354581
1.796777
1.540719
1.734723
1.913440
1.505769
1.935019
1.742781
1.742269
1.688783
1.440144
1.765328
1.823215
1.587101
1.439689
1.293252
1.657804
1.808745
1.597291
1.377244
1.328746
1.844861
1.707145
1.592087
1.552327
1.543486
1.761208
1.748475
1.582664
1.877602
1.258783
1.767073
1.623488
1.498909
1.451372
1.464979
1.342405
1.625370
1.633048
1.636250
1.419558
1.737300
2.090581
1.642523
1.374650
1.562416
1.785649
1.703935
1.733301
1.567849
1.742409
1.592594
1.715074
1.882964
1.596542
1.556358
1.617147
1.673400
1.616991
1.496362
1.287516
1.763861
1.712766
1.726085
1.720825
1.456969
1.993168
1.773085
1.644182
1.704301
1.375652
1.876298
1.743880
1.759323
1.514568
1.201751
1.571347
1.883915
1.576375
1.266317
1.217712
1.743839
1.668183
1.713015
1.647990
1.540269
1.726109
1.708121
1.574407
1.795169
1.302043
1.719278
1.613068
1.483337
1.418229
1.469646
1.470365
1.746736
1.564363
1.557263
1.434349
1.749835
2.123980
1.675040
1.279942
1.583547
1.661596
1.717812
1.748622
1.559571
1.766830
1.523869
1.699240
1.708868
1.530180
1.619128
1.640773
1.739472
1.593287
1.530788
1.200791
1.751969
1.858587
1.739237
1.584168
1.407642
1.997899
1.762153
1.572481
1.682953
1.448129
1.928464
1.667726
1.806038
1.517602
1.129502
1.561772
1.859707
1.610129
1.202862
1.083672
1.750888
1.639221
1.865510
1.708607
1.535542
1.778549
1.706217
1.611818
1.557897
1.371612
1.734782
1.528078
1.619577
1.454608
1.418638
1.663219
1.792538
1.542508
1.533224
1.609034
1.733213
2.128983
1.675524
1.360406
1.562906
1.558002
1.768650
1.745650
1.631864
1.777418
1.505329
1.580466
1.631142
1.523673
1.507040
1.643396
1.766165
1.584478
1.567611
1.220637
1.688545
1.956447
1.789994
1.587327
1.357308
1.982727
1.672608
1.540688
1.701748
1.467642
1.799794
1.734888
1.735051
1.595766
1.173791
1.616707
1.930001
1.590848
1.217332
1.129640
1.790247
1.622910
1.880670
1.586999
1.466997
1.865500
1.656903
1.748826
1.390977
1.405926
1.703831
1.440052
1.647186
1.496809
1.363436
1.780130
1.854739
1.622476
1.558975
1.599970
1.739535
2.165506
1.692471
1.463839
1.466805
1.526120
1.857755
1.694906
1.559332
1.695208
1.431014
1.529170
1.654072
1.619428
1.391990
1.658793
1.703819
1.624600
1.538668
1.197274
1.625838
2.018945
1.860389
1.630204
1.386532
1.981174
1.600247
1.513180
1.603863
1.391035
1.669053
1.767124
1.692137
1.665842
1.226272
1.608149
1.834245
1.562230
1.359433
1.214398
1.788414
1.726823
1.925989
1.397681
1.393133
1.756080
1.572267
1.805694
1.385089
1.438846
1.616307
1.437309
1.624300
1.408603
1.374382
1.857886
1.892854
1.674544
1.611546
1.413247
1.630829
1.923839
1.677073
1.463261
1.365344
1.553133
1.889690
1.715579
1.462457
1.570873
1.396782
1.588390
1.647653
1.650086
1.439493
1.717515
1.633557
1.655323
1.532296
1.076425
1.578544
1.923584
1.810791
1.603722
1.413031
1.854942
1.535595
1.427032
1.390388
1.347757
1.617803
1.658130
1.732400
1.626533
1.265543
1.528532
1.742017
1.538977
1.413848
1.221891
1.751576
1.733024
2.007335
1.346924
1.365560
1.614915
1.613853
1.827471
1.328259
1.352843
1.718819
1.547998
1.655763
1.230198
1.366924
1.917185
1.873920
1.555940
1.583661
1.242958
1.548016
1.730475
1.574161
1.469746
1.294377
1.601298
1.945430
1.830430
1.419705
1.478399
1.430898
1.645348
1.643728
1.648994
1.450975
1.701394
1.537584
1.786353
1.608144
1.017831
1.562347
1.896593
1.798041
1.522784
1.457541
1.696022
1.518373
1.447854
1.201157
1.364618
1.651386
1.553297
1.566575
1.566706
1.200816
1.418646
1.605931
1.645629
1.470183
1.248334
1.732543
1.680745
1.935818
1.247566
1.352312
1.698052
1.732520
1.686329
1.239884
1.309729
1.860544
1.625480
1.625197
1.267917
1.326522
1.824828
1.717245
1.612617
1.588831
1.213588
1.617470
1.749255
1.605447
1.497832
1.336404
1.624352
1.951781
1.799265
1.440930
1.441558
1.567463
1.724755
1.756756
1.647011
1.257220
1.669698
1.544946
1.909079
1.695012
1.048893
1.657154
1.948586
1.708203
1.398238
1.547914
1.641946
1.529142
1.496557
1.152196
1.365458
1.631444
1.604977
1.411220
1.621369
1.246761
1.505215
1.566636
1.734113
1.581043
1.332802
1.747955
1.704058
1.753108
1.199168
1.285032
1.641359
1.657458
1.580489
1.268224
1.385197
1.790897
1.671801
1.552165
1.362290
1.226029
1.708644
1.649862
1.609085
1.523334
1.150102
1.501928
1.769421
1.694786
1.449735
1.425442
1.644203
1.911459
1.697915
1.462640
1.431614
1.643171
1.729940
1.775339
1.634924
1.120415
1.596958
1.565286
1.933346
1.545868
1.103957
1.675579
2.032102
1.687565
1.306581
1.616804
1.649156
1.449076
1.531594
1.369731
1.260130
1.678229
1.597086
1.381749
1.633862
1.280688
1.618908
1.614588
1.748121
1.760108
1.448599
1.656992
1.709821
1.693257
1.307442
1.200097
1.574204
1.577731
1.444329
1.276804
1.443151
1.716682
1.708900
1.490190
1.420959
1.159259
1.715166
1.594454
1.570233
1.511196
1.126533
1.365054
1.707126
1.751410
1.353079
1.462013
1.698447
1.898677
1.647557
1.442958
1.355131
1.669396
1.627203
1.724165
1.519011
1.177328
1.554432
1.509840
1.787399
1.454328
1.133977
1.554292
1.972159
1.674940
1.219628
1.596497
1.624482
1.509712
1.486378
1.594136
1.222412
1.681795
1.566094
1.426632
1.621995
1.250155
1.695373
1.670130
1.664284
1.880439
1.364774
1.576362
1.568948
1.603479
1.333289
1.174438
1.556896
1.600094
1.366567
1.182465
1.409344
1.750871
1.748860
1.562205
1.457056
1.119196
1.699286
1.521890
1.555779
1.480630
1.043942
1.401010
1.697490
1.721107
1.372630
1.365251
1.672528
1.876341
1.651964
1.408045
1.271290
1.742123
1.711033
1.735105
1.324693
1.248719
1.539850
1.496625
1.644247
1.483357
1.204418
1.445319
1.897883
1.590710
1.265596
1.459605
1.659819
1.653760
1.457200
1.637777
1.238565
1.642300
1.686083
1.395993
1.567739
1.220910
1.805044
1.663274
1.573270
1.892041
1.287080
1.584248
1.429576
1.455440
1.277038
1.134869
1.587642
1.678591
1.363668
1.112229
1.382566
1.774002
1.763764
1.579469
1.518401
1.165529
1.608352
1.561795
1.646272
1.389920
0.998119
1.569203
1.711649
1.648495
1.462101
1.316187
1.552576
1.874309
1.626878
1.440833
1.167270
1.711023
1.878044
1.804268
1.366616
1.064894
1.653070
1.476606
1.609137
1.484375
1.307358
1.535307
1.821082
1.502391
1.341510
1.373972
1.734128
1.764407
1.517222
1.579768
1.344507
1.518402
1.769255
1.317735
1.501078
1.324815
1.955263
1.663923
1.516636
1.705295
1.254251
1.615123
1.452666
1.380168
1.259868
1.052197
1.695983
1.704946
1.411656
1.156024
1.415833
1.614295
1.822426
1.425179
1.488645
1.191171
1.584444
1.580911
1.680762
1.288467
0.964506
1.665642
1.501495
1.515591
1.482429
1.384735
1.462567
1.750520
1.628053
1.453991
1.158191
1.677798
1.864245
1.730525
1.494188
0.887322
1.672472
1.457327
1.545147
1.359435
1.362334
1.654163
1.661076
1.512839
1.305469
1.319014
1.618285
1.790134
1.575537
1.637572
1.407032
1.595857
1.653483
1.323500
1.389243
1.356693
1.960414
1.696103
1.528678
1.554005
1.258695
1.572053
1.490738
1.492603
1.213305
1.086361
1.694921
1.706912
1.419907
1.248258
1.308827
1.417033
1.807727
1.328985
1.469468
1.204883
1.545527
1.548386
1.658531
1.284393
1.029427
1.764218
1.330547
1.506293
1.439779
1.437615
1.483366
1.608851
1.600539
1.421859
1.197477
1.698462
1.822900
1.599865
1.420730
0.943959
1.604078
1.487682
1.471281
1.362283
1.384680
1.675866
1.494691
1.514456
1.181695
1.311434
1.538348
1.757527
1.632638
1.674802
1.353670
1.730872
1.611227
1.342006
1.261304
1.348390
1.862599
1.773277
1.575524
1.412131
1.267546
1.561350
1.437028
1.523071
1.234536
1.057172
1.698211
1.798118
1.408119
1.325477
1.264843
1.486136
1.836343
1.307454
1.528438
1.144803
1.357492
1.505426
1.548555
1.272336
1.178214
1.840547
1.332659
1.594514
1.349130
1.355155
1.438255
1.519670
1.583766
1.411807
1.148920
1.680127
1.754330
1.579667
1.303175
1.110551
1.647325
1.602444
1.517915
1.401101
1.502221
1.668008
1.461624
1.385732
1.157887
1.242066
1.645443
1.812224
1.662984
1.593677
1.152545
1.707994
1.716058
1.286054
1.257557
1.281334
1.833238
1.696926
1.614637
1.345546
1.273259
1.490338
1.450691
1.511807
1.326713
1.105452
1.537713
1.822400
1.396527
1.343588
1.352232
1.564733
1.923676
1.193994
1.633239
1.091210
1.370555
1.611583
1.550089
1.278862
1.271664
1.852867
1.274082
1.528462
1.290921
1.307377
1.390724
1.496092
1.568728
1.427760
1.048926
1.628732
1.670644
1.558318
1.333621
1.211896
1.772574
1.745048
1.550958
1.444449
1.622089
1.771896
1.283668
1.274994
1.216264
1.210753
1.706707
1.742986
1.622028
1.480644
0.997439
1.611432
1.711572
1.410609
1.266624
1.266269
1.857201
1.686036
1.630057
1.310899
1.248325
1.465754
1.646718
1.506841
1.466618
1.136429
1.439432
1.720597
1.410532
1.338794
1.405749
1.480885
2.001268
1.287456
1.494595
1.169547
1.522439
1.769741
1.523337
1.337463
1.359429
1.692686
1.225804
1.446367
1.331708
1.313563
1.405091
1.506722
1.597553
1.382910
1.128194
1.592160
1.488127
1.493871
1.375269
1.195988
1.827316
1.870664
1.457139
1.382227
1.709420
1.807014
1.181815
1.220864
1.345926
1.115146
1.628782
1.584148
1.522595
1.395873
0.988252
1.697017
1.593790
1.490572
1.205308
1.162865
1.858519
1.743309
1.646182
1.246930
1.248484
1.502567
1.728148
1.478351
1.573974
1.213161
1.566066
1.688709
1.364727
1.249837
1.294885
1.418477
1.969588
1.473573
1.396410
1.287022
1.600509
1.799152
1.448817
1.348181
1.433133
1.651951
1.282447
1.382568
1.440490
1.270820
1.528932
1.506234
1.562720
1.368233
1.278578
1.659115
1.494724
1.425525
1.277580
1.119454
1.824310
1.876718
1.397860
1.327151
1.756264
1.797713
1.134135
1.253860
1.410075
1.031418
1.643370
1.546751
1.485311
1.248451
1.110603
1.737862
1.543097
1.468179
1.171339
1.117584
1.939895
1.692111
1.614158
1.195955
1.340714
1.614494
1.774578
1.419918
1.634916
1.361892
1.740185
1.784683
1.331572
1.368628
1.227461
1.424268
1.808002
1.580230
1.406860
1.210186
1.547231
1.839066
1.454210
1.320469
1.367985
1.623399
1.289892
1.270133
1.533911
1.138153
1.538176
1.436646
1.480149
1.430914
1.294440
1.782501
1.584982
1.386799
1.267456
1.066993
1.771594
1.796672
1.438961
1.303181
1.682465
1.777081
1.083544
1.385841
1.330899
0.920411
1.671574
1.679425
1.457519
1.185058
1.173749
1.657091
1.599628
1.499627
1.200120
1.150150
1.886557
1.634018
1.456804
1.207841
1.404298
1.700954
1.653141
1.456769
1.613194
1.479230
1.677584
1.784787
1.359282
1.592284
1.237740
1.333750
1.776902
1.501345
1.386881
1.063347
1.594766
1.885114
1.490123
1.253361
1.232660
1.565044
1.288918
1.232187
1.518767
1.084075
1.539441
1.396920
1.382979
1.515618
1.207648
1.789786
1.671284
1.322536
1.372084
1.129258
1.605854
1.701960
1.474457
1.254236
1.505376
1.808098
1.070753
1.471184
1.257672
0.929679
1.710782
1.760579
1.480173
1.182635
1.280172
1.554190
1.597429
1.571847
1.311262
1.139214
1.732103
1.580311
1.371740
1.259876
1.400741
1.650046
1.618295
1.548646
1.599440
1.491805
1.637044
1.700303
1.505953
1.596280
1.318219
1.305151
1.749484
1.524074
1.380579
1.034027
1.698162
1.829055
1.597553
1.251638
1.137035
1.544669
1.400876
1.377571
1.474389
1.104607
1.651848
1.365453
1.344396
1.573493
1.215019
1.760596
1.714246
1.207415
1.347442
1.265738
1.574730
1.669186
1.474045
1.219207
1.396369
1.733173
1.271940
1.404973
1.299742
1.009932
1.606333
1.710473
1.460507
1.355768
1.296218
1.553386
1.714301
1.587476
1.319866
1.041950
1.538206
1.617254
1.335674
1.344564
1.308578
1.645224
1.589804
1.635078
1.525979
1.355375
1.653056
1.606597
1.688340
1.543107
1.291379
1.390435
1.701830
1.599248
1.443297
1.053359
1.692856
1.717750
1.608176
1.194627
1.158934
1.519364
1.569604
1.636425
1.499845
1.090122
1.684314
1.364699
1.383760
1.602821
1.310835
1.745414
1.711993
1.129504
1.186413
1.300211
1.638256
1.735779
1.498685
1.325467
1.389709
1.637326
1.539701
1.312641
1.431806
1.124298
1.539138
1.696001
1.560103
1.518570
1.299266
1.538095
1.801225
1.510200
1.386026
0.994919
1.376152
1.728960
1.245479
1.458853
1.307214
1.692194
1.555691
1.713364
1.508142
1.207922
1.625910
1.552893
1.706344
1.660006
1.298454
1.561897
1.707468
1.652760
1.378458
1.155092
1.706506
1.718317
1.592586
1.172787
1.199531
1.480112
1.578792
1.745763
1.508820
0.992885
1.540875
1.342192
1.426038
1.579206
1.290971
1.676039
1.629454
1.279095
1.156217
1.292937
1.571576
1.737783
1.513631
1.387157
1.331177
1.504339
1.617685
1.232708
1.424383
1.124623
1.421093
1.674409
1.633479
1.523349
1.334640
1.466220
1.790077
1.480234
1.456255
1.051512
1.247805
1.720890
1.243846
1.507245
1.420815
1.655088
1.554603
1.586426
1.434523
1.112800
1.518960
1.399963
1.750194
1.727577
1.268547
1.623474
1.709517
1.574895
1.268793
1.263647
1.863570
1.734806
1.517954
1.303840
1.146374
1.496623
1.549195
1.667557
1.458934
0.941125
1.599908
1.431660
1.499862
1.438151
1.242275
1.553267
1.619602
1.450551
1.254913
1.274087
1.594541
1.728965
1.516266
1.366044
1.204559
1.411951
1.660013
1.208314
1.310576
1.198696
1.310063
1.610717
1.591120
1.386887
1.409745
1.427622
1.690082
1.513643
1.400346
1.114425
1.171178
1.591270
1.437000
1.458030
1.507330
1.568049
1.558336
1.484175
1.389493
1.094115
1.512405
1.444924
1.836701
1.641519
1.293351
1.639173
1.555375
1.470164
1.232102
1.329089
1.813080
1.638702
1.469280
1.419333
1.202381
1.551292
1.626224
1.785368
1.380526
1.011141
1.742266
1.581308
1.518706
1.271673
1.253684
1.534130
1.614966
1.540847
1.292029
1.249330
1.700921
1.691350
1.471685
1.373130
1.151644
1.436223
1.770583
1.281237
1.437696
1.322537
1.172962
1.496505
1.479210
1.343035
1.432731
1.397623
1.695279
1.538813
1.387462
1.087024
1.126798
1.546697
1.630976
1.382073
1.398648
1.569711
1.645736
1.482467
1.295848
1.033400
1.445793
1.651616
1.824660
1.670172
1.288191
1.608617
1.473825
1.507148
1.240797
1.248262
1.719552
1.498022
1.485211
1.440469
1.354780
1.615230
1.545340
1.865687
1.307915
1.007565
1.802482
1.739733
1.469749
1.300964
1.236024
1.602966
1.631692
1.510226
1.305336
1.274555
1.584052
1.684947
1.498257
1.359370
1.194088
1.575966
1.836042
1.388753
1.569870
1.384311
1.232206
1.438839
1.422925
1.398287
1.444254
1.459420
1.699343
1.557600
1.481995
1.210985
1.164538
1.562790
1.535485
1.348897
1.266580
1.547176
1.714476
1.560974
1.255767
1.045564
1.432553
1.688630
1.806031
1.632923
1.342514
1.535605
1.537503
1.568061
1.260362
1.134316
1.718273
1.492687
1.493430
1.516215
1.419536
1.633336
1.494894
1.829965
1.317536
0.964610
1.745585
1.772607
1.437468
1.432421
1.181523
1.643032
1.601049
1.560633
1.344453
1.336796
1.455692
1.593256
1.619370
1.295193
1.206260
1.607298
1.839736
1.496232
1.550749
1.365886
1.267989
1.475424
1.435063
1.527600
1.371436
1.616056
1.579661
1.506059
1.520885
1.353203
1.189939
1.570947
1.531163
1.437183
1.213080
1.522445
1.713800
1.564689
1.340771
1.179216
1.520192
1.501136
1.840002
1.451813
1.312111
1.511691
1.542713
1.665856
1.283050
1.154671
1.756436
1.462751
1.448123
1.627778
1.370393
1.606921
1.570477
1.797099
1.425708
1.035309
1.665368
1.742772
1.454136
1.526741
1.179805
1.740141
1.530880
1.690748
1.413900
1.480667
1.485867
1.597237
1.711057
1.218470
1.204457
1.504845
1.937348
1.546173
1.452668
1.308370
1.338100
1.622449
1.495607
1.555563
1.333369
1.699809
1.588786
1.503398
1.458203
1.307309
1.303594
1.629200
1.671938
1.461479
1.191112
1.591901
1.713475
1.507562
1.545607
1.337032
1.576268
1.489130
1.878918
1.408766
1.317902
1.441835
1.432614
1.731735
1.227158
1.183184
1.680672
1.465436
1.431670
1.646844
1.315286
1.569746
1.725308
1.768839
1.467992
1.236321
1.589929
1.713686
1.491312
1.508878
1.274914
1.757398
1.496117
1.713400
1.546635
1.526162
1.688348
1.601913
1.799835
1.336827
1.234538
1.382853
1.962598
1.530801
1.482368
1.323258
1.306821
1.703084
1.499240
1.492938
1.317453
1.696549
1.717408
1.541776
1.508838
1.266291
1.490639
1.762602
1.784292
1.456842
1.148538
1.714535
1.769943
1.484329
1.630377
1.362660
1.599802
1.682957
1.819785
1.526305
1.313209
1.493289
1.468793
1.688328
1.259794
1.195775
1.654926
1.581178
1.431648
1.517099
1.347678
1.554266
1.716849
1.690847
1.486779
1.355518
1.607764
1.819576
1.595866
1.484635
1.389562
1.618922
1.498837
1.715690
1.705183
1.567857
1.676812
1.501369
1.831489
1.577105
1.298161
1.365344
1.815510
1.468415
1.477755
1.346002
1.369158
1.676449
1.458480
1.461244
1.337032
1.786217
1.707379
1.579345
1.600458
1.317688
1.589957
1.782139
1.700795
1.440362
1.217836
1.661144
1.718921
1.436830
1.593389
1.384917
1.522183
1.791340
1.706584
1.544580
1.284613
1.602376
1.620183
1.687430
1.246592
1.358542
1.669203
1.643967
1.454533
1.484487
1.360748
1.659543
1.722615
1.721326
1.550417
1.386760
1.639567
1.902487
1.727224
1.520822
1.428216
1.511913
1.570445
1.830910
1.658962
1.578041
1.547464
1.458471
1.640825
1.720112
1.335547
1.533683
1.652369
1.478444
1.396127
1.402909
1.409787
1.651719
1.513240
1.453813
1.419406
1.912115
1.709623
1.529300
1.482692
1.383630
1.640409
1.628310
1.678988
1.488598
1.277639
1.656407
1.776021
1.322998
1.454826
1.385514
1.532424
1.668322
1.666460
1.413930
1.229918
1.672979
1.682918
1.774649
1.215057
1.392548
1.665853
1.574247
1.588065
1.624103
1.373074
1.776777
1.755114
1.674895
1.526808
1.477049
1.625986
1.940182
1.761772
1.639089
1.464675
1.530569
1.554715
1.929977
1.685667
1.500170
1.573151
1.524124
1.506759
1.666491
1.373260
1.625667
1.717821
1.630630
1.285548
1.456176
1.572961
1.661956
1.608557
1.439714
1.458096
1.868854
1.717128
1.479694
1.346608
1.330697
1.641222
1.504340
1.686987
1.523702
1.257944
1.609532
1.871503
1.367353
1.402523
1.432157
1.592727
1.697392
1.655574
1.354962
1.246498
1.652679
1.686334
1.810488
1.264333
1.302288
1.605491
1.509873
1.640602
1.647724
1.389702
1.825817
1.711154
1.530039
1.310119
1.529205
1.529713
1.862485
1.680001
1.684938
1.516515
1.655895
1.427366
1.811965
1.694520
1.383685
1.571137
1.685316
1.483408
1.567218
1.347040
1.740540
1.699840
1.741385
1.339336
1.361067
1.704522
1.604121
1.649848
1.441349
1.390128
1.815934
1.692835
1.534820
1.353989
1.330749
1.606304
1.529065
1.652339
1.587351
1.349054
1.636562
1.935392
1.493818
1.408968
1.468442
1.595521
1.754818
1.504099
1.396006
1.213257
1.630539
1.746814
1.817878
1.418447
1.262889
1.550230
1.532858
1.716929
1.680826
1.442569
1.756480
1.592777
1.409986
1.260256
1.451157
1.592732
1.812580
1.729255
1.710555
1.474854
1.659012
1.441419
1.735883
1.660381
1.443331
1.472219
1.771246
1.554094
1.473565
1.334178
1.728695
1.578701
1.694088
1.389275
1.238439
1.837709
1.496599
1.696391
1.444422
1.360395
1.837611
1.688465
1.654285
1.389304
1.380639
1.567742
1.558282
1.593314
1.693893
1.500242
1.608229
1.844914
1.510351
1.465689
1.485230
1.595933
1.685319
1.510798
1.313602
1.241622
1.669548
1.834920
1.768408
1.538503
1.351399
1.531797
1.556647
1.724297
1.652431
1.451957
1.736082
1.736122
1.414211
1.399346
1.330170
1.636081
1.756784
1.914763
1.612076
1.454771
1.552883
1.698965
1.802310
1.601295
1.445795
1.531364
1.823740
1.621871
1.453532
1.357426
1.668546
1.589039
1.721207
1.458347
1.312274
1.956824
1.557220
1.896290
1.556440
1.436177
1.709631
1.808084
1.683626
1.378507
1.493886
1.692914
1.501666
1.621529
1.630873
1.570145
1.657772
1.795675
1.500309
1.427056
1.521738
1.673784
1.649874
1.516887
1.405025
1.326795
1.743855
1.869142
1.728945
1.583228
1.438745
1.554802
1.601053
1.761157
1.689761
1.467009
1.769581
1.839439
1.483759
1.501600
1.375209
1.669710
1.645821
1.943375
1.528570
1.504482
1.603407
1.859916
1.872022
1.605316
1.454564
1.663307
1.853296
1.621608
1.436145
1.378811
1.620351
1.589386
1.787930
1.553532
1.527975
2.067653
1.685473
1.926242
1.717001
1.438011
1.583688
1.856444
1.686493
1.369557
1.543205
1.827010
1.600430
1.714568
1.475866
1.579701
1.784570
1.831819
1.580117
1.473625
1.473480
1.689277
1.700718
1.516983
1.608488
1.392286
1.773384
1.790087
1.705630
1.552575
1.577520
1.656547
1.624581
1.744492
1.672888
1.550719
1.666002
1.749902
1.507750
1.223773
1.455279
1.757361
1.600777
1.784824
1.442485
1.564854
1.691905
1.828985
1.751689
1.674001
1.289610
1.623360
1.748828
1.627872
1.459114
1.390085
1.724330
1.463016
1.759129
1.681210
1.527080
1.974714
1.695960
1.906965
1.659057
1.339242
1.607202
1.704552
1.743047
1.412687
1.608891
1.811701
1.805019
1.775073
1.475751
1.624556
1.869972
1.841261
1.614235
1.610511
1.442739
1.705292
1.765618
1.443632
1.568003
1.417460
1.865969
1.720136
1.744130
1.588364
1.682424
1.681936
1.670123
1.771983
1.660545
1.561942
1.616538
1.664996
1.592802
1.180620
1.501923
1.910184
1.655286
1.589877
1.393037
1.551811
1.741598
1.779663
1.618359
1.623523
1.268091
1.501207
1.631592
1.566372
1.594116
1.471786
1.770847
1.496941
1.800438
1.742585
1.423789
1.845174
1.743991
1.846336
1.533480
1.253457
1.731483
1.693307
1.800162
1.424414
1.572141
1.717454
1.867208
1.779715
1.610238
1.599260
1.812746
1.744025
1.625193
1.678468
1.492124
1.664684
1.806248
1.426038
1.515309
1.527871
1.883345
1.694529
1.771616
1.749172
1.676473
1.632068
1.811229
1.849569
1.632362
1.536835
1.726463
1.678758
1.792524
1.357370
1.440868
1.917817
1.683826
1.540626
1.446743
1.519642
1.865007
1.746063
1.610478
1.581320
1.305794
1.516561
1.656028
1.539693
1.638481
1.583121
1.704883
1.662882
1.838795
1.708593
1.472049
1.820319
1.905159
1.878001
1.567660
1.330187
1.679858
1.834771
1.785181
1.441033
1.542870
1.678257
1.802575
1.852801
1.661233
1.534831
1.833795
1.704178
1.717421
1.665660
1.454481
1.713747
1.809223
1.458039
1.579461
1.632693
1.806545
1.713185
1.745017
1.886851
1.611258
1.668518
1.959994
1.946552
1.657848
1.578214
1.720757
1.591954
1.784798
1.602993
1.438663
1.876540
1.687222
1.575075
1.510565
1.591861
1.833045
1.616184
1.597139
1.691855
1.314140
1.544557
1.728747
1.721221
1.506835
1.612953
1.670196
1.685784
1.800743
1.723185
1.535842
1.819309
1.973145
1.854061
1.652411
1.402243
1.664490
1.919974
1.742980
1.526843
1.491240
1.631424
1.807829
1.879988
1.721593
1.487550
1.800361
1.756351
1.869080
1.631402
1.330647
1.799024
1.720486
1.514040
1.679668
1.621959
1.841891
1.687773
1.836110
1.954913
1.547455
1.756078
1.954229
1.896642
1.658424
1.659252
1.681015
1.508796
1.603897
1.605199
1.585470
1.884016
1.662698
1.642069
1.455393
1.640624
1.743818
1.616240
1.526789
1.707438
1.251920
1.652812
1.797158
1.893491
1.468608
1.610216
1.681261
1.642109
1.706259
1.801716
1.431340
1.682312
1.891993
1.836532
1.622085
1.394558
1.782330
1.837952
1.779915
1.518227
1.527088
1.563666
1.784315
1.835239
1.741389
1.469357
1.864170
1.738014
1.857621
1.572502
1.286897
1.928651
1.633161
1.582441
1.724170
1.552819
1.827024
1.643098
1.847977
1.896028
1.519176
1.671957
1.856654
1.745087
1.665167
1.579794
1.684977
1.622364
1.648935
1.625031
1.613159
1.883918
1.787683
1.791921
1.473285
1.583832
1.641276
1.728929
1.422846
1.574209
1.338140
1.750955
1.685836
1.853754
1.639684
1.600429
1.632560
1.722661
1.764899
1.877639
1.306660
1.564948
1.795980
1.825561
1.643401
1.378936
1.838093
1.856933
1.750031
1.555391
1.537383
1.625504
1.706233
1.691394
1.731677
1.467886
1.844467
1.681942
1.781384
1.524965
1.345292
1.971894
1.621511
1.644643
1.767820
1.611122
1.745565
1.657450
1.758643
1.800059
1.545884
1.644413
1.864991
1.712890
1.590479
1.532799
1.655252
1.799205
1.792972
1.635451
1.510560
1.724278
1.902078
1.758627
1.528043
1.484320
1.615915
1.715459
1.461911
1.573843
1.461348
1.721391
1.680469
1.736776
1.733656
1.557522
1.660086
1.795768
1.833108
1.819269
1.368791
1.615001
1.831870
1.894364
1.634281
1.476576
1.799606
1.792882
1.706930
1.682452
1.572498
1.708844
1.589649
1.565816
1.665195
1.419875
1.770894
1.713483
1.726739
1.499993
1.435807
1.895644
1.658128
1.666679
1.777455
1.646698
1.687558
1.740977
1.652735
1.783016
1.602251
1.684385
1.951762
1.713848
1.492106
1.438304
1.672002
1.870929
1.844631
1.521539
1.495497
1.687321
1.929467
1.699260
1.537859
1.498194
1.530922
1.621360
1.506010
1.618888
1.520759
1.676036
1.708894
1.711177
1.661988
1.459826
1.766715
1.749585
1.827399
1.730351
1.535189
1.583845
1.760247
1.871679
1.691259
1.586923
1.797948
1.553330
1.727047
1.783592
1.697598
1.707027
1.561027
1.556424
1.691736
1.434038
1.777772
1.803047
1.753939
1.489859
1.395134
1.767366
1.691197
1.735306
1.658069
1.632993
1.770472
1.802401
1.648610
1.704053
1.678689
1.744151
1.987136
1.640062
1.462347
1.369184
1.812444
1.980180
1.867029
1.439474
1.604457
1.688252
1.957141
1.734301
1.576916
1.459012
1.520879
1.640235
1.552397
1.608167
1.457890
1.730388
1.774899
1.684288
1.715442
1.499148
1.809652
1.800451
1.820295
1.715233
1.505957
1.582084
1.665060
1.852764
1.684719
1.681880
1.813701
1.353439
1.831430
1.749874
1.728337
1.705878
1.696620
1.572464
1.652793
1.463434
1.833992
1.808097
1.796058
1.491495
1.384766
1.754349
1.679839
1.777237
1.584032
1.656712
1.761819
1.736961
1.705914
1.587693
1.622330
1.652669
1.889927
1.597796
1.419086
1.361624
1.976639
2.042892
1.916578
1.618196
1.628015
1.575359
1.906402
1.832836
1.595477
1.467484
1.544565
1.800163
1.653080
1.487654
1.500059
1.886734
1.906537
1.673706
1.812934
1.626444
1.752002
1.863989
1.900291
1.671315
1.383668
1.600287
1.715901
1.810596
1.665283
1.762137
1.879021
1.347750
1.928177
1.640379
1.629314
1.810097
1.802344
1.547854
1.562934
1.527098
1.716797
1.726823
1.950391
1.506714
1.512603
1.891336
1.613404
1.796058
1.595672
1.736936
1.666085
1.725316
1.674629
1.573256
1.478955
1.623385
1.864599
1.656376
1.398120
1.422904
1.837713
2.005189
1.887616
1.788834
1.561652
1.552447
1.925992
1.850841
1.579592
1.406700
1.552764
1.716204
1.794435
1.496293
1.535691
1.963991
1.927627
1.772818
1.789020
1.672475
1.662650
1.834260
1.810273
1.620198
1.347624
1.701156
1.836269
1.770423
1.608172
1.658067
1.919717
1.411510
1.841742
1.569686
1.500008
1.734107
1.824021
1.674585
1.438353
1.626486
1.623648
1.718239
1.942626
1.517561
1.601954
1.897746
1.620725
1.817822
1.530793
1.657581
1.580869
1.739497
1.570069
1.490169
1.452151
1.636251
1.847365
1.687188
1.459052
1.446050
1.644913
2.046388
1.789754
1.817949
1.487354
1.623856
1.941687
1.820881
1.540218
1.363800
1.506941
1.622765
1.860283
1.623629
1.502788
1.976191
1.874019
1.947091
1.661991
1.547306
1.707486
