# G_2, p = 0.4000 GPa (dir_4000.0_bar).
# D8R-only: 24 rings x 101 frames = 2424 samples.
# Column: per-D8R Delta [A]
0.114525
0.139912
0.114443
0.139838
0.114297
0.139911
0.114304
0.139950
0.114553
0.139593
0.114268
0.139444
0.114219
0.139499
0.114442
0.139670
0.114420
0.139940
0.114384
0.139734
0.114398
0.139765
0.114358
0.139925
0.244838
0.126168
0.179140
0.215116
0.082553
0.217512
0.200072
0.211401
0.107412
0.269110
0.077705
0.097810
0.212007
0.169169
0.105444
0.188858
0.112845
0.150030
0.284260
0.045732
0.068335
0.057795
0.104641
0.088418
0.209969
0.214188
0.155791
0.302780
0.163078
0.225273
0.235826
0.321828
0.167823
0.379582
0.168449
0.169422
0.202683
0.262657
0.156874
0.246456
0.172143
0.177764
0.325810
0.132552
0.160166
0.062848
0.099390
0.041638
0.193619
0.317027
0.146902
0.456153
0.335818
0.197638
0.277338
0.362958
0.287118
0.398550
0.192316
0.155953
0.321723
0.345291
0.212166
0.269765
0.320533
0.290974
0.293859
0.178718
0.199555
0.148450
0.170711
0.142517
0.282251
0.297350
0.205210
0.681495
0.429983
0.142888
0.385819
0.279061
0.287008
0.294498
0.297806
0.154922
0.222280
0.353809
0.176548
0.234143
0.199796
0.270085
0.363898
0.267499
0.153445
0.158012
0.138729
0.094589
0.430563
0.165140
0.243187
0.701095
0.366234
0.077979
0.447105
0.180639
0.190609
0.319225
0.247927
0.138453
0.254442
0.230104
0.160332
0.230218
0.118774
0.186694
0.497910
0.291684
0.161755
0.152810
0.119951
0.056686
0.364065
0.074765
0.291268
0.585878
0.348119
0.106121
0.341499
0.158678
0.210839
0.450502
0.115702
0.315623
0.167557
0.111827
0.230768
0.412256
0.034039
0.091512
0.510558
0.206473
0.280471
0.123696
0.197522
0.112696
0.290471
0.147094
0.195592
0.524397
0.376341
0.116681
0.321374
0.132890
0.325139
0.543309
0.117673
0.356722
0.041584
0.120858
0.226913
0.636383
0.051726
0.095120
0.418213
0.200918
0.396045
0.123782
0.307021
0.172805
0.313062
0.263510
0.074208
0.510550
0.348747
0.073034
0.364392
0.058059
0.292364
0.494614
0.190993
0.233934
0.169548
0.201418
0.214952
0.629142
0.019699
0.203940
0.444448
0.190230
0.393413
0.140097
0.387892
0.380943
0.515565
0.260222
0.071884
0.490433
0.199909
0.121493
0.403020
0.129699
0.189785
0.461246
0.211746
0.295434
0.296885
0.228359
0.087162
0.438167
0.067269
0.301510
0.494618
0.194689
0.422428
0.198707
0.300957
0.534118
0.473976
0.213881
0.067124
0.463183
0.168847
0.215485
0.311796
0.274308
0.088793
0.388906
0.214193
0.321044
0.291878
0.294217
0.008684
0.255972
0.059633
0.319276
0.373943
0.226606
0.370487
0.222698
0.206309
0.402745
0.378754
0.197667
0.128382
0.475613
0.172212
0.169906
0.285807
0.291986
0.072360
0.322011
0.221735
0.218125
0.263969
0.293141
0.059869
0.223368
0.021038
0.317983
0.122633
0.238697
0.230044
0.171907
0.205544
0.242880
0.281677
0.146596
0.268309
0.423389
0.124396
0.298522
0.361192
0.206653
0.168835
0.228948
0.300213
0.144593
0.194982
0.214417
0.134912
0.178498
0.076658
0.325148
0.080159
0.166841
0.193288
0.140781
0.257903
0.194787
0.207731
0.154799
0.348166
0.241901
0.019643
0.235814
0.362438
0.259865
0.177963
0.198942
0.328238
0.078662
0.235492
0.095007
0.073395
0.159169
0.133144
0.260374
0.103903
0.119208
0.178361
0.142991
0.210532
0.225236
0.056090
0.283667
0.265198
0.097963
0.160037
0.096412
0.331823
0.303471
0.134478
0.174183
0.257143
0.113452
0.317096
0.175308
0.010866
0.276483
0.118273
0.341891
0.097527
0.140696
0.162756
0.108018
0.201291
0.301339
0.268460
0.330760
0.220218
0.102399
0.264198
0.080688
0.347891
0.231392
0.039229
0.083964
0.187525
0.232905
0.300118
0.217638
0.066354
0.241681
0.150855
0.405306
0.135869
0.188801
0.321782
0.007949
0.273474
0.178909
0.366682
0.306001
0.212140
0.187938
0.284644
0.139165
0.308080
0.229802
0.219974
0.100082
0.093931
0.444246
0.169938
0.145127
0.052394
0.212543
0.140840
0.422474
0.160401
0.163483
0.321834
0.098084
0.224502
0.091003
0.368708
0.295212
0.150221
0.062509
0.274292
0.215273
0.217301
0.183030
0.179629
0.256910
0.080438
0.593235
0.139040
0.064459
0.114900
0.123202
0.120933
0.368726
0.122827
0.085701
0.302991
0.186946
0.081700
0.067879
0.472075
0.268781
0.048953
0.134776
0.280569
0.176790
0.222609
0.059671
0.216045
0.273788
0.036801
0.575463
0.080965
0.099298
0.212765
0.130573
0.220765
0.251273
0.060441
0.148573
0.422630
0.152703
0.076790
0.033943
0.468243
0.298842
0.076367
0.209718
0.293288
0.086792
0.305664
0.050339
0.324676
0.162992
0.148577
0.512539
0.049605
0.152032
0.228327
0.069337
0.316022
0.204302
0.099438
0.176211
0.411359
0.067210
0.123009
0.156749
0.494238
0.250915
0.121903
0.191204
0.282903
0.054208
0.343291
0.129261
0.322026
0.155512
0.314548
0.575546
0.031536
0.209164
0.096120
0.108778
0.462946
0.188818
0.063753
0.097305
0.169842
0.095075
0.167407
0.057667
0.539607
0.252645
0.138402
0.192711
0.276217
0.072847
0.270089
0.142873
0.282454
0.172377
0.343924
0.593775
0.187454
0.232452
0.097736
0.110121
0.467920
0.029038
0.094737
0.089397
0.041041
0.181040
0.186163
0.059378
0.620439
0.292959
0.065421
0.324546
0.196116
0.061133
0.288552
0.174334
0.243334
0.139218
0.192039
0.454157
0.290852
0.223370
0.090880
0.151498
0.319738
0.158337
0.219117
0.142091
0.062310
0.253549
0.165647
0.109590
0.435847
0.357601
0.135547
0.485510
0.101716
0.094845
0.308692
0.208670
0.197048
0.104905
0.183538
0.192660
0.233762
0.115438
0.030674
0.192288
0.191425
0.310912
0.143351
0.181443
0.012396
0.295139
0.080726
0.233282
0.216040
0.321785
0.133747
0.535261
0.115856
0.130371
0.237941
0.246214
0.125448
0.150897
0.276563
0.306671
0.030992
0.139446
0.123385
0.200811
0.131372
0.433126
0.108067
0.100803
0.085568
0.282265
0.141043
0.084317
0.160115
0.241546
0.125932
0.436985
0.109869
0.151047
0.087472
0.373533
0.216266
0.164432
0.209662
0.357719
0.099310
0.214401
0.097318
0.285643
0.119724
0.497535
0.093500
0.070976
0.140862
0.270899
0.207251
0.071184
0.124779
0.165745
0.231375
0.300793
0.045618
0.192412
0.084147
0.422134
0.213007
0.114178
0.069338
0.320031
0.090361
0.240111
0.032151
0.232738
0.092200
0.472438
0.083150
0.160129
0.106870
0.221463
0.350490
0.199717
0.116285
0.091780
0.292761
0.159297
0.085309
0.184359
0.195905
0.385927
0.166189
0.084064
0.028015
0.361186
0.083071
0.108747
0.110382
0.211117
0.032204
0.341789
0.144354
0.098940
0.070825
0.099382
0.397386
0.094215
0.290467
0.176803
0.246645
0.018402
0.223907
0.072976
0.210971
0.262999
0.218569
0.098556
0.101174
0.337240
0.101498
0.093495
0.165231
0.179444
0.036964
0.256706
0.145268
0.066822
0.060724
0.149958
0.319860
0.156517
0.400567
0.285107
0.292540
0.088832
0.194956
0.011853
0.310709
0.253625
0.172990
0.174922
0.156103
0.260454
0.169540
0.085987
0.153106
0.124351
0.062464
0.181409
0.138998
0.185286
0.050479
0.176040
0.257595
0.250835
0.482655
0.360313
0.375033
0.059914
0.259020
0.095431
0.388624
0.177674
0.087518
0.229736
0.197641
0.305552
0.165263
0.041914
0.125965
0.100042
0.183251
0.168852
0.166340
0.264058
0.106450
0.199751
0.359769
0.133165
0.611931
0.455649
0.326485
0.081144
0.357991
0.261126
0.357987
0.083652
0.147345
0.244128
0.199955
0.421842
0.169469
0.126970
0.036256
0.098485
0.248279
0.124254
0.110271
0.298501
0.084404
0.193758
0.252272
0.203858
0.562883
0.549929
0.295154
0.069014
0.412386
0.307787
0.250858
0.051141
0.248501
0.279419
0.096084
0.593506
0.156843
0.139389
0.106932
0.152803
0.194326
0.133251
0.074773
0.301570
0.083135
0.220427
0.054978
0.211250
0.325224
0.533609
0.144298
0.103098
0.455807
0.180671
0.203039
0.131489
0.330347
0.187469
0.040802
0.620592
0.236544
0.122300
0.186868
0.137779
0.165328
0.090078
0.199105
0.304924
0.128629
0.187814
0.067275
0.121275
0.209071
0.501351
0.079467
0.181639
0.437668
0.122504
0.044245
0.121516
0.305042
0.177008
0.144518
0.561114
0.284943
0.128776
0.288939
0.063608
0.232554
0.242616
0.198265
0.255753
0.178686
0.178429
0.099808
0.152050
0.193437
0.574135
0.265311
0.190178
0.337749
0.103362
0.119385
0.236839
0.280435
0.103878
0.175087
0.482073
0.179952
0.230977
0.347471
0.219156
0.258498
0.267381
0.121600
0.254655
0.190263
0.101985
0.176583
0.085017
0.142156
0.601646
0.278192
0.282543
0.206522
0.083480
0.183238
0.326512
0.333032
0.011529
0.244865
0.411942
0.145089
0.258445
0.304282
0.127866
0.217221
0.246889
0.069549
0.277373
0.162230
0.153934
0.207867
0.138207
0.170898
0.431805
0.298457
0.343274
0.160734
0.130261
0.240828
0.337348
0.341494
0.058126
0.249215
0.358871
0.190914
0.228567
0.232109
0.040665
0.221563
0.256650
0.114061
0.245692
0.155992
0.228229
0.051479
0.298692
0.253629
0.270553
0.421322
0.189103
0.165682
0.116976
0.346384
0.312931
0.244513
0.099551
0.164455
0.325783
0.204571
0.218939
0.307494
0.079203
0.249123
0.148100
0.069790
0.143358
0.202165
0.262516
0.117689
0.201997
0.395160
0.282436
0.474726
0.040015
0.198344
0.128707
0.438872
0.407248
0.175625
0.058037
0.100035
0.256745
0.286789
0.306757
0.383373
0.221619
0.228583
0.251677
0.168185
0.101974
0.265526
0.315345
0.146024
0.159652
0.377365
0.328962
0.519892
0.041369
0.257644
0.134021
0.447628
0.615787
0.204588
0.202249
0.068011
0.211704
0.421527
0.382763
0.297994
0.107240
0.257592
0.237626
0.232566
0.187873
0.266134
0.325045
0.207220
0.209653
0.343526
0.245063
0.583307
0.063192
0.168774
0.067959
0.408295
0.666528
0.145924
0.175728
0.104657
0.166245
0.453056
0.361941
0.108272
0.102421
0.268209
0.234238
0.238298
0.253397
0.176933
0.293982
0.276199
0.192078
0.349269
0.084542
0.594920
0.106980
0.069141
0.003139
0.311129
0.470449
0.031780
0.162665
0.162728
0.279335
0.385883
0.276337
0.044988
0.069148
0.387220
0.315572
0.301859
0.206982
0.102898
0.292113
0.354153
0.211997
0.417174
0.091807
0.419574
0.202115
0.173483
0.078415
0.249397
0.314335
0.071777
0.297571
0.229248
0.379002
0.312183
0.339479
0.113066
0.072288
0.389233
0.349479
0.447930
0.220859
0.225316
0.354361
0.465720
0.338446
0.376682
0.189956
0.258400
0.246579
0.313042
0.216067
0.258914
0.272120
0.123972
0.472947
0.247067
0.224785
0.284885
0.426065
0.202829
0.095637
0.267081
0.308637
0.440941
0.241778
0.220976
0.272917
0.581053
0.521887
0.383853
0.193420
0.295653
0.435191
0.211907
0.315720
0.169026
0.392016
0.261599
0.571940
0.228544
0.200908
0.239570
0.458827
0.246078
0.266350
0.155612
0.284993
0.353809
0.144226
0.149010
0.174846
0.636289
0.567211
0.274452
0.196410
0.378433
0.475648
0.018091
0.298750
0.259005
0.426964
0.258193
0.628051
0.159949
0.122872
0.186735
0.338415
0.166771
0.448632
0.113192
0.288986
0.337017
0.156801
0.121197
0.204044
0.591607
0.444190
0.237367
0.191326
0.506554
0.385113
0.178364
0.503500
0.230833
0.354810
0.141027
0.601872
0.112679
0.102580
0.128895
0.190043
0.047097
0.459437
0.081183
0.248868
0.380514
0.115901
0.096829
0.196608
0.442668
0.343150
0.143674
0.177994
0.571034
0.353661
0.214486
0.654417
0.154598
0.311046
0.162823
0.525010
0.200179
0.206032
0.227311
0.115009
0.032956
0.470559
0.036644
0.155096
0.317313
0.076131
0.077484
0.205276
0.309087
0.366488
0.216630
0.102381
0.522454
0.381041
0.202217
0.618709
0.202246
0.311724
0.143526
0.453546
0.175470
0.222769
0.225842
0.166634
0.025483
0.495516
0.029585
0.166495
0.184212
0.142937
0.071274
0.216173
0.142751
0.458469
0.297170
0.023050
0.498315
0.350980
0.218712
0.625158
0.394537
0.329731
0.104749
0.510862
0.216460
0.138445
0.153329
0.195301
0.066035
0.444674
0.067082
0.244005
0.140414
0.232868
0.138842
0.291346
0.202919
0.463656
0.280297
0.123369
0.714225
0.273692
0.194260
0.673504
0.413396
0.240773
0.114277
0.494253
0.251794
0.118233
0.231061
0.260747
0.121668
0.436404
0.070407
0.179997
0.144987
0.209358
0.313474
0.377187
0.285396
0.492948
0.262446
0.143095
0.738866
0.282809
0.103143
0.621067
0.407510
0.106016
0.079749
0.340302
0.301350
0.152368
0.323099
0.215763
0.207556
0.479245
0.214403
0.064089
0.199836
0.189161
0.307691
0.319054
0.230703
0.513090
0.269548
0.150639
0.598834
0.213149
0.180145
0.412034
0.412378
0.099916
0.027827
0.115734
0.387882
0.149044
0.409075
0.096940
0.262290
0.480711
0.188744
0.109074
0.224277
0.230273
0.234046
0.247510
0.201868
0.403514
0.194678
0.168437
0.480940
0.179414
0.167754
0.246467
0.374349
0.140699
0.028607
0.027508
0.366385
0.268268
0.431573
0.092701
0.254221
0.342043
0.102888
0.167538
0.061193
0.276591
0.166953
0.264944
0.284957
0.302315
0.173400
0.127003
0.422385
0.272160
0.236356
0.168704
0.259699
0.098784
0.115837
0.056784
0.320756
0.353423
0.349424
0.188770
0.219237
0.220162
0.270133
0.119737
0.012757
0.355941
0.179732
0.281566
0.257183
0.319774
0.243303
0.197734
0.383669
0.286542
0.250704
0.184374
0.305349
0.088663
0.278297
0.059094
0.265994
0.317761
0.189795
0.238650
0.245368
0.249872
0.328156
0.108584
0.074829
0.391381
0.243297
0.256769
0.146872
0.290372
0.119846
0.281765
0.267465
0.240035
0.097426
0.220449
0.367446
0.137834
0.353999
0.049147
0.231217
0.237958
0.072426
0.236970
0.249546
0.327794
0.208332
0.252561
0.139376
0.338616
0.222036
0.312135
0.236487
0.138307
0.175139
0.353343
0.197822
0.163955
0.044257
0.230494
0.262917
0.251019
0.318831
0.108740
0.200775
0.211601
0.051635
0.083150
0.215982
0.353828
0.172240
0.296275
0.151648
0.315047
0.156972
0.337754
0.332287
0.099704
0.193252
0.392132
0.244112
0.094549
0.135832
0.213439
0.223711
0.213761
0.319782
0.095216
0.086463
0.262623
0.236310
0.095688
0.113785
0.217826
0.223501
0.140854
0.072770
0.229617
0.157835
0.293476
0.184444
0.245842
0.224733
0.399520
0.223713
0.032443
0.254967
0.261644
0.194406
0.215655
0.330136
0.105413
0.129364
0.282408
0.326663
0.058658
0.132846
0.123226
0.303586
0.181792
0.133991
0.135948
0.254523
0.210003
0.039668
0.357895
0.312270
0.436450
0.143930
0.207064
0.350828
0.246376
0.134533
0.293367
0.188578
0.103717
0.283942
0.314030
0.245681
0.045413
0.128763
0.131218
0.305614
0.303808
0.191405
0.111072
0.223127
0.263116
0.119595
0.418000
0.362862
0.487137
0.179603
0.205189
0.385747
0.109003
0.230302
0.297038
0.087805
0.040969
0.214294
0.319013
0.225812
0.136064
0.120041
0.172276
0.286374
0.333515
0.190719
0.233233
0.107784
0.286843
0.141879
0.343460
0.290909
0.459206
0.315375
0.132014
0.309322
0.270404
0.376875
0.158639
0.134142
0.143640
0.114020
0.290792
0.206852
0.317539
0.020381
0.146161
0.195243
0.280795
0.077842
0.311822
0.228125
0.317138
0.202826
0.302848
0.255048
0.325161
0.397991
0.232552
0.235759
0.454807
0.300560
0.107450
0.189374
0.192318
0.166927
0.269690
0.190778
0.355860
0.084807
0.133256
0.109263
0.185650
0.028038
0.270854
0.323647
0.391083
0.322285
0.432097
0.233135
0.159384
0.439139
0.320972
0.253182
0.440439
0.259352
0.066864
0.227997
0.182097
0.293718
0.245825
0.112406
0.233127
0.075548
0.297554
0.087778
0.084284
0.066110
0.180428
0.208514
0.407519
0.374802
0.466633
0.139096
0.094955
0.458765
0.248308
0.345304
0.376011
0.300373
0.140487
0.225250
0.145036
0.343890
0.162219
0.034702
0.099960
0.189292
0.276315
0.100046
0.108469
0.189131
0.155708
0.187489
0.402150
0.361334
0.373130
0.237201
0.009099
0.658227
0.123370
0.345452
0.273161
0.258670
0.204320
0.252511
0.087945
0.302063
0.081361
0.060874
0.199417
0.177312
0.203792
0.159404
0.135673
0.214973
0.144050
0.213510
0.307647
0.249708
0.188554
0.315850
0.024853
0.719612
0.026959
0.270844
0.225534
0.274178
0.190035
0.240479
0.082533
0.255840
0.179775
0.025033
0.306064
0.096717
0.136567
0.220913
0.100115
0.235549
0.058744
0.251205
0.147312
0.193174
0.246386
0.342501
0.122277
0.586646
0.051522
0.223513
0.251707
0.222611
0.245764
0.166218
0.092075
0.250122
0.271201
0.027691
0.284219
0.011899
0.158011
0.275247
0.154422
0.282591
0.104892
0.249608
0.106989
0.126564
0.086992
0.289970
0.185056
0.407587
0.103059
0.149831
0.323229
0.223966
0.311979
0.092834
0.038234
0.213040
0.288761
0.060061
0.162920
0.015599
0.233360
0.289647
0.160128
0.265929
0.200739
0.259568
0.165310
0.097566
0.040023
0.262441
0.141239
0.255916
0.136709
0.085890
0.340828
0.312103
0.269214
0.056457
0.048559
0.069975
0.377020
0.050045
0.125502
0.072883
0.215931
0.395711
0.166472
0.177151
0.227088
0.181747
0.253586
0.234494
0.056433
0.313007
0.178363
0.142309
0.147906
0.294292
0.267138
0.391420
0.082850
0.081133
0.207586
0.058029
0.439887
0.075529
0.166491
0.124833
0.173285
0.434125
0.123650
0.143281
0.235714
0.168840
0.205573
0.385771
0.165795
0.437507
0.180275
0.101836
0.116804
0.377753
0.258163
0.346816
0.056915
0.074799
0.251053
0.064705
0.383001
0.031925
0.126225
0.147318
0.093326
0.383928
0.075723
0.135409
0.301716
0.155658
0.199956
0.393406
0.182614
0.452874
0.097761
0.161367
0.058447
0.350753
0.231608
0.225810
0.070524
0.149629
0.193299
0.073632
0.267172
0.057401
0.164071
0.190126
0.064022
0.257177
0.156677
0.042364
0.302240
0.153260
0.294161
0.275003
0.110082
0.338240
0.098613
0.206575
0.193429
0.370276
0.173265
0.119915
0.186752
0.247943
0.200799
0.261932
0.200330
0.152377
0.188798
0.168378
0.111822
0.201124
0.289243
0.123945
0.291815
0.272225
0.361261
0.201833
0.074553
0.225463
0.163663
0.364925
0.291131
0.335785
0.121787
0.103493
0.218211
0.290571
0.173463
0.270461
0.198915
0.051467
0.183465
0.174370
0.204487
0.182249
0.189617
0.210081
0.303770
0.315439
0.329917
0.234658
0.028831
0.154000
0.185351
0.581332
0.307375
0.324748
0.166872
0.152165
0.185155
0.347479
0.122394
0.294996
0.284759
0.004156
0.142297
0.255341
0.105992
0.359634
0.035420
0.143104
0.383554
0.266574
0.266578
0.197717
0.099727
0.109334
0.201087
0.647568
0.280174
0.389084
0.097100
0.152768
0.230674
0.424699
0.163545
0.192469
0.320168
0.063885
0.227108
0.308444
0.061653
0.396240
0.145252
0.129913
0.444323
0.307325
0.208454
0.120261
0.068203
0.152481
0.273266
0.599222
0.223657
0.462783
0.101876
0.110559
0.346436
0.512646
0.206758
0.131312
0.263315
0.172649
0.306908
0.306565
0.067315
0.298199
0.093101
0.068515
0.378619
0.417533
0.151447
0.089523
0.066342
0.115948
0.331085
0.483851
0.336972
0.469155
0.245612
0.189542
0.395196
0.515069
0.181269
0.275105
0.137665
0.314877
0.402821
0.306107
0.093765
0.257827
0.093676
0.047037
0.286470
0.435407
0.149371
0.107895
0.018216
0.036303
0.295486
0.402360
0.358539
0.407789
0.117019
0.183325
0.323951
0.474152
0.262588
0.199851
0.176798
0.325281
0.469245
0.309186
0.073163
0.161622
0.106161
0.016069
0.202841
0.282278
0.234966
0.218366
0.152423
0.060826
0.249838
0.322708
0.322166
0.292408
0.110680
0.189690
0.260679
0.342339
0.343298
0.183424
0.145696
0.220466
0.560509
0.219442
0.119428
0.082721
0.088455
0.075829
0.217071
0.167076
0.299646
0.205310
0.282194
0.065022
0.325585
0.202141
0.317717
0.209295
0.051828
0.143396
0.241885
0.225715
0.316767
0.183368
0.075089
0.178000
0.599807
0.146713
0.133112
0.192817
0.252153
0.191883
0.259056
0.071297
0.280863
0.198375
0.344259
0.178678
0.405797
0.222788
0.388229
0.260458
0.070219
0.246236
0.255956
0.142785
0.257237
0.161802
0.071682
0.206398
0.527600
0.132066
0.025314
0.094760
0.194413
0.366200
0.365703
0.098006
0.190475
0.307740
0.395062
0.228951
0.338596
0.189141
0.348376
0.115662
0.041192
0.337808
0.282646
0.119438
0.279852
0.300586
0.043845
0.262776
0.378474
0.188030
0.055869
0.162285
0.127594
0.426795
0.268219
0.163564
0.101381
0.364819
0.424297
0.227903
0.198762
0.145049
0.348849
0.024926
0.037400
0.310241
0.260599
0.109957
0.327487
0.273898
0.075554
0.246729
0.266844
0.172150
0.136248
0.222035
0.307614
0.444741
0.218052
0.229034
0.087154
0.373226
0.402292
0.237052
0.147446
0.216424
0.458102
0.128034
0.079147
0.375967
0.270272
0.078099
0.347581
0.170075
0.144462
0.274911
0.216073
0.134727
0.287825
0.264214
0.508522
0.560598
0.151401
0.368031
0.103715
0.365602
0.355209
0.253601
0.222638
0.429074
0.470886
0.407823
0.038099
0.436629
0.320433
0.135970
0.317166
0.168295
0.116474
0.288420
0.247608
0.074874
0.321099
0.252158
0.440489
0.589349
0.206600
0.431661
0.113341
0.308935
0.319590
0.304343
0.187713
0.458834
0.420290
0.466845
0.137894
0.529238
0.346249
0.095127
0.383562
0.103174
0.048560
0.264592
0.275741
0.083143
0.355983
0.277342
0.271309
0.407873
0.194235
0.473337
0.168112
0.234782
0.358859
0.417475
0.206172
0.337557
0.392282
0.447858
0.223634
0.597046
0.328628
0.089194
0.371975
0.154098
0.045942
0.132932
0.197629
0.067168
0.477352
0.262972
0.274626
0.256979
0.132845
0.406005
0.141329
0.200598
0.373510
0.456171
0.292935
0.177459
0.357782
0.471731
0.273876
0.591237
0.144798
0.142145
0.308462
0.292961
0.119895
0.138999
0.088070
0.045327
0.506266
0.173590
0.366527
0.276543
0.103210
0.361825
0.071711
0.111747
0.343596
0.392471
0.253807
0.094600
0.247788
0.436837
0.287161
0.453257
0.093719
0.114924
0.287478
0.295002
0.203267
0.181696
0.089307
0.134543
0.426705
0.135321
0.391249
0.308347
0.080928
0.286428
0.001652
0.078454
0.208122
0.358158
0.224006
0.174478
0.195268
0.242196
0.340404
0.372490
0.095698
0.036693
0.287448
0.261553
0.258871
0.260593
0.045945
0.157037
0.327937
0.209561
0.410923
0.145588
0.040864
0.195446
0.071080
0.100654
0.090843
0.303873
0.264029
0.224816
0.249839
0.128446
0.437101
0.343484
0.053724
0.110369
0.264240
0.347509
0.218770
0.148476
0.095708
0.095217
0.306684
0.157496
0.378855
0.138608
0.038934
0.216878
0.157141
0.024476
0.068550
0.213787
0.283511
0.263483
0.341552
0.237526
0.431832
0.248404
0.063293
0.133692
0.240206
0.483709
0.201323
0.218981
0.146291
0.095728
0.307140
0.110618
0.349245
0.174437
0.158577
0.175431
0.269792
0.099237
0.065032
0.173963
0.194520
0.287572
0.252816
0.278118
0.344029
0.045899
0.142538
0.165097
0.183656
0.468648
0.245334
0.170216
0.181096
0.203615
0.327100
0.152157
0.280195
0.106237
0.267794
0.110198
0.294109
0.146992
0.186737
0.225772
0.171662
0.329285
0.163352
0.481084
0.322557
0.141699
0.368125
0.264197
0.166604
0.334607
0.357429
0.026984
0.133845
0.255917
0.272323
0.163780
0.307218
0.095602
0.269526
0.209303
0.249238
0.076518
0.179359
0.314024
0.124740
0.376692
0.224310
0.550733
0.277466
0.128335
0.457857
0.343984
0.102159
0.308073
0.356170
0.021484
0.101996
0.184010
0.267698
0.094345
0.413454
0.167872
0.300365
0.251238
0.198911
0.035841
0.101217
0.397671
0.051557
0.399804
0.236824
0.550538
0.149224
0.095957
0.344120
0.356935
0.104217
0.290863
0.322068
0.031482
0.120010
0.118709
0.279894
0.155791
0.368929
0.160520
0.273002
0.248092
0.263985
0.159941
0.048722
0.555537
0.124746
0.369435
0.231890
0.430399
0.100680
0.184366
0.158369
0.333739
0.125797
0.124445
0.337987
0.011487
0.092000
0.086419
0.169098
0.092967
0.337751
0.025103
0.310425
0.275596
0.306607
0.256651
0.104896
