# G_3, p = 2.0000 GPa (dir_20000.0_bar).
# 6MR distortion Gamma = (1/2)(max - min) over the three opposite-O diagonals.
# 24 rings x 101 frames = 2424 samples.
# Column: per-6MR Gamma [A]
0.000221
0.000207
0.000211
0.000223
0.000247
0.000223
0.000243
0.000235
0.000494
0.000503
0.000503
0.000508
0.000509
0.000491
0.000507
0.000491
0.000389
0.000380
0.000385
0.000396
0.000372
0.000365
0.000392
0.000392
0.080294
0.183610
0.087425
0.047810
0.123820
0.047373
0.049255
0.125218
0.093928
0.025044
0.028637
0.145601
0.061493
0.251278
0.170854
0.036630
0.063970
0.152913
0.117683
0.128044
0.082494
0.078708
0.059569
0.038318
0.038020
0.065218
0.117669
0.042034
0.223817
0.155702
0.074288
0.134186
0.222375
0.071708
0.063480
0.174087
0.080997
0.428422
0.298925
0.078539
0.189649
0.182728
0.241269
0.149038
0.153656
0.031158
0.120190
0.099329
0.168916
0.104599
0.210253
0.150066
0.317281
0.200998
0.002246
0.084066
0.115496
0.085917
0.163465
0.177198
0.141565
0.394085
0.144969
0.060239
0.272854
0.278207
0.238107
0.154167
0.268843
0.133395
0.172521
0.104229
0.104843
0.211753
0.262862
0.152244
0.329458
0.152729
0.021972
0.086461
0.088541
0.199681
0.192318
0.211641
0.027377
0.276428
0.089744
0.119308
0.255893
0.322785
0.111336
0.143074
0.351831
0.355144
0.252419
0.164807
0.060923
0.242416
0.409519
0.155034
0.252963
0.089344
0.082281
0.222719
0.092603
0.214660
0.110633
0.113247
0.134472
0.265415
0.092412
0.161111
0.229327
0.242616
0.070974
0.135949
0.322509
0.453836
0.279554
0.191422
0.065337
0.159952
0.448311
0.111877
0.193499
0.129175
0.130024
0.249022
0.064688
0.214698
0.114040
0.137842
0.127585
0.298574
0.055686
0.120055
0.166162
0.092703
0.138379
0.090324
0.155649
0.404616
0.196234
0.126633
0.044720
0.121250
0.364721
0.088027
0.114791
0.088757
0.153354
0.204505
0.148214
0.346250
0.077299
0.180742
0.048508
0.212080
0.169153
0.189959
0.101595
0.019052
0.219966
0.047286
0.083913
0.257286
0.116329
0.088800
0.155664
0.133492
0.214950
0.055511
0.170275
0.066156
0.154935
0.170495
0.165859
0.285360
0.161753
0.227046
0.086022
0.083901
0.324115
0.184143
0.120296
0.011593
0.214006
0.091739
0.151788
0.169150
0.160581
0.283187
0.244677
0.163739
0.120304
0.062724
0.299563
0.074021
0.187132
0.140163
0.212718
0.266398
0.180105
0.132144
0.063850
0.047651
0.355303
0.150447
0.184721
0.090901
0.152133
0.120363
0.264594
0.197350
0.093199
0.332284
0.245361
0.181337
0.203587
0.129346
0.259082
0.066363
0.226074
0.151727
0.302330
0.208975
0.165811
0.094958
0.107590
0.204595
0.348240
0.181488
0.081620
0.194436
0.109209
0.222928
0.369438
0.127842
0.092436
0.309366
0.106614
0.131747
0.254744
0.100423
0.155993
0.202979
0.133122
0.061020
0.264621
0.109247
0.119405
0.157720
0.220397
0.301495
0.233726
0.145551
0.139665
0.176642
0.117830
0.212669
0.467998
0.088225
0.194043
0.306102
0.053918
0.064885
0.365254
0.124242
0.102719
0.178649
0.025292
0.267242
0.147357
0.010044
0.204850
0.187600
0.118721
0.304740
0.108711
0.152506
0.264593
0.052810
0.184071
0.216745
0.419679
0.048469
0.137256
0.273624
0.081579
0.040368
0.422573
0.158824
0.182249
0.185174
0.120918
0.307842
0.052732
0.132436
0.246570
0.176455
0.036257
0.164487
0.022513
0.249061
0.266917
0.092586
0.213094
0.146223
0.177118
0.088118
0.162414
0.302677
0.105668
0.134512
0.367657
0.205523
0.143386
0.212964
0.213673
0.291034
0.065766
0.266413
0.216997
0.137647
0.062589
0.144207
0.125868
0.209415
0.256194
0.121098
0.171974
0.092826
0.090663
0.053099
0.209927
0.260377
0.099137
0.151722
0.247472
0.111964
0.201202
0.237741
0.186684
0.277026
0.039405
0.191745
0.087441
0.014293
0.101000
0.219401
0.173247
0.130014
0.117953
0.170164
0.111308
0.177833
0.170078
0.070160
0.205413
0.169401
0.235580
0.199944
0.154671
0.207778
0.252122
0.267064
0.148849
0.188937
0.063492
0.122337
0.177172
0.148961
0.162667
0.227265
0.174153
0.133241
0.078933
0.229099
0.106261
0.335462
0.301841
0.131079
0.167225
0.161699
0.333815
0.158603
0.233864
0.346123
0.272480
0.272060
0.123686
0.120994
0.147697
0.017352
0.259019
0.193964
0.157918
0.292340
0.197141
0.063389
0.197155
0.236854
0.067131
0.309806
0.395919
0.174095
0.190867
0.182360
0.281021
0.173323
0.341782
0.320887
0.201810
0.257625
0.106276
0.079455
0.306713
0.158165
0.220804
0.063878
0.190108
0.305006
0.172781
0.087746
0.189226
0.214658
0.083912
0.184558
0.417814
0.203735
0.258547
0.135776
0.239462
0.287829
0.379786
0.187113
0.098008
0.250504
0.046097
0.024414
0.426535
0.203865
0.230575
0.059180
0.246774
0.279380
0.112638
0.041027
0.131233
0.135697
0.179524
0.079375
0.310679
0.117515
0.312058
0.020375
0.118481
0.295019
0.296248
0.112852
0.118334
0.190216
0.056524
0.060348
0.342454
0.244918
0.263017
0.213199
0.375455
0.317137
0.126814
0.037773
0.045068
0.050638
0.139389
0.157930
0.175787
0.048994
0.240981
0.175410
0.110460
0.181237
0.179569
0.128756
0.161205
0.075255
0.219804
0.211486
0.157253
0.278132
0.257591
0.313344
0.450603
0.192561
0.185925
0.110882
0.196867
0.083900
0.089810
0.182767
0.080401
0.173429
0.221274
0.203323
0.067697
0.160413
0.174624
0.169962
0.165120
0.096552
0.269453
0.275233
0.058365
0.247261
0.216620
0.196934
0.377739
0.185599
0.156295
0.185726
0.191203
0.090322
0.281280
0.074009
0.064087
0.122338
0.250345
0.112832
0.059328
0.114773
0.123828
0.162839
0.245844
0.254691
0.188789
0.150246
0.162392
0.152985
0.281805
0.046510
0.238027
0.375766
0.094024
0.204647
0.132300
0.118054
0.267013
0.252193
0.197708
0.178390
0.214643
0.112063
0.062181
0.077727
0.081169
0.049767
0.259372
0.236825
0.171963
0.119485
0.121040
0.094079
0.175028
0.179288
0.101496
0.434230
0.026047
0.113136
0.227816
0.189666
0.254952
0.392297
0.304452
0.175666
0.114890
0.065533
0.064480
0.099808
0.065493
0.134145
0.102938
0.135340
0.045028
0.215025
0.176384
0.039819
0.057768
0.222429
0.073797
0.382109
0.097861
0.038047
0.362550
0.191821
0.196146
0.353451
0.186317
0.032663
0.060253
0.138893
0.082920
0.285834
0.154667
0.203735
0.034309
0.106448
0.128169
0.167669
0.278841
0.114237
0.162980
0.124972
0.179113
0.299400
0.098812
0.034373
0.311611
0.153878
0.120701
0.215925
0.093976
0.155445
0.043049
0.144087
0.066562
0.363169
0.152199
0.142681
0.162291
0.209571
0.239465
0.105756
0.300686
0.152402
0.177409
0.201900
0.176849
0.274772
0.027537
0.061491
0.230121
0.141937
0.119695
0.086214
0.111431
0.177835
0.049280
0.118734
0.057988
0.334265
0.071360
0.032396
0.258811
0.244055
0.322973
0.144968
0.338223
0.133096
0.223061
0.311522
0.186524
0.254901
0.079091
0.084678
0.114920
0.106771
0.069741
0.058366
0.143994
0.153413
0.084063
0.037801
0.063479
0.271646
0.036688
0.128698
0.303899
0.207255
0.332936
0.115633
0.249015
0.141920
0.255900
0.359192
0.230229
0.202849
0.106573
0.168575
0.111140
0.246423
0.068544
0.163867
0.113780
0.194799
0.202685
0.094874
0.082140
0.168397
0.011506
0.130410
0.345319
0.150218
0.344619
0.093472
0.102348
0.146167
0.216079
0.333225
0.308955
0.142900
0.039016
0.237757
0.094320
0.265370
0.263369
0.189444
0.044778
0.312883
0.274824
0.193657
0.034997
0.210831
0.069414
0.202239
0.285535
0.103175
0.285328
0.162008
0.087675
0.023416
0.141421
0.197297
0.387084
0.037023
0.103023
0.286081
0.069676
0.095473
0.330775
0.143729
0.042416
0.287579
0.240277
0.251232
0.128611
0.193605
0.080567
0.190597
0.228961
0.035267
0.231841
0.147870
0.138656
0.195142
0.086762
0.065688
0.326382
0.088935
0.240435
0.227945
0.154580
0.059607
0.225744
0.209579
0.112097
0.214209
0.290167
0.287619
0.196909
0.158028
0.044152
0.143260
0.114282
0.052752
0.203454
0.124860
0.151901
0.268833
0.044077
0.214201
0.176458
0.154378
0.294949
0.083376
0.193797
0.077225
0.220384
0.305857
0.132988
0.158338
0.238463
0.291501
0.177658
0.099367
0.135844
0.182203
0.121690
0.073117
0.242879
0.073454
0.141690
0.209709
0.102939
0.178626
0.087231
0.139039
0.186437
0.125216
0.234799
0.205011
0.198423
0.330727
0.037390
0.213598
0.097764
0.202481
0.127492
0.044012
0.336418
0.248111
0.098267
0.143794
0.171346
0.028549
0.036709
0.268710
0.112182
0.122157
0.100743
0.087375
0.140710
0.117421
0.200936
0.222031
0.219451
0.269439
0.051712
0.231511
0.023321
0.114408
0.071933
0.197920
0.349433
0.269041
0.055695
0.081144
0.077353
0.160619
0.165340
0.207372
0.116804
0.062433
0.164262
0.106704
0.165407
0.034532
0.130070
0.147216
0.170706
0.193591
0.031035
0.162276
0.064324
0.090328
0.136545
0.247734
0.169935
0.276088
0.115941
0.027325
0.247172
0.222104
0.226264
0.050505
0.076918
0.093657
0.181535
0.124648
0.153610
0.063388
0.174241
0.074506
0.258561
0.179234
0.035989
0.323646
0.121092
0.071843
0.248474
0.200009
0.124015
0.202045
0.129084
0.029329
0.413763
0.138003
0.230146
0.077578
0.037558
0.176624
0.204944
0.196145
0.117687
0.101389
0.148098
0.046561
0.319502
0.060810
0.037408
0.483370
0.185474
0.172506
0.234239
0.181178
0.170139
0.180801
0.051353
0.068819
0.405395
0.175434
0.107411
0.148927
0.018716
0.187084
0.134824
0.194900
0.165717
0.191444
0.127309
0.170998
0.266312
0.055455
0.048163
0.507665
0.158897
0.288585
0.139548
0.223471
0.121666
0.298538
0.092174
0.159676
0.276716
0.136952
0.136881
0.167889
0.106357
0.124450
0.029097
0.110012
0.145786
0.183275
0.126597
0.178265
0.122035
0.095799
0.093713
0.488292
0.163507
0.304803
0.059773
0.275174
0.097017
0.334797
0.127464
0.133262
0.165369
0.075687
0.125441
0.201797
0.235748
0.076320
0.172816
0.096544
0.114155
0.196897
0.133209
0.065795
0.042099
0.067868
0.241949
0.485565
0.232221
0.200342
0.077303
0.280994
0.190836
0.281578
0.079906
0.156411
0.131357
0.082831
0.015894
0.193970
0.124081
0.246805
0.154676
0.111634
0.101528
0.159776
0.170049
0.053596
0.103790
0.081454
0.292784
0.340499
0.229566
0.119522
0.116716
0.267881
0.150133
0.187717
0.036427
0.199310
0.039093
0.102789
0.048523
0.127859
0.041387
0.193666
0.114340
0.136626
0.150519
0.037555
0.163429
0.194765
0.106064
0.200559
0.210322
0.263393
0.290962
0.049009
0.207679
0.272612
0.244519
0.059091
0.047332
0.111935
0.156122
0.119991
0.079825
0.049072
0.079247
0.004001
0.137632
0.112113
0.200914
0.072004
0.076322
0.286617
0.157098
0.214956
0.064792
0.196543
0.216289
0.137706
0.231039
0.354536
0.361184
0.141853
0.042023
0.133441
0.160835
0.097112
0.164374
0.057158
0.126987
0.012211
0.061646
0.131382
0.111166
0.055728
0.040242
0.130282
0.159121
0.109822
0.100051
0.118719
0.096115
0.241374
0.249089
0.385002
0.376587
0.255775
0.163532
0.147826
0.155627
0.170279
0.113488
0.132436
0.209611
0.099517
0.097128
0.074310
0.061593
0.094649
0.071442
0.138696
0.074904
0.049188
0.127480
0.161085
0.068386
0.198287
0.224731
0.330460
0.290515
0.210664
0.231816
0.063434
0.129909
0.234137
0.115689
0.098720
0.229965
0.208524
0.119494
0.099681
0.033053
0.160904
0.067549
0.064784
0.026166
0.109820
0.140290
0.212749
0.040407
0.105424
0.164942
0.246021
0.142424
0.172824
0.222586
0.096557
0.083757
0.261628
0.087112
0.113729
0.201452
0.236822
0.115419
0.246918
0.066025
0.160648
0.208613
0.259403
0.059946
0.224710
0.076605
0.124383
0.069957
0.088807
0.167117
0.316565
0.096176
0.183150
0.196561
0.097050
0.069264
0.147404
0.102153
0.170244
0.164798
0.165850
0.085579
0.199208
0.111735
0.104016
0.202893
0.351739
0.156535
0.255617
0.043544
0.166605
0.140670
0.073166
0.212039
0.361463
0.104185
0.219650
0.151444
0.106273
0.030247
0.160869
0.115611
0.186796
0.204282
0.060307
0.055600
0.044687
0.222024
0.037763
0.065043
0.319320
0.040002
0.199980
0.044047
0.192489
0.169967
0.048812
0.143987
0.224822
0.081911
0.252797
0.175215
0.121772
0.131154
0.170189
0.182990
0.181464
0.284653
0.051804
0.152801
0.117274
0.281978
0.124162
0.140782
0.235894
0.084359
0.210450
0.033336
0.195518
0.052280
0.026619
0.044892
0.126620
0.035860
0.154084
0.173683
0.093580
0.188517
0.102574
0.165138
0.126950
0.319405
0.084714
0.067741
0.038319
0.212939
0.086934
0.109607
0.214775
0.171764
0.339318
0.063813
0.149807
0.008381
0.084172
0.060068
0.198127
0.110248
0.070763
0.189057
0.118520
0.233757
0.131372
0.161735
0.084236
0.259317
0.205324
0.088058
0.193374
0.122459
0.066963
0.165285
0.193167
0.232173
0.286543
0.182103
0.090583
0.072543
0.027485
0.182654
0.319446
0.150363
0.213360
0.180980
0.025993
0.180527
0.109411
0.129244
0.047723
0.238796
0.261029
0.077379
0.213832
0.073502
0.176386
0.314110
0.152669
0.296350
0.133402
0.252463
0.094048
0.153800
0.031190
0.292266
0.320223
0.199091
0.319010
0.220934
0.195244
0.195028
0.063388
0.102969
0.091929
0.144698
0.256798
0.048249
0.086233
0.100717
0.112292
0.417283
0.107698
0.271209
0.116688
0.142555
0.063730
0.154450
0.010660
0.219318
0.324409
0.152794
0.344155
0.268665
0.205615
0.191495
0.096476
0.203487
0.141000
0.239614
0.206629
0.068216
0.043756
0.081081
0.061102
0.405388
0.141927
0.184952
0.105210
0.114947
0.060817
0.099456
0.027951
0.051387
0.237291
0.076415
0.407590
0.242742
0.108101
0.144997
0.173295
0.250923
0.252595
0.322615
0.167800
0.097750
0.067328
0.074824
0.120315
0.388441
0.159001
0.088399
0.108107
0.288645
0.057709
0.061882
0.032513
0.191451
0.096565
0.083751
0.361299
0.152728
0.137427
0.090833
0.200385
0.186934
0.350290
0.301239
0.166938
0.042606
0.041663
0.205510
0.014903
0.338127
0.228295
0.096785
0.067388
0.345501
0.155944
0.050080
0.077501
0.253291
0.251498
0.058434
0.257745
0.088024
0.075795
0.126639
0.191704
0.139361
0.324266
0.240280
0.215813
0.159588
0.090301
0.271272
0.146933
0.138685
0.282630
0.299383
0.114616
0.265033
0.188288
0.115663
0.181801
0.258338
0.285030
0.078157
0.185625
0.067274
0.092108
0.195369
0.113107
0.145905
0.130739
0.205958
0.233805
0.157933
0.178261
0.204888
0.127658
0.174365
0.422791
0.222562
0.245164
0.269237
0.211334
0.104097
0.199324
0.136054
0.224919
0.084985
0.214168
0.105747
0.070963
0.299062
0.196380
0.026850
0.086134
0.196597
0.163682
0.132353
0.169656
0.172909
0.200369
0.370860
0.321559
0.088963
0.170673
0.230646
0.291952
0.090341
0.281409
0.115947
0.145584
0.072083
0.282429
0.171438
0.007530
0.324274
0.259385
0.125814
0.085312
0.131586
0.099978
0.112964
0.073681
0.182100
0.227380
0.359200
0.263868
0.256318
0.156548
0.216402
0.363739
0.084421
0.345732
0.162775
0.125880
0.130532
0.237533
0.158381
0.159117
0.354852
0.185686
0.118595
0.104261
0.169054
0.112201
0.072745
0.060933
0.219525
0.234270
0.251718
0.227723
0.204914
0.155504
0.131468
0.284385
0.016308
0.382559
0.029345
0.097945
0.059323
0.152382
0.247113
0.236103
0.298071
0.164390
0.054164
0.097189
0.289376
0.152954
0.099480
0.128999
0.187808
0.170881
0.187420
0.088481
0.116151
0.067835
0.153444
0.233627
0.105393
0.284152
0.105692
0.120687
0.212915
0.105585
0.313107
0.107262
0.177067
0.103939
0.128344
0.042487
0.348097
0.182804
0.031842
0.080297
0.117574
0.052622
0.165675
0.055730
0.069497
0.167957
0.166964
0.247816
0.086339
0.179390
0.089234
0.134796
0.142131
0.099226
0.277544
0.140169
0.120868
0.183727
0.126231
0.027396
0.285624
0.189285
0.012565
0.068266
0.011769
0.039990
0.138280
0.149884
0.045469
0.311421
0.201136
0.325336
0.170743
0.122209
0.024147
0.164280
0.027736
0.027306
0.241054
0.330306
0.162474
0.187747
0.041118
0.108189
0.074698
0.283158
0.176005
0.071047
0.052352
0.064035
0.108308
0.184568
0.070452
0.290918
0.218528
0.271263
0.261440
0.084896
0.030735
0.233986
0.086001
0.039989
0.200779
0.479447
0.156401
0.240010
0.061814
0.105172
0.039276
0.304326
0.250204
0.109846
0.050721
0.085122
0.067376
0.110542
0.026420
0.193950
0.279517
0.126910
0.302977
0.106481
0.019786
0.211292
0.164336
0.136558
0.218057
0.460154
0.294106
0.244468
0.039899
0.043110
0.037816
0.343025
0.308459
0.086616
0.095688
0.127300
0.257409
0.039961
0.130044
0.191325
0.273469
0.065328
0.305584
0.154470
0.055176
0.169040
0.209717
0.199304
0.251012
0.379208
0.361849
0.127391
0.052004
0.071321
0.130749
0.241092
0.257666
0.080517
0.105295
0.110697
0.251057
0.050987
0.162034
0.229852
0.095499
0.128099
0.276313
0.118797
0.112929
0.134243
0.153521
0.169531
0.215401
0.307596
0.340175
0.091929
0.061975
0.121337
0.138766
0.102725
0.249098
0.097090
0.072539
0.032388
0.217705
0.018359
0.100619
0.292594
0.110929
0.250795
0.168677
0.098109
0.098542
0.229264
0.096907
0.047572
0.167004
0.190850
0.395001
0.125262
0.152246
0.112032
0.206477
0.031018
0.210584
0.121101
0.099889
0.120579
0.184013
0.080695
0.069469
0.252425
0.172577
0.415487
0.025321
0.110316
0.045322
0.329188
0.131594
0.021770
0.238897
0.129728
0.346352
0.113345
0.193570
0.068753
0.216131
0.095368
0.230530
0.237640
0.068537
0.067755
0.199952
0.104548
0.094921
0.157526
0.153560
0.391519
0.138861
0.141691
0.062906
0.310826
0.121982
0.014711
0.261123
0.190790
0.229975
0.116602
0.106775
0.043363
0.087665
0.235919
0.189532
0.307615
0.105562
0.094348
0.234072
0.063873
0.017468
0.130615
0.115278
0.246158
0.098595
0.169076
0.097814
0.195484
0.127783
0.063058
0.196340
0.232655
0.153306
0.264545
0.174662
0.044718
0.055803
0.333825
0.163271
0.283348
0.112714
0.045786
0.249161
0.083974
0.180579
0.120874
0.117093
0.218501
0.080789
0.134211
0.070473
0.085457
0.143217
0.043281
0.238449
0.189272
0.072164
0.266971
0.231079
0.137340
0.059074
0.284825
0.153028
0.222677
0.084888
0.080445
0.226853
0.167617
0.195453
0.135501
0.095903
0.272088
0.034640
0.109265
0.071969
0.076096
0.122267
0.108831
0.157209
0.230179
0.046676
0.237183
0.193058
0.219446
0.061358
0.181668
0.190729
0.172540
0.157860
0.013701
0.131474
0.119321
0.114917
0.179656
0.050369
0.225858
0.026742
0.059820
0.045282
0.138525
0.094393
0.101642
0.086343
0.327054
0.041702
0.218148
0.053811
0.169479
0.129226
0.177225
0.256947
0.194407
0.152772
0.046806
0.097623
0.023049
0.202905
0.166582
0.108642
0.161504
0.072893
0.114706
0.088713
0.186168
0.213259
0.161167
0.089487
0.324504
0.170791
0.222446
0.090458
0.142142
0.116258
0.056263
0.153993
0.166658
0.108077
0.034478
0.133502
0.060783
0.298393
0.115133
0.203066
0.153852
0.126245
0.182435
0.083062
0.160031
0.181344
0.090891
0.156428
0.305420
0.172034
0.103523
0.162201
0.151737
0.066610
0.102955
0.070140
0.112337
0.075090
0.146740
0.197732
0.123678
0.313180
0.066699
0.195692
0.179000
0.154303
0.151278
0.099995
0.138166
0.122720
0.015080
0.222193
0.353266
0.191531
0.006889
0.131140
0.302401
0.116467
0.140534
0.159946
0.040539
0.192411
0.061161
0.182828
0.173386
0.231640
0.126008
0.261045
0.158809
0.152086
0.070092
0.153760
0.177274
0.149903
0.063644
0.194348
0.257215
0.232877
0.080694
0.091363
0.328845
0.117720
0.203787
0.055588
0.083401
0.230992
0.066126
0.260808
0.163875
0.243378
0.052143
0.235993
0.143419
0.176828
0.060314
0.178816
0.160169
0.244214
0.090765
0.065046
0.097187
0.234717
0.087199
0.137519
0.277569
0.139144
0.223909
0.042448
0.079610
0.128497
0.156605
0.270127
0.167402
0.189474
0.213357
0.138618
0.159830
0.294301
0.085415
0.109917
0.073162
0.198571
0.060301
0.148998
0.146715
0.198348
0.087676
0.138423
0.178036
0.160936
0.122961
0.040984
0.143525
0.131983
0.145605
0.159580
0.285229
0.091925
0.218763
0.060079
0.179434
0.333509
0.120061
0.025649
0.022359
0.136739
0.156176
0.240076
0.231672
0.141178
0.114483
0.110814
0.153937
0.162617
0.028675
0.036902
0.150191
0.132687
0.067024
0.080939
0.323332
0.198097
0.028941
0.194214
0.119288
0.185929
0.145958
0.034591
0.024390
0.051552
0.226460
0.246889
0.217334
0.093832
0.106952
0.120477
0.157439
0.138590
0.115833
0.127445
0.112254
0.113205
0.045280
0.030150
0.165848
0.225479
0.049046
0.280038
0.032157
0.079947
0.186504
0.160130
0.052707
0.095753
0.200091
0.218222
0.099982
0.033216
0.056138
0.080590
0.084682
0.059468
0.177543
0.139211
0.141725
0.118619
0.108238
0.154188
0.130491
0.246700
0.101906
0.279788
0.140472
0.165619
0.228738
0.256393
0.178155
0.127535
0.157393
0.183308
0.055811
0.171537
0.093810
0.105293
0.083334
0.044033
0.136621
0.060115
0.166017
0.175430
0.101967
0.266817
0.232231
0.210344
0.080320
0.238842
0.223720
0.183980
0.126541
0.308951
0.180244
0.232910
0.109432
0.178458
0.032971
0.190180
0.213437
0.084632
0.116858
0.087396
0.133207
0.078793
0.118773
0.199495
0.109479
0.274673
0.283751
0.192357
0.092909
0.224141
0.169777
0.146294
0.063792
0.258219
0.075360
0.269947
0.207294
0.152509
0.117649
0.052584
0.248776
0.074373
0.187588
0.106378
0.154630
0.127352
0.175684
0.181221
0.086954
0.314807
0.246599
0.164260
0.159344
0.125645
0.055631
0.087868
0.074322
0.170968
0.026865
0.274067
0.235026
0.156120
0.162817
0.106252
0.369881
0.051297
0.110730
0.155716
0.087745
0.116969
0.068085
0.170060
0.070915
0.308025
0.151203
0.272697
0.153485
0.102490
0.047295
0.084813
0.129863
0.199945
0.186948
0.217875
0.170357
0.194199
0.121519
0.257790
0.473737
0.060453
0.015955
0.192379
0.085402
0.050636
0.066666
0.164562
0.111911
0.145608
0.123157
0.261672
0.064229
0.122483
0.062142
0.289293
0.143927
0.204828
0.242076
0.229187
0.030107
0.226131
0.059857
0.176748
0.405084
0.056164
0.161378
0.163248
0.107392
0.139954
0.124069
0.164522
0.070157
0.044014
0.098772
0.208427
0.138835
0.152995
0.096722
0.316423
0.137480
0.242161
0.140659
0.293724
0.194221
0.211743
0.090231
0.081428
0.288490
0.023827
0.218064
0.106807
0.140667
0.242522
0.134770
0.061073
0.238845
0.105964
0.086553
0.205702
0.193417
0.156926
0.128479
0.218294
0.136478
0.292251
0.087839
0.280818
0.252328
0.115918
0.126128
0.005315
0.272521
0.108121
0.166851
0.161467
0.100008
0.123210
0.186968
0.123174
0.276154
0.319791
0.018078
0.086935
0.215905
0.163436
0.098820
0.185131
0.126698
0.380495
0.157172
0.271253
0.254130
0.060732
0.047373
0.152731
0.255167
0.229594
0.162385
0.186131
0.135845
0.091535
0.239636
0.169072
0.304919
0.350792
0.095759
0.121094
0.218809
0.171474
0.077702
0.145825
0.026290
0.473246
0.143367
0.182531
0.159337
0.179526
0.110628
0.201630
0.024712
0.293951
0.154190
0.114350
0.128480
0.073233
0.187523
0.215352
0.219613
0.289667
0.137865
0.108621
0.178262
0.160887
0.144531
0.159066
0.076209
0.375331
0.106405
0.049681
0.020273
0.257541
0.166372
0.201664
0.261694
0.293322
0.189380
0.092547
0.099612
0.121702
0.219610
0.294248
0.134628
0.196430
0.201588
0.039630
0.145505
0.171977
0.211118
0.339643
0.084593
0.229805
0.063785
0.038464
0.075492
0.178778
0.192939
0.203241
0.338028
0.216440
0.269707
0.129136
0.031799
0.140410
0.201054
0.309193
0.055470
0.086867
0.151546
0.084457
0.090906
0.102831
0.152989
0.427595
0.119632
0.083567
0.071640
0.079256
0.049076
0.090455
0.253103
0.159024
0.358442
0.247639
0.305292
0.116224
0.082318
0.179621
0.151212
0.249835
0.093264
0.071761
0.102910
0.201015
0.022165
0.206270
0.033700
0.351086
0.220182
