# G_1, p = 2.0000 GPa (dir_20000.0_bar).
# 6MR distortion Gamma = (1/2)(max - min) over the three opposite-O diagonals.
# 64 rings x 101 frames = 6464 samples.
# Column: per-6MR Gamma [A]
0.000005
0.000011
0.000002
0.000002
0.000006
0.000004
0.000011
0.000012
0.000011
0.000011
0.000000
0.000000
0.000006
0.000006
0.000017
0.000017
0.000011
0.000011
0.000000
0.000000
0.000006
0.000006
0.000017
0.000017
0.000005
0.000011
0.000002
0.000000
0.000006
0.000006
0.000017
0.000012
0.000005
0.000011
0.000002
0.000000
0.000006
0.000006
0.000017
0.000012
0.000011
0.000011
0.000000
0.000002
0.000006
0.000002
0.000011
0.000017
0.000011
0.000011
0.000000
0.000002
0.000006
0.000002
0.000011
0.000017
0.000005
0.000011
0.000002
0.000002
0.000006
0.000004
0.000011
0.000012
0.084191
0.047694
0.050149
0.025980
0.075729
0.030800
0.102168
0.100988
0.134328
0.073513
0.245547
0.009095
0.059660
0.024406
0.202647
0.117569
0.121192
0.039757
0.116590
0.070933
0.084043
0.105512
0.149519
0.119744
0.093942
0.134200
0.110139
0.018169
0.108893
0.144535
0.102920
0.120875
0.124553
0.112085
0.142249
0.113865
0.070125
0.092541
0.122614
0.048760
0.037079
0.209277
0.040799
0.127325
0.075875
0.045846
0.040532
0.126143
0.067404
0.048442
0.024768
0.141850
0.085814
0.052352
0.039786
0.036643
0.066197
0.104291
0.234506
0.066959
0.051238
0.049135
0.147318
0.177179
0.178375
0.158434
0.120171
0.117425
0.194086
0.059384
0.169201
0.215602
0.150664
0.191451
0.394958
0.118506
0.071375
0.067508
0.203725
0.219056
0.179301
0.109338
0.206208
0.061196
0.146084
0.142254
0.054851
0.297101
0.235198
0.065574
0.130381
0.170581
0.144344
0.171020
0.238399
0.153367
0.143349
0.222891
0.139448
0.195604
0.087440
0.124219
0.236790
0.108239
0.051102
0.276835
0.195703
0.137825
0.073686
0.128212
0.148397
0.279717
0.025275
0.064496
0.145510
0.244113
0.224629
0.190390
0.120329
0.051169
0.151503
0.178241
0.356401
0.173830
0.057261
0.035440
0.177626
0.263800
0.286311
0.144438
0.194243
0.195525
0.130842
0.105042
0.240887
0.275313
0.161736
0.160670
0.336723
0.278977
0.050130
0.038153
0.110245
0.227306
0.189099
0.297529
0.184121
0.165480
0.267435
0.198232
0.088798
0.273425
0.255713
0.133475
0.078791
0.207763
0.057478
0.072914
0.421233
0.280597
0.131915
0.235591
0.045118
0.355000
0.047403
0.090003
0.248894
0.097953
0.205186
0.218333
0.407959
0.109420
0.042890
0.124852
0.148536
0.293644
0.038877
0.091912
0.283240
0.250505
0.317993
0.333217
0.147819
0.109998
0.269591
0.198867
0.394832
0.101213
0.062705
0.117468
0.217056
0.280914
0.213621
0.171090
0.259658
0.231290
0.138388
0.072990
0.288021
0.325430
0.192908
0.057935
0.327671
0.290078
0.128968
0.123661
0.156531
0.225648
0.167602
0.233597
0.258994
0.262251
0.387863
0.173481
0.154059
0.192710
0.121845
0.148100
0.139148
0.135779
0.261886
0.091836
0.467034
0.292607
0.056962
0.239538
0.014944
0.360923
0.132094
0.025730
0.352040
0.258143
0.293652
0.166610
0.474958
0.164114
0.125703
0.149886
0.156265
0.302151
0.046104
0.119449
0.320487
0.230201
0.242788
0.280608
0.239201
0.124247
0.398443
0.221916
0.409384
0.137328
0.081440
0.100732
0.156339
0.292350
0.082639
0.106395
0.303815
0.244982
0.174886
0.137856
0.242925
0.302519
0.192200
0.163527
0.310700
0.196648
0.145777
0.199597
0.274863
0.250690
0.150850
0.193564
0.189809
0.325955
0.474187
0.137395
0.191167
0.103646
0.112216
0.106798
0.096463
0.072764
0.249713
0.243854
0.362079
0.217608
0.073192
0.306029
0.131928
0.317489
0.194442
0.108678
0.458926
0.292399
0.171186
0.115305
0.328501
0.196142
0.145545
0.287154
0.164686
0.202963
0.184216
0.283984
0.311050
0.252649
0.111487
0.176001
0.228550
0.153025
0.317338
0.114313
0.418580
0.244681
0.071608
0.038715
0.179717
0.243948
0.012892
0.085432
0.203429
0.265029
0.234183
0.162492
0.173733
0.102992
0.208983
0.061365
0.271931
0.206089
0.103420
0.302927
0.213060
0.219481
0.113220
0.150794
0.127420
0.289580
0.430712
0.039764
0.150958
0.100889
0.215454
0.126430
0.080981
0.108163
0.204458
0.268479
0.305967
0.129011
0.114069
0.338679
0.147892
0.273123
0.208107
0.213476
0.416812
0.189844
0.046789
0.156850
0.197525
0.125859
0.202535
0.348503
0.056912
0.045428
0.146569
0.293950
0.238516
0.148508
0.100946
0.150265
0.089779
0.216861
0.122235
0.106710
0.358822
0.247929
0.066799
0.005431
0.183835
0.147050
0.144914
0.101848
0.192918
0.209764
0.178668
0.195540
0.167584
0.096075
0.136134
0.081557
0.239044
0.174949
0.118162
0.295375
0.255913
0.064222
0.055307
0.092753
0.133461
0.144204
0.258873
0.113928
0.187808
0.042860
0.119977
0.167147
0.051386
0.141757
0.231484
0.169394
0.266902
0.091362
0.032753
0.237947
0.213104
0.100695
0.197728
0.222658
0.320705
0.167876
0.119511
0.255776
0.217734
0.142482
0.240815
0.315017
0.188649
0.043919
0.199095
0.251479
0.057640
0.083450
0.085288
0.151078
0.151216
0.189126
0.085205
0.109105
0.270605
0.256443
0.080191
0.016249
0.159253
0.022665
0.305877
0.168828
0.234775
0.117151
0.164625
0.222607
0.320074
0.107645
0.217285
0.015811
0.030450
0.126398
0.209383
0.288991
0.148214
0.089886
0.104872
0.041135
0.311129
0.094281
0.170770
0.154553
0.185922
0.276765
0.107100
0.062866
0.083748
0.098558
0.284892
0.244393
0.201120
0.243293
0.065083
0.210043
0.189909
0.070286
0.195125
0.292625
0.202152
0.264761
0.110830
0.243533
0.227612
0.089003
0.258957
0.182553
0.165162
0.090626
0.168969
0.172623
0.164758
0.245829
0.070134
0.133788
0.218678
0.144944
0.151787
0.080530
0.154869
0.209827
0.182940
0.046342
0.109225
0.147760
0.344221
0.255021
0.267745
0.013801
0.148624
0.210444
0.430816
0.168933
0.117659
0.081384
0.205777
0.238091
0.265020
0.283754
0.086516
0.026463
0.126716
0.075703
0.318279
0.079361
0.115776
0.114402
0.032662
0.236170
0.147212
0.100032
0.034368
0.074886
0.282541
0.388322
0.159850
0.308941
0.044232
0.173499
0.096892
0.190390
0.159326
0.296310
0.069802
0.210964
0.196994
0.149435
0.247836
0.057560
0.292460
0.066418
0.228887
0.198700
0.117001
0.083208
0.220010
0.291101
0.160372
0.201720
0.309616
0.094959
0.146671
0.086861
0.074594
0.099385
0.245383
0.214092
0.105190
0.113284
0.258120
0.224384
0.207577
0.098833
0.097431
0.176080
0.335964
0.226573
0.037502
0.166783
0.236461
0.255608
0.160306
0.216423
0.191675
0.148002
0.120133
0.114943
0.347528
0.048827
0.186791
0.158318
0.206074
0.196819
0.099458
0.077548
0.047056
0.152118
0.214727
0.418604
0.116036
0.357487
0.076442
0.169009
0.283002
0.291864
0.124113
0.333149
0.047279
0.176911
0.153348
0.164261
0.192069
0.072606
0.285225
0.055642
0.207875
0.086683
0.031907
0.019407
0.139610
0.375950
0.199072
0.166840
0.316606
0.160436
0.049404
0.027256
0.097392
0.181123
0.201707
0.300590
0.167245
0.064838
0.219650
0.259467
0.043174
0.108405
0.113711
0.099401
0.192188
0.217739
0.066435
0.201405
0.092822
0.248341
0.077792
0.134998
0.243135
0.206180
0.057246
0.139197
0.257618
0.023491
0.197855
0.150912
0.228387
0.150756
0.053388
0.185984
0.129465
0.098718
0.077899
0.233908
0.132020
0.432954
0.171797
0.026455
0.299925
0.246935
0.140999
0.376753
0.100158
0.152743
0.108357
0.140540
0.263680
0.122365
0.216651
0.117792
0.037570
0.035659
0.143137
0.026783
0.187850
0.498619
0.176008
0.163931
0.263975
0.220746
0.079606
0.083049
0.149250
0.198933
0.145169
0.307789
0.090849
0.120873
0.160984
0.203585
0.044113
0.089589
0.084851
0.093301
0.083202
0.124740
0.110220
0.209379
0.146174
0.180122
0.042922
0.045752
0.225996
0.143355
0.104461
0.035002
0.200930
0.026955
0.214802
0.099188
0.298875
0.059052
0.021996
0.143894
0.129256
0.093792
0.087134
0.133853
0.048226
0.331690
0.193557
0.173613
0.200107
0.158256
0.151544
0.354200
0.146157
0.097970
0.046750
0.066417
0.249618
0.169726
0.202056
0.211064
0.109545
0.050830
0.257954
0.093383
0.208872
0.418926
0.128737
0.152111
0.224789
0.215271
0.100547
0.090713
0.163284
0.017268
0.111842
0.250503
0.069972
0.142110
0.075052
0.130258
0.072977
0.037412
0.079853
0.104499
0.107227
0.060045
0.129690
0.142905
0.126265
0.170461
0.018934
0.133097
0.282505
0.078865
0.296662
0.078705
0.241166
0.083196
0.293744
0.088064
0.226860
0.061668
0.131917
0.027649
0.238428
0.065141
0.279738
0.053344
0.102779
0.071236
0.151305
0.102592
0.227434
0.041531
0.237165
0.106700
0.175202
0.140431
0.052160
0.154708
0.334608
0.170482
0.158959
0.208304
0.287985
0.040417
0.254899
0.129323
0.170170
0.226643
0.089232
0.035651
0.147811
0.144370
0.049902
0.047205
0.110327
0.045746
0.066516
0.195133
0.155055
0.060890
0.147467
0.070556
0.086192
0.182431
0.144796
0.119670
0.172747
0.014068
0.228354
0.135095
0.090245
0.299120
0.143344
0.193961
0.302210
0.091786
0.240357
0.137794
0.240544
0.035736
0.319812
0.067407
0.203430
0.091738
0.173102
0.075708
0.180913
0.196017
0.302989
0.100088
0.161788
0.085585
0.026740
0.152548
0.179980
0.143806
0.197626
0.176052
0.038354
0.167934
0.017844
0.148769
0.420617
0.092132
0.186089
0.213312
0.267753
0.047794
0.292413
0.058105
0.103470
0.056396
0.012639
0.158362
0.107335
0.218457
0.044497
0.058483
0.171413
0.044553
0.015137
0.157954
0.173554
0.063400
0.211989
0.100289
0.318549
0.268680
0.188559
0.163439
0.039381
0.035949
0.226167
0.204091
0.170489
0.375455
0.184605
0.189625
0.179077
0.098851
0.160039
0.072181
0.277897
0.115352
0.170281
0.057769
0.201578
0.207230
0.169378
0.054198
0.129980
0.253009
0.276412
0.296480
0.143757
0.103224
0.107587
0.225457
0.116063
0.171895
0.162102
0.274783
0.072065
0.299813
0.075256
0.182579
0.416383
0.168202
0.215344
0.206153
0.276826
0.063195
0.376451
0.104309
0.207288
0.080315
0.078912
0.282370
0.129228
0.233512
0.228027
0.165919
0.226532
0.072578
0.093582
0.108103
0.096452
0.118110
0.148002
0.100220
0.305373
0.213733
0.122432
0.074479
0.116216
0.126819
0.143395
0.242652
0.198958
0.420588
0.074208
0.247337
0.101518
0.140407
0.178459
0.126808
0.336381
0.153568
0.100316
0.087013
0.194471
0.350963
0.133837
0.049859
0.085964
0.196520
0.209834
0.289674
0.108350
0.054996
0.119837
0.203063
0.062186
0.157119
0.115331
0.365019
0.085867
0.378270
0.187670
0.175177
0.327307
0.216443
0.170241
0.192622
0.429478
0.073783
0.239445
0.026122
0.155614
0.227053
0.035973
0.420911
0.247566
0.142687
0.212637
0.191378
0.199154
0.056528
0.092803
0.088836
0.041683
0.196028
0.204001
0.117581
0.143101
0.223019
0.102145
0.180775
0.108343
0.165243
0.134267
0.233047
0.128293
0.491012
0.145868
0.194065
0.087675
0.239531
0.305337
0.156116
0.354026
0.159862
0.178604
0.036099
0.152912
0.386668
0.108779
0.167330
0.012759
0.190187
0.191214
0.207619
0.121890
0.058362
0.143771
0.112142
0.055738
0.135076
0.147334
0.352642
0.138958
0.310782
0.229327
0.176705
0.249358
0.068379
0.085442
0.170268
0.192864
0.150822
0.139948
0.070982
0.017739
0.414576
0.123374
0.518549
0.328188
0.110242
0.198806
0.145922
0.039615
0.081062
0.182164
0.147079
0.155538
0.189529
0.252215
0.051655
0.136428
0.246333
0.173942
0.225529
0.220850
0.102026
0.164736
0.170721
0.133260
0.458219
0.135163
0.069543
0.056305
0.172503
0.216265
0.109704
0.244598
0.051910
0.097503
0.068926
0.082512
0.336025
0.036759
0.208957
0.115825
0.218079
0.208341
0.166766
0.057164
0.141186
0.042892
0.101184
0.043502
0.205359
0.215931
0.333808
0.125059
0.153777
0.300930
0.180004
0.186134
0.205386
0.195598
0.055763
0.137923
0.113048
0.098064
0.065600
0.043610
0.386610
0.174100
0.377261
0.347646
0.268611
0.171567
0.082758
0.098863
0.066170
0.101553
0.180911
0.209924
0.184175
0.113068
0.096913
0.111693
0.126708
0.260579
0.181495
0.163880
0.018539
0.089605
0.219727
0.208147
0.300202
0.135888
0.095015
0.047816
0.043541
0.065710
0.159188
0.156721
0.123258
0.132215
0.078801
0.190854
0.262881
0.073984
0.128142
0.187251
0.147467
0.244436
0.197334
0.098590
0.197947
0.048901
0.122402
0.054450
0.137633
0.271504
0.275653
0.097956
0.236468
0.313540
0.206102
0.214937
0.110314
0.201909
0.206355
0.154375
0.117595
0.128481
0.066747
0.130607
0.249570
0.213951
0.241687
0.262850
0.334459
0.191341
0.127579
0.055051
0.089218
0.154858
0.172942
0.193177
0.188913
0.089851
0.150510
0.110705
0.065271
0.428603
0.117312
0.042953
0.048352
0.146589
0.191674
0.243565
0.216988
0.215375
0.109556
0.163070
0.137336
0.194845
0.173784
0.106317
0.179359
0.141796
0.074895
0.219276
0.101825
0.106526
0.143411
0.163619
0.172163
0.139058
0.056357
0.215025
0.177091
0.017851
0.069271
0.111190
0.047156
0.302607
0.227662
0.142186
0.307482
0.148018
0.184342
0.237760
0.045393
0.209949
0.159211
0.093517
0.135025
0.111246
0.074353
0.274413
0.081387
0.202763
0.210646
0.081777
0.142078
0.170330
0.194341
0.034558
0.051665
0.176679
0.217990
0.298652
0.194251
0.190662
0.210233
0.199739
0.110087
0.429262
0.103571
0.128526
0.022810
0.155112
0.139096
0.217557
0.204754
0.293079
0.103223
0.182476
0.091189
0.226477
0.106161
0.096290
0.197977
0.177770
0.128481
0.162859
0.210910
0.112068
0.192432
0.042116
0.169368
0.046477
0.092268
0.313342
0.166989
0.184114
0.125889
0.101006
0.133634
0.231295
0.211670
0.209775
0.317618
0.087391
0.163562
0.160547
0.140031
0.127758
0.083981
0.038047
0.146346
0.193265
0.052869
0.117670
0.041882
0.063432
0.105560
0.144985
0.099470
0.161369
0.129697
0.063358
0.149743
0.040914
0.267041
0.190185
0.085005
0.288376
0.156127
0.217822
0.130161
0.276006
0.174566
0.165408
0.021279
0.158271
0.136421
0.172119
0.128362
0.239286
0.104169
0.151498
0.147962
0.177709
0.163304
0.180173
0.168059
0.105102
0.087439
0.090160
0.144196
0.092679
0.208298
0.026836
0.151936
0.207364
0.116066
0.348728
0.139043
0.200120
0.125675
0.246990
0.150642
0.145297
0.055558
0.152605
0.380255
0.132502
0.191151
0.081585
0.234211
0.094933
0.038611
0.056792
0.106168
0.213892
0.078619
0.200787
0.035293
0.123592
0.168694
0.189964
0.133006
0.025502
0.126236
0.097664
0.316792
0.230320
0.191610
0.093318
0.069113
0.303473
0.092788
0.255958
0.163854
0.190771
0.246258
0.247789
0.060444
0.153904
0.079258
0.210014
0.208011
0.241784
0.073993
0.234013
0.174917
0.241377
0.203397
0.221665
0.163040
0.145267
0.177892
0.023363
0.111657
0.116939
0.159274
0.075567
0.163702
0.213294
0.082128
0.268280
0.099636
0.038568
0.351886
0.243861
0.133546
0.114870
0.073504
0.200345
0.398926
0.062638
0.180923
0.101926
0.192480
0.145259
0.134017
0.058540
0.043386
0.195129
0.081812
0.283374
0.034250
0.165128
0.272544
0.206494
0.073482
0.059050
0.152004
0.126544
0.328103
0.218190
0.154321
0.086882
0.081701
0.289459
0.119598
0.269271
0.061853
0.114553
0.322059
0.213903
0.042977
0.152683
0.163667
0.179965
0.294457
0.306715
0.150396
0.260462
0.151116
0.275549
0.150191
0.165228
0.153143
0.262504
0.150988
0.152493
0.230804
0.193760
0.187353
0.064451
0.174301
0.172221
0.062243
0.126791
0.106093
0.092653
0.283637
0.172822
0.071807
0.098622
0.049463
0.097664
0.371899
0.028335
0.086544
0.120064
0.140009
0.095841
0.102402
0.163852
0.103480
0.208566
0.061999
0.249408
0.074035
0.185569
0.322763
0.223859
0.137907
0.160220
0.094571
0.080442
0.175770
0.183729
0.109729
0.038961
0.198148
0.244457
0.050263
0.218001
0.130715
0.042657
0.198542
0.139130
0.049264
0.281705
0.275028
0.091480
0.272443
0.337895
0.116845
0.159809
0.144497
0.174215
0.226440
0.174912
0.169196
0.185359
0.105925
0.159829
0.248101
0.181805
0.129757
0.059281
0.182736
0.122309
0.075618
0.211989
0.083730
0.157711
0.089299
0.109588
0.120440
0.209699
0.028754
0.190765
0.245400
0.070558
0.062482
0.124602
0.156484
0.105673
0.051983
0.266258
0.184093
0.158783
0.125102
0.154386
0.244949
0.158038
0.303276
0.275215
0.156426
0.142416
0.019099
0.105364
0.023036
0.239549
0.156852
0.114847
0.127212
0.151573
0.037166
0.088945
0.127873
0.189551
0.179193
0.153399
0.046203
0.271574
0.290246
0.072866
0.117836
0.214183
0.087040
0.149584
0.120617
0.053014
0.257980
0.185567
0.101831
0.212693
0.050715
0.117442
0.080258
0.182717
0.017876
0.004029
0.129169
0.165843
0.034816
0.231041
0.113560
0.046367
0.031837
0.016324
0.196617
0.243793
0.132018
0.113858
0.164022
0.187892
0.136869
0.061584
0.134496
0.231118
0.069654
0.186597
0.280487
0.132726
0.155072
0.100385
0.341484
0.048509
0.209297
0.102709
0.206213
0.108896
0.076284
0.162282
0.045601
0.170980
0.207937
0.061499
0.110813
0.059061
0.088652
0.221149
0.187743
0.361933
0.237073
0.244863
0.065236
0.199821
0.337206
0.111699
0.166143
0.168056
0.112173
0.101126
0.028345
0.053253
0.187057
0.194516
0.062561
0.177299
0.132690
0.158208
0.110808
0.258627
0.145726
0.103864
0.051924
0.104515
0.034909
0.249270
0.087632
0.183133
0.044639
0.119474
0.257519
0.153483
0.271594
0.148381
0.061899
0.256580
0.111352
0.064330
0.090661
0.329456
0.149483
0.112920
0.273266
0.036454
0.011658
0.143156
0.368240
0.068448
0.154302
0.108310
0.213113
0.072285
0.057647
0.153838
0.037319
0.066306
0.263102
0.156689
0.104565
0.261566
0.125548
0.292322
0.140665
0.360979
0.245351
0.245653
0.128804
0.125278
0.309101
0.159725
0.211252
0.136753
0.207496
0.017891
0.046365
0.070178
0.091455
0.176058
0.031627
0.142524
0.104024
0.196359
0.148858
0.217583
0.252052
0.246996
0.165960
0.068566
0.062613
0.241723
0.102139
0.194158
0.023623
0.202985
0.181556
0.147421
0.282423
0.214670
0.079226
0.221158
0.111083
0.105624
0.065758
0.278776
0.143082
0.080587
0.165940
0.081507
0.093330
0.072033
0.347943
0.171202
0.117583
0.090039
0.233798
0.117313
0.143310
0.112553
0.055369
0.200843
0.164849
0.158467
0.166786
0.378627
0.107244
0.265627
0.033175
0.284435
0.118970
0.231220
0.281831
0.178269
0.161179
0.189078
0.238089
0.148424
0.205845
0.118945
0.021988
0.020381
0.032365
0.132715
0.109270
0.177612
0.112514
0.170454
0.106498
0.151374
0.303923
0.190808
0.285795
0.060080
0.088556
0.245556
0.073579
0.045834
0.149703
0.156675
0.190140
0.210346
0.138857
0.295921
0.019959
0.267547
0.149457
0.179928
0.031448
0.066390
0.156022
0.213108
0.114009
0.130588
0.142981
0.089906
0.213339
0.262988
0.212343
0.084976
0.236019
0.167995
0.323058
0.057397
0.113791
0.278668
0.101313
0.160881
0.207958
0.284896
0.136640
0.180111
0.177637
0.245918
0.132580
0.199142
0.243544
0.087537
0.087371
0.085607
0.255942
0.208807
0.212416
0.227112
0.046237
0.122052
0.116681
0.028352
0.163031
0.175894
0.201653
0.081962
0.184819
0.250418
0.214575
0.133600
0.297828
0.135850
0.221006
0.147514
0.069478
0.084491
0.279270
0.038322
0.090885
0.191834
0.096380
0.321485
0.071385
0.316200
0.155175
0.234964
0.011318
0.128541
0.114571
0.234177
0.036100
0.180115
0.205923
0.177114
0.212584
0.297747
0.105658
0.086198
0.135626
0.087534
0.310056
0.119345
0.143021
0.331477
0.104074
0.130020
0.198578
0.151184
0.137344
0.030935
0.204387
0.146785
0.151390
0.178742
0.007182
0.053541
0.150398
0.128668
0.237047
0.210648
0.183694
0.228698
0.008881
0.182379
0.212200
0.115466
0.230263
0.120425
0.056275
0.144736
0.266944
0.236936
0.087938
0.084997
0.215773
0.108700
0.228786
0.065880
0.078478
0.104374
0.245797
0.038576
0.024908
0.124697
0.179810
0.238643
0.037704
0.233282
0.172708
0.168348
0.148823
0.198641
0.083516
0.247211
0.155787
0.202442
0.230196
0.151777
0.166495
0.377856
0.040055
0.165901
0.171436
0.152566
0.140983
0.041983
0.137878
0.265521
0.206946
0.150169
0.170021
0.114778
0.135895
0.095713
0.090901
0.116902
0.152260
0.177786
0.160639
0.109900
0.128095
0.105451
0.194116
0.241778
0.160386
0.197279
0.041188
0.140581
0.129114
0.100554
0.250946
0.164451
0.154234
0.180294
0.262060
0.157535
0.113032
0.054449
0.155849
0.073212
0.205009
0.213509
0.113256
0.140087
0.090815
0.040796
0.074367
0.201469
0.106914
0.138947
0.129659
0.107468
0.235370
0.136203
0.294240
0.223411
0.098015
0.104450
0.249068
0.139152
0.194894
0.096707
0.051779
0.441024
0.101440
0.079473
0.098880
0.223323
0.140331
0.040019
0.073052
0.132213
0.221136
0.065928
0.207837
0.196874
0.095437
0.208214
0.211770
0.270764
0.293268
0.228334
0.146484
0.032748
0.029385
0.039836
0.096838
0.280295
0.165645
0.155533
0.066437
0.130326
0.057351
0.072649
0.219399
0.079763
0.096071
0.254155
0.198132
0.126478
0.119334
0.199767
0.216932
0.100077
0.130597
0.269305
0.172789
0.134921
0.071443
0.103775
0.042264
0.242391
0.095959
0.136618
0.140980
0.081038
0.296545
0.103841
0.224467
0.169493
0.204577
0.033435
0.249410
0.029426
0.174763
0.168208
0.078088
0.381111
0.119343
0.128711
0.162521
0.083844
0.202239
0.018139
0.119626
0.022088
0.256745
0.058550
0.135624
0.209490
0.152471
0.207640
0.263507
0.276731
0.375327
0.206779
0.124612
0.034257
0.055517
0.069040
0.125012
0.247475
0.187935
0.027637
0.110417
0.216795
0.100172
0.076308
0.202228
0.111121
0.142785
0.298125
0.157440
0.129062
0.200541
0.267351
0.252749
0.089599
0.097590
0.208783
0.194678
0.075723
0.135395
0.161292
0.047353
0.301867
0.073016
0.237902
0.187763
0.167271
0.281925
0.024468
0.220912
0.047602
0.224479
0.148628
0.180493
0.203713
0.182754
0.124127
0.044894
0.217595
0.076487
0.195454
0.278326
0.306970
0.195487
0.057566
0.156503
0.126183
0.274746
0.024687
0.082679
0.154091
0.121315
0.240658
0.193355
0.189525
0.271616
0.157473
0.103216
0.079384
0.053443
0.107584
0.081493
0.166336
0.175954
0.187050
0.116609
0.181537
0.128348
0.093792
0.224190
0.112159
0.103589
0.223691
0.125797
0.259325
0.240943
0.278126
0.192026
0.025498
0.032106
0.227546
0.161947
0.037913
0.083651
0.225508
0.158124
0.293412
0.105886
0.154971
0.118802
0.155425
0.289693
0.070908
0.127314
0.165726
0.096775
0.050909
0.262394
0.269297
0.144620
0.170071
0.120111
0.082730
0.144480
0.169808
0.207260
0.453813
0.140901
0.006082
0.080851
0.258114
0.220792
0.033578
0.136751
0.272037
0.203879
0.180597
0.123179
0.040075
0.153017
0.222853
0.219871
0.133304
0.134208
0.055257
0.019630
0.088550
0.215932
0.266073
0.165209
0.189592
0.067546
0.155661
0.052715
0.029908
0.104737
0.118634
0.091190
0.267031
0.172537
0.329685
0.205896
0.057713
0.205938
0.174702
0.249689
0.071622
0.040863
0.220422
0.264882
0.224196
0.219343
0.193396
0.088821
0.109747
0.334395
0.099308
0.086761
0.289592
0.198496
0.207597
0.141055
0.167502
0.130937
0.152097
0.133466
0.162977
0.206760
0.231046
0.118640
0.433583
0.098648
0.057789
0.124809
0.302942
0.183488
0.083575
0.115857
0.268062
0.232569
0.088944
0.177832
0.097158
0.121923
0.217379
0.228474
0.103498
0.297517
0.027368
0.162451
0.053995
0.180510
0.310421
0.230099
0.085437
0.150466
0.218422
0.173439
0.084722
0.130459
0.128161
0.155042
0.218273
0.141885
0.286826
0.109808
0.044908
0.274434
0.047057
0.207993
0.135392
0.114025
0.160648
0.244566
0.235682
0.297851
0.211486
0.194080
0.140402
0.305845
0.026176
0.075100
0.362911
0.273538
0.258798
0.017884
0.073926
0.207767
0.099367
0.162180
0.231906
0.114103
0.153726
0.219104
0.438223
0.092546
0.153832
0.116466
0.133299
0.181770
0.079605
0.070809
0.256248
0.297085
0.119821
0.179771
0.033695
0.128868
0.199062
0.175607
0.129594
0.279377
0.038089
0.192225
0.152878
0.229769
0.284252
0.233141
0.090855
0.245778
0.209818
0.201892
0.303640
0.058769
0.150469
0.178370
0.236986
0.074605
0.239514
0.129099
0.092997
0.221872
0.242976
0.163619
0.111156
0.202367
0.156283
0.304672
0.121766
0.104033
0.257443
0.334483
0.121608
0.272283
0.022417
0.063177
0.254044
0.232734
0.302140
0.024448
0.116341
0.271759
0.159306
0.134711
0.346873
0.055678
0.085866
0.279080
0.401284
0.142317
0.219071
0.137719
0.042076
0.146386
0.100627
0.020181
0.285078
0.315166
0.180091
0.094060
0.037554
0.060030
0.239154
0.200344
0.242501
0.213812
0.041205
0.120002
0.123851
0.218354
0.255088
0.248660
0.169889
0.091875
0.190344
0.203856
0.340838
0.104378
0.183201
0.082093
0.260950
0.128399
0.167211
0.197065
0.078318
0.100108
0.280455
0.211733
0.066563
0.284982
0.162987
0.399044
0.045020
0.024061
0.242448
0.388793
0.174288
0.183616
0.081146
0.040562
0.229997
0.051841
0.356205
0.057285
0.189355
0.089220
0.169137
0.206972
0.340275
0.153146
0.048842
0.209709
0.269342
0.211971
0.187417
0.162481
0.020146
0.151996
0.035377
0.104490
0.233322
0.273121
0.111436
0.079181
0.188408
0.091393
0.335436
0.041831
0.162807
0.282039
0.025660
0.110925
0.180271
0.143945
0.272318
0.236814
0.085530
0.096652
0.300487
0.235525
0.226318
0.061907
0.224419
0.137681
0.288520
0.229768
0.154063
0.180440
0.065506
0.025265
0.162029
0.169426
0.139462
0.341246
0.121878
0.394429
0.191588
0.094470
0.204086
0.289960
0.125489
0.078889
0.044000
0.009568
0.312677
0.106758
0.376789
0.068217
0.181567
0.077413
0.177733
0.193204
0.314326
0.289503
0.008413
0.074238
0.136931
0.221035
0.180617
0.185324
0.086555
0.125546
0.096200
0.020733
0.213906
0.222881
0.154475
0.040876
0.138726
0.231654
0.212324
0.087296
0.166792
0.254826
0.140926
0.140043
0.280113
0.080007
0.252571
0.135580
0.052321
0.160136
0.305809
0.199190
0.072754
0.024249
0.270301
0.219192
0.201386
0.188069
0.098152
0.048149
0.222318
0.049977
0.132621
0.186566
0.206053
0.388480
0.097147
0.279506
0.216437
0.133988
0.175369
0.141612
0.007690
0.073621
0.050679
0.129131
0.264295
0.079367
0.283094
0.086495
0.137733
0.204891
0.128970
0.210188
0.186767
0.361743
0.065402
0.118233
0.078100
0.168054
0.194171
0.171984
0.259889
0.152433
0.175294
0.116234
0.132296
0.114729
0.119669
0.186159
0.042088
0.159771
0.114428
0.096377
0.238439
0.177461
0.142918
0.132487
0.120193
0.126835
0.154368
0.088995
0.173957
0.186781
0.142647
0.110519
0.073983
0.064741
0.145098
0.228087
0.062494
0.164450
0.131711
0.138694
0.164655
0.065564
0.089274
0.145916
0.192983
0.314211
0.131293
0.098158
0.142793
0.096069
0.069821
0.149798
0.084995
0.015367
0.079567
0.176973
0.234652
0.120041
0.129632
0.017694
0.059028
0.139224
0.139455
0.140981
0.255285
0.296002
0.159414
0.262566
0.054634
0.159609
0.134071
0.075491
0.299305
0.164343
0.081495
0.205156
0.084364
0.090898
0.089966
0.208330
0.055682
0.111053
0.177830
0.181850
0.129365
0.047035
0.143877
0.181761
0.045790
0.153097
0.118969
0.162840
0.230693
0.168487
0.077310
0.185724
0.107626
0.019381
0.085574
0.216601
0.113093
0.244014
0.102839
0.207982
0.106084
0.073786
0.121761
0.186534
0.106176
0.203506
0.153263
0.113532
0.058941
0.161278
0.174253
0.150452
0.145608
0.015783
0.041013
0.165844
0.195258
0.134538
0.064105
0.078661
0.119991
0.316021
0.209081
0.120624
0.124830
0.188756
0.160403
0.272194
0.091466
0.099495
0.083154
0.207931
0.237686
0.213129
0.053162
0.162357
0.181625
0.128884
0.134678
0.198665
0.067221
0.081872
0.228084
0.169444
0.055623
0.220735
0.134479
0.205062
0.120615
0.064571
0.176359
0.159652
0.266982
0.055310
0.136049
0.168537
0.101782
0.131356
0.217299
0.036216
0.222514
0.187214
0.018124
0.186090
0.142690
0.144157
0.069843
0.199163
0.073381
0.196483
0.217913
0.205776
0.061708
0.138050
0.239062
0.072858
0.218987
0.017560
0.051384
0.175173
0.076187
0.217509
0.095571
0.183642
0.286289
0.305970
0.180717
0.083677
0.035206
0.098320
0.162077
0.206914
0.133530
0.120700
0.102593
0.207776
0.133605
0.235623
0.123289
0.192208
0.172566
0.070799
0.114556
0.142132
0.084179
0.041479
0.173487
0.138040
0.103501
0.237744
0.108100
0.104024
0.136260
0.187799
0.203311
0.265698
0.252007
0.051801
0.139050
0.121318
0.025606
0.181716
0.247761
0.163236
0.198079
0.147418
0.185146
0.117086
0.083959
0.087392
0.086111
0.232589
0.112141
0.113450
0.318160
0.343763
0.073922
0.170023
0.175220
0.079876
0.281711
0.037103
0.128216
0.073772
0.062180
0.269895
0.102319
0.178186
0.343764
0.156709
0.143827
0.171252
0.064584
0.111015
0.124026
0.071536
0.192245
0.121920
0.172149
0.061558
0.085231
0.188373
0.027471
0.134128
0.155713
0.048759
0.117464
0.100358
0.200525
0.062524
0.204085
0.081871
0.186301
0.261317
0.179682
0.145755
0.109492
0.227335
0.265786
0.288666
0.280894
0.096143
0.118007
0.090748
0.054033
0.116844
0.192845
0.140248
0.107943
0.133518
0.182406
0.065681
0.145975
0.070952
0.078520
0.298793
0.116892
0.181463
0.245788
0.386968
0.203222
0.069998
0.115053
0.193888
0.283432
0.092383
0.203375
0.072619
0.191838
0.195339
0.162486
0.130736
0.200260
0.130040
0.063451
0.131998
0.083022
0.164464
0.187894
0.108276
0.129360
0.101370
0.219785
0.094354
0.066649
0.144827
0.108375
0.112150
0.181267
0.161889
0.227664
0.117387
0.142977
0.153267
0.241474
0.022842
0.303652
0.248082
0.094289
0.278042
0.211414
0.153696
0.279680
0.232786
0.359260
0.089884
0.148962
0.082133
0.219014
0.080221
0.146178
0.161561
0.111438
0.274275
0.126372
0.157672
0.126831
0.096318
0.128389
0.383696
0.263604
0.245499
0.234358
0.219873
0.268862
0.068622
0.060072
0.317052
0.237171
0.148309
0.147849
0.131304
0.298322
0.212054
0.205189
0.147178
0.020713
0.172019
0.080413
0.157462
0.026570
0.094759
0.107351
0.220051
0.080664
0.159543
0.164732
0.141432
0.073831
0.161125
0.105388
0.065509
0.171061
0.209940
0.240234
0.190682
0.008048
0.100386
0.198850
0.100643
0.224495
0.083419
0.140486
0.329613
0.198769
0.190606
0.272398
0.141463
0.296331
0.077635
0.145312
0.174961
0.238739
0.069072
0.137853
0.115457
0.240165
0.280793
0.139112
0.109142
0.170939
0.140858
0.255037
0.385810
0.386708
0.274355
0.220088
0.086367
0.287542
0.094506
0.047945
0.223943
0.248356
0.123497
0.093130
0.121009
0.320551
0.248740
0.253435
0.216225
0.039662
0.198181
0.147893
0.174278
0.087055
0.108443
0.076960
0.263622
0.029853
0.178196
0.148518
0.184755
0.113280
0.149364
0.098247
0.180492
0.089967
0.124398
0.211236
0.224538
0.121053
0.031295
0.089811
0.125141
0.205737
0.046842
0.278150
0.297915
0.180904
0.146522
0.143436
0.118003
0.092469
0.053264
0.118291
0.195122
0.167138
0.041828
0.125626
0.191704
0.188542
0.265334
0.142495
0.192672
0.282948
0.332112
0.260289
0.291627
0.297344
0.302276
0.197043
0.208915
0.273498
0.265863
0.203272
0.062549
0.182502
0.030221
0.171321
0.100699
0.338539
0.226812
0.186663
0.343968
0.182445
0.205179
0.232363
0.062636
0.110495
0.082915
0.108421
0.211005
0.030472
0.150530
0.251151
0.228440
0.175418
0.024278
0.071464
0.165815
0.011016
0.090344
0.282051
0.093846
0.207105
0.042598
0.198721
0.138923
0.206470
0.110391
0.232633
0.136932
0.270343
0.189231
0.086453
0.105583
0.105209
0.053503
0.160188
0.136290
0.091920
0.115000
0.066675
0.163571
0.045536
0.175955
0.193044
0.241752
0.169229
0.395141
0.162366
0.213080
0.295224
0.404076
0.129232
0.169279
0.176894
0.264937
0.239695
0.078356
0.119808
0.130817
0.181142
0.183164
0.277788
0.166198
0.096445
0.372255
0.172426
0.172435
0.189925
0.178939
0.155220
0.130047
0.110994
0.145405
0.083175
0.183198
0.342806
0.249073
0.072275
0.201939
0.176933
0.072424
0.120058
0.157962
0.216439
0.163888
0.256432
0.039245
0.218731
0.089073
0.226715
0.125446
0.033355
0.096416
0.205434
0.224369
0.053697
0.055446
0.049535
0.136393
0.100128
0.074469
0.037841
0.119802
0.126354
0.180624
0.032024
0.058850
0.143905
0.190483
0.076064
0.307183
0.099361
0.191879
0.190358
0.245703
0.026170
0.114702
0.173495
0.202322
0.169067
0.073721
0.270385
0.268879
0.081351
0.139357
0.289774
0.150782
0.083791
0.293315
0.075512
0.188627
0.150352
0.228141
0.295171
0.216150
0.098775
0.107854
0.091637
0.128379
0.320191
0.242869
0.144826
0.247167
0.206246
0.053711
0.159722
0.176998
0.103419
0.163797
0.175072
0.147526
0.266461
0.086107
0.201068
0.175933
0.129684
0.130153
0.134437
0.119899
0.014507
0.183655
0.095253
0.069561
0.051331
0.107967
0.143630
0.028819
0.082581
0.240170
0.154968
0.066231
0.232738
0.238514
0.108913
0.175516
0.159776
0.020480
0.054465
0.029052
0.179396
0.259032
0.141257
0.296225
0.074560
0.120212
0.317297
0.284274
0.103299
0.061436
0.293107
0.159780
0.152571
0.216287
0.084884
0.146747
0.353083
0.234469
0.347803
0.243318
0.079784
0.066920
0.129357
0.179158
0.182595
0.097420
0.131708
0.268264
0.082947
0.110181
0.084063
0.131079
0.141391
0.098198
0.099715
0.255962
0.312101
0.221348
0.149580
0.266947
0.094622
0.072268
0.129124
0.020997
0.119614
0.196127
0.189325
0.042485
0.212629
0.071170
0.121287
0.058250
0.037275
0.111499
0.172376
0.093194
0.225171
0.204633
0.176795
0.146606
0.135048
0.008801
0.046982
0.097923
0.149171
0.227064
0.044904
0.276228
0.107012
0.203044
0.304653
0.255136
0.163153
0.072447
0.205913
0.130088
0.102355
0.184599
0.032649
0.185785
0.314133
0.192785
0.164094
0.103095
0.064457
0.252715
0.176913
0.156267
0.058237
0.031352
0.052683
0.307734
0.076594
0.152845
0.071137
0.122176
0.130740
0.211753
0.192145
0.297758
0.259844
0.224936
0.159663
0.129466
0.143828
0.144562
0.123617
0.112976
0.217992
0.044814
0.266284
0.086687
0.244004
0.009281
0.238850
0.102230
0.072445
0.090511
0.076942
0.047571
0.077524
0.120300
0.121631
0.255973
0.067931
0.130018
0.165309
0.063968
0.142846
0.159517
0.054185
0.095804
0.103959
0.208775
0.135605
0.103987
0.197721
0.064205
0.144223
0.086610
0.121098
0.166540
0.079989
0.073767
0.252637
0.240428
0.082531
0.109997
0.070121
0.296379
0.213357
0.024530
0.012031
0.045431
0.161616
0.278077
0.110207
0.103371
0.129802
0.232117
0.082752
0.216719
0.276082
0.194831
0.271013
0.061491
0.036588
0.041189
0.129347
0.232085
0.145172
0.192997
0.243588
0.061205
0.245791
0.098280
0.192274
0.027589
0.279715
0.130433
0.057120
0.117085
0.064822
0.179503
0.066123
0.174720
0.103628
0.243712
0.069719
0.174101
0.204791
0.037829
0.094543
0.039907
0.012931
0.127347
0.037308
0.143471
0.132845
0.089982
0.105629
0.062395
0.005903
0.055257
0.199289
0.191996
0.135282
0.041924
0.156907
0.247613
0.113708
0.104417
0.165398
0.116116
0.107290
0.070858
0.065735
0.168442
0.135884
0.179092
0.129995
0.140563
0.089252
0.246410
0.120387
0.282423
0.215093
0.114754
0.133391
0.105544
0.156498
0.071228
0.079784
0.168633
0.097849
0.145376
0.332587
0.057047
0.251965
0.014440
0.124010
0.092967
0.213509
0.103976
0.110608
0.130499
0.162560
0.260858
0.101914
0.181349
0.163860
0.263320
0.027034
0.104729
0.216016
0.114483
0.038893
0.109717
0.084993
0.059418
0.087548
0.123228
0.139251
0.143820
0.111951
0.099780
0.232644
0.056181
0.254712
0.303569
0.160198
0.150745
0.101402
0.155203
0.171689
0.084265
0.157673
0.117622
0.108200
0.079765
0.269336
0.208796
0.058136
0.186172
0.173974
0.250219
0.098406
0.146683
0.213166
0.187727
0.173538
0.036534
0.076618
0.090391
0.242008
0.029743
0.090624
0.227418
0.086917
0.104908
0.287100
0.022223
0.259850
0.085542
0.178023
0.085682
0.326857
0.021319
0.087549
0.079804
0.160310
0.162075
0.254963
0.159920
0.201221
0.207258
0.065724
0.150933
0.197286
0.078044
0.151843
0.200508
0.176613
0.071113
0.077622
0.224410
0.116147
0.039844
0.213631
0.237273
0.283831
0.165694
0.211841
0.340155
0.176217
0.065774
0.127247
0.183186
0.145451
0.074358
0.085230
0.186400
0.096883
0.024478
0.383615
0.215478
0.097106
0.105285
0.185822
0.324925
0.212912
0.189041
0.313110
0.091930
0.138579
0.073191
0.134134
0.162780
0.275361
0.059375
0.202434
0.174511
0.217673
0.255209
0.200243
0.116146
0.199899
0.130731
0.209795
0.166867
0.321908
0.055712
0.049672
0.109453
0.251732
0.061383
0.180458
0.148022
0.285065
0.206277
0.151447
0.266567
0.113386
0.061950
0.181471
0.243288
0.126401
0.152777
0.083661
0.170817
0.120040
0.145951
0.226047
0.203897
0.231812
0.256253
0.223117
0.336189
0.185786
0.091430
0.202263
0.200993
0.243639
0.110012
0.066469
0.163075
0.026866
0.050027
0.377496
0.228238
0.176376
0.126713
0.053727
0.306713
0.293631
0.170192
0.250108
0.112096
0.073915
0.156346
0.224722
0.126614
0.291414
0.119580
0.218851
0.188219
0.220043
0.422290
0.104716
0.255133
0.227253
0.117050
0.191665
0.183932
0.262403
0.100132
0.017949
0.123491
0.289599
0.081854
0.049173
0.106429
0.252841
0.234742
0.184609
0.307441
0.032335
0.076997
0.170925
0.168285
0.065294
0.154851
0.100810
0.099577
0.070121
0.214730
0.156227
0.115003
0.254313
0.423727
0.170933
0.287939
0.181208
0.149515
0.328268
0.219661
0.311562
0.137855
0.062798
0.074835
0.091995
0.059560
0.195553
0.190157
0.268765
0.214217
0.061114
0.208596
0.352280
0.131585
0.038526
0.106036
0.189203
0.197160
0.216122
0.100597
0.283424
0.252962
0.168106
0.210935
0.159895
0.377986
0.171662
0.201600
0.268847
0.140617
0.225089
0.210207
0.158912
0.152160
0.164072
0.267530
0.216687
0.159029
0.070037
0.258852
0.056124
0.233877
0.189845
0.326893
0.154002
0.060948
0.283490
0.107753
0.005457
0.086652
0.152685
0.118108
0.107584
0.146075
0.146536
0.144122
0.309417
0.563074
0.121908
0.234277
0.109795
0.047834
0.271884
0.188584
0.308431
0.098721
0.144348
0.127991
0.178580
0.036712
0.168399
0.269498
0.271796
0.203422
0.182311
0.131112
0.259522
0.040507
0.086101
0.094595
0.203335
0.333049
0.098217
0.078385
0.261635
0.096496
0.170678
0.135721
0.220309
0.202581
0.109531
0.026395
0.258104
0.204151
0.303481
0.247674
0.091111
0.089698
0.219520
0.354475
0.143398
0.259141
0.110462
0.328772
0.095591
0.227198
0.125125
0.348853
0.286163
0.159683
0.295990
0.202562
0.115593
0.073231
0.174850
0.177405
0.072691
0.204634
0.114837
0.133998
0.290873
0.537375
0.099807
0.197825
0.203230
0.073990
0.326182
0.102553
0.248321
0.010394
0.149515
0.185012
0.284732
0.057812
0.074078
0.203315
0.135195
0.159901
0.303942
0.176144
0.150459
0.084746
0.062019
0.091542
0.071840
0.227801
0.108250
0.123272
0.248006
0.221378
0.178749
0.145169
0.180757
0.096008
0.132253
0.047011
0.243329
0.131037
0.259544
0.197533
0.166424
0.192513
0.220422
0.237551
0.136928
0.346964
0.054017
0.214899
0.102625
0.158506
0.087248
0.249168
0.285611
0.169275
0.282129
0.112290
0.084251
0.063650
0.135652
0.142014
0.105630
0.117064
0.166623
0.046554
0.266703
0.330385
0.087917
0.055917
0.227637
0.168117
0.283763
0.016348
0.148700
0.047656
0.146966
0.094924
0.152118
0.055786
0.075973
0.134497
0.030427
0.179861
0.205054
0.112720
0.129414
0.132799
0.136595
0.094074
0.023963
0.095246
0.151537
0.092920
0.211265
0.306403
0.248527
0.147398
0.148070
0.048641
0.092669
0.148322
0.238160
0.122747
0.161443
0.158073
0.148009
0.250183
0.187810
0.034126
0.143743
0.349782
0.103354
0.169985
0.246584
0.107535
0.121718
0.141201
0.183578
0.114400
0.244296
0.175468
0.126902
0.065154
0.060032
0.072315
0.134334
0.033316
0.234022
0.052924
0.272727
0.201713
0.084047
0.154150
0.104785
0.313895
0.131520
0.041263
0.036960
0.058525
0.188817
0.053406
0.102292
0.055894
0.117461
0.169251
0.100794
0.139724
0.013751
0.118150
0.007228
0.081021
0.197046
0.210567
0.124347
0.196078
0.029294
0.043711
0.088521
0.187714
0.135763
0.031815
0.145841
0.045903
0.039767
0.196184
0.153390
0.146112
0.133691
0.026022
0.244420
0.157055
0.147592
0.009125
0.284453
0.241261
0.085441
0.013909
0.283567
0.110171
0.089544
0.114977
0.236212
0.027056
0.201404
0.178882
0.085272
0.144356
0.197840
0.059193
0.175367
0.080170
0.279431
0.210942
0.157922
0.076075
0.171328
0.182624
0.125958
0.245604
0.041721
0.111979
0.096609
0.243611
0.146359
0.108417
0.193001
0.092919
0.267608
0.202045
0.266850
0.094375
0.022633
0.163951
0.212829
0.154800
0.142664
0.239905
0.129384
0.234772
0.190786
0.054221
0.095268
0.116577
0.042199
0.093825
0.088962
0.084512
0.103383
0.155085
0.084429
0.149513
0.036394
0.113526
0.240208
0.176641
0.045693
0.099106
0.416608
0.114342
0.080055
0.114551
0.293275
0.139377
0.045055
0.129040
0.238336
0.085361
0.301023
0.122334
0.031980
0.178084
0.204191
0.038745
0.182917
0.185279
0.301864
0.398511
0.060649
0.129293
0.138834
0.184569
0.209239
0.145097
0.077231
0.041391
0.150575
0.327282
0.129603
0.120306
0.258911
0.184544
0.305383
0.146088
0.298723
0.200252
0.026105
0.143398
0.255350
0.119554
0.066314
0.159427
0.149734
0.213596
0.029473
0.044369
0.095310
0.213163
0.139485
0.210307
0.053455
0.147404
0.339424
0.195669
0.097778
0.225715
0.060533
0.145204
0.274546
0.299682
0.052286
0.107474
0.273679
0.062106
0.183538
0.153943
0.184591
0.226190
0.104350
0.077785
0.133808
0.112507
0.370180
0.140122
0.026694
0.227480
0.285204
0.067743
0.271599
0.318154
0.139613
0.453462
0.070783
0.184781
0.088546
0.076946
0.135467
0.032176
0.138828
0.023981
0.086974
0.258788
0.094529
0.220636
0.279153
0.214735
0.219012
0.133789
0.139813
0.267979
0.069831
0.106810
0.210982
0.047617
0.178330
0.097629
0.126766
0.217522
0.022370
0.166347
0.073587
0.156146
0.134256
0.031262
0.140383
0.120694
0.324612
0.173772
0.155284
0.201232
0.090862
0.231388
0.228858
0.254651
0.066671
0.066426
0.056352
0.115251
0.338667
0.194443
0.079015
0.153444
0.110778
0.123324
0.141657
0.191378
0.240603
0.145418
0.028719
0.276930
0.286649
0.035299
0.318737
0.238222
0.140597
0.456159
0.041167
0.275590
0.143245
0.077833
0.125511
0.146861
0.173373
0.039152
0.035042
0.175739
0.104672
0.361527
0.351438
0.253073
0.194388
0.159512
0.086663
0.284939
0.185336
0.108436
0.166699
0.112931
0.242253
0.093651
0.137273
0.163272
0.067112
0.204428
0.102225
0.124299
0.114321
0.120669
0.273953
0.078139
0.158049
0.127776
0.186158
0.222571
0.027724
0.127295
0.165860
0.217375
0.145913
0.077515
0.057563
0.146414
0.282634
0.142233
0.033813
0.116446
0.157710
0.124991
0.101289
0.164616
0.142769
0.151701
0.051240
0.287811
0.319328
0.105074
0.264863
0.114657
0.102191
0.414894
0.083046
0.302030
0.135541
0.056932
0.174299
0.195307
0.284484
0.039413
0.041086
0.151338
0.108306
0.289637
0.264158
0.286832
0.150223
0.122694
0.018788
0.202178
0.223323
0.183668
0.196660
0.169509
0.101095
0.172245
0.203356
0.140012
0.205804
0.183489
0.105416
0.126406
0.155727
0.088186
0.256194
0.101386
0.105971
0.095535
0.249719
0.192354
0.137500
0.132237
0.058946
0.191462
0.195276
0.107439
0.078887
0.128119
0.270149
0.129743
0.218974
0.105522
0.128939
0.048699
0.079095
0.046190
0.110440
0.231936
0.065105
0.172641
0.314058
0.143782
0.160691
0.098425
0.104369
0.373021
0.175175
0.338337
0.162322
0.027134
0.118248
0.194427
0.269110
0.086353
0.093811
0.267021
0.213076
0.210515
0.123715
0.324889
0.145742
0.222064
0.074576
0.081831
0.235910
0.140397
0.191128
0.129950
0.109492
0.244050
0.213820
0.147264
0.176421
0.118599
0.096853
0.169867
0.239260
0.057589
0.081032
0.156440
0.178140
0.069267
0.248165
0.129090
0.074464
0.223665
0.203320
0.216271
0.078534
0.136255
0.037897
0.242890
0.213684
0.152330
0.364340
0.170153
0.127641
0.016402
0.132549
0.065092
0.197100
0.341618
0.079003
0.119511
0.166948
0.187577
0.080309
0.142826
0.267974
0.372314
0.215862
0.342670
0.083274
0.097214
0.094490
0.190166
0.236637
0.132465
0.097745
0.327625
0.327467
0.278845
0.028065
0.185690
0.085119
0.303848
0.103518
0.148387
0.208632
0.141148
0.206627
0.040726
0.233335
0.236321
0.220145
0.133236
0.173822
0.109873
0.137099
0.154124
0.175768
0.141951
0.128476
0.161711
0.275335
0.099280
0.270606
0.131465
0.033887
0.223126
0.228682
0.298152
0.041081
0.149575
0.080722
0.241785
0.124979
0.119799
0.338146
0.263812
0.117152
0.053163
0.137858
0.100551
0.263914
0.327776
0.082821
0.148466
0.048986
0.162053
0.083431
0.206513
0.354979
0.286395
0.157894
0.387673
0.025604
0.116393
0.089285
0.052692
0.205333
0.112706
0.200605
0.235662
0.184317
0.309762
0.091326
0.096241
0.123487
0.230440
0.130433
0.157232
0.021917
0.152974
0.248028
0.088637
0.252888
0.186128
0.161095
0.122113
0.135001
0.160927
0.117467
0.099230
0.238467
0.187110
0.159083
0.149015
0.249633
0.161333
0.212981
0.209974
0.165893
0.142947
0.118243
0.330590
0.155087
0.191292
0.103169
0.187608
0.023270
0.072211
0.301167
0.327165
0.112499
0.029511
0.162234
0.053726
0.352218
0.258068
0.138866
0.189320
0.115149
0.042521
0.144757
0.191158
0.167443
0.156169
0.010670
0.347895
0.081839
0.124969
0.140028
0.115717
0.122921
0.023088
0.234341
0.157000
0.065075
0.129729
0.138872
0.049961
0.181896
0.144762
0.160312
0.074745
0.138559
0.087303
0.303999
0.120033
0.266494
0.171906
0.132385
0.101682
0.121720
0.150854
0.104574
0.020773
0.131008
0.156465
0.186928
0.091010
0.202237
0.212723
0.061801
0.150511
0.214781
0.047991
0.196822
0.256389
0.167358
0.171164
0.134643
0.150807
0.063620
0.125998
0.212724
0.275972
0.049515
0.086524
0.147139
0.073001
0.261339
0.062434
0.205291
0.120124
0.221118
0.060495
0.292590
0.137319
0.091275
0.161169
0.098331
0.233982
0.198623
0.209337
0.180875
0.106815
0.142324
0.187334
0.073515
0.082280
0.106402
0.011738
0.109670
0.088690
0.161906
0.215736
0.275496
0.131202
0.068599
0.123352
0.236616
0.167854
0.202530
0.207160
0.075431
0.145853
0.171718
0.208323
0.179981
0.112959
0.102566
0.104713
0.133605
0.055142
0.153866
0.160028
0.021685
0.130508
0.120568
0.024159
0.288265
0.101382
0.124538
0.116025
0.125334
0.144333
0.129994
0.109366
0.143982
0.215823
0.096815
0.167508
0.167267
0.055829
0.204966
0.094522
0.099362
0.052212
0.118983
0.099011
0.354931
0.185243
0.130810
0.292980
0.156921
0.058097
0.185407
0.128273
0.177362
0.060255
0.143318
0.271603
0.049653
0.130002
0.201167
0.021562
0.142972
0.083846
0.082925
0.119786
0.286938
0.178868
0.047044
0.136974
0.162795
0.071140
0.097850
0.181028
0.043411
0.168515
0.155039
0.241189
0.192404
0.124424
0.195621
0.098242
0.173637
0.130498
0.049580
0.170274
0.041996
0.164995
0.106177
0.043509
0.191401
0.082188
0.120248
0.133839
0.139143
0.068568
0.102426
0.174063
0.086917
0.139188
0.136685
0.125344
0.105660
0.207740
0.181279
0.104849
0.102546
0.202528
0.090008
0.067211
0.287726
0.319872
0.205997
0.293627
0.191237
0.063136
0.089042
0.176881
0.152860
0.070899
0.134219
0.264333
0.107730
0.194110
0.302551
0.159381
0.138531
0.145530
0.108433
0.038549
0.070695
0.095785
0.199282
0.063874
0.076517
0.057179
0.026569
0.132448
0.230246
0.099723
0.087289
0.159148
0.172906
0.088131
0.172301
0.129523
0.177506
0.152406
0.024588
0.198836
0.105379
0.140431
0.166310
0.008672
0.145045
0.076260
0.104409
0.076825
0.150268
0.220519
0.057261
0.171880
0.029731
0.137128
0.116045
0.143862
0.076807
0.195966
0.081516
0.201828
0.056753
0.351583
0.136772
0.044397
0.178943
0.362349
0.240342
0.244392
0.177629
0.070485
0.072388
0.250043
0.074136
0.138481
0.064766
0.253632
0.199680
0.102395
0.343295
0.224574
0.159812
0.086959
0.198899
0.113060
0.090117
0.039913
0.101866
0.311014
0.065988
0.071733
0.087306
0.136541
0.221595
0.084232
0.165628
0.078481
0.228781
0.062456
0.085788
0.162200
0.221780
0.117724
0.049584
0.102068
0.137348
0.118527
0.154005
0.031024
0.098799
0.047129
0.207197
0.031982
0.160273
0.241279
0.106839
0.174840
0.144341
0.093874
0.120473
0.086487
0.176674
0.082738
0.148094
0.027185
0.097008
0.406953
0.068258
0.031428
0.101270
0.227457
0.242142
0.256885
0.198986
0.124960
0.068658
0.147727
0.026191
0.187333
0.151367
0.220732
0.203478
0.217057
0.180892
0.221914
0.150945
0.090215
0.202822
0.116997
0.072687
0.061129
0.045895
0.252403
0.196253
0.046779
0.043262
0.121857
0.181811
0.127092
0.136892
0.084628
0.213727
0.105664
0.165911
0.209474
0.226521
0.126467
0.044284
0.031502
0.105429
0.051892
0.150714
0.085068
0.070077
0.092745
0.166126
0.123269
0.101987
0.110948
0.198374
0.120908
0.118908
0.137245
0.173591
0.143545
0.303817
0.102291
0.272814
0.198412
0.066703
0.264771
0.164126
0.075088
0.121212
0.067270
0.252518
0.254533
0.207754
0.287219
0.050950
0.098275
0.035990
0.141597
0.198239
0.271563
0.137150
0.166927
0.025290
0.279797
0.256753
0.118602
0.089906
0.124822
0.064190
0.154747
0.045185
0.121779
0.240398
0.074549
0.035245
0.144719
0.244253
0.199622
0.120782
0.059805
0.224816
0.149495
0.180830
0.197697
0.036901
0.085603
0.074223
0.053021
0.079996
0.229043
0.137944
0.100872
0.254894
0.130417
0.231588
0.218431
0.080270
0.096088
0.196369
0.055826
0.065771
0.214738
0.065190
0.201906
0.361239
0.173276
0.327648
0.297783
0.123096
0.148507
0.151769
0.109575
0.067839
0.108247
0.145224
0.208328
0.168861
0.232215
0.045893
0.113188
0.098441
0.116523
0.191600
0.258476
0.072591
0.059605
0.155253
0.354447
0.347370
0.088959
0.202280
0.125113
0.085499
0.173501
0.099689
0.050990
0.201488
0.099228
0.137330
0.285140
0.326083
0.240051
0.211778
0.188402
0.195279
0.209470
0.190572
0.095417
0.059209
0.079110
0.055311
0.090530
0.082922
0.261603
0.039352
0.056413
0.352693
0.081112
0.289958
0.144318
0.191255
0.132841
0.159302
0.107558
0.167829
0.226728
0.026262
0.221403
0.319361
0.198691
0.317849
0.256306
0.143477
0.117540
0.091573
0.187604
0.091474
0.119270
0.095598
0.104858
0.173344
0.234951
0.125239
0.258713
0.217356
0.114891
0.247466
0.042600
0.089773
0.075872
0.120148
0.182539
0.225784
0.231661
0.197096
0.200702
0.080222
0.146754
0.291081
0.048346
0.074469
0.073590
0.117135
0.266082
0.279554
0.196112
0.351478
0.106584
0.122600
0.139750
0.179862
0.126120
0.103321
0.103383
0.028753
0.158523
0.029148
0.123037
0.094856
0.071035
0.355633
0.025961
0.229634
0.049505
0.276079
0.117502
0.108903
0.174647
0.123283
0.227380
0.092989
0.175547
0.292882
0.275885
0.227424
0.229348
0.211246
0.112496
0.159919
0.271234
0.144431
0.048458
0.121281
0.196032
0.144124
0.303513
0.091514
0.278725
0.330115
0.056198
0.243692
0.149492
0.111120
0.082856
0.059895
0.114994
0.129574
0.309518
0.255753
0.110196
0.003226
0.010136
0.384218
0.056678
0.190282
0.067170
0.022022
0.121279
0.198205
0.142012
0.299709
0.048735
0.144510
0.052662
0.128343
0.090211
0.049184
0.203799
0.006956
0.196164
0.036106
0.082369
0.213937
0.067772
0.326107
0.122836
0.133901
0.133459
0.277391
0.103012
0.072094
0.189792
0.072342
0.181461
0.162399
0.086073
0.227042
0.341127
0.176723
0.300302
0.149579
0.056835
0.333226
0.268323
0.132224
0.107349
0.175400
0.277337
0.111511
0.331628
0.112135
0.218515
0.348508
0.125155
0.242654
0.177065
0.092987
0.154717
0.101160
0.135289
0.205171
0.210643
0.291925
0.035673
0.096714
0.153816
0.279827
0.042452
0.285875
0.074334
0.078689
0.056269
0.234550
0.096694
0.205741
0.066661
0.084262
0.029378
0.114090
0.051697
0.099862
0.187162
0.040498
0.106331
0.062002
0.038945
0.176143
0.100061
0.198542
0.107331
0.159111
0.176715
0.280008
0.104924
0.022416
0.079579
0.089960
0.172387
0.181538
0.112357
0.198472
0.312834
0.204688
0.253358
0.142094
0.071739
0.415715
0.276126
0.069379
0.167756
0.152225
0.225132
0.177709
0.205517
0.238565
0.124336
0.137019
0.059765
0.152899
0.234351
0.204438
0.143447
0.219639
0.067306
0.348928
0.245172
0.249619
0.128284
0.058096
0.123200
0.184987
0.174117
0.201966
0.088051
0.108127
0.198901
0.247475
0.058335
0.167841
0.179749
0.077625
0.123917
0.149941
0.082170
0.186012
0.133105
0.047342
0.033889
0.068993
0.101776
0.092281
0.156762
0.034586
0.031492
0.085878
0.106614
0.246185
0.126035
0.101696
0.125662
0.065022
0.184881
0.214179
0.133760
0.116449
0.247212
0.203565
0.167317
0.041173
0.052372
0.435798
0.293971
0.001404
0.127997
0.336964
0.144891
0.217325
0.024808
0.152471
0.116861
0.104774
0.033699
0.102823
0.241150
0.260132
0.149990
0.166267
0.167091
0.359769
0.269546
0.356723
0.199642
0.145342
0.065485
0.181507
0.167424
0.114857
0.209229
0.034720
0.217785
0.145540
0.137349
0.134106
0.163451
0.196747
0.125512
0.043809
0.208812
0.129056
0.137440
0.220890
0.050484
0.077212
0.138314
0.091216
0.121027
0.148510
0.061385
0.097636
0.062494
0.250470
0.042618
0.074553
0.131121
0.163895
0.287047
0.248114
0.189268
0.140993
0.136494
0.136308
0.045556
0.084319
0.081087
0.376668
0.335103
0.072775
0.044373
0.295206
0.059692
0.038055
0.108676
0.113902
0.186167
0.162053
0.066451
0.063732
0.127089
0.226754
0.208838
0.107559
0.173227
0.230801
0.243869
0.346050
0.196473
0.131786
0.048051
0.135474
0.191161
0.101136
0.230142
0.096497
0.123657
0.071201
0.166772
0.168110
0.116897
0.229560
0.052531
0.041311
0.246169
0.039706
0.103737
0.234233
0.048613
0.127052
0.217848
0.118438
0.102172
0.185185
0.104594
0.076238
0.096489
0.188575
0.061984
0.109665
0.169439
0.244040
0.336818
0.205769
0.124876
0.099266
0.112727
0.061676
0.030891
0.203127
0.132148
0.272439
0.152858
0.099506
0.124379
0.111079
0.048608
0.072163
0.060953
0.128149
0.121277
0.228220
0.107810
0.036470
0.095154
0.116020
0.181686
0.112158
0.177187
0.133505
0.098921
0.174250
0.186571
0.172623
0.148058
0.095443
0.129801
0.115107
0.156633
0.056954
0.114339
0.125141
0.152979
0.122973
0.034362
0.186342
0.115528
0.114588
0.194379
0.047436
0.069114
0.159066
0.069731
0.142104
0.193727
0.074477
0.062419
0.256933
0.105716
0.129816
0.040257
0.171572
0.052678
0.188184
0.107130
0.276355
0.322037
0.059137
0.237544
0.252474
0.043311
0.134789
0.067968
0.133706
0.138405
0.184614
0.030842
0.250814
0.106859
0.180985
0.077581
0.063006
0.069689
0.098793
0.098788
0.351213
0.195384
0.062444
0.189112
0.033741
0.109071
0.172552
0.304343
0.171943
0.071087
0.121386
0.131299
0.181420
0.219212
0.098212
0.123023
0.023140
0.163633
0.068321
0.132582
0.125668
0.092217
0.057968
0.060052
0.158655
0.150026
0.131880
0.049359
0.174110
0.190900
0.165647
0.136568
0.102629
0.207478
0.104664
0.076660
0.241927
0.131515
0.258559
0.054534
0.129041
0.106011
0.273627
0.041360
0.282531
0.222431
0.026217
0.084821
0.193513
0.093979
0.097930
0.099819
0.089808
0.182694
0.117597
0.097628
0.272110
0.175621
0.246740
0.026154
0.024927
0.064509
0.232754
0.155695
0.304403
0.094547
0.032722
0.155862
0.033263
0.123378
0.123621
0.354017
0.108710
0.091710
0.081764
0.118273
0.118267
0.171933
0.042408
0.038141
0.193557
0.272272
0.016372
0.189045
0.245845
0.035312
0.118217
0.057913
0.158928
0.082887
0.081355
0.180948
0.101356
0.246393
0.184650
0.196623
0.136591
0.243260
0.126432
0.159200
0.061048
0.191185
0.290836
0.225472
0.174367
0.150407
0.305159
0.035415
0.219991
0.172322
0.035307
0.154822
0.054434
0.178858
0.095395
0.159710
0.131725
0.087444
0.104175
0.200304
0.187848
0.284624
0.231447
0.065335
0.109023
0.205134
0.319289
0.264918
0.213422
0.129893
0.075421
0.182876
0.049047
0.184445
0.063593
0.252593
0.138316
0.076700
0.099131
0.155850
0.079713
0.107610
0.088063
0.108302
0.345127
0.160229
0.097809
0.196434
0.332534
0.156195
0.224399
0.107039
0.131522
0.161443
0.050454
0.289499
0.094172
0.236278
0.060696
0.199515
0.106041
0.214321
0.181659
0.280308
0.057031
0.094541
0.318302
0.402175
0.144651
0.081028
0.237614
0.075822
0.192960
0.145983
0.083510
0.210576
0.112276
0.154807
0.278113
0.182784
0.112736
0.100926
0.074740
0.223243
0.077052
0.271094
0.129658
0.086553
0.104561
0.331025
0.170738
0.123698
0.143280
0.181535
0.119499
0.232013
0.129000
0.150244
0.129368
0.090016
0.163151
0.124320
0.188011
0.204246
0.196351
0.198980
0.112249
0.122767
0.415572
0.066671
0.124924
0.157830
0.289852
0.141470
0.268924
0.117957
0.135943
0.247370
0.070594
0.292391
0.129937
0.293101
0.108534
0.155706
0.096759
0.067887
0.282042
0.333400
0.102815
0.030966
0.282593
0.330609
0.101896
0.064523
0.204857
0.124710
0.165680
0.351310
0.209012
0.249495
0.088726
0.142805
0.258337
0.233343
0.171045
0.012342
0.135085
0.228236
0.045899
0.309691
0.081537
0.063973
0.119222
0.252282
0.068372
0.085420
0.180894
0.134809
0.164249
0.148637
0.192105
0.020382
0.241914
0.124216
0.146553
0.229607
0.206607
0.079526
0.088861
0.215612
0.033438
0.083199
0.386178
0.093203
0.161813
0.085596
0.229186
0.055816
0.084804
0.108899
0.146840
0.346345
0.041951
0.313597
0.063442
0.383378
0.184588
0.104006
0.101019
0.050812
0.308462
0.257600
0.148710
0.059306
0.273034
0.240493
0.032195
0.074829
0.208473
0.175605
0.138247
0.349996
0.282035
0.240016
0.098625
0.063064
0.169668
0.214491
0.223182
0.104123
0.234056
0.312244
0.047879
0.354644
0.112888
0.023873
0.129855
0.118468
0.075611
0.143602
0.309766
0.138923
0.159419
0.120440
0.298996
0.134316
0.325951
0.234019
0.142971
0.280498
0.120172
0.077170
0.204868
0.124024
0.074146
0.125152
0.212708
0.057151
0.224747
0.106218
0.215977
0.104522
0.055758
0.141408
0.161933
0.353775
0.074062
0.239816
0.061163
0.292556
0.185834
0.060581
0.051407
0.091591
0.231672
0.071643
0.071633
0.104599
0.210768
0.217342
0.028927
0.088110
0.138899
0.107482
0.091414
0.229119
0.204070
0.259328
0.134185
0.093841
0.121903
0.155564
0.206411
0.148922
0.233621
0.266457
0.109153
0.280736
0.098184
0.026222
0.087652
0.039680
0.083895
0.126182
0.358190
0.296905
0.281352
0.091188
0.284876
0.119239
0.222380
0.255217
0.134473
0.205929
0.124484
0.058961
0.364726
0.049862
0.050457
0.242219
0.132870
0.098973
0.145413
0.105482
0.105216
0.114641
0.114502
0.099983
0.276494
0.264927
0.048786
0.121774
0.089915
0.154212
0.182661
0.118689
0.053316
0.106985
0.128820
0.129471
0.032080
0.157517
0.141983
0.164333
0.140586
0.080377
0.054574
0.166797
0.253053
0.212826
0.172881
0.274924
0.118044
0.164827
0.093710
0.134439
0.152997
0.178567
0.287563
0.200659
0.141180
0.193042
0.078824
0.033525
0.167778
0.170637
0.188721
0.067569
0.283311
0.283122
0.248184
0.181207
0.193984
0.072598
0.093713
0.253390
0.128673
0.180658
0.127734
0.020903
0.366765
0.099735
0.053761
0.241975
0.153301
0.240257
0.066192
0.075167
0.131257
0.100197
0.182061
0.068403
0.271686
0.200219
0.126208
0.095405
0.163926
0.136627
0.183575
0.038784
0.084497
0.185660
0.187620
0.159520
0.084247
0.107944
0.316102
0.192432
0.159904
0.072643
0.138300
0.191334
0.275202
0.114321
0.117705
0.282375
0.119188
0.208157
0.194964
0.150419
0.161481
0.251147
0.241166
0.141139
0.188847
0.139538
0.079851
0.107420
0.187718
0.263651
0.129341
0.111739
0.086353
0.181403
0.192940
0.233015
0.192636
0.011881
0.074803
0.347654
0.117860
0.167748
0.072086
0.078182
0.237917
0.182774
0.107991
0.125317
0.206660
0.182095
0.078427
0.139840
0.106958
0.116814
0.294290
0.059481
0.156109
0.125260
0.204215
0.080840
0.214356
0.109016
0.201230
0.104134
0.166024
0.189280
0.186109
0.152891
0.198841
0.056645
0.351040
0.154517
0.082410
0.112352
0.187292
0.151109
0.262371
0.081787
0.166412
0.226372
0.039380
0.176530
0.265501
0.184265
0.157569
0.271714
0.162805
0.186689
0.190731
0.094705
0.102552
0.108846
0.115847
0.231012
0.135775
0.204152
0.097874
0.078584
0.152465
0.223799
0.066859
0.076128
0.055118
0.234859
0.136208
0.179768
0.156422
0.080816
0.167400
0.125826
0.084788
0.087785
0.179157
0.130345
0.111660
0.042937
0.138238
0.052773
0.257201
0.109907
0.164537
0.196743
0.307829
0.127701
0.186182
0.118194
0.186998
0.063240
0.117914
0.166124
0.207759
0.133460
0.134874
0.057329
0.233930
0.175012
0.097599
0.089928
0.136727
0.041781
0.283579
0.067137
0.291288
0.134267
0.061299
0.128464
0.155766
0.107123
0.166446
0.188519
0.102713
0.131893
0.168022
0.161153
0.048532
0.014710
0.163973
0.076948
0.121998
0.142686
0.137139
0.143191
0.092861
0.174949
0.172738
0.080360
0.111141
0.134132
0.115786
0.041698
0.176180
0.044458
0.114733
0.082645
0.059530
0.057195
0.270404
0.204701
0.119834
0.098275
0.021772
0.197990
0.084912
0.095612
0.121947
0.190982
0.311308
0.055600
0.231090
0.096219
0.159739
0.034614
0.104766
0.159912
0.301862
0.206740
0.051265
0.007440
0.119608
0.207385
0.137313
0.066592
0.214175
0.043933
0.173420
0.164719
0.287785
0.127606
0.025461
0.112002
0.200419
0.063120
0.196336
0.025636
0.163404
0.014508
0.119469
0.167514
0.132933
0.114323
0.139048
0.099309
0.029269
0.071335
0.150801
0.128132
0.085879
0.110398
0.203831
0.119331
0.199171
0.199825
0.129490
0.164767
0.156435
0.077438
0.117349
0.037875
0.161104
0.061047
0.257016
0.253964
0.030276
0.220770
0.168338
0.328571
0.099635
0.082381
0.044058
0.080081
0.209795
0.233769
0.143189
0.149377
0.077349
0.108076
0.105083
0.113097
0.241656
0.266085
0.061438
0.029248
0.112211
0.223989
0.087990
0.035933
0.255834
0.097792
0.026180
0.245161
0.161779
0.091747
0.141962
0.157455
0.145387
0.032282
0.159401
0.049013
0.230518
0.019942
0.051418
0.109035
0.216778
0.086965
0.070715
0.205702
0.247166
0.073237
0.143730
0.126108
0.098144
0.059320
0.091800
0.188285
0.217713
0.220266
0.081316
0.158267
0.113055
0.040712
0.224457
0.144245
0.220901
0.139767
0.136115
0.122275
0.068009
0.155503
0.216188
0.195258
0.074585
0.039481
0.203314
0.082336
0.145593
0.215077
0.034561
0.179212
0.082670
0.032236
0.146169
0.071174
0.115957
0.214523
0.107432
0.034310
0.162883
0.242767
0.040218
0.053940
0.109232
0.073199
0.112253
0.266305
0.066038
0.047180
0.293329
0.189386
0.092601
0.077422
0.038807
0.079254
0.295336
0.104646
0.052786
0.142156
0.126853
0.039551
0.061348
0.144237
0.278299
0.106691
0.158180
0.046204
0.079591
0.162629
0.137152
0.156004
0.230595
0.168295
0.195290
0.133361
0.048091
0.074828
0.162419
0.119486
0.173105
0.126577
