# G_5, p = 0.8000 GPa (dir_8000.0_bar).
# 6MR distortion Gamma = (1/2)(max - min) over the three opposite-O diagonals.
# 40 rings x 51 frames = 2040 samples.
# Column: per-6MR Gamma [A]
0.002765
0.002189
0.002732
0.002170
0.002529
0.001949
0.002565
0.001966
0.002618
0.002066
0.002709
0.002097
0.002701
0.002087
0.002748
0.002189
0.001414
0.001447
0.001365
0.001398
0.001668
0.001634
0.001697
0.001687
0.001720
0.001704
0.001681
0.001649
0.001462
0.001447
0.001564
0.001519
0.001731
0.001693
0.001802
0.001725
0.001714
0.001867
0.001704
0.001766
0.393445
0.222689
0.182257
0.052339
0.022558
0.080084
0.058330
0.102980
0.165147
0.418121
0.138257
0.272229
0.303026
0.214624
0.384051
0.205937
0.166288
0.129497
0.139407
0.083763
0.168507
0.016155
0.013668
0.097141
0.191345
0.169716
0.286888
0.187194
0.301838
0.188881
0.073483
0.298984
0.209514
0.340102
0.052188
0.225466
0.142010
0.172672
0.180326
0.065449
0.314744
0.194159
0.063564
0.116489
0.124056
0.169192
0.250736
0.209212
0.243566
0.357526
0.174549
0.240302
0.161085
0.118034
0.336669
0.085915
0.045444
0.141996
0.125784
0.052901
0.165618
0.052971
0.081759
0.163844
0.061239
0.486295
0.267560
0.214651
0.269901
0.193147
0.366763
0.575528
0.117426
0.333130
0.110625
0.108955
0.148023
0.297479
0.125392
0.213542
0.163192
0.181334
0.368169
0.075763
0.150369
0.055351
0.255250
0.314757
0.068542
0.169745
0.210663
0.128957
0.082731
0.215370
0.096684
0.300069
0.233395
0.155861
0.164333
0.089702
0.253492
0.283880
0.087624
0.198667
0.200297
0.529520
0.181886
0.270758
0.234851
0.061032
0.243545
0.379834
0.354167
0.151832
0.121788
0.199236
0.190188
0.202999
0.281687
0.081588
0.052171
0.132278
0.088269
0.075288
0.183004
0.269850
0.066260
0.122353
0.093124
0.094003
0.227181
0.175886
0.156854
0.346369
0.153170
0.031247
0.065631
0.122138
0.269195
0.175085
0.246074
0.191893
0.118295
0.083591
0.155046
0.184866
0.140388
0.143733
0.100266
0.294979
0.167865
0.093008
0.322632
0.084027
0.150844
0.199290
0.437813
0.192806
0.261630
0.134813
0.241831
0.085534
0.019630
0.154501
0.018232
0.279934
0.205797
0.167924
0.330686
0.055358
0.058189
0.055662
0.139027
0.314295
0.309568
0.204960
0.137040
0.071260
0.233370
0.134309
0.222452
0.116279
0.146222
0.237689
0.130916
0.311224
0.201435
0.320568
0.111100
0.166451
0.178892
0.230652
0.195528
0.281169
0.213558
0.195271
0.661089
0.133246
0.179701
0.081803
0.188141
0.150483
0.175451
0.226955
0.263112
0.200572
0.036691
0.086238
0.282676
0.202474
0.127881
0.079993
0.157057
0.233705
0.456724
0.047921
0.194014
0.243694
0.231884
0.301023
0.271079
0.110917
0.124825
0.258987
0.089648
0.197881
0.110174
0.282555
0.087892
0.103422
0.046338
0.205743
0.217578
0.247969
0.246091
0.069746
0.390275
0.119714
0.077708
0.306424
0.249415
0.199310
0.414373
0.074927
0.244379
0.107824
0.187627
0.240175
0.227566
0.294253
0.226186
0.140346
0.220939
0.251703
0.065309
0.055650
0.154308
0.033447
0.242099
0.290467
0.154623
0.046248
0.241411
0.298116
0.169795
0.293094
0.109005
0.108187
0.278885
0.213085
0.090443
0.174427
0.473911
0.130584
0.195877
0.244268
0.234846
0.097658
0.233809
0.431045
0.332781
0.177858
0.406578
0.159567
0.419368
0.019818
0.203953
0.188511
0.225309
0.209366
0.395024
0.105158
0.093881
0.587424
0.280667
0.072187
0.271945
0.202283
0.066857
0.017940
0.231272
0.142119
0.106318
0.032516
0.255400
0.123889
0.140177
0.305955
0.269630
0.454475
0.068432
0.209426
0.385832
0.308928
0.096869
0.238022
0.493698
0.167796
0.247265
0.281798
0.209886
0.245967
0.089580
0.300172
0.047175
0.267037
0.237772
0.256276
0.385642
0.205370
0.491506
0.073088
0.195373
0.430122
0.117496
0.134627
0.135758
0.144334
0.194515
0.126201
0.195106
0.098999
0.133533
0.174103
0.205402
0.152978
0.106807
0.202705
0.241761
0.186669
0.268748
0.197739
0.320236
0.463657
0.161084
0.282759
0.303456
0.066730
0.236673
0.178312
0.227037
0.016698
0.351838
0.052958
0.409538
0.264485
0.305262
0.323903
0.262007
0.097264
0.029127
0.019922
0.293862
0.331062
0.131141
0.034859
0.285577
0.053384
0.294472
0.402250
0.106745
0.091715
0.366115
0.025388
0.015475
0.078053
0.127749
0.163255
0.492574
0.156684
0.109648
0.231055
0.439020
0.173300
0.100967
0.123826
0.178782
0.211760
0.120791
0.202592
0.292477
0.172678
0.185170
0.276009
0.275442
0.123478
0.190400
0.220316
0.126301
0.129405
0.230027
0.253129
0.235485
0.283195
0.065361
0.034578
0.177534
0.205818
0.073609
0.533689
0.061442
0.088708
0.153355
0.343398
0.302468
0.264931
0.136572
0.150282
0.378966
0.261970
0.240215
0.225787
0.424908
0.036629
0.052813
0.130477
0.271408
0.095555
0.166738
0.061023
0.249016
0.186505
0.094237
0.105820
0.158382
0.171195
0.172879
0.029142
0.225124
0.218222
0.194708
0.175026
0.356822
0.017059
0.097496
0.182057
0.091582
0.146347
0.280710
0.315213
0.194759
0.050428
0.100904
0.470335
0.392812
0.156006
0.113816
0.290664
0.235966
0.298088
0.219522
0.260549
0.182921
0.139330
0.117173
0.061346
0.199742
0.031662
0.304023
0.193070
0.229623
0.103365
0.080393
0.320823
0.232651
0.231638
0.097664
0.149833
0.305847
0.093682
0.249498
0.177633
0.315499
0.246438
0.202994
0.107654
0.449740
0.043260
0.372175
0.259226
0.168615
0.128158
0.168032
0.251140
0.277558
0.033228
0.156653
0.184072
0.092522
0.125566
0.230820
0.159937
0.280482
0.194343
0.196151
0.037198
0.120109
0.021865
0.175081
0.253256
0.208668
0.156528
0.124646
0.177905
0.232580
0.314430
0.287417
0.372761
0.351679
0.068067
0.085447
0.246229
0.178256
0.413553
0.065310
0.138255
0.347951
0.082182
0.212158
0.125491
0.030923
0.209189
0.064582
0.222624
0.149328
0.116152
0.276875
0.153353
0.223461
0.180784
0.185233
0.213975
0.468391
0.161679
0.158101
0.144403
0.344427
0.108617
0.216237
0.469747
0.285991
0.190878
0.040940
0.191730
0.177948
0.152899
0.202124
0.111517
0.257938
0.045844
0.194656
0.217147
0.225658
0.207161
0.114064
0.118185
0.045854
0.026201
0.181791
0.123643
0.032437
0.026073
0.093712
0.186587
0.085169
0.224095
0.029115
0.256478
0.091719
0.034300
0.178827
0.051707
0.209307
0.278377
0.182703
0.055286
0.288123
0.147972
0.373697
0.218728
0.082873
0.127116
0.219700
0.333062
0.303309
0.087287
0.303214
0.295832
0.073535
0.283780
0.122573
0.256703
0.405514
0.121110
0.213138
0.267290
0.227597
0.123890
0.128995
0.164395
0.062760
0.294559
0.191385
0.395015
0.097922
0.044310
0.142518
0.288288
0.165949
0.175560
0.125893
0.263944
0.061257
0.256773
0.240950
0.146588
0.164485
0.287912
0.333709
0.258070
0.119145
0.189984
0.136796
0.222132
0.422066
0.031881
0.262985
0.323368
0.300007
0.407978
0.270341
0.036219
0.267477
0.064661
0.191848
0.375599
0.329739
0.213809
0.136318
0.116699
0.199048
0.411471
0.125284
0.224299
0.114314
0.266269
0.118856
0.263106
0.217444
0.109748
0.206542
0.186001
0.138339
0.240101
0.174999
0.205138
0.108439
0.360107
0.290823
0.248685
0.341306
0.140585
0.102804
0.158953
0.393074
0.288991
0.160107
0.249276
0.248360
0.319779
0.144173
0.216493
0.061606
0.118710
0.105255
0.098195
0.373661
0.253018
0.099349
0.269080
0.307562
0.276135
0.150061
0.127232
0.203681
0.089591
0.074270
0.085076
0.365067
0.116049
0.218568
0.224654
0.237648
0.266441
0.309692
0.155584
0.261848
0.073634
0.223587
0.208021
0.262754
0.098866
0.119584
0.323155
0.196157
0.264971
0.247414
0.145987
0.216022
0.112456
0.290195
0.041719
0.305527
0.182602
0.308545
0.217795
0.350546
0.222049
0.114274
0.412753
0.054967
0.103109
0.138298
0.293372
0.087763
0.120550
0.184709
0.269190
0.110752
0.339787
0.162094
0.136067
0.102464
0.337260
0.239739
0.048556
0.331250
0.021570
0.308832
0.185745
0.096761
0.091964
0.221817
0.245876
0.198616
0.205266
0.162884
0.360872
0.312977
0.148013
0.254768
0.122811
0.330886
0.246161
0.253163
0.097569
0.144172
0.073836
0.206618
0.342341
0.095590
0.209062
0.536513
0.391206
0.244501
0.120549
0.300928
0.285045
0.069239
0.017181
0.373553
0.317671
0.035560
0.199573
0.197670
0.066354
0.140897
0.152125
0.215592
0.085964
0.292888
0.172793
0.187238
0.267879
0.301670
0.155580
0.179404
0.266650
0.157395
0.069754
0.236582
0.090888
0.229057
0.185130
0.079596
0.098824
0.198184
0.113866
0.175871
0.227787
0.085946
0.263020
0.507609
0.300661
0.258874
0.183438
0.082888
0.170958
0.182980
0.164858
0.233797
0.285187
0.233053
0.080832
0.268306
0.263246
0.151883
0.229463
0.211811
0.123141
0.303035
0.086288
0.342720
0.155729
0.195008
0.177685
0.038312
0.071150
0.113751
0.093947
0.190955
0.181517
0.406403
0.088254
0.220211
0.160676
0.162890
0.361909
0.079787
0.094219
0.068685
0.196922
0.148457
0.290701
0.385122
0.200291
0.205261
0.237573
0.138896
0.233146
0.234909
0.263858
0.200860
0.059554
0.321937
0.312727
0.186656
0.266059
0.097484
0.087210
0.125740
0.165148
0.184723
0.120264
0.118720
0.020808
0.261208
0.162599
0.244715
0.219511
0.254796
0.391151
0.410087
0.126455
0.129160
0.233301
0.144258
0.559692
0.366637
0.300614
0.227588
0.121370
0.193830
0.115700
0.280233
0.071772
0.128902
0.096897
0.442143
0.246614
0.113069
0.039416
0.027351
0.193408
0.188716
0.398208
0.122508
0.073480
0.137377
0.032882
0.037196
0.224831
0.079545
0.124540
0.153987
0.243329
0.060803
0.037069
0.117815
0.250112
0.259146
0.245178
0.205486
0.078696
0.353028
0.100279
0.108199
0.216575
0.191503
0.239787
0.054783
0.187469
0.284469
0.313314
0.051675
0.368946
0.116958
0.074645
0.254758
0.102637
0.103537
0.161301
0.307835
0.139061
0.062398
0.295346
0.330749
0.241908
0.204526
0.190527
0.192494
0.065131
0.203080
0.154263
0.096955
0.140669
0.124324
0.152213
0.171631
0.253608
0.387663
0.202568
0.169163
0.085277
0.190864
0.034197
0.287387
0.448789
0.281616
0.005914
0.212369
0.036956
0.210732
0.287042
0.478179
0.215255
0.111084
0.150795
0.066789
0.078486
0.200239
0.117572
0.356942
0.110589
0.105309
0.150892
0.258590
0.287406
0.157360
0.144576
0.203580
0.210943
0.212856
0.177522
0.139389
0.225360
0.037106
0.155772
0.221571
0.256264
0.139604
0.199562
0.264345
0.046436
0.163025
0.346267
0.257933
0.359058
0.356524
0.027942
0.220447
0.160686
0.300071
0.238131
0.370144
0.147192
0.139095
0.128443
0.223598
0.185030
0.112873
0.073845
0.272981
0.033264
0.108342
0.204565
0.024012
0.178652
0.213825
0.080301
0.295013
0.260757
0.137667
0.308473
0.110845
0.113658
0.047239
0.099415
0.209325
0.280281
0.371717
0.204415
0.282221
0.144857
0.167447
0.149857
0.337943
0.092760
0.245531
0.187343
0.116481
0.065648
0.389149
0.258431
0.098383
0.249896
0.159043
0.238453
0.316434
0.285750
0.325547
0.095882
0.129408
0.137481
0.128442
0.200892
0.273907
0.019264
0.142612
0.210167
0.354170
0.235214
0.102820
0.065663
0.140593
0.086064
0.173595
0.211901
0.237253
0.121968
0.055824
0.149338
0.149766
0.215852
0.134409
0.342199
0.170640
0.128210
0.034492
0.138733
0.116015
0.116223
0.390652
0.304565
0.124995
0.360960
0.061168
0.196300
0.306915
0.333084
0.270173
0.148340
0.320363
0.199192
0.157326
0.351941
0.256614
0.343769
0.041302
0.373555
0.268824
0.127264
0.298898
0.162956
0.039279
0.222465
0.364291
0.225379
0.317291
0.125815
0.027662
0.075129
0.142908
0.276923
0.215413
0.294129
0.156119
0.247985
0.050589
0.025900
0.102941
0.253980
0.263340
0.193812
0.228815
0.142284
0.080699
0.141953
0.068973
0.201464
0.259643
0.264413
0.264736
0.077435
0.108955
0.270853
0.102040
0.235729
0.191992
0.413884
0.178495
0.178783
0.337691
0.043334
0.176779
0.336319
0.172771
0.292534
0.369299
0.180122
0.124039
0.083804
0.120265
0.106303
0.152930
0.086752
0.276913
0.224781
0.111109
0.099473
0.105926
0.405061
0.222031
0.144531
0.252213
0.093073
0.084095
0.082035
0.115781
0.052940
0.167931
0.217720
0.228563
0.187772
0.326264
0.136828
0.107640
0.032261
0.191634
0.092909
0.302959
0.145463
0.311246
0.102152
0.184771
0.214937
0.120737
0.256264
0.190962
0.233071
0.135614
0.144176
0.265054
0.063370
0.248989
0.113481
0.144698
0.424370
0.172661
0.098984
0.368263
0.147670
0.539162
0.175294
0.127562
0.095819
0.090189
0.136687
0.120027
0.066475
0.153440
0.346396
0.395048
0.237679
0.339948
0.131515
0.367177
0.342203
0.181085
0.416913
0.372883
0.159108
0.159246
0.056172
0.162477
0.191610
0.264247
0.190391
0.084090
0.108863
0.227186
0.244383
0.197362
0.133726
0.173486
0.325264
0.147389
0.352554
0.130707
0.020361
0.330868
0.055790
0.345872
0.383454
0.270663
0.157363
0.072856
0.189483
0.069376
0.260233
0.247950
0.390252
0.227865
0.239912
0.120180
0.229285
0.151650
0.158529
0.053090
0.395028
0.242660
0.071288
0.050471
0.185723
0.312918
0.164013
0.225439
0.200303
0.306077
0.206074
0.095250
0.132222
0.232807
0.072573
0.238165
0.252992
0.193298
0.133027
0.062499
0.229214
0.094355
0.216394
0.129235
0.530500
0.218703
0.133122
0.254056
0.078407
0.090001
0.050329
0.373430
0.048192
0.075843
0.160444
0.291968
0.105951
0.084222
0.246647
0.230594
0.172539
0.136012
0.196878
0.108362
0.167984
0.455087
0.111481
0.290624
0.148713
0.202461
0.219200
0.173495
0.161621
0.103317
0.170535
0.054192
0.269340
0.140474
0.215230
0.162182
0.208284
0.132494
0.319424
0.185345
0.192401
0.120940
0.241829
0.195121
0.105560
0.153073
0.139835
0.333514
0.259546
0.044763
0.270160
0.364848
0.208609
0.189158
0.317068
0.065590
0.061167
0.184020
0.237426
0.179394
0.198231
0.203756
0.116065
0.188415
0.157524
0.053479
0.096798
0.264301
0.375047
0.197495
0.079917
0.143961
0.293923
0.093226
0.331927
0.428590
0.112889
0.260913
0.356072
0.180810
0.091577
0.179906
0.097140
0.032350
0.271714
0.073188
0.115912
0.148885
0.271333
0.141866
0.017380
0.278109
0.169528
0.308115
0.339287
0.169068
0.307249
0.236908
0.206983
0.287396
0.111730
0.091053
0.223926
0.372541
0.147542
0.056388
0.173502
0.068364
0.122548
0.181310
0.111879
0.157598
0.139413
0.250520
0.306702
0.262671
0.103136
0.102225
0.087290
0.171927
0.091559
0.273899
0.151589
0.154135
0.382929
0.077939
0.320465
0.065765
0.396813
0.195142
0.238848
0.035337
0.208893
0.132334
0.134309
0.358941
0.332753
0.149682
0.214315
0.201730
0.105507
0.186148
0.104425
0.211177
0.103528
0.120511
0.118062
0.266429
0.210166
0.338130
0.171485
0.096143
0.086974
0.193347
0.125735
0.182722
0.194895
0.014222
0.158814
0.232429
0.168730
0.177312
0.257775
0.323854
0.299372
0.180046
0.114300
0.109592
0.145598
0.268124
0.221336
0.363569
0.182531
0.074649
0.097759
0.306116
0.212369
0.214823
0.118716
0.218069
0.196336
0.152514
0.129967
0.254472
0.285371
0.200473
0.143509
0.132365
0.217441
0.200592
0.236265
0.123273
0.087231
0.172044
0.041008
0.417295
0.015161
0.114650
0.127530
0.200333
0.190854
0.113790
0.193545
0.478542
0.292145
0.241189
0.111119
0.080085
0.500052
0.152322
0.163449
0.243601
0.053415
0.215423
0.290983
0.038934
0.319099
0.205158
0.260347
0.144703
0.258799
0.185813
0.231337
0.091464
0.129184
0.121260
0.167207
0.154415
0.063369
0.222864
0.051681
0.231122
0.160674
0.159941
0.062403
0.378102
0.071805
0.196393
0.179547
0.160937
0.326556
0.090088
0.364710
0.314180
0.276804
0.098313
0.184375
0.058955
0.339730
0.203276
0.093960
0.176944
0.180577
0.183350
0.285723
0.155533
0.051610
0.144904
0.169329
0.130818
0.192580
0.166117
0.382843
0.103675
0.194397
0.074259
0.099763
0.204431
0.091353
0.141380
0.200726
0.183229
0.244226
0.276346
0.201601
0.063698
0.129284
0.133540
0.092628
0.216110
0.295129
0.064781
0.133310
0.247582
0.189485
0.133053
0.228753
0.322281
0.179366
0.220577
0.424114
0.216942
0.189600
0.154982
0.096681
0.231119
0.203180
0.249431
0.326316
0.175441
0.082703
0.130897
0.080095
0.098689
0.213133
0.086018
0.208245
0.247915
0.172542
0.194335
0.188416
0.072200
0.029358
0.131482
0.220685
0.066812
0.238407
0.216534
0.161571
0.132739
0.293658
0.041011
0.131363
0.321444
0.295348
0.016870
0.322476
0.167342
0.060390
0.223473
0.192153
0.063920
0.154243
0.170068
0.297467
0.149779
0.281175
0.201278
0.367448
0.154573
0.127336
0.141059
0.225310
0.211691
0.036521
0.269725
0.200527
0.193649
0.083857
0.268921
0.133377
0.285424
0.096722
0.284083
0.062922
0.180256
0.321294
0.160508
0.065486
0.102404
0.176043
0.065273
0.166459
0.415905
0.248678
0.020234
0.165232
0.215368
0.216847
0.246576
0.188892
0.152605
0.217289
0.078272
0.167126
0.063372
0.214484
0.124982
0.280849
0.116920
0.230413
0.183587
0.338937
0.189834
0.167800
0.139515
0.142962
0.138760
0.120614
0.300162
0.162144
0.128370
0.035595
0.333315
0.071795
0.126821
0.046808
0.129931
0.119299
0.088605
0.251895
0.117650
0.038753
0.203417
0.199475
0.199579
0.311943
0.085515
0.184397
0.180370
0.268538
0.077959
0.062438
0.149566
0.204709
0.268153
0.317204
0.412897
0.172566
0.376045
0.198081
0.291833
0.340334
0.174496
0.138045
0.168792
0.107407
0.157296
0.212176
0.218367
0.123218
0.105129
0.119876
0.164312
0.172221
0.044754
0.393916
0.091145
0.271761
0.145163
0.145555
0.212419
0.147930
0.116053
0.205547
0.115621
0.188442
0.206931
0.067356
0.246277
0.182641
0.133359
0.314790
0.031313
0.162620
0.058220
0.293393
0.499004
0.032973
0.366481
0.195212
0.058813
0.140148
0.152127
0.026463
0.038061
0.027215
0.290400
0.061827
0.068815
0.346578
0.090985
0.241946
0.205637
0.029864
0.133478
0.296557
0.130839
0.136646
0.018677
0.211838
0.055578
0.188083
0.144803
0.202970
0.217522
0.024093
0.084816
0.105265
0.093673
0.298745
0.088564
0.230778
0.099596
0.188185
0.032174
0.052820
0.216073
0.045251
0.295381
0.054300
0.301325
0.374731
0.265095
0.118250
0.053051
0.138549
0.170512
0.251286
0.226602
0.327947
0.138835
0.100408
0.264674
0.124310
0.062564
0.097381
0.247933
0.205098
0.274587
0.202833
0.071771
0.158339
0.073079
0.380034
0.037562
0.085931
0.209683
0.210571
0.221026
0.271915
0.104768
0.032446
0.156341
0.187015
0.249555
0.031436
0.159518
0.041870
0.164596
0.083934
0.344348
0.421844
0.203711
0.111128
0.175452
0.202097
0.256591
0.056132
0.165965
0.167577
0.235018
0.301116
0.231753
0.192553
0.046863
0.111304
0.382328
0.085587
0.226684
0.087923
0.086788
0.081110
0.191982
0.080098
0.026789
0.069331
0.363739
0.128194
0.076525
0.311914
0.278529
0.166624
0.085997
0.177624
0.027891
0.173879
0.376583
0.053671
0.156806
0.133969
0.160540
0.212290
0.121440
0.225542
0.169871
0.128684
0.227384
0.214620
0.262869
0.228983
0.280234
0.257136
0.250095
0.348007
0.111870
0.262882
0.194835
0.283233
0.061305
0.170727
0.059595
0.237245
0.152328
0.061345
0.232946
0.121539
0.193165
0.083247
0.134037
0.024921
0.218479
0.159567
0.091472
0.225526
0.141504
0.168010
0.291175
0.203096
0.036942
0.220052
0.176739
0.204501
0.188369
0.114940
0.094912
0.097784
0.163054
0.059613
0.081601
0.303000
0.313215
0.138474
0.127498
0.305042
0.151328
0.370175
0.056325
0.191687
0.174935
0.159288
0.027632
0.129781
0.318768
0.237418
0.341496
0.262086
0.362641
0.123305
0.057137
0.226870
0.141319
0.183324
0.159963
0.203508
0.269859
0.183577
0.155404
0.149970
0.167850
0.164455
0.449878
0.187013
0.111215
0.060501
0.165947
0.394838
0.093929
0.030993
0.287059
0.469429
0.088173
0.325159
0.037485
0.148868
0.114019
0.132998
0.137617
0.126088
0.144509
0.047986
0.145240
0.188776
0.310603
0.206517
0.150137
0.183427
0.373198
0.085444
0.041318
0.183459
0.236813
0.193172
0.221533
0.194931
0.189098
0.248602
