# G_5, p = 0.8000 GPa (dir_8000.0_bar).
# D8R-only: 60 rings x 101 frames = 6060 samples.
# Column: per-D8R Delta [A]
1.313251
1.234189
1.095855
0.978283
1.274514
1.313290
1.234247
1.095823
0.978339
1.274827
1.313289
1.233926
1.095479
0.978395
1.274777
1.313337
1.234172
1.095787
0.978623
1.274711
1.312989
1.234357
1.095341
0.978306
1.274565
1.312861
1.234400
1.095388
0.978369
1.274691
1.312933
1.234470
1.095472
0.978061
1.274490
1.312837
1.234568
1.095628
0.978197
1.274520
1.313109
1.233355
1.096397
0.978817
1.275118
1.313304
1.233474
1.096629
0.979010
1.274924
1.313090
1.233431
1.096491
0.978986
1.274986
1.313190
1.233293
1.096399
0.978984
1.275127
1.261222
1.035322
1.064146
0.998186
1.244324
1.390586
1.302411
1.163451
0.971331
1.269050
1.421328
1.235553
1.165856
0.851285
1.169958
1.329899
1.212794
1.070500
0.933879
1.296256
1.379441
1.103027
1.072510
1.022101
1.314686
1.195116
1.134658
0.987137
0.956190
1.280492
1.288807
1.304073
0.983346
1.005526
1.371332
1.287111
1.187564
0.958016
1.073924
1.326643
1.239997
1.397246
1.201053
0.974384
1.353286
1.208427
1.275888
1.028629
0.955386
1.309956
1.316223
1.260371
1.218803
1.066815
1.229257
1.355170
1.152031
1.061594
0.960874
1.281546
1.111183
0.960637
1.169853
0.968718
1.211052
1.419300
1.339709
1.165610
0.854466
1.249215
1.504267
1.155669
1.191122
0.963689
1.122886
1.267341
1.244850
1.027003
0.901353
1.255261
1.374907
0.990420
1.022553
1.036879
1.401202
1.216700
1.144568
0.973838
0.912011
1.230582
1.177965
1.436893
0.862826
1.036072
1.363592
1.220696
1.334180
0.907471
1.168282
1.179324
1.253881
1.445409
1.213835
0.979531
1.463741
1.230693
1.235821
0.874760
0.869017
1.258549
1.336318
1.319322
1.205780
1.189810
1.222498
1.338081
1.026287
1.059816
0.938357
1.262008
0.967246
0.951480
1.354907
0.840610
1.161763
1.312273
1.216609
1.130675
0.810604
1.096422
1.495550
1.214570
1.190019
1.226543
1.254520
1.203341
1.280829
1.095524
0.873332
1.284416
1.366297
0.968022
0.989484
1.045941
1.401883
1.290007
1.216459
1.023925
0.923422
1.143631
1.120225
1.468276
0.869975
1.108347
1.353204
1.132299
1.541710
0.996535
1.194579
1.048715
1.238270
1.396342
1.208911
1.025161
1.471662
1.316687
1.208133
0.773628
0.858866
1.185011
1.206637
1.378438
1.071711
1.257105
1.291140
1.251910
1.006507
1.064748
0.905990
1.205960
0.957205
0.947559
1.418315
0.680634
1.077948
1.189973
1.085557
1.092185
0.825526
1.004810
1.427028
1.413020
1.230088
1.360138
1.340608
1.149721
1.241529
1.179173
0.829177
1.365963
1.443923
0.993607
0.985600
1.038368
1.226189
1.367706
1.278106
0.903924
1.051311
1.056635
1.081170
1.472584
0.931326
1.213270
1.372922
1.056693
1.637764
1.049856
1.124265
1.118107
1.164872
1.318069
1.207100
1.035767
1.541520
1.282390
1.233665
0.871955
0.853700
1.205112
1.091462
1.319741
0.941782
1.294975
1.365074
1.169291
1.054840
1.093168
0.822214
1.164286
0.990891
0.994359
1.408507
0.637363
1.003477
1.156999
0.966097
1.069995
0.818713
0.939659
1.433704
1.494799
1.306672
1.280608
1.389576
1.130471
1.211365
1.253730
0.829837
1.445216
1.455687
1.047658
0.947974
1.038176
1.210067
1.347907
1.308925
0.804413
1.216323
1.082047
1.114987
1.543409
0.959557
1.280172
1.361411
1.014118
1.578739
1.061169
0.950923
1.146988
1.139998
1.280903
1.199519
0.959997
1.660939
1.312380
1.261478
1.012275
0.900349
1.237141
1.024933
1.218997
0.933542
1.288274
1.287621
1.200933
1.151025
1.083332
0.802749
1.161311
0.981183
1.050444
1.398288
0.721946
1.011246
1.179802
0.915983
1.025213
0.687775
0.893097
1.502298
1.291615
1.315239
1.118544
1.356077
1.100260
1.312619
1.326981
0.839303
1.370752
1.396303
1.096036
0.913670
1.011312
1.295029
1.288251
1.426833
0.970403
1.191855
1.131648
1.145326
1.499867
0.977066
1.235198
1.307602
1.117738
1.478459
1.078752
0.910961
1.011616
1.171493
1.273958
1.200712
0.871472
1.638093
1.326208
1.172838
0.941753
0.971957
1.255344
0.975980
1.167490
0.958270
1.201563
1.216393
1.263004
1.206498
1.026851
0.871665
1.228765
0.942756
1.122562
1.459867
0.809978
1.106676
1.190508
0.984705
1.036178
0.558409
0.940600
1.510976
1.074499
1.379959
1.047213
1.410528
1.120883
1.259965
1.358773
0.785483
1.206837
1.482681
1.066927
0.947986
1.034054
1.221385
1.269037
1.434031
1.246624
1.059472
1.193971
1.130218
1.344489
0.979738
1.226900
1.257024
1.197379
1.270483
1.123655
1.039407
0.916035
1.173693
1.281730
1.260300
0.824756
1.500625
1.187096
1.073885
0.904510
0.995583
1.150818
0.922697
1.133884
1.039087
1.184265
1.204090
1.267020
1.283646
1.031415
0.988253
1.271713
0.875638
1.066098
1.340986
0.770976
1.194676
1.175469
1.012658
1.085425
0.566132
1.045741
1.433785
0.886399
1.445947
1.054360
1.513739
1.070790
1.160385
1.395074
0.699251
1.256090
1.579690
0.942245
0.990777
1.126655
1.039414
1.283103
1.228378
1.270240
0.977699
1.247249
1.124999
1.167176
0.944932
1.238651
1.265378
1.133707
1.089254
1.125026
1.152083
0.935712
1.133216
1.251258
1.281020
0.764429
1.353432
1.028464
1.031769
0.913660
0.902874
1.171480
0.980645
1.110564
1.101423
1.224552
1.123154
1.200720
1.318054
1.029013
0.999418
1.198861
0.823921
1.051707
1.293523
0.763742
1.084865
1.293773
1.061920
1.088035
0.678708
1.073795
1.406673
0.774179
1.406003
1.081483
1.575210
1.074500
1.076407
1.364408
0.748717
1.393765
1.543578
0.925764
1.035836
1.166786
0.971242
1.330003
1.038207
1.066525
1.021978
1.331587
1.164640
1.144525
0.994474
1.187752
1.245558
1.052995
1.052391
1.042336
1.083581
0.991025
1.090188
1.239841
1.237704
0.717224
1.371772
0.978222
1.028028
0.974692
0.802985
1.351436
1.045328
1.197585
1.037880
1.257762
0.960713
1.180381
1.291672
1.081868
0.933219
1.083870
0.892943
1.079529
1.305728
0.794059
1.045822
1.301545
1.063805
1.044771
0.739526
0.956832
1.383977
0.783862
1.226766
1.040677
1.534556
1.103012
1.051282
1.291837
0.820580
1.438710
1.446894
1.000473
1.097356
1.108144
0.962609
1.319184
0.974194
0.954939
1.021706
1.224631
1.250441
1.100138
1.045529
1.055123
1.170691
1.003832
1.115823
0.956265
0.907673
1.056967
1.052478
1.154404
1.110932
0.689900
1.327324
1.075528
1.079455
0.933431
0.806802
1.477851
1.037464
1.141888
1.002549
1.121496
0.940186
1.161266
1.261580
1.029415
0.925535
1.088755
1.020116
1.184496
1.302106
0.817717
1.060008
1.123665
0.962062
1.050802
0.725274
0.816950
1.201091
0.949832
1.055032
0.989081
1.474795
1.054697
1.066298
1.155521
0.862347
1.375489
1.373531
1.085177
1.112013
1.004371
0.959734
1.205028
1.002983
0.895968
0.922407
1.113350
1.252667
1.048573
1.023667
0.906081
1.082208
1.004505
1.090296
0.945769
0.809781
1.146095
1.062378
1.031629
1.022652
0.743347
1.229396
1.147432
1.093885
0.994186
0.930743
1.482221
1.040766
1.055765
1.015114
0.920899
1.009599
1.121772
1.146333
1.036881
1.009346
1.111728
1.097804
1.188192
1.125974
0.800269
1.090839
1.011946
0.878452
1.127672
0.686271
0.786444
0.907198
0.964027
0.999492
0.986324
1.301132
0.843400
1.061451
0.958546
0.879068
1.239747
1.265868
1.049341
0.989669
0.915422
0.896118
1.114788
0.957843
0.767058
0.849357
1.147987
1.215255
0.955974
0.898163
0.779115
1.020639
0.938960
1.023079
0.973223
0.802350
1.049886
1.048197
1.004391
0.893896
0.779319
1.073924
1.088277
1.069367
1.061086
0.989426
1.384197
1.125240
0.900452
1.071872
0.825900
0.973396
1.089214
0.998598
1.036234
1.020505
1.117540
1.118788
1.104921
0.941141
0.855674
1.103490
1.061324
0.936633
1.219956
0.723898
0.881640
0.790369
0.888025
0.973845
1.059626
1.135636
0.807469
1.024059
0.803382
0.931740
1.115812
1.099288
0.963226
0.855230
0.867218
0.885565
1.100063
0.943357
0.702149
0.848451
1.319251
1.110463
0.827826
0.779177
0.702094
1.071876
0.929656
0.919667
0.878009
0.800858
0.917444
1.008979
1.036472
0.856200
0.821598
0.959761
1.000323
1.073469
1.042822
0.922621
1.322680
1.128600
0.824728
1.118697
0.752200
0.847413
1.084481
0.909773
0.994550
0.912254
1.097035
1.205772
0.972415
0.769317
0.929428
1.178860
1.081457
1.190920
1.209016
0.761497
1.029683
0.807207
0.834073
0.857126
1.013722
0.997518
0.903041
1.000248
0.670088
0.959793
0.955965
1.022000
0.893882
0.879069
0.834842
0.937341
1.100025
1.006978
0.776005
0.784453
1.249908
0.996748
0.687854
0.805583
0.590810
1.184808
1.054663
0.825752
0.755873
0.790030
0.897778
0.882410
1.056759
0.862375
0.851087
0.900074
0.949577
1.010171
0.997343
0.833166
1.247797
1.141614
0.860730
1.105076
0.574407
0.877559
1.125407
0.827420
0.979103
0.849296
1.164966
1.288796
0.936197
0.678789
0.951726
1.205948
1.038899
1.267438
1.144172
0.758138
1.067334
0.868489
0.822736
0.650093
0.777116
0.873326
1.044567
0.929345
0.641628
0.962467
0.854843
0.985369
0.945757
0.899648
0.793437
1.012706
1.060176
0.960204
0.732658
0.722123
1.088693
0.948711
0.662397
0.840418
0.471998
1.197417
1.214529
0.727780
0.701550
0.809467
1.044377
0.867111
1.029913
0.717046
0.940973
0.876857
0.932204
0.970999
1.041528
0.747899
1.110230
1.134803
0.967103
1.049819
0.439198
0.903050
1.219695
0.810527
0.973703
0.903840
1.167088
1.338514
0.903836
0.689313
0.930044
1.089207
1.018039
1.185412
1.013800
0.747468
0.996906
0.824371
0.846744
0.482711
0.562823
0.690439
1.126820
0.899947
0.551273
0.916364
0.810850
0.880319
1.008445
0.801454
0.677494
1.080682
1.033598
0.793039
0.597968
0.737967
1.003879
0.961177
0.833571
0.864313
0.428960
0.982613
1.259919
0.705925
0.654891
0.744412
1.080638
0.991323
1.018480
0.457144
0.934448
0.862256
1.031183
0.965958
1.067990
0.629983
1.042498
1.208269
0.936690
1.001944
0.386111
0.897320
1.174571
0.823587
0.883560
0.841375
1.065486
1.279524
0.874158
0.675774
0.881330
0.853686
1.038481
1.042967
0.925421
0.811546
0.975514
0.706108
0.919720
0.384617
0.411426
0.579685
1.144830
0.856738
0.448516
0.911670
0.827083
0.789685
0.976855
0.671789
0.548589
1.036311
0.938991
0.673730
0.556226
0.805199
1.001130
0.980066
0.942317
0.909598
0.377389
0.768891
1.226690
0.595635
0.726279
0.598132
1.059124
1.060939
0.992771
0.411773
0.837845
0.864930
1.187432
0.976196
0.938920
0.491335
1.030359
1.225734
0.756291
0.898711
0.442435
0.946128
1.060737
0.772047
0.737518
0.639495
0.973818
1.179750
0.936880
0.559868
0.751535
0.768649
0.923499
0.963465
0.802946
0.849075
1.073673
0.537351
0.952665
0.246652
0.315285
0.587961
1.127026
0.848451
0.426932
0.870199
0.808052
0.812966
0.914898
0.665062
0.502178
0.997858
0.909353
0.684967
0.685252
0.718069
0.922396
0.983609
0.876769
0.946006
0.378935
0.719832
1.181796
0.484340
0.832848
0.472709
1.063079
1.011300
0.880790
0.495804
0.768066
0.964520
1.283572
0.909740
0.795333
0.461421
0.877695
1.132638
0.639403
0.794714
0.402593
1.118450
0.896437
0.719417
0.621992
0.539761
0.937508
1.096567
0.974273
0.456146
0.615210
0.827541
0.853227
0.934461
0.612959
0.855265
1.154431
0.506801
0.863388
0.141104
0.199866
0.651337
1.044247
0.893080
0.502562
0.692305
0.709035
0.812600
0.846900
0.693308
0.460449
0.983156
0.944039
0.764787
0.794930
0.551100
0.858683
0.911509
0.774883
0.875500
0.403384
0.749537
1.161544
0.419036
0.862280
0.522530
1.057715
0.946328
0.793059
0.510740
0.710800
1.009733
1.263735
0.804947
0.810913
0.464556
0.727246
1.019626
0.693782
0.697521
0.320196
1.207102
0.821971
0.681783
0.551337
0.613273
0.951528
1.101747
0.873984
0.446521
0.607273
0.906569
0.964428
0.890297
0.477736
0.837238
1.126576
0.626369
0.689483
0.208034
0.095236
0.640272
0.902422
0.875943
0.530124
0.570397
0.573793
0.686923
0.765405
0.717491
0.417883
0.998908
0.983694
0.811341
0.851123
0.409577
0.757815
0.990531
0.770908
0.889804
0.453794
0.789752
1.084599
0.497012
0.686660
0.586319
0.959565
0.893359
0.847641
0.424099
0.592594
0.903497
1.217095
0.690592
0.915269
0.456538
0.603256
1.001592
0.825624
0.639292
0.336273
1.132568
0.841953
0.713275
0.429055
0.596608
0.915295
1.041293
0.629926
0.364365
0.656978
0.792520
0.955302
0.792963
0.449575
0.878360
1.108707
0.775968
0.585623
0.341226
0.148550
0.619264
0.874030
0.814520
0.483039
0.463019
0.571558
0.655787
0.653810
0.695841
0.363303
0.983326
0.929831
0.795877
0.908194
0.362216
0.658895
1.086943
0.758961
0.851618
0.417352
0.820448
0.977501
0.632199
0.642153
0.562357
0.912811
0.847093
0.887362
0.336755
0.460648
0.746679
1.069309
0.589865
0.944329
0.413150
0.487524
1.041642
0.879567
0.609262
0.498903
0.991985
0.929978
0.722122
0.235276
0.483668
0.861513
1.002837
0.588115
0.229561
0.566195
0.653127
0.779877
0.748742
0.404174
0.854996
1.090492
0.745459
0.573222
0.370640
0.217436
0.765076
1.038743
0.658983
0.442787
0.301875
0.576716
0.672080
0.610144
0.648200
0.341807
1.094808
0.827960
0.672842
0.860592
0.363373
0.587904
1.148648
0.696610
0.747535
0.440744
0.861479
0.827232
0.712127
0.749832
0.446208
0.972600
0.750690
0.642463
0.280925
0.346366
0.706566
0.994513
0.557580
0.874230
0.462484
0.382366
1.132552
0.824402
0.544795
0.603565
0.977757
1.003578
0.713196
0.142391
0.499596
0.911569
0.983000
0.677596
0.270869
0.415063
0.485962
0.633817
0.737927
0.298318
0.743944
0.977716
0.668404
0.643716
0.433325
0.201444
0.824870
1.216575
0.514023
0.428791
0.298334
0.623689
0.717066
0.678548
0.575632
0.319930
1.198447
0.772384
0.564994
0.662034
0.368493
0.659705
1.126765
0.691168
0.654966
0.435956
0.774903
0.762478
0.772977
0.772555
0.355602
0.968747
0.720971
0.384776
0.211535
0.288881
0.752740
0.932977
0.598956
0.750596
0.532900
0.447872
1.148888
0.838940
0.457274
0.545469
0.938918
0.998859
0.658940
0.155554
0.596165
0.929909
0.978162
0.729183
0.224848
0.359655
0.319209
0.671732
0.736630
0.183522
0.571115
0.913324
0.764213
0.704182
0.547945
0.246507
0.803922
1.276309
0.463327
0.371022
0.369223
0.676479
0.671412
0.774993
0.459309
0.228608
1.159457
0.781396
0.574561
0.465539
0.377390
0.603214
1.164356
0.782684
0.551486
0.403571
0.685663
0.723932
0.843539
0.586844
0.270197
0.832011
0.742757
0.366107
0.232925
0.281303
0.762077
1.004260
0.624482
0.677380
0.468639
0.564015
1.018465
0.843997
0.474402
0.496007
0.851416
0.861047
0.616580
0.258673
0.541604
0.836402
0.952733
0.563531
0.260438
0.349343
0.301806
0.712228
0.699856
0.143581
0.490055
0.968875
0.978488
0.761705
0.583983
0.275872
0.778032
1.181629
0.460254
0.344303
0.325126
0.673357
0.715518
0.685165
0.313381
0.204948
0.924448
0.805096
0.646093
0.387778
0.334501
0.456212
1.186883
0.777687
0.397315
0.352942
0.624723
0.667378
0.945360
0.428038
0.166326
0.718963
0.723292
0.459473
0.363781
0.209196
0.727926
1.003198
0.588610
0.559717
0.331730
0.599275
0.809843
0.843678
0.437037
0.496800
0.730761
0.700795
0.596252
0.240280
0.378001
0.643872
0.863328
0.364265
0.210791
0.284853
0.450619
0.694273
0.712571
0.165445
0.507916
0.931925
1.091398
0.703824
0.486188
0.417024
0.831005
1.061750
0.427549
0.398144
0.223483
0.557783
0.742568
0.520033
0.249839
0.199458
0.833537
0.863330
0.693949
0.424464
0.176242
0.334531
1.142768
0.730150
0.214704
0.326116
0.557026
0.606033
1.014538
0.364492
0.119760
0.660624
0.692829
0.403838
0.456555
0.124563
0.730062
0.954622
0.547313
0.409236
0.324957
0.511897
0.709073
0.823450
0.333933
0.453415
0.670900
0.666437
0.630927
0.191676
0.369318
0.510327
0.723580
0.290102
0.201903
0.285131
0.594079
0.675579
0.651165
0.220208
0.508103
0.675249
1.058152
0.524668
0.479005
0.558668
0.822255
0.935874
0.372934
0.532178
0.232243
0.442472
0.731051
0.458672
0.279644
0.087638
0.827130
0.913376
0.664777
0.533181
0.112843
0.370609
1.072304
0.631754
0.177015
0.439637
0.544066
0.671685
1.022483
0.335079
0.067516
0.656217
0.596683
0.290980
0.440705
0.099512
0.673478
0.894474
0.632142
0.279987
0.356964
0.481517
0.669364
0.805420
0.289315
0.323093
0.669616
0.707662
0.658924
0.178834
0.326399
0.497728
0.612486
0.337177
0.283756
0.239644
0.610799
0.647024
0.601480
0.228113
0.435596
0.523380
0.953157
0.290834
0.518992
0.608283
0.729753
0.836989
0.316735
0.645738
0.262112
0.520043
0.625214
0.524008
0.332275
0.037366
0.719100
0.926959
0.595177
0.515924
0.154566
0.414128
1.074233
0.519981
0.201867
0.570896
0.541361
0.748464
0.917104
0.261356
0.095439
0.767933
0.532485
0.304488
0.385267
0.177050
0.595222
0.906464
0.638154
0.246694
0.340037
0.511737
0.631265
0.788044
0.335831
0.203260
0.697293
0.677832
0.641991
0.247853
0.238201
0.458533
0.470735
0.426818
0.334725
0.246655
0.492538
0.570629
0.555977
0.200858
0.295716
0.541581
0.966250
0.259070
0.561949
0.517859
0.640925
0.737935
0.314602
0.636720
0.310979
0.675449
0.682805
0.633088
0.292271
0.077314
0.525465
0.843094
0.486703
0.485065
0.230763
0.408384
0.950694
0.375339
0.282629
0.507375
0.625249
0.721593
0.808883
0.270841
0.040158
0.907135
0.534687
0.451072
0.403995
0.229999
0.547147
0.882429
0.602819
0.199783
0.288233
0.547236
0.641732
0.711010
0.309746
0.151070
0.704243
0.569363
0.567683
0.245980
0.179715
0.427861
0.295981
0.447126
0.445910
0.307410
0.375093
0.439115
0.562807
0.166232
0.120667
0.671854
1.053572
0.303852
0.562709
0.398552
0.609016
0.686234
0.245711
0.588407
0.328874
0.701658
0.706065
0.644966
0.176537
0.181286
0.461633
0.783352
0.372724
0.450697
0.347767
0.314533
0.866658
0.357022
0.351478
0.418321
0.634561
0.661125
0.817103
0.278499
0.030334
0.892744
0.576316
0.489658
0.409841
0.248862
0.582127
0.846848
0.538298
0.131493
0.324838
0.503072
0.660346
0.636062
0.179758
0.205866
0.745335
0.499380
0.590415
0.222390
0.133171
0.388968
0.255917
0.387128
0.647278
0.258048
0.388130
0.428125
0.523145
0.213098
0.276351
0.661133
1.105546
0.386134
0.589904
0.357014
0.603835
0.665190
0.199537
0.536267
0.179200
0.669574
0.642099
0.643744
0.132955
0.270452
0.436161
0.814164
0.363882
0.502149
0.424721
0.342342
0.718475
0.519671
0.233441
0.384783
0.620745
0.642304
0.843359
0.198121
0.134703
0.707801
0.616338
0.512304
0.386890
0.250994
0.564271
0.849099
0.548140
0.063530
0.327784
0.492247
0.605060
0.639893
0.087729
0.262377
0.825067
0.547180
0.630366
0.239286
0.095497
0.343671
0.336519
0.298796
0.734894
0.125644
0.580293
0.565963
0.362900
0.372265
0.230089
0.607999
1.023179
0.397123
0.514444
0.336600
0.572992
0.574391
0.228207
0.481526
0.112741
0.645379
0.523605
0.649946
0.244616
0.320567
0.327914
0.853765
0.422766
0.476137
0.459590
0.399512
0.650356
0.676460
0.239003
0.460383
0.670419
0.622102
0.757028
0.027602
0.230351
0.567526
0.582434
0.600065
0.400840
0.308439
0.496085
0.843820
0.470383
0.041793
0.234915
0.464527
0.519654
0.623462
0.175015
0.457947
0.757736
0.636204
0.627812
0.376261
0.164513
0.312645
0.478930
0.338186
0.659444
0.164958
0.742631
0.721591
0.223228
0.479934
0.188168
0.630722
0.885659
0.360762
0.423468
0.281790
0.521811
0.483067
0.268388
0.441205
0.145910
0.628127
0.564803
0.680663
0.313373
0.363049
0.251894
0.799870
0.469884
0.383778
0.392034
0.410293
0.561444
0.664989
0.227148
0.448439
0.807030
0.581008
0.680834
0.088730
0.290256
0.604917
0.533191
0.607760
0.502608
0.284659
0.430607
0.673881
0.376997
0.044492
0.196458
0.464336
0.612216
0.591895
0.314542
0.533849
0.597385
0.681368
0.611391
0.458787
0.133805
0.379645
0.494274
0.448724
0.585545
0.180189
0.803101
0.664384
0.203050
0.427227
0.193018
0.597617
0.795211
0.372573
0.351773
0.245958
0.562793
0.448615
0.171270
0.436180
0.146947
0.563355
0.648033
0.653525
0.298343
0.384284
0.341292
0.701269
0.467851
0.318110
0.287404
0.413732
0.614843
0.499414
0.166890
0.376337
0.828075
0.529300
0.528062
0.038560
0.311824
0.577696
0.479808
0.522666
0.482773
0.310349
0.370524
0.466633
0.385230
0.095217
0.302725
0.464990
0.700505
0.528957
0.350042
0.419127
0.616868
0.654296
0.648180
0.457144
0.179816
0.441798
0.448124
0.565196
0.564506
0.056228
0.811454
0.445276
0.199324
0.405001
0.167995
0.458172
0.760163
0.471339
0.447391
0.262985
0.597020
0.448976
0.226007
0.434613
0.144193
0.477186
0.752423
0.615187
0.330038
0.387368
0.435130
0.659565
0.432487
0.308892
0.199009
0.443858
0.666026
0.369621
0.144177
0.344064
0.689991
0.545001
0.407795
0.088163
0.416668
0.485300
0.483416
0.490781
0.394672
0.392732
0.331992
0.371241
0.383566
0.050491
0.336737
0.527154
0.675945
0.502668
0.362342
0.285602
0.638298
0.580004
0.559402
0.390110
0.345043
0.369999
0.360162
0.599710
0.486937
0.096690
0.870909
0.258698
0.219186
0.452404
0.114585
0.393049
0.722144
0.634796
0.572692
0.290316
0.558572
0.496764
0.395499
0.394179
0.190016
0.418597
0.728998
0.605828
0.409724
0.432618
0.343091
0.550930
0.362600
0.204579
0.162714
0.472443
0.575647
0.387341
0.213973
0.376473
0.510181
0.562930
0.331836
0.088213
0.650179
0.441230
0.485762
0.540484
0.335796
0.512325
0.310198
0.475008
0.357504
0.109254
0.240709
0.555277
0.510233
0.459454
0.348326
0.207224
0.538308
0.570935
0.498742
0.375322
0.415957
0.271891
0.413464
0.606296
0.392307
0.108161
0.831161
0.287475
0.257069
0.470122
0.049344
0.412351
0.647320
0.739113
0.600458
0.206383
0.416253
0.552827
0.524223
0.380808
0.290562
0.336016
0.546777
0.553503
0.429189
0.598084
0.256158
0.451066
0.328366
0.149084
0.187393
0.448429
0.360252
0.468370
0.271625
0.279394
0.458752
0.626033
0.335652
0.160167
0.785607
0.439930
0.503094
0.542134
0.381847
0.522539
0.284782
0.487708
0.418154
0.238400
0.223324
0.623840
0.357993
0.457764
0.344902
0.231940
0.321304
0.560592
0.508152
0.460285
0.371240
0.315719
0.477986
0.578346
0.375471
0.219314
0.659898
0.333828
0.268820
0.367686
0.118025
0.445237
0.542730
0.771406
0.484801
0.197595
0.410485
0.479972
0.537036
0.330171
0.353193
0.323079
0.302923
0.510809
0.421897
0.739129
0.350490
0.340144
0.329900
0.103060
0.202361
0.443930
0.315165
0.510796
0.228899
0.101759
0.461869
0.718649
0.253783
0.250252
0.667296
0.409514
0.560957
0.484867
0.456210
0.433890
0.319763
0.369036
0.436937
0.223844
0.256093
0.687194
0.283996
0.387685
0.328147
0.264971
0.277170
0.430568
0.444641
0.616611
0.418326
0.466264
0.540298
0.500277
0.361509
0.370575
0.518155
0.369608
0.296413
0.351369
0.101549
0.391367
0.375083
0.666655
0.386858
0.324558
0.634104
0.388399
0.598251
0.261464
0.333749
0.358166
0.275098
0.452250
0.420103
0.668523
0.472557
0.182534
0.306306
0.025347
0.148341
0.479475
0.274098
0.442227
0.214855
0.060441
0.501331
0.777970
0.122509
0.209863
0.525610
0.415804
0.557462
0.448686
0.530484
0.384152
0.336355
0.245325
0.365189
0.131864
0.260555
0.748691
0.368498
0.237577
0.338629
0.331982
0.404563
0.302524
0.265217
0.623397
0.481387
0.513365
0.547639
0.415138
0.309918
0.474941
0.554904
0.380297
0.316456
0.432252
0.123777
0.288382
0.297239
0.512126
0.238921
0.541127
0.680779
0.228600
0.730945
0.173814
0.312629
0.354861
0.243734
0.355458
0.436346
0.499789
0.559690
0.116165
0.349417
0.121864
0.099015
0.690887
0.259692
0.391696
0.256540
0.030033
0.489638
0.700049
0.095516
0.151371
0.514956
0.456401
0.543777
0.538098
0.546480
0.426451
0.307088
0.242922
0.213637
0.081695
0.236520
0.715436
0.508640
0.208377
0.323698
0.348993
0.442358
0.272116
0.296481
0.550394
0.370713
0.394853
0.497883
0.357887
0.280611
0.550533
0.650962
0.478258
0.234877
0.473856
0.217930
0.231314
0.326726
0.447760
0.196914
0.532963
0.470028
0.191545
0.786443
0.173334
0.302944
0.365544
0.239390
0.301099
0.405910
0.408857
0.498312
0.083521
0.359441
0.199094
0.127557
0.752574
0.269384
0.376825
0.347879
0.043254
0.445338
0.577875
0.131081
0.213788
0.571791
0.424967
0.586083
0.630023
0.478194
0.467445
0.272924
0.269346
0.209835
0.160424
0.140535
0.642324
0.513119
0.399295
0.280572
0.336998
0.319103
0.351260
0.357848
0.499485
0.291698
0.372796
0.368243
0.324100
0.387873
0.668848
0.661555
0.513713
0.138143
0.459806
0.345698
0.218947
0.422619
0.511448
0.223297
0.477499
0.289511
0.229603
0.664130
0.202106
0.341627
0.363937
0.208566
0.280702
0.462222
0.416674
0.457630
0.073322
0.353770
0.186342
0.189715
0.642759
0.263650
0.550210
0.416694
0.072854
0.345368
0.606521
0.097810
0.216280
0.465418
0.286655
0.708662
0.620422
0.391424
0.396321
0.256845
0.214912
0.205705
0.255834
0.183845
0.527563
0.416238
0.513342
0.267849
0.358583
0.311962
0.306488
0.265998
0.519320
0.292249
0.422980
0.312793
0.298826
0.439645
0.721457
0.650838
0.421494
0.109616
0.585125
0.273905
0.245569
0.322177
0.550140
0.287581
0.444356
0.202553
0.289628
0.548701
0.189706
0.434292
0.418399
0.222835
0.271658
0.469140
0.250310
0.513022
0.180525
0.326289
0.273326
0.202711
0.515174
0.254051
0.640486
0.488485
0.067608
0.297969
0.573628
0.146756
0.297007
0.354764
0.224209
0.886875
0.553910
0.378584
0.325586
0.278857
0.131649
0.192488
0.342666
0.275379
0.487666
0.396442
0.445954
0.253583
0.436028
0.404978
0.239418
0.241912
0.493437
0.384263
0.445269
0.376006
0.230595
0.330505
0.667935
0.601470
0.405905
0.207847
0.735576
0.182655
0.154293
0.158600
0.510818
0.289892
0.487679
0.113704
0.259793
0.554850
0.142393
0.542742
0.436030
0.156293
0.310222
0.427215
0.168489
0.578342
0.184252
0.280594
0.205429
0.280832
0.496210
0.283653
0.625115
0.541906
0.119588
0.290517
0.599910
0.158902
0.362966
0.357276
0.244728
0.947266
0.525043
0.419399
0.259126
0.245897
0.118154
0.163582
0.373467
0.234653
0.471853
0.443713
0.325994
0.238731
0.412940
0.551857
0.172540
0.201937
0.408848
0.368335
0.456836
0.421912
0.229055
0.206853
0.574963
0.524656
0.543813
0.311988
0.638462
0.227952
0.053734
0.167157
0.419796
0.313668
0.458713
0.118136
0.279478
0.561604
0.059826
0.507838
0.386045
0.114935
0.362669
0.381273
0.180347
0.598233
0.218063
0.194720
0.302660
0.274311
0.459556
0.247330
0.507594
0.538175
0.156780
0.311590
0.644888
0.287266
0.556864
0.309640
0.215790
0.811104
0.453476
0.570794
0.206787
0.292980
0.153665
0.157108
0.393246
0.099050
0.469522
0.433761
0.363590
0.214236
0.349643
0.577289
0.154712
0.224831
0.362906
0.390971
0.441878
0.290544
0.254231
0.229134
0.496354
0.453682
0.662053
0.307513
0.429664
0.221347
0.056080
0.266867
0.347457
0.316870
0.417068
0.183169
0.364956
0.501990
0.135797
0.403006
0.330669
0.302551
0.379623
0.460889
0.171545
0.552692
0.234757
0.222627
0.362553
0.269959
0.349458
0.069869
0.407259
0.540876
0.155199
0.307519
0.745455
0.405851
0.628510
0.083708
0.162085
0.637444
0.411935
0.588969
0.191654
0.385566
0.252430
0.277218
0.422187
0.190743
0.453467
0.462920
0.281537
0.295284
0.326293
0.479405
0.223876
0.266352
0.352961
0.503429
0.543555
0.163540
0.257619
0.305587
0.347517
0.460024
0.605292
0.267013
0.311485
0.209749
0.168105
0.201639
0.337510
0.301206
0.366953
0.332945
0.322543
0.442732
0.153694
0.363825
0.292494
0.492024
0.305754
0.560382
0.085006
0.484864
0.315721
0.308209
0.352139
0.192845
0.234945
0.068717
0.368574
0.544874
0.105542
0.320188
0.747147
0.469120
0.641752
0.040481
0.225673
0.578737
0.399528
0.507169
0.181142
0.402824
0.257374
0.327979
0.526709
0.279615
0.440385
0.557478
0.251510
0.280790
0.372532
0.344979
0.283876
0.214948
0.323982
0.599179
0.675708
0.218824
0.377280
0.309811
0.211629
0.455664
0.386860
0.303950
0.347407
0.195166
0.206770
0.133970
0.350640
0.273949
0.295519
0.293008
0.188485
0.361171
0.088564
0.400549
0.371826
0.455769
0.244188
0.566533
0.116653
0.353471
0.406872
0.369482
0.230505
0.176218
0.286403
0.088863
0.299631
0.481565
0.099332
0.385827
0.637886
0.413619
0.703445
0.085019
0.302702
0.548897
0.299589
0.345520
0.198534
0.359149
0.232556
0.410506
0.522552
0.238043
0.366593
0.564841
0.229545
0.215937
0.421536
0.240572
0.355708
0.209823
0.197084
0.580920
0.682090
0.256760
0.520150
0.285647
0.212379
0.360799
0.340471
0.397103
0.346919
0.245798
0.140009
0.142947
0.321372
0.387625
0.125590
0.223282
0.208732
0.294197
0.105018
0.380135
0.424367
0.490048
0.297171
0.500445
0.265994
0.203524
0.552240
0.361413
0.223813
0.210710
0.401794
0.104808
0.300913
0.412792
0.175831
0.455853
0.524878
0.416374
0.761351
0.192904
0.363645
0.560385
0.196958
0.275589
0.139480
0.363768
0.163185
0.489627
0.411540
0.150252
0.294205
0.400588
0.238784
0.160144
0.381934
0.152875
0.428887
0.279462
0.081755
0.462011
0.638158
0.145921
0.642608
0.274160
0.185517
0.214591
0.346904
0.497062
0.272565
0.364993
0.051856
0.156201
0.290332
0.434310
0.024232
0.262903
0.246267
0.248975
0.178574
0.298111
0.515532
0.423568
0.446953
0.347286
0.376735
0.140742
0.602651
0.394018
0.306130
0.252757
0.405544
0.170818
0.284046
0.349243
0.307134
0.504675
0.546835
0.439728
0.769740
0.128590
0.346082
0.569435
0.148658
0.274450
0.067236
0.579442
0.181911
0.492235
0.299806
0.188433
0.345922
0.255733
0.211814
0.295451
0.317422
0.088531
0.535785
0.394876
0.160097
0.377089
0.735703
0.109607
0.684521
0.253010
0.086382
0.175006
0.389734
0.577286
0.252935
0.357365
0.015069
0.121870
0.262582
0.462438
0.084119
0.412235
0.311580
0.258789
0.156808
0.274354
0.491904
0.525359
0.497240
0.239127
0.318620
0.183781
0.564378
0.400249
0.375893
0.213187
0.358196
0.139153
0.225638
0.329653
0.355416
0.511915
0.517891
0.479332
0.699000
0.074026
0.194250
0.591185
0.233478
0.203041
0.064782
0.758929
0.206528
0.451821
0.277896
0.285393
0.444504
0.211856
0.227337
0.460864
0.342045
0.088632
0.627675
0.528933
0.168965
0.354108
0.820830
0.307496
0.571786
0.305502
0.149049
0.243962
0.431736
0.622109
0.302573
0.251023
0.067264
0.189319
0.225858
0.441530
0.103270
0.389803
0.342746
0.238174
0.090260
0.283757
0.403624
0.668595
0.426025
0.284091
0.275623
0.274947
0.552353
0.492748
0.378418
0.314925
0.396724
0.108172
0.182924
0.268510
0.472804
0.524697
0.459413
0.540559
0.622940
0.050005
0.191429
0.587641
0.362679
0.141093
0.140596
0.796898
0.228591
0.503197
0.360884
0.266463
0.585648
0.307872
0.183300
0.471714
0.342056
0.145629
0.674158
0.670795
0.081546
0.354681
0.709791
0.512167
0.505913
0.314366
0.163881
0.354725
0.468158
0.609111
0.273934
0.178192
0.144431
0.407359
0.198039
0.417088
0.088925
0.396090
0.369425
0.159023
0.094679
0.241846
0.370548
0.750615
0.329032
0.305873
0.211635
0.291536
0.583529
0.504548
0.426844
0.310882
0.467128
0.090294
0.184795
0.219944
0.604515
0.516431
0.440114
0.608436
0.546489
0.190448
0.165809
0.550092
0.394884
0.151572
0.175763
0.744674
0.234008
0.617408
0.432805
0.153285
0.565085
0.431254
0.093425
0.375596
0.308534
0.198464
0.589871
0.780755
0.213730
0.321242
0.487015
0.537375
0.506741
0.276845
0.197580
0.452603
0.555073
0.599335
0.160488
0.238252
0.390270
0.642859
0.249832
0.348062
0.080441
0.511072
0.440343
0.112415
0.318510
0.119164
0.479925
0.687071
0.223050
0.233599
0.199215
0.271788
0.763359
0.561181
0.401146
0.197708
0.485584
0.146834
0.281805
0.169318
0.608045
0.435961
0.512219
0.495458
0.503308
0.269239
0.147304
0.524281
0.365928
0.146848
0.183219
0.618382
0.294770
0.681622
0.411855
0.124857
0.480532
0.587447
0.223545
0.330243
0.260498
0.132990
0.564109
0.813742
0.347807
0.231569
0.399918
0.560448
0.565129
0.230682
0.211626
0.527657
0.666038
0.555187
0.081200
0.270854
0.573483
0.756783
0.401857
0.307644
0.133872
0.599596
0.481003
0.189389
0.383241
0.048843
0.522217
0.787522
0.248780
0.076573
0.184664
0.326461
0.827183
0.494261
0.290272
0.179126
0.420322
0.200402
0.309254
0.229882
0.456362
0.352080
0.397336
0.382846
0.381890
0.264758
0.294602
0.532681
0.460940
0.136467
0.169040
0.521769
0.282361
0.571957
0.371931
0.241856
0.475772
0.598131
0.370143
0.421411
0.247355
0.130644
0.622668
0.692494
0.438708
0.092199
0.507995
0.744075
0.622859
0.167139
0.128208
0.612013
0.747180
0.456284
0.128998
0.287553
0.631714
0.801683
0.512782
0.319049
0.184114
0.566086
0.527707
0.288806
0.306353
0.146612
0.545465
0.871959
0.159093
0.056340
0.181845
0.392571
0.835216
0.372664
0.202447
0.208809
0.410930
0.338301
0.243197
0.213147
0.336775
0.298086
0.268541
0.324141
0.221582
0.252465
0.475413
0.504384
0.484201
0.063471
0.225748
0.482883
0.288876
0.567028
0.380201
0.370058
0.479473
0.558493
0.366926
0.520837
0.193432
0.151534
0.749478
0.570451
0.347649
0.084351
0.474777
0.894718
0.659932
0.272147
0.085734
0.676566
0.697360
0.330220
0.193941
0.320045
0.615705
0.875862
0.445181
0.339212
0.247873
0.506862
0.587198
0.409793
0.416707
0.210806
0.540524
0.805865
0.221904
0.094226
0.137965
0.393091
0.848903
0.377465
0.254614
0.204322
0.452811
0.364140
0.244819
0.126368
0.276932
0.332590
0.311332
0.303125
0.147663
0.222735
0.531868
0.444756
0.490140
0.009330
0.292130
0.485050
0.324084
0.691628
0.331295
0.475766
0.478834
0.547198
0.277101
0.534213
0.027556
0.177624
0.829087
0.485308
0.287221
0.179509
0.358840
0.828511
0.621963
0.468112
0.324405
0.751058
0.627078
0.226962
0.254115
0.351438
0.554374
0.990516
0.326087
0.277462
0.257214
0.559315
0.644428
0.458451
0.482189
0.197320
0.597887
0.819013
0.326162
0.180068
0.199334
0.393758
0.888302
0.437778
0.282369
0.228398
0.483540
0.320172
0.349341
0.120990
0.249472
0.389246
0.459286
0.219992
0.152439
0.242943
0.516899
0.423712
0.501947
0.100011
0.350284
0.502719
0.347894
0.773978
0.273323
0.559884
0.515012
0.655741
0.173936
0.597004
0.147506
0.160617
0.897683
0.540307
0.377903
0.198843
0.322885
0.675623
0.485416
0.455362
0.472880
0.818239
0.615582
0.275405
0.286863
0.264486
0.522131
0.975708
0.338571
0.294063
0.218617
0.729593
0.627450
0.460723
0.478107
0.250839
0.601497
0.842981
0.314522
0.205480
0.276920
0.523221
0.999905
0.395519
0.228774
0.121777
0.549477
0.308096
0.361854
0.174369
0.192583
0.513099
0.548499
0.185431
0.174179
0.259921
0.486888
0.474659
0.593983
0.197636
0.346287
0.486623
0.294513
0.619673
0.242991
0.601740
0.520808
0.679199
0.335539
0.629711
0.213750
0.146839
0.771857
0.498026
0.382823
0.192480
0.363915
0.584540
0.443437
0.316590
0.540687
0.786854
0.664648
0.299118
0.248477
0.104806
0.539652
0.750833
0.432836
0.245724
0.302252
0.782209
0.634202
0.386009
0.527006
0.300641
0.490984
0.784662
0.250502
0.235606
0.295613
0.700901
1.072866
0.368861
0.205501
0.188567
0.646735
0.453091
0.348655
0.113105
0.182719
0.665005
0.532743
0.127516
0.087117
0.298130
0.440294
0.505548
0.602584
0.238401
0.336485
0.498615
0.288108
0.449944
0.220573
0.599209
0.538844
0.647732
0.467036
0.564594
0.150904
0.132019
0.520063
0.517050
0.332559
0.256129
0.379221
0.611671
0.441478
0.215308
0.642187
0.635947
0.672668
0.272798
0.190352
0.126259
0.668723
0.584104
0.349067
0.135856
0.261013
0.698870
0.634770
0.403222
0.599867
0.259905
0.401881
0.752044
0.399411
0.202806
0.178580
0.754967
1.129137
0.396477
0.277458
0.250503
0.724851
0.483976
0.329986
0.051368
0.068004
0.766490
0.593438
0.125149
0.073563
0.272429
0.542886
0.501791
0.608347
0.251641
0.315708
0.517760
0.321245
0.438494
0.241166
0.532769
0.563266
0.662459
0.459274
0.434837
0.143223
0.139967
0.448802
0.536496
0.277932
0.356684
0.398584
0.692168
0.444837
0.362577
0.716971
0.535587
0.649568
0.247203
0.130875
0.106114
0.736309
0.616574
0.264656
0.026481
0.254850
0.586071
0.634176
0.546138
0.640817
0.165870
0.353559
0.833330
0.441553
0.154534
0.110970
0.794292
1.047528
0.390616
0.218135
0.348360
0.804972
0.396294
0.478996
0.082031
0.133712
0.647940
0.662549
0.103196
0.035375
0.256660
0.672972
0.530906
0.606127
0.336370
0.288891
0.557524
0.412155
0.476446
0.301767
0.507609
0.655485
0.783133
0.355605
0.353526
0.139483
0.186919
0.551025
0.588142
0.422196
0.348862
0.379243
0.729297
0.413736
0.484000
0.679863
0.546238
0.662769
0.269646
0.121047
0.151371
0.708103
0.639851
0.277817
0.034374
0.321055
0.458156
0.555157
0.615091
0.715769
0.317915
0.268570
0.845114
0.450242
0.146071
0.221374
0.781809
0.944824
0.354934
0.238536
0.426108
0.898543
0.462728
0.567045
0.242752
0.248880
0.452625
0.691570
0.169594
0.208076
0.319422
0.711799
0.566345
0.692697
0.402790
0.282735
0.587528
0.484479
0.361181
0.336923
0.510605
0.695056
0.771782
0.327269
0.375053
0.097568
0.270895
0.575583
0.474347
0.425029
0.187686
0.364715
0.698376
0.387478
0.532827
0.573528
0.643860
0.628132
0.234314
0.228364
0.185682
0.641837
0.559314
0.308069
0.198348
0.349492
0.438511
0.507338
0.599763
0.780025
0.453903
0.189671
0.730515
0.447607
0.294823
0.244409
0.786638
0.857189
0.334067
0.220370
0.440766
0.834445
0.676245
0.585614
0.352384
0.208025
0.324045
0.761897
0.312380
0.196920
0.350955
0.727776
0.644040
0.773550
0.387723
0.335419
0.570845
0.535368
0.323003
0.313190
0.402729
0.680487
0.692877
0.337950
0.422682
0.108788
0.424789
0.427730
0.384256
0.488809
0.162740
0.380623
0.707470
0.449239
0.425785
0.546266
0.706837
0.644909
0.258607
0.435659
0.201295
0.589017
0.571991
0.305315
0.262950
0.318107
0.549162
0.604413
0.573527
0.776882
0.515255
0.183882
0.664664
0.530872
0.397658
0.185720
0.776238
0.736262
0.422742
0.261535
0.379497
0.725771
0.720414
0.507547
0.303913
0.166389
0.370084
0.812822
0.337746
0.170331
0.229999
0.774441
0.760448
0.779962
0.306893
0.340188
0.620386
0.603394
0.530666
0.331587
0.264940
0.708850
0.641547
0.353701
0.390329
0.266094
0.491033
0.309707
0.442336
0.474984
0.093232
0.491562
0.794150
0.510235
0.376277
0.610951
0.743044
0.589559
0.363840
0.560372
0.134043
0.590658
0.632913
0.312359
0.234892
0.268241
0.553852
0.620368
0.588372
0.726057
0.543444
0.288522
0.669445
0.556005
0.466155
0.273491
0.805989
0.637739
0.491135
0.282290
0.292664
0.706411
0.661298
0.464530
0.248078
0.159100
0.398773
0.778478
0.387659
0.142767
0.222380
0.723717
0.854774
0.826362
0.340399
0.407834
0.662909
0.722744
0.725010
0.362199
0.149361
0.695279
0.669486
0.393911
0.258548
0.357184
0.457867
0.395143
0.572790
0.458805
0.248620
0.617924
0.744835
0.443221
0.415120
0.625108
0.626258
0.537317
0.497673
0.578363
0.217028
0.615194
0.598394
0.409340
0.262273
0.202705
0.479725
0.515795
0.641101
0.659622
0.559747
0.359818
0.584089
0.487634
0.515688
0.484036
0.771823
0.548041
0.431037
0.317928
0.323284
0.757496
0.665700
0.407061
0.337001
0.164516
0.436278
0.716034
0.570231
0.176374
0.397785
0.656441
0.840152
0.878096
0.510098
0.362443
0.707846
0.797757
0.620965
0.381601
0.105022
0.565568
0.680251
0.504147
0.123754
0.478777
0.476375
0.461951
0.530509
0.492115
0.394004
0.832373
0.738821
0.386858
0.435400
0.448260
0.466425
0.534519
0.511710
0.493686
0.359392
0.673717
0.426092
0.518945
0.385225
0.254971
0.363676
0.512817
0.631800
0.543604
0.611992
0.410939
0.439381
0.440396
0.547829
0.595060
0.711981
0.448558
0.412411
0.347727
0.448553
0.642139
0.698223
0.405000
0.508470
0.229434
0.460306
0.781551
0.788945
0.250348
0.516225
0.597070
0.714097
0.794811
0.663958
0.415004
0.609591
0.840870
0.511520
0.356418
0.099736
0.568827
0.638319
0.610620
0.140697
0.622071
0.547393
0.441636
0.390575
0.527117
0.506137
0.973901
0.767999
0.408676
0.485558
0.206121
0.401337
0.663400
0.531600
0.405716
0.526309
0.799443
0.375625
0.610232
0.510225
0.329603
0.333488
0.694528
0.604679
0.425447
0.634866
0.437220
0.417832
0.479452
0.521333
0.633414
0.661153
0.333800
0.454397
0.494230
0.467730
0.502708
0.658471
0.415645
0.637601
0.291812
0.490574
0.853001
0.854365
0.333514
0.390298
0.601855
0.601673
0.598913
0.702859
0.490378
0.491053
0.815787
0.605934
0.437779
0.082637
0.619513
0.575115
0.747252
0.254296
0.663852
0.594846
0.502827
0.320748
0.499206
0.542795
0.979632
0.753483
0.426629
0.525197
0.224719
0.466033
0.680907
0.464507
0.381388
0.688168
0.819398
0.433862
0.642089
0.597460
0.439712
0.292595
0.866569
0.591298
0.419081
0.594617
0.516393
0.455631
0.541725
0.537081
0.671833
0.673908
0.248521
0.448778
0.599104
0.407141
0.414663
0.656615
0.446833
0.688451
0.407314
0.471782
0.933795
0.890809
0.447781
0.337361
0.715876
0.564237
0.512757
0.718444
0.508837
0.482501
0.784069
0.757454
0.516166
0.095077
0.611646
0.538484
0.891905
0.419433
0.520031
0.688787
0.637153
0.336533
0.495918
0.563336
0.877546
0.639395
0.434848
0.613566
0.249885
0.463574
0.597095
0.375464
0.421190
0.738159
0.746592
0.580365
0.635223
0.593973
0.399459
0.297574
0.804826
0.623624
0.446139
0.491533
0.589836
0.511488
0.594555
0.670144
0.671665
0.731104
0.287388
0.486957
0.625880
0.375002
0.404068
0.780206
0.441793
0.705598
0.532092
0.509470
0.980950
0.904558
0.520490
0.402003
0.765518
0.561163
0.587945
0.843527
0.444436
0.605893
0.780303
0.755428
0.443744
0.131098
0.596141
0.535270
0.922014
0.402099
0.410194
0.909439
0.696762
0.327301
0.472113
0.640629
0.873077
0.564679
0.462617
0.585974
0.146921
0.384041
0.569020
0.339665
0.424591
0.597338
0.654054
0.721777
0.589577
0.659772
0.357128
0.396151
0.778628
0.672664
0.464557
0.440963
0.584643
0.536843
0.738024
0.829938
0.621730
0.817060
0.352590
0.589337
0.639163
0.425107
0.366527
0.830213
0.488372
0.815882
0.644977
0.721844
1.046388
0.864891
0.526663
0.495730
0.773972
0.562305
0.568002
1.024349
0.409067
0.708136
0.851308
0.582749
0.398785
0.161795
0.760470
0.582569
0.888170
0.325132
0.477767
0.999128
0.728019
0.364136
0.484623
0.726821
0.858171
0.601618
0.453692
0.559812
0.224164
0.321079
0.619959
0.562030
0.495637
0.495745
0.636353
0.858582
0.671520
0.742649
0.404573
0.479423
0.836938
0.742480
0.468665
0.465553
0.658323
0.629793
0.865673
0.781229
0.644562
0.824242
0.395398
0.647267
0.746445
0.435273
0.504640
0.821989
0.579643
0.905151
0.695525
0.926372
1.051559
0.869873
0.549102
0.427268
0.796895
0.565092
0.500389
1.041024
0.472383
0.840071
0.915467
0.487187
0.431270
0.232455
0.951066
0.512416
0.890717
0.379680
0.626455
0.959874
0.806914
0.516574
0.470229
0.757771
0.675068
0.608281
0.500737
0.501271
0.352848
0.405878
0.582022
0.738432
0.586884
0.493138
0.747426
0.979897
0.836533
0.724286
0.530814
0.497716
0.931351
0.729631
0.509607
0.482755
0.825385
0.661558
0.878042
0.690821
0.774907
0.730656
0.385771
0.766524
0.858725
0.372291
0.609108
0.917432
0.670877
0.959357
0.759613
1.060868
0.975576
1.021234
0.562382
0.388701
0.819695
0.587618
0.461191
0.888041
0.560585
0.850919
0.952464
0.548163
0.498145
0.334593
0.855144
0.504087
0.977017
0.531486
0.620515
1.030541
0.982252
0.685911
0.544475
0.797788
0.535409
0.456838
0.465956
0.504857
0.421063
0.492236
0.532241
0.737766
0.624903
0.538979
0.859857
1.111757
0.974929
0.660053
0.587940
0.566167
0.970798
0.619616
0.489512
0.437486
0.905768
0.746464
0.895583
0.645350
0.831235
0.705501
0.406359
0.930783
0.900007
0.333627
0.639981
0.992262
0.822431
0.928901
0.724877
1.118616
0.985744
1.103306
0.652899
0.423656
0.822941
0.595568
0.543790
0.696132
0.555656
0.710476
1.008348
0.555465
0.465918
0.452457
0.702604
0.548486
1.036235
0.543984
0.563566
1.122824
1.078306
0.707915
0.637664
0.712744
0.515480
0.415201
0.424238
0.550482
0.394151
0.652242
0.571420
0.698669
0.574865
0.528624
0.913837
1.153168
0.949855
0.650191
0.611593
0.656494
0.971359
0.616118
0.411544
0.442247
0.990392
0.799126
1.017382
0.718203
0.782472
0.766867
0.521035
1.012807
0.873459
0.379336
0.555734
1.036162
0.920058
0.813987
0.719142
1.141072
0.966996
1.078581
0.738717
0.487562
0.791123
0.586565
0.513700
0.621089
0.496700
0.601701
0.998955
0.623620
0.455740
0.591278
0.759829
0.719713
1.039569
0.532973
0.587962
1.162158
1.095687
0.653872
0.717163
0.677296
0.541454
0.474739
0.424304
0.592205
0.340016
0.801729
0.705290
0.836949
0.628290
0.525139
0.911695
1.158926
1.010272
0.704507
0.715262
0.775987
0.989948
0.704221
0.420550
0.475178
1.065887
0.810680
1.114993
0.728503
0.687086
0.765004
0.664552
0.950969
0.888031
0.352083
0.649797
1.006529
0.897106
0.705924
0.669539
1.082618
0.788379
1.007013
0.792185
0.521810
0.760844
0.612193
0.467203
0.699165
0.497162
0.688599
0.956782
0.740419
0.520382
0.760027
0.955701
0.842417
1.062831
0.646541
0.671384
1.150854
1.079144
0.735669
0.729193
0.651960
0.515056
0.587895
0.477667
0.594808
0.416946
0.906486
0.677747
1.008881
0.758014
0.504525
0.898523
1.074037
0.985437
0.664687
0.866272
0.888544
1.014127
0.765516
0.526225
0.485701
1.099669
0.802781
1.043191
0.724247
0.610776
0.675291
0.799424
0.772713
0.827833
0.267032
0.720171
1.084028
0.821513
0.675701
0.685366
1.022430
0.637872
0.921285
0.847609
0.649584
0.822771
0.713947
0.480623
0.738677
0.475975
0.806178
0.975833
0.891592
0.641331
0.883031
0.916972
0.879225
1.034005
0.805403
0.652870
1.124253
1.087123
0.898755
0.711904
0.628418
0.536881
0.633028
0.424964
0.653072
0.516097
0.905692
0.683822
1.055376
0.789997
0.472727
0.834964
1.026136
0.931058
0.519843
0.891723
1.087510
1.075642
0.871431
0.645393
0.488968
1.034096
0.895660
0.953108
0.715766
0.484971
0.624360
0.882489
0.731688
0.692412
0.265995
0.692335
1.153235
0.899311
0.767497
0.646696
1.098822
0.598929
0.755703
0.882028
0.775132
0.942743
0.758003
0.596592
0.665175
0.533754
0.801571
1.066470
0.886577
0.757779
0.877830
0.905104
0.980177
0.932859
0.830520
0.650534
0.970522
1.104960
0.978359
0.669088
0.557722
0.618558
0.879438
0.482982
0.709257
0.572979
0.975781
0.813034
1.070735
0.714229
0.446461
0.746507
1.018387
0.963840
0.542899
0.800609
1.224075
1.103942
0.944728
0.692518
0.594707
1.012108
1.046416
0.929087
0.765260
0.416712
0.666515
0.981677
0.858343
0.506931
0.470677
0.703384
1.112315
1.039695
0.805269
0.548198
1.230540
0.630486
0.674143
0.910828
0.810537
1.037202
0.709716
0.792498
0.474796
0.615281
0.779699
1.144581
0.847509
0.817414
0.821565
1.045512
1.106860
0.801551
0.823939
0.763822
0.812891
1.156566
0.978669
0.630262
0.422478
0.727778
1.175838
0.636400
0.738503
0.517377
1.050342
0.895148
1.076671
0.687551
0.479550
0.788401
0.974056
1.052631
0.781561
0.723369
1.226478
1.115111
0.950282
0.713447
0.727273
1.053858
1.067920
0.873038
0.643248
0.433026
0.718252
1.067128
0.934348
0.404522
0.640314
0.923426
1.055627
1.077345
0.788306
0.491299
1.203449
0.679230
0.710652
0.981024
0.754990
1.055677
0.636365
1.020907
0.399202
0.677751
0.871434
1.216048
0.897913
0.839340
0.763300
1.193728
1.215934
0.777192
0.884674
0.837856
0.776644
1.164832
1.084231
0.572407
0.430463
0.746660
1.292891
0.743031
0.776922
0.586086
1.085543
0.878641
1.029563
0.764526
0.581505
0.835847
0.980318
1.001512
0.886020
0.768455
1.256170
1.190216
0.997148
0.714686
0.746426
1.089881
1.032302
0.783982
0.533662
0.435371
0.773090
1.133711
0.860395
0.475622
0.721037
1.021489
1.103968
0.993954
0.789701
0.574122
1.107181
0.728535
0.767948
0.984540
0.822268
1.011843
0.678721
1.110262
0.558229
0.691937
0.890046
1.188734
0.988837
0.853227
0.678526
1.152741
1.274572
0.875197
0.990962
0.806582
0.869387
1.197390
1.269140
0.652361
0.515413
0.657181
1.268188
0.786288
0.893896
0.703413
1.132728
0.948850
1.019210
0.848300
0.708375
0.906684
0.992424
0.889026
0.750263
0.798555
1.357690
1.179197
1.130258
0.799544
0.631394
1.097119
1.093536
0.843441
0.551066
0.440180
0.765982
1.186190
0.871616
0.590618
0.786512
0.964872
1.138062
0.946357
0.717423
0.700916
1.027600
0.792498
0.693253
1.028720
0.880299
1.005508
0.659946
1.124864
0.690211
0.667258
0.890077
1.066373
0.886100
0.830576
0.636564
1.089311
1.307313
0.875385
1.068131
0.760842
0.863507
1.199564
1.256625
0.811776
0.530593
0.636736
1.365796
0.990981
1.023333
0.790637
1.278227
1.090269
1.097430
0.960258
0.813918
0.932129
1.025644
0.924603
0.618701
0.791655
1.343047
1.030541
1.135331
0.915194
0.627075
1.109510
1.186579
0.989199
0.733999
0.410067
0.782533
1.237300
0.952772
0.632623
0.960678
0.924867
1.157381
0.994806
0.619752
0.699800
1.018936
0.858704
0.694671
0.988836
0.854265
1.068060
0.648992
1.192372
0.712741
0.645617
1.002868
0.963535
0.659995
0.836218
0.608923
1.018991
1.234360
0.809288
1.104129
0.745610
0.728262
1.124518
1.092465
0.930084
0.485081
0.793861
1.462043
1.112450
1.043407
0.789449
1.266366
1.181948
1.159588
1.030678
0.841365
0.933465
1.003905
1.057334
0.709502
0.741322
1.220271
0.868188
1.072929
0.968558
0.767261
1.146944
1.252688
0.992569
0.840967
0.469730
0.833301
1.308254
0.963974
0.624242
0.967491
1.070809
1.200218
1.102333
0.568231
0.605891
1.015521
0.972475
0.773125
0.966179
0.731929
1.126475
0.844738
1.320261
0.620583
0.607248
1.172205
1.070895
0.665120
0.796167
0.637750
0.888321
1.149586
0.762684
1.048931
0.689826
0.646122
1.050309
1.020223
1.037545
0.536308
0.949910
1.438813
1.168856
0.933169
0.851654
1.181548
1.243859
1.139998
1.073856
0.820759
1.016875
1.110410
1.068217
0.791794
0.769479
1.189909
0.925458
1.011013
0.955312
0.882263
1.202226
1.268502
0.825373
0.891790
0.478954
0.952592
1.386966
0.969489
0.639433
0.956176
1.211946
1.228984
1.242864
0.668877
0.628910
1.012974
1.040988
0.794297
1.030107
0.608762
1.198850
1.098261
1.374555
0.553547
0.647174
1.263844
1.181589
0.848623
0.742639
0.617330
0.764455
1.114057
0.832572
0.949820
0.578664
0.697719
1.160986
1.098098
1.083199
0.649309
0.994978
1.381220
1.249534
0.800909
0.936534
1.108030
1.298629
1.208667
1.105440
0.810716
1.165362
1.129570
1.052068
0.899956
0.776334
1.246028
1.025424
1.063232
1.008424
0.805375
1.149067
1.303683
0.743998
0.927613
0.537896
1.003341
1.406495
0.981843
0.715047
0.994886
1.294749
1.131657
1.267727
0.731633
0.700530
1.007619
1.074967
0.812736
1.101097
0.572764
1.144387
1.182236
1.328740
0.544147
0.737080
1.338080
1.190639
0.949639
0.880989
0.583645
0.776233
1.121295
0.942446
0.944340
0.559442
0.835968
1.284478
1.057102
1.063767
0.724841
1.083234
1.449315
1.374246
0.779809
1.001349
1.165097
1.335216
1.253983
1.083115
0.898697
1.273436
1.015979
1.139701
1.037959
0.710348
1.171995
0.970910
1.001601
1.035726
0.762112
1.143040
1.264642
0.792668
1.001643
0.770343
1.102423
1.335934
1.026975
0.799320
1.121019
1.383803
1.126044
1.178282
0.708763
0.819294
1.009001
1.151706
0.899884
1.027893
0.543905
1.121017
1.183733
1.285098
0.607474
0.794933
1.386242
1.179197
1.033918
0.938653
0.648536
0.946606
1.120288
0.961207
1.004676
0.628375
0.899778
1.248350
0.952398
1.067915
0.795154
1.238384
1.488304
1.498049
0.929738
1.043752
1.192010
1.297259
1.211588
0.990096
0.976862
1.343895
0.915902
1.202722
1.187850
0.650184
1.027508
0.935587
0.937958
1.060159
0.856982
1.253775
1.177671
0.912547
1.055120
0.976588
1.240796
1.293763
1.057189
0.890146
1.081033
1.466698
1.121699
1.181246
0.670125
0.909906
1.003756
1.245773
0.940150
0.955085
0.472656
1.102714
1.253426
1.304660
0.835923
0.779130
1.393770
1.207742
1.213486
1.004286
0.779682
1.024442
1.207378
0.976206
1.004706
0.661836
0.962358
1.215527
0.954716
1.041360
0.942330
1.346697
1.404394
1.514689
1.101091
1.063996
1.164882
1.254433
1.086498
0.865990
0.970387
1.347244
1.042374
1.193007
1.160794
0.782899
0.938133
1.059540
1.060229
1.039418
0.997332
1.346611
1.161965
1.056870
1.087111
0.980134
1.337894
1.186694
1.060098
0.951034
0.950601
1.445666
1.095530
1.272569
0.707623
0.951367
0.952986
1.272467
0.902401
0.952759
0.459053
1.089947
1.474379
1.376246
0.971927
0.678921
1.323340
1.261120
1.341792
0.964690
0.901675
0.950859
1.138351
1.022476
1.028306
0.602879
1.040062
1.319709
1.029766
1.039783
1.056251
1.316866
1.338710
1.550420
1.158146
0.946749
1.203744
1.325615
0.996884
0.841548
0.899525
1.328829
1.260207
1.192439
1.043238
0.879129
0.900276
1.149361
1.187281
1.120078
0.930796
1.261513
1.299734
1.230620
1.093892
0.927400
1.295431
1.084664
1.026493
0.927333
0.870794
1.420086
1.121192
1.286080
0.754682
0.985793
0.882272
1.275264
0.882674
0.886612
0.543554
0.998846
1.638781
1.472767
1.016333
0.763766
1.387657
1.215030
1.290415
0.932003
0.958320
0.924630
1.024477
1.111776
1.021233
0.616977
1.156223
1.321950
1.053886
1.015005
1.074121
1.304398
1.368802
1.560655
1.137172
0.856802
1.230334
1.389526
1.012323
0.901781
0.815458
1.356752
1.326641
1.111307
0.951556
0.836821
0.839768
1.184055
1.209987
1.120225
0.836719
1.218807
1.409445
1.286703
1.173163
0.967435
1.333178
1.058500
1.046750
0.786314
0.867706
1.361431
1.133557
1.141333
0.859152
0.995683
0.927370
1.355684
1.032695
0.814877
0.650335
0.988875
1.739205
1.541988
1.046173
0.954675
1.463870
1.274877
1.128537
0.891136
0.916122
1.024329
0.982835
1.188502
0.950531
0.793002
1.212059
1.201843
1.079514
0.984824
1.049767
1.366497
1.383554
1.476603
1.200472
0.848447
1.137392
1.407798
1.072945
0.967585
0.833203
1.502212
1.328301
1.032765
0.921652
0.698471
0.860797
1.222088
1.179960
1.033541
0.800122
1.233601
1.366589
1.227825
1.143012
1.097498
1.506255
1.086839
1.158848
0.756197
0.815857
1.260253
1.144082
1.070279
0.918504
0.995209
1.057274
1.442035
1.089450
0.820891
0.730619
1.081587
1.817496
1.420999
1.220328
1.042865
1.413410
1.450938
1.161478
0.841889
0.968060
1.171039
0.969872
1.192185
0.822467
0.978582
1.322779
1.087327
1.088033
0.916092
1.026399
1.254354
1.310487
1.333497
1.265646
0.831140
1.133985
1.447488
1.150072
0.906550
0.816089
1.494755
1.429850
1.014136
0.916156
0.732576
0.977882
1.285145
1.222073
0.961112
0.808726
1.220231
1.278628
1.197078
1.107219
1.035316
1.567517
1.087763
1.260192
0.886712
0.759446
1.093723
1.202582
1.165805
0.919443
0.930303
1.163493
1.460110
1.116329
0.901976
0.848826
1.139893
1.646478
1.231617
1.278310
0.993407
1.204461
1.502717
1.289226
0.799850
1.081787
1.252698
0.991101
1.140568
0.796563
1.044458
1.388091
1.202699
1.047554
0.839624
0.954338
1.104587
1.293121
1.276231
1.115159
0.721667
1.231597
1.371617
1.273405
0.852966
0.803275
1.379100
1.499158
1.067235
1.054851
0.838111
1.020899
1.291033
1.267091
1.004352
0.775928
1.170736
1.307184
1.243537
1.022040
0.991085
1.496844
1.057100
1.287543
1.018348
0.799292
1.051311
1.237741
1.276513
0.910614
0.937848
1.088761
1.467623
1.255147
0.903749
1.033272
1.135719
1.460971
1.129290
1.303540
0.996616
1.029695
1.430958
1.220814
0.862917
1.064953
1.326973
1.070685
1.094196
0.841187
0.995927
1.453034
1.277686
0.941826
0.788050
0.861626
1.164356
1.210339
1.200954
0.983346
0.670265
1.186871
1.279187
1.314320
0.961527
0.888099
1.363949
1.446832
1.047083
1.177562
0.959536
1.009496
1.191609
1.230584
1.076378
0.775836
1.151012
1.452604
1.211961
0.908533
1.055739
1.489485
1.005606
1.234683
0.969258
0.900815
1.048572
1.348501
1.189548
0.955652
1.023059
1.142305
1.555418
1.396249
0.841799
1.151978
1.165693
1.355867
1.003843
1.334128
1.028233
0.977631
1.479709
1.076224
0.945833
0.957573
1.432415
1.263649
1.086376
0.855184
1.013667
1.520579
1.193994
0.922430
0.762485
0.925748
1.284012
1.152935
1.197264
1.012436
0.729080
1.244559
1.286953
1.265675
1.177185
1.037851
1.401340
1.463145
0.992342
1.185624
1.032470
1.111005
1.188850
1.093997
1.071315
0.763982
1.232413
1.571551
1.181733
0.838442
1.019590
1.466389
1.049960
1.274102
1.010501
0.859764
1.040630
1.440248
1.171779
1.095559
1.055767
1.273876
1.527953
1.404944
0.788228
1.128535
1.144110
1.315933
0.959245
1.357820
1.081401
0.976181
1.537845
1.032990
0.949984
0.952716
1.437302
1.322328
1.132573
0.820478
1.057033
1.587753
1.167249
1.004237
0.732952
0.904168
1.259506
1.076529
1.210483
1.038227
0.747876
1.361228
1.262640
1.217789
1.204263
1.020909
1.349431
1.480228
1.095854
1.076823
1.031684
1.241068
1.245703
0.948191
1.065092
0.797665
1.303258
1.556214
1.214696
0.880203
0.881286
1.287188
1.182369
1.306318
1.115173
0.862303
0.985662
1.365972
1.246238
1.230708
0.939806
1.336047
1.389874
1.339991
0.868338
1.030179
1.130458
1.382090
0.921542
1.251195
1.090464
1.070463
1.468100
1.101779
0.898167
0.987874
1.335772
1.213339
1.191202
0.883345
1.019776
1.615389
1.264852
1.064284
0.798679
0.779171
1.179236
0.963454
1.145251
0.966433
0.685028
1.436607
1.178826
1.323651
1.125737
0.889834
1.206023
1.450748
1.246789
1.075540
0.947636
1.243226
1.274459
0.913666
1.004821
0.817460
1.253848
1.412181
1.277289
0.868207
0.786866
1.272315
1.225029
1.187615
1.141118
0.967022
0.989328
1.269345
1.284500
1.264942
0.853714
1.342406
1.399776
1.341552
0.859008
1.085388
1.221891
1.412827
0.917243
1.245679
1.144803
1.084428
1.401506
1.088765
0.922974
0.958733
1.315102
1.211390
1.254809
0.908058
0.915236
1.600086
1.279681
1.184680
0.959811
0.718574
1.151821
0.877242
1.088744
0.826491
0.733725
1.331731
1.211200
1.458667
1.104173
0.839895
1.017505
1.295288
1.213608
1.072927
0.897895
1.205279
1.285390
1.050755
0.851786
0.812063
1.186162
1.353300
1.233449
0.833047
0.782842
1.293377
1.221303
1.068982
1.027565
0.969099
0.952429
1.317515
1.222771
1.310537
0.872691
1.429853
1.425278
1.332533
0.856612
1.008806
1.234522
1.248080
0.899057
1.303922
1.190592
0.957855
1.370128
1.117826
0.928591
0.926435
1.332452
1.402339
1.253011
0.857751
0.842542
1.518137
1.235211
1.267876
1.090214
0.713692
1.129232
