# G_4, p = 0.1000 GPa (dir_1000.0_bar).
# D8R-only: 48 rings x 101 frames = 4848 samples.
# Column: per-D8R Delta [A]
0.006811
0.005338
0.004547
0.007629
0.006627
0.005334
0.004613
0.007725
0.006988
0.005559
0.004196
0.007764
0.007253
0.005579
0.004361
0.007614
0.005938
0.005094
0.004016
0.007590
0.006832
0.005113
0.004238
0.006344
0.006079
0.004876
0.004313
0.006559
0.006032
0.005272
0.004372
0.006782
0.005987
0.005393
0.004111
0.007272
0.006486
0.004841
0.004302
0.006440
0.006878
0.004908
0.004455
0.005795
0.005523
0.005262
0.004174
0.007800
0.016690
0.081302
0.105971
0.138136
0.027748
0.015921
0.100325
0.039053
0.168018
0.051755
0.031121
0.106813
0.067284
0.115399
0.102939
0.100256
0.088135
0.111583
0.080512
0.083217
0.069599
0.038722
0.332340
0.130245
0.052272
0.032182
0.084658
0.096044
0.081624
0.043571
0.088407
0.185353
0.061176
0.085486
0.178755
0.065127
0.099309
0.113260
0.065929
0.158712
0.105867
0.094476
0.109912
0.074274
0.194358
0.068067
0.031312
0.020355
0.037291
0.152143
0.139605
0.085613
0.122746
0.089436
0.112126
0.064069
0.272784
0.098304
0.062990
0.205343
0.032274
0.181265
0.215349
0.068263
0.011695
0.187785
0.268627
0.119036
0.052696
0.123643
0.445337
0.141114
0.084378
0.102354
0.084139
0.229126
0.204465
0.100192
0.278804
0.286469
0.101323
0.074415
0.364219
0.106995
0.193853
0.190451
0.134529
0.255058
0.110500
0.056256
0.167571
0.095516
0.295695
0.094415
0.147969
0.061817
0.084423
0.255198
0.093057
0.116901
0.180426
0.223966
0.169263
0.144846
0.471287
0.147371
0.100790
0.265373
0.061589
0.156804
0.240488
0.008095
0.035291
0.171904
0.359395
0.248064
0.077431
0.147289
0.311968
0.091935
0.174530
0.300600
0.107002
0.364881
0.286581
0.129621
0.366916
0.280221
0.149516
0.170058
0.412964
0.085975
0.272470
0.194029
0.181456
0.302665
0.029162
0.033360
0.188870
0.093214
0.213718
0.094747
0.305424
0.185968
0.121858
0.288199
0.056313
0.258572
0.137567
0.362850
0.148408
0.165828
0.592183
0.052423
0.035596
0.208061
0.148404
0.120122
0.240559
0.064305
0.051893
0.296422
0.278846
0.327434
0.132800
0.173431
0.261960
0.075107
0.231373
0.348034
0.146353
0.283553
0.215857
0.058999
0.272640
0.282535
0.233045
0.155353
0.573200
0.032465
0.363533
0.135772
0.210496
0.408492
0.150454
0.099879
0.168069
0.131048
0.244854
0.130523
0.415182
0.251033
0.040034
0.305042
0.106472
0.297202
0.057562
0.470503
0.115895
0.084045
0.546969
0.047136
0.118803
0.201283
0.238363
0.138517
0.389300
0.161914
0.093869
0.362884
0.163522
0.353010
0.159651
0.212766
0.318860
0.139015
0.285346
0.283623
0.214534
0.182664
0.153393
0.049943
0.209524
0.357274
0.314717
0.226957
0.634868
0.067331
0.427432
0.075955
0.158464
0.463086
0.192351
0.139616
0.225638
0.184144
0.050967
0.144914
0.401840
0.213922
0.038219
0.316048
0.180125
0.336231
0.107427
0.453629
0.117980
0.123167
0.399887
0.110730
0.194409
0.224688
0.197354
0.136859
0.404393
0.217885
0.065197
0.261273
0.136454
0.346854
0.122440
0.258317
0.284077
0.184513
0.228475
0.318648
0.267204
0.302817
0.246852
0.212559
0.338097
0.362944
0.430180
0.267992
0.500481
0.236343
0.501320
0.066453
0.055285
0.437654
0.213475
0.129122
0.190905
0.167239
0.132909
0.118140
0.225979
0.134883
0.082013
0.244513
0.422614
0.402909
0.178501
0.411200
0.122559
0.044041
0.301763
0.149770
0.253594
0.290821
0.179410
0.138651
0.383972
0.142248
0.080614
0.117621
0.182748
0.378557
0.138806
0.314640
0.160865
0.188739
0.132215
0.440903
0.102568
0.454969
0.391622
0.260934
0.286103
0.394033
0.494526
0.185207
0.354821
0.355017
0.513274
0.098663
0.099704
0.327835
0.379203
0.086588
0.192744
0.174138
0.237183
0.087465
0.271021
0.250305
0.146724
0.161261
0.519041
0.271008
0.190236
0.378581
0.074382
0.084807
0.323279
0.153295
0.269326
0.315752
0.177387
0.106772
0.424672
0.125192
0.050233
0.095640
0.221614
0.325520
0.170080
0.337287
0.159475
0.132947
0.155245
0.436396
0.135648
0.407411
0.444930
0.202628
0.341850
0.513533
0.565077
0.093078
0.270232
0.353342
0.408100
0.161686
0.103984
0.326277
0.460316
0.042510
0.222993
0.209152
0.228572
0.070564
0.199639
0.344534
0.212524
0.082814
0.429556
0.248238
0.132776
0.402167
0.115543
0.153231
0.236414
0.100093
0.415471
0.313846
0.155224
0.169528
0.448363
0.126822
0.037620
0.101974
0.242814
0.254307
0.065881
0.344635
0.144474
0.145333
0.102793
0.316761
0.299926
0.287826
0.343618
0.231072
0.392954
0.448265
0.553362
0.152497
0.188932
0.368392
0.264228
0.228184
0.113937
0.299505
0.426932
0.111244
0.212016
0.223088
0.094211
0.114582
0.176369
0.426864
0.201810
0.105459
0.271523
0.309945
0.058756
0.326708
0.226510
0.067568
0.243723
0.224180
0.420312
0.354957
0.224109
0.233833
0.391531
0.160810
0.035819
0.092958
0.192421
0.160144
0.059656
0.274585
0.211571
0.249885
0.073687
0.338539
0.353023
0.335194
0.363969
0.192916
0.292820
0.331818
0.462120
0.210033
0.148674
0.329923
0.203982
0.331784
0.155706
0.220936
0.344471
0.170727
0.123742
0.159662
0.078185
0.186832
0.240024
0.480017
0.084229
0.262590
0.179269
0.523891
0.020022
0.354553
0.278773
0.139905
0.219132
0.191200
0.271036
0.346940
0.192357
0.235659
0.340929
0.214703
0.049213
0.140086
0.091329
0.142975
0.116246
0.259217
0.348738
0.309079
0.152484
0.297499
0.370437
0.416314
0.508866
0.104968
0.206637
0.244654
0.413755
0.103397
0.112389
0.235495
0.268509
0.377432
0.187744
0.201747
0.315381
0.169828
0.098683
0.169587
0.145850
0.304683
0.191882
0.471567
0.065587
0.330843
0.170150
0.621006
0.116989
0.263378
0.123259
0.287450
0.119527
0.279890
0.199429
0.316130
0.136150
0.146425
0.236097
0.250102
0.184921
0.113669
0.084057
0.141747
0.268658
0.238282
0.446929
0.201586
0.254810
0.239097
0.377324
0.399526
0.585497
0.198605
0.168930
0.223905
0.302687
0.032910
0.085827
0.322890
0.272239
0.316143
0.087198
0.227710
0.253175
0.078907
0.113170
0.192891
0.233220
0.296102
0.059076
0.344576
0.219673
0.360711
0.129960
0.492818
0.171238
0.117885
0.033726
0.361052
0.098624
0.377102
0.305337
0.324297
0.220398
0.240851
0.151501
0.290421
0.224465
0.126217
0.201914
0.116883
0.288920
0.219402
0.409794
0.157675
0.281544
0.273505
0.309887
0.234739
0.453935
0.220236
0.124905
0.182366
0.320253
0.193142
0.048122
0.383764
0.234628
0.268769
0.180292
0.364189
0.342447
0.134724
0.151427
0.156137
0.413630
0.169278
0.179177
0.285837
0.234132
0.378610
0.285886
0.367638
0.198030
0.094038
0.050398
0.377455
0.131033
0.241920
0.343298
0.416482
0.347761
0.279097
0.146906
0.333864
0.180781
0.138651
0.282638
0.233042
0.270902
0.331751
0.388337
0.188593
0.128012
0.232669
0.326575
0.192792
0.274136
0.197478
0.197436
0.365147
0.399635
0.256266
0.094732
0.238559
0.168182
0.275026
0.180262
0.494066
0.319001
0.219903
0.147289
0.217341
0.330374
0.080014
0.310662
0.296531
0.250947
0.313141
0.519839
0.295555
0.256583
0.255583
0.031218
0.287490
0.166429
0.117832
0.250149
0.437242
0.293067
0.245060
0.173856
0.281371
0.023357
0.113691
0.271628
0.327460
0.316353
0.444788
0.382123
0.236873
0.044529
0.129280
0.394585
0.223997
0.120540
0.316106
0.318366
0.451491
0.387811
0.287332
0.119019
0.104915
0.089806
0.147780
0.133214
0.460493
0.185702
0.246284
0.163604
0.224080
0.152538
0.132357
0.295557
0.307461
0.296119
0.216624
0.603278
0.212748
0.135628
0.252814
0.132011
0.270497
0.145457
0.095651
0.146284
0.328426
0.183609
0.228231
0.279286
0.286549
0.015244
0.142949
0.238735
0.388018
0.251675
0.507038
0.285824
0.208087
0.148859
0.009063
0.290777
0.253257
0.053944
0.266606
0.356882
0.532499
0.349007
0.317538
0.166589
0.157157
0.055233
0.139055
0.127237
0.350493
0.122447
0.135268
0.184270
0.132724
0.103538
0.172794
0.294029
0.156273
0.298911
0.473143
0.509205
0.158943
0.076715
0.227037
0.240412
0.246404
0.063299
0.172507
0.153591
0.096187
0.127588
0.182634
0.304063
0.315649
0.047431
0.193994
0.395599
0.457981
0.130499
0.433759
0.177821
0.146488
0.117509
0.083122
0.155841
0.279081
0.276945
0.245468
0.487533
0.605672
0.222182
0.229929
0.151714
0.123471
0.163561
0.232852
0.148860
0.305252
0.111935
0.162475
0.217716
0.157045
0.048927
0.152623
0.366360
0.136143
0.224357
0.457286
0.357716
0.168954
0.084928
0.169536
0.321937
0.196964
0.146633
0.094385
0.269716
0.080496
0.134740
0.146903
0.236993
0.282811
0.264561
0.231632
0.478820
0.490726
0.203217
0.323552
0.178540
0.060714
0.084304
0.128631
0.121410
0.300780
0.342430
0.211519
0.504446
0.550600
0.109247
0.163696
0.218253
0.124364
0.116243
0.413899
0.167683
0.407269
0.163055
0.215879
0.283645
0.271669
0.039299
0.116321
0.367118
0.112817
0.067246
0.324543
0.264270
0.120639
0.182284
0.145702
0.285712
0.145364
0.239248
0.064078
0.325442
0.025621
0.170955
0.384833
0.101835
0.267239
0.427349
0.243508
0.278980
0.475308
0.263718
0.219636
0.171188
0.219141
0.104983
0.195662
0.055815
0.258223
0.404184
0.195841
0.286377
0.469422
0.110285
0.208586
0.227329
0.124202
0.048277
0.579152
0.118392
0.439537
0.286767
0.229504
0.291086
0.342752
0.182130
0.135389
0.272885
0.093290
0.146474
0.272868
0.149332
0.165564
0.138372
0.145146
0.309005
0.071684
0.214681
0.019230
0.272529
0.028157
0.372519
0.528169
0.185577
0.217374
0.396591
0.276302
0.230855
0.404513
0.317355
0.083467
0.145928
0.342273
0.210941
0.161367
0.089111
0.276365
0.400604
0.132563
0.243263
0.402768
0.194827
0.269652
0.135849
0.103596
0.109674
0.500147
0.089224
0.450668
0.473711
0.360412
0.258299
0.287691
0.310733
0.183673
0.197039
0.214664
0.057868
0.288565
0.068155
0.300159
0.072147
0.072530
0.296936
0.146443
0.134916
0.044957
0.304044
0.122353
0.399834
0.587882
0.212563
0.025306
0.396911
0.201146
0.258895
0.358983
0.365178
0.095146
0.269530
0.364013
0.182929
0.168655
0.188544
0.288144
0.177471
0.143010
0.122242
0.381317
0.111222
0.185167
0.099667
0.072054
0.202009
0.384213
0.026647
0.438964
0.503875
0.507480
0.218068
0.237031
0.318058
0.284345
0.142694
0.187846
0.125520
0.278981
0.192268
0.266073
0.071822
0.068590
0.153602
0.219228
0.133413
0.155497
0.435270
0.091395
0.344447
0.559975
0.229649
0.104445
0.491798
0.195141
0.226221
0.337197
0.444239
0.192525
0.272083
0.377618
0.207548
0.234498
0.262584
0.289997
0.013291
0.124662
0.154745
0.319442
0.083675
0.034296
0.110151
0.178073
0.143356
0.235373
0.169817
0.406015
0.414018
0.512110
0.203270
0.238914
0.245947
0.329564
0.031224
0.084363
0.168560
0.243700
0.303209
0.126763
0.178510
0.084548
0.070992
0.215809
0.138080
0.163600
0.519089
0.088976
0.404656
0.404454
0.291428
0.184808
0.376123
0.244564
0.229149
0.248304
0.390114
0.184792
0.205082
0.322559
0.109707
0.369192
0.325230
0.246581
0.094084
0.068900
0.286529
0.244196
0.167031
0.108787
0.194506
0.177934
0.052378
0.183602
0.166505
0.270702
0.373040
0.428666
0.076023
0.294214
0.191918
0.286395
0.232978
0.071537
0.095512
0.170324
0.403230
0.123588
0.166662
0.055369
0.156131
0.245970
0.321874
0.056679
0.368009
0.153799
0.468016
0.236204
0.308449
0.347961
0.283489
0.213887
0.193372
0.164718
0.335037
0.108311
0.094478
0.260664
0.089608
0.389141
0.382401
0.248862
0.157069
0.120966
0.307998
0.139214
0.254821
0.101825
0.319624
0.133389
0.186286
0.215133
0.112996
0.057685
0.337390
0.368085
0.183189
0.290919
0.310810
0.116404
0.252702
0.262270
0.149280
0.111382
0.569514
0.116995
0.094522
0.026860
0.234955
0.283352
0.390959
0.079635
0.231849
0.190357
0.420626
0.086254
0.226274
0.511593
0.434662
0.168432
0.116327
0.141008
0.303526
0.131727
0.140933
0.268252
0.155356
0.208275
0.280117
0.248427
0.153335
0.084291
0.275051
0.257075
0.213239
0.081599
0.191744
0.133303
0.361891
0.174692
0.160098
0.175690
0.353647
0.310985
0.233016
0.477424
0.385065
0.164743
0.156294
0.291738
0.294166
0.116234
0.673678
0.217590
0.069508
0.050025
0.224246
0.293050
0.329472
0.154232
0.212931
0.294061
0.384096
0.152712
0.109923
0.552194
0.387130
0.124345
0.112863
0.119175
0.272328
0.067007
0.241366
0.234691
0.166142
0.101950
0.106462
0.234662
0.175367
0.096239
0.243608
0.280954
0.266600
0.123059
0.120959
0.138408
0.351989
0.262162
0.241565
0.301126
0.368043
0.273992
0.207108
0.579141
0.361000
0.118532
0.157408
0.245219
0.346542
0.069960
0.642514
0.226168
0.111941
0.064895
0.131862
0.289947
0.328535
0.165344
0.141402
0.226895
0.322947
0.132870
0.078655
0.423590
0.111635
0.069254
0.031793
0.141782
0.146161
0.072542
0.255001
0.230616
0.107085
0.223057
0.139011
0.241739
0.214274
0.073422
0.257951
0.303122
0.206388
0.069004
0.163266
0.137630
0.282001
0.303133
0.245306
0.384030
0.328791
0.242003
0.224850
0.452587
0.284173
0.096529
0.154761
0.247666
0.269158
0.086007
0.451090
0.181713
0.123928
0.113515
0.042906
0.254424
0.277023
0.154822
0.090061
0.247072
0.129382
0.135720
0.036736
0.250840
0.170286
0.100138
0.171602
0.130520
0.135266
0.162912
0.106391
0.176259
0.154870
0.193414
0.109364
0.217439
0.201496
0.142299
0.219704
0.343666
0.053849
0.062277
0.123179
0.300486
0.218474
0.247365
0.130593
0.409503
0.187933
0.239918
0.172427
0.356641
0.209092
0.046050
0.183005
0.325469
0.250980
0.046242
0.189969
0.060592
0.140098
0.139832
0.096981
0.155588
0.210360
0.264600
0.036231
0.281675
0.070504
0.221385
0.089366
0.057136
0.158392
0.123393
0.193070
0.258947
0.143573
0.149064
0.078732
0.122938
0.143865
0.204956
0.127877
0.127454
0.170533
0.019294
0.155108
0.347555
0.049196
0.088548
0.148280
0.346018
0.087182
0.103402
0.119676
0.420650
0.255210
0.190991
0.218692
0.413228
0.178205
0.203873
0.048465
0.300081
0.200357
0.266672
0.125605
0.146503
0.161535
0.037806
0.091020
0.140105
0.228090
0.223521
0.088115
0.324715
0.063178
0.199100
0.179194
0.169262
0.159144
0.040588
0.092398
0.328205
0.164528
0.043686
0.125088
0.108312
0.068030
0.198939
0.197067
0.132504
0.166078
0.113892
0.170150
0.241224
0.119524
0.280987
0.215865
0.358208
0.061388
0.056455
0.249623
0.496541
0.226586
0.062932
0.285894
0.264198
0.120212
0.168939
0.080720
0.316602
0.358798
0.380024
0.207489
0.305493
0.143647
0.147878
0.061882
0.118125
0.247268
0.107728
0.202274
0.245453
0.161446
0.082777
0.200566
0.164914
0.257257
0.083004
0.132173
0.458802
0.305744
0.057857
0.155877
0.105058
0.034065
0.259203
0.262609
0.197641
0.066070
0.132767
0.181001
0.182533
0.158420
0.345590
0.165931
0.232112
0.238091
0.095355
0.255518
0.538496
0.159143
0.120270
0.257441
0.170723
0.171123
0.181341
0.153033
0.295393
0.338033
0.398923
0.322258
0.406907
0.113276
0.155732
0.303738
0.033831
0.246556
0.143010
0.193931
0.192387
0.196441
0.019703
0.243672
0.066806
0.250376
0.065862
0.146093
0.488059
0.272551
0.071618
0.124629
0.090523
0.149112
0.264846
0.244771
0.341838
0.137565
0.141224
0.121508
0.275755
0.013602
0.219935
0.191148
0.273327
0.371288
0.029693
0.251257
0.537357
0.278224
0.175282
0.340726
0.140568
0.142906
0.249237
0.085780
0.175078
0.181325
0.294804
0.348653
0.442430
0.124299
0.091774
0.297172
0.107584
0.219623
0.190344
0.114680
0.180725
0.153735
0.085506
0.124344
0.098836
0.355234
0.106277
0.110636
0.520276
0.220087
0.113719
0.163044
0.183709
0.252315
0.288785
0.198803
0.400638
0.181943
0.175778
0.081227
0.227077
0.146996
0.064922
0.199292
0.223322
0.373944
0.019217
0.394371
0.414751
0.330167
0.173972
0.182260
0.031164
0.214436
0.222137
0.076962
0.150059
0.166021
0.240239
0.235593
0.370645
0.060864
0.091994
0.198999
0.161050
0.184310
0.090990
0.139635
0.109788
0.174932
0.107580
0.034560
0.203051
0.393028
0.191665
0.057906
0.512456
0.241210
0.125921
0.241095
0.311932
0.275693
0.336885
0.169031
0.382132
0.242377
0.195256
0.060464
0.334348
0.278048
0.034292
0.208446
0.167727
0.285380
0.071707
0.400597
0.286275
0.306008
0.255720
0.238700
0.112098
0.198712
0.229569
0.079316
0.215466
0.385106
0.197674
0.181474
0.260701
0.080234
0.040699
0.202154
0.212246
0.159726
0.098547
0.189825
0.096487
0.275833
0.212298
0.161252
0.207363
0.332258
0.285197
0.007770
0.474461
0.348477
0.177288
0.309745
0.229674
0.262803
0.330291
0.172440
0.439783
0.360879
0.182952
0.038452
0.452750
0.321154
0.052852
0.090952
0.178125
0.284237
0.153136
0.275842
0.199541
0.211352
0.250607
0.139703
0.167546
0.113032
0.214724
0.021084
0.142709
0.516617
0.083832
0.164452
0.148439
0.176374
0.099111
0.222620
0.128607
0.110395
0.146715
0.133192
0.064344
0.295221
0.199694
0.176246
0.169785
0.224947
0.225248
0.175917
0.445409
0.263903
0.227546
0.235447
0.194909
0.325091
0.336819
0.132165
0.511928
0.368333
0.119040
0.042055
0.488914
0.313258
0.168723
0.063018
0.189191
0.256675
0.146774
0.141721
0.283349
0.095078
0.243868
0.124998
0.212841
0.126864
0.162387
0.117808
0.176333
0.386548
0.087219
0.112104
0.186244
0.343564
0.146357
0.114843
0.158147
0.205731
0.190901
0.060765
0.034418
0.239052
0.233527
0.160096
0.165233
0.161657
0.129603
0.184455
0.431958
0.181932
0.185480
0.144758
0.195683
0.441428
0.297932
0.123655
0.415691
0.245915
0.052452
0.127768
0.417690
0.189784
0.308035
0.154743
0.344984
0.181935
0.125199
0.198954
0.345210
0.084306
0.256411
0.093826
0.152345
0.132972
0.171398
0.177257
0.240661
0.280547
0.186691
0.112662
0.212233
0.391478
0.153159
0.139812
0.144148
0.337803
0.307082
0.053294
0.075612
0.253166
0.308919
0.130422
0.083431
0.179757
0.130981
0.298307
0.365461
0.170453
0.056289
0.063341
0.163198
0.400338
0.345214
0.166135
0.244434
0.253083
0.088194
0.182769
0.280076
0.085487
0.256749
0.182904
0.381611
0.073320
0.131561
0.260960
0.345323
0.164773
0.250400
0.062874
0.157279
0.056650
0.182703
0.150874
0.150924
0.190368
0.121344
0.228456
0.272993
0.288401
0.144244
0.158576
0.174430
0.317682
0.299357
0.176363
0.170577
0.334324
0.352079
0.214504
0.012934
0.118966
0.178931
0.296881
0.247938
0.127542
0.091810
0.094945
0.080762
0.214548
0.400635
0.175322
0.164493
0.259144
0.258773
0.224173
0.330658
0.092123
0.138170
0.108241
0.246425
0.017627
0.050629
0.363623
0.191088
0.197174
0.235230
0.143927
0.223233
0.047767
0.056143
0.058170
0.199483
0.095282
0.076599
0.290003
0.219273
0.236756
0.153935
0.071946
0.145974
0.241836
0.158761
0.197754
0.266510
0.412162
0.329854
0.150822
0.079944
0.141130
0.297646
0.185244
0.143976
0.085673
0.059967
0.169283
0.049892
0.122312
0.281517
0.130743
0.065002
0.183816
0.334839
0.235988
0.226671
0.065575
0.103521
0.138610
0.184648
0.131965
0.178871
0.353305
0.266496
0.155076
0.216530
0.190382
0.247496
0.043898
0.059716
0.089279
0.198654
0.017246
0.242586
0.243960
0.110330
0.264253
0.114600
0.083957
0.163481
0.251192
0.062518
0.181413
0.287780
0.461475
0.244336
0.154289
0.060780
0.085252
0.400952
0.209773
0.170858
0.131128
0.033541
0.156189
0.129133
0.119188
0.056242
0.137073
0.034550
0.117283
0.366291
0.188141
0.265820
0.193755
0.207245
0.225886
0.085574
0.242014
0.221084
0.327949
0.334522
0.015006
0.236925
0.221190
0.223406
0.119130
0.094498
0.149925
0.079987
0.066337
0.193205
0.157390
0.138924
0.225342
0.089676
0.154561
0.070061
0.321212
0.124201
0.003688
0.243717
0.538296
0.169101
0.151524
0.042577
0.147256
0.355110
0.326733
0.191103
0.240307
0.022815
0.120162
0.215756
0.177051
0.164592
0.161209
0.017811
0.147754
0.303169
0.121660
0.276644
0.295018
0.271243
0.227185
0.091388
0.311045
0.208958
0.358373
0.327360
0.113231
0.239159
0.307453
0.453001
0.149824
0.074156
0.142038
0.081751
0.090356
0.044091
0.202428
0.136453
0.095882
0.084504
0.195105
0.143104
0.302329
0.154424
0.084177
0.284425
0.450140
0.188421
0.141145
0.128476
0.124809
0.088709
0.296090
0.119648
0.310969
0.048538
0.266788
0.196148
0.190277
0.219775
0.103480
0.020257
0.238925
0.153729
0.117218
0.104934
0.321567
0.177616
0.193884
0.291278
0.274272
0.273651
0.245338
0.400143
0.190699
0.291230
0.336560
0.448994
0.188862
0.086026
0.101523
0.113183
0.233604
0.162519
0.152875
0.206822
0.134229
0.146967
0.183353
0.204742
0.248609
0.308989
0.069925
0.212458
0.256285
0.118032
0.172137
0.171494
0.203849
0.111429
0.189584
0.121087
0.308686
0.050258
0.284096
0.234640
0.172389
0.203080
0.047499
0.043341
0.207106
0.144180
0.130242
0.181253
0.322679
0.182370
0.173003
0.411787
0.254464
0.225099
0.124210
0.451990
0.264522
0.229284
0.253299
0.342796
0.280127
0.171055
0.163557
0.077392
0.422252
0.181225
0.239786
0.335593
0.196010
0.232618
0.145522
0.163299
0.193665
0.244769
0.158436
0.120809
0.163579
0.085284
0.120669
0.115669
0.241273
0.145313
0.164530
0.152409
0.308618
0.090461
0.167688
0.230594
0.232109
0.155895
0.090891
0.170700
0.033082
0.032394
0.090223
0.082164
0.320754
0.157532
0.183675
0.503168
0.236021
0.065839
0.061356
0.456848
0.266644
0.088749
0.231296
0.380045
0.314922
0.192269
0.301334
0.185209
0.437126
0.038793
0.227724
0.405479
0.226738
0.184613
0.007156
0.211378
0.251831
0.192496
0.194645
0.156086
0.214051
0.273946
0.083262
0.111597
0.252440
0.226423
0.117948
0.264869
0.279135
0.120210
0.102134
0.160084
0.350614
0.151515
0.110830
0.231430
0.144090
0.152431
0.093199
0.080201
0.328240
0.122397
0.069268
0.543761
0.284896
0.023301
0.026180
0.375992
0.188997
0.084407
0.377196
0.447245
0.225480
0.235536
0.356797
0.260293
0.371550
0.054256
0.181975
0.406629
0.287466
0.127425
0.184235
0.242388
0.269359
0.328841
0.133267
0.255304
0.267813
0.286769
0.076457
0.087503
0.244354
0.248080
0.080065
0.355377
0.230421
0.127308
0.107087
0.045561
0.487142
0.130953
0.196743
0.230796
0.250402
0.134893
0.123264
0.092904
0.281364
0.128537
0.150101
0.521934
0.294737
0.058025
0.119788
0.276889
0.173921
0.148104
0.331104
0.405133
0.228454
0.243494
0.220264
0.196988
0.391357
0.131692
0.163406
0.399980
0.327027
0.143022
0.260503
0.192337
0.180032
0.279331
0.060777
0.294049
0.288393
0.302163
0.060972
0.028098
0.251682
0.333699
0.099810
0.330975
0.245466
0.167204
0.202032
0.026048
0.511693
0.299855
0.223929
0.150172
0.286751
0.101165
0.167370
0.020972
0.287773
0.142807
0.183557
0.550077
0.253311
0.142206
0.317762
0.147993
0.211639
0.095870
0.179714
0.322310
0.304754
0.196793
0.226913
0.216929
0.461098
0.218010
0.170227
0.335208
0.314859
0.291473
0.211251
0.147325
0.149994
0.288351
0.099288
0.340473
0.308951
0.243991
0.048290
0.038779
0.273091
0.265997
0.212038
0.265851
0.199204
0.152453
0.219391
0.127576
0.353304
0.408095
0.246311
0.130306
0.134127
0.114285
0.300566
0.102136
0.365683
0.150463
0.240246
0.527310
0.260852
0.245491
0.446032
0.154507
0.367131
0.129008
0.115440
0.199994
0.305459
0.107929
0.188878
0.305173
0.453539
0.211371
0.167652
0.262322
0.311584
0.252774
0.211267
0.167419
0.386380
0.251472
0.116310
0.274735
0.326462
0.138443
0.166353
0.120117
0.288532
0.166931
0.362768
0.252892
0.091569
0.150677
0.087862
0.139845
0.169125
0.294173
0.217238
0.101356
0.214033
0.136422
0.334527
0.153859
0.385620
0.160762
0.323156
0.482377
0.277435
0.239473
0.364060
0.257269
0.329325
0.182541
0.223168
0.089605
0.326734
0.038828
0.009258
0.335881
0.306438
0.218684
0.257951
0.142776
0.181903
0.151890
0.180887
0.162935
0.484598
0.286221
0.100097
0.171597
0.307567
0.053246
0.270509
0.168224
0.254744
0.180998
0.393609
0.276735
0.193617
0.167446
0.209678
0.042967
0.149308
0.188696
0.188070
0.131262
0.283147
0.110424
0.196853
0.071633
0.297646
0.193630
0.289762
0.316732
0.263593
0.178784
0.258229
0.353720
0.249441
0.253194
0.321388
0.085784
0.412125
0.072769
0.184005
0.298687
0.149736
0.126496
0.354390
0.116765
0.087355
0.104568
0.177911
0.174269
0.433010
0.330346
0.034290
0.148170
0.166333
0.208573
0.324753
0.193515
0.161102
0.260833
0.265910
0.245626
0.203997
0.069498
0.250297
0.153965
0.221538
0.110473
0.126005
0.143375
0.267796
0.176412
0.156618
0.115866
0.296504
0.319222
0.180216
0.373949
0.189424
0.161893
0.264108
0.342291
0.181787
0.241100
0.342156
0.173974
0.396902
0.159238
0.178942
0.269541
0.222122
0.111000
0.422271
0.072878
0.102813
0.139129
0.110547
0.168096
0.340599
0.285802
0.061722
0.234557
0.117547
0.262240
0.286402
0.254263
0.076437
0.268325
0.144015
0.227617
0.174120
0.125078
0.222736
0.083527
0.189932
0.062464
0.016789
0.167927
0.239599
0.184214
0.155953
0.212320
0.265550
0.357550
0.187003
0.415589
0.252129
0.192360
0.322086
0.267872
0.157217
0.266530
0.290897
0.183887
0.232741
0.270224
0.177840
0.142137
0.126314
0.117300
0.418995
0.111232
0.101053
0.113351
0.161532
0.173402
0.327154
0.125456
0.124574
0.208923
0.173730
0.201697
0.121771
0.248030
0.152378
0.327253
0.056402
0.267884
0.151127
0.101012
0.257736
0.056522
0.190165
0.023469
0.152876
0.141534
0.230852
0.167747
0.103467
0.263717
0.183941
0.309956
0.105614
0.376722
0.416523
0.163404
0.259341
0.168838
0.203383
0.270778
0.283443
0.139316
0.100253
0.229474
0.266178
0.035124
0.041087
0.153985
0.358958
0.149958
0.152711
0.171340
0.258557
0.275175
0.394954
0.012523
0.185907
0.074519
0.096036
0.133927
0.101628
0.251385
0.254255
0.379766
0.024932
0.184828
0.122618
0.040155
0.205733
0.123016
0.171408
0.054209
0.215081
0.170555
0.179974
0.226938
0.077559
0.230666
0.162085
0.229863
0.112049
0.325530
0.342228
0.121611
0.034704
0.217478
0.336793
0.225830
0.197067
0.174991
0.081342
0.047259
0.276580
0.123554
0.014054
0.164018
0.288927
0.169643
0.215459
0.089407
0.274608
0.387477
0.384291
0.076696
0.167398
0.074451
0.176790
0.127620
0.184384
0.245474
0.193753
0.242151
0.038025
0.159823
0.118118
0.100171
0.122208
0.186051
0.193344
0.171797
0.287671
0.206236
0.119245
0.205488
0.188214
0.068790
0.103480
0.226825
0.207999
0.271872
0.236320
0.143188
0.203683
0.284349
0.314253
0.138425
0.107772
0.125017
0.169027
0.110470
0.163271
0.122409
0.064728
0.058136
0.166200
0.251045
0.139235
0.098926
0.228400
0.456537
0.432590
0.168622
0.124233
0.138657
0.265189
0.129177
0.128913
0.204708
0.119758
0.231826
0.157490
0.037573
0.240441
0.088077
0.142020
0.185698
0.200621
0.174979
0.386432
0.186442
0.117144
0.148064
0.246250
0.100952
0.171818
0.285763
0.128740
0.267896
0.168284
0.209995
0.424596
0.182407
0.319648
0.071469
0.270603
0.034316
0.269026
0.197135
0.208320
0.153733
0.175550
0.076601
0.046301
0.385185
0.098834
0.290415
0.212896
0.434382
0.395326
0.177223
0.139571
0.121275
0.323087
0.129578
0.057908
0.105620
0.148264
0.319042
0.276169
0.147074
0.353409
0.105582
0.062917
0.161415
0.210653
0.134952
0.443925
0.055037
0.022969
0.093038
0.209012
0.158220
0.208548
0.318500
0.180280
0.236007
0.062091
0.212482
0.538188
0.123021
0.435149
0.041896
0.275219
0.079067
0.270583
0.173341
0.270447
0.177779
0.272784
0.025747
0.128336
0.483055
0.098746
0.376029
0.315009
0.282536
0.335452
0.118218
0.106773
0.183211
0.310531
0.031796
0.129277
0.119515
0.159282
0.332839
0.324215
0.231416
0.400035
0.122018
0.070925
0.178435
0.274918
0.131781
0.417722
0.091077
0.032244
0.090385
0.140070
0.227650
0.241952
0.184744
0.184713
0.191670
0.392102
0.115639
0.463941
0.082363
0.429946
0.144467
0.163037
0.080695
0.244394
0.265832
0.318152
0.156864
0.311950
0.026003
0.088256
0.416167
0.127202
0.388930
0.294737
0.126489
0.342816
0.087225
0.102226
0.206677
0.253705
0.098882
0.258467
0.046748
0.176885
0.275813
0.232351
0.233793
0.352551
0.099630
0.086985
0.273126
0.307871
0.130284
0.276535
0.056813
0.095222
0.067909
0.239012
0.270905
0.289799
0.025131
0.144482
0.137407
0.444467
0.114284
0.171917
0.026683
0.268163
0.243503
0.129869
0.106223
0.262028
0.319651
0.299935
0.118577
0.232831
0.116968
0.158432
0.337047
0.162949
0.327022
0.145297
0.051329
0.290624
0.096273
0.213370
0.215249
0.173228
0.112864
0.261702
0.048905
0.256949
0.246268
0.170211
0.198750
0.266789
0.158588
0.172859
0.261306
0.352896
0.103032
0.096295
0.108310
0.209510
0.017356
0.143475
0.216580
0.359319
0.017537
0.168942
0.152339
0.301881
0.132930
0.061355
0.078404
0.212510
0.177666
0.277767
0.200200
0.274329
0.341707
0.250202
0.171545
0.165501
0.300989
0.350116
0.367290
0.137765
0.257209
0.089201
0.166679
0.230482
0.193495
0.204858
0.389142
0.045656
0.104433
0.151512
0.051404
0.208633
0.275750
0.050992
0.106188
0.144930
0.257402
0.216146
0.207820
0.385285
0.081481
0.041109
0.148290
0.137903
0.156748
0.089930
0.083208
0.396819
0.064885
0.245934
0.211891
0.211055
0.162073
0.050031
0.081693
0.253557
0.113495
0.344353
0.335637
0.246131
0.358477
0.214261
0.380055
0.081908
0.342977
0.457147
0.445724
0.070693
0.219542
0.099241
0.229277
0.187047
0.092253
0.149978
0.372923
0.132051
0.135170
0.060407
0.052066
0.240574
0.301190
0.067970
0.168045
0.109849
0.348319
0.172786
0.309508
0.381174
0.198539
0.203567
0.081349
0.053142
0.237935
0.107906
0.165014
0.391748
0.037133
0.234075
0.272955
0.252730
0.084639
0.173858
0.266443
0.272423
0.099541
0.215567
0.253494
0.319096
0.437042
0.093913
0.530244
0.052373
0.290174
0.380070
0.459006
0.041332
0.201378
0.168427
0.316013
0.150410
0.044961
0.257703
0.269745
0.149409
0.159970
0.126363
0.024640
0.123528
0.364430
0.099802
0.213084
0.120385
0.341520
0.146404
0.247494
0.305910
0.259374
0.306885
0.024974
0.129323
0.204773
0.090896
0.105088
0.367053
0.091201
0.098301
0.271277
0.168722
0.109235
0.129720
0.408188
0.118413
0.119608
0.067075
0.119807
0.321532
0.416947
0.147695
0.519076
0.010693
0.217490
0.290947
0.329421
0.118566
0.287385
0.225850
0.453191
0.112642
0.085293
0.190408
0.223859
0.197242
0.232030
0.257262
0.039638
0.108958
0.418042
0.090823
0.258962
0.257004
0.180277
0.098045
0.172620
0.306200
0.164355
0.319496
0.085341
0.208919
0.213067
0.080794
0.162686
0.373612
0.092250
0.120281
0.216185
0.212975
0.112984
0.190782
0.406376
0.056708
0.115461
0.051529
0.022569
0.209046
0.355664
0.145013
0.394028
0.022030
0.157471
0.238452
0.175594
0.135805
0.263541
0.195827
0.515632
0.111141
0.148939
0.097746
0.260656
0.289019
0.279454
0.247489
0.038778
0.184153
0.401816
0.082457
0.362694
0.296857
0.124210
0.195382
0.172409
0.170950
0.117419
0.240082
0.199680
0.097741
0.322615
0.093495
0.157211
0.335136
0.118910
0.050404
0.242750
0.205538
0.239277
0.232672
0.311126
0.022360
0.077886
0.137730
0.129382
0.145899
0.354845
0.172298
0.263490
0.062590
0.061812
0.138145
0.125796
0.215276
0.209466
0.212135
0.463657
0.139370
0.158157
0.119594
0.189044
0.388876
0.292420
0.083202
0.167692
0.195176
0.337832
0.173333
0.352467
0.138547
0.158526
0.363844
0.082164
0.099072
0.060966
0.153067
0.386808
0.047845
0.278196
0.152950
0.118071
0.206822
0.261156
0.077981
0.238516
0.211480
0.366616
0.159092
0.231254
0.033509
0.050396
0.183982
0.179184
0.217486
0.363784
0.229687
0.176530
0.129965
0.085917
0.075033
0.112911
0.317626
0.239512
0.267363
0.393323
0.134290
0.047609
0.203013
0.303804
0.332353
0.327974
0.024576
0.235006
0.269586
0.380067
0.323841
0.305537
0.074791
0.127742
0.457176
0.228770
0.039816
0.079006
0.156765
0.409859
0.161495
0.240045
0.344134
0.218774
0.105529
0.348487
0.106595
0.177060
0.056670
0.275217
0.127511
0.232154
0.149733
0.125019
0.071820
0.032824
0.297076
0.230802
0.271406
0.124504
0.135888
0.132746
0.032894
0.057790
0.306329
0.244712
0.207306
0.296391
0.250264
0.075383
0.206717
0.361614
0.311243
0.357838
0.147462
0.216954
0.373639
0.356438
0.442146
0.392608
0.225065
0.112038
0.356222
0.352725
0.054024
0.237769
0.258163
0.393592
0.310054
0.280072
0.459699
0.220918
0.150653
0.299286
0.075923
0.099372
0.055698
0.153594
0.272695
0.185855
0.145788
0.126430
0.020104
0.100073
0.276497
0.036948
0.206235
0.153734
0.084436
0.208744
0.077565
0.051562
0.196503
0.260722
0.198439
0.205469
0.265753
0.041405
0.180025
0.330551
0.278656
0.368117
0.218091
0.134583
0.426997
0.200409
0.362720
0.396349
0.261251
0.237055
0.288878
0.344297
0.157405
0.299113
0.165714
0.425013
0.298024
0.197813
0.450245
0.107580
0.173037
0.146718
0.153619
0.147700
0.106048
0.205948
0.245300
0.168277
0.223453
0.059400
0.071675
0.092886
0.327843
0.092443
0.088874
0.175825
0.145924
0.141642
0.147144
0.181773
0.092446
0.243623
0.297261
0.179280
0.304519
0.008035
0.251116
0.301527
0.191066
0.316018
0.347455
0.161875
0.394252
0.218290
0.188912
0.355181
0.165307
0.143623
0.183243
0.429633
0.227953
0.294319
0.158416
0.426054
0.144914
0.224122
0.493776
0.135657
0.110860
0.200189
0.217788
0.248672
0.171690
0.269931
0.220800
0.106746
0.293277
0.100692
0.063505
0.091055
0.275157
0.111997
0.046245
0.195398
0.238382
0.072665
0.261331
0.261166
0.142438
0.122586
0.393682
0.156702
0.331491
0.102407
0.206983
0.266349
0.121960
0.307435
0.280018
0.210278
0.368785
0.238736
0.186703
0.266431
0.147706
0.225169
0.039420
0.465728
0.252546
0.275098
0.127842
0.340787
0.119065
0.228665
0.460437
0.186246
0.055073
0.194952
0.179860
0.274510
0.241066
0.287795
0.253467
0.189474
0.364097
0.089896
0.102700
0.134360
0.227825
0.244192
0.117607
0.224771
0.270460
0.079169
0.223432
0.290222
0.138958
0.087811
0.387602
0.117896
0.269708
0.129832
0.195921
0.238554
0.032513
0.208780
0.166584
0.204575
0.292370
0.070996
0.135422
0.187229
0.179866
0.224071
0.094504
0.370209
0.223325
0.289209
0.015214
0.210078
0.210852
0.212540
0.266518
0.156597
0.070929
0.137049
0.217896
0.231603
0.166012
0.304513
0.135088
0.171834
0.316275
0.045981
0.091563
0.125341
0.181092
0.418663
0.136220
0.289883
0.162188
0.032591
0.144719
0.333531
0.142991
0.124983
0.349414
0.042453
0.194311
0.217177
0.218335
0.268455
0.094921
0.161811
0.195449
0.123929
0.119055
0.054157
0.134724
0.120325
0.121713
0.139953
0.164588
0.341399
0.206509
0.285242
0.062905
0.235023
0.278351
0.251924
0.200197
0.112277
0.067293
0.019525
0.261476
0.156129
0.237806
0.216373
0.116044
0.186906
0.163197
0.126691
0.084648
0.083660
0.194616
0.527179
0.105172
0.264800
0.058559
0.081874
0.171222
0.314775
0.219312
0.121934
0.319756
0.046510
0.155918
0.144637
0.145814
0.286114
0.140235
0.200582
0.176410
0.120939
0.185982
0.187200
0.185114
0.170653
0.159453
0.017693
0.230865
0.376452
0.218580
0.270257
0.050953
0.213884
0.315141
0.214553
0.286771
0.077904
0.083311
0.058734
0.102587
0.206864
0.300051
0.227602
0.098165
0.137603
0.150590
0.229864
0.138077
0.092183
0.172024
0.407615
0.196222
0.173492
0.080560
0.146399
0.220328
0.228303
0.400553
0.007533
0.329794
0.084390
0.202681
0.030431
0.232730
0.228714
0.066170
0.223923
0.069319
0.258188
0.101191
0.354115
0.219475
0.208925
0.246983
0.135801
0.305828
0.300278
0.249967
0.188894
0.208874
0.446089
0.468411
0.345261
0.235275
0.081594
0.095539
0.089282
0.053370
0.200150
0.221758
0.269936
0.039367
0.209480
0.136748
0.258988
0.214895
0.128444
0.129355
0.346638
0.296365
0.407494
0.198880
0.127933
0.173911
0.168584
0.384127
0.125260
0.283504
0.168748
0.143435
0.080047
0.241376
0.191297
0.155210
0.249767
0.114775
0.222853
0.256535
0.407734
0.237587
0.173337
0.234118
0.227661
0.270630
0.202266
0.169257
0.127429
0.199420
0.529765
0.527150
0.301851
0.098661
0.128528
0.238647
0.143011
0.040217
0.115980
0.215191
0.217350
0.079735
0.336938
0.024531
0.198708
0.218817
0.072593
0.249582
0.328578
0.300377
0.620104
0.180107
0.088619
0.090402
0.206104
0.191683
0.130062
0.145646
0.168871
0.095803
0.152412
0.234661
0.205105
0.294052
0.320262
0.162362
0.236790
0.276094
0.306447
0.211952
0.069200
0.248131
0.232127
0.282704
0.205152
0.074142
0.234486
0.278344
0.466271
0.371588
0.180008
0.051604
0.140621
0.365776
0.264524
0.009163
0.105443
0.233517
0.194019
0.100670
0.309664
0.069913
0.199572
0.173109
0.020227
0.187980
0.283205
0.292068
0.661115
0.095294
0.064920
0.040350
0.204104
0.057047
0.040417
0.020517
0.173958
0.138639
0.130112
0.305087
0.164403
0.289931
0.258273
0.192455
0.212302
0.182851
0.229027
0.213799
0.099982
0.385296
0.222451
0.240569
0.187661
0.041469
0.135992
0.251622
0.410855
0.210979
0.081684
0.052342
0.121138
0.245931
0.308060
0.163081
0.063660
0.219637
0.374711
0.069554
0.169974
0.080417
0.224396
0.100269
0.056418
0.158022
0.353793
0.258151
0.548968
0.060307
0.145701
0.087055
0.234191
0.095935
0.024920
0.224921
0.187076
0.137351
0.126067
0.437336
0.067584
0.336895
0.360651
0.168114
0.186091
0.106876
0.159351
0.207819
0.204364
0.437874
0.151765
0.360554
0.140209
0.046310
0.123617
0.228190
0.281145
0.264060
0.120296
0.156386
0.241306
0.099608
0.267806
0.216869
0.115351
0.179580
0.462830
0.119883
0.084957
0.080125
0.169316
0.196895
0.095752
0.147121
0.356005
0.175846
0.423332
0.043484
0.139595
0.084256
0.292610
0.180548
0.074908
0.362723
0.217559
0.233006
0.229657
0.527271
0.231882
0.387411
0.414767
0.160365
0.181130
0.137884
0.167796
0.191782
0.242004
0.213694
0.087790
0.360838
0.118165
0.061251
0.172182
0.192502
0.338498
0.298113
0.182212
0.138127
0.291640
0.024812
0.217747
0.122554
0.207152
0.115937
0.367622
0.147160
0.046219
0.142710
0.193726
0.261337
0.139727
0.156161
0.291130
0.039673
0.299541
0.098971
0.103310
0.108562
0.225733
0.255695
0.082545
0.337357
0.220588
0.227359
0.224188
0.501807
0.263493
0.351371
0.377690
0.126255
0.203901
0.325682
0.184349
0.099719
0.239813
0.142077
0.045513
0.284476
0.071965
0.026833
0.221354
0.208542
0.359107
0.162663
0.304795
0.131416
0.164058
0.085284
0.295145
0.129231
0.165610
0.236435
0.239805
0.094160
0.068275
0.273045
0.213265
0.254023
0.244393
0.140338
0.210672
0.065310
0.217822
0.266350
0.034213
0.179320
0.150842
0.274027
0.113192
0.293655
0.159801
0.263347
0.162084
0.301324
0.168839
0.171354
0.466481
0.041287
0.241481
0.312821
0.139334
0.077701
0.233987
0.296661
0.054748
0.280857
0.054454
0.090263
0.187479
0.228835
0.331282
0.078911
0.339240
0.172073
0.042820
0.066374
0.146797
0.226330
0.114912
0.234070
0.165264
0.122678
0.161180
0.293024
0.190459
0.191839
0.243656
0.115470
0.136261
0.047196
0.182961
0.198990
0.158240
0.204503
0.126831
0.256796
0.246018
0.355152
0.173482
0.261561
0.073201
0.091519
0.214915
0.149894
0.471723
0.096833
0.118148
0.155493
0.070248
0.016849
0.227796
0.415623
0.120740
0.260522
0.094473
0.164038
0.139029
0.252306
0.341520
0.044408
0.338404
0.359902
0.035868
0.105462
0.022271
0.276793
0.131046
0.125900
0.079587
0.143531
0.129536
0.213664
0.186855
0.128082
0.119355
0.162628
0.133921
0.092346
0.065753
0.046660
0.396688
0.209048
0.128496
0.229595
0.342544
0.294854
0.227543
0.124085
0.017203
0.102104
0.156849
0.116045
0.317925
0.186022
0.059626
0.132444
0.128356
0.188375
0.175149
0.334432
0.226286
0.239345
0.083108
0.114380
0.208044
0.204432
0.305966
0.158721
0.411705
0.509974
0.049762
0.115536
0.074727
0.097939
0.216022
0.117254
0.179390
0.277949
0.025039
0.172110
0.146476
0.218692
0.135653
0.186890
0.230212
0.202320
0.051405
0.073184
0.463980
0.233436
0.094809
0.171652
0.279323
0.202067
0.141551
0.136304
0.126768
0.040638
0.162847
0.134974
0.084446
0.260688
0.025171
0.219455
0.235690
0.338343
0.117856
0.213588
0.274373
0.276419
0.093954
0.018543
0.335836
0.126534
0.324333
0.204043
0.354592
0.574228
0.100808
0.154910
0.176407
0.064147
0.196200
0.049272
0.188611
0.244687
0.082475
0.238475
0.122523
0.317954
0.229742
0.163578
0.336253
0.242064
0.222401
0.196735
0.291699
0.180773
0.062131
0.112235
0.187636
0.215012
0.308065
0.158109
0.163878
0.075558
0.085996
0.056040
0.200692
0.338001
0.066456
0.300003
0.305601
0.213507
0.114559
0.195248
0.271680
0.288855
0.142207
0.056696
0.334435
0.137970
0.219448
0.224714
0.221338
0.503758
0.111344
0.182554
0.314071
0.067835
0.210708
0.026468
0.238825
0.226658
0.252724
0.197473
0.146240
0.226061
0.288657
0.180934
0.386698
0.221059
0.239573
0.246034
0.092924
0.161741
0.033409
0.102091
0.143478
0.210819
0.286807
0.086606
0.162969
0.169226
0.131990
0.046087
0.168322
0.203143
0.073289
0.292635
0.290805
0.023951
0.136259
0.216935
0.364787
0.306924
0.115697
0.077229
0.224845
0.160202
0.050907
0.239937
0.183123
0.409859
0.107041
0.210390
0.285361
0.094915
0.254271
0.057530
0.212380
0.294434
0.411685
0.136714
0.239221
0.171437
0.269759
0.225302
0.334470
0.239956
0.223605
0.168768
0.103124
0.141795
0.082311
0.123470
0.119705
0.188822
0.085097
0.094532
0.113935
0.191157
0.107118
0.155116
0.223908
0.110883
0.084538
0.189937
0.275036
0.084098
0.222646
0.197011
0.162444
0.323267
0.121851
0.084117
0.115597
0.199726
0.045947
0.247240
0.206646
0.234478
0.223665
0.206730
0.169192
0.049746
0.197421
0.142691
0.205814
0.314814
0.444850
0.054154
0.270218
0.223286
0.195500
0.209625
0.265893
0.279980
0.334041
0.191157
0.114660
0.103838
0.095687
0.176036
0.167111
0.091588
0.165090
0.160499
0.176994
0.162657
0.173178
0.277671
0.258450
0.069911
0.107947
0.073686
0.373009
0.107683
0.246486
0.057939
0.178891
0.374845
0.223088
0.079889
0.132472
0.089350
0.111757
0.319799
0.126465
0.149157
0.271223
0.173208
0.176148
0.169248
0.148303
0.218687
0.279600
0.182992
0.362456
0.126469
0.291244
0.278693
0.172155
0.225674
0.178417
0.224098
0.344651
0.127219
0.128728
0.087680
0.072914
0.093810
0.175013
0.083244
0.272506
0.190706
0.188247
0.168127
0.289341
0.402441
0.200231
0.018915
0.198142
0.112933
0.439390
0.096871
0.244589
0.096351
0.162912
0.369617
0.375328
0.130739
0.051279
0.167230
0.077961
0.286490
0.068722
0.115418
0.214411
0.115847
0.165183
0.153938
0.051844
0.382166
0.218969
0.135617
0.281562
0.139422
0.386535
0.300989
0.183644
0.203938
0.203133
0.249363
0.279934
0.079847
0.095439
0.073033
0.108825
0.052351
0.123870
0.115090
0.232372
0.137504
0.118925
0.180810
0.327421
0.410005
0.191913
0.176301
0.205763
0.186195
0.368976
0.067875
0.197870
0.143818
0.043197
0.353090
0.479587
0.184062
0.085372
0.224685
0.196811
0.302249
0.071188
0.180502
0.221503
0.017748
0.180378
0.077096
0.029334
0.373714
0.156923
0.077705
0.179717
0.095134
0.502674
0.231314
0.328496
0.229463
0.221550
0.273132
0.305729
0.157190
0.068641
0.066666
0.257628
0.139517
0.144526
0.122208
0.182524
0.033583
0.108580
0.180846
0.204233
0.261472
0.253324
0.250184
0.121485
0.143002
0.146794
0.086293
0.241324
0.184034
0.094982
0.274714
0.438055
0.197178
0.131706
0.315612
0.266428
0.254918
0.033244
0.211507
0.149934
0.050084
0.206535
0.005870
0.068923
0.205679
0.199775
0.160385
0.165273
0.046688
0.556134
0.187463
0.414473
0.141891
0.263302
0.311850
0.273964
0.284141
0.093335
0.045497
0.228210
0.120103
0.192374
0.133353
0.215405
0.125321
0.098210
0.170414
0.177080
0.080048
0.377772
0.310332
0.074215
0.140288
0.091853
0.223105
0.220483
0.284688
0.044809
0.190877
0.329812
0.162348
0.256071
0.362181
0.313634
0.234458
0.156633
0.184706
0.076559
0.066087
0.208950
0.016778
0.089797
0.119159
0.193190
0.243702
0.274155
0.049108
0.443271
0.153163
0.383625
0.115676
0.248576
0.337281
0.255404
0.279898
0.151567
0.142249
0.175224
0.115001
0.211473
0.217001
0.210056
0.219582
0.036979
0.190792
0.143909
0.075578
0.390909
0.445083
0.084122
0.149780
0.048841
0.145026
0.147798
0.298555
0.070735
0.100651
0.452636
0.044398
0.255762
0.248720
0.420384
0.193950
0.149164
0.232918
0.292104
0.162104
0.178044
0.060241
0.046518
0.063835
0.133632
0.184313
0.328149
0.050553
0.215764
0.172074
0.362477
0.083550
0.101188
0.393076
0.195883
0.253624
0.106704
0.179303
0.143743
0.153644
0.257796
0.351794
0.078927
0.303564
0.072196
0.300765
0.177014
0.216254
0.447179
0.500272
0.148351
0.136606
0.044883
0.223248
0.200093
0.311936
0.139366
0.058868
0.412659
0.079507
0.169157
0.110981
0.444263
0.106247
0.202646
0.296404
0.310771
0.264697
0.136218
0.081067
0.121203
0.079657
0.217904
0.250756
0.296205
0.125799
0.176268
0.108770
0.334325
0.084792
0.145387
0.399216
0.157847
0.253252
0.090943
0.185469
0.181493
0.124584
0.319603
0.307258
0.042939
0.365338
0.141265
0.247208
0.146022
0.218185
0.499271
0.286175
0.140448
0.087906
0.097149
0.193656
0.250437
0.369733
0.136901
0.043832
0.281073
0.257375
0.215694
0.105037
0.373040
0.065476
0.293498
0.345705
0.251832
0.265045
0.087307
0.103188
0.268805
0.114315
0.168700
0.365260
0.343093
0.101642
0.210988
0.085104
0.307428
0.190878
0.099853
0.254011
0.095958
0.289162
0.249121
0.143188
0.184694
0.087296
0.372036
0.325045
0.086777
0.308018
0.124107
0.112473
0.103529
0.110111
0.524322
0.061924
0.075152
0.121567
0.143519
0.070517
0.267759
0.364678
0.057608
0.092779
0.146817
0.333042
0.151399
0.091349
0.383097
0.052794
0.370356
0.203125
0.364400
0.214634
0.070266
0.148886
0.309262
0.199750
0.106516
0.390460
0.351044
0.086826
0.185653
0.059603
0.446206
0.250710
0.173973
0.208237
0.094876
0.338204
0.144515
0.147069
0.259101
0.201319
0.432736
0.427396
0.161363
0.237489
0.090643
0.109621
0.208643
0.116060
0.412037
0.038366
0.097987
0.154133
0.268540
0.059654
0.258890
0.276719
0.100552
0.123325
0.012559
0.402610
0.148912
0.050610
0.306512
0.063271
0.352777
0.175869
0.357172
0.097943
0.099924
0.105867
0.321944
0.212942
0.063669
0.299028
0.326195
0.325701
0.271315
0.105244
0.494368
0.364381
0.171043
0.278535
0.136959
0.231150
0.038996
0.143153
0.285760
0.237389
0.452313
0.513220
0.202988
0.359648
0.058300
0.121849
0.371715
0.061771
0.255269
0.096678
0.109056
0.196773
0.248221
0.121348
0.264585
0.320725
0.161430
0.079452
0.018731
0.450859
0.215060
0.053472
0.078068
0.075710
0.237114
0.238970
0.240828
0.077669
0.104381
0.080662
0.422431
0.170132
0.046121
0.303901
0.281177
0.321973
0.325731
0.113221
0.456008
0.351283
0.144275
0.349285
0.150128
