# G_5, p = 0.2000 GPa (dir_2000.0_bar).
# 6MR distortion Gamma = (1/2)(max - min) over the three opposite-O diagonals.
# 40 rings x 51 frames = 2040 samples.
# Column: per-6MR Gamma [A]
0.001467
0.001190
0.001451
0.001171
0.001424
0.001136
0.001431
0.001136
0.001456
0.001176
0.001460
0.001176
0.001445
0.001130
0.001462
0.001157
0.001302
0.001116
0.001303
0.001103
0.001161
0.001000
0.001146
0.001000
0.001234
0.001000
0.001202
0.001038
0.001197
0.001038
0.001229
0.001051
0.001082
0.001095
0.001074
0.001095
0.001095
0.001068
0.001041
0.001128
0.449152
0.230001
0.229761
0.164585
0.027808
0.087051
0.111488
0.121284
0.188880
0.458257
0.098207
0.299073
0.371253
0.221573
0.338717
0.205907
0.160471
0.125877
0.185991
0.082358
0.181441
0.042869
0.011804
0.120491
0.205925
0.144501
0.330090
0.187781
0.341018
0.215573
0.096012
0.301775
0.225672
0.357931
0.082023
0.206187
0.152337
0.183950
0.191398
0.108515
0.390838
0.214964
0.086367
0.039937
0.141784
0.191507
0.219876
0.215572
0.310388
0.393772
0.158351
0.283212
0.227154
0.170561
0.327420
0.106622
0.064388
0.110990
0.165881
0.047437
0.220132
0.123787
0.111814
0.137236
0.130713
0.506612
0.340397
0.219566
0.355707
0.305430
0.387284
0.539823
0.150056
0.388849
0.103027
0.107497
0.184273
0.274752
0.095851
0.210189
0.168193
0.203611
0.392029
0.061044
0.107385
0.050376
0.258247
0.351704
0.183534
0.234622
0.253735
0.191699
0.124420
0.176040
0.127488
0.350590
0.210055
0.162698
0.185318
0.135331
0.254173
0.214532
0.097846
0.200485
0.227342
0.391879
0.204883
0.264415
0.191722
0.159214
0.203684
0.296563
0.322690
0.199563
0.140464
0.239495
0.181827
0.200966
0.244963
0.029351
0.093727
0.115370
0.082138
0.100055
0.109815
0.268906
0.086240
0.151100
0.087070
0.059655
0.253593
0.129934
0.255942
0.387588
0.124063
0.100466
0.097948
0.101034
0.300136
0.261237
0.264083
0.128160
0.030036
0.127654
0.110229
0.146904
0.108278
0.125078
0.062926
0.254234
0.204588
0.090712
0.359738
0.094871
0.163747
0.287648
0.415320
0.219444
0.236897
0.190278
0.276611
0.151492
0.059774
0.187555
0.073073
0.267315
0.247636
0.185963
0.425487
0.131061
0.090907
0.102685
0.190775
0.354555
0.315009
0.242840
0.249715
0.043165
0.230132
0.242839
0.259198
0.144415
0.099492
0.299202
0.114314
0.334059
0.159842
0.409067
0.141093
0.228740
0.223878
0.268777
0.167264
0.337356
0.193248
0.164724
0.587571
0.081062
0.148418
0.173503
0.151131
0.156661
0.307836
0.301044
0.167469
0.299277
0.050989
0.013978
0.335414
0.198387
0.127210
0.099053
0.124354
0.180877
0.457410
0.163238
0.157346
0.146523
0.341714
0.184132
0.250886
0.172265
0.070869
0.276941
0.070278
0.150046
0.123065
0.285438
0.124225
0.267492
0.118478
0.217838
0.286196
0.274722
0.217771
0.058134
0.323422
0.091471
0.073995
0.122582
0.237771
0.220558
0.275426
0.137910
0.182634
0.090024
0.139324
0.374783
0.093323
0.311335
0.239693
0.114528
0.244866
0.129659
0.180949
0.042780
0.097418
0.083597
0.206828
0.258507
0.075895
0.097521
0.249468
0.323466
0.152811
0.233124
0.124909
0.144538
0.264200
0.228233
0.059822
0.212606
0.472760
0.053345
0.231751
0.246572
0.220197
0.131548
0.265650
0.226602
0.299169
0.150482
0.406244
0.076439
0.416686
0.054634
0.295682
0.305865
0.262968
0.213058
0.372805
0.147320
0.228145
0.546237
0.131651
0.099556
0.182691
0.245300
0.090320
0.206827
0.181606
0.166964
0.091187
0.047102
0.342322
0.033353
0.049920
0.321542
0.328813
0.364192
0.179347
0.306667
0.294391
0.283765
0.064866
0.297664
0.475871
0.155541
0.229431
0.180881
0.168120
0.250177
0.218946
0.224970
0.059556
0.390443
0.164723
0.183313
0.444659
0.279516
0.501956
0.136020
0.079756
0.478760
0.164135
0.081819
0.192334
0.274508
0.140936
0.184456
0.180875
0.253866
0.136569
0.259613
0.281648
0.163832
0.146133
0.110941
0.193004
0.100983
0.301215
0.119597
0.389605
0.326686
0.260797
0.291234
0.335386
0.105066
0.097135
0.324019
0.158643
0.179560
0.335843
0.068854
0.396995
0.263650
0.224568
0.357067
0.312123
0.111470
0.105615
0.148902
0.171918
0.392512
0.214155
0.133348
0.341554
0.155216
0.264612
0.159488
0.027539
0.153979
0.345371
0.134182
0.023033
0.198444
0.247487
0.140714
0.483403
0.177193
0.140988
0.213136
0.280799
0.091137
0.215454
0.149320
0.207722
0.177037
0.150994
0.124187
0.270649
0.165666
0.033020
0.147088
0.157170
0.059408
0.077564
0.215948
0.220337
0.122686
0.406549
0.232703
0.219255
0.437636
0.117024
0.166744
0.149520
0.233886
0.142406
0.362225
0.062708
0.154199
0.157128
0.303632
0.386516
0.342652
0.275493
0.113023
0.382069
0.312553
0.070543
0.225850
0.260569
0.193887
0.048023
0.060124
0.197702
0.161908
0.130372
0.324089
0.289369
0.086739
0.102703
0.041956
0.279381
0.175466
0.144084
0.128812
0.229123
0.186879
0.363245
0.153481
0.243957
0.019297
0.126568
0.159763
0.225617
0.309234
0.143286
0.411834
0.246984
0.135758
0.208857
0.428050
0.332497
0.120802
0.166957
0.203117
0.186872
0.240452
0.212856
0.350022
0.103353
0.091270
0.157919
0.092758
0.278310
0.061442
0.170925
0.307372
0.150185
0.090517
0.069618
0.352148
0.197108
0.343174
0.102351
0.332641
0.409015
0.176999
0.216803
0.159211
0.291381
0.255160
0.063669
0.278483
0.320432
0.160700
0.394548
0.249431
0.134289
0.067272
0.216668
0.367047
0.240689
0.159649
0.272469
0.284587
0.030116
0.081057
0.217549
0.098324
0.175183
0.167380
0.283978
0.181481
0.112602
0.019800
0.279405
0.271428
0.365141
0.237894
0.150511
0.227895
0.143676
0.258195
0.131215
0.266651
0.358737
0.202315
0.091491
0.154948
0.146384
0.435969
0.078462
0.280614
0.177913
0.132964
0.179415
0.199644
0.060881
0.052368
0.036416
0.150024
0.143284
0.228223
0.453978
0.165288
0.154156
0.077164
0.236265
0.113595
0.307163
0.110985
0.231041
0.097819
0.373619
0.143498
0.306796
0.375722
0.429094
0.435692
0.135264
0.220467
0.131782
0.083642
0.149701
0.024404
0.068046
0.113132
0.261898
0.260938
0.096046
0.315967
0.042138
0.125511
0.148155
0.107599
0.189008
0.005264
0.123062
0.125941
0.122560
0.254182
0.114194
0.031365
0.212646
0.234976
0.207450
0.054053
0.255629
0.158697
0.086212
0.167624
0.118442
0.192476
0.264268
0.157395
0.194475
0.255949
0.101935
0.153128
0.251101
0.273216
0.191525
0.137387
0.239116
0.295517
0.104514
0.229319
0.052500
0.220219
0.348187
0.085866
0.262647
0.306389
0.130094
0.223456
0.199144
0.183072
0.068468
0.283819
0.228560
0.310481
0.231458
0.105162
0.151783
0.320094
0.078903
0.194572
0.225350
0.207817
0.169683
0.255292
0.251250
0.175874
0.060420
0.133946
0.167240
0.259083
0.153836
0.078932
0.120459
0.273267
0.288066
0.163732
0.138690
0.528342
0.471707
0.329384
0.241438
0.090068
0.300279
0.290572
0.118802
0.399024
0.383633
0.108801
0.363209
0.164547
0.185233
0.449677
0.167576
0.316659
0.139961
0.067049
0.129714
0.259674
0.085154
0.099085
0.294678
0.119573
0.060700
0.246575
0.114197
0.087213
0.170245
0.261410
0.197079
0.128822
0.400314
0.207533
0.165851
0.264133
0.293826
0.070427
0.189335
0.308601
0.275600
0.104507
0.159634
0.057704
0.067077
0.174382
0.060205
0.170004
0.326973
0.167767
0.312108
0.374652
0.291589
0.220232
0.173439
0.208143
0.241842
0.074704
0.183531
0.111207
0.140121
0.120992
0.251684
0.147440
0.166514
0.334570
0.168645
0.132613
0.158410
0.057639
0.286642
0.270508
0.353900
0.228082
0.195654
0.207144
0.100349
0.134743
0.173128
0.124707
0.056588
0.068466
0.239132
0.079158
0.363501
0.340636
0.235102
0.207137
0.289746
0.100189
0.183273
0.402750
0.066150
0.173930
0.173823
0.178757
0.055784
0.060329
0.359768
0.286259
0.125000
0.151262
0.164573
0.169265
0.163232
0.225706
0.156486
0.096596
0.341623
0.189870
0.175475
0.360435
0.043258
0.231519
0.148050
0.365770
0.405144
0.080730
0.088013
0.417383
0.129110
0.152486
0.104504
0.047910
0.291878
0.196239
0.274263
0.077932
0.069712
0.030628
0.305330
0.242615
0.066440
0.336342
0.425532
0.286666
0.210409
0.049399
0.434483
0.201838
0.085276
0.106632
0.343296
0.105912
0.162933
0.160954
0.056038
0.214196
0.134790
0.118696
0.150873
0.212731
0.371867
0.106836
0.273397
0.332949
0.444479
0.087772
0.079833
0.339417
0.064156
0.317710
0.147638
0.081488
0.229813
0.065002
0.111911
0.093516
0.243964
0.032154
0.181186
0.034619
0.148873
0.259819
0.337691
0.031327
0.120105
0.064286
0.283323
0.283155
0.102451
0.175380
0.300351
0.092057
0.143059
0.100650
0.094779
0.252919
0.101460
0.070566
0.191568
0.167824
0.282963
0.101415
0.546707
0.316859
0.098552
0.085069
0.338830
0.080688
0.122564
0.316161
0.113568
0.166243
0.458473
0.064709
0.188904
0.175951
0.142849
0.296103
0.232660
0.097563
0.112529
0.235087
0.163425
0.107548
0.252865
0.109204
0.258596
0.191507
0.156325
0.228450
0.187165
0.038170
0.163888
0.105928
0.268433
0.240301
0.011488
0.103397
0.049308
0.038767
0.161792
0.102779
0.337446
0.055980
0.118973
0.156723
0.226694
0.087770
0.049757
0.161344
0.219047
0.212233
0.337790
0.050993
0.104586
0.211853
0.217673
0.345812
0.375728
0.236211
0.202666
0.169805
0.064983
0.085364
0.126672
0.145563
0.160189
0.164991
0.259462
0.314732
0.090155
0.182302
0.166425
0.043198
0.140873
0.283354
0.158916
0.080443
0.110998
0.279495
0.210565
0.120556
0.290971
0.158608
0.165368
0.095446
0.143542
0.136888
0.154915
0.206178
0.111281
0.183881
0.223417
0.128167
0.417127
0.058246
0.148908
0.051342
0.205158
0.352510
0.090902
0.165570
0.059368
0.044397
0.228649
0.081630
0.258422
0.011169
0.214289
0.073865
0.085836
0.142502
0.060255
0.028397
0.209619
0.141840
0.175555
0.183078
0.214934
0.181839
0.172476
0.065191
0.294335
0.119359
0.016210
0.274302
0.179093
0.016892
0.214143
0.334870
0.137274
0.014872
0.316154
0.104015
0.370296
0.150152
0.206628
0.213811
0.135187
0.109714
0.146719
0.178255
0.157719
0.194846
0.467376
0.233487
0.288947
0.091807
0.222299
0.143969
0.228365
0.130037
0.152794
0.114714
0.180166
0.158160
0.100020
0.152591
0.207081
0.227508
0.388550
0.171556
0.168743
0.363664
0.073696
0.410681
0.120360
0.142299
0.174699
0.395940
0.088140
0.336092
0.358727
0.161403
0.143638
0.148420
0.195244
0.154809
0.413183
0.156379
0.150141
0.074448
0.352038
0.181778
0.205621
0.193963
0.222347
0.173602
0.179017
0.223069
0.116440
0.080470
0.367996
0.062507
0.252965
0.270920
0.240749
0.323797
0.074279
0.317737
0.280043
0.128253
0.043154
0.146806
0.086058
0.224408
0.180588
0.123120
0.120507
0.150958
0.301846
0.269637
0.421532
0.070934
0.254320
0.256930
0.410414
0.028274
0.180677
0.202626
0.023171
0.125868
0.360946
0.137564
0.130797
0.307266
0.176315
0.197654
0.256758
0.302982
0.202400
0.053950
0.278758
0.064016
0.114469
0.252125
0.220920
0.229047
0.053978
0.198137
0.150553
0.080224
0.206494
0.326966
0.166160
0.134369
0.259216
0.155739
0.360182
0.095878
0.261074
0.148336
0.044016
0.223957
0.222898
0.394032
0.398828
0.106399
0.126663
0.109131
0.077190
0.066133
0.341465
0.260344
0.128445
0.145540
0.289942
0.159741
0.205022
0.385749
0.274449
0.125729
0.205603
0.206341
0.103806
0.444153
0.172323
0.158793
0.087882
0.051230
0.025190
0.068466
0.266470
0.283872
0.112381
0.362988
0.164321
0.190675
0.223842
0.112176
0.137227
0.051483
0.089204
0.238998
0.197659
0.194323
0.327134
0.198473
0.262479
0.085150
0.258834
0.106428
0.105457
0.216407
0.157739
0.179148
0.220881
0.150052
0.206346
0.239221
0.241095
0.201319
0.229279
0.145782
0.139404
0.277098
0.326088
0.257153
0.251042
0.110086
0.357009
0.095213
0.167035
0.176839
0.133345
0.368521
0.364283
0.118260
0.268422
0.199840
0.287572
0.236567
0.054230
0.051454
0.197681
0.283187
0.125604
0.134379
0.316978
0.231273
0.187433
0.180628
0.146504
0.251861
0.219444
0.139555
0.167720
0.130182
0.162987
0.139378
0.110048
0.255468
0.277165
0.134169
0.349022
0.297348
0.299795
0.229093
0.228309
0.212933
0.168651
0.117970
0.255919
0.110752
0.253060
0.240848
0.296227
0.088368
0.139433
0.211740
0.206594
0.100065
0.350028
0.190368
0.175733
0.280480
0.021101
0.129433
0.231568
0.197229
0.163796
0.181021
0.294180
0.092908
0.134379
0.245047
0.161317
0.330475
0.099725
0.185865
0.089975
0.255872
0.376790
0.118704
0.309407
0.178481
0.322981
0.224483
0.115659
0.351250
0.250585
0.076340
0.162280
0.127903
0.352028
0.131245
0.315634
0.111932
0.173124
0.228372
0.196671
0.063046
0.329748
0.195967
0.252662
0.151213
0.168171
0.103778
0.095642
0.211478
0.132953
0.217300
0.257357
0.364909
0.157460
0.228531
0.102767
0.296089
0.078021
0.234021
0.286582
0.171279
0.317576
0.262332
0.218138
0.174650
0.262578
0.139246
0.145695
0.434450
0.403261
0.147230
0.078076
0.247143
0.103987
0.221471
0.201137
0.197576
0.226607
0.142938
0.105097
0.161671
0.240784
0.021379
0.191754
0.132294
0.032910
0.097481
0.070858
0.307789
0.036240
0.186201
0.186510
0.360549
0.091893
0.145369
0.143793
0.177354
0.189717
0.239569
0.341612
0.032919
0.114303
0.119544
0.280266
0.303880
0.223088
0.136586
0.063164
0.078613
0.235097
0.192180
0.105570
0.249776
0.221757
0.301851
0.203644
0.072633
0.238720
0.117623
0.069897
0.265717
0.419679
0.155304
0.290040
0.241292
0.074456
0.148999
0.146355
0.154200
0.144560
0.234568
0.053629
0.158542
0.127131
0.162679
0.181947
0.138251
0.291275
0.092796
0.187615
0.227192
0.295270
0.314707
0.364568
0.288725
0.138136
0.139056
0.081578
0.086530
0.043211
0.117621
0.150962
0.073305
0.125383
0.279308
0.032399
0.076357
0.112449
0.149052
0.096022
0.211168
0.342404
0.268971
0.177785
0.151355
0.186709
0.297718
0.224881
0.181012
0.148796
0.424121
0.198566
0.457791
0.151182
0.180786
0.135603
0.317871
0.150549
0.275302
0.153027
0.245308
0.254789
0.199287
0.202122
0.150324
0.065997
0.077218
0.086176
0.216632
0.121653
0.161672
0.239257
0.259450
0.183353
0.100056
0.146022
0.176756
0.074268
0.162575
0.133545
0.160469
0.251925
0.108816
0.063543
0.084743
0.266507
0.135813
0.114616
0.242752
0.213816
0.269373
0.198666
0.345043
0.160880
0.152476
0.145235
0.305289
0.178193
0.290583
0.170104
0.238810
0.248676
0.130631
0.193929
0.060796
0.093017
0.229529
0.115101
0.116643
0.180783
0.176570
0.145865
0.133646
0.118398
0.024367
0.215121
0.185235
0.142124
0.087279
0.055224
0.420447
0.258746
0.278604
0.180986
0.233322
0.163835
0.109781
0.102377
0.162338
0.080264
0.101573
0.196829
0.314028
0.343717
0.082448
0.056884
0.154084
0.223413
0.126304
0.279645
0.097596
0.165992
0.237760
0.324165
0.160488
0.208939
0.094036
0.296282
0.189198
0.150455
0.120782
0.199590
0.109894
0.183923
0.014206
0.328893
0.047223
0.240293
0.060894
0.166390
0.378866
0.423861
0.212557
0.043577
0.177885
0.255766
0.085524
0.439611
0.099852
0.185777
0.370960
0.143892
0.303969
0.041953
0.109106
0.196405
0.296099
0.306836
0.259316
0.129704
0.470122
0.317879
0.133411
0.212459
0.051542
0.182659
0.098278
0.190632
0.337594
0.221673
0.070477
0.155804
0.160393
0.124906
0.065226
0.236045
0.112186
0.078759
0.093414
0.066081
0.188883
0.355321
0.181812
0.298941
0.238264
0.343877
0.135143
0.238069
0.216473
0.230062
0.526538
0.164329
0.043967
0.265015
0.180966
0.311920
0.195650
0.241100
0.134713
0.186539
0.445783
0.159513
0.060812
0.234674
0.053981
0.227529
0.098787
0.277700
0.142096
0.146849
0.357077
0.257787
0.093509
0.375258
0.084187
0.268386
0.321339
0.264987
0.344110
0.064664
0.088434
0.239165
0.047643
0.128657
0.271938
0.330827
0.130318
0.129037
0.203584
0.150215
0.320683
0.130779
0.144961
0.303452
0.290052
0.239235
0.121239
0.613570
0.222936
0.027312
0.152453
0.052580
0.026854
0.224740
0.030333
0.301403
0.129402
0.279388
0.189293
0.070873
0.340859
0.464039
0.205252
0.291514
0.206577
0.041387
0.014598
0.246925
0.379875
0.182918
0.242011
0.333837
0.137072
0.191707
0.111096
0.061128
0.086387
0.229300
0.371485
0.108103
0.042244
0.113223
0.060966
0.212629
0.072781
0.150323
0.140700
0.159014
0.231097
0.130095
0.330684
0.132245
0.077624
0.225680
0.150142
0.220437
0.280177
0.068781
0.071259
0.248345
0.105298
0.297327
0.331647
0.449887
0.172824
0.153067
0.210668
0.039879
0.199148
0.216756
0.271396
0.193264
0.008440
0.285223
0.242477
0.278648
0.190856
0.314180
0.417586
0.208557
0.232837
0.117651
0.097812
0.348274
0.374591
0.095166
0.045399
0.263677
0.070000
0.119345
0.333510
0.063448
0.271245
0.411919
0.082099
0.217878
0.148649
0.016068
0.255735
0.372011
0.131310
0.239976
0.094913
0.318330
0.113567
0.326860
0.219651
0.122930
0.033252
0.196347
0.408165
0.238636
0.241997
0.264286
0.324263
0.337666
0.114373
0.391353
0.225485
0.229158
0.349666
0.075480
0.019151
0.365279
0.320843
0.106408
0.136229
0.408106
0.230055
0.194944
0.043419
0.214780
0.084290
0.236713
0.172043
0.167595
0.133641
0.055086
0.111605
0.319535
0.157155
0.248790
0.256911
0.478861
0.123244
0.138859
0.049288
0.139593
0.388534
0.011966
0.017068
0.375459
0.239715
0.100011
0.131969
0.212033
0.044796
0.137532
0.300351
0.124977
0.154139
0.041662
0.172825
0.253792
0.284664
0.193604
0.201746
0.356870
0.250705
0.129157
0.312433
0.261140
0.143467
0.143471
0.036258
0.400657
0.454446
0.231040
0.147256
0.136100
0.088190
0.190868
0.419900
0.306326
0.096169
0.293424
0.085215
0.191080
0.293268
0.110025
0.146739
0.170918
0.193306
0.107572
0.107247
0.142949
0.065846
0.264453
0.178166
0.243130
0.227715
0.272772
0.184162
0.486438
0.156128
0.331036
0.126806
0.171061
0.108790
0.262437
0.200548
0.154450
0.243987
0.226810
0.116391
0.083528
0.367665
0.151862
0.147729
0.247195
0.124082
0.391511
0.310117
0.119031
0.124331
0.187932
0.106581
0.175813
0.099143
0.076540
0.046145
0.184213
0.265598
0.320035
0.201956
0.304273
0.149354
0.250117
0.197365
0.288710
0.184421
0.200425
0.138790
0.427233
0.105146
0.164382
0.232995
0.203712
0.252697
0.223927
0.279806
0.293287
0.039375
0.170783
0.212738
0.226045
0.120055
0.108569
0.089966
0.361332
0.054937
0.305716
0.142819
0.406110
0.094457
0.203376
0.123450
0.213136
0.353928
0.047379
0.119527
0.329330
0.427541
0.388496
0.120732
0.263536
0.221308
0.161532
0.276094
0.220786
0.124486
0.054674
0.125086
0.108166
0.331658
0.117801
0.393875
0.425479
0.210058
0.235980
0.308952
0.050134
0.114494
0.059560
0.052271
0.284401
0.335838
0.164734
0.331530
0.461058
0.268402
0.226658
0.245691
0.206920
0.037349
0.199770
0.143294
0.246756
0.067417
0.120910
0.189799
0.351809
0.328464
0.139519
0.121932
0.194345
0.306086
0.164879
0.290541
0.220311
0.024523
0.122690
0.319751
0.167811
0.349829
0.262579
0.133277
0.253743
0.216012
0.167412
0.375580
0.193140
0.060164
0.259135
0.087032
0.152424
0.150705
0.268055
0.397335
0.187174
0.372188
0.103824
0.078054
0.080941
0.098904
0.141439
0.147894
0.200993
0.128216
0.080976
0.311402
0.210669
0.446849
0.196200
0.233825
0.012512
0.102202
0.173499
0.046001
0.537419
0.233046
0.120034
0.245153
0.242922
0.337494
0.316184
0.142899
0.138551
0.069151
0.140092
0.239235
0.209196
0.144131
0.314445
0.133206
0.167048
0.098712
0.258994
0.091859
0.158472
0.333216
0.250499
0.270032
0.220226
0.092280
0.155297
0.163068
0.142180
0.235380
0.069642
0.194388
0.311941
0.378022
0.234228
0.157965
0.074209
0.063121
0.220782
0.141216
0.337899
0.217135
0.200114
0.066288
0.238546
0.036019
0.242787
0.209765
0.385632
0.142897
0.137096
0.140621
0.036287
0.108195
0.120161
0.301719
0.122742
0.102207
0.111204
0.038051
