# G_2, p = 2.0000 GPa (dir_20000.0_bar).
# D8R-only: 24 rings x 101 frames = 2424 samples.
# Column: per-D8R Delta [A]
1.872328
2.002746
1.872323
2.002743
1.872334
2.002741
1.872339
2.002743
1.870061
2.001974
1.870060
2.001969
1.870068
2.001958
1.870068
2.001952
1.870477
2.002136
1.870471
2.002131
1.870486
2.002137
1.870488
2.002131
1.964086
2.016396
1.916493
2.078690
1.841662
2.079690
1.920834
2.017117
1.803038
2.143052
1.794437
1.831032
1.984485
1.925628
1.753646
2.052276
1.841712
1.980525
2.017289
1.888955
1.716996
1.932177
1.815495
1.973644
1.852847
1.958818
1.908750
2.174957
1.845935
2.036873
1.858684
1.953978
1.823579
2.201029
1.928385
1.823547
1.890326
1.854052
1.664262
1.998855
1.737147
1.877432
1.972843
1.964704
1.664462
1.947988
1.899728
1.888448
1.804962
2.003285
1.853534
2.275803
1.930176
2.028243
1.916788
2.033528
1.804416
2.181138
1.979740
1.870436
1.856101
1.919082
1.621393
1.989802
1.718263
1.855952
1.897938
2.068890
1.638875
2.008588
1.886694
1.862747
1.880376
2.110323
1.805014
2.343812
1.913809
2.074250
2.086247
2.106791
1.758874
2.091289
1.961383
1.816063
1.995318
1.999199
1.662329
1.999456
1.736275
2.025890
2.014802
2.006753
1.637602
1.921870
1.767001
1.922256
1.887848
2.042072
1.796941
2.200187
1.814526
2.009027
2.019493
2.083582
1.860403
2.142175
2.059197
1.843500
2.028586
1.894756
1.729965
2.063729
1.726969
2.081117
2.228250
1.951105
1.556030
1.873307
1.792735
2.055809
1.839309
1.916083
1.765866
2.072952
1.754741
1.936804
1.948954
2.050585
1.849706
2.231157
2.179710
1.852818
1.897952
1.785137
1.757067
2.234609
1.671100
2.124592
2.184919
1.990963
1.475238
1.941476
1.896314
2.086436
1.881585
1.915214
1.692862
1.976047
1.789791
1.962268
2.184840
2.013674
1.716750
2.095316
2.063620
1.814480
1.882230
1.811434
1.754056
2.342384
1.573167
2.115448
2.022690
1.967167
1.504562
1.843215
1.858016
2.111995
1.899216
1.859272
1.716062
1.920710
1.810268
2.000622
2.395688
2.025059
1.548173
1.994773
2.007303
1.839432
1.933823
1.747662
1.753261
2.269096
1.485095
2.059082
2.092820
1.847069
1.658118
1.710166
1.783898
2.193063
1.736142
1.790965
1.743430
1.875113
1.733485
1.907342
2.256876
1.969110
1.451754
2.085454
2.113638
1.823604
1.955703
1.655174
1.740066
2.173900
1.406236
1.939825
2.116642
1.892244
1.741827
1.767566
1.728835
2.253169
1.706280
1.835914
1.780119
1.947631
1.697815
1.883288
2.078382
2.080886
1.542170
2.068595
2.068755
1.778166
1.936899
1.706058
1.711960
2.041424
1.516864
1.942656
2.042881
1.994384
1.665924
1.937873
1.722523
2.167950
1.790029
1.901658
1.720430
2.007715
1.750260
1.889085
2.081902
2.107187
1.741503
1.926902
1.853137
1.702903
1.833131
1.770956
1.774715
1.944624
1.609104
1.943401
2.015193
1.998243
1.650810
1.916571
1.828718
2.079502
1.688049
1.733832
1.750762
1.978720
1.721018
1.908623
2.070167
1.934822
1.821943
1.887838
1.687961
1.732527
1.677613
1.790045
1.774955
1.942165
1.595981
1.869617
2.044388
1.934087
1.875587
1.872477
1.908374
1.995262
1.531043
1.656181
1.849203
1.909574
1.682865
1.782521
1.883389
1.838630
1.719246
1.860480
1.679319
1.723662
1.681986
1.939065
1.679179
1.915107
1.642530
1.820796
2.008820
1.878570
1.979728
1.957541
1.887725
1.899187
1.472771
1.729324
1.820562
1.848227
1.627126
1.741225
1.735648
1.823088
1.633356
1.860852
1.683479
1.701505
1.762908
2.088672
1.591064
1.724550
1.791934
1.910842
1.906374
1.931575
1.959615
1.954093
1.896481
1.789600
1.450343
1.889782
1.734630
1.790462
1.664446
1.713350
1.564633
1.877637
1.648088
1.879420
1.672783
1.842372
1.705946
2.107321
1.599774
1.668858
1.838098
1.912920
1.851207
1.993354
1.942308
1.847328
1.904842
1.696256
1.507476
1.933905
1.723385
1.881135
1.699601
1.742240
1.350883
2.008793
1.661030
1.796898
1.700889
2.038113
1.542453
2.166971
1.667496
1.718704
1.885458
1.935706
1.844580
1.837005
1.980511
1.833587
1.816168
1.679956
1.688229
2.038622
1.743752
1.900804
1.761179
1.822319
1.237487
2.133109
1.640536
1.719293
1.697347
2.055044
1.529907
2.177639
1.715198
1.779457
1.874689
1.905958
1.649521
1.660333
1.949672
1.871645
1.761864
1.727157
1.719182
2.020704
1.717474
1.807638
1.771246
1.867954
1.244189
2.071124
1.694886
1.880540
1.676554
2.062734
1.568417
1.980789
1.722588
1.688200
1.863142
1.769790
1.442034
1.648700
1.872961
1.830768
1.811957
1.783071
1.679756
1.878801
1.726078
1.807040
1.654533
1.871207
1.307021
1.888691
1.804866
1.972605
1.650295
2.071761
1.581691
1.802344
1.712162
1.608645
1.798823
1.637087
1.408745
1.701585
1.778963
1.852264
1.831800
1.830801
1.676222
1.900529
1.732010
1.900891
1.582104
1.908588
1.286908
1.780374
1.816892
1.866054
1.535298
2.119040
1.550735
1.793272
1.723168
1.698705
1.897808
1.687854
1.401443
1.753103
1.703502
1.902231
1.764781
1.859724
1.755921
1.944665
1.708358
1.823685
1.655065
1.971160
1.203954
1.759501
1.744203
1.751707
1.414903
2.031167
1.589800
1.824852
1.771267
1.821990
1.890084
1.759134
1.344103
1.889302
1.685674
1.869018
1.591588
1.815410
1.671408
1.908439
1.635450
1.770322
1.680134
1.972761
1.196569
1.679539
1.721508
1.712764
1.459514
1.964683
1.742739
1.720230
1.807157
1.882699
1.852246
1.781697
1.387976
2.027770
1.740917
1.839383
1.510737
1.792673
1.557991
1.878372
1.516160
1.732401
1.698828
1.797471
1.265604
1.594859
1.693136
1.683945
1.480430
1.903444
1.756618
1.629188
1.725758
1.878319
1.818352
1.862504
1.442908
1.935030
1.676578
1.861342
1.421005
1.836785
1.641403
1.845772
1.432211
1.705495
1.688869
1.783414
1.387917
1.570457
1.753578
1.596719
1.506966
1.892467
1.743352
1.701990
1.616003
1.886823
1.875740
1.928682
1.467020
1.779649
1.478143
1.785792
1.337609
1.832074
1.688321
1.853235
1.458842
1.546820
1.689424
1.937610
1.539747
1.520786
1.788037
1.633377
1.528710
1.887990
1.807768
1.802964
1.602767
1.769986
1.885489
1.776229
1.347031
1.751153
1.450069
1.754735
1.285422
1.770490
1.589247
1.914223
1.527247
1.596644
1.758922
1.943500
1.705050
1.580458
1.680239
1.732455
1.625029
1.865173
1.858270
1.829542
1.629324
1.717216
1.786513
1.684139
1.251052
1.784278
1.593486
1.867508
1.324335
1.680412
1.615622
1.900670
1.564606
1.787523
1.787096
1.929587
1.818177
1.653172
1.608520
1.759184
1.645138
1.787037
1.889802
1.863620
1.620864
1.713604
1.647323
1.766571
1.339918
1.683009
1.641170
1.913326
1.374716
1.661787
1.716319
1.825635
1.651474
1.796605
1.829138
1.933991
1.738205
1.735450
1.678600
1.785152
1.609450
1.773595
1.794199
1.921726
1.544421
1.756286
1.563739
1.966969
1.496530
1.687183
1.522229
1.877413
1.344811
1.694884
1.805975
1.658429
1.696756
1.748031
1.799507
1.981277
1.638355
1.727851
1.658612
1.814414
1.606171
1.842412
1.647477
1.880935
1.491794
1.788505
1.551068
1.934915
1.576060
1.811511
1.461402
1.792015
1.320483
1.746609
1.785871
1.688113
1.732461
1.825546
1.816609
2.024968
1.710888
1.705319
1.609431
1.739155
1.673872
1.827150
1.498108
1.753893
1.578317
1.891118
1.680323
1.828076
1.581537
1.927962
1.539981
1.804043
1.396614
1.732791
1.775057
1.625683
1.682482
1.882573
1.936126
1.934285
1.826445
1.687640
1.614764
1.740721
1.624649
1.808645
1.461038
1.785919
1.804485
1.910751
1.687363
1.866854
1.696290
1.961863
1.641698
1.787230
1.460147
1.877164
1.743570
1.497267
1.692211
1.858409
1.867973
1.918795
1.815868
1.799873
1.772198
1.860648
1.509872
1.782877
1.517469
1.867886
1.883129
1.910198
1.516274
1.872882
1.832684
2.020425
1.683859
1.809136
1.578290
1.949036
1.692908
1.576691
1.772992
1.946158
1.678791
1.866135
1.787733
1.951281
1.826016
1.988720
1.500634
1.703903
1.538806
2.001273
1.901732
1.916612
1.467529
1.828344
1.817362
2.035641
1.654516
1.848951
1.760736
1.970504
1.710764
1.779096
1.695112
2.077199
1.592605
1.735737
1.788370
1.971515
1.791174
2.003560
1.513619
1.713474
1.527832
1.990972
1.854259
1.993096
1.515160
1.836761
1.694582
1.963592
1.565392
1.919915
1.896809
1.944521
1.688900
1.938842
1.616457
2.022662
1.624077
1.687969
1.790425
2.002048
1.854172
2.048183
1.524779
1.807027
1.595410
1.927664
1.875998
1.999635
1.498312
1.849250
1.724593
1.866199
1.565322
1.870111
1.974612
2.029727
1.730911
1.977823
1.691388
1.888178
1.562754
1.709053
1.850303
2.017615
1.914814
2.109548
1.569961
1.815823
1.712385
1.911238
1.877333
1.854739
1.474613
1.865172
1.903847
1.835403
1.657606
1.875517
2.074953
2.128798
1.764565
2.015761
1.731186
1.843210
1.457364
1.718273
1.848404
1.989258
1.763233
2.067440
1.664881
1.842180
1.647067
1.874740
1.845616
1.732803
1.594270
1.878827
1.846103
1.911971
1.759271
1.897040
2.181463
2.107944
1.907377
2.012319
1.699834
1.885770
1.443478
1.815237
1.869063
2.037500
1.678715
2.039035
1.724355
1.930128
1.577378
1.916158
1.823838
1.758520
1.690803
1.919297
1.781722
1.994950
1.771787
2.050341
2.212935
1.991406
1.979702
1.983689
1.775065
1.843636
1.604814
1.869966
1.926661
2.097725
1.725816
1.973001
1.818515
2.022838
1.623361
2.034742
1.827509
1.832130
1.663545
1.981891
1.879990
1.979510
1.739450
2.107567
2.189708
1.921342
1.887404
2.094647
1.930194
1.829073
1.702144
1.939337
1.983653
2.171955
1.737433
1.827178
1.885098
2.038011
1.727889
1.984504
1.809190
1.931483
1.688640
1.981376
2.034088
2.107263
1.886601
1.947443
2.191331
1.871420
1.751142
2.124257
2.032451
1.866945
1.804221
1.951764
1.851450
2.145728
1.686139
1.813278
1.896419
2.065523
1.587847
1.917081
1.820501
1.963557
1.721520
1.961397
2.088921
2.201269
1.982542
1.886756
2.166597
1.793655
1.647313
2.027188
1.989642
2.013195
1.939335
1.853294
1.791477
1.988670
1.725024
1.994573
1.802000
2.121360
1.616885
1.891950
1.846169
1.944413
1.695302
1.911268
2.045435
2.164544
1.897838
1.958615
2.064426
1.850616
1.597515
2.053076
2.065139
2.104957
1.986184
1.806610
1.766960
1.978806
1.780292
1.993436
1.819659
2.127413
1.764741
1.932211
1.752552
1.975249
1.693405
1.864078
2.028045
1.997525
1.834542
1.942945
1.887877
1.995167
1.725065
1.991682
2.110990
2.123638
1.837048
1.879899
1.880171
1.938827
1.773358
1.893895
1.937784
2.007081
1.928400
1.941141
1.732426
2.049896
1.784576
1.846007
1.975933
1.976540
1.928716
1.926375
1.732648
2.058200
1.772502
1.925415
2.018254
2.087128
1.934842
1.910726
1.970171
1.982423
1.773150
1.954240
1.990506
1.980258
2.029412
1.989299
1.794498
2.187513
1.889637
1.865326
1.899728
2.047357
2.010934
2.065389
1.832684
2.062724
1.836754
1.884304
1.867139
2.061854
2.019750
1.939531
1.956377
2.027107
1.829387
2.131842
1.953468
1.981181
2.058705
2.057093
1.810167
2.200410
1.783863
2.006178
2.015520
1.931108
1.918403
2.149864
1.843851
2.112190
1.915044
1.956679
1.817375
2.013429
1.906098
2.011171
2.074241
1.956007
1.849686
2.071896
2.066270
1.900598
2.042906
1.960915
1.677829
2.275342
1.803416
2.132625
2.142401
1.770025
1.956795
2.001765
1.672551
2.136628
1.824601
1.968352
1.751321
1.917197
1.766048
2.124760
2.107259
1.834950
1.758305
2.009402
2.120079
1.896142
2.077086
1.823698
1.672170
2.316713
1.963673
2.173254
1.962013
1.706604
2.182251
1.884274
1.533599
2.069291
1.748834
1.978613
1.685228
1.949511
1.771690
2.271365
1.978170
1.844927
1.700958
2.046288
2.129686
1.958683
2.216689
1.934789
1.682114
2.224692
2.088558
2.239388
1.795376
1.738820
2.165796
1.929947
1.659664
1.979366
1.792219
2.012197
1.726814
2.072039
1.885564
2.159581
1.870498
1.840262
1.737565
2.034083
2.147236
2.035675
2.280998
2.061582
1.618096
2.191364
2.150237
2.227169
1.904986
1.856714
1.995091
2.014095
1.707923
1.966866
1.904039
2.004052
1.817929
2.131079
1.904637
2.135189
1.763147
1.783652
1.769319
1.901600
2.200182
1.996201
2.211209
2.085971
1.520304
2.250163
2.152452
2.191899
2.024314
1.938763
1.993345
1.981587
1.617421
2.085895
1.887019
1.955243
1.851081
2.051639
1.945201
2.280553
1.615854
1.770474
1.828034
1.829872
2.151764
1.992706
2.082143
1.959898
1.563306
2.093661
2.107083
2.044404
1.900791
1.847263
2.076944
1.954692
1.617035
2.118592
1.834114
1.985937
1.805219
1.984722
1.965310
2.216845
1.429632
1.889011
1.887988
1.867777
2.046949
2.035218
2.124782
1.866444
1.633052
1.963287
2.108313
1.944020
1.789369
1.797444
2.014254
1.919235
1.702050
2.034045
1.690884
2.087760
1.745168
1.947397
1.967849
2.131910
1.436215
1.858961
1.879171
1.953576
1.971632
2.014666
1.939016
1.829806
1.663357
1.958279
2.058866
1.925917
1.706046
1.876453
1.928986
1.935351
1.587690
1.932655
1.541473
1.995290
1.645252
1.855326
1.912938
2.147486
1.580619
1.832652
1.912155
2.108081
1.942338
1.936543
1.799900
1.856728
1.703367
1.926473
1.998171
1.973905
1.678779
1.988653
1.896754
1.898504
1.558132
1.962462
1.538527
1.895313
1.688712
1.784704
1.981660
2.089319
1.640001
1.974479
1.926241
2.175788
1.904320
1.926176
1.697358
1.898681
1.777837
1.873619
1.968284
2.054752
1.593475
2.010999
1.846881
1.889190
1.697923
1.974185
1.745513
1.857317
1.750159
1.816886
1.893145
1.967493
1.597376
2.104457
1.855090
2.094972
1.887980
1.949504
1.771233
1.948187
1.807241
1.838483
2.023801
2.004882
1.524646
2.003440
1.701382
2.010626
1.803406
1.859374
1.776523
1.869647
1.658118
1.843393
1.850530
1.813189
1.630448
2.073932
1.772720
1.899655
1.830094
1.983553
1.886526
1.922032
1.798406
1.823212
1.989598
1.890352
1.513243
2.014788
1.727516
1.977133
1.740392
1.838421
1.716490
1.888360
1.576943
1.762205
1.826551
1.792512
1.642512
1.980681
1.723330
1.847063
1.716029
2.039793
1.849967
1.963902
1.947147
1.668336
1.872668
1.927528
1.520821
1.983830
1.913075
1.918644
1.722028
1.878932
1.820385
1.930283
1.628981
1.745344
1.765610
1.774893
1.603742
1.968222
1.765698
1.780718
1.647739
1.993543
1.664691
2.057704
2.029398
1.496022
1.726633
1.949519
1.525874
1.923664
1.935453
1.874939
1.860499
1.817944
1.975675
1.929168
1.627306
1.887577
1.800300
1.568916
1.593016
1.953410
1.834510
1.809033
1.543799
1.886962
1.494443
2.042870
1.950619
1.586843
1.550799
1.944428
1.511813
1.977336
1.752535
1.965154
1.889742
1.799110
1.785918
1.954864
1.702244
1.894283
1.785187
1.418679
1.670145
1.805073
1.832654
1.877540
1.372179
1.791662
1.338170
1.934285
1.910883
1.774878
1.437188
1.832675
1.363128
1.986598
1.640673
2.083793
1.836996
1.932564
1.708050
1.942004
1.856031
1.929909
1.640192
1.562711
1.742210
1.791405
1.811207
1.845958
1.265680
1.749368
1.303845
1.901967
1.999941
1.862232
1.472129
1.761552
1.425902
1.957012
1.644000
2.138215
1.800840
1.958308
1.781274
1.847090
1.917249
1.990632
1.541022
1.706146
1.785261
1.730729
1.830411
1.795754
1.250869
1.712231
1.391100
1.890172
1.907898
1.805075
1.495320
1.676756
1.653612
2.042730
1.586511
1.939535
1.832913
1.819210
1.810988
1.766830
1.772216
1.941687
1.617070
1.692639
1.812008
1.728238
1.909617
1.786785
1.319460
1.674138
1.452387
1.864101
1.823206
1.788104
1.521287
1.591282
1.807909
2.137491
1.408433
1.829533
1.983184
1.712118
1.759482
1.742446
1.559157
1.915583
1.692998
1.696496
1.948942
1.851613
1.949294
1.755033
1.338495
1.675983
1.362964
1.908801
1.805953
1.738898
1.479680
1.607268
1.711640
1.976083
1.326483
1.728328
1.991199
1.785322
1.795784
1.843566
1.525868
1.891841
1.691810
1.767357
2.032444
2.077944
1.906020
1.764153
1.343100
1.763373
1.240217
2.038846
1.826271
1.750673
1.356318
1.737738
1.747167
1.800811
1.317243
1.694169
1.829086
1.772999
1.821982
1.885330
1.634815
1.874067
1.620591
1.755109
2.067706
2.055632
1.725693
1.791620
1.454159
1.830484
1.230773
2.000333
1.797551
1.816601
1.247191
1.753364
1.895357
1.816246
1.306209
1.751078
1.761221
1.683306
1.759369
1.916469
1.640613
1.816337
1.564507
1.673708
2.145657
1.952406
1.541830
1.740985
1.594372
1.871392
1.251026
1.810422
1.792682
1.902862
1.225876
1.786070
1.913856
1.694084
1.302268
1.740141
1.833670
1.752354
1.790087
1.901850
1.653638
1.759501
1.494190
1.690341
2.045164
2.021347
1.476548
1.628784
1.582860
1.851087
1.261204
1.747507
1.753247
1.912667
1.322080
1.780843
1.809685
1.544805
1.244221
1.708043
1.849449
1.815123
1.859428
1.861308
1.673641
1.805042
1.364460
1.854165
1.844167
2.039789
1.483386
1.568197
1.551339
1.855929
1.346465
1.759052
1.633212
1.934810
1.503675
1.719747
1.865719
1.649867
1.309482
1.661764
1.678036
1.799986
1.802986
1.735054
1.685185
1.814993
1.419818
1.879875
1.710478
1.903907
1.477854
1.638450
1.597760
1.862403
1.537772
1.774643
1.521685
1.906697
1.589933
1.747519
2.065431
1.829997
1.466988
1.677378
1.606728
1.745799
1.657283
1.679996
1.659587
1.736719
1.617268
1.814891
1.674759
1.839019
1.471891
1.835025
1.728338
1.894831
1.643358
1.856132
1.515045
1.944594
1.649776
1.876951
1.998999
1.856146
1.535232
1.702523
1.611966
1.748651
1.624608
1.649571
1.634474
1.772403
1.663384
1.917838
1.702616
1.777952
1.507981
1.966976
1.846987
1.987819
1.578497
1.911551
1.433827
2.055768
1.734365
1.904963
1.991363
1.898727
1.522255
1.673515
1.627940
1.740365
1.648754
1.586184
1.650879
1.748709
1.579988
2.085986
1.700237
1.674701
1.570889
2.064138
1.953851
1.959253
1.596679
1.859326
1.272586
2.108375
1.812835
1.954397
1.975553
1.922776
1.609625
1.789569
1.627353
1.817744
1.527739
1.613097
1.644045
1.664015
1.603896
2.073247
1.728412
1.652440
1.545826
2.164139
1.894696
1.931135
1.697385
1.728279
1.244707
2.059075
1.908110
1.924305
1.795537
1.884958
1.745625
1.966087
1.592115
1.837359
1.519429
1.743807
1.653555
1.747436
1.751348
2.077384
1.762891
1.719699
1.582197
2.140684
1.955344
1.899568
1.800100
1.661045
1.455129
1.967011
1.999828
1.967846
1.622167
1.858432
1.893807
1.963035
1.555255
1.880171
1.649221
1.871402
1.653810
1.842433
1.829779
2.097210
1.690459
1.792791
1.614461
2.013978
2.075707
1.908648
1.805345
1.558227
1.603017
1.896450
2.033528
1.945521
1.670733
1.884672
1.879172
1.952133
1.547191
2.027499
1.690961
1.983545
1.716111
1.981565
1.776610
2.026699
1.580327
1.787914
1.604272
1.904162
2.112481
1.983006
1.826627
1.614430
1.507034
1.908594
1.974106
1.963413
1.672409
1.975849
1.966183
1.967180
1.689511
2.153003
1.640009
1.982052
1.752363
2.051065
1.747489
1.917710
1.536929
1.782347
1.603799
1.781416
2.058637
1.965791
1.908903
1.810885
1.544215
1.836709
1.874546
2.033042
1.601744
1.941545
2.045179
1.862653
1.808170
2.042017
1.569731
1.959075
1.737552
2.040612
1.844505
1.919394
1.499326
1.686363
1.544220
1.730275
1.996627
1.962019
2.003190
1.962870
1.709847
1.832399
1.904493
2.086332
1.625885
1.938165
2.120857
1.816481
1.729154
1.963819
1.573684
1.997175
1.687705
2.036211
1.842562
1.945971
1.482932
1.623215
1.449703
1.745905
2.035922
1.941463
2.102334
1.959221
1.830829
1.892333
1.896356
2.070576
1.789274
1.993308
2.143732
1.916122
1.683901
2.053086
1.650226
2.006631
1.718276
2.015865
1.798875
2.000866
1.484169
1.777155
1.501798
1.917921
2.152790
1.914193
2.248265
2.033945
1.938782
1.915367
1.878125
2.069962
1.758554
2.024656
2.124504
1.990743
1.735291
2.098749
1.756307
1.941690
1.733975
2.016341
1.848592
2.022653
1.482288
1.933566
1.659710
2.031695
2.088251
1.887281
2.156953
2.152380
1.996532
1.855123
1.964483
2.080425
1.582561
1.910625
2.132064
1.829497
1.763689
2.087643
1.857454
1.895382
1.782364
2.050665
1.977156
2.003161
1.489830
1.949078
1.822145
2.014144
1.967026
1.788865
1.996432
2.043715
1.976152
1.754889
1.991931
2.055224
1.575272
1.880333
2.206142
1.877287
1.739486
1.988843
1.899236
1.945906
1.818143
2.064485
1.980965
1.928966
1.583008
1.959305
1.929522
1.965570
1.823482
1.825848
2.053172
2.117342
1.895911
1.817677
1.961033
2.021800
1.717731
1.861398
2.268533
1.975619
1.818618
2.039169
1.942086
2.047131
1.888873
2.085976
1.967628
1.936549
1.660681
2.132559
1.924146
2.037864
1.741587
1.989029
2.013267
2.261945
1.898535
1.914550
1.900912
1.966678
1.653518
1.792526
2.099356
1.957964
1.988138
2.009290
2.048240
2.173866
1.920560
2.004752
1.949380
1.967434
1.809121
2.329177
1.834111
2.122587
1.829004
2.054553
1.928261
2.277728
2.081421
1.879551
1.905053
2.019980
1.597001
1.865913
1.957419
2.006613
2.035262
1.982207
2.174115
2.145152
1.967663
1.866809
2.020766
1.967121
1.891365
2.319159
1.811338
2.167958
1.828990
2.037573
1.893993
2.160304
2.096043
1.863474
1.938221
2.023770
1.714474
2.007970
1.885307
2.104415
1.850219
1.979119
2.203721
2.027768
1.949678
1.939469
2.029953
1.977778
1.868628
2.238417
1.912297
2.140935
1.847429
2.043196
1.883007
2.156672
2.045754
2.036785
1.944010
2.091042
1.693909
2.122370
1.791170
2.110515
1.731250
1.998040
2.165488
1.955031
1.940826
2.057078
2.004942
2.167112
1.929771
2.206317
1.972924
2.106996
1.831233
2.090227
1.810094
2.059388
2.087732
2.088398
1.995108
2.086178
1.642623
2.122280
1.675573
1.970157
1.790055
1.913069
2.066540
1.912726
1.945415
2.108916
1.966060
2.146489
1.968476
2.236765
2.042506
1.920795
1.900173
2.024191
1.658656
1.962268
2.121455
2.127152
1.934433
2.036366
1.786948
2.162219
1.638419
1.941405
1.930184
1.870539
1.917495
1.922697
2.006527
2.166699
1.965054
2.059642
1.929863
2.223764
2.071388
1.995329
1.963347
1.917385
1.698741
1.841968
2.107997
2.141748
1.773238
2.040162
1.954623
2.175621
1.471538
2.174739
1.958940
2.034373
1.874151
1.860797
2.042795
2.190345
1.803073
1.996864
2.011438
2.128693
2.100472
2.141446
1.969184
1.905739
1.783230
1.746206
2.049974
2.178838
1.721882
2.182833
2.011379
2.114278
1.400873
2.227890
1.900945
2.153785
1.911588
1.852877
2.008138
2.107593
1.679428
1.893069
2.016009
2.093860
2.066547
2.138368
1.863343
1.893042
1.859236
1.715577
1.996052
2.080354
1.798788
2.147946
1.956020
2.014085
1.390067
2.155961
1.897052
2.099272
1.855756
1.966356
1.927557
1.896893
1.565370
1.849924
2.030175
2.040111
2.066524
2.032558
1.826527
1.858141
1.908201
1.763597
1.931773
2.014548
1.785190
2.042949
2.060082
2.022202
1.455324
2.089070
1.917646
2.030909
1.836010
2.116342
1.898705
1.828734
1.483039
1.877431
2.026043
1.936265
2.106662
1.895501
1.881299
1.913987
1.935055
1.937242
1.842222
2.023225
1.686920
2.022552
2.240691
2.034645
1.435134
1.966963
1.945284
2.075975
1.816911
2.236374
1.824518
1.843444
1.536104
1.852054
2.018901
1.941714
2.103912
1.865217
1.886094
2.006335
1.711057
2.023910
1.833298
2.121578
1.720453
1.961610
2.189983
1.992146
1.447007
1.896240
1.946177
2.023236
1.738400
2.189348
1.734497
1.892385
1.534641
1.813536
2.044684
1.898922
2.035415
1.895830
1.722540
2.144189
1.677009
1.933184
1.804586
2.197414
1.858583
1.887849
2.081493
1.879930
1.541956
1.886829
1.983714
1.954587
1.731064
2.190279
1.775534
1.895555
1.529179
1.736119
2.005360
1.942022
1.953539
1.991252
1.673864
2.166577
1.661945
1.853682
1.790276
2.267471
1.858427
1.878116
2.007110
1.980286
1.754936
1.798805
2.033207
1.954245
