# G_2, p = 1.5000 GPa (dir_15000.0_bar).
# 6MR distortion Gamma = (1/2)(max - min) over the three opposite-O diagonals.
# 16 rings x 101 frames = 1616 samples.
# Column: per-6MR Gamma [A]
0.005375
0.005369
0.005616
0.005621
0.005329
0.005288
0.005502
0.005510
0.003394
0.003455
0.002910
0.002904
0.002716
0.002695
0.003201
0.003132
0.139326
0.025951
0.067841
0.102717
0.103493
0.086158
0.135250
0.076344
0.022220
0.147933
0.101977
0.033395
0.108772
0.298723
0.097071
0.081067
0.155600
0.092957
0.085388
0.038740
0.176130
0.080846
0.116023
0.140678
0.050102
0.277172
0.152967
0.106983
0.086493
0.434929
0.216773
0.056025
0.119720
0.087814
0.077372
0.155971
0.276430
0.021187
0.086786
0.083600
0.121826
0.290078
0.163156
0.051367
0.087484
0.393283
0.331781
0.111246
0.127280
0.063235
0.196954
0.220115
0.353386
0.070689
0.078795
0.044861
0.174740
0.144180
0.073356
0.116148
0.172694
0.450147
0.322157
0.205273
0.130772
0.153139
0.199869
0.194330
0.324238
0.132024
0.220751
0.023794
0.215810
0.076306
0.137373
0.160774
0.170757
0.496578
0.297744
0.197988
0.053722
0.019304
0.172699
0.251799
0.187914
0.170148
0.298800
0.193377
0.322103
0.086185
0.109654
0.082696
0.101394
0.382008
0.314610
0.150359
0.037884
0.235035
0.043085
0.147461
0.113373
0.279511
0.271823
0.274190
0.254729
0.262381
0.066575
0.062431
0.078667
0.218707
0.274431
0.250751
0.125741
0.182316
0.167044
0.101669
0.100090
0.312713
0.298666
0.178745
0.225637
0.338090
0.029872
0.057770
0.203666
0.117786
0.260280
0.298224
0.173023
0.110334
0.278899
0.076390
0.081635
0.274131
0.286113
0.110070
0.188354
0.192393
0.034996
0.134235
0.244418
0.108782
0.234099
0.234002
0.225225
0.090377
0.277106
0.022998
0.006268
0.210319
0.228352
0.117309
0.224277
0.093681
0.112322
0.124973
0.238165
0.110266
0.066753
0.161401
0.204885
0.002682
0.227223
0.032941
0.114083
0.161071
0.116828
0.142371
0.259361
0.085389
0.127885
0.122386
0.198629
0.149786
0.154596
0.130429
0.049042
0.073176
0.115193
0.079410
0.348618
0.128724
0.115073
0.204873
0.185127
0.119731
0.161707
0.138490
0.184299
0.238149
0.305036
0.040321
0.075260
0.073922
0.034257
0.158961
0.445601
0.079786
0.137668
0.084081
0.111238
0.127961
0.253651
0.069092
0.174717
0.241726
0.321733
0.210062
0.151853
0.090088
0.042475
0.124606
0.261763
0.023791
0.086400
0.141707
0.062096
0.096569
0.207749
0.192354
0.184183
0.192517
0.272523
0.178519
0.133061
0.059939
0.087549
0.092479
0.066406
0.022151
0.080289
0.180872
0.048967
0.035393
0.107008
0.303795
0.194725
0.092779
0.182594
0.245389
0.143483
0.037641
0.034759
0.196782
0.148274
0.111630
0.083557
0.187131
0.121922
0.023790
0.175884
0.309079
0.113393
0.077258
0.056221
0.248236
0.203805
0.055811
0.116059
0.214490
0.192549
0.179647
0.138266
0.144012
0.180846
0.070697
0.163573
0.211139
0.192433
0.166597
0.053242
0.233981
0.181633
0.049165
0.213980
0.207685
0.134617
0.245908
0.100031
0.203497
0.077140
0.172183
0.094253
0.144753
0.170440
0.181859
0.051414
0.227246
0.074259
0.057723
0.199349
0.193465
0.227897
0.218637
0.086642
0.151109
0.112584
0.255853
0.176221
0.132933
0.058606
0.148333
0.063426
0.158523
0.065931
0.095842
0.223759
0.134722
0.238744
0.203994
0.138380
0.099726
0.112054
0.275038
0.204276
0.074626
0.174254
0.146341
0.118848
0.247206
0.127359
0.046665
0.166199
0.158282
0.214722
0.188664
0.125251
0.170226
0.164414
0.252130
0.252805
0.120039
0.253097
0.188853
0.089207
0.188174
0.130795
0.014829
0.040822
0.205007
0.151876
0.095044
0.099930
0.266517
0.246534
0.234777
0.329993
0.186627
0.293958
0.171273
0.059166
0.173161
0.148895
0.067037
0.107619
0.202886
0.142549
0.026802
0.050554
0.250843
0.238834
0.256280
0.316497
0.224410
0.298145
0.149750
0.106755
0.033175
0.189651
0.085133
0.130052
0.188844
0.135387
0.101737
0.074933
0.255734
0.088438
0.244541
0.157230
0.273695
0.304392
0.105498
0.122068
0.047872
0.331837
0.288356
0.099751
0.158840
0.135048
0.195008
0.166450
0.160470
0.033730
0.121496
0.161015
0.346535
0.296401
0.016630
0.051205
0.135368
0.378148
0.363856
0.062338
0.178376
0.220295
0.258819
0.221966
0.051291
0.044224
0.296273
0.128926
0.366799
0.181786
0.222551
0.084237
0.245118
0.226819
0.250460
0.120440
0.221602
0.250803
0.258038
0.194398
0.116988
0.141696
0.414619
0.128251
0.267163
0.053922
0.347072
0.115035
0.287172
0.053720
0.188773
0.148678
0.178682
0.197290
0.204688
0.180793
0.243895
0.145847
0.349128
0.129569
0.211256
0.187261
0.401949
0.072173
0.187861
0.293801
0.218832
0.231677
0.048267
0.092236
0.175423
0.152750
0.371053
0.132173
0.369987
0.124583
0.309588
0.256458
0.408180
0.110126
0.118610
0.396058
0.276247
0.245037
0.112194
0.084027
0.070251
0.081219
0.356938
0.139387
0.248932
0.041160
0.323281
0.176903
0.328840
0.166485
0.131230
0.455213
0.169284
0.215141
0.183891
0.083609
0.078218
0.211930
0.183528
0.076901
0.099588
0.142195
0.310531
0.213385
0.254577
0.078289
0.131599
0.489495
0.256921
0.027488
0.186419
0.137036
0.168021
0.304601
0.032116
0.051418
0.128087
0.305166
0.350032
0.149868
0.203483
0.084618
0.065495
0.420322
0.325714
0.251595
0.260125
0.146691
0.239935
0.301537
0.130898
0.079255
0.125024
0.381266
0.245387
0.119962
0.149954
0.263758
0.059495
0.309999
0.220313
0.265207
0.169697
0.201142
0.224246
0.209204
0.269270
0.146355
0.165256
0.309596
0.139048
0.119542
0.088182
0.356092
0.066973
0.154331
0.289130
0.094589
0.016290
0.266484
0.129807
0.107397
0.370807
0.196872
0.125716
0.200446
0.063659
0.197580
0.195662
0.309440
0.051725
0.024677
0.350818
0.030985
0.113311
0.247145
0.120903
0.006708
0.370585
0.230189
0.075167
0.157771
0.181364
0.260142
0.293133
0.162677
0.030565
0.107801
0.312778
0.043463
0.176309
0.207083
0.084134
0.106382
0.286842
0.218561
0.096338
0.160876
0.158025
0.208382
0.239642
0.042250
0.128816
0.213147
0.292604
0.083337
0.204907
0.172553
0.106031
0.129214
0.167739
0.183842
0.136123
0.072117
0.091371
0.073396
0.403133
0.174025
0.155325
0.257904
0.189711
0.046312
0.198829
0.105608
0.077289
0.024819
0.088532
0.246173
0.156267
0.032564
0.246244
0.102547
0.403602
0.270493
0.088780
0.298973
0.130889
0.100315
0.197072
0.141920
0.080902
0.066926
0.133136
0.235190
0.170259
0.045235
0.422747
0.170078
0.400668
0.280301
0.081549
0.129143
0.141471
0.229559
0.126195
0.216966
0.074003
0.108889
0.261004
0.182578
0.236527
0.131355
0.478667
0.186899
0.388702
0.231925
0.149781
0.087886
0.176538
0.319501
0.105275
0.298385
0.093025
0.127335
0.259186
0.145354
0.360709
0.249710
0.401324
0.119069
0.275939
0.193652
0.172542
0.062954
0.151062
0.207812
0.087900
0.371657
0.251942
0.127451
0.180799
0.137585
0.379284
0.273105
0.292161
0.112507
0.113928
0.248183
0.274188
0.124718
0.081364
0.069188
0.211799
0.359980
0.230797
0.227323
0.313122
0.142009
0.259702
0.233339
0.146829
0.236629
0.065683
0.328330
0.214452
0.163404
0.113130
0.087363
0.306054
0.304427
0.168968
0.230587
0.377759
0.145466
0.167906
0.169021
0.045016
0.217183
0.199806
0.316556
0.111840
0.138567
0.155426
0.060163
0.275618
0.141945
0.225530
0.191790
0.307099
0.135901
0.072383
0.255867
0.142053
0.201902
0.121400
0.299967
0.252039
0.118182
0.183081
0.036264
0.159687
0.065037
0.156904
0.144706
0.218495
0.175471
0.092606
0.315213
0.158831
0.185988
0.091850
0.276553
0.303617
0.186160
0.214853
0.060635
0.081778
0.182822
0.101841
0.108886
0.130569
0.254637
0.076953
0.255456
0.126485
0.111388
0.106047
0.145018
0.198383
0.072343
0.262550
0.213800
0.104913
0.274224
0.092171
0.183436
0.044986
0.224609
0.161393
0.167755
0.190848
0.157496
0.173909
0.036859
0.135409
0.216891
0.192440
0.285753
0.129068
0.326222
0.037249
0.254435
0.112859
0.157840
0.177305
0.096308
0.153197
0.259803
0.165135
0.074344
0.133972
0.380172
0.094873
0.279846
0.057202
0.281536
0.089370
0.270684
0.176504
0.223960
0.085324
0.099991
0.147333
0.205518
0.092895
0.071056
0.225273
0.242351
0.077882
0.184814
0.135417
0.153009
0.129557
0.288360
0.033457
0.214741
0.075562
0.171136
0.162460
0.062654
0.076511
0.056015
0.203069
0.131839
0.159348
0.075797
0.107853
0.054409
0.176584
0.381417
0.029341
0.101995
0.140465
0.151238
0.104419
0.122167
0.093084
0.104335
0.179199
0.148463
0.096475
0.194428
0.141188
0.134055
0.084287
0.394416
0.071807
0.025285
0.300921
0.179961
0.107121
0.180562
0.099881
0.213650
0.207619
0.139522
0.037295
0.221150
0.110834
0.095536
0.025440
0.327677
0.155264
0.099602
0.371570
0.180382
0.148494
0.261447
0.160006
0.235393
0.196149
0.081517
0.064490
0.248724
0.031658
0.125653
0.068817
0.180924
0.113989
0.138857
0.302631
0.206186
0.128137
0.308892
0.183002
0.190515
0.155803
0.008006
0.049273
0.152370
0.057039
0.096197
0.155122
0.027858
0.159882
0.075025
0.213440
0.194466
0.153167
0.319390
0.067526
0.049209
0.080149
0.179822
0.143391
0.065010
0.126183
0.008825
0.091118
0.175001
0.188953
0.132290
0.124150
0.147672
0.151338
0.296620
0.212286
0.114836
0.265427
0.334111
0.190625
0.069636
0.188254
0.062988
0.106521
0.217309
0.186158
0.213087
0.133630
0.162356
0.139128
0.214427
0.228973
0.069591
0.304529
0.394632
0.198572
0.180291
0.194708
0.053737
0.205974
0.270175
0.186567
0.174638
0.108163
0.272165
0.057420
0.109650
0.196680
0.016997
0.310276
0.395508
0.134842
0.293723
0.180283
0.054971
0.177858
0.166340
0.163660
0.212795
0.092485
0.308042
0.035822
0.052647
0.155320
0.157306
0.430604
0.301976
0.134336
0.357353
0.204752
0.042333
0.111830
0.111568
0.193503
0.195357
0.117566
0.180205
0.105373
0.057257
0.103367
0.293714
0.359609
0.201508
0.147811
0.300094
0.162529
0.111915
0.076569
0.135276
0.199941
0.083070
0.065242
0.055699
0.072376
0.198184
0.070087
0.210875
0.206168
0.156130
0.163482
0.144068
0.097929
0.205756
0.180034
0.182283
0.107352
0.094030
0.029830
0.044483
0.086672
0.240745
0.185003
0.252141
0.192400
0.183258
0.187683
0.108774
0.156081
0.169631
0.368944
0.130765
0.176546
0.063877
0.060191
0.078680
0.182998
0.186068
0.157009
0.305188
0.201368
0.254685
0.062789
0.129781
0.206282
0.110226
0.475523
0.053130
0.164830
0.104851
0.106217
0.151599
0.319009
0.266167
0.071251
0.339942
0.240266
0.248420
0.110581
0.092302
0.193984
0.179685
0.364545
0.053841
0.054427
0.235204
0.168226
0.197533
0.372637
0.385086
0.202242
0.334816
0.235044
0.209532
0.235140
0.055611
0.132683
0.215546
0.239578
0.107867
0.119343
0.294511
0.227511
0.218116
0.371913
0.359667
0.183386
0.239440
0.140679
0.154578
0.316896
0.056656
0.039181
0.235786
0.127655
0.029708
0.148014
0.199173
0.222298
0.178857
0.281119
0.245967
0.143378
0.201617
0.019651
0.091501
0.258815
0.020073
0.062400
0.193799
0.162343
0.057946
0.182766
0.189254
0.099409
0.166531
0.162699
0.139747
0.193829
0.219747
0.181225
0.036148
0.058508
0.078035
0.115076
0.252887
0.278600
0.058009
0.215184
0.215085
0.098242
0.053717
0.049129
0.080653
0.079837
0.252786
0.192581
0.039356
0.113959
0.090315
0.160974
0.242393
0.294253
0.059589
0.279428
0.214756
0.197608
0.104865
0.065765
0.151895
0.103387
0.315761
0.059542
0.128128
0.198159
0.043491
0.173088
0.110279
0.132848
0.066569
0.334246
0.202150
0.202893
0.066956
0.171763
0.239799
0.109958
0.313895
0.101786
0.113228
0.181812
0.093445
0.181050
0.051613
0.034650
0.143536
0.307436
0.165179
0.187513
0.092395
0.225422
0.290785
0.108811
0.332873
0.219482
0.037021
0.106601
0.109184
0.095795
0.156816
0.131842
0.248157
0.215561
0.168828
0.134146
0.154921
0.290689
0.249691
0.110939
0.303508
0.239304
0.035675
0.045614
0.052866
0.038613
0.284943
0.127304
0.211277
0.132626
0.196518
0.118472
0.236666
0.326502
0.130177
0.155446
0.265029
0.182420
0.060611
0.123757
0.056565
0.086585
0.244538
0.107241
0.096187
0.083267
0.211253
0.214750
0.175312
0.313043
0.124094
0.207121
0.208889
0.191250
0.111054
0.201996
0.188122
0.216940
0.093931
0.076553
0.107560
0.098274
0.265213
0.165866
0.100470
0.255382
0.112034
0.178904
0.133303
0.214929
0.192905
0.213216
0.210478
0.381591
0.189652
0.116484
0.111627
0.226796
0.279311
0.150440
0.088903
0.159933
0.048562
0.220941
0.071276
0.288528
0.254077
0.172392
0.224649
0.501273
0.405015
0.200017
0.178714
0.315141
0.186744
0.183693
0.098859
0.076742
0.055948
0.205742
0.098655
0.346963
0.174642
0.123508
0.273987
0.412935
0.307887
0.187578
0.248945
0.333459
0.057770
0.164586
0.072910
0.087540
0.050189
0.149992
0.179670
0.244384
0.062664
0.112466
0.271181
0.265161
0.175659
0.170966
0.206541
0.231322
0.205946
0.118803
0.075829
0.117320
0.043060
0.111657
0.187835
0.198842
0.054003
0.117688
0.077465
0.116096
0.093209
0.186842
0.100914
0.124929
0.352852
0.098809
0.151317
0.096312
0.112738
0.087761
0.145931
0.222267
0.223789
0.085188
0.126672
0.151937
0.194934
0.163190
0.165982
0.044508
0.355653
0.128894
0.114254
0.139756
0.134166
0.059822
0.201890
0.222643
0.284897
0.129172
0.295890
0.281923
0.255836
0.159187
0.045062
0.155743
0.213118
0.220091
0.078463
0.160361
0.180580
0.036571
0.164764
0.246277
0.217624
0.152461
0.346502
0.316105
0.233580
0.202628
0.060704
0.242922
0.093283
0.282595
0.147582
0.215808
0.215852
0.055380
0.076393
0.288806
0.114723
0.108614
0.267772
0.342222
0.288411
0.266841
0.059365
0.179307
0.074998
0.250759
0.236090
0.204038
0.241827
0.107269
0.327427
0.265220
0.085875
0.061572
0.238340
0.300929
0.244888
0.370561
0.074568
0.166450
0.076466
0.179394
0.289894
0.256597
0.182624
0.244598
0.292610
0.253600
0.100455
0.069066
0.298781
0.250093
0.162472
0.434860
0.080735
0.205565
0.093485
0.044392
0.334369
0.270196
0.246006
0.343862
0.143577
0.279658
0.095127
0.053329
0.295933
0.206817
0.182982
0.389628
0.048242
0.228166
0.165868
0.104991
0.226596
0.267775
0.332492
0.260406
0.135869
0.252197
0.082181
0.076019
0.324819
0.133308
0.126274
0.324805
0.104027
0.174160
0.121859
0.116558
0.064981
0.338602
0.283176
0.165460
0.286304
0.233899
0.118856
0.120092
0.378504
0.159884
0.150008
0.263935
0.106875
0.153876
0.121789
0.059698
0.127249
0.328757
0.238246
0.043620
0.341923
0.288162
0.110462
0.128762
0.371733
0.207432
0.342440
0.122657
0.097148
0.161465
0.169185
0.066615
0.298142
0.230907
0.152580
0.194444
0.324126
0.230208
0.095310
0.121356
0.345988
0.205713
0.315808
0.060666
0.170463
0.156754
0.195021
0.104129
0.440774
0.116376
0.112631
0.248326
0.114910
0.261722
0.166519
0.129575
0.254996
0.187009
0.259438
0.267172
0.235408
0.111132
0.265742
0.192230
0.516137
0.022752
0.120957
0.298890
0.134428
0.229868
0.167355
0.128694
0.126743
0.218746
0.363295
0.417869
0.287080
0.096276
0.252089
0.282363
0.423470
0.137535
0.043557
0.323631
0.227712
0.095465
0.033828
0.059319
0.052506
0.207458
0.415011
0.451339
0.298685
0.183390
0.176488
0.281459
0.296250
0.323186
0.135322
0.372289
0.171780
0.049175
0.134358
0.112650
0.120905
0.068610
0.239604
0.294138
0.217303
0.185901
0.107239
0.145871
0.102474
0.337978
0.266745
0.416406
0.084119
0.026990
0.128337
0.164739
0.228514
0.165717
0.132546
0.188634
0.105133
0.150063
0.062259
0.013088
0.189215
0.231251
0.217405
0.334871
0.034054
0.055591
0.155872
0.109660
0.281565
0.275570
0.062244
0.185330
0.075586
0.215814
0.067977
0.039535
0.377576
0.122317
0.249411
0.241087
0.149675
0.114978
