# Order-parameter trajectory in the dimensionless collapse.
# Columns: pi  phi_eq(eta=0)  phi_eq(eta_1)  phi_eq(eta_2)  phi_eq(eta_3)  phi_eq(eta_4)  phi_eq(eta_5)
# eta_k = 0, 160, 6, 6, 1, 1 (mean-field reference and G_1..G_5).
1.000000e-03 3.162278e-02 3.160180e-02 3.162230e-02 3.162258e-02 3.162274e-02 3.162274e-02
1.023293e-03 3.198895e-02 3.196723e-02 3.198846e-02 3.198875e-02 3.198891e-02 3.198891e-02
1.047129e-03 3.235937e-02 3.233689e-02 3.235886e-02 3.235915e-02 3.235932e-02 3.235932e-02
1.071519e-03 3.273407e-02 3.271080e-02 3.273354e-02 3.273385e-02 3.273403e-02 3.273403e-02
1.096478e-03 3.311311e-02 3.308903e-02 3.311257e-02 3.311289e-02 3.311307e-02 3.311307e-02
1.122018e-03 3.349654e-02 3.347162e-02 3.349598e-02 3.349631e-02 3.349650e-02 3.349650e-02
1.148154e-03 3.388442e-02 3.385861e-02 3.388383e-02 3.388417e-02 3.388437e-02 3.388437e-02
1.174898e-03 3.427678e-02 3.425007e-02 3.427617e-02 3.427653e-02 3.427673e-02 3.427673e-02
1.202264e-03 3.467369e-02 3.464604e-02 3.467306e-02 3.467342e-02 3.467363e-02 3.467363e-02
1.230269e-03 3.507519e-02 3.504657e-02 3.507454e-02 3.507492e-02 3.507513e-02 3.507513e-02
1.258925e-03 3.548134e-02 3.545172e-02 3.548067e-02 3.548106e-02 3.548128e-02 3.548128e-02
1.288250e-03 3.589219e-02 3.586154e-02 3.589150e-02 3.589190e-02 3.589214e-02 3.589214e-02
1.318257e-03 3.630781e-02 3.627607e-02 3.630709e-02 3.630751e-02 3.630775e-02 3.630775e-02
1.348963e-03 3.672823e-02 3.669539e-02 3.672749e-02 3.672792e-02 3.672817e-02 3.672817e-02
1.380384e-03 3.715352e-02 3.711953e-02 3.715275e-02 3.715320e-02 3.715346e-02 3.715346e-02
1.412538e-03 3.758374e-02 3.754855e-02 3.758294e-02 3.758341e-02 3.758367e-02 3.758367e-02
1.445440e-03 3.801894e-02 3.798252e-02 3.801812e-02 3.801860e-02 3.801887e-02 3.801887e-02
1.479108e-03 3.845918e-02 3.842148e-02 3.845832e-02 3.845882e-02 3.845911e-02 3.845911e-02
1.513561e-03 3.890451e-02 3.886549e-02 3.890363e-02 3.890415e-02 3.890444e-02 3.890444e-02
1.548817e-03 3.935501e-02 3.931462e-02 3.935409e-02 3.935463e-02 3.935493e-02 3.935493e-02
1.584893e-03 3.981072e-02 3.976891e-02 3.980977e-02 3.981032e-02 3.981064e-02 3.981064e-02
1.621810e-03 4.027170e-02 4.022843e-02 4.027072e-02 4.027130e-02 4.027162e-02 4.027162e-02
1.659587e-03 4.073803e-02 4.069324e-02 4.073701e-02 4.073761e-02 4.073794e-02 4.073794e-02
1.698244e-03 4.120975e-02 4.116340e-02 4.120870e-02 4.120931e-02 4.120966e-02 4.120966e-02
1.737801e-03 4.168694e-02 4.163896e-02 4.168585e-02 4.168649e-02 4.168685e-02 4.168685e-02
1.778279e-03 4.216965e-02 4.211999e-02 4.216853e-02 4.216918e-02 4.216956e-02 4.216956e-02
1.819701e-03 4.265795e-02 4.260655e-02 4.265679e-02 4.265747e-02 4.265785e-02 4.265785e-02
1.862087e-03 4.315191e-02 4.309870e-02 4.315070e-02 4.315141e-02 4.315181e-02 4.315181e-02
1.905461e-03 4.365158e-02 4.359651e-02 4.365034e-02 4.365106e-02 4.365148e-02 4.365148e-02
1.949845e-03 4.415704e-02 4.410005e-02 4.415575e-02 4.415651e-02 4.415694e-02 4.415694e-02
1.995262e-03 4.466836e-02 4.460936e-02 4.466702e-02 4.466780e-02 4.466825e-02 4.466825e-02
2.041738e-03 4.518559e-02 4.512453e-02 4.518421e-02 4.518502e-02 4.518548e-02 4.518548e-02
2.089296e-03 4.570882e-02 4.564562e-02 4.570739e-02 4.570822e-02 4.570870e-02 4.570870e-02
2.137962e-03 4.623810e-02 4.617269e-02 4.623662e-02 4.623748e-02 4.623798e-02 4.623798e-02
2.187762e-03 4.677351e-02 4.670581e-02 4.677198e-02 4.677287e-02 4.677339e-02 4.677339e-02
2.238721e-03 4.731513e-02 4.724505e-02 4.731354e-02 4.731446e-02 4.731499e-02 4.731499e-02
2.290868e-03 4.786301e-02 4.779048e-02 4.786136e-02 4.786232e-02 4.786287e-02 4.786287e-02
2.344229e-03 4.841724e-02 4.834217e-02 4.841553e-02 4.841653e-02 4.841709e-02 4.841709e-02
2.398833e-03 4.897788e-02 4.890018e-02 4.897612e-02 4.897715e-02 4.897774e-02 4.897774e-02
2.454709e-03 4.954502e-02 4.946460e-02 4.954320e-02 4.954426e-02 4.954487e-02 4.954487e-02
2.511886e-03 5.011872e-02 5.003549e-02 5.011684e-02 5.011794e-02 5.011857e-02 5.011857e-02
2.570396e-03 5.069907e-02 5.061292e-02 5.069712e-02 5.069826e-02 5.069891e-02 5.069891e-02
2.630268e-03 5.128614e-02 5.119698e-02 5.128412e-02 5.128530e-02 5.128597e-02 5.128597e-02
2.691535e-03 5.188000e-02 5.178772e-02 5.187791e-02 5.187913e-02 5.187983e-02 5.187983e-02
2.754229e-03 5.248075e-02 5.238524e-02 5.247858e-02 5.247984e-02 5.248057e-02 5.248057e-02
2.818383e-03 5.308844e-02 5.298959e-02 5.308620e-02 5.308751e-02 5.308826e-02 5.308826e-02
2.884032e-03 5.370318e-02 5.360087e-02 5.370086e-02 5.370221e-02 5.370299e-02 5.370299e-02
2.951209e-03 5.432503e-02 5.421914e-02 5.432263e-02 5.432403e-02 5.432483e-02 5.432483e-02
3.019952e-03 5.495409e-02 5.484449e-02 5.495160e-02 5.495305e-02 5.495388e-02 5.495388e-02
3.090295e-03 5.559043e-02 5.547700e-02 5.558785e-02 5.558935e-02 5.559021e-02 5.559021e-02
3.162278e-03 5.623413e-02 5.611674e-02 5.623147e-02 5.623302e-02 5.623391e-02 5.623391e-02
3.235937e-03 5.688529e-02 5.676379e-02 5.688253e-02 5.688414e-02 5.688506e-02 5.688506e-02
3.311311e-03 5.754399e-02 5.741825e-02 5.754114e-02 5.754280e-02 5.754376e-02 5.754376e-02
3.388442e-03 5.821032e-02 5.808018e-02 5.820736e-02 5.820909e-02 5.821008e-02 5.821008e-02
3.467369e-03 5.888437e-02 5.874967e-02 5.888130e-02 5.888309e-02 5.888411e-02 5.888411e-02
3.548134e-03 5.956621e-02 5.942682e-02 5.956304e-02 5.956489e-02 5.956595e-02 5.956595e-02
3.630781e-03 6.025596e-02 6.011169e-02 6.025268e-02 6.025459e-02 6.025569e-02 6.025569e-02
3.715352e-03 6.095369e-02 6.080438e-02 6.095029e-02 6.095227e-02 6.095341e-02 6.095341e-02
3.801894e-03 6.165950e-02 6.150497e-02 6.165598e-02 6.165804e-02 6.165921e-02 6.165921e-02
3.890451e-03 6.237348e-02 6.221356e-02 6.236984e-02 6.237197e-02 6.237318e-02 6.237318e-02
3.981072e-03 6.309573e-02 6.293022e-02 6.309197e-02 6.309416e-02 6.309542e-02 6.309542e-02
4.073803e-03 6.382635e-02 6.365506e-02 6.382245e-02 6.382472e-02 6.382602e-02 6.382602e-02
4.168694e-03 6.456542e-02 6.438815e-02 6.456139e-02 6.456374e-02 6.456509e-02 6.456509e-02
4.265795e-03 6.531306e-02 6.512959e-02 6.530888e-02 6.531131e-02 6.531271e-02 6.531271e-02
4.365158e-03 6.606934e-02 6.587948e-02 6.606502e-02 6.606754e-02 6.606898e-02 6.606898e-02
4.466836e-03 6.683439e-02 6.663790e-02 6.682991e-02 6.683253e-02 6.683402e-02 6.683402e-02
4.570882e-03 6.760830e-02 6.740495e-02 6.760366e-02 6.760637e-02 6.760791e-02 6.760791e-02
4.677351e-03 6.839116e-02 6.818072e-02 6.838637e-02 6.838917e-02 6.839076e-02 6.839076e-02
4.786301e-03 6.918310e-02 6.896531e-02 6.917813e-02 6.918103e-02 6.918268e-02 6.918268e-02
4.897788e-03 6.998420e-02 6.975882e-02 6.997906e-02 6.998206e-02 6.998377e-02 6.998377e-02
5.011872e-03 7.079458e-02 7.056134e-02 7.078926e-02 7.079236e-02 7.079413e-02 7.079413e-02
5.128614e-03 7.161434e-02 7.137297e-02 7.160883e-02 7.161205e-02 7.161388e-02 7.161388e-02
5.248075e-03 7.244360e-02 7.219381e-02 7.243789e-02 7.244122e-02 7.244312e-02 7.244312e-02
5.370318e-03 7.328245e-02 7.302396e-02 7.327655e-02 7.327999e-02 7.328196e-02 7.328196e-02
5.495409e-03 7.413102e-02 7.386352e-02 7.412492e-02 7.412848e-02 7.413051e-02 7.413051e-02
5.623413e-03 7.498942e-02 7.471260e-02 7.498310e-02 7.498679e-02 7.498889e-02 7.498889e-02
5.754399e-03 7.585776e-02 7.557129e-02 7.585121e-02 7.585503e-02 7.585721e-02 7.585721e-02
5.888437e-03 7.673615e-02 7.643971e-02 7.672937e-02 7.673333e-02 7.673558e-02 7.673558e-02
6.025596e-03 7.762471e-02 7.731795e-02 7.761770e-02 7.762179e-02 7.762413e-02 7.762413e-02
6.165950e-03 7.852356e-02 7.820612e-02 7.851630e-02 7.852054e-02 7.852296e-02 7.852296e-02
6.309573e-03 7.943282e-02 7.910433e-02 7.942531e-02 7.942969e-02 7.943220e-02 7.943220e-02
6.456542e-03 8.035261e-02 8.001269e-02 8.034483e-02 8.034937e-02 8.035196e-02 8.035196e-02
6.606934e-03 8.128305e-02 8.093131e-02 8.127500e-02 8.127970e-02 8.128238e-02 8.128238e-02
6.760830e-03 8.222426e-02 8.186029e-02 8.221593e-02 8.222079e-02 8.222357e-02 8.222357e-02
6.918310e-03 8.317638e-02 8.279974e-02 8.316775e-02 8.317278e-02 8.317566e-02 8.317566e-02
7.079458e-03 8.413951e-02 8.374978e-02 8.413058e-02 8.413579e-02 8.413877e-02 8.413877e-02
7.244360e-03 8.511380e-02 8.471053e-02 8.510456e-02 8.510995e-02 8.511303e-02 8.511303e-02
7.413102e-03 8.609938e-02 8.568209e-02 8.608980e-02 8.609539e-02 8.609858e-02 8.609858e-02
7.585776e-03 8.709636e-02 8.666458e-02 8.708645e-02 8.709223e-02 8.709553e-02 8.709553e-02
7.762471e-03 8.810489e-02 8.765811e-02 8.809463e-02 8.810061e-02 8.810403e-02 8.810403e-02
7.943282e-03 8.912509e-02 8.866280e-02 8.911448e-02 8.912067e-02 8.912421e-02 8.912421e-02
8.128305e-03 9.015711e-02 8.967878e-02 9.014613e-02 9.015253e-02 9.015620e-02 9.015620e-02
8.317638e-03 9.120108e-02 9.070615e-02 9.118971e-02 9.119634e-02 9.120014e-02 9.120014e-02
8.511380e-03 9.225714e-02 9.174504e-02 9.224537e-02 9.225224e-02 9.225616e-02 9.225616e-02
8.709636e-03 9.332543e-02 9.279557e-02 9.331324e-02 9.332035e-02 9.332441e-02 9.332441e-02
8.912509e-03 9.440609e-02 9.385785e-02 9.439347e-02 9.440083e-02 9.440504e-02 9.440504e-02
9.120108e-03 9.549926e-02 9.493202e-02 9.548620e-02 9.549382e-02 9.549817e-02 9.549817e-02
9.332543e-03 9.660509e-02 9.601820e-02 9.659157e-02 9.659945e-02 9.660396e-02 9.660396e-02
9.549926e-03 9.772372e-02 9.711650e-02 9.770973e-02 9.771789e-02 9.772256e-02 9.772256e-02
9.772372e-03 9.885531e-02 9.822707e-02 9.884083e-02 9.884927e-02 9.885410e-02 9.885410e-02
1.000000e-02 1.000000e-01 9.935001e-02 9.998501e-02 9.999375e-02 9.999875e-02 9.999875e-02
1.023293e-02 1.011579e-01 1.004855e-01 1.011424e-01 1.011515e-01 1.011567e-01 1.011567e-01
1.047129e-02 1.023293e-01 1.016336e-01 1.023132e-01 1.023226e-01 1.023280e-01 1.023280e-01
1.071519e-02 1.035142e-01 1.027944e-01 1.034976e-01 1.035073e-01 1.035128e-01 1.035128e-01
1.096478e-02 1.047129e-01 1.039682e-01 1.046956e-01 1.047057e-01 1.047114e-01 1.047114e-01
1.122018e-02 1.059254e-01 1.051550e-01 1.059076e-01 1.059179e-01 1.059239e-01 1.059239e-01
1.148154e-02 1.071519e-01 1.063549e-01 1.071335e-01 1.071442e-01 1.071504e-01 1.071504e-01
1.174898e-02 1.083927e-01 1.075682e-01 1.083736e-01 1.083847e-01 1.083911e-01 1.083911e-01
1.202264e-02 1.096478e-01 1.087948e-01 1.096281e-01 1.096396e-01 1.096462e-01 1.096462e-01
1.230269e-02 1.109175e-01 1.100351e-01 1.108970e-01 1.109090e-01 1.109158e-01 1.109158e-01
1.258925e-02 1.122018e-01 1.112890e-01 1.121807e-01 1.121930e-01 1.122001e-01 1.122001e-01
1.288250e-02 1.135011e-01 1.125568e-01 1.134792e-01 1.134919e-01 1.134993e-01 1.134993e-01
1.318257e-02 1.148154e-01 1.138385e-01 1.147927e-01 1.148059e-01 1.148135e-01 1.148135e-01
1.348963e-02 1.161449e-01 1.151344e-01 1.161214e-01 1.161351e-01 1.161429e-01 1.161429e-01
1.380384e-02 1.174898e-01 1.164445e-01 1.174654e-01 1.174796e-01 1.174877e-01 1.174877e-01
1.412538e-02 1.188502e-01 1.177690e-01 1.188251e-01 1.188397e-01 1.188481e-01 1.188481e-01
1.445440e-02 1.202264e-01 1.191080e-01 1.202004e-01 1.202156e-01 1.202243e-01 1.202243e-01
1.479108e-02 1.216186e-01 1.204617e-01 1.215916e-01 1.216074e-01 1.216164e-01 1.216164e-01
1.513561e-02 1.230269e-01 1.218302e-01 1.229990e-01 1.230152e-01 1.230245e-01 1.230245e-01
1.548817e-02 1.244515e-01 1.232137e-01 1.244226e-01 1.244394e-01 1.244491e-01 1.244491e-01
1.584893e-02 1.258925e-01 1.246123e-01 1.258626e-01 1.258801e-01 1.258900e-01 1.258900e-01
1.621810e-02 1.273503e-01 1.260262e-01 1.273194e-01 1.273374e-01 1.273477e-01 1.273477e-01
1.659587e-02 1.288250e-01 1.274554e-01 1.287929e-01 1.288116e-01 1.288223e-01 1.288223e-01
1.698244e-02 1.303167e-01 1.289002e-01 1.302835e-01 1.303029e-01 1.303139e-01 1.303139e-01
1.737801e-02 1.318257e-01 1.303607e-01 1.317913e-01 1.318114e-01 1.318228e-01 1.318228e-01
1.778279e-02 1.333521e-01 1.318370e-01 1.333166e-01 1.333373e-01 1.333492e-01 1.333492e-01
1.819701e-02 1.348963e-01 1.333293e-01 1.348595e-01 1.348810e-01 1.348932e-01 1.348932e-01
1.862087e-02 1.364583e-01 1.348378e-01 1.364202e-01 1.364424e-01 1.364551e-01 1.364551e-01
1.905461e-02 1.380384e-01 1.363625e-01 1.379990e-01 1.380220e-01 1.380351e-01 1.380351e-01
1.949845e-02 1.396368e-01 1.379037e-01 1.395960e-01 1.396198e-01 1.396334e-01 1.396334e-01
1.995262e-02 1.412538e-01 1.394615e-01 1.412115e-01 1.412361e-01 1.412502e-01 1.412502e-01
2.041738e-02 1.428894e-01 1.410360e-01 1.428457e-01 1.428712e-01 1.428857e-01 1.428857e-01
2.089296e-02 1.445440e-01 1.426274e-01 1.444987e-01 1.445251e-01 1.445402e-01 1.445402e-01
2.137962e-02 1.462177e-01 1.442359e-01 1.461709e-01 1.461982e-01 1.462138e-01 1.462138e-01
2.187762e-02 1.479108e-01 1.458615e-01 1.478624e-01 1.478906e-01 1.479068e-01 1.479068e-01
2.238721e-02 1.496236e-01 1.475046e-01 1.495734e-01 1.496026e-01 1.496194e-01 1.496194e-01
2.290868e-02 1.513561e-01 1.491651e-01 1.513042e-01 1.513345e-01 1.513518e-01 1.513518e-01
2.344229e-02 1.531087e-01 1.508433e-01 1.530550e-01 1.530863e-01 1.531043e-01 1.531043e-01
2.398833e-02 1.548817e-01 1.525393e-01 1.548260e-01 1.548585e-01 1.548770e-01 1.548770e-01
2.454709e-02 1.566751e-01 1.542534e-01 1.566175e-01 1.566511e-01 1.566703e-01 1.566703e-01
2.511886e-02 1.584893e-01 1.559855e-01 1.584297e-01 1.584645e-01 1.584843e-01 1.584843e-01
2.570396e-02 1.603245e-01 1.577359e-01 1.602628e-01 1.602988e-01 1.603194e-01 1.603194e-01
2.630268e-02 1.621810e-01 1.595048e-01 1.621171e-01 1.621544e-01 1.621757e-01 1.621757e-01
2.691535e-02 1.640590e-01 1.612923e-01 1.639928e-01 1.640314e-01 1.640535e-01 1.640535e-01
2.754229e-02 1.659587e-01 1.630986e-01 1.658902e-01 1.659301e-01 1.659530e-01 1.659530e-01
2.818383e-02 1.678804e-01 1.649238e-01 1.678095e-01 1.678508e-01 1.678745e-01 1.678745e-01
2.884032e-02 1.698244e-01 1.667680e-01 1.697510e-01 1.697938e-01 1.698182e-01 1.698182e-01
2.951209e-02 1.717908e-01 1.686316e-01 1.717149e-01 1.717592e-01 1.717845e-01 1.717845e-01
3.019952e-02 1.737801e-01 1.705145e-01 1.737015e-01 1.737473e-01 1.737735e-01 1.737735e-01
3.090295e-02 1.757924e-01 1.724169e-01 1.757110e-01 1.757584e-01 1.757856e-01 1.757856e-01
3.162278e-02 1.778279e-01 1.743391e-01 1.777437e-01 1.777928e-01 1.778209e-01 1.778209e-01
3.235937e-02 1.798871e-01 1.762811e-01 1.797999e-01 1.798507e-01 1.798798e-01 1.798798e-01
3.311311e-02 1.819701e-01 1.782432e-01 1.818799e-01 1.819325e-01 1.819626e-01 1.819626e-01
3.388442e-02 1.840772e-01 1.802255e-01 1.839838e-01 1.840382e-01 1.840694e-01 1.840694e-01
3.467369e-02 1.862087e-01 1.822281e-01 1.861120e-01 1.861684e-01 1.862006e-01 1.862006e-01
3.548134e-02 1.883649e-01 1.842512e-01 1.882648e-01 1.883232e-01 1.883566e-01 1.883566e-01
3.630781e-02 1.905461e-01 1.862950e-01 1.904425e-01 1.905029e-01 1.905374e-01 1.905374e-01
3.715352e-02 1.927525e-01 1.883596e-01 1.926453e-01 1.927078e-01 1.927435e-01 1.927435e-01
3.801894e-02 1.949845e-01 1.904452e-01 1.948735e-01 1.949382e-01 1.949752e-01 1.949752e-01
3.890451e-02 1.972423e-01 1.925519e-01 1.971274e-01 1.971944e-01 1.972327e-01 1.972327e-01
3.981072e-02 1.995262e-01 1.946799e-01 1.994073e-01 1.994766e-01 1.995163e-01 1.995163e-01
4.073803e-02 2.018366e-01 1.968294e-01 2.017136e-01 2.017853e-01 2.018264e-01 2.018264e-01
4.168694e-02 2.041738e-01 1.990004e-01 2.040464e-01 2.041206e-01 2.041632e-01 2.041632e-01
4.265795e-02 2.065380e-01 2.011932e-01 2.064062e-01 2.064830e-01 2.065270e-01 2.065270e-01
4.365158e-02 2.089296e-01 2.034079e-01 2.087931e-01 2.088727e-01 2.089182e-01 2.089182e-01
4.466836e-02 2.113489e-01 2.056447e-01 2.112076e-01 2.112900e-01 2.113371e-01 2.113371e-01
4.570882e-02 2.137962e-01 2.079037e-01 2.136500e-01 2.137352e-01 2.137840e-01 2.137840e-01
4.677351e-02 2.162719e-01 2.101851e-01 2.161205e-01 2.162087e-01 2.162592e-01 2.162592e-01
4.786301e-02 2.187762e-01 2.124890e-01 2.186195e-01 2.187108e-01 2.187631e-01 2.187631e-01
4.897788e-02 2.213095e-01 2.148156e-01 2.211473e-01 2.212418e-01 2.212959e-01 2.212959e-01
5.011872e-02 2.238721e-01 2.171650e-01 2.237043e-01 2.238021e-01 2.238581e-01 2.238581e-01
5.128614e-02 2.264644e-01 2.195374e-01 2.262907e-01 2.263919e-01 2.264499e-01 2.264499e-01
5.248075e-02 2.290868e-01 2.219329e-01 2.289069e-01 2.290117e-01 2.290717e-01 2.290717e-01
5.370318e-02 2.317395e-01 2.243516e-01 2.315533e-01 2.316618e-01 2.317239e-01 2.317239e-01
5.495409e-02 2.344229e-01 2.267938e-01 2.342302e-01 2.343425e-01 2.344068e-01 2.344068e-01
5.623413e-02 2.371374e-01 2.292596e-01 2.369379e-01 2.370541e-01 2.371207e-01 2.371207e-01
5.754399e-02 2.398833e-01 2.317490e-01 2.396769e-01 2.397971e-01 2.398660e-01 2.398660e-01
5.888437e-02 2.426610e-01 2.342623e-01 2.424473e-01 2.425718e-01 2.426432e-01 2.426432e-01
6.025596e-02 2.454709e-01 2.367996e-01 2.452497e-01 2.453786e-01 2.454524e-01 2.454524e-01
6.165950e-02 2.483133e-01 2.393610e-01 2.480844e-01 2.482177e-01 2.482942e-01 2.482942e-01
6.309573e-02 2.511886e-01 2.419467e-01 2.509517e-01 2.510897e-01 2.511688e-01 2.511688e-01
6.456542e-02 2.540973e-01 2.445568e-01 2.538520e-01 2.539949e-01 2.540768e-01 2.540768e-01
6.606934e-02 2.570396e-01 2.471914e-01 2.567857e-01 2.569336e-01 2.570184e-01 2.570184e-01
6.760830e-02 2.600160e-01 2.498507e-01 2.597532e-01 2.599062e-01 2.599940e-01 2.599940e-01
6.918310e-02 2.630268e-01 2.525348e-01 2.627548e-01 2.629132e-01 2.630041e-01 2.630041e-01
7.079458e-02 2.660725e-01 2.552439e-01 2.657910e-01 2.659550e-01 2.660490e-01 2.660490e-01
7.244360e-02 2.691535e-01 2.579781e-01 2.688621e-01 2.690318e-01 2.691291e-01 2.691291e-01
7.413102e-02 2.722701e-01 2.607374e-01 2.719685e-01 2.721442e-01 2.722449e-01 2.722449e-01
7.585776e-02 2.754229e-01 2.635221e-01 2.751107e-01 2.752925e-01 2.753968e-01 2.753968e-01
7.762471e-02 2.786121e-01 2.663322e-01 2.782890e-01 2.784772e-01 2.785851e-01 2.785851e-01
7.943282e-02 2.818383e-01 2.691679e-01 2.815039e-01 2.816986e-01 2.818103e-01 2.818103e-01
8.128305e-02 2.851018e-01 2.720294e-01 2.847557e-01 2.849572e-01 2.850729e-01 2.850729e-01
8.317638e-02 2.884032e-01 2.749166e-01 2.880449e-01 2.882535e-01 2.883732e-01 2.883732e-01
8.511380e-02 2.917427e-01 2.778298e-01 2.913719e-01 2.915878e-01 2.917117e-01 2.917117e-01
8.709636e-02 2.951209e-01 2.807690e-01 2.947371e-01 2.949606e-01 2.950888e-01 2.950888e-01
8.912509e-02 2.985383e-01 2.837345e-01 2.981410e-01 2.983723e-01 2.985050e-01 2.985050e-01
9.120108e-02 3.019952e-01 2.867262e-01 3.015840e-01 3.018234e-01 3.019608e-01 3.019608e-01
9.332543e-02 3.054921e-01 2.897443e-01 3.050665e-01 3.053143e-01 3.054565e-01 3.054565e-01
9.549926e-02 3.090295e-01 2.927889e-01 3.085891e-01 3.088455e-01 3.089927e-01 3.089927e-01
9.772372e-02 3.126079e-01 2.958601e-01 3.121520e-01 3.124174e-01 3.125698e-01 3.125698e-01
1.000000e-01 3.162278e-01 2.989580e-01 3.157559e-01 3.160306e-01 3.161883e-01 3.161883e-01
1.023293e-01 3.198895e-01 3.020828e-01 3.194011e-01 3.196854e-01 3.198486e-01 3.198486e-01
1.047129e-01 3.235937e-01 3.052345e-01 3.230882e-01 3.233824e-01 3.235513e-01 3.235513e-01
1.071519e-01 3.273407e-01 3.084132e-01 3.268175e-01 3.271220e-01 3.272969e-01 3.272969e-01
1.096478e-01 3.311311e-01 3.116190e-01 3.305896e-01 3.309047e-01 3.310858e-01 3.310858e-01
1.122018e-01 3.349654e-01 3.148520e-01 3.344050e-01 3.347311e-01 3.349185e-01 3.349185e-01
1.148154e-01 3.388442e-01 3.181123e-01 3.382641e-01 3.386016e-01 3.387955e-01 3.387955e-01
1.174898e-01 3.427678e-01 3.214001e-01 3.421674e-01 3.425167e-01 3.427175e-01 3.427175e-01
1.202264e-01 3.467369e-01 3.247153e-01 3.461155e-01 3.464770e-01 3.466848e-01 3.466848e-01
1.230269e-01 3.507519e-01 3.280581e-01 3.501087e-01 3.504829e-01 3.506980e-01 3.506980e-01
1.258925e-01 3.548134e-01 3.314286e-01 3.541478e-01 3.545350e-01 3.547576e-01 3.547576e-01
1.288250e-01 3.589219e-01 3.348268e-01 3.582330e-01 3.586338e-01 3.588642e-01 3.588642e-01
1.318257e-01 3.630781e-01 3.382528e-01 3.623650e-01 3.627798e-01 3.630183e-01 3.630183e-01
1.348963e-01 3.672823e-01 3.417067e-01 3.665443e-01 3.669736e-01 3.672204e-01 3.672204e-01
1.380384e-01 3.715352e-01 3.451886e-01 3.707715e-01 3.712157e-01 3.714712e-01 3.714712e-01
1.412538e-01 3.758374e-01 3.486985e-01 3.750469e-01 3.755066e-01 3.757711e-01 3.757711e-01
1.445440e-01 3.801894e-01 3.522366e-01 3.793713e-01 3.798470e-01 3.801207e-01 3.801207e-01
1.479108e-01 3.845918e-01 3.558028e-01 3.837451e-01 3.842374e-01 3.845207e-01 3.845207e-01
1.513561e-01 3.890451e-01 3.593973e-01 3.881688e-01 3.886783e-01 3.889716e-01 3.889716e-01
1.548817e-01 3.935501e-01 3.630202e-01 3.926431e-01 3.931704e-01 3.934739e-01 3.934739e-01
1.584893e-01 3.981072e-01 3.666714e-01 3.971685e-01 3.977142e-01 3.980284e-01 3.980284e-01
1.621810e-01 4.027170e-01 3.703511e-01 4.017456e-01 4.023103e-01 4.026355e-01 4.026355e-01
1.659587e-01 4.073803e-01 3.740593e-01 4.063749e-01 4.069593e-01 4.072958e-01 4.072958e-01
1.698244e-01 4.120975e-01 3.777961e-01 4.110570e-01 4.116617e-01 4.120101e-01 4.120101e-01
1.737801e-01 4.168694e-01 3.815614e-01 4.157925e-01 4.164183e-01 4.167789e-01 4.167789e-01
1.778279e-01 4.216965e-01 3.853555e-01 4.205820e-01 4.212296e-01 4.216028e-01 4.216028e-01
1.819701e-01 4.265795e-01 3.891784e-01 4.254261e-01 4.260963e-01 4.264826e-01 4.264826e-01
1.862087e-01 4.315191e-01 3.930300e-01 4.303254e-01 4.310189e-01 4.314187e-01 4.314187e-01
1.905461e-01 4.365158e-01 3.969104e-01 4.352805e-01 4.359981e-01 4.364119e-01 4.364119e-01
1.949845e-01 4.415704e-01 4.008198e-01 4.402920e-01 4.410346e-01 4.414629e-01 4.414629e-01
1.995262e-01 4.466836e-01 4.047580e-01 4.453605e-01 4.461290e-01 4.465723e-01 4.465723e-01
2.041738e-01 4.518559e-01 4.087253e-01 4.504867e-01 4.512819e-01 4.517407e-01 4.517407e-01
2.089296e-01 4.570882e-01 4.127216e-01 4.556712e-01 4.564940e-01 4.569689e-01 4.569689e-01
2.137962e-01 4.623810e-01 4.167469e-01 4.609146e-01 4.617660e-01 4.622576e-01 4.622576e-01
2.187762e-01 4.677351e-01 4.208014e-01 4.662176e-01 4.670986e-01 4.676074e-01 4.676074e-01
2.238721e-01 4.731513e-01 4.248850e-01 4.715808e-01 4.724924e-01 4.730190e-01 4.730190e-01
2.290868e-01 4.786301e-01 4.289978e-01 4.770048e-01 4.779482e-01 4.784932e-01 4.784932e-01
2.344229e-01 4.841724e-01 4.331398e-01 4.824905e-01 4.834666e-01 4.840306e-01 4.840306e-01
2.398833e-01 4.897788e-01 4.373111e-01 4.880383e-01 4.890483e-01 4.896321e-01 4.896321e-01
2.454709e-01 4.954502e-01 4.415117e-01 4.936490e-01 4.946941e-01 4.952983e-01 4.952983e-01
2.511886e-01 5.011872e-01 4.457416e-01 4.993233e-01 5.004047e-01 5.010300e-01 5.010300e-01
2.570396e-01 5.069907e-01 4.500009e-01 5.050619e-01 5.061808e-01 5.068280e-01 5.068280e-01
2.630268e-01 5.128614e-01 4.542896e-01 5.108654e-01 5.120231e-01 5.126930e-01 5.126930e-01
2.691535e-01 5.188000e-01 4.586077e-01 5.167345e-01 5.179324e-01 5.186257e-01 5.186257e-01
2.754229e-01 5.248075e-01 4.629553e-01 5.226701e-01 5.239095e-01 5.246270e-01 5.246270e-01
2.818383e-01 5.308844e-01 4.673323e-01 5.286727e-01 5.299550e-01 5.306976e-01 5.306976e-01
2.884032e-01 5.370318e-01 4.717389e-01 5.347430e-01 5.360698e-01 5.368384e-01 5.368384e-01
2.951209e-01 5.432503e-01 4.761750e-01 5.408820e-01 5.422547e-01 5.430502e-01 5.430502e-01
3.019952e-01 5.495409e-01 4.806407e-01 5.470901e-01 5.485104e-01 5.493337e-01 5.493337e-01
3.090295e-01 5.559043e-01 4.851360e-01 5.533683e-01 5.548378e-01 5.556898e-01 5.556898e-01
3.162278e-01 5.623413e-01 4.896610e-01 5.597172e-01 5.612375e-01 5.621193e-01 5.621193e-01
3.235937e-01 5.688529e-01 4.942156e-01 5.661376e-01 5.677105e-01 5.686232e-01 5.686232e-01
3.311311e-01 5.754399e-01 4.987999e-01 5.726303e-01 5.742576e-01 5.752021e-01 5.752021e-01
3.388442e-01 5.821032e-01 5.034139e-01 5.791960e-01 5.808795e-01 5.818570e-01 5.818570e-01
3.467369e-01 5.888437e-01 5.080577e-01 5.858355e-01 5.875772e-01 5.885888e-01 5.885888e-01
3.548134e-01 5.956621e-01 5.127312e-01 5.925495e-01 5.943514e-01 5.953984e-01 5.953984e-01
3.630781e-01 6.025596e-01 5.174345e-01 5.993389e-01 6.012030e-01 6.022865e-01 6.022865e-01
3.715352e-01 6.095369e-01 5.221677e-01 6.062045e-01 6.081329e-01 6.092543e-01 6.092543e-01
3.801894e-01 6.165950e-01 5.269307e-01 6.131470e-01 6.151419e-01 6.163025e-01 6.163025e-01
3.890451e-01 6.237348e-01 5.317236e-01 6.201673e-01 6.222310e-01 6.234320e-01 6.234320e-01
3.981072e-01 6.309573e-01 5.365464e-01 6.272661e-01 6.294009e-01 6.306439e-01 6.306439e-01
4.073803e-01 6.382635e-01 5.413991e-01 6.344443e-01 6.366527e-01 6.379390e-01 6.379390e-01
4.168694e-01 6.456542e-01 5.462818e-01 6.417028e-01 6.439872e-01 6.453184e-01 6.453184e-01
4.265795e-01 6.531306e-01 5.511946e-01 6.490422e-01 6.514053e-01 6.527829e-01 6.527829e-01
4.365158e-01 6.606934e-01 5.561373e-01 6.564636e-01 6.589079e-01 6.603336e-01 6.603336e-01
4.466836e-01 6.683439e-01 5.611101e-01 6.639677e-01 6.664960e-01 6.679715e-01 6.679715e-01
4.570882e-01 6.760830e-01 5.661130e-01 6.715553e-01 6.741706e-01 6.756975e-01 6.756975e-01
4.677351e-01 6.839116e-01 5.711460e-01 6.792274e-01 6.819325e-01 6.835126e-01 6.835126e-01
4.786301e-01 6.918310e-01 5.762092e-01 6.869847e-01 6.897828e-01 6.914179e-01 6.914179e-01
4.897788e-01 6.998420e-01 5.813026e-01 6.948283e-01 6.977223e-01 6.994145e-01 6.994145e-01
5.011872e-01 7.079458e-01 5.864262e-01 7.027589e-01 7.057522e-01 7.075032e-01 7.075032e-01
5.128614e-01 7.161434e-01 5.915801e-01 7.107773e-01 7.138733e-01 7.156853e-01 7.156853e-01
5.248075e-01 7.244360e-01 5.967643e-01 7.188847e-01 7.220866e-01 7.239618e-01 7.239618e-01
5.370318e-01 7.328245e-01 6.019789e-01 7.270817e-01 7.303933e-01 7.323337e-01 7.323337e-01
5.495409e-01 7.413102e-01 6.072238e-01 7.353693e-01 7.387942e-01 7.408022e-01 7.408022e-01
5.623413e-01 7.498942e-01 6.124992e-01 7.437484e-01 7.472905e-01 7.493684e-01 7.493684e-01
5.754399e-01 7.585776e-01 6.178050e-01 7.522200e-01 7.558831e-01 7.580333e-01 7.580333e-01
5.888437e-01 7.673615e-01 6.231413e-01 7.607849e-01 7.645731e-01 7.667981e-01 7.667981e-01
6.025596e-01 7.762471e-01 6.285082e-01 7.694440e-01 7.733616e-01 7.756640e-01 7.756640e-01
6.165950e-01 7.852356e-01 6.339057e-01 7.781984e-01 7.822496e-01 7.846320e-01 7.846320e-01
6.309573e-01 7.943282e-01 6.393339e-01 7.870489e-01 7.912383e-01 7.937035e-01 7.937035e-01
6.456542e-01 8.035261e-01 6.447928e-01 7.959965e-01 8.003286e-01 8.028794e-01 8.028794e-01
6.606934e-01 8.128305e-01 6.502824e-01 8.050421e-01 8.095217e-01 8.121612e-01 8.121612e-01
6.760830e-01 8.222426e-01 6.558029e-01 8.141866e-01 8.188186e-01 8.215498e-01 8.215498e-01
6.918310e-01 8.317638e-01 6.613542e-01 8.234312e-01 8.282206e-01 8.310466e-01 8.310466e-01
7.079458e-01 8.413951e-01 6.669364e-01 8.327766e-01 8.377287e-01 8.406529e-01 8.406529e-01
7.244360e-01 8.511380e-01 6.725497e-01 8.422239e-01 8.473441e-01 8.503697e-01 8.503697e-01
7.413102e-01 8.609938e-01 6.781940e-01 8.517740e-01 8.570679e-01 8.601985e-01 8.601985e-01
7.585776e-01 8.709636e-01 6.838693e-01 8.614279e-01 8.669013e-01 8.701405e-01 8.701405e-01
7.762471e-01 8.810489e-01 6.895759e-01 8.711867e-01 8.768454e-01 8.801969e-01 8.801969e-01
7.943282e-01 8.912509e-01 6.953137e-01 8.810512e-01 8.869014e-01 8.903691e-01 8.903691e-01
8.128305e-01 9.015711e-01 7.010828e-01 8.910226e-01 8.970705e-01 9.006583e-01 9.006583e-01
8.317638e-01 9.120108e-01 7.068833e-01 9.011017e-01 9.073539e-01 9.110661e-01 9.110661e-01
8.511380e-01 9.225714e-01 7.127152e-01 9.112896e-01 9.177529e-01 9.215935e-01 9.215935e-01
8.709636e-01 9.332543e-01 7.185787e-01 9.215873e-01 9.282685e-01 9.322421e-01 9.322421e-01
8.912509e-01 9.440609e-01 7.244737e-01 9.319958e-01 9.389021e-01 9.430132e-01 9.430132e-01
9.120108e-01 9.549926e-01 7.304004e-01 9.425161e-01 9.496548e-01 9.539082e-01 9.539082e-01
9.332543e-01 9.660509e-01 7.363589e-01 9.531492e-01 9.605280e-01 9.649285e-01 9.649285e-01
9.549926e-01 9.772372e-01 7.423493e-01 9.638963e-01 9.715229e-01 9.760755e-01 9.760755e-01
9.772372e-01 9.885531e-01 7.483715e-01 9.747582e-01 9.826407e-01 9.873507e-01 9.873507e-01
1.000000e+00 1.000000e+00 7.544258e-01 9.857360e-01 9.938828e-01 9.987554e-01 9.987554e-01
1.023293e+00 1.011579e+00 7.605122e-01 9.968307e-01 1.005250e+00 1.010291e+00 1.010291e+00
1.047129e+00 1.023293e+00 7.666307e-01 1.008043e+00 1.016745e+00 1.021960e+00 1.021960e+00
1.071519e+00 1.035142e+00 7.727816e-01 1.019375e+00 1.028367e+00 1.033762e+00 1.033762e+00
1.096478e+00 1.047129e+00 7.789648e-01 1.030827e+00 1.040119e+00 1.045700e+00 1.045700e+00
1.122018e+00 1.059254e+00 7.851805e-01 1.042400e+00 1.052002e+00 1.057775e+00 1.057775e+00
1.148154e+00 1.071519e+00 7.914288e-01 1.054095e+00 1.064017e+00 1.069989e+00 1.069989e+00
1.174898e+00 1.083927e+00 7.977098e-01 1.065913e+00 1.076165e+00 1.082343e+00 1.082343e+00
1.202264e+00 1.096478e+00 8.040236e-01 1.077856e+00 1.088448e+00 1.094839e+00 1.094839e+00
1.230269e+00 1.109175e+00 8.103702e-01 1.089923e+00 1.100868e+00 1.107478e+00 1.107478e+00
1.258925e+00 1.122018e+00 8.167499e-01 1.102118e+00 1.113425e+00 1.120262e+00 1.120262e+00
1.288250e+00 1.135011e+00 8.231627e-01 1.114439e+00 1.126120e+00 1.133193e+00 1.133193e+00
1.318257e+00 1.148154e+00 8.296087e-01 1.126889e+00 1.138957e+00 1.146272e+00 1.146272e+00
1.348963e+00 1.161449e+00 8.360880e-01 1.139469e+00 1.151934e+00 1.159502e+00 1.159502e+00
1.380384e+00 1.174898e+00 8.426009e-01 1.152179e+00 1.165055e+00 1.172882e+00 1.172882e+00
1.412538e+00 1.188502e+00 8.491473e-01 1.165020e+00 1.178321e+00 1.186417e+00 1.186417e+00
1.445440e+00 1.202264e+00 8.557274e-01 1.177994e+00 1.191733e+00 1.200106e+00 1.200106e+00
1.479108e+00 1.216186e+00 8.623413e-01 1.191102e+00 1.205292e+00 1.213952e+00 1.213952e+00
1.513561e+00 1.230269e+00 8.689892e-01 1.204345e+00 1.219000e+00 1.227956e+00 1.227956e+00
1.548817e+00 1.244515e+00 8.756712e-01 1.217724e+00 1.232858e+00 1.242121e+00 1.242121e+00
1.584893e+00 1.258925e+00 8.823874e-01 1.231239e+00 1.246868e+00 1.256448e+00 1.256448e+00
1.621810e+00 1.273503e+00 8.891380e-01 1.244893e+00 1.261032e+00 1.270940e+00 1.270940e+00
1.659587e+00 1.288250e+00 8.959231e-01 1.258685e+00 1.275350e+00 1.285596e+00 1.285596e+00
1.698244e+00 1.303167e+00 9.027428e-01 1.272617e+00 1.289824e+00 1.300421e+00 1.300421e+00
1.737801e+00 1.318257e+00 9.095973e-01 1.286691e+00 1.304457e+00 1.315415e+00 1.315415e+00
1.778279e+00 1.333521e+00 9.164867e-01 1.300906e+00 1.319248e+00 1.330580e+00 1.330580e+00
1.819701e+00 1.348963e+00 9.234112e-01 1.315265e+00 1.334201e+00 1.345919e+00 1.345919e+00
1.862087e+00 1.364583e+00 9.303709e-01 1.329768e+00 1.349316e+00 1.361433e+00 1.361433e+00
1.905461e+00 1.380384e+00 9.373659e-01 1.344416e+00 1.364594e+00 1.377124e+00 1.377124e+00
1.949845e+00 1.396368e+00 9.443965e-01 1.359210e+00 1.380038e+00 1.392994e+00 1.392994e+00
1.995262e+00 1.412538e+00 9.514628e-01 1.374152e+00 1.395649e+00 1.409045e+00 1.409045e+00
2.041738e+00 1.428894e+00 9.585649e-01 1.389241e+00 1.411429e+00 1.425279e+00 1.425279e+00
2.089296e+00 1.445440e+00 9.657030e-01 1.404481e+00 1.427378e+00 1.441699e+00 1.441699e+00
2.137962e+00 1.462177e+00 9.728772e-01 1.419870e+00 1.443499e+00 1.458306e+00 1.458306e+00
2.187762e+00 1.479108e+00 9.800878e-01 1.435411e+00 1.459794e+00 1.475102e+00 1.475102e+00
2.238721e+00 1.496236e+00 9.873349e-01 1.451104e+00 1.476263e+00 1.492089e+00 1.492089e+00
2.290868e+00 1.513561e+00 9.946186e-01 1.466950e+00 1.492908e+00 1.509270e+00 1.509270e+00
2.344229e+00 1.531087e+00 1.001939e+00 1.482950e+00 1.509732e+00 1.526646e+00 1.526646e+00
2.398833e+00 1.548817e+00 1.009297e+00 1.499106e+00 1.526734e+00 1.544220e+00 1.544220e+00
2.454709e+00 1.566751e+00 1.016692e+00 1.515418e+00 1.543919e+00 1.561995e+00 1.561995e+00
2.511886e+00 1.584893e+00 1.024124e+00 1.531888e+00 1.561285e+00 1.579971e+00 1.579971e+00
2.570396e+00 1.603245e+00 1.031593e+00 1.548515e+00 1.578837e+00 1.598151e+00 1.598151e+00
2.630268e+00 1.621810e+00 1.039101e+00 1.565301e+00 1.596574e+00 1.616538e+00 1.616538e+00
2.691535e+00 1.640590e+00 1.046646e+00 1.582248e+00 1.614498e+00 1.635134e+00 1.635134e+00
2.754229e+00 1.659587e+00 1.054230e+00 1.599355e+00 1.632612e+00 1.653941e+00 1.653941e+00
2.818383e+00 1.678804e+00 1.061851e+00 1.616625e+00 1.650917e+00 1.672961e+00 1.672961e+00
2.884032e+00 1.698244e+00 1.069511e+00 1.634057e+00 1.669414e+00 1.692197e+00 1.692197e+00
2.951209e+00 1.717908e+00 1.077210e+00 1.651653e+00 1.688105e+00 1.711651e+00 1.711651e+00
3.019952e+00 1.737801e+00 1.084948e+00 1.669413e+00 1.706992e+00 1.731326e+00 1.731326e+00
3.090295e+00 1.757924e+00 1.092725e+00 1.687339e+00 1.726076e+00 1.751223e+00 1.751223e+00
3.162278e+00 1.778279e+00 1.100541e+00 1.705432e+00 1.745360e+00 1.771346e+00 1.771346e+00
3.235937e+00 1.798871e+00 1.108397e+00 1.723691e+00 1.764843e+00 1.791696e+00 1.791696e+00
3.311311e+00 1.819701e+00 1.116292e+00 1.742119e+00 1.784529e+00 1.812276e+00 1.812276e+00
3.388442e+00 1.840772e+00 1.124227e+00 1.760716e+00 1.804419e+00 1.833089e+00 1.833089e+00
3.467369e+00 1.862087e+00 1.132202e+00 1.779482e+00 1.824514e+00 1.854136e+00 1.854136e+00
3.548134e+00 1.883649e+00 1.140218e+00 1.798419e+00 1.844817e+00 1.875422e+00 1.875422e+00
3.630781e+00 1.905461e+00 1.148274e+00 1.817527e+00 1.865328e+00 1.896947e+00 1.896947e+00
3.715352e+00 1.927525e+00 1.156371e+00 1.836808e+00 1.886050e+00 1.918716e+00 1.918716e+00
3.801894e+00 1.949845e+00 1.164509e+00 1.856262e+00 1.906983e+00 1.940729e+00 1.940729e+00
3.890451e+00 1.972423e+00 1.172688e+00 1.875889e+00 1.928130e+00 1.962990e+00 1.962990e+00
3.981072e+00 1.995262e+00 1.180909e+00 1.895691e+00 1.949493e+00 1.985502e+00 1.985502e+00
4.073803e+00 2.018366e+00 1.189171e+00 1.915668e+00 1.971072e+00 2.008267e+00 2.008267e+00
4.168694e+00 2.041738e+00 1.197475e+00 1.935821e+00 1.992870e+00 2.031288e+00 2.031288e+00
4.265795e+00 2.065380e+00 1.205821e+00 1.956151e+00 2.014888e+00 2.054568e+00 2.054568e+00
4.365158e+00 2.089296e+00 1.214209e+00 1.976658e+00 2.037128e+00 2.078108e+00 2.078108e+00
4.466836e+00 2.113489e+00 1.222641e+00 1.997344e+00 2.059591e+00 2.101913e+00 2.101913e+00
4.570882e+00 2.137962e+00 1.231114e+00 2.018208e+00 2.082278e+00 2.125985e+00 2.125985e+00
4.677351e+00 2.162719e+00 1.239631e+00 2.039251e+00 2.105193e+00 2.150326e+00 2.150326e+00
4.786301e+00 2.187762e+00 1.248191e+00 2.060475e+00 2.128335e+00 2.174939e+00 2.174939e+00
4.897788e+00 2.213095e+00 1.256795e+00 2.081880e+00 2.151707e+00 2.199828e+00 2.199828e+00
5.011872e+00 2.238721e+00 1.265443e+00 2.103466e+00 2.175311e+00 2.224995e+00 2.224995e+00
5.128614e+00 2.264644e+00 1.274134e+00 2.125234e+00 2.199147e+00 2.250442e+00 2.250442e+00
5.248075e+00 2.290868e+00 1.282870e+00 2.147184e+00 2.223218e+00 2.276174e+00 2.276174e+00
5.370318e+00 2.317395e+00 1.291650e+00 2.169318e+00 2.247524e+00 2.302193e+00 2.302193e+00
5.495409e+00 2.344229e+00 1.300475e+00 2.191636e+00 2.272068e+00 2.328501e+00 2.328501e+00
5.623413e+00 2.371374e+00 1.309346e+00 2.214138e+00 2.296851e+00 2.355102e+00 2.355102e+00
5.754399e+00 2.398833e+00 1.318261e+00 2.236825e+00 2.321874e+00 2.381998e+00 2.381998e+00
5.888437e+00 2.426610e+00 1.327222e+00 2.259697e+00 2.347140e+00 2.409194e+00 2.409194e+00
6.025596e+00 2.454709e+00 1.336229e+00 2.282755e+00 2.372648e+00 2.436691e+00 2.436691e+00
6.165950e+00 2.483133e+00 1.345282e+00 2.305999e+00 2.398402e+00 2.464493e+00 2.464493e+00
6.309573e+00 2.511886e+00 1.354381e+00 2.329431e+00 2.424402e+00 2.492603e+00 2.492603e+00
6.456542e+00 2.540973e+00 1.363527e+00 2.353050e+00 2.450651e+00 2.521023e+00 2.521023e+00
6.606934e+00 2.570396e+00 1.372720e+00 2.376857e+00 2.477148e+00 2.549758e+00 2.549758e+00
6.760830e+00 2.600160e+00 1.381959e+00 2.400852e+00 2.503896e+00 2.578811e+00 2.578811e+00
6.918310e+00 2.630268e+00 1.391247e+00 2.425035e+00 2.530897e+00 2.608183e+00 2.608183e+00
7.079458e+00 2.660725e+00 1.400582e+00 2.449408e+00 2.558151e+00 2.637880e+00 2.637880e+00
7.244360e+00 2.691535e+00 1.409965e+00 2.473971e+00 2.585660e+00 2.667903e+00 2.667903e+00
7.413102e+00 2.722701e+00 1.419396e+00 2.498723e+00 2.613425e+00 2.698256e+00 2.698256e+00
7.585776e+00 2.754229e+00 1.428876e+00 2.523666e+00 2.641449e+00 2.728942e+00 2.728942e+00
7.762471e+00 2.786121e+00 1.438405e+00 2.548800e+00 2.669731e+00 2.759965e+00 2.759965e+00
7.943282e+00 2.818383e+00 1.447983e+00 2.574125e+00 2.698273e+00 2.791328e+00 2.791328e+00
8.128305e+00 2.851018e+00 1.457610e+00 2.599641e+00 2.727078e+00 2.823034e+00 2.823034e+00
8.317638e+00 2.884032e+00 1.467287e+00 2.625349e+00 2.756145e+00 2.855087e+00 2.855087e+00
8.511380e+00 2.917427e+00 1.477014e+00 2.651249e+00 2.785476e+00 2.887489e+00 2.887489e+00
8.709636e+00 2.951209e+00 1.486792e+00 2.677342e+00 2.815073e+00 2.920244e+00 2.920244e+00
8.912509e+00 2.985383e+00 1.496620e+00 2.703627e+00 2.844937e+00 2.953356e+00 2.953356e+00
9.120108e+00 3.019952e+00 1.506499e+00 2.730106e+00 2.875069e+00 2.986828e+00 2.986828e+00
9.332543e+00 3.054921e+00 1.516429e+00 2.756778e+00 2.905470e+00 3.020663e+00 3.020663e+00
9.549926e+00 3.090295e+00 1.526410e+00 2.783643e+00 2.936141e+00 3.054865e+00 3.054865e+00
9.772372e+00 3.126079e+00 1.536444e+00 2.810703e+00 2.967083e+00 3.089437e+00 3.089437e+00
1.000000e+01 3.162278e+00 1.546530e+00 2.837956e+00 2.998299e+00 3.124383e+00 3.124383e+00
