# G_5, p = 0.6000 GPa (dir_6000.0_bar).
# D8R-only: 60 rings x 101 frames = 6060 samples.
# Column: per-D8R Delta [A]
1.082103
0.985328
0.842069
0.733926
1.034032
1.082077
0.985303
0.842064
0.733903
1.034022
1.082122
0.985328
0.842050
0.733869
1.034013
1.082079
0.985311
0.842048
0.733881
1.034056
1.081824
0.985759
0.841848
0.733806
1.033950
1.081814
0.985784
0.841823
0.733800
1.033958
1.081861
0.985778
0.841810
0.733749
1.033988
1.081850
0.985780
0.841804
0.733760
1.033960
1.081867
0.985227
0.842118
0.733935
1.034045
1.081865
0.985234
0.842152
0.733969
1.034039
1.081848
0.985246
0.842080
0.733879
1.034083
1.081861
0.985238
0.842093
0.733880
1.034079
1.035472
0.783435
0.802238
0.751278
1.004991
1.163084
1.050983
0.908987
0.726730
1.026757
1.197233
0.986839
0.912783
0.607708
0.927890
1.099199
0.965614
0.814120
0.684814
1.062509
1.146695
0.858973
0.826836
0.786106
1.069315
0.961194
0.888099
0.741655
0.708105
1.039438
1.062787
1.046745
0.733648
0.761725
1.133545
1.064234
0.941719
0.702316
0.828901
1.092973
1.006479
1.158332
0.952630
0.735564
1.112115
0.971656
1.026636
0.774466
0.715338
1.072119
1.090087
1.011564
0.967039
0.828524
0.988707
1.118286
0.907037
0.810092
0.718586
1.044665
0.889670
0.709051
0.891892
0.729332
0.969020
1.205062
1.086824
0.903054
0.604408
0.993104
1.306835
0.911512
0.938205
0.728927
0.886338
1.040469
0.995550
0.768045
0.646811
1.031430
1.143280
0.756002
0.803687
0.826106
1.156526
0.964089
0.893209
0.726645
0.671938
0.994062
0.962128
1.177509
0.631040
0.795911
1.139750
1.017798
1.088993
0.648051
0.918442
0.959281
1.015075
1.238785
0.981319
0.764659
1.237087
0.979255
0.992206
0.625732
0.641472
1.027538
1.105022
1.082319
0.962954
0.971537
0.980232
1.098472
0.780877
0.810826
0.695268
1.031510
0.747921
0.703576
1.086877
0.619956
0.922982
1.115161
0.979090
0.862523
0.555501
0.834474
1.314821
0.967750
0.939633
1.005666
1.006737
0.984794
1.029718
0.830798
0.612300
1.046815
1.137414
0.729869
0.777876
0.852962
1.165421
1.036163
0.950974
0.765317
0.699909
0.911285
0.900624
1.228968
0.648136
0.866883
1.138897
0.920213
1.306999
0.721440
0.931310
0.812983
1.004370
1.200182
0.963687
0.824154
1.261575
1.066300
0.972699
0.542890
0.628767
0.960427
0.980387
1.151120
0.827799
1.053627
1.037004
1.014133
0.749655
0.806294
0.655543
0.983896
0.746166
0.696580
1.186387
0.454445
0.834676
1.001211
0.872343
0.814494
0.564106
0.743232
1.246281
1.168443
0.985402
1.156661
1.089462
0.947286
1.002623
0.920668
0.566214
1.128130
1.204541
0.743943
0.760403
0.862813
1.009587
1.135619
1.020011
0.650283
0.829740
0.850072
0.840737
1.258822
0.699393
0.964130
1.154746
0.810778
1.418934
0.771517
0.854264
0.852002
0.942563
1.111242
0.963595
0.836506
1.340674
1.051005
1.013905
0.642074
0.633222
0.982237
0.871030
1.109917
0.704389
1.078834
1.098992
0.938088
0.780174
0.819858
0.548374
0.950982
0.806248
0.731538
1.196371
0.404554
0.752625
0.980927
0.762572
0.785224
0.558993
0.677213
1.250882
1.277740
1.076974
1.090119
1.132813
0.922662
0.970450
0.987873
0.562490
1.204808
1.223852
0.800183
0.739302
0.867259
0.988079
1.129317
1.067714
0.548513
0.983379
0.877491
0.858060
1.341363
0.725225
1.025400
1.137712
0.746354
1.342276
0.785170
0.676344
0.888568
0.922309
1.056336
0.994632
0.766248
1.461332
1.082791
1.062291
0.790759
0.688168
0.999694
0.791037
1.002864
0.699619
1.062918
1.038103
0.973224
0.869937
0.800359
0.509905
0.963149
0.800755
0.782110
1.189817
0.500974
0.768429
1.017822
0.696397
0.715427
0.429849
0.623187
1.328445
1.087771
1.109251
0.932389
1.107669
0.866349
1.067490
1.051699
0.578545
1.130811
1.169413
0.865660
0.728856
0.833496
1.082221
1.053096
1.196361
0.693063
0.955108
0.916211
0.890329
1.310392
0.755460
0.984837
1.071764
0.871991
1.222413
0.819212
0.643666
0.782177
0.957186
1.044553
1.021922
0.687978
1.463417
1.087157
1.003255
0.730840
0.755127
0.982361
0.737453
0.940541
0.729039
0.975602
0.961058
1.044845
0.924155
0.734114
0.581136
1.033931
0.747739
0.844320
1.257490
0.639321
0.883268
1.034960
0.763012
0.719377
0.296702
0.659487
1.343943
0.849721
1.193784
0.871509
1.164040
0.880830
1.060724
1.097960
0.532968
0.958412
1.237006
0.845875
0.755052
0.840866
1.038419
1.014765
1.184866
0.961618
0.805268
0.972914
0.868946
1.174076
0.766860
0.989554
1.026614
0.993027
1.035455
0.875190
0.785835
0.684734
0.960221
1.054174
1.067491
0.643427
1.340811
0.959289
0.914693
0.689830
0.779756
0.888755
0.696648
0.907755
0.807548
0.964780
0.917958
1.067697
0.994511
0.727835
0.714208
1.076080
0.667839
0.784691
1.169701
0.628991
0.995564
1.029512
0.807145
0.781504
0.318663
0.757600
1.272201
0.654719
1.258666
0.898014
1.278410
0.841265
0.986322
1.178194
0.465559
0.998950
1.329178
0.724630
0.774567
0.927943
0.857992
1.030729
0.972547
1.000153
0.704459
1.042219
0.863455
1.002524
0.715045
1.027476
1.047260
0.929776
0.875065
0.890925
0.892234
0.684625
0.913560
1.029237
1.079984
0.584662
1.188428
0.802216
0.863955
0.690243
0.706701
0.923017
0.742998
0.890394
0.873818
1.025068
0.827481
1.009198
1.039791
0.722105
0.710602
1.010158
0.627324
0.764076
1.131703
0.615633
0.896688
1.163211
0.863036
0.790283
0.453743
0.809915
1.248570
0.566097
1.219952
0.930265
1.362711
0.837803
0.894464
1.175447
0.532907
1.158764
1.316064
0.705245
0.822476
0.978727
0.759541
1.090825
0.786272
0.785987
0.747106
1.149208
0.908935
0.974303
0.775862
1.002572
1.048631
0.840527
0.825580
0.814034
0.801896
0.730218
0.878318
1.020361
1.056049
0.554212
1.204045
0.727355
0.839637
0.759083
0.626945
1.107239
0.782686
0.983186
0.806967
1.082454
0.676909
0.974599
1.025178
0.775489
0.639622
0.894150
0.696919
0.813620
1.125534
0.638389
0.845531
1.181937
0.845788
0.755768
0.517185
0.696245
1.217987
0.576872
1.043461
0.876513
1.338507
0.844075
0.845288
1.096260
0.626191
1.198771
1.235346
0.796500
0.893237
0.939156
0.744904
1.107216
0.740860
0.645225
0.750543
1.060517
0.998182
0.939324
0.844659
0.878908
0.984806
0.805930
0.863227
0.721121
0.619734
0.789398
0.838966
0.957654
0.950057
0.535027
1.174109
0.806595
0.878565
0.722805
0.637380
1.220755
0.758180
0.953151
0.770041
0.952511
0.669162
0.964766
0.991145
0.734747
0.623793
0.879921
0.813782
0.943487
1.124457
0.666283
0.857824
0.991076
0.727979
0.769615
0.501571
0.544061
1.024966
0.713336
0.884276
0.808639
1.284353
0.784225
0.870853
0.957932
0.696840
1.115290
1.176929
0.884597
0.908415
0.848111
0.752659
1.013391
0.784671
0.601659
0.641352
0.949105
0.989630
0.900540
0.818041
0.728384
0.895400
0.828607
0.841054
0.713081
0.536471
0.899462
0.845686
0.847180
0.856536
0.582789
1.089197
0.878452
0.899792
0.783655
0.751997
1.215955
0.766902
0.883728
0.800103
0.744614
0.754702
0.960688
0.894984
0.760060
0.716404
0.893229
0.877390
0.957113
0.954299
0.638110
0.898655
0.852986
0.637988
0.839885
0.499482
0.493312
0.736621
0.730056
0.829507
0.803577
1.113980
0.561991
0.871674
0.775165
0.730731
0.981861
1.115681
0.848729
0.792336
0.763440
0.693662
0.910070
0.751981
0.532404
0.558892
0.977284
0.944436
0.817880
0.675900
0.616711
0.828041
0.757659
0.775811
0.748538
0.563350
0.809582
0.827526
0.802768
0.724667
0.585618
0.922634
0.828383
0.884736
0.849495
0.822835
1.114820
0.849479
0.738503
0.908992
0.654675
0.749754
0.939296
0.769702
0.794365
0.745830
0.900353
0.889044
0.868633
0.760017
0.661236
0.922326
0.895370
0.696872
0.943150
0.569109
0.609680
0.622907
0.673788
0.800803
0.871803
0.945490
0.479345
0.823292
0.622995
0.788448
0.891180
0.988375
0.754976
0.681460
0.706131
0.684841
0.874387
0.725996
0.489837
0.571372
1.144984
0.832362
0.683700
0.564919
0.562609
0.884233
0.722312
0.688316
0.671096
0.597242
0.648633
0.793107
0.830511
0.684979
0.610576
0.792798
0.733173
0.883521
0.830153
0.757723
1.060958
0.858257
0.658549
0.969952
0.618884
0.647507
0.916038
0.668153
0.795052
0.673636
0.881719
0.959502
0.748681
0.582051
0.723104
1.001549
0.917901
0.937189
0.943912
0.617987
0.744241
0.626221
0.631452
0.692446
0.822939
0.823709
0.549213
0.788126
0.456353
0.808291
0.779841
0.895582
0.679345
0.722866
0.663024
0.734871
0.875197
0.788709
0.566416
0.536064
1.087773
0.710161
0.521224
0.604471
0.470433
1.011605
0.819023
0.604952
0.559588
0.611486
0.601821
0.676815
0.888065
0.683616
0.656807
0.720242
0.678821
0.822646
0.763558
0.657781
1.007807
0.883123
0.677807
0.948552
0.445385
0.684277
0.928069
0.573201
0.803198
0.632125
0.935593
1.033704
0.736435
0.484690
0.756424
1.028585
0.860800
1.021689
0.892721
0.628476
0.755218
0.655807
0.636398
0.487515
0.597947
0.730229
0.701084
0.717373
0.409626
0.797891
0.705364
0.847061
0.728878
0.747162
0.607046
0.773381
0.848894
0.771699
0.548237
0.486708
0.929163
0.657992
0.482228
0.634610
0.406566
1.049599
0.955236
0.493834
0.525343
0.650437
0.774049
0.650191
0.876920
0.560924
0.781166
0.671808
0.677412
0.782308
0.814846
0.569604
0.905306
0.876333
0.763535
0.886931
0.321481
0.735577
1.012191
0.578204
0.814693
0.691485
0.950840
1.104597
0.728059
0.494908
0.738824
0.929757
0.792956
0.958658
0.789156
0.632864
0.687381
0.585447
0.653526
0.319720
0.399376
0.541055
0.776781
0.682132
0.327285
0.744742
0.664557
0.770013
0.811866
0.628799
0.487136
0.813199
0.815433
0.647900
0.434538
0.512104
0.849775
0.699318
0.649566
0.650371
0.434088
0.832778
0.999533
0.439956
0.503401
0.607332
0.849516
0.759419
0.854051
0.309329
0.791404
0.643364
0.774055
0.765888
0.856144
0.471402
0.859680
0.925097
0.742080
0.857708
0.280097
0.738434
0.978279
0.609001
0.748510
0.632717
0.867146
1.073145
0.701438
0.486494
0.682471
0.704461
0.814282
0.824517
0.729275
0.698587
0.688146
0.455805
0.707626
0.222902
0.263010
0.389779
0.776188
0.669485
0.221513
0.731185
0.668476
0.691046
0.805937
0.486596
0.363181
0.780439
0.727940
0.539275
0.394374
0.625642
0.857712
0.745935
0.752688
0.694483
0.362668
0.600138
0.972464
0.328093
0.582902
0.488971
0.818264
0.844124
0.807169
0.240447
0.685375
0.618793
0.953158
0.766957
0.758230
0.330964
0.835079
0.927948
0.555883
0.752747
0.295932
0.784285
0.882475
0.544453
0.604231
0.439630
0.779579
0.989503
0.755092
0.376203
0.578729
0.612354
0.735628
0.753660
0.630705
0.721772
0.776184
0.277813
0.722216
0.089086
0.159745
0.355429
0.763033
0.681015
0.196219
0.694283
0.642374
0.706864
0.756253
0.492161
0.327903
0.751052
0.714043
0.523692
0.531047
0.602548
0.773304
0.758202
0.681336
0.747771
0.337245
0.528769
0.929652
0.219314
0.682902
0.382770
0.775569
0.815010
0.702043
0.303549
0.593159
0.720470
1.073295
0.705282
0.604207
0.270130
0.676396
0.881590
0.408938
0.627210
0.260328
0.951624
0.743141
0.489252
0.469135
0.357344
0.727911
0.876149
0.793468
0.253283
0.465987
0.653057
0.673726
0.745083
0.466510
0.717969
0.833659
0.221922
0.640416
0.032875
0.044774
0.416656
0.704229
0.686744
0.308540
0.536160
0.579961
0.709032
0.676532
0.533666
0.289448
0.712719
0.752876
0.564523
0.634395
0.460772
0.694897
0.683997
0.572568
0.691660
0.317646
0.553181
0.916276
0.149875
0.744000
0.429899
0.784267
0.743850
0.610697
0.336337
0.526572
0.797515
1.039772
0.596134
0.597820
0.243276
0.534984
0.810168
0.433323
0.525529
0.155035
1.057922
0.671118
0.486012
0.399425
0.463618
0.714958
0.886817
0.724292
0.231126
0.443122
0.716063
0.768500
0.719517
0.348378
0.700395
0.830109
0.330899
0.455614
0.080989
0.089687
0.431149
0.590236
0.633653
0.309659
0.430995
0.478107
0.591084
0.595195
0.551074
0.278812
0.709510
0.800405
0.613602
0.658293
0.301908
0.593099
0.750428
0.537761
0.704668
0.303131
0.588100
0.849947
0.229278
0.603131
0.506384
0.688225
0.702841
0.648483
0.266327
0.417302
0.720963
0.980784
0.460930
0.684020
0.231930
0.445890
0.778740
0.568912
0.475692
0.148368
0.999113
0.664407
0.557158
0.295958
0.476695
0.683465
0.847323
0.489394
0.157662
0.459438
0.594071
0.764289
0.628698
0.327934
0.732039
0.871150
0.485619
0.372567
0.095759
0.074165
0.406435
0.573919
0.551663
0.269891
0.322096
0.443212
0.532414
0.487716
0.527258
0.304380
0.714491
0.784312
0.599541
0.692077
0.255243
0.478162
0.865818
0.496475
0.685647
0.264220
0.590442
0.778893
0.381698
0.554395
0.486531
0.611931
0.705072
0.704552
0.216119
0.299959
0.576401
0.852613
0.354514
0.720308
0.218318
0.356946
0.813939
0.634397
0.425387
0.283798
0.830515
0.740600
0.575838
0.187993
0.378252
0.639605
0.827933
0.419069
0.238913
0.380546
0.436689
0.574719
0.545479
0.270777
0.675936
0.876626
0.468540
0.414525
0.097437
0.086341
0.496175
0.779697
0.415917
0.218029
0.159682
0.396808
0.516119
0.482277
0.475496
0.293207
0.848276
0.697042
0.472961
0.667514
0.281628
0.357117
0.979642
0.419785
0.586612
0.265325
0.586427
0.671128
0.446950
0.631993
0.355620
0.630922
0.649452
0.494348
0.170135
0.210576
0.512577
0.801634
0.321973
0.666781
0.275967
0.246069
0.909919
0.546377
0.320661
0.393606
0.773871
0.821733
0.554629
0.132221
0.478786
0.687125
0.821127
0.477534
0.263219
0.249108
0.259986
0.405180
0.506679
0.160361
0.556777
0.766865
0.362130
0.395703
0.144079
0.143080
0.532855
1.008016
0.290328
0.196162
0.257218
0.402113
0.510840
0.554014
0.397540
0.224572
0.959452
0.615276
0.413471
0.468191
0.291115
0.376292
0.983726
0.429169
0.475582
0.254075
0.474526
0.595561
0.459684
0.640150
0.232792
0.659355
0.614709
0.226996
0.045483
0.173450
0.545394
0.736637
0.331538
0.557325
0.343115
0.273902
0.949363
0.535741
0.181742
0.347044
0.697058
0.784522
0.506105
0.095421
0.584501
0.701310
0.816051
0.532281
0.219976
0.182531
0.102419
0.443117
0.505281
0.073693
0.406964
0.722520
0.412122
0.458013
0.245003
0.208636
0.515791
1.101981
0.236240
0.156948
0.374589
0.421816
0.404141
0.619237
0.264701
0.192505
0.949196
0.598824
0.459592
0.244797
0.280645
0.303944
0.973265
0.516662
0.341432
0.225408
0.392556
0.522222
0.523941
0.439602
0.240164
0.581044
0.615102
0.177352
0.053933
0.176591
0.535619
0.769778
0.339530
0.463374
0.270730
0.361016
0.827449
0.521277
0.202725
0.288476
0.582757
0.630292
0.478485
0.136038
0.473155
0.591115
0.769205
0.399985
0.117700
0.154214
0.115811
0.496619
0.475465
0.119308
0.330130
0.789399
0.623277
0.502488
0.289128
0.263609
0.519780
1.046394
0.223483
0.136394
0.361028
0.393533
0.397373
0.509696
0.107701
0.247446
0.752332
0.619599
0.452424
0.169796
0.229438
0.281263
0.971450
0.506130
0.209682
0.176993
0.363979
0.469268
0.663280
0.264989
0.096089
0.484444
0.563340
0.268606
0.174102
0.122707
0.509761
0.754314
0.322149
0.356166
0.138986
0.391482
0.625283
0.529190
0.212701
0.265300
0.436328
0.452571
0.460534
0.135176
0.330571
0.379453
0.677539
0.194551
0.077200
0.141530
0.206947
0.447706
0.489740
0.154385
0.313754
0.808211
0.769435
0.419147
0.334039
0.249649
0.555106
0.964980
0.206188
0.162776
0.244081
0.265579
0.412853
0.335083
0.127797
0.233128
0.652603
0.663626
0.471926
0.224978
0.063514
0.241268
0.925736
0.441066
0.240460
0.121079
0.302653
0.420390
0.768061
0.203679
0.079252
0.437096
0.484410
0.235425
0.282484
0.035003
0.529773
0.759233
0.295764
0.233049
0.157861
0.308832
0.516624
0.511307
0.149811
0.222876
0.353723
0.413456
0.475975
0.092644
0.336571
0.256882
0.555420
0.145300
0.018506
0.316728
0.283034
0.390144
0.430198
0.133814
0.303232
0.599965
0.764449
0.264265
0.283392
0.399873
0.543769
0.867386
0.159398
0.277805
0.248946
0.130336
0.373009
0.269996
0.050990
0.195371
0.657038
0.672103
0.457968
0.338810
0.148410
0.250350
0.821018
0.378003
0.181493
0.205061
0.277959
0.480624
0.782844
0.178661
0.145397
0.469702
0.360003
0.125222
0.267225
0.079726
0.485388
0.751863
0.354502
0.124516
0.221798
0.276634
0.468301
0.486896
0.209420
0.116096
0.338505
0.445704
0.494939
0.025247
0.336449
0.235113
0.474282
0.135432
0.081901
0.286595
0.299658
0.377153
0.359609
0.094338
0.227967
0.443746
0.660515
0.056907
0.265716
0.427196
0.433615
0.767807
0.091979
0.411090
0.298774
0.171233
0.230964
0.320122
0.061780
0.174676
0.600636
0.642925
0.392663
0.300305
0.160477
0.303010
0.790426
0.298576
0.211872
0.347457
0.269458
0.516599
0.713421
0.070941
0.209064
0.587022
0.310025
0.107630
0.174831
0.008553
0.368817
0.764544
0.357699
0.097343
0.216460
0.288339
0.420789
0.478498
0.200704
0.157060
0.365423
0.379546
0.463138
0.146338
0.236363
0.173820
0.346429
0.186959
0.122633
0.263323
0.194652
0.302487
0.283998
0.082223
0.103396
0.439576
0.669302
0.105031
0.328673
0.311962
0.336723
0.666071
0.083079
0.447905
0.318003
0.298538
0.250718
0.384464
0.035493
0.123727
0.404526
0.564387
0.242657
0.255606
0.098474
0.265924
0.707552
0.148320
0.260162
0.326331
0.325801
0.495852
0.621854
0.044563
0.180112
0.677557
0.294743
0.203034
0.182190
0.144781
0.258878
0.703405
0.346696
0.057996
0.167711
0.303743
0.436567
0.421229
0.111500
0.200675
0.312788
0.247346
0.380557
0.210404
0.146053
0.131720
0.188007
0.196362
0.234201
0.333515
0.055928
0.117922
0.304088
0.021288
0.097046
0.540335
0.740711
0.098436
0.337518
0.180582
0.320390
0.610844
0.137487
0.446670
0.230401
0.321423
0.279228
0.342694
0.086393
0.189329
0.270356
0.504287
0.205837
0.248760
0.185977
0.088985
0.647573
0.086026
0.329597
0.268002
0.285870
0.437521
0.634126
0.039380
0.143796
0.626189
0.253817
0.211808
0.309213
0.240739
0.257435
0.626640
0.281594
0.025407
0.199414
0.360957
0.427437
0.339497
0.089109
0.259464
0.393990
0.156738
0.397020
0.177761
0.088153
0.120325
0.145059
0.149371
0.419748
0.272812
0.086540
0.096393
0.319974
0.024827
0.284036
0.519617
0.781826
0.153078
0.382388
0.174630
0.361068
0.565999
0.223346
0.408715
0.104133
0.281019
0.191165
0.285811
0.140507
0.282033
0.199324
0.477464
0.059066
0.303002
0.232016
0.062074
0.490052
0.215435
0.227059
0.262730
0.247070
0.386580
0.696218
0.094611
0.055219
0.466547
0.228895
0.200244
0.398353
0.255836
0.246276
0.599572
0.256970
0.081004
0.192746
0.350915
0.346209
0.331681
0.128374
0.313373
0.500214
0.196624
0.469023
0.085376
0.077250
0.097131
0.231863
0.077920
0.509198
0.176449
0.150303
0.150899
0.168655
0.131450
0.335974
0.408741
0.668004
0.142516
0.350432
0.219728
0.329535
0.462605
0.281851
0.363584
0.009720
0.234323
0.161766
0.257114
0.025357
0.151698
0.076805
0.456304
0.164072
0.280174
0.270087
0.096381
0.384875
0.376410
0.119965
0.328693
0.295995
0.287949
0.640756
0.243609
0.133938
0.352694
0.193683
0.252002
0.309470
0.287308
0.120890
0.577239
0.176169
0.160609
0.131104
0.185919
0.229234
0.322461
0.128892
0.483363
0.474487
0.302330
0.491099
0.079657
0.227666
0.059665
0.371847
0.021147
0.469850
0.203628
0.312832
0.293124
0.118411
0.218963
0.243658
0.343948
0.533067
0.097539
0.283710
0.246958
0.241978
0.349715
0.322724
0.311603
0.043066
0.202854
0.093993
0.278836
0.090267
0.154616
0.062797
0.375119
0.253915
0.198583
0.221973
0.214446
0.289219
0.373884
0.056363
0.270584
0.421399
0.202623
0.533732
0.289524
0.109667
0.377224
0.199981
0.241737
0.264850
0.262568
0.181677
0.377811
0.181185
0.237178
0.205110
0.147392
0.282873
0.291154
0.117545
0.543616
0.331507
0.285577
0.455283
0.159061
0.221240
0.077144
0.330925
0.103381
0.400756
0.238855
0.389370
0.220792
0.161427
0.172335
0.223809
0.288699
0.440767
0.112836
0.196165
0.253262
0.256048
0.279293
0.216544
0.289251
0.063393
0.158380
0.141917
0.262951
0.092139
0.182261
0.105290
0.283335
0.248079
0.128267
0.202651
0.355988
0.346142
0.210288
0.063728
0.159443
0.394547
0.159679
0.339613
0.214883
0.154866
0.359349
0.117456
0.133370
0.249892
0.129783
0.214935
0.164122
0.209888
0.346548
0.317865
0.132735
0.348294
0.207423
0.080647
0.400494
0.283348
0.156622
0.439954
0.167640
0.222209
0.145378
0.144080
0.197972
0.373606
0.257169
0.323514
0.024128
0.161335
0.116305
0.261994
0.178719
0.420469
0.203764
0.245652
0.217891
0.340936
0.237609
0.155754
0.283289
0.043758
0.113923
0.211300
0.284063
0.090667
0.189846
0.159455
0.218672
0.223997
0.085946
0.129603
0.309852
0.409676
0.090592
0.088303
0.135868
0.250429
0.240069
0.241005
0.211066
0.282479
0.267234
0.047391
0.061095
0.161725
0.224875
0.240833
0.070341
0.320330
0.292144
0.336390
0.202855
0.395572
0.206402
0.077875
0.248182
0.313937
0.030073
0.315272
0.121091
0.356551
0.126116
0.013572
0.185090
0.303940
0.174969
0.343753
0.235284
0.205648
0.136957
0.345538
0.090025
0.374730
0.319116
0.340203
0.126941
0.339631
0.245723
0.107182
0.252205
0.038995
0.119407
0.207996
0.259294
0.157466
0.226074
0.089399
0.138564
0.133509
0.111741
0.045848
0.237502
0.315723
0.112250
0.164021
0.196062
0.132228
0.315737
0.168383
0.271008
0.524448
0.207408
0.060826
0.148841
0.078082
0.319300
0.205186
0.176101
0.336866
0.103424
0.181606
0.214926
0.348286
0.279330
0.087739
0.173736
0.263264
0.100439
0.208018
0.215583
0.458113
0.073755
0.116120
0.144588
0.227455
0.136603
0.357050
0.260284
0.334084
0.169602
0.209551
0.110675
0.274752
0.403901
0.336560
0.059307
0.184413
0.271173
0.206289
0.224844
0.079234
0.073638
0.111622
0.206447
0.208464
0.366331
0.181050
0.177900
0.067822
0.206704
0.040112
0.330816
0.079527
0.178343
0.236656
0.113646
0.116504
0.219616
0.089336
0.257663
0.666810
0.201167
0.086777
0.172267
0.110059
0.298116
0.229272
0.214909
0.171423
0.205132
0.146216
0.249292
0.327203
0.234967
0.099287
0.126996
0.080611
0.206480
0.180283
0.249884
0.397749
0.035064
0.210033
0.113364
0.213986
0.166651
0.198435
0.240912
0.379626
0.075762
0.061434
0.085836
0.115762
0.450099
0.185107
0.019169
0.164551
0.234306
0.180956
0.161822
0.146822
0.212227
0.293589
0.142927
0.224277
0.477361
0.117078
0.198776
0.020761
0.295609
0.033292
0.462289
0.089146
0.271527
0.188212
0.120434
0.076374
0.327840
0.040233
0.208728
0.528580
0.173320
0.081780
0.143947
0.180282
0.175438
0.224346
0.107355
0.147846
0.172045
0.191234
0.297305
0.293638
0.141381
0.080858
0.136595
0.029421
0.251691
0.105307
0.298851
0.384787
0.139626
0.232113
0.060580
0.184844
0.239317
0.052401
0.212391
0.394592
0.154135
0.074437
0.052492
0.052445
0.336541
0.048936
0.098375
0.261282
0.085389
0.190564
0.098664
0.084919
0.260318
0.365736
0.109678
0.202163
0.390990
0.069057
0.325185
0.076705
0.178758
0.094650
0.341138
0.212095
0.189786
0.140986
0.254470
0.050047
0.371031
0.187609
0.222231
0.332662
0.149691
0.107431
0.222984
0.211233
0.086899
0.225775
0.093008
0.047526
0.208705
0.120264
0.359251
0.226653
0.099183
0.064955
0.158481
0.145224
0.184740
0.154744
0.334035
0.446072
0.157340
0.190190
0.039074
0.135763
0.261436
0.130230
0.193017
0.352895
0.157224
0.109619
0.102088
0.089881
0.142017
0.061592
0.322105
0.340211
0.248133
0.254974
0.021856
0.097412
0.282637
0.319187
0.093073
0.172779
0.249930
0.160418
0.519089
0.238099
0.080718
0.162592
0.219837
0.315804
0.134455
0.087164
0.244818
0.068473
0.259811
0.368858
0.219505
0.276294
0.163969
0.101821
0.312178
0.182699
0.110571
0.182910
0.225774
0.124756
0.187138
0.090291
0.274522
0.185682
0.037335
0.056867
0.143218
0.202925
0.232006
0.262135
0.282678
0.446653
0.184950
0.152012
0.045846
0.123516
0.278566
0.201196
0.153857
0.301756
0.128700
0.018759
0.163988
0.035767
0.074728
0.112080
0.357328
0.169445
0.314214
0.304009
0.084803
0.133129
0.287862
0.239974
0.134302
0.099384
0.187982
0.164089
0.640941
0.314162
0.019716
0.174163
0.241667
0.309729
0.128260
0.178431
0.211970
0.142060
0.099575
0.418590
0.163517
0.315639
0.194271
0.108009
0.348155
0.134818
0.163216
0.274139
0.322440
0.269318
0.052690
0.027412
0.120267
0.112659
0.105801
0.088713
0.148659
0.088216
0.159765
0.324525
0.238103
0.404104
0.227516
0.220357
0.098732
0.142772
0.350312
0.193341
0.163642
0.276948
0.060251
0.155222
0.196411
0.060653
0.080698
0.118098
0.312442
0.024865
0.344606
0.169075
0.046766
0.061675
0.212291
0.390258
0.162505
0.199916
0.188281
0.247169
0.606957
0.175350
0.092722
0.148021
0.252572
0.369474
0.229665
0.240358
0.225218
0.186034
0.118188
0.355166
0.213933
0.194843
0.070434
0.064119
0.286476
0.077964
0.116940
0.300395
0.393811
0.373013
0.057217
0.109049
0.134084
0.048656
0.188757
0.064301
0.159760
0.051314
0.174493
0.291955
0.218270
0.358761
0.170299
0.334082
0.202268
0.234440
0.401910
0.114901
0.265951
0.269457
0.093242
0.073933
0.252390
0.073159
0.130524
0.102659
0.245217
0.176625
0.312045
0.032641
0.100422
0.119960
0.148574
0.454275
0.239692
0.175535
0.029224
0.256929
0.638972
0.236402
0.212916
0.100706
0.116583
0.412186
0.274786
0.287725
0.241189
0.193773
0.074065
0.237085
0.344233
0.059070
0.108056
0.209895
0.232585
0.068341
0.240970
0.272317
0.460406
0.459517
0.074753
0.251163
0.192922
0.119338
0.191650
0.088578
0.145639
0.095897
0.300374
0.307064
0.256636
0.327775
0.125181
0.294454
0.297716
0.092412
0.386938
0.085145
0.315930
0.269104
0.214310
0.052597
0.341370
0.295662
0.107546
0.107117
0.322796
0.318317
0.325825
0.115100
0.202782
0.170355
0.073681
0.490732
0.168662
0.152706
0.113131
0.161991
0.693331
0.339608
0.183430
0.230885
0.074496
0.459753
0.249058
0.326715
0.248692
0.162776
0.050454
0.196880
0.333647
0.052913
0.191695
0.232806
0.230907
0.046679
0.182877
0.334466
0.477687
0.460980
0.074173
0.249991
0.258801
0.129902
0.310388
0.111649
0.143974
0.196020
0.406559
0.309109
0.302304
0.310871
0.116960
0.229068
0.367238
0.123001
0.324512
0.072490
0.253206
0.224460
0.163895
0.185728
0.438559
0.404467
0.068279
0.127913
0.342500
0.391353
0.325603
0.154593
0.350305
0.146164
0.122172
0.469350
0.076789
0.166290
0.130899
0.052979
0.712508
0.407333
0.087785
0.268582
0.075925
0.518549
0.110828
0.251416
0.134137
0.210659
0.085142
0.174020
0.221996
0.035068
0.234653
0.127980
0.168319
0.108429
0.149767
0.308660
0.512086
0.416331
0.087903
0.245901
0.324832
0.183054
0.366322
0.144253
0.135232
0.205656
0.421744
0.296062
0.358920
0.244091
0.064635
0.299070
0.367841
0.116070
0.230084
0.153752
0.144615
0.199330
0.110652
0.144010
0.526101
0.368911
0.119985
0.165864
0.259953
0.299500
0.329193
0.218432
0.478865
0.098617
0.230317
0.531757
0.063655
0.186688
0.151193
0.094771
0.680201
0.469628
0.050428
0.255341
0.208845
0.537147
0.116050
0.205942
0.099077
0.267300
0.100249
0.162052
0.297452
0.273476
0.371141
0.122981
0.212807
0.154183
0.135675
0.255049
0.462545
0.399474
0.090996
0.164247
0.348509
0.210312
0.207432
0.106639
0.153990
0.089523
0.372414
0.262977
0.363317
0.188620
0.070242
0.395559
0.299850
0.039352
0.094589
0.231603
0.217095
0.172518
0.162276
0.185277
0.650417
0.408750
0.206336
0.190655
0.184658
0.229471
0.354356
0.284569
0.618498
0.079857
0.300566
0.501451
0.071621
0.248870
0.243707
0.163922
0.596306
0.527173
0.097722
0.175771
0.411965
0.513160
0.203101
0.194036
0.177294
0.227516
0.054565
0.202179
0.242428
0.462889
0.511129
0.162627
0.201201
0.140252
0.154125
0.279691
0.476971
0.371760
0.047304
0.214123
0.338213
0.146853
0.132710
0.105576
0.086422
0.113850
0.354036
0.299119
0.273796
0.249013
0.105561
0.388177
0.206831
0.107503
0.179855
0.241009
0.443918
0.189092
0.170103
0.226740
0.687155
0.478897
0.300916
0.221511
0.158672
0.311705
0.434009
0.371419
0.601566
0.094193
0.323048
0.438060
0.223674
0.295198
0.250893
0.280418
0.530496
0.548802
0.163893
0.168028
0.460899
0.483782
0.285758
0.090750
0.193888
0.103483
0.108035
0.320773
0.233909
0.336517
0.601113
0.159481
0.291950
0.031310
0.141070
0.251897
0.492518
0.265843
0.053836
0.191030
0.412324
0.153533
0.137659
0.166389
0.062437
0.342303
0.322144
0.373805
0.301153
0.183713
0.088760
0.392226
0.179122
0.211410
0.211987
0.217677
0.523990
0.101330
0.082677
0.190463
0.598752
0.466158
0.221117
0.170856
0.254476
0.415838
0.502257
0.412208
0.508295
0.143124
0.315809
0.285160
0.261098
0.325353
0.259187
0.408915
0.420527
0.537965
0.222449
0.155021
0.373539
0.489016
0.333815
0.161970
0.149776
0.131796
0.224805
0.246910
0.247385
0.200054
0.614175
0.206291
0.425380
0.112827
0.255155
0.208089
0.581416
0.172360
0.022231
0.335104
0.597591
0.378590
0.143255
0.158981
0.113205
0.487386
0.284735
0.405934
0.408892
0.138387
0.027447
0.456415
0.214753
0.275208
0.210915
0.370462
0.442527
0.064274
0.069939
0.124538
0.559205
0.473924
0.237131
0.136630
0.326572
0.380759
0.516379
0.468646
0.461110
0.106555
0.392042
0.291824
0.175122
0.242893
0.273186
0.468766
0.376947
0.522278
0.279889
0.182762
0.384630
0.534799
0.306302
0.234586
0.074525
0.160356
0.241585
0.199616
0.234851
0.350042
0.603009
0.299903
0.567680
0.209970
0.336095
0.186605
0.547858
0.168069
0.151413
0.325967
0.651621
0.582206
0.229425
0.105815
0.223846
0.550171
0.226959
0.363406
0.360029
0.161923
0.022775
0.426529
0.207520
0.323204
0.347101
0.497862
0.474670
0.078165
0.139164
0.161497
0.659831
0.599522
0.305947
0.081662
0.391194
0.250867
0.514665
0.510384
0.541653
0.165985
0.399298
0.261279
0.144960
0.243548
0.141737
0.546019
0.425733
0.557331
0.307652
0.300271
0.473279
0.584740
0.431669
0.205629
0.088009
0.125523
0.373943
0.299266
0.148831
0.502033
0.599435
0.358561
0.609162
0.314587
0.346208
0.214509
0.513499
0.216586
0.284898
0.211030
0.461468
0.662113
0.392220
0.132671
0.125577
0.539327
0.185407
0.264833
0.321213
0.208535
0.036305
0.303487
0.242812
0.449990
0.546362
0.439477
0.601192
0.053706
0.173289
0.258884
0.699391
0.642584
0.372120
0.091334
0.457090
0.293745
0.563893
0.526219
0.625848
0.237133
0.305440
0.234721
0.155419
0.290716
0.191577
0.536019
0.442339
0.512527
0.346904
0.440245
0.516269
0.567792
0.553186
0.277269
0.125804
0.154701
0.507385
0.339440
0.091101
0.379250
0.649320
0.387786
0.591529
0.486275
0.278044
0.240154
0.525240
0.233703
0.218845
0.225300
0.331574
0.630211
0.516915
0.184198
0.039341
0.558513
0.233608
0.098790
0.457036
0.220877
0.245625
0.217903
0.261955
0.487554
0.645638
0.391467
0.689498
0.079037
0.241985
0.313313
0.646303
0.542059
0.456451
0.125051
0.501804
0.393650
0.622937
0.497288
0.556499
0.299801
0.476009
0.140494
0.226603
0.341274
0.235284
0.494420
0.333995
0.458668
0.312874
0.536737
0.482959
0.616944
0.565979
0.382384
0.155440
0.212331
0.556880
0.272631
0.051122
0.232655
0.770629
0.398220
0.552188
0.593860
0.286262
0.187294
0.580025
0.237150
0.112078
0.371580
0.324469
0.671324
0.575405
0.245816
0.148320
0.739821
0.279892
0.176682
0.690243
0.209804
0.375735
0.316247
0.270004
0.512116
0.675067
0.418950
0.641857
0.073289
0.352213
0.241815
0.496043
0.432000
0.530070
0.148864
0.416702
0.407734
0.651911
0.483661
0.388830
0.389654
0.408983
0.201913
0.348740
0.390187
0.192148
0.464187
0.144489
0.374895
0.310014
0.533352
0.475480
0.658397
0.456045
0.458358
0.123056
0.288679
0.467877
0.406287
0.100279
0.198841
0.840074
0.469038
0.509793
0.666669
0.312283
0.121745
0.627814
0.234335
0.127916
0.442888
0.344913
0.599024
0.578521
0.304091
0.240706
0.908930
0.293003
0.195104
0.806266
0.308390
0.406745
0.405795
0.269266
0.587461
0.791043
0.465410
0.630852
0.173472
0.403192
0.195066
0.416049
0.407544
0.515095
0.183735
0.356298
0.440260
0.627466
0.442835
0.335627
0.513125
0.323235
0.192444
0.566876
0.493572
0.178290
0.476797
0.175982
0.414344
0.402536
0.490280
0.556328
0.663470
0.412258
0.471823
0.101856
0.392455
0.603583
0.560722
0.220782
0.233822
0.733475
0.573978
0.544997
0.613509
0.336518
0.305041
0.685961
0.229369
0.231502
0.384660
0.350947
0.608644
0.478300
0.183928
0.320222
0.947427
0.335555
0.159277
0.711849
0.492796
0.380533
0.419525
0.307939
0.608751
0.807860
0.473335
0.607188
0.327318
0.429302
0.197260
0.429074
0.386470
0.448279
0.183174
0.358067
0.511975
0.567420
0.428724
0.467022
0.609505
0.367619
0.142285
0.637741
0.533502
0.192934
0.504821
0.229529
0.542966
0.463037
0.400549
0.558977
0.601158
0.527087
0.472652
0.301663
0.503937
0.790249
0.695693
0.313445
0.257847
0.609551
0.722339
0.650199
0.557172
0.306790
0.428495
0.736208
0.200046
0.263806
0.263373
0.364145
0.715502
0.501150
0.241388
0.430772
0.818857
0.314636
0.219470
0.521714
0.668136
0.455595
0.349931
0.354289
0.503873
0.610185
0.406146
0.627082
0.508776
0.479307
0.244989
0.472422
0.333222
0.445265
0.138392
0.460434
0.588678
0.519985
0.341206
0.556709
0.645529
0.493959
0.122757
0.608314
0.508652
0.305893
0.541255
0.266438
0.525945
0.502229
0.368520
0.493121
0.606165
0.630310
0.516139
0.354208
0.565754
0.855212
0.733369
0.391686
0.322442
0.604434
0.781993
0.623190
0.544519
0.262641
0.456444
0.722618
0.144376
0.279832
0.131510
0.412614
0.788989
0.666418
0.212618
0.593525
0.753244
0.394703
0.287412
0.399029
0.667962
0.539070
0.396448
0.418731
0.382190
0.378675
0.353761
0.749098
0.650902
0.489648
0.292705
0.521251
0.363608
0.511494
0.242017
0.506586
0.616528
0.560459
0.332316
0.517833
0.618157
0.500980
0.156927
0.567906
0.524877
0.505252
0.553148
0.285737
0.429850
0.565756
0.412688
0.499423
0.671883
0.646018
0.636702
0.324657
0.557216
0.789334
0.767022
0.448917
0.380583
0.720036
0.724634
0.483986
0.647470
0.163317
0.511855
0.659445
0.170364
0.307114
0.058816
0.435269
0.703280
0.879190
0.266884
0.739269
0.834988
0.424450
0.273629
0.383226
0.552400
0.603030
0.551807
0.519760
0.391490
0.289284
0.399620
0.779767
0.698757
0.495843
0.368351
0.494154
0.542664
0.624790
0.331568
0.483534
0.614177
0.674917
0.435007
0.437332
0.562991
0.484816
0.305897
0.660921
0.612899
0.686492
0.480833
0.292712
0.360064
0.617790
0.448251
0.501832
0.804347
0.655875
0.729864
0.366492
0.524043
0.777397
0.832615
0.508865
0.371886
0.811442
0.675666
0.395217
0.667766
0.124511
0.610856
0.626748
0.355838
0.373525
0.083564
0.425394
0.653913
0.977502
0.248783
0.819743
0.972446
0.488487
0.380273
0.500812
0.496169
0.682279
0.710866
0.608305
0.439414
0.209449
0.504771
0.705907
0.721734
0.497262
0.453268
0.555516
0.621064
0.751998
0.517450
0.435429
0.618796
0.672395
0.595250
0.213225
0.546042
0.613319
0.424193
0.783811
0.647903
0.745763
0.350933
0.188312
0.345254
0.620826
0.324791
0.455297
0.856692
0.656595
0.830385
0.446392
0.513187
0.847242
0.922729
0.564991
0.305123
0.863048
0.790315
0.370601
0.630366
0.182073
0.687963
0.629195
0.518379
0.388754
0.021275
0.395345
0.697585
1.025268
0.299275
0.823827
0.971024
0.546776
0.486299
0.594893
0.489507
0.758223
0.728054
0.618818
0.406240
0.038895
0.623427
0.621108
0.763979
0.476999
0.499129
0.602332
0.621198
0.865313
0.677923
0.479299
0.579701
0.614676
0.636666
0.198194
0.536413
0.804633
0.541756
0.868435
0.649990
0.762875
0.457940
0.181893
0.406564
0.576714
0.192931
0.379259
0.869489
0.655291
0.812726
0.583467
0.587971
0.847101
0.968219
0.641573
0.359373
0.774409
0.841397
0.449331
0.547572
0.360156
0.773455
0.589591
0.570392
0.355882
0.108548
0.454894
0.765211
0.976167
0.501344
0.859873
0.910266
0.584977
0.568887
0.545729
0.527862
0.759372
0.677798
0.590680
0.392530
0.069925
0.671395
0.612786
0.839400
0.497488
0.489957
0.552457
0.651847
0.896437
0.755563
0.537161
0.614978
0.659171
0.611887
0.233031
0.509510
0.882392
0.666304
0.948060
0.714051
0.722156
0.455194
0.248114
0.565024
0.582659
0.106527
0.334494
0.873086
0.620157
0.724737
0.716624
0.707262
0.817589
0.996714
0.640034
0.452613
0.691585
0.780356
0.413909
0.521800
0.437358
0.892547
0.627315
0.621370
0.431309
0.088803
0.467340
0.660825
0.901066
0.687071
0.886638
0.843048
0.533289
0.621928
0.343823
0.576623
0.809037
0.711093
0.605545
0.458170
0.238335
0.713358
0.630513
0.795386
0.542289
0.529657
0.619394
0.803693
0.943397
0.724967
0.581678
0.763950
0.776745
0.581083
0.169094
0.459978
0.897822
0.835832
1.007231
0.795189
0.641859
0.407102
0.322376
0.710388
0.661179
0.160374
0.349982
0.884307
0.636336
0.577980
0.788987
0.876167
0.857173
0.959200
0.553708
0.397291
0.655650
0.729214
0.368217
0.536463
0.382256
0.928393
0.729094
0.730049
0.583268
0.073566
0.450127
0.628441
0.866780
0.706556
0.811451
0.825784
0.645544
0.684405
0.295567
0.647145
0.936095
0.838340
0.687826
0.521521
0.335534
0.729746
0.684126
0.753969
0.542319
0.526219
0.745597
0.925502
0.964741
0.681034
0.597711
0.931867
0.861324
0.621583
0.154397
0.393599
0.918571
0.903517
0.935621
0.709274
0.647314
0.416139
0.417402
0.773959
0.670288
0.191512
0.425431
0.909025
0.652693
0.575036
0.762342
0.983925
0.830951
0.742915
0.491467
0.364584
0.602582
0.764871
0.426555
0.601157
0.345867
0.864900
0.831760
0.843838
0.687959
0.223232
0.450402
0.711104
0.959390
0.705130
0.703318
0.760016
0.896133
0.774924
0.318179
0.618179
1.055317
0.961881
0.722783
0.508360
0.339467
0.718856
0.596104
0.839343
0.470222
0.551088
0.860813
1.004940
1.015330
0.687161
0.610628
0.891715
0.855797
0.735407
0.211314
0.340290
0.914122
0.835420
0.810770
0.543871
0.714935
0.510780
0.586642
0.676695
0.600927
0.108731
0.558968
0.874141
0.619284
0.710254
0.699357
0.956374
0.779218
0.583382
0.612586
0.468179
0.596284
0.758015
0.540808
0.694665
0.451408
0.737938
0.856288
0.812769
0.639138
0.456182
0.466576
0.829024
1.000541
0.791274
0.611065
0.676628
1.063914
0.753707
0.284229
0.490241
1.020102
0.954103
0.736583
0.558000
0.281084
0.748369
0.610915
1.005620
0.419950
0.577373
0.924277
1.041584
1.072055
0.721208
0.619764
0.883622
0.909294
0.869428
0.389518
0.252067
0.855938
0.844297
0.773249
0.456597
0.672007
0.656758
0.710029
0.534427
0.599767
0.177527
0.641970
0.799062
0.577411
0.833111
0.624246
0.939732
0.717188
0.571069
0.720437
0.595373
0.665291
0.726106
0.439709
0.760002
0.551898
0.784497
0.885158
0.689951
0.747411
0.580586
0.518519
0.797767
0.948720
0.863014
0.597224
0.697665
0.997680
0.732866
0.318428
0.341645
0.938868
0.875084
0.872641
0.664854
0.383185
0.868331
0.655879
1.008340
0.461009
0.559190
0.848770
1.084845
1.061588
0.791712
0.722054
0.974784
1.024177
0.870662
0.439829
0.153788
0.922179
0.994372
0.806171
0.481809
0.508132
0.814365
0.868571
0.608536
0.640666
0.334876
0.660420
0.706391
0.652626
0.756525
0.589858
0.988196
0.787967
0.565374
0.734924
0.546654
0.726857
0.766560
0.424820
0.694373
0.640522
0.966623
0.909285
0.709773
0.888622
0.657784
0.592230
0.786423
0.818492
0.999862
0.468095
0.800169
0.894082
0.823552
0.464292
0.277995
0.841900
0.882547
1.112606
0.758977
0.678104
1.004392
0.782952
0.864832
0.533877
0.441016
0.760096
1.030373
0.923221
0.813837
0.765420
1.075710
1.037542
0.783902
0.446239
0.073605
0.970416
1.124574
0.855433
0.526322
0.355633
0.924509
1.079164
0.796746
0.621140
0.375624
0.746261
0.770243
0.885400
0.633173
0.549687
1.079769
0.780576
0.449718
0.722432
0.507446
0.771899
0.966913
0.618282
0.618231
0.621476
1.107304
0.885588
0.814731
0.948139
0.779762
0.649139
0.818339
0.702854
1.097926
0.321409
0.829046
0.939337
0.993803
0.538152
0.321594
0.754016
0.973326
1.134713
0.747509
0.956335
1.127010
0.843123
0.727298
0.608385
0.419162
0.752068
1.078101
0.815319
0.807401
0.771766
1.106804
0.975841
0.677503
0.502815
0.137237
0.978025
1.179462
0.839765
0.601263
0.337398
0.978001
1.178917
0.909348
0.533449
0.397327
0.897844
0.795074
1.044440
0.564824
0.613312
1.126353
0.752229
0.439121
0.777068
0.625590
0.810418
0.997888
0.873598
0.546555
0.566400
1.084880
0.948488
0.843402
0.809310
0.842299
0.752868
0.898038
0.553407
1.145434
0.331474
0.792357
1.063373
1.063792
0.475504
0.382787
0.763520
1.032662
1.091705
0.670686
0.971052
1.156003
0.865762
0.766188
0.711871
0.469990
0.855427
1.150856
0.791469
0.806520
0.792736
1.139852
0.876778
0.728095
0.545906
0.286373
0.889643
1.133197
0.881977
0.641653
0.372594
0.943163
1.111070
0.860826
0.436936
0.511562
1.028096
0.785991
1.017026
0.525682
0.675354
1.044937
0.722652
0.494745
0.757204
0.720645
0.887682
0.920615
1.079595
0.503324
0.494029
1.032912
0.977210
0.798219
0.774632
0.813994
0.816448
0.955271
0.527417
1.127501
0.496432
0.802905
1.092592
1.132240
0.484091
0.452849
0.832064
1.116113
1.140800
0.688590
0.907767
1.081059
0.885865
0.879591
0.801074
0.471802
0.966272
1.080548
0.760258
0.892024
0.844969
1.113340
0.921055
0.758016
0.510266
0.425388
0.856091
1.073821
0.975231
0.562076
0.448853
0.885788
1.138906
0.845414
0.391425
0.691406
1.045936
0.737795
1.036725
0.425192
0.643877
0.983225
0.766723
0.513352
0.670122
0.636125
0.925013
0.987250
1.177554
0.518586
0.589041
1.039115
0.915961
0.762967
0.822072
0.776389
0.843702
1.119468
0.642124
1.078704
0.610511
0.904964
1.089202
1.199872
0.666632
0.453519
0.857829
1.197871
1.104402
0.816866
0.911566
0.981330
0.989257
0.983813
0.830824
0.492873
1.026579
0.909704
0.678139
0.863687
0.814699
1.041853
0.937134
0.774946
0.639050
0.480573
0.884223
1.120877
1.030489
0.508283
0.535663
0.923183
1.226802
0.854085
0.373235
0.793936
1.086157
0.764698
1.185084
0.460493
0.566223
0.972597
0.814037
0.491258
0.632110
0.547188
0.849837
1.116651
1.199995
0.549281
0.706278
0.989241
0.815841
0.775523
0.812592
0.817081
0.853978
1.162288
0.761039
1.018329
0.601110
0.860177
1.068408
1.183408
0.853783
0.432884
0.816249
1.174642
1.028134
0.824382
0.910513
1.099231
1.049955
0.925934
0.822493
0.585749
1.053284
0.866636
0.693488
0.738459
0.737357
1.026386
0.949058
0.792422
0.905506
0.543867
0.947526
1.234423
0.968438
0.688706
0.596194
1.051853
1.278761
0.953413
0.397284
0.816156
1.188885
0.858373
1.223439
0.579567
0.585368
0.882882
0.853994
0.616167
0.712871
0.591135
0.793634
1.041649
1.098964
0.614181
0.851456
0.958168
0.845848
0.771748
0.706099
0.883428
0.915413
1.113951
0.741552
0.955935
0.539406
0.787409
1.129141
1.060985
0.911469
0.474923
0.869632
1.093711
0.963049
0.754550
0.783252
1.233830
0.995611
0.819455
0.829913
0.658356
1.016722
0.933239
0.724866
0.711575
0.677736
1.061862
0.875622
0.895383
1.070698
0.682961
0.975318
1.224064
0.909950
0.844055
0.549670
1.131647
1.172998
0.885020
0.435259
0.844163
1.317680
0.876790
1.135174
0.636152
0.668859
0.727329
0.944472
0.803562
0.728273
0.634658
0.864591
0.921422
0.959192
0.717895
0.812675
1.020811
0.906383
0.770022
0.668372
0.832268
0.988073
1.061900
0.718798
0.793929
0.526552
0.799266
1.150360
0.996956
0.904679
0.469145
0.996757
1.147613
1.061099
0.731503
0.751057
1.221359
0.914281
0.750637
0.836041
0.621259
0.920320
0.981021
0.638007
0.812074
0.616991
1.026285
0.759143
0.954708
1.069843
0.846752
1.094564
1.136963
0.844998
0.790355
0.493327
1.090278
1.057813
0.805578
0.489082
0.879640
1.314295
0.849028
1.013646
0.619300
0.770720
0.684160
1.059043
0.873147
0.705395
0.616417
0.921891
0.987302
0.940540
0.845094
0.765223
1.057078
0.967468
0.904355
0.646678
0.759151
0.976662
1.112367
0.740568
0.723067
0.515907
0.790389
1.069666
0.984603
0.939357
0.544932
1.011208
1.214281
1.140082
0.819051
0.784480
1.145752
0.923577
0.793436
0.819373
0.600182
0.913170
0.968803
0.583762
0.881245
0.454062
0.946245
0.779278
0.886455
1.044332
0.900551
1.178958
0.992558
0.784237
0.654695
0.536955
1.085464
1.005786
0.772365
0.540421
0.862091
1.339960
0.915652
0.967647
0.704691
0.821795
0.789875
1.089193
0.851556
0.720340
0.603159
0.900595
1.125479
0.995350
0.923206
0.793556
0.991791
0.959321
0.924627
0.593653
0.679372
0.943399
1.140207
0.774915
0.720575
0.556089
0.730635
0.947220
0.990036
0.904722
0.618945
0.966798
1.167537
1.164293
0.865330
0.753790
1.111334
0.909360
0.859520
0.814557
0.624150
0.998985
0.935295
0.635201
0.853414
0.256651
0.909696
0.904898
0.846484
0.999226
0.981559
1.112065
0.985618
0.704004
0.764429
0.711554
1.101751
1.005006
0.865294
0.610605
0.884652
1.253343
1.012631
0.966779
0.828788
0.871355
0.932708
1.126245
0.972833
0.732350
0.554996
0.951278
1.102261
1.090046
0.885299
0.912704
0.978233
0.975688
0.770421
0.587212
0.669428
0.936853
1.230574
0.822975
0.689549
0.653052
0.688306
0.916723
0.834995
0.835778
0.740339
0.973343
0.950635
1.091707
0.856217
0.685934
1.059245
1.101469
0.891077
0.816960
0.662677
1.036626
0.978865
0.741042
0.770296
0.206541
0.835778
0.983783
0.978726
0.883921
1.012019
0.974700
0.982704
0.743650
0.885666
0.830484
1.094355
1.047265
0.963411
0.691763
0.980575
1.098671
1.074292
0.953021
0.904245
0.859016
0.976297
1.192990
1.047941
0.703424
0.496286
1.102680
1.097927
1.192469
0.876771
0.973331
0.988546
0.964490
0.724046
0.619328
0.600687
1.013067
1.171608
0.884740
0.526378
0.701829
0.799744
0.939176
0.772868
0.812118
0.770702
0.980207
0.842634
1.075153
0.857965
0.723041
1.067966
1.300637
0.935163
0.885751
0.669998
0.950051
1.021840
0.710817
0.762497
0.442062
0.652384
1.017604
1.105563
0.832621
0.955616
0.971056
1.017108
0.777579
0.890749
0.856969
1.028768
1.051823
1.066909
0.708091
0.947550
0.954052
1.082114
0.936073
0.903263
0.807840
0.846261
1.195723
0.949660
0.592341
0.573756
1.115818
1.128994
1.143166
0.934845
0.836075
1.030396
1.033702
0.864623
0.537029
0.563139
1.140404
1.066885
0.874550
0.418663
0.678626
1.009582
0.961198
0.839223
0.873460
0.803652
0.984004
0.845591
0.992833
0.795993
0.723111
1.018864
1.376469
0.926698
0.879006
0.759216
0.943493
1.055026
0.695206
0.781128
0.659668
0.662005
1.077617
1.128030
0.858459
0.782681
1.104992
0.962634
0.856956
0.779356
0.815651
1.006513
0.913340
1.027285
0.764572
0.729533
0.957076
1.048041
0.854807
0.922384
0.759376
0.840391
1.197913
0.916872
0.575135
0.665252
1.002072
1.196947
0.975876
1.030535
0.659013
0.992197
1.128435
0.976147
0.478511
0.555765
1.190448
0.943451
0.840176
0.384726
0.633759
1.106272
0.904286
0.856622
0.923506
0.836771
1.036483
0.848941
0.944450
0.686426
0.663971
1.006911
1.309915
0.854942
0.902376
0.872795
0.943179
1.012794
0.818154
0.712927
0.632948
0.783278
1.167354
1.019744
0.839808
0.761396
1.149543
0.905202
0.908799
0.796014
0.815633
1.011604
0.814278
1.057873
0.867033
0.578251
0.923285
1.110136
0.749609
1.017950
0.689711
0.890770
1.145516
1.076466
0.592181
0.671623
0.929013
1.210344
0.830006
1.033542
0.594052
0.960556
1.162345
0.890971
0.515729
0.537757
1.173720
0.979805
0.903437
0.370965
0.654402
1.075603
0.828659
0.803961
0.882287
0.905379
1.112407
0.879019
0.949549
0.667879
0.681447
0.965631
1.251116
0.791397
0.915693
0.871228
0.969174
0.985106
0.999374
0.627718
0.469458
0.829864
1.158192
0.966641
0.707507
0.816683
1.075760
0.904888
0.903465
0.896477
0.846060
1.022764
0.875323
1.010069
1.016046
0.592791
0.815151
1.156083
0.640529
0.997023
0.620776
0.951544
1.189165
1.181622
0.600219
0.658408
1.029322
1.261013
0.888908
0.938914
0.574967
0.934279
1.113234
0.833326
0.658295
0.384542
1.132053
0.881807
0.981733
0.329491
0.660211
1.026381
0.832455
0.797409
0.814544
0.872874
1.151107
0.907530
0.951662
0.686117
0.823927
0.965433
1.253659
0.785943
0.918929
0.863249
1.013234
0.969151
1.123032
0.708644
0.396413
0.831625
1.061916
0.910183
0.698123
0.871579
0.906438
0.963332
0.861255
0.966291
0.767369
0.957217
0.935597
0.911211
1.059770
0.559722
0.671562
1.171994
0.605535
0.838959
0.590381
0.964484
1.286876
1.115920
0.541268
0.739765
1.089356
1.281657
0.865621
0.825917
0.495889
0.771749
1.072772
0.889931
0.766820
0.308996
1.143770
0.702889
1.040383
0.328395
0.654522
0.998388
0.889307
0.883596
0.730455
0.885480
1.095295
0.847996
0.906886
0.578283
0.833578
0.864319
1.206531
0.855581
0.845633
0.861229
1.028850
0.962900
1.134670
0.834457
0.542612
0.944263
1.005255
0.912835
0.731375
0.805378
0.830050
0.816145
0.824391
0.891280
0.718269
0.874739
0.923714
0.879569
0.932013
0.405498
0.748118
1.145630
0.562340
0.707825
0.567435
0.949966
1.306494
1.191800
0.551910
0.827662
0.995492
1.182659
0.801099
0.747791
0.404572
0.671906
1.088697
0.932550
0.854911
0.341364
1.130550
0.657464
1.075178
0.416569
0.684137
1.012243
0.998016
0.901234
0.665177
0.934093
1.030165
0.846460
0.852328
0.505766
0.637688
0.729455
1.093806
0.919464
0.768078
0.906773
0.932241
0.950883
1.137324
0.837954
0.708554
1.004310
1.013841
0.981510
0.655151
0.680314
0.893030
0.650067
0.867477
0.796340
0.597987
0.834587
0.905352
0.903609
0.860895
0.301662
0.846874
1.114096
0.562846
0.707525
0.572973
0.906104
1.201242
1.283014
0.652779
0.732947
0.926986
1.034756
0.814552
0.774957
0.454313
0.730815
1.058199
0.932825
0.917078
0.490256
1.132169
0.839528
1.136653
0.487713
0.704702
1.018112
1.106495
0.860194
0.696268
0.872979
0.984513
0.904319
0.705642
0.625372
0.521378
0.643461
0.975676
0.959160
0.645260
0.866563
0.812436
1.006318
1.104906
0.756034
0.777316
0.897294
0.970426
0.966153
0.545723
0.600275
0.916552
0.646557
0.947518
0.669124
0.533241
0.920937
0.960788
0.743020
0.925309
0.354722
0.757475
1.121610
0.595186
0.770562
0.506600
0.920567
1.157167
1.141171
0.795232
0.634426
0.959440
0.945519
0.803321
0.833941
0.458433
0.768317
0.964610
1.008333
0.949387
0.599285
1.098826
0.958736
1.127244
0.536803
0.733082
0.994293
1.186335
0.855150
0.761134
0.702531
0.951240
0.969676
0.659383
0.631420
0.555635
0.654569
0.777475
0.875548
0.529086
0.741471
0.803900
1.056675
1.130247
0.581146
0.729274
0.801337
1.002231
0.894189
0.508262
0.595224
0.843529
0.898196
1.053620
0.577630
0.528251
0.990936
1.096421
0.568655
0.968669
0.381066
0.572527
1.030448
0.576905
0.851077
0.409380
0.981561
1.190116
0.880850
0.771842
0.731122
1.013927
0.955429
0.632123
0.786671
0.366351
0.645428
0.972303
1.067601
0.888739
0.748240
1.119735
0.966559
0.972178
0.682311
0.743614
0.950501
1.121849
0.887206
0.757275
0.559821
0.958410
0.989667
0.664871
0.485331
0.603266
0.666363
0.660316
0.737177
0.499319
0.564152
0.851203
1.004938
1.062371
0.497419
0.695073
0.946092
1.082581
0.801505
0.565660
0.535218
0.876884
1.108820
1.013463
0.562318
0.485909
1.016739
1.238431
0.531123
1.001068
0.273292
0.550623
0.996204
0.559443
0.840020
0.328181
1.059535
1.158540
0.856672
0.679900
0.926861
1.036645
0.973044
0.517644
0.750669
0.366724
0.526463
0.984103
0.949645
0.849800
0.739902
1.104673
0.896758
0.890902
0.794329
0.662207
0.981714
1.029701
0.902924
0.643391
0.509512
0.890874
1.060921
0.652745
0.413274
0.549433
0.712124
0.672283
0.651694
0.560740
0.369980
0.867601
0.941873
0.897968
0.599382
0.665728
1.032060
1.209441
0.719096
0.561493
0.497152
0.938863
1.131693
0.886699
0.625139
0.357944
0.950477
1.289062
0.657617
1.055028
0.211579
0.689685
1.025271
0.590387
0.745903
0.293234
1.139364
1.055950
0.896466
0.664707
0.894853
1.019660
0.850646
0.607496
0.705649
0.541571
0.484938
0.928335
0.802096
0.769769
0.698136
1.012038
0.898986
0.878645
0.810036
0.574911
1.003099
1.025639
0.865141
0.620700
0.607409
0.866975
1.089367
0.600946
0.427489
0.496803
0.777738
0.761680
0.661172
0.561203
0.211728
0.827547
0.940370
0.767924
0.705825
0.562379
0.901345
1.206171
0.665791
0.602537
0.446086
0.863274
1.105565
0.746795
0.731416
0.315046
0.806754
1.232176
0.647129
1.048549
0.356237
0.765092
1.077528
0.645575
0.559316
0.302824
1.245933
0.797913
0.726937
0.745943
0.676447
0.945422
0.631240
0.667652
0.743166
0.723363
0.501000
0.825470
0.781466
0.708513
0.636223
0.956314
0.938930
0.785993
0.775181
0.524026
0.916508
1.031757
0.854387
0.686252
0.639892
0.828791
1.054016
0.545471
0.398432
0.473241
0.814213
0.725194
0.658183
0.454912
0.176220
0.774157
1.018041
0.679034
0.762783
0.464757
0.793909
1.129643
0.613015
0.643919
0.369833
0.699165
1.073086
0.738746
0.827794
0.405364
0.728228
1.198853
0.636817
0.871890
0.555852
0.774476
1.038681
0.797243
0.470329
0.381007
1.214264
0.601839
0.550546
0.793066
0.575353
0.881791
0.454089
0.642356
0.698186
0.726550
0.533078
0.801686
0.783853
0.688777
0.701123
0.894805
1.041505
0.680549
0.858221
0.525197
0.807164
0.941706
0.842858
0.706835
0.593025
0.818580
0.957842
0.524216
0.381145
0.455995
0.679129
0.594230
0.626455
0.428979
0.222409
0.707672
0.992936
0.599413
0.641744
0.513796
0.880619
1.092421
0.672287
0.550244
0.337394
0.583347
0.934580
0.790278
0.716709
0.548673
0.689352
1.143874
0.700706
0.723405
0.725943
0.857818
0.953123
0.946935
0.558754
0.434649
1.074939
0.483195
0.530257
0.777977
0.588199
0.848871
0.434720
0.605755
0.623675
0.673323
0.646501
0.732293
0.759099
0.685279
0.686002
0.825480
1.027625
0.663299
0.995188
0.457032
0.799039
0.862705
0.803279
0.656018
0.556309
0.711269
0.920891
0.572956
0.404509
0.388621
0.547084
0.494753
0.543939
0.529853
0.310972
0.629904
0.847193
0.570919
0.500508
0.643059
0.893414
1.014188
0.730918
0.485481
0.379909
0.597656
0.727542
0.750215
0.593420
0.520366
0.648374
1.144373
0.819868
0.645626
0.717640
0.998536
0.852768
0.963099
0.628649
0.456657
0.842618
0.362916
0.620803
0.825117
0.541237
0.770916
0.385341
0.629903
0.512827
0.633994
0.683805
0.679664
0.762733
0.620558
0.652814
0.737792
0.881991
0.691773
1.015312
0.397781
0.854812
0.893427
0.830272
0.635121
0.568107
0.642538
0.839377
0.569060
0.531587
0.323240
0.614913
0.459355
0.516777
0.600234
0.370846
0.663748
0.619435
0.543033
0.424043
0.602901
0.775651
0.821521
0.768553
0.537834
0.338978
0.596043
0.634530
0.653823
0.581487
0.421288
0.527305
1.063625
0.779159
0.609871
0.710287
1.045507
0.673704
0.827783
0.551429
0.441717
0.644152
0.290805
0.606520
0.828875
0.398667
0.776521
0.325514
0.621289
0.469038
0.554034
0.741185
0.644406
0.813381
0.699469
0.602274
0.614155
0.783427
0.680144
0.781812
0.421562
0.807804
0.931089
0.875622
0.708304
0.526171
0.641323
0.761268
0.518573
0.598247
0.320227
0.759894
0.443205
0.464091
0.621782
0.394816
0.735452
0.471203
0.581446
0.429129
0.547289
0.783097
0.673990
0.726827
0.546079
0.249696
0.682086
0.601850
0.674935
0.665571
0.458831
0.496394
0.948864
0.786087
0.527259
0.720224
0.951823
0.468602
0.739952
0.507341
0.440985
0.601139
0.280049
0.500962
0.784432
0.284339
0.907065
0.379564
0.483695
0.398452
0.447240
0.756521
0.758907
0.757903
0.781080
0.656163
0.591760
0.879176
0.596388
0.559738
0.463580
0.704129
0.850781
0.886069
0.757603
0.459878
0.659047
0.737511
0.504019
0.625299
0.379388
0.813841
0.509226
0.541557
0.563597
0.417872
0.737323
0.428102
0.537100
0.404638
0.473542
0.861918
0.610630
0.709672
0.470429
0.257037
0.669869
0.433655
0.649100
0.660758
0.554241
0.575634
0.884875
0.891503
0.471770
0.689602
0.868106
0.465318
0.794072
0.541465
0.437482
0.587420
0.299180
0.399004
0.703034
0.250897
0.972123
0.522279
0.401924
0.335325
0.375378
0.741820
0.718163
0.699878
0.727095
0.614944
0.677890
1.037124
0.558252
0.535900
0.416314
0.691567
0.727431
0.926092
0.661973
0.375928
0.591905
0.713106
0.531598
0.659174
0.458500
0.773116
0.446051
0.730442
0.533961
0.512681
0.637620
0.461391
0.494818
0.435269
0.368476
0.840396
0.537848
0.666565
0.420794
0.460745
0.643563
0.309993
0.510240
0.531281
0.425309
0.595294
0.815357
0.884475
0.448558
0.563299
0.885853
0.546083
0.876258
0.536645
0.489593
0.523360
0.363038
0.346091
0.732300
0.252123
0.845184
0.453986
0.513508
0.244026
0.382636
0.664223
0.591079
0.606056
0.564376
0.426025
0.736364
1.127788
0.552052
0.579157
0.350448
0.604160
0.706938
0.880040
0.561190
0.322967
0.582946
0.661040
0.567768
0.714500
0.496620
0.788989
0.407370
0.921875
0.510366
0.676192
0.611739
0.636347
0.509370
0.466140
0.335777
0.778430
0.434638
0.565825
0.521028
0.689156
0.581756
0.309520
0.376314
0.426698
0.253333
0.509554
0.662538
0.627730
0.408542
0.502293
0.929921
0.662553
0.845655
0.377166
0.580120
0.390190
0.408630
0.314092
0.685154
0.252277
0.761929
0.360865
0.641309
0.252209
0.335212
0.691121
0.554821
0.607286
0.539444
0.259935
0.730871
1.006569
0.649701
0.540579
0.383192
0.590766
0.700596
0.730936
0.539042
0.279209
0.545250
0.604851
0.658666
0.702088
0.423494
0.838816
0.447777
0.937390
0.497550
0.726647
0.729864
0.744054
0.507644
0.485873
0.441049
0.728197
0.491521
0.469720
0.563645
0.756332
0.609537
0.325874
0.460858
0.386442
0.284694
0.429286
0.568234
0.514775
0.345051
0.508839
0.851870
0.683825
0.729149
0.252520
0.647921
0.283206
0.449791
0.352241
0.632497
0.347124
0.812315
0.380507
0.642159
0.268836
0.188823
0.765109
0.713312
0.595118
0.534977
0.265399
0.594414
0.845461
0.677897
0.483809
0.472206
0.652271
0.590768
0.542179
0.580625
0.247848
0.522614
0.577981
0.636504
0.678089
0.365656
0.765083
0.564666
0.821148
0.502215
0.660042
0.768039
0.775346
0.468083
0.523563
0.483730
0.681769
0.601955
0.396690
0.565043
0.775835
0.649007
0.371860
0.631053
0.354108
0.410260
0.581189
0.452912
0.539942
0.310323
0.531383
0.783215
0.660678
0.714666
0.196782
0.600155
0.249515
0.450205
0.366674
0.481605
0.334222
0.840700
0.569699
0.557394
0.278437
0.194102
0.708537
0.761397
0.587330
0.412952
0.369976
0.530614
0.665019
0.581205
0.452026
0.485426
0.721248
0.500652
0.446831
0.602940
0.324398
0.456523
