# G_4, p = 0.2000 GPa (dir_2000.0_bar).
# 6MR distortion Gamma = (1/2)(max - min) over the three opposite-O diagonals.
# 32 rings x 101 frames = 3232 samples.
# Column: per-6MR Gamma [A]
0.001605
0.001376
0.001603
0.001376
0.001638
0.001427
0.001632
0.001432
0.001671
0.001458
0.001663
0.001447
0.001631
0.001398
0.001637
0.001409
0.001546
0.001377
0.001502
0.001361
0.001486
0.001328
0.001474
0.001317
0.001557
0.001421
0.001556
0.001395
0.001492
0.001366
0.001496
0.001377
0.129482
0.167289
0.070506
0.074550
0.091133
0.122908
0.168040
0.092617
0.077736
0.097962
0.135008
0.016612
0.071860
0.164402
0.105402
0.137532
0.227133
0.100453
0.123741
0.065896
0.061908
0.332727
0.058965
0.065511
0.092461
0.105641
0.065917
0.021795
0.104469
0.115625
0.091346
0.059615
0.366826
0.371935
0.275678
0.167546
0.153096
0.171363
0.346262
0.157445
0.068245
0.158000
0.222195
0.034650
0.146014
0.337802
0.177699
0.270323
0.367464
0.215593
0.378468
0.127181
0.096459
0.613807
0.101168
0.122995
0.081791
0.172228
0.093663
0.109944
0.221798
0.166289
0.140089
0.266393
0.530319
0.496486
0.462553
0.279910
0.220110
0.243464
0.454026
0.185794
0.165245
0.045695
0.147128
0.039955
0.199195
0.271492
0.234555
0.355966
0.391825
0.208359
0.563883
0.104149
0.030099
0.620594
0.176138
0.215483
0.093907
0.161194
0.098054
0.287883
0.271117
0.166965
0.140256
0.410531
0.549111
0.533461
0.447892
0.330637
0.291889
0.327237
0.473140
0.174696
0.258751
0.173759
0.078862
0.074224
0.182401
0.012417
0.343804
0.319514
0.413985
0.095914
0.551052
0.035327
0.113371
0.519218
0.222385
0.308947
0.088551
0.163828
0.129292
0.391419
0.268986
0.107738
0.231288
0.338328
0.438989
0.566127
0.288676
0.329686
0.293274
0.393279
0.440945
0.172017
0.315068
0.202967
0.110949
0.207944
0.144642
0.164646
0.444182
0.277344
0.360676
0.132473
0.434282
0.038752
0.175820
0.398308
0.207096
0.368711
0.055844
0.180014
0.079562
0.389627
0.283449
0.034426
0.281168
0.214123
0.237694
0.573620
0.162163
0.372451
0.289131
0.337180
0.300999
0.177316
0.335260
0.210165
0.100584
0.327114
0.165854
0.127674
0.379598
0.329791
0.251043
0.186359
0.349519
0.126616
0.161469
0.198979
0.144676
0.368249
0.174271
0.120006
0.067099
0.352919
0.188935
0.086940
0.259083
0.200340
0.011091
0.465220
0.194442
0.368804
0.227535
0.176764
0.072516
0.218628
0.314406
0.234012
0.097300
0.293905
0.224834
0.185309
0.256500
0.336327
0.288820
0.197101
0.282514
0.095777
0.107811
0.095494
0.169339
0.312135
0.348647
0.073288
0.152375
0.329899
0.127792
0.128120
0.210596
0.114983
0.171915
0.409133
0.292808
0.316007
0.155842
0.105811
0.124033
0.231383
0.261690
0.226593
0.122228
0.228769
0.212843
0.306071
0.154607
0.283382
0.341598
0.188177
0.241447
0.078238
0.082072
0.303590
0.325006
0.259978
0.357120
0.084282
0.155116
0.194433
0.116296
0.111439
0.159615
0.052966
0.217380
0.354095
0.264119
0.270192
0.128830
0.267204
0.171497
0.125456
0.236913
0.176640
0.129037
0.331849
0.187348
0.367123
0.072465
0.298579
0.366797
0.195437
0.165767
0.139793
0.043414
0.341688
0.396316
0.311446
0.283069
0.067452
0.128064
0.129710
0.134816
0.107268
0.084739
0.222375
0.201149
0.368472
0.186358
0.248889
0.146907
0.384180
0.160268
0.076821
0.270903
0.228200
0.048623
0.436711
0.171428
0.326949
0.034464
0.306065
0.404468
0.235746
0.222469
0.145398
0.014065
0.347496
0.344534
0.369046
0.277975
0.090162
0.140908
0.010969
0.155049
0.131105
0.053384
0.314184
0.184426
0.307317
0.198832
0.219912
0.103464
0.370519
0.238357
0.146958
0.208892
0.267807
0.214673
0.308728
0.150853
0.215273
0.031088
0.262063
0.332496
0.305966
0.329201
0.096805
0.011160
0.273412
0.214914
0.292247
0.307062
0.157073
0.180961
0.128588
0.204041
0.167855
0.013151
0.328267
0.188943
0.217847
0.280264
0.115194
0.105164
0.351063
0.321138
0.091401
0.117445
0.283280
0.253392
0.103754
0.262147
0.142446
0.123753
0.276694
0.216383
0.239515
0.272981
0.147377
0.023898
0.220085
0.050649
0.118202
0.307736
0.137293
0.173956
0.210324
0.178620
0.212002
0.192623
0.153757
0.195248
0.134976
0.216563
0.091296
0.278340
0.320896
0.330674
0.174417
0.134645
0.209299
0.159220
0.071167
0.291245
0.102592
0.143554
0.323527
0.176877
0.113051
0.154861
0.140527
0.129045
0.209102
0.184701
0.076353
0.216874
0.143795
0.129251
0.241430
0.050278
0.184237
0.330222
0.143317
0.292191
0.227515
0.092734
0.301153
0.340142
0.216084
0.269572
0.199874
0.304789
0.073375
0.035065
0.168468
0.351011
0.085481
0.140579
0.318543
0.116863
0.210238
0.153716
0.101381
0.222505
0.091886
0.317528
0.111101
0.118039
0.200812
0.186068
0.208453
0.099432
0.236933
0.299144
0.158280
0.344568
0.281435
0.031100
0.394755
0.281098
0.276980
0.197903
0.172428
0.385641
0.208323
0.172389
0.245278
0.347622
0.128710
0.057256
0.241971
0.033080
0.202644
0.150711
0.050138
0.244233
0.096481
0.375953
0.206688
0.200918
0.204750
0.225943
0.229231
0.200332
0.323895
0.175210
0.118325
0.331392
0.286168
0.064918
0.385728
0.193337
0.285482
0.064286
0.225352
0.351068
0.320744
0.353400
0.290796
0.246674
0.137411
0.092492
0.201470
0.105677
0.135854
0.127752
0.190628
0.269685
0.239308
0.357922
0.206007
0.191862
0.208161
0.206525
0.249919
0.255537
0.322138
0.114166
0.100078
0.250124
0.242767
0.046182
0.345345
0.117029
0.135541
0.054642
0.238585
0.273547
0.295336
0.389792
0.229548
0.083320
0.280656
0.172222
0.217363
0.180138
0.038705
0.179955
0.296525
0.173168
0.269176
0.343948
0.242331
0.139018
0.167750
0.178564
0.247617
0.251152
0.276282
0.169307
0.109468
0.248224
0.150292
0.085091
0.324780
0.059191
0.084295
0.104849
0.127887
0.181722
0.187260
0.213641
0.158452
0.073433
0.409281
0.220721
0.176600
0.156584
0.052968
0.309826
0.297170
0.108114
0.218930
0.332773
0.244238
0.153956
0.128523
0.166333
0.197841
0.115604
0.241703
0.211478
0.169837
0.196751
0.134210
0.213425
0.254638
0.194026
0.204040
0.188859
0.021635
0.055670
0.149900
0.095598
0.072685
0.167112
0.473577
0.250542
0.097896
0.159497
0.060265
0.248592
0.283870
0.181575
0.233467
0.281107
0.222363
0.200745
0.139098
0.188904
0.077313
0.077693
0.188235
0.292454
0.200985
0.153281
0.072862
0.279793
0.133544
0.194125
0.244229
0.216456
0.021351
0.100716
0.142220
0.197999
0.113574
0.268912
0.414638
0.238249
0.016977
0.145943
0.042592
0.175568
0.262037
0.233976
0.302433
0.199938
0.245880
0.271720
0.213907
0.165234
0.081923
0.149688
0.158764
0.262657
0.116030
0.153818
0.078644
0.204110
0.068397
0.130244
0.221621
0.225355
0.070507
0.078105
0.138048
0.212583
0.123636
0.265059
0.316547
0.172857
0.060883
0.113664
0.087745
0.163135
0.165427
0.218987
0.335514
0.255662
0.173469
0.329284
0.291508
0.052864
0.038406
0.160428
0.257078
0.175371
0.120557
0.292189
0.220460
0.114625
0.170243
0.194247
0.089486
0.167388
0.069315
0.101954
0.081908
0.290045
0.055676
0.145887
0.169735
0.123077
0.200504
0.055421
0.111976
0.191646
0.104735
0.111092
0.301732
0.344578
0.046861
0.299619
0.393385
0.059402
0.104090
0.153125
0.231363
0.190843
0.222096
0.341084
0.276385
0.052992
0.238038
0.137508
0.045370
0.094474
0.141385
0.157508
0.151339
0.365785
0.136373
0.195160
0.083980
0.128063
0.354811
0.231453
0.054283
0.283135
0.138995
0.118276
0.167297
0.383015
0.063959
0.264222
0.316429
0.107429
0.233299
0.108924
0.150662
0.257720
0.206564
0.316841
0.229021
0.053282
0.328910
0.022069
0.127408
0.051736
0.353373
0.182838
0.174354
0.338310
0.151793
0.152900
0.105509
0.152656
0.365889
0.424644
0.060600
0.311798
0.158269
0.256934
0.083803
0.411978
0.142757
0.174739
0.134033
0.073549
0.256305
0.134668
0.113034
0.256092
0.121190
0.371715
0.175293
0.190916
0.285410
0.104856
0.099357
0.126313
0.448786
0.162196
0.129754
0.319464
0.102950
0.014574
0.116024
0.339214
0.229349
0.473507
0.040831
0.271028
0.219703
0.325359
0.173967
0.380995
0.227443
0.183873
0.017223
0.012807
0.199441
0.213895
0.114463
0.091687
0.107754
0.392783
0.131298
0.276947
0.047196
0.198307
0.160478
0.183457
0.360597
0.095816
0.143979
0.272467
0.170694
0.076814
0.156754
0.363926
0.086518
0.387552
0.064650
0.236480
0.353866
0.268825
0.346254
0.260721
0.312812
0.187060
0.143123
0.140119
0.216279
0.221021
0.098093
0.093918
0.165941
0.262663
0.042714
0.351197
0.131525
0.281308
0.264841
0.187558
0.212546
0.024871
0.188323
0.215247
0.172900
0.097993
0.290799
0.287068
0.132633
0.260165
0.139501
0.149458
0.465276
0.148877
0.404697
0.109363
0.267717
0.213134
0.336721
0.304366
0.158371
0.238578
0.129795
0.190809
0.249220
0.106988
0.272050
0.358144
0.138624
0.296066
0.347435
0.209693
0.041384
0.107162
0.141241
0.155231
0.155609
0.108758
0.409527
0.127358
0.281062
0.219428
0.242708
0.162392
0.477008
0.091428
0.292212
0.138750
0.151693
0.159464
0.458437
0.321175
0.083779
0.224285
0.150579
0.190873
0.230971
0.095094
0.390503
0.335183
0.152054
0.195448
0.374524
0.183340
0.136117
0.162205
0.103868
0.122711
0.129308
0.160510
0.370741
0.020339
0.329534
0.102620
0.297786
0.158531
0.371672
0.096028
0.118291
0.165052
0.088580
0.104714
0.382632
0.223377
0.078876
0.142653
0.074629
0.138562
0.140798
0.206714
0.410467
0.349653
0.164538
0.048055
0.242731
0.107368
0.234509
0.124569
0.141799
0.337708
0.087707
0.096733
0.213040
0.121863
0.218622
0.175680
0.201521
0.093094
0.151346
0.137915
0.121639
0.167334
0.061567
0.202258
0.273005
0.108256
0.193287
0.104962
0.080047
0.196584
0.115021
0.241420
0.385052
0.215627
0.098548
0.068009
0.029312
0.064962
0.250093
0.096991
0.158360
0.495541
0.193537
0.074808
0.053577
0.254044
0.114294
0.365449
0.177934
0.086039
0.085886
0.135302
0.272299
0.221091
0.045880
0.208448
0.268509
0.174340
0.188095
0.051475
0.164893
0.285383
0.055403
0.254121
0.251260
0.225201
0.142058
0.169443
0.088207
0.017204
0.185104
0.150580
0.133440
0.499361
0.257087
0.164207
0.139381
0.263737
0.145409
0.419093
0.207790
0.233763
0.229924
0.103390
0.272219
0.243574
0.037458
0.257037
0.194583
0.183238
0.040623
0.171703
0.106129
0.276060
0.166170
0.316760
0.162620
0.354944
0.389797
0.152451
0.116942
0.055254
0.152636
0.163924
0.197583
0.339758
0.216022
0.226341
0.208368
0.188277
0.211156
0.301597
0.283025
0.269520
0.250455
0.036719
0.179861
0.221954
0.101408
0.186094
0.031760
0.169901
0.109433
0.233521
0.028624
0.259295
0.309017
0.359026
0.195422
0.492450
0.473477
0.107117
0.151544
0.089463
0.122329
0.136046
0.280427
0.195879
0.206842
0.254842
0.278529
0.191062
0.250331
0.116976
0.330597
0.216858
0.174712
0.110847
0.109913
0.202927
0.224770
0.104600
0.132708
0.227170
0.150245
0.303732
0.058527
0.295167
0.421575
0.307851
0.141935
0.510274
0.397466
0.156419
0.152118
0.085600
0.119914
0.151186
0.279959
0.083054
0.201208
0.275405
0.214793
0.185700
0.214891
0.042727
0.324831
0.149199
0.133884
0.085869
0.091132
0.108480
0.344447
0.047061
0.168578
0.211318
0.122138
0.289849
0.020192
0.274385
0.399780
0.194510
0.073793
0.484759
0.199349
0.275252
0.132577
0.076072
0.249616
0.182573
0.246278
0.180318
0.136920
0.330427
0.061794
0.097494
0.219696
0.072440
0.293813
0.227065
0.142553
0.063539
0.056188
0.100318
0.385141
0.120746
0.092083
0.101814
0.252676
0.189532
0.088850
0.097174
0.336366
0.032311
0.142030
0.473810
0.068809
0.365365
0.147102
0.054451
0.257135
0.139766
0.196648
0.331071
0.074231
0.387114
0.108378
0.095745
0.178554
0.132977
0.248106
0.204436
0.127255
0.145924
0.141593
0.203055
0.374471
0.204693
0.155075
0.256751
0.322527
0.116165
0.157392
0.131862
0.261911
0.156643
0.123899
0.430597
0.180574
0.355541
0.121973
0.034055
0.206094
0.129464
0.185679
0.317648
0.091923
0.323476
0.234559
0.037481
0.216092
0.194525
0.183680
0.152879
0.119387
0.202007
0.182127
0.159401
0.197589
0.215456
0.186545
0.325576
0.258529
0.165001
0.222548
0.184722
0.145700
0.242882
0.104008
0.476170
0.227612
0.216904
0.053649
0.060126
0.131324
0.233956
0.222486
0.242068
0.128854
0.220358
0.290271
0.062170
0.211493
0.195799
0.310849
0.257896
0.155332
0.181861
0.245966
0.062650
0.030791
0.293000
0.154871
0.217510
0.198810
0.164386
0.316346
0.192895
0.222174
0.204826
0.148583
0.435754
0.175575
0.181929
0.207618
0.096070
0.007816
0.272492
0.204891
0.191789
0.202996
0.166737
0.312894
0.124004
0.142238
0.144449
0.318727
0.289634
0.169723
0.158410
0.337658
0.122615
0.089817
0.382957
0.113512
0.097510
0.114106
0.126972
0.264332
0.182648
0.218558
0.148984
0.153174
0.443628
0.154218
0.360416
0.280680
0.145323
0.175661
0.205838
0.180393
0.184003
0.244912
0.153666
0.281344
0.083342
0.231441
0.128121
0.184115
0.149104
0.170974
0.222514
0.321000
0.230234
0.174125
0.354185
0.200651
0.249487
0.118929
0.159948
0.137916
0.206359
0.226755
0.175370
0.093369
0.396569
0.130084
0.437299
0.202573
0.223782
0.303423
0.146471
0.158801
0.185588
0.236678
0.165254
0.206700
0.185600
0.311695
0.135683
0.022521
0.127142
0.172498
0.219219
0.215015
0.178610
0.231290
0.132826
0.269855
0.263440
0.203926
0.222131
0.033047
0.262286
0.258954
0.211536
0.026442
0.425735
0.091676
0.353449
0.112983
0.241538
0.276271
0.108739
0.084589
0.177033
0.192818
0.187575
0.052609
0.304069
0.318093
0.170040
0.163019
0.211557
0.182839
0.093519
0.125558
0.119182
0.161160
0.150702
0.212657
0.274789
0.158093
0.143757
0.169104
0.245350
0.168021
0.231125
0.129683
0.392961
0.106981
0.172203
0.119931
0.267499
0.214951
0.119452
0.043118
0.078203
0.205278
0.202714
0.156853
0.362926
0.320879
0.227525
0.249763
0.196292
0.257171
0.130344
0.106093
0.133737
0.019703
0.326447
0.177677
0.234684
0.099464
0.200497
0.187215
0.128615
0.112213
0.214123
0.240688
0.285965
0.159002
0.062072
0.191645
0.242687
0.259313
0.174265
0.149270
0.047918
0.262470
0.158304
0.252892
0.353335
0.331775
0.227184
0.170533
0.090147
0.218776
0.211231
0.042267
0.125218
0.144073
0.326996
0.130442
0.148003
0.104185
0.284093
0.114718
0.135063
0.174491
0.154552
0.324141
0.181745
0.158169
0.095875
0.273539
0.085022
0.307015
0.174720
0.202596
0.076356
0.234889
0.173271
0.199488
0.144420
0.247710
0.107521
0.100836
0.050247
0.232195
0.254246
0.077634
0.204633
0.269331
0.223502
0.206236
0.097862
0.170816
0.270922
0.138964
0.297265
0.200097
0.094101
0.366250
0.068429
0.117368
0.106125
0.271526
0.149319
0.259899
0.120031
0.218646
0.126798
0.246431
0.257482
0.057827
0.128539
0.178302
0.095676
0.316648
0.074041
0.175133
0.295018
0.198168
0.285501
0.317563
0.161025
0.288396
0.147334
0.116652
0.184446
0.261573
0.412992
0.219968
0.097931
0.297084
0.065525
0.205314
0.164464
0.234340
0.320151
0.196328
0.102075
0.196726
0.154246
0.262915
0.221048
0.203311
0.243892
0.338355
0.256078
0.318151
0.145078
0.096140
0.335376
0.287385
0.248627
0.359162
0.076533
0.244288
0.220829
0.077058
0.143582
0.276499
0.391097
0.195412
0.153413
0.135736
0.096192
0.267322
0.245113
0.244685
0.298588
0.158271
0.132896
0.116422
0.019972
0.224295
0.120015
0.228852
0.217221
0.433840
0.279931
0.219082
0.180814
0.078305
0.258837
0.318971
0.192745
0.345409
0.123294
0.156925
0.304212
0.086227
0.099760
0.207295
0.175713
0.182567
0.222463
0.138329
0.196217
0.218178
0.175262
0.330920
0.230317
0.138087
0.155518
0.152637
0.193162
0.061958
0.053109
0.249694
0.106397
0.514916
0.174416
0.095763
0.105434
0.027529
0.138896
0.213336
0.181314
0.289011
0.219480
0.137132
0.337276
0.070510
0.095284
0.245335
0.104072
0.241662
0.244791
0.105704
0.263266
0.106495
0.138474
0.426453
0.215264
0.197612
0.187415
0.196286
0.271830
0.256233
0.027784
0.344381
0.062482
0.475332
0.107106
0.033866
0.061279
0.149846
0.051347
0.032466
0.066370
0.244715
0.278797
0.086989
0.290171
0.071555
0.143469
0.189779
0.297877
0.273248
0.309035
0.144402
0.298114
0.118759
0.295902
0.339498
0.225904
0.223495
0.152225
0.177235
0.223587
0.374306
0.093142
0.300931
0.082249
0.377061
0.174160
0.137078
0.256163
0.224897
0.057035
0.100516
0.116471
0.237127
0.228988
0.078490
0.250632
0.131436
0.174610
0.096838
0.359289
0.182621
0.448322
0.220664
0.279906
0.227552
0.394916
0.286496
0.237769
0.226960
0.135040
0.108087
0.227267
0.355084
0.118378
0.224651
0.055257
0.266373
0.257153
0.222829
0.311350
0.288822
0.079510
0.104701
0.235878
0.208288
0.136028
0.032996
0.115151
0.181343
0.066108
0.034869
0.332842
0.126981
0.469493
0.154976
0.195769
0.275758
0.343855
0.186178
0.237160
0.262867
0.315986
0.079664
0.274922
0.305355
0.109014
0.212230
0.128710
0.104062
0.264145
0.159969
0.291890
0.297718
0.217049
0.061822
0.290952
0.093424
0.096388
0.072106
0.136827
0.150997
0.050247
0.165426
0.247860
0.175922
0.344576
0.202869
0.079793
0.256408
0.217129
0.121684
0.141406
0.289741
0.381337
0.076981
0.268104
0.194555
0.123909
0.172193
0.130561
0.087336
0.161215
0.142279
0.191202
0.209329
0.327236
0.058703
0.293973
0.085529
0.254057
0.158720
0.306080
0.122456
0.087703
0.287582
0.136250
0.281430
0.324893
0.264216
0.095845
0.206694
0.120983
0.078322
0.110538
0.158980
0.343153
0.102307
0.227697
0.126684
0.140971
0.143749
0.123282
0.203057
0.031137
0.360542
0.107061
0.132464
0.373994
0.018168
0.235963
0.204768
0.376102
0.223534
0.318429
0.037826
0.066441
0.286936
0.203569
0.297225
0.274328
0.244724
0.146182
0.132711
0.233358
0.080797
0.374505
0.088411
0.353835
0.065413
0.169428
0.349500
0.089461
0.135993
0.138570
0.375203
0.183196
0.502683
0.160530
0.102171
0.322518
0.078724
0.177063
0.304313
0.390476
0.300166
0.249570
0.068552
0.125678
0.220124
0.354118
0.296712
0.217844
0.118854
0.105030
0.125202
0.236378
0.101301
0.533939
0.124032
0.335657
0.038150
0.080700
0.419639
0.095447
0.192269
0.208203
0.425904
0.234107
0.483437
0.131686
0.076486
0.206721
0.141985
0.117132
0.239684
0.315601
0.298435
0.237450
0.158479
0.148358
0.150296
0.353173
0.217714
0.266252
0.074330
0.005290
0.174774
0.150997
0.157471
0.523312
0.086625
0.299939
0.112787
0.208298
0.361980
0.097190
0.283760
0.209053
0.405014
0.211727
0.319595
0.053957
0.055097
0.153346
0.193035
0.069555
0.071941
0.233966
0.164448
0.189241
0.186625
0.096433
0.232692
0.297192
0.142374
0.361479
0.126308
0.117932
0.145618
0.063929
0.298549
0.311625
0.066946
0.141499
0.090958
0.282120
0.275351
0.083357
0.276405
0.170474
0.262320
0.175395
0.067926
0.114892
0.153608
0.132590
0.158340
0.115461
0.066482
0.120589
0.202704
0.042266
0.115175
0.038132
0.392309
0.270241
0.109678
0.295379
0.264398
0.231733
0.103174
0.034268
0.374080
0.209342
0.178152
0.073516
0.147898
0.294458
0.167997
0.195414
0.178380
0.157230
0.066640
0.105491
0.125349
0.273608
0.259186
0.100001
0.089757
0.064878
0.133116
0.153843
0.283547
0.275742
0.104802
0.059436
0.374029
0.166244
0.104758
0.175048
0.315578
0.278159
0.095934
0.155518
0.182953
0.314687
0.254402
0.199478
0.106169
0.265311
0.128250
0.258887
0.052322
0.157417
0.142324
0.160321
0.252202
0.300140
0.372538
0.114820
0.046614
0.197388
0.300194
0.269633
0.272012
0.287029
0.149000
0.054867
0.214994
0.122444
0.186180
0.164201
0.199707
0.256769
0.096894
0.291546
0.107854
0.364451
0.302072
0.238683
0.009184
0.226184
0.265303
0.254216
0.058646
0.226931
0.172702
0.213592
0.314074
0.200549
0.353500
0.194452
0.038231
0.176653
0.335299
0.287123
0.163837
0.183561
0.115464
0.021990
0.080275
0.185133
0.237366
0.199868
0.189044
0.208054
0.076170
0.215736
0.261431
0.339383
0.338328
0.206538
0.030075
0.151967
0.349132
0.265055
0.064755
0.360267
0.080908
0.249496
0.264239
0.103424
0.254587
0.357268
0.157870
0.129303
0.261828
0.325164
0.027148
0.176096
0.184988
0.018657
0.109205
0.246450
0.216810
0.283047
0.155228
0.174839
0.135415
0.108143
0.229165
0.360005
0.202495
0.160352
0.032092
0.093383
0.373398
0.198849
0.017276
0.349021
0.019527
0.238131
0.287615
0.217616
0.082750
0.464054
0.220253
0.108623
0.189737
0.322274
0.133054
0.207790
0.239633
0.068435
0.182844
0.330449
0.214806
0.225116
0.178186
0.191863
0.126950
0.285481
0.198403
0.353541
0.089936
0.201876
0.069508
0.048866
0.220311
0.030666
0.063862
0.270355
0.026534
0.166722
0.358958
0.332585
0.101352
0.402536
0.232933
0.082945
0.128680
0.256652
0.224670
0.148027
0.298006
0.094652
0.124814
0.294593
0.071514
0.164903
0.386349
0.151944
0.075626
0.395751
0.226367
0.189495
0.190375
0.245606
0.039052
0.096766
0.095015
0.140424
0.159773
0.234138
0.018358
0.079100
0.295922
0.294921
0.224003
0.343367
0.135024
0.066244
0.173360
0.166655
0.254329
0.027764
0.291857
0.061036
0.128662
0.127792
0.063649
0.137110
0.506856
0.102340
0.075495
0.388520
0.206544
0.133528
0.237541
0.287847
0.047362
0.223718
0.017650
0.205511
0.194389
0.293073
0.109272
0.021660
0.231092
0.131691
0.293478
0.172463
0.065184
0.095938
0.237764
0.181723
0.192160
0.063345
0.208174
0.106426
0.181963
0.054783
0.153715
0.184993
0.451107
0.084680
0.129172
0.312615
0.171394
0.275502
0.219623
0.256479
0.049549
0.243752
0.116302
0.251761
0.212979
0.328477
0.125605
0.058293
0.160395
0.073374
0.290773
0.236978
0.140983
0.112355
0.324704
0.126609
0.068464
0.069195
0.122026
0.180413
0.271425
0.125761
0.267609
0.212228
0.244004
0.233642
0.126566
0.283572
0.114815
0.334127
0.212695
0.110761
0.138180
0.184338
0.197370
0.318249
0.178823
0.254508
0.043210
0.108901
0.163519
0.110229
0.313029
0.292163
0.244359
0.052233
0.352083
0.048790
0.025185
0.085836
0.106672
0.154509
0.294043
0.129427
0.318882
0.218587
0.089313
0.278615
0.058738
0.306757
0.063145
0.304968
0.206251
0.050658
0.136118
0.091603
0.247685
0.339375
0.186534
0.159891
0.089356
0.119535
0.235090
0.195765
0.349230
0.256854
0.264451
0.127973
0.306897
0.159867
0.043117
0.171412
0.059527
0.073657
0.324591
0.173165
0.266089
0.264267
0.196113
0.107112
0.025635
0.440040
0.198581
0.264597
0.198653
0.076035
0.103216
0.047962
0.259702
0.276234
0.201264
0.174999
0.095261
0.138484
0.281816
0.277277
0.265846
0.260808
0.320660
0.208364
0.247203
0.190734
0.114346
0.245876
0.103739
0.158146
0.306574
0.203864
0.158557
0.337785
0.240867
0.119089
0.077531
0.454918
0.299743
0.158088
0.211420
0.058798
0.046922
0.146796
0.196905
0.129817
0.264956
0.419831
0.060351
0.148047
0.254252
0.258224
0.103952
0.388024
0.334610
0.224120
0.129104
0.149489
0.139884
0.380283
0.237862
0.248872
0.230312
0.135610
0.077323
0.377977
0.335214
0.170614
0.143484
0.374989
0.230619
0.067343
0.247846
0.100270
0.088665
0.235162
0.097067
0.076595
0.233154
0.520314
0.075134
0.024234
0.171431
0.159163
0.047354
0.508848
0.226313
0.199965
0.013650
0.180082
0.188515
0.308091
0.300748
0.390583
0.151304
0.060118
0.065208
0.262194
0.429277
0.181257
0.203234
0.327786
0.108548
0.120518
0.301890
0.252663
0.202969
0.139262
0.135161
0.198965
0.122941
0.522300
0.078576
0.133554
0.145169
0.225786
0.135222
0.498435
0.077011
0.168218
0.093116
0.135702
0.184309
0.208195
0.189622
0.393290
0.033656
0.028647
0.232096
0.103176
0.488898
0.168823
0.169436
0.285167
0.159775
0.084907
0.161478
0.366141
0.229887
0.042975
0.206786
0.263014
0.226563
0.484970
0.112269
0.192015
0.113106
0.242696
0.167544
0.355035
0.094362
0.110862
0.121538
0.052944
0.192011
0.188046
0.093118
0.196916
0.180071
0.124508
0.280535
0.109676
0.356069
0.142575
0.193313
0.303182
0.195169
0.127300
0.108365
0.336901
0.197400
0.113843
0.268622
0.275932
0.298278
0.373745
0.194165
0.145532
0.086516
0.184139
0.131016
0.318500
0.181555
0.051604
0.114772
0.080704
0.276318
0.177134
0.097334
0.103309
0.260155
0.202383
0.229830
0.252379
0.071868
0.097137
0.124629
0.372796
0.164977
0.176565
0.178894
0.353610
0.128382
0.145008
0.287406
0.251027
0.323104
0.195255
0.235782
0.097063
0.106143
0.094946
0.082757
0.291436
0.218231
0.072422
0.143999
0.167875
0.381271
0.162854
0.157461
0.277157
0.240721
0.274311
0.215809
0.325767
0.225172
0.091889
0.052789
0.414533
0.188400
0.216976
0.090325
0.383098
0.086233
0.162280
0.273774
0.119874
0.259154
0.051188
0.322486
0.105151
0.091347
0.081113
0.133426
0.266753
0.274850
0.166191
0.097632
0.147726
0.306569
0.164172
0.091986
0.368784
0.196624
0.339111
0.160795
0.393728
0.291261
0.087539
0.171179
0.361681
0.196214
0.232385
0.164357
0.280352
0.105582
0.126625
0.183988
0.119194
0.187096
0.110302
0.309348
0.097099
0.058513
0.199613
0.166431
0.193548
0.316637
0.228692
0.026766
0.104319
0.297911
0.149883
0.071149
0.322859
0.151978
0.314453
0.208154
0.336330
0.254252
0.129875
0.231143
0.356318
0.188499
0.184833
0.355797
0.117847
0.092883
0.097126
0.079977
0.287556
0.134867
0.175592
0.233119
0.107792
0.126175
0.148149
0.138301
0.152593
0.261869
0.163222
0.019723
0.223132
0.375046
0.060606
0.178493
0.123498
0.104690
0.198655
0.324374
0.236205
0.192700
0.177925
0.145316
0.296855
0.137842
0.141286
0.365406
0.279636
0.101951
0.075118
0.055786
0.352646
0.165827
0.216586
0.130696
0.049202
0.176072
0.128251
0.089993
0.141122
0.159347
0.086902
0.120617
0.267414
0.415806
0.131336
0.261653
0.093576
0.067382
0.104989
0.272512
0.128502
0.171257
0.195908
0.050736
0.113889
0.141192
0.083601
0.207947
0.331350
0.171076
0.036726
0.013731
0.233943
0.181054
0.277719
0.124923
0.050182
0.157010
0.123013
0.092318
0.146845
0.136940
0.079371
0.296690
0.197885
0.387732
0.226352
0.204239
0.143399
0.098479
0.088428
0.223920
0.009309
0.095631
0.144046
0.098653
0.098032
0.145993
0.058688
0.061915
0.348836
0.132558
0.132777
0.230547
0.115683
0.192970
0.279905
0.258048
0.105867
0.135942
0.076020
0.089811
0.226937
0.155038
0.044074
0.390563
0.185344
0.278348
0.175098
0.035861
0.050811
0.118471
0.208008
0.111072
0.071443
0.051928
0.161809
0.101801
0.156869
0.108770
0.146194
0.096878
0.245092
0.082749
0.180411
0.347148
0.106211
0.287162
0.200548
0.329579
0.165658
0.232699
0.024614
0.093396
0.300423
0.221666
0.073003
0.378075
0.145782
0.211653
0.296052
0.195283
0.057726
0.190469
0.324587
0.017991
0.055264
0.190893
0.137835
0.058104
0.220949
0.158848
0.277463
0.127346
0.219062
0.047833
0.164841
0.284347
0.225730
0.387303
0.081913
0.166614
0.215789
0.229748
0.080243
0.089922
0.264252
0.165727
0.163253
0.219925
0.028991
0.221614
0.413225
0.291835
0.048258
0.176259
0.290435
0.104836
0.005167
0.227583
0.063096
0.030381
0.216826
0.315274
0.342069
0.191409
0.296718
0.201888
0.186920
0.316281
0.271659
0.405513
0.064702
0.104973
0.176266
0.133331
0.114134
0.199089
0.229502
0.140019
0.166524
0.094982
0.105262
0.240578
0.399174
0.273834
0.124619
0.131599
0.114237
0.189299
0.013974
0.168639
0.044913
0.021033
0.084910
0.337170
0.281243
0.266864
0.205023
0.228193
0.188890
0.335810
0.248984
0.334585
0.152813
0.227815
0.081043
0.049179
0.176999
0.244447
0.217663
0.189073
0.115003
0.166141
0.120794
0.114259
0.297242
0.270297
0.249925
0.164170
0.051987
0.249212
0.060737
0.027577
0.059062
0.076699
0.048154
0.189510
0.155163
0.238348
0.048183
0.203892
0.160987
0.267180
0.245118
0.259397
0.199744
0.133802
0.141031
0.025460
0.205921
0.293403
0.156454
0.217622
0.156063
0.224626
0.087078
0.051916
0.222722
0.364267
0.330609
0.160058
0.153011
0.324990
0.121779
0.060205
0.059099
0.158555
0.048639
0.155475
0.125811
0.152293
0.025327
0.215380
0.113300
0.150221
0.281951
0.260143
0.231646
0.020069
0.162529
0.044619
0.241602
0.323124
0.035213
0.189819
0.152675
0.290222
0.083116
0.227963
0.147144
0.423463
0.312006
0.086924
0.259932
0.380820
0.221641
0.105982
0.130562
0.214766
0.014340
0.212372
0.114010
0.059297
0.042996
0.253106
0.083879
0.036182
0.207464
0.185803
0.304398
0.051289
0.149375
0.084896
0.317511
0.245366
0.135362
0.178437
0.081302
0.292726
0.188338
0.315355
0.067936
0.304423
0.202554
0.061954
0.348527
0.309341
0.264310
0.165231
0.220790
0.207083
0.061017
0.158791
0.100183
0.123351
0.042938
0.220842
0.065315
0.095726
0.087291
0.021446
0.363149
0.086707
0.103088
0.146952
0.374642
0.059941
0.237177
0.151775
0.039573
0.190682
0.354509
0.328016
0.065625
0.120268
0.122039
0.104376
0.335649
0.115959
0.155868
0.148189
0.299650
0.209608
0.150775
0.041040
0.122466
0.273463
0.121799
0.226763
0.040685
0.142692
0.086565
0.157814
0.273653
0.073672
0.178488
0.139848
0.305225
0.098968
0.332659
0.067000
0.075749
0.107707
0.337712
0.298157
0.087746
0.044057
0.186021
0.165542
0.222300
0.091419
0.074565
0.141162
0.244501
0.266458
0.167017
0.109333
0.120379
0.319073
0.147449
0.210422
0.126445
0.163885
0.105459
0.355881
0.075023
0.041583
0.261429
0.106401
0.243912
0.098605
0.314763
0.063581
0.082446
0.244457
0.213990
0.239959
0.076439
0.069700
0.188850
0.185340
0.067337
0.158005
0.141393
0.159433
0.123340
0.320018
0.178953
0.158460
0.142062
0.186103
0.200297
0.185176
0.234243
0.139194
0.113375
0.457405
0.167651
0.094299
0.249048
0.121191
0.179419
0.063410
0.142328
0.192022
0.072248
0.399250
0.077595
0.271045
0.040193
0.126806
0.211491
0.169717
0.147419
0.138518
0.271193
0.087280
0.050595
0.300589
0.262695
0.118221
0.113754
0.097934
0.288427
0.240017
0.248436
0.091560
0.135398
0.421512
0.347195
0.159854
0.146255
0.049677
0.220687
0.032155
0.052710
0.284964
0.114858
0.339744
0.062942
0.368915
0.110105
0.220988
0.235242
0.116563
0.274746
0.217947
0.378274
0.012269
0.082508
0.234811
0.160891
0.113231
0.156478
0.138322
0.273008
0.272501
0.245769
0.206935
0.176720
0.303437
0.425579
0.074287
0.095025
0.043730
0.202046
0.058725
0.153537
0.381532
0.128669
0.177391
0.077084
0.411345
0.087253
0.253082
0.265031
0.064951
0.337472
0.188887
0.283196
0.066128
0.118392
0.099860
0.068112
0.150552
0.196762
0.154837
0.108612
0.268956
0.386271
0.253414
0.263974
0.229458
0.351488
0.143420
0.188288
0.045554
0.168266
0.186680
0.153977
0.350667
0.096468
0.130701
0.087390
0.424980
0.043000
0.205057
0.244232
0.038940
0.320724
0.119640
0.145818
0.122147
0.135429
0.076605
0.101620
0.112531
0.186171
0.080974
0.117948
0.297325
0.450266
0.178235
0.275789
0.262147
0.283250
0.295692
0.288257
0.052041
0.217614
0.288107
0.112661
0.228237
0.060108
0.361940
0.050460
0.436401
0.133885
0.074995
0.152458
0.066631
0.222074
0.119985
0.052194
0.143104
0.190041
0.174962
0.137238
0.111177
0.109392
0.118458
0.268549
0.338131
0.376518
0.114711
0.280621
0.290155
0.246713
0.373213
0.299903
0.111534
0.298525
0.205163
0.072698
0.062922
0.050244
0.459371
0.049327
0.427223
0.147874
0.102698
0.077301
0.156203
0.080911
0.145509
